"Points:0","Points:1","Points:2"
7.87132,-5.66237,0
8.18831,-5.72484,0
5.97189,-4.58177,0
5.97073,-4.58332,0
6.09544,-4.72451,0
8.32465,-5.66336,0
8.32328,-5.65934,0
6.12175,-4.74548,0
6.72574,-5.21236,0
8.78099,-5.49529,0
6.54697,-5.20443,0
6.58294,-5.06004,0
8.77392,-5.44873,0
8.76962,-5.50037,0
8.91569,-5.52716,0
6.53366,-5.06605,0
6.56511,-5.09945,0
8.86184,-5.41753,0
6.91925,-5.26501,0
8.8673,-5.40104,0
8.82499,-5.51576,0
6.84727,-5.17719,0
6.60729,-5.15975,0
8.8217,-5.39965,0
6.6242,-5.16483,0
6.68308,-5.17139,0
6.68535,-5.09664,0
8.61376,-5.53078,0
8.87186,-5.53076,0
6.98648,-5.27322,0
6.52089,-5.02991,0
8.75066,-5.48543,0
6.70409,-5.19477,0
8.79401,-5.44908,0
6.84207,-5.23585,0
8.58955,-5.54613,0
6.51178,-5.19163,0
6.79124,-5.18103,0
6.66084,-5.24893,0
8.96777,-5.39863,0
6.78246,-5.24868,0
7.08035,-5.32473,0
6.82481,-5.2911,0
6.70095,-5.27838,0
9.0053,-5.52773,0
6.65074,-5.24324,0
8.99357,-5.29347,0
8.92945,-5.51832,0
6.66687,-5.24069,0
8.96944,-5.46528,0
8.9919,-5.38838,0
6.46181,-5.02055,0
6.4368,-5.02528,0
6.44918,-5.05313,0
6.43556,-4.98388,0
6.10116,-4.78038,0
8.32907,-5.76163,0
6.41028,-4.93229,0
6.14549,-4.78174,0
6.2649,-4.85833,0
6.07795,-4.75378,0
8.40002,-5.73347,0
6.24023,-4.90293,0
6.1183,-4.83445,0
8.44694,-5.72668,0
8.44401,-5.63209,0
8.45247,-5.71795,0
8.41863,-5.70471,0
6.35272,-4.93347,0
6.05902,-4.75879,0
8.56147,-5.70332,0
8.57163,-5.63296,0
8.54379,-5.63086,0
8.56891,-5.7222,0
6.28858,-4.98929,0
8.6708,-5.66575,0
8.66246,-5.66039,0
6.35444,-5.0544,0
8.62891,-5.66743,0
8.67898,-5.71839,0
8.48698,-5.76309,0
6.98428,-5.33259,0
9.16795,-5.29754,0
9.1758,-5.37,0
6.80993,-5.40251,0
6.8464,-5.40772,0
6.95559,-5.42312,0
6.75494,-5.4332,0
9.12596,-5.36814,0
9.07203,-5.28994,0
9.16999,-5.45451,0
9.12237,-5.44935,0
9.14526,-5.36877,0
9.10338,-5.31706,0
7.08728,-5.42907,0
7.0396,-5.419,0
6.9924,-5.34299,0
6.74647,-5.38756,0
7.08101,-5.40143,0
6.66637,-5.28253,0
6.67329,-5.34519,0
9.28283,-5.26319,0
6.87532,-5.49298,0
7.02315,-5.4603,0
9.26775,-5.17148,0
9.25331,-5.34564,0
7.15774,-5.45697,0
9.20286,-5.35375,0
6.82341,-5.4814,0
9.24546,-5.41485,0
7.00463,-5.48301,0
9.20915,-5.27991,0
9.31498,-5.19465,0
9.29518,-5.12273,0
9.32378,-5.38508,0
9.29264,-5.31102,0
9.32483,-5.1609,0
9.31538,-5.36826,0
9.29949,-5.37694,0
7.1034,-5.52827,0
7.25631,-5.51645,0
7.17584,-5.54324,0
7.25353,-5.53551,0
9.36392,-5.19773,0
7.34456,-5.53103,0
9.3565,-5.18242,0
6.5888,-5.30225,0
8.95278,-5.58676,0
9.01563,-5.56795,0
9.12575,-5.5457,0
6.45456,-5.25706,0
8.81656,-5.67248,0
9.07475,-5.56791,0
6.63757,-5.37992,0
9.15783,-5.54582,0
7.30828,-5.5432,0
9.40241,-5.2079,0
7.25176,-5.55623,0
9.37314,-5.0923,0
6.97487,-5.58629,0
9.39711,-5.36288,0
6.83725,-5.53418,0
6.27773,-5.06499,0
8.40755,-5.83312,0
8.39073,-5.80254,0
6.11856,-4.89405,0
6.11084,-4.92273,0
6.1574,-4.88872,0
6.13908,-4.9144,0
8.45223,-5.79685,0
8.19386,-5.78544,0
8.25451,-5.80929,0
8.3684,-5.83412,0
8.13681,-5.80273,0
8.1463,-5.82186,0
8.039,-5.78319,0
8.06545,-5.86734,0
8.0446,-5.82861,0
6.00175,-4.64995,0
8.03429,-5.8207,0
8.01793,-5.81679,0
7.6635,-5.6894,0
7.71216,-5.80068,0
5.94435,-4.4995,0
7.84925,-5.85273,0
7.69599,-5.75176,0
7.74123,-5.72549,0
7.44397,-5.58347,0
7.62825,-5.75918,0
7.87896,-5.8505,0
7.5519,-5.64151,0
7.46874,-5.59604,0
5.91287,-4.47559,0
5.95154,-4.53507,0
7.51571,-5.70202,0
7.77044,-5.89562,0
9.35637,-3.85427,0
7.66962,-5.81433,0
7.38928,-5.59812,0
6.03486,-4.79214,0
8.23646,-5.84715,0
6.41409,-5.24181,0
8.68748,-5.78485,0
8.73353,-5.79736,0
6.3297,-5.11581,0
6.31186,-5.16311,0
6.30944,-5.14265,0
9.125,-5.63338,0
9.16174,-5.63019,0
6.76005,-5.54365,0
9.19381,-5.61821,0
6.78081,-5.56498,0
8.76933,-5.70454,0
6.39438,-5.29407,0
8.77799,-5.703,0
6.47311,-5.28493,0
6.62747,-5.3611,0
6.62233,-5.35884,0
6.4911,-5.41731,0
6.53829,-5.39289,0
6.63818,-5.44925,0
6.65012,-5.43203,0
8.91286,-5.72818,0
6.60778,-5.46026,0
6.55779,-5.49357,0
7.20304,-5.60679,0
7.2611,-5.61155,0
6.98858,-5.61371,0
7.13174,-5.60794,0
6.88905,-5.63392,0
7.22791,-5.60229,0
7.222,-5.60952,0
9.27093,-5.54686,0
7.09826,-5.67697,0
7.17178,-5.66428,0
9.22745,-5.64872,0
7.43876,-5.66826,0
6.91006,-5.69266,0
7.05597,-5.68674,0
6.82683,-5.69564,0
7.26057,-5.7216,0
7.06968,-5.71308,0
9.35509,-5.50428,0
7.00929,-5.69766,0
9.40092,-5.54512,0
7.4062,-5.69636,0
7.32354,-5.68522,0
7.13101,-5.72799,0
7.17721,-5.7458,0
9.46474,-5.47684,0
7.40195,-5.71487,0
9.42014,-5.29269,0
9.4604,-5.08409,0
9.49451,-5.42205,0
7.45271,-5.79178,0
9.50355,-5.39123,0
7.15356,-5.83153,0
9.49352,-5.35403,0
7.36328,-5.79429,0
7.40229,-5.78781,0
9.46345,-4.9907,0
7.51592,-5.87243,0
7.44713,-5.89645,0
7.57697,-5.88096,0
9.59274,-5.22247,0
9.56536,-4.88412,0
9.54949,-4.85698,0
9.49598,-4.68349,0
9.68859,-5.11812,0
9.60541,-5.00617,0
9.70689,-5.23544,0
9.6319,-5.23608,0
7.39617,-5.84682,0
9.41474,-4.3614,0
7.58981,-5.83799,0
9.62117,-5.21265,0
9.57356,-5.08713,0
9.67068,-5.23575,0
9.6069,-4.96565,0
9.44915,-4.33331,0
9.49321,-4.42098,0
7.37424,-5.81404,0
7.391,-5.92966,0
9.48979,-4.48623,0
9.60609,-4.97932,0
9.65267,-5.24802,0
9.66254,-4.87509,0
9.43988,-4.35911,0
9.39482,-4.1571,0
9.59716,-5.23254,0
9.71647,-5.148,0
9.42344,-4.44972,0
9.59152,-5.07727,0
9.58637,-5.13904,0
9.48929,-4.79929,0
9.62977,-5.05065,0
9.55422,-4.46063,0
9.41945,-4.02297,0
9.8119,-5.00375,0
9.4566,-4.11788,0
9.69238,-4.76535,0
9.60641,-4.41081,0
9.56868,-4.44384,0
9.64345,-4.64228,0
9.45617,-4.09522,0
9.75599,-5.05068,0
9.76895,-4.91085,0
9.67805,-4.815,0
9.66684,-4.6224,0
7.56855,-5.93151,0
9.57053,-4.19952,0
9.48766,-4.01593,0
9.73008,-4.67501,0
9.718,-4.53165,0
9.79902,-4.85661,0
9.81603,-4.93046,0
9.86847,-4.94082,0
7.64583,-5.98028,0
9.68292,-4.50779,0
7.76347,-5.90772,0
9.79104,-4.69545,0
9.41672,-3.89601,0
9.88797,-4.97171,0
9.72565,-4.5436,0
9.83274,-4.78626,0
9.77936,-4.65369,0
9.92508,-4.96654,0
9.49308,-3.98844,0
9.60469,-4.19581,0
7.90822,-5.95736,0
9.8882,-4.82538,0
9.6591,-4.32412,0
9.88486,-4.78216,0
9.67098,-4.33549,0
7.84852,-5.98597,0
9.54474,-4.08164,0
9.72599,-4.4367,0
9.92398,-4.82392,0
9.76257,-4.46657,0
9.92222,-4.76882,0
9.88932,-4.70089,0
9.8653,-4.6502,0
7.93844,-5.96223,0
9.9497,-4.83597,0
9.74085,-4.38455,0
9.84576,-4.44549,0
9.84959,-4.53371,0
9.94712,-4.72321,0
9.50651,-3.89884,0
9.51772,-3.95179,0
10.0031,-4.76296,0
9.93955,-4.65159,0
9.82514,-4.52466,0
9.90788,-4.71125,0
9.59371,-4.0877,0
9.89292,-4.52126,0
8.27711,-5.90995,0
9.93401,-4.40694,0
9.77174,-4.26178,0
9.97634,-4.57883,0
9.58521,-3.96484,0
10.0281,-4.56656,0
9.92008,-4.52085,0
9.52442,-3.81624,0
9.58421,-3.95517,0
8.19179,-5.95615,0
9.96665,-4.64757,0
10.0315,-4.64374,0
9.92751,-4.38013,0
10.094,-4.66359,0
9.54888,-3.85481,0
8.13217,-5.93993,0
9.8177,-4.37185,0
9.7178,-4.09371,0
9.76933,-4.24371,0
9.84985,-4.40108,0
9.97113,-4.50829,0
9.80665,-4.35532,0
9.88729,-4.47314,0
9.97665,-4.60882,0
9.95057,-4.55065,0
9.90442,-4.29795,0
8.14455,-6.02618,0
8.11928,-6.07263,0
9.9526,-4.35304,0
8.32198,-5.92521,0
8.32864,-5.91569,0
8.23905,-5.9984,0
7.80164,-6.05956,0
7.84191,-6.04945,0
9.34738,-5.60344,0
9.35988,-5.60784,0
6.86989,-5.71172,0
9.12402,-5.67577,0
6.70171,-5.59746,0
9.1236,-5.69525,0
6.73804,-5.59158,0
9.09831,-5.75419,0
9.01375,-5.78939,0
6.75131,-5.70062,0
8.53167,-5.84395,0
8.7676,-5.89485,0
8.48401,-5.84368,0
6.54279,-5.46875,0
6.52656,-5.45622,0
8.72016,-5.85992,0
6.62913,-5.65329,0
8.88489,-5.79648,0
6.63215,-5.63845,0
6.60037,-5.56913,0
6.58631,-5.60778,0
9.04964,-5.80182,0
9.10942,-5.81099,0
9.16451,-5.7045,0
6.74607,-5.72599,0
6.78771,-5.74003,0
9.27157,-5.68787,0
6.85668,-5.78268,0
9.27797,-5.69279,0
6.967,-5.832,0
9.40898,-5.60469,0
9.51794,-5.47207,0
7.28726,-5.868,0
9.55817,-5.32493,0
9.58299,-5.38123,0
7.26405,-5.8547,0
7.30012,-5.93954,0
7.34581,-5.86129,0
9.57293,-5.32183,0
7.34589,-5.90862,0
7.34159,-5.86519,0
7.20133,-5.97884,0
8.54096,-5.95186,0
8.73878,-6.00509,0
8.54601,-5.94353,0
6.56117,-5.51683,0
8.60813,-5.94353,0
8.45116,-5.92703,0
6.38488,-5.3246,0
6.35667,-5.39134,0
6.22033,-5.16997,0
6.22451,-5.1874,0
6.04628,-5.05489,0
6.14817,-5.09203,0
6.13137,-4.97809,0
8.33175,-5.98372,0
8.36331,-5.98068,0
8.31632,-6.01778,0
6.07858,-4.95685,0
8.38775,-6.05774,0
6.31346,-5.27131,0
8.44166,-5.97621,0
6.11983,-5.17424,0
6.10028,-5.21654,0
8.44499,-5.99767,0
8.39272,-6.1295,0
8.39343,-6.02989,0
8.43242,-5.9933,0
8.38926,-6.01619,0
8.44307,-6.02104,0
6.18123,-5.3272,0
6.27292,-5.30385,0
8.55867,-6.00332,0
8.58275,-6.0604,0
6.30515,-5.49618,0
8.71509,-6.06006,0
8.69645,-6.03888,0
8.70241,-6.02581,0
8.72685,-6.0497,0
8.63927,-6.04264,0
6.58461,-5.5405,0
8.77911,-5.96511,0
6.41062,-5.59758,0
8.87038,-5.92163,0
6.54023,-5.6342,0
8.84787,-5.97043,0
8.83022,-5.95839,0
6.5284,-5.65872,0
6.59175,-5.66031,0
8.89341,-5.95241,0
9.02783,-5.86683,0
6.58416,-5.68398,0
6.7131,-5.73431,0
9.01832,-5.87158,0
6.61082,-5.69854,0
9.02524,-5.92693,0
6.12728,-5.28909,0
6.14181,-5.31,0
6.22411,-5.35705,0
8.44639,-6.13046,0
8.45133,-6.12884,0
8.49437,-6.14861,0
6.20613,-5.4402,0
7.95686,-6.03725,0
6.03689,-5.24512,0
7.94372,-6.07251,0
8.08148,-6.19468,0
7.72373,-6.01416,0
7.92715,-6.07926,0
6.00294,-5.12985,0
6.08824,-4.89512,0
8.10403,-6.22454,0
8.16959,-6.22593,0
5.94891,-5.00726,0
5.99028,-4.95032,0
5.95022,-5.07761,0
7.59348,-6.00535,0
6.01451,-4.96596,0
7.66182,-6.03134,0
6.04601,-4.92489,0
7.89575,-6.12569,0
7.53931,-6.09996,0
7.77576,-6.12391,0
5.80028,-4.7986,0
7.77546,-6.20139,0
7.63978,-6.03982,0
5.8991,-4.70743,0
7.64116,-6.03893,0
5.94233,-4.85546,0
7.72102,-6.23013,0
7.72421,-6.2251,0
7.50055,-6.02439,0
7.7222,-6.11187,0
7.5566,-6.02308,0
5.97177,-4.80416,0
7.75385,-6.14315,0
5.93467,-4.75143,0
5.92877,-4.73737,0
5.89052,-4.78923,0
7.32967,-6.00259,0
5.83217,-4.67186,0
5.84962,-4.49611,0
7.6006,-6.16468,0
5.78559,-4.57855,0
7.4351,-6.08149,0
7.48962,-6.16359,0
9.63443,-3.83551,0
7.30836,-6.04147,0
5.74169,-4.55891,0
5.79988,-4.52312,0
7.55145,-6.22879,0
5.72112,-4.63828,0
5.77615,-4.68407,0
5.72359,-4.62191,0
5.85863,-4.62402,0
7.36467,-6.07788,0
7.31079,-6.03214,0
5.95233,-4.97626,0
7.99984,-6.27072,0
5.92833,-5.0018,0
7.86476,-6.22424,0
5.90294,-5.04434,0
7.89509,-6.18874,0
7.86085,-6.20681,0
5.81374,-4.89654,0
8.2093,-6.28197,0
7.85757,-6.28793,0
7.8732,-6.30978,0
8.54131,-6.16868,0
8.63199,-6.17788,0
6.34652,-5.61847,0
6.30917,-5.57584,0
8.52251,-6.17904,0
6.3528,-5.6473,0
6.45497,-5.71891,0
6.40399,-5.67816,0
6.3645,-5.7012,0
6.50687,-5.71114,0
8.58925,-6.20182,0
6.24398,-5.55301,0
8.39345,-6.20483,0
6.22204,-5.45783,0
8.53107,-6.22913,0
6.15239,-5.40404,0
8.37748,-6.2516,0
8.40735,-6.24918,0
6.64469,-5.79151,0
6.30585,-5.69892,0
6.46029,-5.86757,0
6.44108,-5.82629,0
6.72277,-5.8697,0
6.48113,-5.83132,0
6.44191,-5.84152,0
8.86898,-6.03567,0
6.76598,-5.82638,0
6.92413,-5.89768,0
6.70524,-5.86331,0
8.91037,-6.01841,0
8.93371,-5.99693,0
6.68114,-5.82234,0
8.88961,-6.13737,0
7.07261,-5.92967,0
6.96905,-5.92826,0
6.80929,-5.84879,0
6.77838,-5.88445,0
7.05307,-5.93098,0
6.67764,-5.87449,0
8.86869,-6.15923,0
8.50879,-6.27751,0
6.3989,-5.79843,0
6.23774,-5.68015,0
6.236,-5.68399,0
8.35,-6.31794,0
6.11419,-5.53671,0
8.11816,-6.25288,0
8.2872,-6.31823,0
7.09497,-5.9589,0
6.95658,-5.93758,0
6.20146,-5.69516,0
6.68241,-6.00163,0
6.5087,-5.96596,0
6.73741,-5.92669,0
7.02076,-5.99824,0
6.75213,-5.96297,0
7.02045,-5.98768,0
8.96244,-6.0151,0
7.24741,-6.01879,0
7.05382,-6.0326,0
6.52266,-5.9591,0
6.78744,-5.92938,0
6.66134,-5.91606,0
8.93361,-6.15077,0
6.79579,-5.93332,0
9.00337,-5.97357,0
8.98704,-5.99166,0
7.08964,-6.00565,0
6.73252,-5.96512,0
6.9854,-6.03304,0
6.76095,-6.05926,0
6.73362,-6.03272,0
6.97392,-6.05757,0
9.05133,-5.99346,0
6.8432,-6.05712,0
7.23863,-6.08106,0
9.05673,-5.88678,0
7.17106,-6.08226,0
9.0672,-6.02186,0
9.06915,-5.99588,0
6.93792,-6.08995,0
9.11344,-5.8735,0
9.11169,-5.85434,0
7.31638,-6.08742,0
9.12069,-5.9918,0
9.13264,-5.86319,0
6.68392,-6.09809,0
6.95731,-6.0854,0
7.04267,-6.10565,0
7.01922,-6.12451,0
6.8557,-6.12949,0
9.1709,-6.03785,0
7.27325,-6.11265,0
6.71663,-6.14357,0
6.9708,-6.11932,0
9.16394,-5.78991,0
9.07679,-6.12904,0
7.01103,-6.14198,0
7.05522,-6.14037,0
7.00079,-6.14405,0
8.03231,-6.24327,0
8.48688,-6.32887,0
8.57215,-6.31069,0
8.51509,-6.28758,0
8.49785,-6.28622,0
6.29492,-5.7724,0
8.57649,-6.3473,0
8.49177,-6.33634,0
6.19991,-5.75567,0
6.12557,-5.58921,0
8.0277,-6.34352,0
8.01742,-6.38833,0
8.24944,-6.35052,0
6.01474,-5.37337,0
6.07178,-5.55839,0
5.98984,-5.37647,0
7.65518,-6.21041,0
8.11413,-6.29092,0
7.80511,-6.29924,0
6.10603,-5.57724,0
7.95893,-6.34136,0
6.00846,-5.38175,0
5.99205,-5.48367,0
8.17639,-6.35143,0
6.13786,-5.57309,0
6.03666,-5.39419,0
8.042,-6.30443,0
6.0319,-5.50046,0
8.04558,-6.3889,0
6.01978,-5.4632,0
8.30493,-6.40978,0
8.285,-6.3546,0
8.34164,-6.41254,0
8.37658,-6.38212,0
8.2922,-6.35791,0
8.36881,-6.36005,0
8.92356,-6.18401,0
7.17493,-6.14142,0
7.81989,-6.34522,0
8.02162,-6.43359,0
5.92848,-5.3009,0
7.62644,-6.24708,0
7.62941,-6.22872,0
7.8609,-6.32977,0
7.89912,-6.39331,0
7.80911,-6.32284,0
5.96261,-5.37519,0
5.99319,-5.57338,0
8.28764,-6.45378,0
8.16485,-6.45267,0
7.3942,-6.16957,0
9.23076,-5.79863,0
9.53542,-5.70116,0
9.60139,-5.58297,0
7.26636,-6.38837,0
9.35845,-5.70559,0
9.44389,-5.69089,0
9.60645,-5.6296,0
7.58022,-6.32574,0
7.57404,-6.37689,0
9.2066,-5.81488,0
7.30355,-6.34679,0
7.45459,-6.34321,0
7.36431,-6.39633,0
7.34609,-6.18125,0
9.60207,-5.52765,0
9.46788,-5.60805,0
9.5966,-5.51688,0
7.24594,-6.23402,0
9.19265,-5.80565,0
7.57606,-6.36316,0
7.55039,-6.26741,0
9.49254,-5.61023,0
7.29805,-6.34499,0
7.62215,-6.30243,0
7.48562,-6.25378,0
9.55111,-5.58179,0
9.51782,-5.58999,0
9.47722,-5.66309,0
7.47828,-6.28824,0
9.49259,-5.5418,0
7.51134,-6.34098,0
9.50846,-5.53588,0
9.48513,-5.71105,0
9.55988,-5.58568,0
7.25482,-6.23642,0
7.6315,-6.31941,0
7.2154,-6.24276,0
9.60409,-5.27335,0
7.55762,-6.44042,0
9.6121,-5.51519,0
9.61714,-5.3035,0
9.71934,-5.54867,0
9.66765,-5.58678,0
7.69074,-6.38447,0
7.58854,-6.38503,0
7.51393,-6.46149,0
7.59671,-6.44201,0
9.57642,-5.71389,0
7.26137,-6.46431,0
9.68957,-5.31789,0
9.75141,-5.41441,0
7.83224,-6.38615,0
9.78638,-5.30577,0
7.70222,-6.52824,0
7.73811,-6.45774,0
9.68342,-5.26487,0
7.64279,-6.45928,0
9.85394,-5.25513,0
9.78188,-5.20867,0
9.81138,-5.18102,0
7.88374,-6.49476,0
9.87746,-5.23907,0
7.94132,-6.48019,0
7.98282,-6.45976,0
9.82933,-5.20492,0
9.90571,-5.229,0
9.8779,-5.16912,0
9.82445,-5.2552,0
7.8741,-6.52878,0
9.88999,-5.26057,0
7.76736,-6.49888,0
9.92363,-5.25079,0
7.73397,-6.52789,0
7.89712,-6.58642,0
7.9323,-6.56958,0
7.93162,-6.53949,0
8.02416,-6.49817,0
7.7249,-6.58141,0
7.68897,-6.56497,0
7.12164,-6.19628,0
9.27745,-5.84198,0
7.09676,-6.4706,0
9.45444,-5.82592,0
9.19866,-5.90237,0
9.45807,-5.83254,0
7.15813,-6.43215,0
9.36704,-5.81675,0
9.47314,-5.80865,0
7.14631,-6.2122,0
7.11311,-6.1781,0
9.46145,-5.8529,0
7.14809,-6.36053,0
7.07438,-6.21343,0
7.09264,-6.18073,0
7.06934,-6.26338,0
7.04994,-6.41173,0
9.36363,-5.93743,0
7.19997,-6.51381,0
7.17197,-6.51653,0
9.27532,-6.06432,0
6.95682,-6.30529,0
9.23337,-6.07021,0
7.02166,-6.3193,0
6.941,-6.40561,0
6.99726,-6.34864,0
6.90975,-6.24806,0
9.32351,-6.05564,0
9.31111,-6.02406,0
6.87098,-6.21258,0
7.00352,-6.38371,0
6.95851,-6.35807,0
6.8676,-6.27897,0
6.87321,-6.40204,0
9.21656,-6.1381,0
6.76879,-6.24862,0
9.1057,-6.1458,0
9.17503,-6.13896,0
6.83355,-6.36895,0
6.77841,-6.19904,0
9.39375,-6.01022,0
6.95901,-6.47859,0
9.37471,-5.99627,0
6.99864,-6.4716,0
6.42198,-5.86272,0
6.43543,-6.16826,0
6.41721,-6.12052,0
6.71794,-6.2161,0
8.84563,-6.36577,0
6.57983,-6.14248,0
6.49626,-6.05989,0
6.5075,-6.07944,0
6.51822,-6.10312,0
6.47907,-5.91233,0
8.60133,-6.31133,0
6.41447,-6.14016,0
6.53787,-6.06991,0
6.45632,-5.93748,0
8.67828,-6.33229,0
6.49412,-6.11064,0
6.43799,-6.14402,0
6.457,-6.14875,0
6.65263,-6.16472,0
6.43498,-5.87106,0
8.7142,-6.30761,0
6.38931,-6.01871,0
6.3824,-5.86403,0
6.38732,-5.92457,0
6.3611,-6.11193,0
6.38695,-5.90259,0
8.74706,-6.41296,0
8.62606,-6.39056,0
8.45731,-6.38656,0
8.57676,-6.46131,0
6.28044,-5.93539,0
6.28818,-5.88993,0
6.36096,-5.85278,0
6.33881,-5.88673,0
6.26983,-5.93264,0
6.34263,-6.08452,0
6.34057,-5.99798,0
6.27053,-5.90776,0
8.43116,-6.44056,0
6.71825,-6.22951,0
6.73214,-6.27189,0
8.87146,-6.2589,0
8.90641,-6.35603,0
9.13022,-6.15518,0
9.27495,-6.12095,0
7.06908,-6.51781,0
7.07044,-6.51735,0
7.03364,-6.52383,0
7.11692,-6.51699,0
7.60038,-6.48308,0
7.51179,-6.51003,0
7.13073,-6.55331,0
7.16858,-6.53015,0
7.29684,-6.57248,0
7.44756,-6.53631,0
7.37594,-6.48784,0
8.18877,-6.5189,0
6.04039,-5.98957,0
6.16604,-5.80039,0
6.12131,-5.70532,0
6.12918,-5.87448,0
6.11272,-5.87812,0
6.08547,-5.8216,0
6.2412,-5.96789,0
8.40053,-6.46504,0
6.26975,-5.8744,0
8.34264,-6.54142,0
6.05046,-5.76489,0
5.97465,-5.7706,0
6.04909,-5.83393,0
8.13404,-6.58333,0
8.13879,-6.62866,0
5.99425,-5.64489,0
5.97314,-5.79931,0
8.12163,-6.55788,0
5.95496,-5.77087,0
6.05023,-5.67734,0
5.99682,-5.79558,0
8.11056,-6.57747,0
5.93535,-5.80117,0
6.02289,-5.78724,0
8.39699,-6.64397,0
8.39643,-6.61445,0
5.89113,-5.86384,0
5.91725,-5.86935,0
7.96836,-6.60547,0
8.09476,-6.63385,0
5.89791,-5.85991,0
7.9806,-6.65577,0
8.10298,-6.68515,0
5.88884,-5.79207,0
7.91642,-6.60874,0
7.88135,-6.63655,0
8.03465,-6.65167,0
8.3499,-6.66059,0
8.44154,-6.65005,0
6.08073,-6.0143,0
8.32079,-6.70913,0
8.68864,-6.51909,0
8.73688,-6.51354,0
6.72772,-6.31065,0
6.47429,-6.32722,0
6.34334,-6.32435,0
6.49456,-6.32858,0
8.68899,-6.50644,0
6.43583,-6.29891,0
6.40918,-6.26387,0
6.68846,-6.34204,0
6.53524,-6.32484,0
6.32049,-6.26085,0
6.33759,-6.15127,0
8.4896,-6.52854,0
6.30774,-6.18519,0
8.55807,-6.54124,0
8.51425,-6.57109,0
8.54909,-6.54682,0
8.51312,-6.64371,0
8.45806,-6.61996,0
6.1813,-6.12196,0
6.2387,-6.20624,0
8.57874,-6.64789,0
8.56857,-6.59414,0
6.48781,-6.36332,0
6.48054,-6.35688,0
6.77245,-6.42294,0
6.66469,-6.43434,0
6.64275,-6.45112,0
6.72025,-6.45379,0
8.8922,-6.43114,0
6.57855,-6.41008,0
8.48215,-6.66881,0
6.09349,-6.20186,0
6.2079,-6.22983,0
6.10136,-6.20881,0
8.24039,-6.72618,0
7.61775,-6.53574,0
5.97502,-6.02343,0
6.01561,-6.05521,0
7.53526,-6.52862,0
8.20811,-6.71557,0
5.89583,-5.96305,0
8.13945,-6.78059,0
7.96692,-6.6887,0
8.22916,-6.78998,0
7.71563,-6.61754,0
8.03886,-6.72994,0
5.92631,-5.95405,0
8.26921,-6.77854,0
5.96438,-6.02328,0
5.91882,-6.02752,0
7.82115,-6.6787,0
7.72445,-6.7302,0
8.03473,-6.76882,0
7.69121,-6.70308,0
5.88163,-5.58541,0
7.54435,-6.63955,0
5.75639,-5.82203,0
7.96958,-6.81286,0
7.46405,-6.57296,0
5.82108,-5.62902,0
7.65715,-6.7077,0
5.85116,-5.62862,0
7.70144,-6.71983,0
7.63136,-6.69211,0
7.84937,-6.69232,0
7.9965,-6.75171,0
7.83258,-6.72868,0
5.80284,-5.70734,0
5.79533,-5.80347,0
7.87055,-6.73206,0
5.7469,-5.71472,0
7.84062,-6.83383,0
7.86734,-6.80866,0
7.7863,-6.82841,0
5.7702,-5.7056,0
7.81139,-6.81466,0
5.86041,-5.52995,0
5.83036,-5.4999,0
7.86725,-6.86381,0
7.55429,-6.68752,0
5.73491,-5.74175,0
7.4629,-6.68501,0
5.83743,-5.93816,0
5.6545,-5.61543,0
5.62315,-5.66932,0
5.88815,-5.27865,0
5.63743,-5.58002,0
7.71159,-6.8776,0
7.61584,-6.7663,0
7.70157,-6.86678,0
7.65273,-6.83716,0
7.45491,-6.69849,0
5.7833,-5.49522,0
5.90202,-5.23841,0
7.3225,-6.67729,0
5.80654,-5.24263,0
5.6727,-5.4683,0
7.6061,-6.87512,0
5.87353,-5.1394,0
5.76493,-5.13742,0
5.79974,-5.05425,0
5.72307,-5.17714,0
5.79959,-5.16583,0
5.5446,-5.47769,0
5.63532,-5.38019,0
5.58,-5.48697,0
7.24434,-6.7245,0
7.03859,-6.582,0
5.83241,-5.01488,0
5.83887,-5.04736,0
5.7212,-5.23328,0
5.52928,-5.51405,0
7.08301,-6.59759,0
5.64602,-5.73551,0
6.90413,-6.50901,0
7.4795,-6.92185,0
7.50723,-6.94517,0
5.80794,-5.03465,0
5.67608,-5.18696,0
7.06077,-6.66691,0
6.85419,-6.51814,0
7.30343,-6.85108,0
7.37011,-6.94422,0
7.0088,-6.63984,0
5.78584,-5.00269,0
6.89873,-6.56646,0
7.08352,-6.69955,0
5.69378,-5.19072,0
5.73258,-5.06248,0
5.48211,-5.42431,0
5.58649,-5.32838,0
5.73227,-5.04912,0
7.24166,-6.83832,0
7.21391,-6.75873,0
5.90256,-6.02198,0
5.8627,-6.03317,0
7.98112,-6.88934,0
5.55502,-5.67313,0
5.58989,-5.70171,0
5.91954,-6.21213,0
8.11007,-6.81285,0
5.89437,-6.15062,0
8.18751,-6.83103,0
6.08174,-6.21941,0
5.89985,-6.1394,0
8.1934,-6.83482,0
6.11839,-6.26908,0
8.28529,-6.81434,0
5.96655,-6.2192,0
6.04057,-6.14147,0
8.09491,-6.85592,0
6.42413,-6.44623,0
8.42942,-6.7744,0
8.44989,-6.69945,0
8.40945,-6.71393,0
6.18955,-6.32751,0
6.57498,-6.48733,0
8.54493,-6.75163,0
6.31452,-6.43882,0
6.35929,-6.46298,0
8.37847,-6.75682,0
6.57888,-6.51863,0
6.63539,-6.51589,0
8.5515,-6.78474,0
6.37296,-6.39255,0
6.48773,-6.48568,0
6.57202,-6.49788,0
8.50006,-6.78441,0
6.47674,-6.50429,0
6.4195,-6.4805,0
6.73361,-6.51015,0
6.218,-6.42082,0
8.53408,-6.77626,0
6.14111,-6.3909,0
6.33449,-6.39572,0
6.20669,-6.37012,0
8.4627,-6.77268,0
5.86273,-6.09335,0
8.13056,-6.89209,0
6.05737,-6.31508,0
8.41303,-6.8491,0
8.39491,-6.86316,0
8.39508,-6.82053,0
5.55296,-5.70966,0
6.90137,-6.59012,0
7.56325,-6.95307,0
5.4293,-5.46576,0
6.83336,-6.57826,0
7.17354,-6.80703,0
5.45615,-5.54437,0
5.51431,-5.54478,0
6.99829,-6.67985,0
7.03106,-6.70683,0
7.27341,-6.96551,0
7.4055,-6.95077,0
7.29091,-6.92673,0
6.8363,-6.56467,0
7.22634,-6.90139,0
6.86675,-6.60814,0
6.76032,-6.55389,0
7.26253,-6.91362,0
6.97693,-6.65762,0
7.27159,-7.00413,0
7.02112,-6.78476,0
6.70588,-6.54112,0
6.70292,-6.54141,0
6.99452,-6.78804,0
5.50533,-5.19658,0
7.07108,-6.89429,0
5.67662,-4.99159,0
5.52466,-5.23614,0
5.43798,-5.29398,0
5.65891,-5.02789,0
5.54007,-5.17548,0
6.7676,-6.62932,0
9.79646,-4.06443,0
5.47678,-5.23233,0
5.49939,-5.25429,0
5.48523,-4.93053,0
5.42629,-4.9893,0
5.52016,-4.96402,0
7.02927,-6.90403,0
5.41053,-5.14894,0
6.91609,-6.87022,0
5.70119,-4.8987,0
6.62305,-6.57832,0
5.52609,-5.12937,0
6.7862,-6.67019,0
5.57071,-5.06677,0
5.36472,-5.18637,0
5.71427,-4.80657,0
5.39953,-5.24889,0
7.01762,-6.90416,0
6.94026,-6.90766,0
5.58105,-4.89651,0
5.61321,-4.99978,0
5.45949,-5.11741,0
5.57801,-4.92433,0
6.90653,-6.76661,0
5.71221,-4.72647,0
5.59797,-4.8473,0
5.36369,-5.21917,0
5.54209,-5.09822,0
5.4582,-5.01307,0
5.38845,-5.13668,0
5.7073,-4.73712,0
6.66914,-6.72344,0
6.67745,-6.69251,0
6.72619,-6.73421,0
5.40616,-4.94102,0
6.653,-6.65061,0
6.74165,-6.75,0
5.29623,-5.06312,0
6.53395,-6.54027,0
5.29531,-5.07402,0
6.68301,-6.73135,0
5.47505,-4.90218,0
6.64341,-6.69841,0
6.6485,-6.66749,0
5.33578,-5.03817,0
6.59404,-6.69677,0
6.65354,-6.73247,0
5.29956,-4.96228,0
6.64501,-6.78495,0
5.30484,-4.95575,0
5.57351,-4.74676,0
6.4818,-6.58156,0
7.02409,-6.97572,0
5.32748,-5.24399,0
5.29444,-4.89282,0
6.41904,-6.55444,0
5.50047,-4.75669,0
6.46435,-6.62688,0
6.61627,-6.76146,0
6.68328,-6.86824,0
5.53027,-4.7498,0
7.04827,-6.98341,0
7.04598,-7.0583,0
5.34961,-5.32122,0
5.3765,-5.42563,0
7.02912,-7.03287,0
5.33012,-5.33223,0
6.88801,-6.98895,0
6.49378,-6.69138,0
6.51239,-6.7661,0
5.22886,-4.87909,0
5.53526,-4.6516,0
6.52609,-6.78602,0
5.56891,-4.68436,0
6.5488,-6.75271,0
6.43793,-6.66326,0
5.61854,-4.61451,0
5.38761,-4.77931,0
5.27818,-4.89405,0
6.64112,-6.92816,0
5.48274,-4.62155,0
5.33378,-4.72072,0
5.39519,-4.72574,0
6.40651,-6.66352,0
6.42873,-6.77316,0
5.21114,-4.72425,0
5.59604,-4.47322,0
5.71817,-4.42304,0
5.70639,-4.45473,0
5.22426,-4.72056,0
5.72203,-4.49368,0
5.62496,-4.51379,0
5.36035,-4.6518,0
6.36249,-6.58932,0
5.37387,-4.66852,0
5.66353,-4.4439,0
6.42812,-6.81261,0
6.46075,-6.72256,0
5.32093,-4.76875,0
5.34206,-4.69168,0
5.61245,-4.49994,0
6.32294,-6.59526,0
5.43008,-4.48753,0
6.28903,-6.62476,0
6.2157,-6.4873,0
5.25288,-4.53171,0
5.3925,-4.48363,0
6.21191,-6.56814,0
5.791,-4.32433,0
6.19716,-6.57345,0
5.64337,-4.38339,0
6.23326,-6.58838,0
5.86084,-4.28001,0
6.32756,-6.75872,0
5.29785,-4.61047,0
5.69053,-4.37498,0
5.49798,-4.49242,0
6.36977,-6.75594,0
5.25271,-5.20438,0
5.46001,-5.62016,0
5.45337,-5.6283,0
7.13171,-7.04822,0
7.11752,-7.01522,0
5.45767,-5.61465,0
5.50899,-5.6266,0
7.23014,-7.00583,0
7.23373,-7.07019,0
7.16071,-7.08627,0
7.03537,-7.1023,0
6.95113,-7.0256,0
5.82562,-6.2822,0
5.82225,-6.26213,0
7.96317,-7.12785,0
7.85557,-7.08556,0
7.96184,-6.93485,0
5.75267,-6.10114,0
5.7105,-6.18143,0
7.72338,-6.94877,0
5.66026,-6.20996,0
7.79626,-6.97876,0
7.98018,-7.00339,0
5.79735,-6.15444,0
7.97555,-7.05848,0
7.93973,-6.94486,0
5.74366,-6.07275,0
7.73311,-7.04466,0
7.79018,-6.94885,0
5.89469,-6.21114,0
7.67009,-7.00389,0
7.95355,-6.93618,0
5.98361,-6.31618,0
7.75568,-6.98321,0
5.72202,-6.09021,0
5.82774,-6.26808,0
5.65538,-6.21876,0
5.89052,-6.34298,0
5.93668,-6.34652,0
5.7684,-6.29499,0
8.0563,-6.97108,0
6.04365,-6.42311,0
5.71609,-6.31177,0
5.74758,-6.30222,0
5.75644,-6.31648,0
6.14605,-6.51181,0
5.80698,-6.39653,0
8.12956,-7.00102,0
7.64353,-7.04582,0
7.62402,-7.0512,0
5.62841,-5.85736,0
7.66397,-7.10245,0
5.65311,-6.08622,0
7.5208,-7.01947,0
7.68155,-7.17102,0
7.66374,-7.15711,0
5.63429,-6.08075,0
7.64103,-7.02159,0
7.68951,-7.04575,0
7.46036,-6.9794,0
5.63685,-5.83968,0
5.5377,-5.97856,0
5.52396,-5.93409,0
7.56913,-7.09454,0
5.5497,-5.92411,0
7.44085,-6.98965,0
7.42376,-6.96599,0
7.18615,-7.15676,0
7.19492,-7.14367,0
5.53103,-5.81253,0
5.31058,-5.63223,0
7.40733,-7.18429,0
5.43647,-5.75328,0
7.45704,-7.08369,0
5.46284,-5.82649,0
5.4184,-5.78905,0
7.41134,-7.14827,0
7.41958,-7.06422,0
7.42165,-7.12319,0
5.45762,-5.81547,0
7.41683,-7.14698,0
6.92128,-7.04109,0
7.07378,-7.07484,0
7.087,-7.12345,0
7.03842,-7.11438,0
7.55434,-7.14377,0
7.72251,-7.16387,0
5.62962,-6.13013,0
5.64516,-6.16293,0
7.43014,-7.20263,0
5.4539,-5.92198,0
7.48562,-7.18507,0
5.42608,-5.93424,0
5.39608,-5.96482,0
7.79973,-7.0899,0
5.51709,-6.17714,0
5.59144,-6.208,0
5.61861,-6.21247,0
7.77739,-7.1906,0
8.49867,-6.85221,0
6.21284,-6.68699,0
6.07567,-6.59579,0
8.26587,-6.93527,0
8.29223,-6.89825,0
8.37412,-7.02207,0
6.26328,-6.74456,0
6.05122,-6.72181,0
8.37421,-6.94353,0
6.13599,-6.58211,0
6.19313,-6.68959,0
6.16432,-6.54468,0
8.32358,-6.91973,0
8.30586,-6.97385,0
6.09168,-6.66524,0
8.46362,-6.81035,0
6.11603,-6.51159,0
6.16377,-6.73974,0
8.34528,-6.92731,0
8.1932,-6.99987,0
6.19992,-6.5995,0
6.20512,-6.65859,0
8.30223,-7.00097,0
5.98889,-6.5056,0
6.00926,-6.54434,0
8.17316,-7.064,0
5.8609,-6.49684,0
5.94977,-6.48229,0
8.10386,-7.14216,0
5.97366,-6.47073,0
5.98124,-6.53444,0
8.14377,-7.11208,0
5.77413,-6.51307,0
5.98287,-6.49741,0
6.00122,-6.51367,0
8.00266,-7.18131,0
7.93138,-7.15054,0
7.94387,-7.19115,0
5.69227,-6.35816,0
5.65051,-6.39363,0
7.98722,-7.23621,0
5.66241,-6.30268,0
7.83352,-7.19876,0
5.64995,-6.32579,0
5.64014,-6.36905,0
5.70064,-6.48975,0
8.22045,-7.06895,0
5.92707,-6.59189,0
5.92784,-6.62015,0
5.89729,-6.60265,0
5.84275,-6.60812,0
5.98771,-6.71732,0
8.39818,-7.06402,0
8.29638,-7.08886,0
6.31806,-6.7962,0
8.24117,-7.08587,0
5.96853,-6.70364,0
8.2678,-7.04737,0
8.3814,-7.13271,0
7.14235,-7.248,0
7.19059,-7.24907,0
5.3357,-5.83965,0
5.31298,-5.74174,0
7.16612,-7.26724,0
7.20824,-7.2453,0
6.96037,-7.10754,0
5.25703,-5.79378,0
7.19342,-7.22638,0
7.12994,-7.18311,0
6.79708,-7.01692,0
6.86329,-7.07202,0
6.98196,-7.14544,0
6.93412,-7.15239,0
6.79846,-7.16848,0
6.71761,-6.96621,0
5.23226,-5.57292,0
6.85855,-7.17135,0
6.96002,-7.18393,0
6.78468,-7.07276,0
6.92978,-7.17067,0
6.92427,-7.21974,0
6.78782,-7.10165,0
6.62487,-7.00171,0
5.20576,-5.50271,0
6.63874,-6.93874,0
6.8504,-7.14471,0
6.84298,-7.13631,0
6.50837,-6.86712,0
6.77259,-7.05716,0
5.2449,-5.44748,0
5.28882,-5.54977,0
6.82996,-7.16134,0
6.85585,-7.26514,0
7.0607,-7.24726,0
7.01777,-7.23232,0
5.30756,-5.6861,0
5.26992,-5.65952,0
6.97118,-7.21476,0
7.16151,-7.32017,0
7.16244,-7.34451,0
7.17769,-7.35677,0
5.22335,-5.76539,0
7.3655,-7.2563,0
5.43484,-6.03778,0
7.30293,-7.33939,0
5.42316,-6.11519,0
7.31569,-7.30166,0
5.58887,-6.24294,0
5.31181,-5.99,0
5.33653,-6.02843,0
7.30901,-7.26478,0
5.58119,-6.22656,0
7.28813,-7.28836,0
7.51495,-7.32363,0
7.47563,-7.26999,0
5.54679,-6.24932,0
5.36028,-6.17313,0
7.47172,-7.32251,0
5.48314,-6.18419,0
5.59022,-6.29606,0
5.59214,-6.27737,0
5.44792,-6.17583,0
7.56494,-7.28651,0
7.48957,-7.34431,0
7.50393,-7.32552,0
7.61576,-7.2956,0
7.57748,-7.31388,0
5.93239,-6.78879,0
8.20465,-7.32617,0
8.23376,-7.12217,0
6.02928,-6.81204,0
8.10438,-7.27449,0
6.37484,-6.88976,0
7.9244,-7.27222,0
6.15867,-6.82634,0
7.9947,-7.30545,0
8.20114,-7.19885,0
6.42668,-6.8662,0
5.86437,-6.80931,0
8.24508,-7.14841,0
8.11527,-7.33188,0
5.85352,-6.73263,0
6.25583,-6.86189,0
5.92294,-6.77112,0
6.06949,-6.79993,0
8.07551,-7.25684,0
8.0497,-7.28512,0
7.93881,-7.28396,0
6.55113,-6.97303,0
5.82094,-6.76396,0
6.09486,-6.88997,0
6.59297,-7.01236,0
8.31156,-7.28173,0
8.24955,-7.19573,0
6.04608,-6.93737,0
8.29862,-7.20299,0
5.95089,-6.89477,0
8.32771,-7.16278,0
5.96496,-6.84389,0
6.77901,-7.19918,0
6.49907,-7.09157,0
6.56363,-7.26883,0
8.81308,-6.75636,0
8.79276,-6.72234,0
8.52437,-6.93148,0
8.78455,-6.79272,0
6.50883,-7.10482,0
6.78563,-7.26307,0
8.8341,-6.95568,0
6.71238,-7.1961,0
6.63333,-7.26308,0
8.80768,-6.82111,0
6.65733,-7.20599,0
6.73848,-7.22971,0
8.91311,-6.86095,0
8.84036,-6.70578,0
8.75651,-6.8036,0
8.90602,-6.51107,0
8.78503,-6.64644,0
8.77575,-6.63938,0
6.47157,-7.02806,0
6.62464,-7.07864,0
8.52823,-6.89479,0
6.55008,-7.04262,0
8.69756,-6.80981,0
8.68125,-6.7662,0
8.67839,-6.84703,0
6.5983,-7.25005,0
8.81779,-6.62507,0
8.80494,-6.82715,0
8.5325,-6.84579,0
6.60933,-7.07502,0
8.76624,-6.71053,0
6.52519,-7.03089,0
6.70162,-7.24619,0
8.65162,-6.7656,0
8.85366,-6.91454,0
8.7568,-6.96666,0
8.90216,-6.89722,0
8.74437,-6.63112,0
8.60963,-6.7428,0
8.53142,-6.97123,0
6.34386,-7.09723,0
8.43323,-7.16957,0
8.57336,-7.15179,0
6.24069,-7.06212,0
6.23583,-7.05064,0
8.63338,-7.18514,0
6.45631,-7.09816,0
8.6221,-7.07923,0
6.22036,-7.05002,0
8.44805,-7.12123,0
6.17189,-7.03582,0
6.35009,-7.05299,0
6.26223,-6.99233,0
8.53855,-7.06155,0
8.43492,-7.08477,0
8.47257,-7.13224,0
5.68356,-6.60379,0
7.65518,-7.33397,0
7.83284,-7.31669,0
7.69302,-7.35936,0
5.75889,-6.64793,0
5.64932,-6.53837,0
5.61816,-6.6506,0
5.70387,-6.52244,0
5.74355,-6.59653,0
5.71097,-6.51719,0
7.93307,-7.33238,0
7.6685,-7.26614,0
7.65952,-7.29339,0
7.97283,-7.41764,0
5.72358,-6.71436,0
5.61675,-6.4787,0
7.8569,-7.45648,0
7.74726,-7.41265,0
7.65091,-7.37624,0
5.54484,-6.50323,0
7.77285,-7.4765,0
7.85955,-7.46479,0
7.85872,-7.46745,0
5.86748,-6.85719,0
8.21884,-7.31627,0
6.0037,-6.94348,0
6.07758,-6.98883,0
8.28619,-7.34947,0
5.89115,-6.94409,0
5.84521,-6.94469,0
6.01976,-6.97391,0
6.09515,-7.01509,0
5.99769,-7.00603,0
8.37177,-7.30205,0
6.10908,-7.02996,0
5.90579,-7.02462,0
8.11079,-7.35677,0
8.18619,-7.40888,0
5.76085,-6.8321,0
8.18083,-7.38812,0
8.2136,-7.38503,0
8.06521,-7.40558,0
5.86178,-7.00087,0
6.35756,-7.21342,0
8.48856,-7.23703,0
6.26915,-7.17105,0
6.12105,-7.10702,0
6.12178,-7.09634,0
6.43897,-7.17379,0
6.22343,-7.15868,0
6.11969,-7.2089,0
6.43526,-7.22148,0
8.65095,-7.12936,0
6.33166,-7.21847,0
8.63981,-7.11276,0
6.48767,-7.25341,0
6.32968,-7.31201,0
6.36024,-7.28355,0
6.35522,-7.28966,0
6.429,-7.28238,0
6.44819,-7.37949,0
6.76783,-7.2964,0
6.46144,-7.33589,0
6.41676,-7.35872,0
6.35121,-7.36559,0
5.70445,-3.78041,0
6.97986,-7.35022,0
9.01353,-6.8337,0
5.68071,-3.67834,0
7.25417,-7.35857,0
8.95552,-6.67348,0
5.70015,-3.91973,0
5.70187,-3.8788,0
5.74516,-3.96982,0
5.77075,-3.90648,0
5.68659,-3.67785,0
8.9853,-6.8415,0
7.09632,-7.32161,0
5.66896,-3.6675,0
6.73658,-7.44065,0
5.75583,-3.65403,0
6.85327,-7.38294,0
5.81168,-4.18748,0
9.00669,-6.79372,0
6.95545,-7.40038,0
5.69464,-3.90292,0
8.99318,-6.73794,0
8.94786,-6.58637,0
6.77021,-7.47971,0
5.68939,-3.7362,0
6.75388,-7.4954,0
6.99858,-7.47925,0
5.71489,-4.23417,0
9.00441,-6.42659,0
5.70618,-4.17225,0
5.72628,-4.26666,0
9.07672,-6.73589,0
6.84985,-7.56416,0
9.07439,-6.65044,0
8.99325,-6.44766,0
5.71524,-4.15152,0
5.62663,-3.83017,0
6.93658,-7.54466,0
7.1378,-7.4732,0
5.56287,-3.98918,0
5.70094,-4.18544,0
7.05501,-7.49351,0
5.64896,-4.05944,0
5.66414,-4.2864,0
9.00437,-6.43456,0
8.99982,-6.62855,0
5.61695,-4.08547,0
9.01268,-6.42721,0
5.65891,-3.868,0
6.90654,-7.51526,0
9.01267,-6.63106,0
5.67931,-3.98606,0
5.6241,-3.91411,0
6.83022,-7.5437,0
7.27425,-7.38856,0
6.82259,-7.53747,0
7.19563,-7.41963,0
5.57579,-3.89208,0
7.00542,-7.51808,0
6.80165,-7.58277,0
7.00787,-7.43799,0
7.21467,-7.40133,0
5.56598,-3.87235,0
6.83819,-7.52658,0
6.83698,-7.49186,0
6.89633,-7.54437,0
5.63321,-3.90678,0
8.9503,-6.26827,0
8.9874,-6.67199,0
9.00839,-6.41659,0
6.96826,-7.55435,0
9.0931,-6.52739,0
9.00606,-6.25959,0
9.11599,-6.5963,0
7.18707,-7.4748,0
5.55715,-4.11542,0
9.1648,-6.71574,0
9.08194,-6.48806,0
8.96994,-6.20011,0
8.97299,-6.2147,0
5.51847,-3.94111,0
9.07239,-6.49596,0
6.7818,-7.57146,0
5.58599,-3.77871,0
7.27337,-7.47571,0
5.46758,-3.98767,0
5.51665,-4.1839,0
5.59218,-4.27122,0
5.5471,-4.13529,0
5.49188,-4.02955,0
5.50862,-4.13023,0
9.10423,-6.41821,0
6.98901,-7.60327,0
5.46543,-4.04507,0
7.2201,-7.51787,0
5.5078,-4.13572,0
9.01559,-6.24957,0
5.53047,-4.23683,0
5.57658,-4.29624,0
7.0047,-7.5792,0
7.11177,-7.51701,0
9.101,-6.47901,0
9.15252,-6.31544,0
7.43795,-7.50438,0
9.12782,-6.23845,0
5.50231,-4.38665,0
9.21133,-6.28859,0
9.10893,-6.3153,0
7.26132,-7.54385,0
9.14269,-6.26806,0
7.17632,-7.64689,0
9.19708,-6.33384,0
7.42493,-7.49522,0
5.44119,-4.3088,0
5.45816,-4.21189,0
7.30909,-7.55797,0
5.41367,-4.07342,0
9.30624,-6.49914,0
5.3857,-4.14949,0
5.4162,-4.13388,0
9.28884,-6.5229,0
7.29548,-7.51718,0
5.38306,-4.36527,0
8.62367,-7.24653,0
8.63655,-7.2179,0
6.19653,-7.37052,0
8.6362,-7.22628,0
8.5441,-7.25809,0
6.32787,-7.40732,0
6.26494,-7.37017,0
6.17946,-7.32751,0
6.2314,-7.36018,0
6.00035,-7.07475,0
5.71883,-7.02303,0
8.07275,-7.47801,0
8.08099,-7.4481,0
6.00055,-7.10738,0
8.10804,-7.50332,0
5.75804,-7.04611,0
5.94305,-7.06642,0
5.75403,-7.00649,0
7.66449,-7.44527,0
7.98971,-7.48644,0
8.0685,-7.44659,0
7.95044,-7.51709,0
5.60202,-6.88213,0
5.51675,-6.79797,0
7.58042,-7.45222,0
5.51643,-6.82071,0
7.66091,-7.47384,0
7.53211,-7.49073,0
5.6227,-6.76148,0
5.52353,-6.84552,0
7.76134,-7.5321,0
5.69125,-6.88454,0
7.70843,-7.59139,0
5.52584,-6.60742,0
7.4899,-7.53804,0
5.4783,-6.79581,0
7.484,-7.56593,0
5.49501,-6.80988,0
5.43815,-6.49142,0
5.43926,-6.50517,0
5.45134,-6.51034,0
5.52596,-6.5038,0
5.44377,-6.70958,0
7.40072,-7.5961,0
5.41175,-6.67442,0
5.43653,-6.4234,0
5.4793,-6.40855,0
5.43033,-6.42019,0
5.37662,-6.52348,0
5.3872,-6.47646,0
5.2953,-6.62556,0
7.46282,-7.67083,0
5.4078,-6.38827,0
7.41586,-7.67529,0
7.45069,-7.70243,0
5.31321,-6.52352,0
5.31644,-6.31265,0
5.36004,-6.3144,0
5.32057,-6.33713,0
5.26192,-6.42656,0
5.26182,-6.38177,0
7.21927,-7.65142,0
5.29487,-6.22493,0
5.19124,-6.43481,0
7.23294,-7.72687,0
7.24355,-7.71014,0
7.2011,-7.70283,0
7.10103,-7.64338,0
5.26096,-6.24529,0
5.26296,-6.22358,0
5.28259,-6.19756,0
7.01536,-7.64416,0
7.07144,-7.66372,0
5.48813,-6.91209,0
5.49421,-6.92152,0
5.66482,-6.96832,0
5.65539,-6.95531,0
5.6771,-7.00288,0
5.60493,-6.99805,0
5.5729,-6.96926,0
5.6801,-7.02535,0
7.79843,-7.69858,0
5.51739,-6.89543,0
5.57433,-7.05625,0
7.95404,-7.55341,0
5.98464,-7.13876,0
7.94062,-7.52153,0
5.97616,-7.15275,0
7.91982,-7.56891,0
7.99996,-7.5591,0
7.98749,-7.6238,0
5.45569,-6.84091,0
6.12763,-7.31365,0
5.88868,-7.31153,0
5.79947,-7.27203,0
5.84924,-7.24645,0
6.09798,-7.34777,0
5.81211,-7.30267,0
6.06405,-7.21172,0
6.08698,-7.28301,0
5.97238,-7.24472,0
5.94536,-7.32336,0
6.17579,-7.33673,0
8.21572,-7.56402,0
8.22947,-7.53082,0
5.57327,-7.01899,0
7.94214,-7.67268,0
7.93242,-7.66808,0
5.49931,-7.03054,0
5.52059,-7.01473,0
8.00679,-7.65122,0
5.69752,-7.28384,0
5.72834,-7.26241,0
8.15082,-7.57653,0
5.76865,-7.28833,0
8.11077,-7.59422,0
6.38473,-7.44507,0
5.87852,-7.3394,0
6.30851,-7.44919,0
6.50688,-7.42465,0
8.31849,-7.49432,0
6.09348,-7.3958,0
6.33841,-7.4394,0
6.14622,-7.4099,0
5.90967,-7.41934,0
6.10227,-7.43838,0
7.86426,-7.70488,0
5.49328,-7.07874,0
7.88165,-7.71521,0
7.75576,-7.72932,0
5.6741,-7.26023,0
5.6036,-7.18626,0
7.91184,-7.77184,0
7.6031,-7.70539,0
7.64236,-7.71895,0
7.67025,-7.72397,0
7.65911,-7.79454,0
7.73409,-7.75719,0
5.41372,-7.0611,0
7.70344,-7.75957,0
7.73375,-7.76646,0
7.69748,-7.79499,0
6.40258,-7.45727,0
5.85745,-7.37804,0
5.79875,-7.3358,0
5.76119,-7.31191,0
8.13221,-7.67349,0
8.13276,-7.66534,0
6.03213,-7.45267,0
5.9834,-7.54126,0
8.38287,-7.28454,0
6.55146,-7.51123,0
6.32971,-7.53334,0
8.39397,-7.35439,0
8.24516,-7.57435,0
5.99752,-7.44076,0
6.13535,-7.51605,0
6.45645,-7.53241,0
8.37827,-7.35719,0
6.11852,-7.44293,0
6.01227,-7.50786,0
6.58968,-7.51398,0
7.81163,-7.81038,0
5.61794,-7.22769,0
5.81079,-7.43375,0
5.84539,-7.39599,0
8.27887,-7.65595,0
5.83348,-7.46652,0
5.83091,-7.42171,0
5.87443,-7.48928,0
5.79278,-7.47879,0
6.62111,-7.57491,0
6.05839,-7.58072,0
5.95024,-7.55108,0
6.65133,-7.60274,0
6.38883,-7.58067,0
6.32881,-7.57782,0
5.87138,-7.54724,0
6.21412,-7.56987,0
5.95826,-7.56445,0
6.46347,-7.59364,0
6.44194,-7.59555,0
7.97528,-7.76519,0
8.1112,-7.78096,0
5.54748,-7.23881,0
5.58173,-7.26674,0
5.59054,-7.23146,0
6.89915,-7.62048,0
5.63126,-7.28892,0
6.94774,-7.63941,0
7.53125,-7.80766,0
7.5767,-7.81191,0
7.64773,-7.86403,0
7.39047,-7.77938,0
7.54083,-7.85828,0
6.82266,-7.64439,0
5.3483,-7.0592,0
6.79874,-7.64519,0
6.74122,-7.62631,0
5.35894,-6.96246,0
5.40403,-6.96366,0
6.73088,-7.60838,0
7.58865,-7.90299,0
7.55755,-7.91036,0
6.90304,-7.66316,0
7.57862,-7.92186,0
5.36298,-7.14509,0
7.69012,-7.90356,0
5.3543,-7.14482,0
5.36665,-6.73019,0
5.27625,-6.92066,0
5.31964,-6.82842,0
5.30452,-6.8459,0
5.32931,-6.76444,0
5.28383,-6.7955,0
5.36767,-6.89655,0
6.82167,-7.70172,0
6.87154,-7.70755,0
7.24743,-7.90309,0
5.41046,-6.75242,0
5.32881,-6.90412,0
7.12431,-7.77573,0
7.27388,-7.90176,0
7.32501,-7.89545,0
7.39286,-7.95773,0
6.82902,-7.69562,0
6.75681,-7.69033,0
7.57992,-7.96066,0
7.61295,-7.97502,0
5.26082,-6.65093,0
5.21559,-6.71612,0
6.76809,-7.70832,0
5.25184,-6.67609,0
6.98095,-7.80435,0
6.78991,-7.72791,0
7.18689,-7.90856,0
6.81698,-7.73838,0
7.11559,-7.91087,0
6.96709,-7.86943,0
5.12961,-6.79473,0
7.13724,-7.93801,0
7.07043,-7.93007,0
6.51359,-7.64992,0
5.15281,-6.48132,0
5.13405,-6.58308,0
5.13309,-6.50931,0
6.66258,-7.77741,0
4.99211,-6.64425,0
5.13362,-6.48407,0
7.00014,-7.91272,0
6.76059,-7.81745,0
5.0666,-6.60093,0
5.03966,-6.67164,0
6.52524,-7.62731,0
6.84232,-7.87859,0
5.0999,-6.64603,0
5.10129,-6.7249,0
5.14034,-6.59306,0
6.75092,-7.807,0
5.14442,-6.66286,0
6.83186,-7.87104,0
5.21809,-6.57007,0
6.40252,-7.61013,0
6.90582,-7.94987,0
5.04485,-6.53614,0
6.75495,-7.84882,0
6.78301,-7.86648,0
5.44496,-7.28714,0
7.76394,-7.92312,0
7.77896,-7.92964,0
5.47135,-7.29446,0
5.62356,-7.35869,0
5.45839,-7.21357,0
5.30403,-7.04233,0
7.52382,-7.99386,0
7.49442,-7.97553,0
5.49577,-7.33435,0
7.68185,-7.99136,0
5.40123,-7.19325,0
5.34646,-7.16911,0
5.31829,-7.20948,0
7.67911,-7.99281,0
5.54235,-7.37319,0
5.18336,-7.01826,0
5.15131,-6.98141,0
7.31036,-8.0155,0
5.17666,-7.018,0
7.29694,-8.0753,0
7.23399,-8.06995,0
7.79128,-8.02177,0
6.29052,-7.61772,0
5.53166,-7.40196,0
7.52573,-8.02818,0
5.73435,-7.55268,0
5.98437,-7.66856,0
5.85399,-7.61658,0
5.79934,-7.52493,0
6.24427,-7.68783,0
6.15285,-7.67361,0
8.15729,-7.79316,0
6.14322,-7.62985,0
6.36425,-7.64911,0
6.2964,-7.64151,0
6.33803,-7.70783,0
5.78439,-7.67226,0
5.96494,-7.64986,0
8.0268,-7.81404,0
8.20002,-7.74116,0
8.01559,-7.84527,0
5.95373,-7.60101,0
5.75402,-7.5876,0
8.16984,-7.72264,0
5.86711,-7.67447,0
5.82377,-7.52273,0
6.22136,-7.62851,0
6.12447,-7.63552,0
5.93168,-7.60159,0
6.09252,-7.61006,0
5.8327,-7.61683,0
6.10138,-7.61228,0
6.36458,-7.66837,0
8.15612,-7.69758,0
8.07959,-7.79051,0
5.71737,-7.56964,0
7.95182,-7.87345,0
5.69298,-7.62575,0
6.38615,-7.74018,0
8.06655,-7.89064,0
8.15715,-7.89289,0
5.63985,-7.45273,0
5.47658,-7.41014,0
7.81759,-7.98704,0
5.64297,-7.48268,0
5.56544,-7.43251,0
7.00086,-8.05076,0
7.14131,-8.15529,0
7.14385,-8.06036,0
7.17,-8.09565,0
7.14874,-8.08172,0
6.99865,-8.04084,0
6.58704,-7.77229,0
6.77273,-7.93643,0
6.75587,-7.9228,0
6.58675,-7.79483,0
7.1319,-8.06441,0
6.77504,-7.89651,0
5.19728,-7.12379,0
5.28791,-7.15292,0
5.21602,-7.15567,0
7.43694,-8.05416,0
5.27397,-7.19905,0
5.19271,-7.2024,0
5.17835,-7.14217,0
6.43963,-7.78631,0
5.00388,-6.89704,0
6.82652,-7.97983,0
7.00548,-8.1061,0
6.62477,-7.88649,0
5.05216,-6.83477,0
5.07487,-6.82267,0
6.87931,-8.04071,0
6.55282,-7.8849,0
7.07429,-8.18022,0
6.67222,-7.96467,0
5.07823,-7.0325,0
5.06186,-6.98996,0
5.06491,-6.96812,0
7.17887,-8.19841,0
4.95215,-6.81998,0
6.3864,-7.80665,0
6.59469,-7.9199,0
6.52462,-7.91233,0
6.79681,-8.0702,0
6.50644,-7.86915,0
6.53546,-7.9151,0
6.54308,-7.92891,0
5.00616,-6.7435,0
6.83108,-8.08972,0
6.51037,-7.88291,0
6.75455,-8.04682,0
6.96022,-8.15988,0
5.30936,-7.36736,0
7.62494,-8.15755,0
7.5788,-8.16293,0
7.50281,-8.11022,0
5.40543,-7.4316,0
5.41944,-7.50868,0
7.72852,-8.13982,0
5.49516,-7.52274,0
7.75065,-8.10618,0
5.34361,-7.49283,0
5.49843,-7.49548,0
5.44145,-7.47568,0
7.6676,-8.07637,0
5.57417,-7.52288,0
7.73636,-8.10866,0
5.5309,-7.54272,0
5.60228,-7.58404,0
6.13001,-7.7653,0
5.55191,-7.55899,0
6.23391,-7.76428,0
7.90835,-8.01515,0
6.33485,-7.79247,0
7.97806,-8.01712,0
5.55419,-7.59951,0
7.92534,-8.00866,0
5.47182,-7.55858,0
5.45622,-7.55282,0
7.81939,-8.06605,0
7.80683,-8.11018,0
7.5175,-8.17314,0
5.11753,-7.1595,0
7.30339,-8.24764,0
5.14712,-7.16359,0
5.13944,-7.17025,0
5.20998,-7.23763,0
5.16304,-7.23503,0
7.06276,-8.22139,0
7.11721,-8.20899,0
7.12516,-8.25033,0
7.08409,-8.23232,0
5.02249,-6.94905,0
4.95202,-6.85081,0
6.8158,-8.17125,0
6.2677,-7.79475,0
6.67136,-8.05064,0
4.95056,-6.86116,0
6.78556,-8.15961,0
6.47563,-7.91499,0
6.83981,-8.19,0
6.96362,-8.27993,0
4.99258,-6.92199,0
6.8287,-8.25879,0
6.58394,-8.06919,0
4.91553,-6.76371,0
4.97147,-6.63623,0
6.56068,-8.01511,0
6.45885,-7.98543,0
4.97198,-6.53888,0
6.58873,-8.12228,0
6.33839,-7.93435,0
5.06819,-6.43277,0
5.06177,-6.47175,0
4.94626,-6.54934,0
6.65412,-8.14108,0
4.987,-6.52647,0
5.06463,-6.43976,0
5.08604,-6.39239,0
6.42763,-7.98624,0
6.57502,-8.08973,0
6.47663,-8.06442,0
6.63865,-8.20557,0
4.82699,-6.62255,0
6.27707,-7.90063,0
6.28384,-7.91721,0
5.10624,-6.31155,0
6.50461,-8.10334,0
5.19823,-6.18391,0
5.0563,-6.34178,0
4.92409,-6.5692,0
6.61905,-8.20801,0
6.52514,-8.13946,0
5.17396,-6.20371,0
6.18104,-7.81766,0
5.18575,-6.18654,0
5.12421,-6.29869,0
6.3146,-7.9544,0
6.78406,-8.26059,0
4.79603,-6.52645,0
5.26153,-6.08908,0
6.04183,-7.75144,0
4.80631,-6.51572,0
4.84199,-6.56807,0
6.19752,-7.90461,0
4.88281,-6.42672,0
5.13875,-6.2231,0
4.91626,-6.47746,0
6.60519,-8.2198,0
5.07652,-6.2744,0
5.11408,-6.23464,0
6.48451,-8.11784,0
6.55643,-8.23767,0
5.1422,-6.22024,0
5.17294,-6.18851,0
4.86805,-6.81125,0
5.21713,-7.32702,0
7.25118,-8.25257,0
5.16898,-7.31114,0
5.43133,-7.55234,0
5.37772,-7.53035,0
7.64452,-8.19935,0
5.30153,-7.44615,0
5.28624,-7.44814,0
8.00448,-8.0332,0
5.71726,-7.70401,0
5.67505,-7.79132,0
5.7018,-7.69635,0
5.98271,-7.79757,0
5.67153,-7.75907,0
5.9,-7.78579,0
8.0425,-7.93953,0
5.99184,-7.82283,0
6.04084,-7.80555,0
7.93132,-8.1618,0
5.53368,-7.67547,0
7.75743,-8.13659,0
4.94109,-6.92837,0
4.89427,-6.90264,0
4.93021,-6.95818,0
6.92472,-8.3481,0
4.87988,-6.88437,0
4.85517,-6.8207,0
6.7609,-8.31552,0
5.09838,-7.16432,0
5.07876,-7.12007,0
4.97076,-7.02653,0
7.04293,-8.3854,0
5.08477,-7.17573,0
6.61573,-8.24837,0
4.86347,-6.78467,0
6.30006,-8.03423,0
6.22716,-7.98555,0
6.13329,-7.9111,0
6.24667,-8.02791,0
6.46892,-8.18571,0
4.83728,-6.71973,0
6.35613,-8.12099,0
6.59996,-8.28883,0
6.39951,-8.12411,0
6.25838,-8.05915,0
6.31778,-8.11458,0
6.07865,-7.92197,0
4.75474,-6.57158,0
6.37508,-8.23347,0
4.7291,-6.58154,0
6.14704,-8.00771,0
6.32685,-8.16085,0
4.74226,-6.59275,0
6.51081,-8.31627,0
6.39557,-8.2031,0
6.25689,-8.07511,0
6.03949,-7.93623,0
5.21516,-5.8743,0
4.89423,-6.19929,0
6.23272,-8.11334,0
5.15122,-6.03935,0
5.1449,-5.99272,0
5.03044,-5.92428,0
5.22879,-5.96885,0
4.85826,-6.34485,0
4.95544,-6.05432,0
5.1906,-6.05992,0
6.13747,-8.04834,0
5.2347,-6.05125,0
4.70123,-6.21925,0
6.06549,-7.96481,0
5.18223,-5.94409,0
5.95856,-7.97015,0
4.93515,-6.01422,0
4.99459,-6.19341,0
6.12822,-8.00368,0
5.13248,-6.03027,0
5.13687,-6.02596,0
4.77986,-6.20848,0
4.9603,-6.14503,0
6.02529,-8.08058,0
5.0769,-6.05879,0
5.07193,-6.19738,0
6.0715,-8.09107,0
4.70305,-6.21006,0
6.11973,-8.17975,0
5.9259,-8.01114,0
4.89454,-6.05059,0
5.22392,-5.78418,0
4.90373,-6.27199,0
5.08806,-5.98489,0
4.77885,-6.11505,0
5.14654,-6.08922,0
5.0824,-6.0888,0
4.70242,-6.09931,0
5.94301,-8.07073,0
5.11805,-5.81994,0
5.85499,-7.94199,0
4.80271,-6.06237,0
5.83632,-7.92157,0
4.97355,-5.94319,0
4.84809,-6.45161,0
4.83302,-6.93136,0
4.87507,-6.96037,0
4.85038,-6.89812,0
6.81712,-8.41586,0
4.90411,-6.95435,0
7.71561,-8.172,0
7.71674,-8.30496,0
5.47985,-7.67116,0
7.68693,-8.19867,0
5.44887,-7.75334,0
5.35725,-7.69388,0
7.52324,-8.26413,0
7.69557,-8.306,0
5.35269,-7.60491,0
7.61552,-8.26395,0
5.46805,-7.63203,0
5.3198,-7.71643,0
5.34298,-7.72017,0
6.94898,-8.35833,0
5.07255,-7.22827,0
5.18536,-7.3267,0
5.05362,-7.27605,0
7.03719,-8.40578,0
7.12529,-8.30171,0
5.01201,-7.25084,0
5.24713,-7.39011,0
6.92479,-8.3574,0
6.99443,-8.44465,0
4.87789,-7.0979,0
6.74894,-8.37181,0
6.95266,-8.48967,0
7.17904,-8.40586,0
4.99615,-7.3454,0
7.08113,-8.44031,0
4.99474,-7.3372,0
7.22109,-8.35957,0
7.17253,-8.41544,0
7.13532,-8.42233,0
5.15869,-7.44883,0
5.1491,-7.50361,0
5.18035,-7.53458,0
7.30392,-8.33021,0
7.31235,-8.30855,0
7.37856,-8.29047,0
7.27201,-8.46018,0
7.26063,-8.42261,0
5.05434,-7.45877,0
5.09836,-7.53118,0
4.99266,-7.42617,0
7.19467,-8.46923,0
7.44042,-8.27378,0
7.40041,-8.44291,0
5.27711,-7.65267,0
7.37503,-8.35518,0
7.42275,-8.32926,0
5.10056,-7.55103,0
5.12374,-7.57742,0
7.35699,-8.44012,0
5.22122,-7.60272,0
5.40903,-7.88127,0
7.63634,-8.3098,0
5.34032,-7.8354,0
7.63958,-8.32576,0
7.70164,-8.37217,0
7.47996,-8.30904,0
5.35484,-7.77123,0
5.4418,-7.79443,0
7.78497,-8.188,0
7.7694,-8.28701,0
5.5051,-7.88637,0
5.56881,-7.8696,0
5.84023,-7.99634,0
5.70332,-7.97196,0
5.24895,-7.80089,0
7.61628,-8.40922,0
5.29251,-7.82725,0
5.32477,-7.763,0
5.32399,-7.7856,0
5.2889,-7.82004,0
5.06424,-7.59873,0
5.07723,-7.61826,0
8.10465,-8.0658,0
8.1149,-7.99464,0
8.07471,-8.09802,0
8.134,-8.1906,0
8.12055,-8.19179,0
5.77203,-8.0597,0
8.08498,-7.99732,0
5.74709,-8.15866,0
5.70308,-8.02366,0
5.84768,-8.18677,0
8.06646,-7.92797,0
5.88794,-8.1189,0
5.73897,-8.16264,0
8.14303,-8.0834,0
5.91187,-8.12249,0
5.6704,-8.04942,0
7.48293,-8.40838,0
5.22728,-7.72983,0
7.56257,-8.42498,0
7.52122,-8.49026,0
7.6423,-8.4849,0
5.40655,-7.98826,0
5.48349,-8.02367,0
5.3283,-7.97389,0
5.35107,-7.94588,0
5.54121,-7.9871,0
5.32857,-7.93651,0
7.74557,-8.43692,0
5.40655,-7.9905,0
5.4831,-8.02273,0
5.40213,-8.02516,0
5.43006,-8.08202,0
5.56179,-8.09289,0
7.83802,-8.3807,0
7.90118,-8.34638,0
7.89322,-8.29235,0
5.53362,-8.14175,0
7.93614,-8.3812,0
6.13734,-8.21623,0
6.08461,-8.23776,0
5.64171,-8.19012,0
6.26025,-8.24818,0
5.22006,-7.86403,0
7.58047,-8.49941,0
5.30177,-7.97821,0
7.67475,-8.50459,0
4.95937,-7.62948,0
6.81497,-8.43286,0
7.09637,-8.50195,0
5.10023,-7.69287,0
7.19902,-8.64159,0
7.22347,-8.56875,0
6.77834,-8.43902,0
6.86456,-8.46124,0
6.83316,-8.4481,0
6.74131,-8.38207,0
7.02119,-8.55753,0
7.16606,-8.57918,0
5.0272,-7.5703,0
5.00761,-7.49463,0
4.95882,-7.59537,0
6.34582,-8.31525,0
6.79511,-8.54699,0
4.80917,-7.21558,0
6.5686,-8.43076,0
6.26925,-8.28474,0
6.28209,-8.30752,0
6.73982,-8.54129,0
6.39479,-8.37873,0
6.8239,-8.61954,0
6.81626,-8.54497,0
6.66748,-8.51677,0
6.793,-8.63543,0
6.38734,-8.33145,0
6.47032,-8.42415,0
6.85066,-8.54658,0
6.2394,-8.26021,0
4.85248,-7.07645,0
6.52628,-8.51345,0
4.70904,-7.09961,0
4.77181,-7.01774,0
6.38671,-8.49954,0
4.78407,-7.08877,0
4.74403,-7.10362,0
6.39168,-8.41633,0
6.39937,-8.50568,0
6.19678,-8.32648,0
4.76961,-7.11679,0
4.68217,-7.03521,0
6.6003,-8.59495,0
6.16224,-8.32525,0
4.75272,-7.00149,0
4.71957,-7.0074,0
6.23456,-8.38261,0
4.78161,-6.99903,0
4.7331,-6.68572,0
6.23319,-8.38744,0
6.2063,-8.36342,0
6.13207,-8.35412,0
6.26908,-8.46921,0
6.13053,-8.3068,0
4.75658,-6.72065,0
6.19949,-8.4061,0
4.70576,-6.82217,0
6.14887,-8.41809,0
6.15556,-8.4047,0
6.28078,-8.58118,0
6.16147,-8.47934,0
6.09814,-8.4183,0
5.97563,-8.2809,0
4.62975,-6.87231,0
6.03048,-8.34814,0
4.62057,-6.9411,0
4.64222,-6.92192,0
6.40748,-8.60758,0
6.42692,-8.56424,0
4.5976,-6.9544,0
6.04167,-8.38617,0
4.58711,-6.76233,0
4.60321,-6.71315,0
6.20749,-8.56785,0
5.9683,-8.29594,0
6.19842,-8.57419,0
5.96783,-8.51369,0
4.57615,-6.5461,0
5.81264,-8.27761,0
9.17019,-6.17073,0
5.93724,-8.45869,0
4.59764,-6.50378,0
6.00002,-8.49816,0
4.76165,-6.41362,0
5.85838,-8.33531,0
5.84863,-8.35386,0
5.86697,-8.28935,0
4.75998,-6.41789,0
4.68137,-6.64032,0
4.65002,-6.57991,0
6.05769,-8.49394,0
4.71969,-6.48793,0
4.73483,-6.51321,0
5.8653,-8.33295,0
4.55158,-6.52205,0
4.61846,-6.61507,0
4.66836,-6.45643,0
6.6184,-8.67226,0
6.59415,-8.63354,0
6.93153,-8.58754,0
4.92102,-7.48369,0
4.92326,-7.47324,0
4.86774,-7.45867,0
4.92406,-7.51388,0
6.89939,-8.55703,0
5.13023,-7.79452,0
4.99133,-7.67034,0
7.04393,-8.61543,0
7.14771,-8.65159,0
7.08076,-8.6538,0
5.01086,-7.69296,0
5.02735,-7.70163,0
4.89601,-7.62832,0
6.98845,-8.66186,0
7.04034,-8.74007,0
7.04284,-8.74604,0
5.12487,-7.82799,0
4.94704,-7.74676,0
4.93617,-7.7544,0
5.14201,-7.81551,0
5.15146,-7.81789,0
7.16307,-8.72811,0
7.38082,-8.63111,0
7.39405,-8.54521,0
7.29991,-8.57051,0
7.28894,-8.61179,0
7.28275,-8.64483,0
5.09218,-7.8696,0
7.5223,-8.54337,0
7.45682,-8.65572,0
7.48005,-8.6467,0
7.51465,-8.61951,0
7.58944,-8.60089,0
5.23851,-8.12769,0
7.5247,-8.62047,0
5.66515,-8.22076,0
5.51434,-8.20382,0
5.45269,-8.18661,0
5.63515,-8.23077,0
5.26128,-8.15538,0
5.38989,-8.17671,0
4.85298,-7.66075,0
6.8569,-8.70268,0
4.88406,-7.67093,0
6.89738,-8.72171,0
7.13096,-8.72348,0
4.87337,-7.72242,0
7.5342,-8.67916,0
7.5571,-8.65646,0
5.4774,-8.2973,0
7.82175,-8.58151,0
7.76932,-8.50067,0
5.71627,-8.34126,0
5.65464,-8.27607,0
5.68338,-8.34019,0
5.59116,-8.31024,0
5.6392,-8.31284,0
5.58196,-8.28651,0
7.70136,-8.57625,0
5.77894,-8.32969,0
5.6269,-8.2878,0
7.78692,-8.51658,0
5.56815,-8.26693,0
5.61147,-8.23831,0
5.9154,-8.47599,0
4.53726,-6.49048,0
5.74596,-8.42882,0
4.72198,-6.36654,0
5.86501,-8.55753,0
4.57502,-6.47843,0
5.85148,-8.48115,0
4.66543,-7.13039,0
6.15843,-8.59827,0
4.60637,-7.08214,0
4.58174,-7.00286,0
6.28401,-8.65648,0
6.03756,-8.52019,0
4.57763,-6.95856,0
6.27781,-8.6818,0
6.26558,-8.66249,0
6.22787,-8.62336,0
6.26195,-8.72978,0
6.08327,-8.51375,0
6.18525,-8.65822,0
6.24397,-8.72855,0
6.13473,-8.60079,0
6.19872,-8.65141,0
6.37417,-8.63334,0
7.3187,-8.73481,0
7.42504,-8.73378,0
7.31053,-8.75337,0
7.24936,-8.682,0
7.45885,-8.74795,0
5.23983,-8.16852,0
5.2066,-8.14141,0
5.00088,-7.87773,0
6.79581,-8.68386,0
7.02544,-8.83389,0
4.98643,-7.82034,0
4.9753,-7.85355,0
7.11542,-8.8015,0
6.75997,-8.68462,0
6.75961,-8.7065,0
4.92092,-7.76178,0
5.14157,-8.15349,0
6.93367,-8.81059,0
6.68343,-8.74671,0
6.83686,-8.78875,0
6.52057,-8.65712,0
4.79049,-7.71394,0
4.8029,-7.69095,0
6.81191,-8.79782,0
4.76328,-7.51524,0
6.54504,-8.69608,0
6.46559,-8.63109,0
6.57726,-8.76746,0
6.51459,-8.72505,0
4.8066,-7.38201,0
6.7892,-8.84354,0
4.73174,-7.47384,0
4.83101,-7.53659,0
4.74841,-7.56179,0
4.58786,-7.13613,0
6.22529,-8.76747,0
5.99939,-8.56762,0
6.21888,-8.763,0
6.02372,-8.58593,0
4.5915,-7.12084,0
6.11437,-8.70947,0
6.2039,-8.7476,0
6.14382,-8.68902,0
6.01395,-8.57772,0
6.63008,-8.82476,0
4.662,-7.55802,0
6.59366,-8.80032,0
6.78341,-8.86076,0
6.79679,-8.89827,0
6.82287,-8.82597,0
5.05465,-7.94722,0
5.06665,-7.96474,0
7.06408,-8.90003,0
5.03343,-7.96016,0
5.04279,-8.05955,0
7.3536,-8.79129,0
7.18351,-8.78166,0
7.23761,-8.81738,0
5.04676,-8.14313,0
5.0519,-8.13802,0
5.08963,-8.16033,0
5.11676,-8.18108,0
5.58653,-8.35997,0
5.22065,-8.2414,0
5.32259,-8.28657,0
5.63769,-8.37076,0
5.20864,-8.25631,0
7.46002,-8.83976,0
5.09108,-8.19908,0
7.54598,-8.80975,0
5.6583,-8.38594,0
5.02896,-8.13276,0
4.86761,-7.90425,0
6.54292,-8.7979,0
6.51776,-8.82036,0
4.67243,-7.59613,0
6.51598,-8.8334,0
6.40693,-8.81352,0
6.47296,-8.83562,0
6.44505,-8.80341,0
6.44059,-8.73881,0
6.56919,-8.90144,0
6.38024,-8.75071,0
6.57838,-8.82811,0
6.47644,-8.84042,0
6.48902,-8.84151,0
4.60381,-7.54332,0
4.61678,-7.53216,0
6.57199,-8.88989,0
6.43537,-8.82426,0
4.75379,-7.39057,0
4.69535,-7.65751,0
4.76335,-7.68909,0
6.40062,-8.924,0
4.70214,-7.30982,0
6.48801,-8.90078,0
6.36082,-8.80078,0
6.42385,-8.84721,0
4.6049,-7.4194,0
4.61106,-7.47018,0
4.64189,-7.26978,0
6.37596,-8.89208,0
4.65139,-7.34975,0
6.15784,-8.80123,0
6.26798,-8.8644,0
5.92035,-8.55328,0
4.54268,-7.29391,0
6.09932,-8.73858,0
4.57741,-7.15643,0
5.74185,-8.51071,0
5.91388,-8.58731,0
5.8551,-8.59517,0
5.95808,-8.66482,0
6.00108,-8.71956,0
6.12641,-8.79658,0
4.50199,-7.23843,0
6.27822,-8.91328,0
6.20668,-8.91904,0
6.21417,-8.8898,0
4.50063,-7.44425,0
5.66363,-8.42968,0
4.6704,-7.66805,0
4.65475,-7.65089,0
4.64427,-7.67554,0
4.47643,-7.53617,0
4.52484,-7.59061,0
4.57078,-7.72232,0
6.58552,-9.05395,0
4.53512,-7.68616,0
4.80523,-7.86901,0
4.5607,-7.6706,0
4.6322,-7.74481,0
4.63859,-7.74287,0
4.5263,-7.68896,0
6.58561,-9.05674,0
4.47411,-7.19343,0
5.51829,-8.41045,0
5.84247,-8.64006,0
5.97591,-8.79313,0
4.43803,-7.2606,0
5.55226,-8.42543,0
5.62585,-8.43582,0
4.43879,-7.30269,0
5.6071,-8.4308,0
4.47684,-7.34012,0
5.88138,-8.76029,0
4.39606,-7.30818,0
5.79857,-8.66565,0
5.83161,-8.70188,0
4.4464,-7.2354,0
6.11785,-8.97776,0
4.48771,-7.32903,0
6.00317,-8.79546,0
5.69969,-8.56904,0
5.83937,-8.61901,0
5.84792,-8.72172,0
5.26819,-8.38872,0
4.71489,-6.34472,0
5.52102,-8.46311,0
4.40594,-6.66559,0
4.59065,-6.71022,0
5.36324,-8.43219,0
5.5252,-8.67054,0
4.57664,-6.43582,0
5.37118,-8.53098,0
5.42972,-8.44425,0
5.40737,-8.58533,0
4.56488,-6.92145,0
4.46016,-6.59255,0
5.30284,-8.41841,0
5.43663,-8.74253,0
4.51951,-6.60116,0
4.55915,-6.67879,0
4.56388,-6.71084,0
5.37923,-8.4308,0
4.54568,-6.82703,0
4.35455,-6.50013,0
5.51971,-8.60007,0
4.37466,-6.55458,0
5.59307,-8.54408,0
4.41657,-6.67357,0
4.45144,-6.65213,0
4.70461,-6.34208,0
5.53246,-8.6421,0
5.2228,-8.32797,0
4.45921,-6.75727,0
5.62001,-8.57621,0
5.4942,-8.50077,0
5.40627,-8.65997,0
4.32797,-6.53996,0
4.396,-6.56246,0
5.51229,-8.67945,0
5.46874,-8.63697,0
4.41258,-6.6613,0
4.54213,-6.81063,0
5.46223,-8.36832,0
5.40352,-8.60283,0
5.42882,-8.37991,0
4.46886,-6.55553,0
4.47623,-6.76878,0
4.44695,-6.54598,0
8.86307,-7.17484,0
8.4688,-7.38295,0
4.65811,-6.27151,0
4.36433,-6.34772,0
4.57182,-6.3693,0
8.83489,-7.08123,0
8.59345,-7.32617,0
5.14796,-8.3326,0
8.72563,-7.22399,0
4.49835,-6.29842,0
8.9126,-7.05938,0
8.59604,-7.33179,0
4.43395,-6.28746,0
8.44811,-7.35886,0
8.83399,-7.1198,0
4.55539,-6.36661,0
4.36848,-6.31564,0
4.55643,-6.2774,0
8.6482,-7.2964,0
8.41025,-7.33897,0
5.18145,-8.33896,0
5.18249,-8.44203,0
8.60015,-7.31091,0
8.84458,-7.22456,0
5.2332,-8.4389,0
8.49326,-7.34134,0
8.70652,-7.27317,0
8.43717,-7.29517,0
8.73633,-7.24976,0
4.42911,-6.33488,0
8.86099,-7.19095,0
8.56705,-7.2704,0
8.74019,-7.21336,0
8.78778,-7.09557,0
8.56014,-7.30597,0
4.50776,-6.29327,0
8.89106,-7.07912,0
5.24987,-8.43171,0
4.47825,-6.36276,0
5.31518,-8.62803,0
5.71601,-8.63648,0
5.96527,-8.86214,0
5.78681,-8.68668,0
6.19202,-9.0313,0
4.39854,-7.18109,0
4.43431,-7.22112,0
6.04123,-8.97907,0
4.43569,-7.13274,0
4.38162,-7.09549,0
4.43306,-7.10229,0
5.78574,-8.81453,0
4.51153,-6.99093,0
4.39887,-7.08126,0
4.32977,-7.17903,0
5.9359,-9.01148,0
4.47262,-7.67542,0
4.53338,-7.73553,0
6.37617,-9.06024,0
4.94369,-7.99939,0
6.36553,-9.02672,0
6.30357,-8.97376,0
6.41531,-9.08863,0
4.49921,-7.65566,0
4.43709,-7.56755,0
6.2615,-9.06746,0
4.46326,-7.51518,0
6.27701,-9.04796,0
5.6894,-8.766,0
4.33785,-7.12278,0
6.14701,-9.11266,0
4.34936,-7.39822,0
4.41769,-7.60247,0
6.38919,-9.10048,0
4.44148,-7.63685,0
6.08203,-9.10436,0
5.02429,-8.17591,0
6.85432,-8.95581,0
4.81556,-8.07736,0
6.91742,-8.93333,0
4.84279,-8.03073,0
6.8455,-8.98922,0
4.75693,-8.08943,0
4.94383,-8.0837,0
6.80001,-9.10409,0
4.74109,-8.10366,0
4.98168,-8.16794,0
6.80243,-9.10132,0
5.10783,-8.30084,0
5.0027,-8.26271,0
4.72285,-8.04251,0
6.73106,-9.02165,0
6.86226,-9.01318,0
5.01961,-8.23258,0
4.74306,-8.05944,0
6.92507,-8.96097,0
6.81314,-8.90146,0
6.84096,-9.08181,0
5.04999,-8.20855,0
6.68144,-9.10556,0
6.84686,-8.87534,0
4.75425,-8.14759,0
5.0495,-8.22408,0
6.90504,-9.09841,0
6.94919,-8.97846,0
4.67378,-8.09171,0
4.95985,-8.09253,0
5.01101,-8.2311,0
6.753,-8.98939,0
4.94929,-8.17478,0
4.77557,-8.01125,0
4.92722,-8.23623,0
4.88694,-8.046,0
4.70064,-7.89139,0
4.64295,-7.96657,0
4.52385,-7.79348,0
4.54153,-7.84454,0
4.61989,-7.88694,0
6.57473,-9.13709,0
4.62601,-7.85786,0
6.03516,-9.14598,0
6.01572,-9.11599,0
6.05441,-9.1342,0
4.35658,-7.53649,0
6.18856,-9.15192,0
5.53125,-8.80021,0
4.36005,-6.81885,0
5.46905,-8.73926,0
4.25579,-6.8691,0
4.36656,-6.89495,0
4.37669,-6.88944,0
4.40978,-6.92723,0
4.31931,-6.96846,0
5.51532,-8.94281,0
5.53745,-8.80411,0
5.56454,-8.68535,0
4.45528,-6.98372,0
5.41292,-8.78038,0
4.33263,-6.83781,0
5.51959,-8.72892,0
4.2543,-6.84736,0
5.52343,-8.91192,0
5.51329,-8.88753,0
4.38445,-7.05704,0
4.34976,-6.9352,0
5.60563,-8.83773,0
4.41946,-6.77749,0
4.34053,-6.98286,0
4.28826,-6.93265,0
6.08588,-9.18161,0
6.08739,-9.13943,0
4.27578,-7.07998,0
5.79448,-9.03064,0
4.28612,-7.13591,0
4.30548,-7.0613,0
4.2387,-7.09187,0
5.753,-9.01253,0
5.71871,-8.92246,0
5.9729,-9.10434,0
5.88761,-9.09956,0
4.34037,-7.41568,0
4.36237,-7.30358,0
4.49646,-7.74911,0
4.46352,-7.72628,0
4.41183,-7.68604,0
4.47819,-7.7408,0
4.51374,-7.9275,0
4.47728,-7.96615,0
4.59816,-7.99429,0
6.47479,-9.17303,0
6.4839,-9.22904,0
6.47357,-9.18896,0
6.61296,-9.17114,0
6.62505,-9.115,0
4.58659,-8.03315,0
6.23074,-9.18215,0
6.22801,-9.18643,0
6.15247,-9.19251,0
6.15648,-9.1706,0
4.36086,-7.68995,0
6.12657,-9.18894,0
5.98054,-9.15418,0
4.2839,-7.51284,0
5.84231,-9.10748,0
4.28761,-7.51087,0
5.95777,-9.19115,0
4.27557,-7.51838,0
4.55135,-8.04089,0
4.42592,-8.03595,0
5.12429,-8.408,0
4.691,-8.16345,0
4.53594,-8.10149,0
6.50957,-9.25822,0
5.06643,-8.40993,0
4.80462,-8.20146,0
5.09524,-8.44126,0
4.59182,-8.11647,0
4.98469,-8.32568,0
4.67804,-8.22817,0
5.16964,-8.49326,0
4.71218,-8.24072,0
4.61177,-8.17148,0
4.94455,-8.37576,0
4.83114,-8.31279,0
4.59324,-8.15077,0
4.93728,-8.41065,0
6.68281,-9.27379,0
4.70991,-8.26533,0
6.71838,-9.27551,0
6.71489,-9.16723,0
4.53583,-8.19786,0
4.70036,-8.25689,0
4.78948,-8.3129,0
6.73829,-9.22886,0
6.71279,-9.28169,0
4.7129,-8.28645,0
4.78481,-8.32152,0
6.69497,-9.2874,0
6.74944,-9.23959,0
4.91154,-8.41457,0
4.89562,-8.35582,0
6.50894,-9.31301,0
6.45256,-9.28318,0
6.51376,-9.30394,0
4.38516,-8.01593,0
6.45175,-9.31142,0
4.4459,-7.93272,0
4.47062,-7.89334,0
4.38874,-7.86242,0
4.82895,-8.40866,0
4.86029,-8.43187,0
4.94529,-8.44285,0
4.90597,-8.41837,0
4.89729,-8.42077,0
4.64406,-8.3067,0
4.60088,-8.28703,0
5.14846,-8.55906,0
6.76389,-9.3025,0
4.80612,-8.36709,0
4.81659,-8.39888,0
6.38859,-9.28987,0
6.6335,-9.29083,0
4.49988,-8.15449,0
4.47412,-8.12585,0
5.30485,-8.65435,0
5.17823,-8.59452,0
6.68972,-9.32639,0
4.49603,-8.1911,0
6.66395,-9.31464,0
4.23526,-7.54487,0
5.77543,-9.11371,0
5.66195,-9.01887,0
4.18987,-7.57724,0
5.76462,-9.08669,0
5.94139,-9.27208,0
4.29816,-7.79451,0
6.15633,-9.32485,0
4.28181,-7.85999,0
4.28056,-7.78725,0
4.36495,-8.02154,0
4.3331,-7.95664,0
6.10832,-9.31205,0
6.05447,-9.2878,0
5.2853,-8.68581,0
4.37138,-8.19166,0
5.0266,-8.56936,0
6.5279,-9.41343,0
5.07454,-8.5821,0
5.09615,-8.59309,0
5.00345,-8.53983,0
6.55914,-9.37378,0
6.21966,-9.37307,0
6.17529,-9.37868,0
5.77021,-9.1579,0
5.31025,-8.76408,0
5.68407,-9.06102,0
5.4571,-8.92907,0
5.67155,-9.10985,0
5.4347,-8.85896,0
5.57152,-8.97335,0
5.57592,-8.9828,0
5.59031,-8.98135,0
5.66648,-9.0966,0
5.90116,-9.31077,0
5.77594,-9.2092,0
5.93235,-9.34889,0
4.1935,-7.76119,0
4.15716,-7.7188,0
4.59726,-8.35337,0
4.38123,-8.2305,0
5.00659,-8.58232,0
4.51902,-8.30526,0
5.15743,-8.65415,0
4.5914,-8.34804,0
4.4435,-8.31,0
5.25976,-8.75353,0
6.60547,-9.38666,0
4.46703,-8.29352,0
6.60908,-9.43134,0
4.57506,-8.35502,0
4.82823,-8.49773,0
4.54992,-8.33468,0
4.85289,-8.55547,0
4.60388,-8.41702,0
4.54858,-8.35922,0
4.5545,-8.40833,0
5.19299,-8.75074,0
4.62395,-8.45239,0
4.51566,-8.41567,0
5.09116,-8.69447,0
4.43179,-8.3841,0
4.56638,-8.45943,0
4.65986,-8.47996,0
6.85046,-9.24136,0
6.73255,-9.40937,0
4.57023,-8.46994,0
4.75755,-8.58365,0
4.98025,-8.68611,0
4.69064,-8.52611,0
6.90544,-9.11701,0
4.84516,-8.61237,0
6.71976,-9.44987,0
4.44421,-8.45272,0
4.56851,-8.55653,0
4.82786,-8.65326,0
6.98772,-9.03724,0
6.97004,-9.17823,0
6.93076,-9.16368,0
6.86802,-9.29262,0
6.88396,-9.30249,0
4.5816,-8.59927,0
4.55244,-8.57786,0
4.95506,-8.71818,0
6.87081,-9.28272,0
6.84826,-9.31406,0
5.38332,-8.87962,0
5.40223,-8.88995,0
6.90257,-9.16295,0
6.96519,-9.17569,0
4.56164,-8.54127,0
6.9566,-9.20925,0
4.65118,-8.56478,0
6.39219,-9.40468,0
4.37736,-8.24671,0
4.37925,-8.27667,0
5.43636,-8.91704,0
6.13236,-9.40614,0
4.3182,-8.10362,0
6.10655,-9.38273,0
6.10571,-9.37783,0
4.26827,-8.03635,0
6.2929,-9.4917,0
6.29481,-9.44046,0
6.1922,-9.49472,0
4.20846,-8.02648,0
5.31438,-8.87673,0
5.55945,-9.13282,0
5.45367,-9.00798,0
5.52906,-9.08615,0
5.83666,-9.39741,0
4.18193,-7.79674,0
5.79684,-9.40378,0
5.84227,-9.41894,0
5.5856,-9.09341,0
5.23608,-8.85002,0
4.12969,-7.67538,0
5.57283,-9.17015,0
5.57883,-9.08767,0
5.84767,-9.42004,0
5.55363,-9.154,0
5.38163,-8.93344,0
5.67757,-9.15636,0
4.09933,-7.67049,0
5.79973,-9.29401,0
5.73684,-9.31481,0
4.21322,-7.95033,0
4.18308,-7.98866,0
6.10703,-9.47638,0
4.17945,-7.97222,0
5.5464,-9.33866,0
4.05761,-7.47537,0
4.1689,-7.51562,0
5.47571,-9.23848,0
5.28085,-8.92968,0
5.36596,-9.00292,0
5.49709,-9.26657,0
4.23268,-7.39853,0
5.28784,-8.97445,0
4.17541,-7.43693,0
4.30993,-7.26411,0
5.21161,-8.89532,0
4.17081,-7.49131,0
5.44121,-9.20579,0
5.58332,-9.35285,0
4.14131,-7.51332,0
5.41924,-9.04275,0
4.12805,-7.43432,0
4.11831,-7.38239,0
5.45653,-9.16484,0
5.33627,-8.95891,0
5.51585,-9.23325,0
4.16848,-7.43448,0
4.23864,-7.37754,0
4.25216,-7.41017,0
5.23286,-8.93598,0
5.25614,-8.87948,0
5.16312,-8.86316,0
5.58945,-9.27263,0
4.18881,-7.54734,0
5.48993,-9.29503,0
4.06944,-7.37137,0
4.04768,-7.39115,0
4.07099,-7.37496,0
5.68638,-9.34375,0
5.72603,-9.35549,0
4.10382,-7.74615,0
4.18745,-7.83737,0
6.28992,-9.53263,0
6.34806,-9.50602,0
4.31845,-8.18598,0
4.25469,-8.19868,0
4.31801,-8.18141,0
4.27952,-8.28807,0
4.43354,-8.36406,0
6.344,-9.52262,0
4.42301,-8.39504,0
6.60173,-9.54059,0
5.0263,-8.81991,0
6.67192,-9.53228,0
4.48382,-8.61791,0
6.67343,-9.5319,0
4.58801,-8.62492,0
4.44416,-8.62342,0
6.7454,-9.43369,0
4.53183,-8.63307,0
4.79907,-8.7345,0
4.52358,-8.61691,0
4.8922,-8.8037,0
6.69441,-9.53367,0
4.69569,-8.65217,0
4.5611,-8.61259,0
4.53973,-8.56935,0
4.73648,-8.76738,0
6.81413,-9.42293,0
4.52522,-8.70141,0
4.94058,-8.83897,0
5.15346,-8.93666,0
4.8301,-8.81545,0
4.98774,-8.89104,0
6.85578,-9.46745,0
6.80165,-9.48496,0
5.16714,-8.95035,0
4.97082,-8.87995,0
6.0876,-9.51777,0
5.92176,-9.38676,0
6.20534,-9.50197,0
4.20699,-8.14534,0
5.20865,-8.9816,0
4.86124,-8.85459,0
4.31702,-8.45033,0
6.5312,-9.53923,0
4.33378,-8.48034,0
6.23588,-9.5557,0
4.25632,-8.36088,0
4.28716,-8.3264,0
6.35307,-9.58978,0
4.29202,-8.3846,0
4.37035,-8.5355,0
4.42342,-8.54052,0
6.38465,-9.62656,0
4.23081,-8.38694,0
4.26575,-8.41732,0
5.92008,-9.46284,0
4.20001,-8.21574,0
5.95128,-9.48636,0
4.20053,-8.17596,0
6.12014,-9.57905,0
6.10805,-9.56921,0
4.39736,-8.5971,0
4.38845,-8.56074,0
6.59733,-9.60642,0
4.14877,-8.08339,0
5.98856,-9.55416,0
6.04578,-9.59061,0
4.17106,-8.05371,0
4.17146,-8.05997,0
5.67081,-9.36084,0
5.91826,-9.48124,0
4.10675,-8.15933,0
6.13594,-9.61783,0
6.30369,-9.66823,0
4.03212,-7.97171,0
5.66257,-9.37094,0
5.18883,-9.04954,0
5.88247,-9.54189,0
5.68096,-9.40443,0
5.84851,-9.56651,0
5.87343,-9.54221,0
4.04352,-7.99748,0
4.17377,-8.39572,0
4.24057,-8.46596,0
5.34555,-9.23186,0
4.11371,-7.8636,0
4.05955,-7.90298,0
5.65551,-9.49895,0
5.55189,-9.43284,0
5.83808,-9.65509,0
4.02482,-7.95398,0
4.04675,-7.91886,0
5.45578,-9.31506,0
6.06013,-9.66858,0
6.0858,-9.67322,0
6.3209,-9.71384,0
4.25645,-8.48868,0
6.69886,-9.65156,0
4.78378,-8.94586,0
4.73282,-8.89571,0
4.45219,-8.86774,0
4.538,-8.78512,0
4.86021,-8.89848,0
4.8917,-9.01098,0
5.11233,-9.06884,0
4.56291,-8.82541,0
4.75653,-8.90038,0
4.71629,-8.95775,0
4.60741,-8.8831,0
4.5122,-8.77531,0
6.75105,-9.55193,0
4.66047,-8.92097,0
4.987,-9.00621,0
5.07244,-9.02663,0
6.76594,-9.61302,0
4.83967,-8.94962,0
6.77323,-9.58972,0
4.35085,-8.64255,0
4.35679,-8.72628,0
4.34071,-8.7264,0
4.40385,-8.77577,0
4.43649,-8.7034,0
4.32909,-8.61175,0
6.36957,-9.7045,0
4.34698,-8.59989,0
4.34069,-8.59811,0
6.34893,-9.7163,0
5.34669,-9.27512,0
5.27784,-9.20135,0
5.26703,-9.19294,0
5.85876,-9.66848,0
3.97744,-8.1025,0
5.30886,-9.2468,0
5.74755,-9.66245,0
5.40535,-9.36014,0
4.07209,-7.87985,0
5.76336,-9.69801,0
4.03814,-7.9048,0
5.76298,-9.66072,0
5.43019,-9.38953,0
5.71541,-9.61471,0
4.02042,-7.92669,0
4.08163,-7.29165,0
5.37733,-9.35672,0
3.9973,-7.5041,0
5.20333,-9.3453,0
3.88686,-7.48388,0
5.04597,-9.13601,0
3.96388,-7.52249,0
4.01422,-7.48533,0
5.30461,-9.33985,0
5.13835,-9.25513,0
4.92425,-9.078,0
3.95662,-7.56166,0
5.01382,-9.12127,0
4.04341,-7.71068,0
3.94171,-7.57545,0
5.24875,-9.31856,0
5.2439,-9.48533,0
5.10211,-9.28421,0
5.19266,-9.40596,0
5.09965,-9.14332,0
4.0255,-7.67536,0
8.42912,-7.43597,0
8.43787,-7.3996,0
5.22948,-9.336,0
5.28156,-9.29878,0
5.06508,-9.25496,0
4.08807,-7.54205,0
3.96286,-7.43628,0
5.12176,-9.40628,0
4.24772,-7.16617,0
8.48921,-7.43669,0
8.39703,-7.56072,0
4.19709,-7.13327,0
4.16255,-7.18398,0
8.45881,-7.49909,0
4.96382,-9.2021,0
8.44221,-7.51223,0
8.40368,-7.56473,0
5.03805,-9.36138,0
4.19639,-7.18244,0
8.47575,-7.51627,0
3.89557,-7.36427,0
3.9881,-7.30105,0
4.17833,-7.19705,0
3.86537,-7.35566,0
8.45249,-7.50579,0
4.19969,-7.1586,0
3.87651,-7.27785,0
4.95364,-9.30356,0
4.09596,-7.18299,0
3.97766,-7.22018,0
8.41283,-7.58398,0
4.00111,-7.20867,0
8.38561,-7.62555,0
8.5369,-7.53901,0
3.95455,-7.21578,0
4.92756,-9.22199,0
4.94044,-9.24287,0
4.10873,-7.17482,0
4.77455,-9.03594,0
3.97738,-7.1649,0
4.21646,-7.04132,0
8.3876,-7.71497,0
8.24833,-7.78296,0
8.28599,-7.70501,0
4.92312,-9.25707,0
4.88082,-9.20656,0
4.81373,-9.07849,0
3.99424,-7.11244,0
4.1439,-7.053,0
8.34407,-7.70051,0
4.92651,-9.34882,0
4.76475,-9.0093,0
3.89895,-7.16469,0
4.08715,-6.9718,0
4.23252,-6.91094,0
4.72851,-9.0319,0
8.4874,-7.71101,0
4.83432,-9.24039,0
3.98945,-7.04111,0
3.89168,-7.13588,0
4.7085,-8.97211,0
4.84741,-9.21082,0
4.6981,-8.98079,0
4.09647,-7.00062,0
4.7467,-9.10295,0
4.26411,-6.92725,0
8.22113,-7.82369,0
8.35157,-7.81795,0
4.85831,-9.35476,0
4.69097,-9.10786,0
4.31381,-6.77836,0
4.08491,-6.8607,0
3.95973,-7.00034,0
8.1631,-8.02816,0
8.35027,-7.97793,0
4.00235,-6.95199,0
4.37185,-6.7393,0
4.66287,-9.08732,0
8.25059,-7.88023,0
4.27905,-6.81616,0
4.12492,-6.88392,0
4.70025,-9.22365,0
4.69149,-9.0263,0
4.65123,-8.98681,0
8.23789,-7.89236,0
4.08989,-6.83781,0
4.76332,-9.18025,0
4.13357,-6.81244,0
4.39069,-6.73273,0
4.08621,-6.84375,0
8.35098,-7.9616,0
4.24076,-6.79213,0
8.25618,-7.9812,0
8.20712,-8.032,0
8.39406,-7.97943,0
4.57529,-8.95734,0
8.16126,-8.06591,0
8.39016,-7.96838,0
4.18839,-6.78279,0
8.3166,-8.0139,0
8.27928,-8.06924,0
8.19479,-8.08352,0
4.26153,-6.74346,0
8.31546,-8.03215,0
4.10336,-6.79836,0
8.22247,-8.0694,0
3.87317,-7.01546,0
3.98694,-6.77161,0
4.55502,-9.18034,0
4.20709,-6.71784,0
4.57533,-9.16931,0
4.13478,-6.74762,0
8.25578,-8.12411,0
8.29279,-8.09464,0
3.88967,-6.80269,0
8.2332,-8.11991,0
4.56334,-9.06089,0
4.18536,-6.73134,0
4.38442,-6.68203,0
4.06504,-6.78373,0
4.16014,-6.72978,0
4.60831,-9.1995,0
8.03754,-8.23497,0
3.92075,-6.74481,0
4.50596,-9.04336,0
3.92719,-6.7495,0
8.36929,-8.12361,0
8.06452,-8.22649,0
8.00296,-8.25954,0
4.31464,-6.6487,0
8.02488,-8.28163,0
4.45908,-9.12306,0
8.08688,-8.29146,0
4.25898,-6.64081,0
8.26122,-8.25144,0
4.42122,-8.88489,0
4.00573,-6.70027,0
4.24864,-6.65372,0
4.43538,-8.9187,0
8.25175,-8.28168,0
4.24315,-6.64427,0
4.4223,-8.87447,0
8.28639,-8.30496,0
8.25172,-8.31201,0
4.38908,-8.88641,0
4.31114,-8.67637,0
4.11225,-6.58944,0
4.37879,-8.9917,0
8.1791,-8.39255,0
8.30408,-8.37188,0
8.18231,-8.36162,0
3.98939,-6.62693,0
4.03424,-6.64339,0
8.20054,-8.36954,0
4.1713,-6.60859,0
4.22372,-6.56182,0
4.37673,-8.90719,0
4.19511,-6.56586,0
7.88174,-8.44762,0
4.29926,-6.53017,0
7.9115,-8.4762,0
8.18423,-8.40703,0
4.31709,-8.83255,0
7.91231,-8.47035,0
4.13998,-6.55821,0
7.91444,-8.50213,0
8.11568,-8.51293,0
4.22155,-6.50882,0
4.10699,-6.51425,0
7.91768,-8.5328,0
4.01093,-6.56969,0
4.28818,-8.76507,0
8.21865,-8.45586,0
4.03695,-6.53493,0
7.93165,-8.48337,0
4.29882,-6.48987,0
8.1331,-8.54297,0
8.2161,-8.51368,0
4.2511,-8.74696,0
4.15712,-6.49874,0
4.24317,-8.6962,0
4.53277,-9.24407,0
4.52455,-9.23458,0
3.83876,-6.8594,0
3.81579,-7.02326,0
4.64351,-9.26574,0
4.82482,-9.3003,0
4.62103,-9.24047,0
4.76963,-9.28119,0
4.56844,-9.25203,0
4.57395,-9.32038,0
4.7839,-9.42766,0
4.75315,-9.39113,0
4.48086,-9.24526,0
4.49328,-9.25704,0
4.46553,-9.22146,0
5.72093,-9.6849,0
4.08973,-8.49206,0
6.07127,-9.72117,0
5.88824,-9.84089,0
5.30166,-9.50112,0
4.13024,-8.55288,0
6.03084,-9.7049,0
3.93837,-8.44243,0
5.95066,-9.72167,0
5.90183,-9.7273,0
4.06995,-8.47754,0
5.96109,-9.71506,0
5.35196,-9.46829,0
5.74273,-9.82813,0
5.70759,-9.80023,0
5.96931,-9.70071,0
4.06142,-8.31812,0
4.05387,-8.58395,0
4.15738,-8.53854,0
5.83008,-9.74163,0
5.82132,-9.8568,0
4.08475,-8.44464,0
5.5771,-9.69539,0
5.55293,-9.5296,0
5.92745,-9.70741,0
5.87578,-9.89809,0
5.75638,-9.81222,0
5.95423,-9.71173,0
5.49934,-9.48598,0
4.00442,-8.34133,0
4.00095,-8.46123,0
4.01721,-8.42018,0
5.43865,-9.43398,0
5.55407,-9.61094,0
5.56551,-9.54997,0
4.13266,-8.62753,0
5.81154,-9.84492,0
5.72061,-9.75947,0
5.763,-9.91072,0
5.44501,-9.6348,0
3.88905,-8.37982,0
3.98709,-8.28622,0
5.72573,-9.86882,0
4.03723,-8.21653,0
5.71952,-9.87634,0
4.05632,-8.19255,0
5.77435,-9.90756,0
3.88103,-8.39262,0
5.75374,-9.88387,0
5.28494,-9.5169,0
5.5664,-9.72625,0
4.0483,-8.21094,0
6.22518,-9.7467,0
4.2504,-8.94062,0
6.46174,-9.9056,0
6.48653,-9.88523,0
6.4241,-9.84298,0
6.4365,-9.8098,0
6.41321,-9.76604,0
4.21395,-8.93578,0
6.31474,-9.86289,0
4.24551,-8.94295,0
4.18307,-8.9881,0
4.2696,-9.02398,0
6.24757,-9.79602,0
4.27148,-8.96386,0
4.25347,-8.93494,0
4.22486,-8.97017,0
6.23463,-9.81959,0
6.22537,-9.7278,0
7.75249,-8.90387,0
7.86839,-9.00936,0
7.30985,-9.10279,0
7.03313,-9.33588,0
7.7848,-9.06686,0
7.13069,-8.90436,0
7.75334,-9.01811,0
7.5489,-9.16837,0
7.31016,-9.07259,0
7.53158,-8.88616,0
7.34395,-8.94953,0
7.39343,-9.03818,0
7.87045,-8.89853,0
7.02326,-9.08631,0
6.90555,-9.47239,0
7.71226,-8.69625,0
6.97441,-9.42241,0
7.02196,-9.17941,0
7.59979,-8.77647,0
7.62616,-9.0087,0
7.68871,-8.8242,0
7.17686,-8.98111,0
7.29091,-9.12231,0
7.73164,-8.70241,0
7.04235,-9.28332,0
7.85353,-9.0073,0
7.56964,-8.78133,0
7.35935,-8.91483,0
7.51256,-8.97706,0
7.36553,-9.07519,0
7.49145,-9.07039,0
7.13216,-9.22048,0
7.64608,-9.05287,0
7.94137,-9.08307,0
4.43009,-6.18633,0
7.15848,-9.20212,0
4.55585,-6.07154,0
7.74383,-9.07827,0
4.63381,-6.11713,0
7.47836,-8.95808,0
7.01394,-9.27356,0
7.2461,-8.86245,0
4.54401,-6.0886,0
7.51379,-9.16698,0
4.58676,-6.19173,0
7.22502,-9.02775,0
7.68611,-8.79079,0
7.46157,-9.1843,0
4.43159,-6.107,0
7.03571,-9.34721,0
4.52414,-6.15309,0
4.4668,-6.21858,0
7.3964,-8.9932,0
4.63986,-6.04133,0
7.24005,-8.88795,0
7.09033,-8.99354,0
7.33592,-9.07289,0
7.51411,-8.88561,0
7.86702,-9.13921,0
7.35769,-8.98154,0
7.2815,-9.22832,0
7.77411,-8.94684,0
4.38434,-6.22238,0
7.30646,-8.94914,0
7.06139,-9.07677,0
7.57932,-9.06711,0
7.85269,-8.83679,0
5.60995,-9.84177,0
7.05744,-9.29744,0
7.65377,-8.83771,0
7.79086,-8.83809,0
7.08006,-9.05792,0
7.65174,-9.19176,0
7.81592,-9.11561,0
7.71008,-9.05182,0
7.52876,-9.10988,0
7.52358,-9.20893,0
4.99295,-5.86245,0
4.92906,-5.89756,0
7.57978,-9.37188,0
4.5152,-6.03738,0
4.71565,-5.99836,0
7.38106,-9.41739,0
5.22801,-9.53655,0
5.24248,-9.58853,0
4.90885,-5.84702,0
5.3297,-9.78653,0
5.26839,-9.78055,0
5.32375,-9.66883,0
7.22932,-9.42296,0
7.55025,-9.36291,0
4.75733,-5.90259,0
5.49581,-9.71172,0
4.71005,-5.9993,0
7.67206,-9.29912,0
4.89073,-5.88176,0
6.98222,-9.48214,0
5.24425,-9.63419,0
4.72741,-5.96028,0
4.89542,-5.9111,0
7.30595,-9.35039,0
4.52616,-6.01597,0
7.07923,-9.47739,0
4.92773,-9.42439,0
7.0817,-9.53811,0
5.01056,-5.71837,0
4.9972,-9.44419,0
5.17172,-9.65057,0
7.34033,-9.60196,0
4.96708,-9.52944,0
7.15775,-9.475,0
5.14074,-5.69621,0
4.85808,-5.77205,0
4.86858,-5.69898,0
5.05411,-9.55506,0
7.27886,-9.60267,0
4.97439,-5.79892,0
7.27442,-9.51325,0
7.24499,-9.52407,0
4.96475,-9.6137,0
5.14125,-9.637,0
4.89892,-9.38646,0
6.92453,-9.60517,0
7.25796,-9.56895,0
7.15393,-9.46774,0
4.97187,-9.45178,0
5.17599,-5.68272,0
5.16136,-9.58144,0
4.96177,-9.41841,0
4.79836,-5.74542,0
5.06575,-9.50242,0
4.92123,-9.43315,0
5.10513,-5.77972,0
5.0522,-5.79238,0
5.0328,-9.50249,0
5.0204,-5.71668,0
4.9456,-9.5765,0
7.38096,-9.51154,0
7.3578,-9.58079,0
5.11319,-9.4958,0
4.99081,-5.78106,0
5.06852,-5.74369,0
4.82158,-5.84763,0
7.70741,-9.24485,0
5.53336,-9.81257,0
5.36626,-9.85422,0
5.38843,-9.8265,0
7.72487,-9.28526,0
7.49828,-9.45092,0
5.16927,-9.83942,0
7.39655,-9.46422,0
4.58193,-5.89377,0
7.5867,-9.38489,0
7.54636,-9.40376,0
7.57277,-9.43474,0
5.53575,-9.87159,0
4.24991,-6.27643,0
4.29817,-6.40343,0
4.26096,-6.2663,0
5.34318,-9.87591,0
7.77063,-9.2228,0
4.37792,-6.10995,0
7.79072,-9.21139,0
4.39778,-6.02399,0
7.70598,-9.3571,0
7.53847,-9.44634,0
7.46511,-9.46177,0
7.54741,-9.44652,0
4.6245,-5.85389,0
7.41588,-9.53109,0
5.05616,-9.69883,0
5.27307,-9.902,0
7.52493,-9.49068,0
5.12003,-9.86881,0
5.45263,-9.98662,0
4.728,-9.64331,0
6.64598,-9.67992,0
6.68295,-9.72477,0
4.80537,-9.42533,0
4.88671,-9.5979,0
6.78002,-9.64917,0
5.00515,-9.69425,0
4.71094,-9.58449,0
6.85745,-9.7205,0
6.96118,-9.72247,0
6.93113,-9.75565,0
6.90703,-9.71313,0
4.77031,-9.54954,0
7.13895,-9.6249,0
4.80676,-9.51563,0
7.0427,-9.66096,0
4.78184,-9.56261,0
6.6249,-9.65945,0
4.82307,-9.60003,0
4.86073,-9.53404,0
6.64368,-9.72569,0
7.16391,-9.64775,0
4.75073,-9.56405,0
7.05465,-9.62701,0
6.78052,-9.65019,0
7.11145,-9.74588,0
4.71263,-9.51002,0
4.80652,-9.63642,0
4.87228,-9.40822,0
4.75095,-9.54072,0
7.18698,-9.65481,0
4.89777,-9.66169,0
6.75763,-9.65016,0
7.11622,-9.74024,0
6.92621,-9.69834,0
4.7104,-9.51158,0
7.0766,-9.64406,0
5.35696,-9.92417,0
5.25517,-9.94509,0
5.76285,-9.95923,0
4.22162,-6.35966,0
4.1569,-6.38461,0
5.58371,-10.026,0
6.11102,-9.8325,0
4.21911,-6.41309,0
4.24329,-6.34241,0
6.19328,-9.8653,0
7.86708,-8.64793,0
8.02004,-8.92422,0
5.92021,-9.9427,0
7.8542,-8.6237,0
7.92533,-8.98158,0
7.92069,-8.98875,0
7.91237,-8.90983,0
5.86648,-9.99933,0
6.0017,-9.88305,0
7.86209,-8.75551,0
6.02555,-9.9616,0
6.09097,-9.90376,0
7.94729,-8.90337,0
8.01137,-8.8963,0
7.89513,-8.88022,0
6.09279,-9.89068,0
6.01771,-9.98509,0
7.96336,-8.90116,0
7.85924,-8.5998,0
6.09576,-9.85127,0
7.93726,-8.66985,0
7.93117,-8.7027,0
8.07449,-8.77048,0
8.05359,-8.76035,0
8.02506,-8.7711,0
8.03588,-8.79306,0
8.04326,-8.77286,0
8.01239,-8.71459,0
6.18734,-9.92833,0
6.27644,-9.86921,0
7.88,-8.58429,0
7.93279,-8.64113,0
6.07853,-10.0869,0
6.25153,-9.98157,0
6.19816,-9.93503,0
7.96058,-8.72608,0
6.35155,-9.95935,0
6.29454,-10.0199,0
6.29592,-9.98415,0
8.13449,-8.62321,0
6.63243,-9.81821,0
6.47228,-10.01,0
6.67523,-9.80425,0
6.63113,-9.89744,0
3.73744,-7.14994,0
6.60843,-9.88569,0
6.40304,-9.97056,0
6.66552,-9.80518,0
6.70282,-9.80328,0
6.49273,-10.0201,0
6.74075,-9.8981,0
3.82695,-7.41788,0
6.62002,-9.93589,0
6.7716,-9.79726,0
3.85741,-7.36588,0
6.8427,-9.77022,0
7.41318,-9.56762,0
5.09099,-9.90086,0
5.08259,-9.92217,0
7.43781,-9.56704,0
5.03181,-9.82308,0
7.13245,-9.78286,0
4.69237,-9.65394,0
4.72828,-9.70752,0
4.71494,-9.72899,0
6.96716,-9.78803,0
4.88024,-9.70589,0
6.96162,-9.76988,0
5.91536,-10.066,0
8.01627,-8.94981,0
6.25608,-10.0887,0
5.89199,-10.124,0
5.02283,-9.88856,0
7.22737,-9.62395,0
7.22797,-9.6838,0
7.33837,-9.6785,0
4.96054,-9.79867,0
7.40333,-9.66212,0
4.924,-9.82706,0
7.30405,-9.73396,0
7.24898,-9.713,0
4.86374,-9.85037,0
5.0835,-9.95459,0
7.47292,-9.59659,0
7.4835,-9.62386,0
4.64335,-9.63808,0
6.89285,-9.82633,0
7.00239,-9.86139,0
6.92135,-9.87638,0
7.03735,-9.84521,0
6.84026,-9.8596,0
6.92218,-9.84696,0
6.84126,-9.86466,0
4.64784,-9.63899,0
6.86482,-9.87362,0
7.00028,-9.87395,0
6.95648,-9.92066,0
4.57488,-9.64337,0
4.64131,-9.74025,0
4.54413,-9.39169,0
6.80196,-9.95593,0
4.44815,-9.46689,0
6.73013,-9.9459,0
6.77438,-9.95905,0
4.53191,-9.56331,0
4.50356,-9.47231,0
4.56789,-9.472,0
4.54566,-9.43282,0
4.47165,-9.60694,0
4.72763,-9.78228,0
7.11534,-9.82176,0
7.13642,-9.88382,0
4.55396,-9.64494,0
4.57329,-9.73863,0
6.88213,-9.95673,0
4.5423,-9.67045,0
4.4558,-9.21293,0
6.41152,-10.0543,0
4.21711,-9.3696,0
4.28661,-9.39632,0
4.41444,-9.27272,0
4.26055,-9.31853,0
4.28921,-9.34889,0
4.26922,-9.24978,0
4.20587,-9.37229,0
4.20439,-9.31136,0
6.3543,-10.0554,0
4.29853,-9.33901,0
4.26437,-9.07835,0
4.33234,-9.41123,0
4.20737,-9.19566,0
4.33661,-9.21617,0
4.43956,-9.21691,0
6.43368,-10.1299,0
4.25188,-9.26326,0
4.28953,-9.21315,0
6.37459,-10.0566,0
4.17315,-9.16888,0
4.20531,-9.01491,0
4.19752,-9.13799,0
4.1327,-9.32571,0
4.19656,-9.10651,0
4.1112,-9.32987,0
4.15389,-9.42309,0
4.40983,-9.50971,0
6.53812,-10.0718,0
6.72071,-10.1008,0
6.74753,-10.065,0
6.67702,-10.0593,0
4.44036,-9.62066,0
6.70186,-10.0693,0
6.71235,-10.0801,0
4.36229,-9.62114,0
4.32939,-9.58875,0
6.70024,-10.1025,0
6.55756,-10.0453,0
4.37024,-9.53501,0
4.60353,-9.75765,0
4.66129,-9.81897,0
4.60548,-9.75539,0
4.60143,-9.76234,0
4.63625,-9.85561,0
4.58213,-9.79294,0
7.03569,-9.97166,0
4.55153,-9.79236,0
7.03224,-9.98466,0
4.30853,-9.49601,0
4.29992,-9.58333,0
4.44845,-9.65633,0
6.84867,-10.0801,0
4.40033,-9.68956,0
4.50029,-9.72375,0
4.53192,-9.74381,0
4.4258,-9.73249,0
4.35307,-9.71724,0
6.75815,-10.1243,0
6.7527,-10.1255,0
6.96353,-9.99233,0
4.86282,-9.89748,0
4.95445,-9.90748,0
4.82429,-9.92597,0
4.73008,-9.89659,0
4.43493,-9.7683,0
4.55146,-9.85005,0
6.85716,-10.1342,0
6.81923,-10.1328,0
4.26793,-9.61267,0
6.54223,-10.1156,0
6.62805,-10.1347,0
6.25069,-10.1284,0
6.53284,-10.263,0
4.23997,-9.56297,0
6.52527,-10.2432,0
4.15519,-9.52393,0
6.3829,-10.1756,0
6.19359,-10.1687,0
6.13173,-10.1525,0
6.50184,-10.217,0
6.4541,-10.218,0
6.50653,-10.2063,0
4.22019,-9.5243,0
6.55174,-10.2487,0
5.95309,-10.1236,0
6.40015,-10.2595,0
6.44017,-10.2544,0
6.48557,-10.2838,0
6.32562,-10.2293,0
6.21478,-10.2083,0
5.67047,-10.0424,0
6.1633,-10.2153,0
5.54178,-10.0225,0
4.13179,-9.51387,0
4.13774,-9.46919,0
6.14736,-10.2032,0
4.10655,-9.52365,0
5.3718,-9.97965,0
7.21688,-9.77095,0
5.28967,-10.0688,0
5.13633,-10.0165,0
5.09776,-10.1952,0
4.99757,-10.0096,0
5.02914,-10.0777,0
5.5537,-10.1122,0
5.50103,-10.0947,0
7.47214,-9.68802,0
5.17649,-10.1236,0
5.37679,-9.99727,0
5.41602,-10.0153,0
5.21908,-10.0042,0
5.1164,-9.97455,0
5.30836,-10.1668,0
5.43316,-10.0853,0
5.41532,-10.1321,0
5.0007,-9.99858,0
5.16084,-10.053,0
5.06043,-10.03,0
7.41029,-9.69313,0
5.06955,-10.2354,0
4.76771,-9.96101,0
4.91539,-10.0356,0
7.10279,-9.94497,0
4.69283,-9.97725,0
4.8288,-10.0766,0
4.76658,-10.0264,0
4.96979,-10.0015,0
4.65041,-10.0271,0
7.07837,-9.96353,0
4.94079,-9.97299,0
4.64682,-9.92645,0
4.6454,-9.9983,0
7.13264,-10.0232,0
7.19953,-9.81625,0
4.6432,-9.97865,0
4.53383,-9.96548,0
7.21103,-9.91717,0
7.22268,-9.88932,0
5.00337,-10.1842,0
5.6164,-10.1576,0
4.95665,-10.1294,0
5.78336,-10.1205,0
7.31624,-9.84865,0
4.97541,-10.1441,0
7.25884,-9.88263,0
5.33683,-10.2016,0
7.29455,-9.86118,0
7.2649,-9.8689,0
7.25674,-9.9107,0
7.20622,-9.8434,0
7.22433,-9.89255,0
7.38067,-9.81955,0
4.78418,-10.1293,0
7.04842,-10.0488,0
4.88924,-10.1262,0
4.49639,-9.96625,0
6.7904,-10.1995,0
4.46882,-9.93757,0
6.77457,-10.1652,0
4.43879,-9.97502,0
4.42277,-9.89523,0
6.79396,-10.1614,0
7.26826,-9.9254,0
7.21364,-9.95672,0
4.84135,-10.2177,0
4.85847,-10.1569,0
4.89637,-10.2194,0
7.22517,-9.95686,0
4.83601,-10.1494,0
5.34191,-10.2611,0
7.41156,-9.77424,0
5.66165,-10.1615,0
5.35788,-10.232,0
5.08877,-10.3192,0
5.35633,-10.2622,0
5.49409,-10.1899,0
5.50117,-10.2472,0
7.46804,-9.75903,0
7.48887,-9.7722,0
7.49911,-9.66111,0
7.50087,-9.64319,0
5.52139,-10.2878,0
5.37291,-10.3126,0
5.72967,-10.2147,0
7.48701,-9.71736,0
5.34472,-10.3256,0
5.22956,-10.3435,0
5.20647,-10.37,0
5.2822,-10.3399,0
5.78031,-10.2659,0
5.59288,-10.2843,0
5.93896,-10.2208,0
5.53422,-10.3461,0
5.93593,-10.212,0
5.81389,-10.2514,0
5.6611,-10.3168,0
5.36264,-10.4093,0
5.71113,-10.2866,0
5.31888,-10.3793,0
5.54651,-10.3809,0
5.49837,-10.3629,0
5.36115,-10.4319,0
7.61298,-9.55355,0
5.29136,-10.4692,0
5.75082,-10.3144,0
7.64425,-9.63946,0
7.64761,-9.63695,0
5.73998,-10.3297,0
5.26284,-10.4265,0
5.57474,-10.4471,0
5.71993,-10.3757,0
5.67822,-10.3978,0
7.49895,-9.79617,0
5.09015,-10.3524,0
5.09133,-10.3651,0
