"Points:0","Points:1","Points:2"
2.92457,0.34833,0
0.44718,-0.93756,0
0.70856,-0.77613,0
0.86335,0.33398,0
2.3094,0.60648,0
-0.10841,-0.81788,0
3.14762,-0.30524,0
1.6018,-0.37711,0
2.27487,0.91106,0
0.2586,0.19533,0
2.00731,-0.19211,0
0.85197,0.71749,0
0.21199,-0.00589,0
-0.18401,1.04079,0
0.9808,-0.70719,0
1.5411,-1.20746,0
3.24508,-0.05616,0
0.61875,0.58271,0
0.68657,-0.16365,0
0.14056,-0.73901,0
0.01305,1.06453,0
2.51719,1.20682,0
1.70828,0.29871,0
1.87097,0.28796,0
-0.2275,0.62536,0
2.34011,0.27105,0
2.42984,-0.66033,0
0.04393,0.75935,0
2.60783,0.43976,0
0.55894,0.96202,0
0.86553,-0.01392,0
2.43623,0.36982,0
3.49843,0.51033,0
2.01059,0.27441,0
2.03212,0.27635,0
0.6106,-0.07374,0
1.84342,1.22869,0
0.65234,-0.94684,0
-0.19352,0.9324,0
0.74033,0.72868,0
0.61902,0.82292,0
-0.28905,1.02401,0
-0.21129,-0.21856,0
3.46482,0.87239,0
1.98793,-0.11154,0
0.38016,-0.81709,0
1.49028,0.23575,0
2.97235,0.48111,0
1.8916,-0.82056,0
-0.1936,-1.10624,0
1.22004,0.19046,0
1.50664,0.15443,0
1.16528,0.4651,0
0.41721,-0.74861,0
0.03045,0.29935,0
0.09477,-0.10549,0
1.36498,-0.21498,0
1.46575,-0.91642,0
0.78956,1.18567,0
2.50818,-1.17652,0
0.18145,-0.91578,0
2.80092,-1.1925,0
1.60504,-0.48746,0
1.57982,-0.49209,0
2.8555,0.19003,0
2.37703,0.71311,0
0.13788,-0.607,0
1.33303,1.06925,0
2.72677,-0.06625,0
-0.34779,-0.41428,0
1.3744,-0.43638,0
-0.03229,0.18482,0
2.27639,1.02313,0
2.1129,0.83666,0
2.30959,0.21613,0
1.38133,1.23553,0
1.44809,0.97448,0
2.87308,-0.82014,0
-0.2428,-0.54277,0
3.45992,0.92607,0
2.70451,-0.89495,0
3.14997,0.834,0
-0.4563,0.78576,0
-0.17884,0.8933,0
1.79539,-0.07536,0
0.00705,-0.40804,0
2.19883,-0.44546,0
2.1998,0.17601,0
3.28415,0.99584,0
1.50617,0.95097,0
3.25147,-0.00975,0
3.30324,0.95288,0
0.98013,0.28716,0
1.13336,-0.44245,0
0.43621,-0.76151,0
1.06051,-0.9833,0
0.71419,0.96196,0
1.52509,0.10526,0
2.19501,-0.39832,0
2.57054,0.04821,0
2.72605,0.21877,0
-0.2754,0.68594,0
0.33831,-0.00214,0
2.89739,-0.89062,0
-0.42962,-0.35134,0
3.3504,-0.61224,0
2.73134,-0.8862,0
3.42297,-0.71202,0
0.25435,1.04553,0
3.21539,0.19093,0
1.80935,-1.06661,0
0.87674,0.15006,0
0.20881,0.29943,0
-0.37015,0.79268,0
0.76094,-0.43034,0
3.4505,-0.31771,0
2.15413,-0.27632,0
1.24812,0.71702,0
3.18505,-0.89034,0
2.07041,0.75994,0
1.89917,0.23732,0
2.69022,1.24976,0
2.5644,-0.3003,0
-0.07969,-0.01739,0
0.2067,0.32544,0
3.27285,-0.49088,0
0.96052,-0.40832,0
2.28719,-1.04579,0
-0.46751,0.43358,0
1.98191,-0.8903,0
0.64403,0.96377,0
2.77728,-1.21476,0
1.12278,-0.15458,0
-0.3375,0.33021,0
1.24876,-0.2505,0
1.73296,1.05326,0
1.31615,0.48085,0
2.52968,0.77944,0
2.10167,-0.33099,0
1.11573,0.72369,0
3.43773,0.74674,0
3.21474,-1.06064,0
0.06706,0.04514,0
-0.34657,-0.37705,0
0.2951,1.21519,0
3.33807,0.73342,0
-0.11888,0.40387,0
1.96472,-0.29001,0
3.34629,-0.16911,0
2.67171,1.06826,0
-0.31308,-1.13362,0
1.99216,-0.16277,0
-0.40443,0.31635,0
2.2547,0.49107,0
1.07034,0.29826,0
2.33007,0.07119,0
0.24297,0.4913,0
1.39199,0.37443,0
0.76596,-1.21406,0
0.35596,0.56473,0
-0.41742,-0.10863,0
1.62791,-0.4911,0
0.27705,-1.03675,0
-0.29043,-1.19041,0
3.39228,0.74464,0
2.05319,0.01163,0
-0.08082,1.06326,0
2.98136,0.6293,0
-0.05208,-0.45562,0
0.33137,0.62513,0
-0.30027,-0.51262,0
-0.09065,0.54651,0
0.92727,-0.41663,0
0.39885,-0.77449,0
2.47922,0.77968,0
-0.09038,1.03329,0
2.95181,0.24202,0
0.10737,-1.12374,0
0.81604,0.65845,0
0.2938,1.05559,0
3.21627,0.95265,0
2.02736,0.80362,0
2.65475,-0.65249,0
2.04121,-0.76054,0
0.64528,-1.11677,0
1.1919,0.01931,0
1.00272,-1.11656,0
3.14539,0.73319,0
2.97114,-0.21481,0
1.38586,-0.86021,0
1.76468,-0.38068,0
2.50431,0.9212,0
3.09605,0.28803,0
0.61066,-1.0135,0
2.89632,0.86982,0
2.73446,-1.22757,0
-0.03843,-0.87573,0
3.12421,-0.69847,0
0.75212,-0.99143,0
2.81428,0.48104,0
2.25399,-0.25606,0
1.39915,0.59502,0
2.92729,-0.46761,0
0.90908,0.87552,0
0.85444,0.5246,0
1.93468,0.09095,0
2.3087,-0.77377,0
1.47472,0.67909,0
1.42925,0.08641,0
-0.29038,-0.03809,0
3.30887,1.14126,0
0.82858,1.24295,0
2.0266,0.70906,0
2.33071,-0.49719,0
0.04514,0.01454,0
2.6461,0.35393,0
2.00976,1.12609,0
-0.43317,-0.91374,0
3.43334,-1.24006,0
1.32971,-0.74489,0
3.02558,-0.25697,0
2.27891,0.87237,0
-0.14081,0.50973,0
3.14676,1.19374,0
0.55075,-1.19309,0
0.1495,0.91928,0
2.3325,-1.0557,0
0.35302,0.85932,0
1.06541,0.94884,0
2.81934,-0.53667,0
0.31965,0.11741,0
3.10295,-0.09793,0
2.92223,-0.90297,0
0.39585,-0.68488,0
3.38714,-0.0897,0
2.55413,-0.71129,0
2.28148,-0.60053,0
1.45296,-0.17687,0
2.67637,0.74934,0
2.41272,0.60834,0
1.20653,-1.02099,0
1.4383,0.56264,0
1.92814,0.64281,0
1.78027,-0.73573,0
-0.247,-0.23063,0
3.35124,0.38094,0
1.70392,-1.03368,0
-0.13511,0.62188,0
3.1774,0.69757,0
-0.28103,-0.21658,0
1.47731,0.56127,0
0.81824,-0.77711,0
0.73729,-0.67372,0
1.98399,0.70142,0
2.204,-0.56147,0
0.58238,-0.23614,0
0.44259,0.47035,0
1.1982,-0.95766,0
0.88219,-1.04617,0
2.65791,-0.73439,0
-0.36121,-0.71807,0
3.15482,-1.19841,0
0.33445,0.29142,0
2.24778,0.50061,0
1.62024,0.95412,0
-0.41058,0.5665,0
3.15593,0.48318,0
1.76382,-0.79426,0
1.71087,0.46568,0
3.28375,0.12456,0
2.51114,-0.31291,0
1.22352,-0.12662,0
0.74982,-0.61329,0
2.90207,0.09347,0
2.50015,1.16058,0
2.24266,-0.68532,0
0.32756,0.59248,0
0.55528,-1.09958,0
2.4324,-0.33074,0
-0.45631,-0.35574,0
0.67454,-0.58636,0
2.31679,-0.60919,0
1.10833,-0.32364,0
0.53277,-0.62347,0
0.16875,1.00429,0
0.8065,0.98607,0
1.01889,-0.38241,0
2.95397,-0.41147,0
0.1549,-1.02915,0
0.85106,-0.08999,0
0.4018,0.53498,0
0.84609,0.45734,0
1.45609,-0.20729,0
1.85933,-0.7361,0
1.26492,0.05546,0
2.66612,0.47029,0
3.01276,0.36773,0
0.33039,1.19151,0
0.74487,-0.55672,0
1.92812,0.84415,0
1.41043,0.92239,0
3.33224,-0.92988,0
-0.45323,-0.71008,0
-0.12171,1.07754,0
-0.17295,0.12878,0
3.29056,0.33333,0
2.82827,-0.43757,0
-0.02563,-1.13864,0
1.12794,0.04064,0
2.85661,0.47097,0
0.19485,0.01213,0
1.5594,1.22268,0
0.759,-0.5931,0
2.07238,-0.89622,0
0.86709,0.02606,0
-0.35444,1.05975,0
0.83617,0.64174,0
3.34813,0.65536,0
2.85699,0.56863,0
2.94719,1.21145,0
-0.32437,0.16474,0
2.57978,0.38702,0
0.59862,0.67816,0
-0.35252,-0.14374,0
2.82494,1.16246,0
1.86937,-0.46905,0
1.04487,0.47287,0
3.01316,-0.50001,0
2.51162,-1.09782,0
1.24825,0.2517,0
2.1594,-0.97743,0
-0.06012,0.77827,0
-0.2294,1.17785,0
0.35477,0.6805,0
1.87455,0.08399,0
1.88742,1.02066,0
2.6457,-0.24141,0
1.63121,0.14056,0
-0.16714,-0.4398,0
-0.28385,0.6699,0
0.25816,1.00401,0
1.60858,0.2745,0
1.83721,-0.02803,0
2.22778,0.19919,0
2.09175,0.99997,0
2.24792,-0.56912,0
1.2603,0.6808,0
0.19082,0.81529,0
-0.46672,-0.01117,0
1.67629,0.42818,0
1.30725,-0.01499,0
2.46398,-0.00101,0
2.35359,0.49733,0
1.33071,0.46154,0
3.21198,0.06554,0
0.25765,0.7458,0
2.04745,-0.28026,0
0.01478,1.0908,0
2.94435,-0.20334,0
-0.22448,0.704,0
2.66352,0.10309,0
0.73434,-0.96925,0
2.68318,-0.82063,0
-0.29857,-0.61768,0
0.80061,-0.15894,0
2.39675,-0.16365,0
0.08254,-0.50056,0
1.24891,0.38058,0
1.71486,0.96291,0
0.54213,0.66579,0
3.45875,-1.22694,0
0.76451,-0.44104,0
3.09346,-0.04722,0
0.84418,0.36478,0
1.73842,-0.48385,0
0.95799,-0.08578,0
2.72756,-0.64472,0
3.45574,-0.49052,0
1.28948,-0.97626,0
1.18524,-0.32923,0
3.35253,-0.60897,0
2.78771,0.18034,0
-0.17468,-0.44946,0
-0.30355,-0.15468,0
-0.01115,0.69829,0
0.03406,-0.88173,0
-0.02107,-0.24399,0
0.69205,-0.16633,0
2.66708,0.74869,0
0.58939,0.58949,0
1.00981,-0.65881,0
2.62685,-0.01839,0
1.44365,-1.18024,0
2.75094,1.08699,0
-0.16478,-0.44883,0
3.38641,0.3839,0
1.94431,0.05636,0
1.66572,1.22169,0
0.87528,0.26536,0
0.75116,1.09521,0
1.29684,0.47979,0
1.61549,0.69608,0
3.49427,0.10629,0
0.21966,0.56752,0
3.20355,-1.23213,0
0.58147,-0.70999,0
1.3529,0.40719,0
0.35712,0.78843,0
1.09261,-0.45741,0
1.2801,-1.18587,0
3.49698,-1.01708,0
-0.05108,-0.62585,0
1.75667,-1.07212,0
2.0397,-0.58419,0
0.51858,-0.54444,0
0.39782,-0.27849,0
2.47916,-1.14625,0
0.96694,0.0016,0
1.60847,0.48715,0
1.83982,0.16497,0
3.27,-0.36465,0
-0.0983,-0.14492,0
2.78802,1.07001,0
-0.16886,0.91492,0
1.2636,-0.03015,0
-0.35801,-0.23294,0
1.06369,-0.07004,0
1.69513,-0.85417,0
0.11421,0.73666,0
3.45308,-0.36648,0
2.19001,0.76024,0
0.35535,-0.28323,0
-0.49475,-0.64676,0
1.10707,-1.12332,0
1.73275,0.41938,0
0.47375,-1.08693,0
0.87649,-0.35715,0
1.98008,-0.99002,0
0.09692,-0.58565,0
2.45754,0.61775,0
1.95102,-0.08394,0
1.39518,0.53679,0
-0.42323,-0.50051,0
3.45894,0.91441,0
0.32715,-1.21206,0
2.67088,-0.15673,0
2.57398,1.23025,0
0.74536,-1.05276,0
0.65488,1.19187,0
3.22934,-0.74533,0
2.73499,-0.82691,0
3.00628,-0.40472,0
1.61763,0.18627,0
1.36823,0.23047,0
3.23258,1.06989,0
0.17072,0.88237,0
0.56329,0.00201,0
0.88803,0.25989,0
1.60965,-0.19779,0
0.50427,-0.98666,0
1.6515,-0.3889,0
-0.21442,-0.41904,0
-0.40921,-0.38588,0
1.16519,0.17981,0
3.29871,-1.12266,0
0.08689,-0.75541,0
2.55245,-0.04379,0
2.96884,-1.10434,0
0.17823,0.49948,0
1.55658,-0.5559,0
0.51615,-0.94286,0
3.25526,-0.1448,0
0.38641,-0.2139,0
0.034,1.24112,0
1.44119,0.46921,0
2.08232,-0.83317,0
-0.091,0.50846,0
1.04756,-0.5767,0
2.67322,-1.224,0
3.39366,-0.66216,0
0.84717,0.88068,0
2.7335,0.52753,0
0.42995,-0.7624,0
1.55851,-0.00157,0
2.04579,0.31589,0
0.35338,1.20721,0
0.29067,0.43111,0
0.92529,0.6745,0
1.30693,-0.34944,0
2.72013,0.33799,0
1.85035,-1.18509,0
0.40998,-0.69848,0
0.61135,-0.45587,0
2.23036,0.59067,0
0.72955,0.4609,0
2.53109,-0.07919,0
2.90851,-0.81548,0
1.78606,-0.60782,0
0.25948,-0.67271,0
-0.43067,1.24318,0
0.59393,-0.58975,0
1.72696,-0.29242,0
1.7449,-0.30446,0
2.92212,0.09117,0
1.49146,0.22978,0
3.07766,-1.07826,0
0.66013,1.01979,0
0.88953,-0.76442,0
2.42547,0.56702,0
0.3639,0.85793,0
0.26838,-0.21113,0
2.47764,-0.05069,0
0.74705,0.24098,0
2.00506,0.33219,0
2.09862,-0.40804,0
0.0465,-0.14135,0
2.88588,0.11256,0
0.81504,-0.08806,0
0.54534,0.58233,0
1.10284,0.76561,0
2.75827,-0.13791,0
2.64221,-1.17035,0
-0.14142,-1.11204,0
1.5415,0.44689,0
3.36172,1.24314,0
1.51658,-0.74018,0
0.39107,0.17099,0
2.08818,-0.02981,0
0.87168,1.13389,0
-0.23953,-0.16495,0
0.88961,0.67309,0
1.98129,-0.30488,0
0.56611,1.02552,0
0.94129,-0.00799,0
3.32044,-0.34223,0
2.91826,-0.39764,0
1.59889,-0.06944,0
3.10933,0.74835,0
-0.3543,1.01959,0
1.38142,0.38326,0
0.04618,-0.97207,0
-0.10128,-0.99638,0
1.98958,-0.52744,0
0.41136,-0.78291,0
1.59871,1.152,0
1.77351,-0.46453,0
-0.00871,0.57958,0
1.51858,0.91082,0
2.23899,-1.11307,0
2.4267,-0.75144,0
1.81503,-1.0378,0
-0.08501,-0.15033,0
2.1514,-1.16069,0
1.30386,-0.44711,0
1.84762,-1.00064,0
1.19619,-0.32926,0
-0.09347,-0.0324,0
2.48922,-0.84758,0
2.23923,-0.80635,0
1.31056,-0.9791,0
1.56104,-1.22582,0
-0.42951,-0.79491,0
0.15926,-0.96087,0
-0.16408,-0.83821,0
0.69389,0.66896,0
2.37164,0.98745,0
3.46626,0.42141,0
1.49931,-0.05802,0
0.515,0.67802,0
3.36919,-0.85974,0
3.16631,-0.25635,0
0.37125,1.0435,0
0.4317,0.30456,0
3.41246,-0.22677,0
1.66329,-0.98376,0
-0.47923,1.1266,0
0.52627,0.68108,0
0.79912,-0.92812,0
2.45334,0.84874,0
0.42931,-0.40594,0
0.28593,-0.56867,0
0.26715,0.68536,0
3.48915,0.75237,0
0.17171,1.15066,0
-0.14999,1.08256,0
-0.49862,0.23754,0
0.20595,0.50985,0
-0.00689,0.83236,0
1.54392,0.03541,0
3.39631,0.32284,0
0.52852,0.92734,0
3.10461,0.71613,0
3.2979,-1.09986,0
2.53102,-0.3169,0
2.0605,0.52279,0
2.47213,-0.11623,0
1.89121,-0.56872,0
3.27328,0.97832,0
0.22852,-0.54119,0
2.62907,0.69116,0
0.63609,0.74047,0
2.45429,-0.13197,0
1.66932,-0.41568,0
2.14428,0.78551,0
2.98033,0.3736,0
3.36154,0.7138,0
0.78784,-0.46812,0
2.44983,-0.52231,0
1.14486,-0.58439,0
3.47806,-0.54309,0
0.97518,0.72409,0
1.55449,-0.87948,0
3.41977,-0.62479,0
1.73615,-0.27333,0
0.78011,-0.41701,0
0.01875,-0.10997,0
1.804,-0.34775,0
2.8408,-0.85887,0
1.94661,0.66609,0
1.00007,-0.73077,0
0.56549,-0.63663,0
0.51749,-0.53847,0
2.09088,0.57968,0
3.40699,-0.64522,0
2.61145,-1.15678,0
1.71526,-0.50789,0
0.40749,-0.44037,0
2.81395,-1.22109,0
-0.36372,0.26379,0
3.11819,-0.13508,0
2.75271,0.13378,0
0.65803,0.03394,0
2.37244,-0.88425,0
1.59755,-0.73173,0
3.12509,-0.36146,0
1.23447,0.92253,0
3.30733,1.07346,0
1.57315,0.9772,0
-0.01629,-1.05152,0
-0.36372,0.33317,0
2.97565,1.13496,0
3.29621,0.25211,0
-0.01928,0.58445,0
1.40833,-0.88403,0
1.91418,-0.13833,0
1.14664,1.1867,0
3.00412,0.46102,0
2.33639,0.05837,0
1.58453,-0.67765,0
0.60058,1.06134,0
-0.18346,1.07709,0
2.9757,-0.32434,0
0.0293,-0.27036,0
0.88499,-1.14828,0
1.93683,-1.01847,0
1.23678,0.70732,0
3.09737,0.31667,0
3.08315,-0.01156,0
1.95685,-1.04451,0
1.45021,-0.47688,0
1.05009,0.34054,0
3.08421,0.28696,0
0.04288,1.23077,0
0.01605,-0.99185,0
3.11907,0.73089,0
0.78932,-0.40762,0
1.11202,-1.18446,0
2.58107,0.8272,0
1.10121,0.42755,0
0.65112,0.85724,0
2.40969,-0.74126,0
1.96029,0.73186,0
0.15537,0.63087,0
1.52125,-0.68219,0
0.6916,-0.03649,0
-0.17103,0.34999,0
-0.36111,-0.9789,0
1.44963,-1.00859,0
1.63746,-0.09543,0
2.42336,0.32722,0
1.1067,0.75433,0
0.55075,-0.66382,0
0.94489,1.09131,0
0.5563,0.16128,0
1.41349,-0.38375,0
0.60614,0.57883,0
0.317,0.91655,0
1.00088,0.45365,0
1.38387,-1.12149,0
3.35288,0.27288,0
2.50845,0.28907,0
1.08002,-0.00706,0
0.91855,0.35696,0
2.98034,-0.62121,0
-0.3239,-0.65542,0
2.49556,-0.49415,0
1.65553,0.76029,0
3.25384,0.27899,0
2.56285,0.89182,0
2.83807,-1.15668,0
1.53596,0.66269,0
-0.09784,-1.01019,0
-0.23095,-0.00879,0
-0.46804,0.58954,0
2.37659,-0.52554,0
2.34448,0.64216,0
3.32169,0.34974,0
2.37699,-0.29631,0
0.66494,0.69218,0
3.16666,0.15778,0
0.93876,-0.65852,0
0.31257,1.04481,0
2.50718,0.89468,0
2.17253,0.99073,0
-0.34019,-0.10474,0
0.82194,-0.30553,0
1.03041,-0.51466,0
1.2405,-0.47055,0
2.76715,-0.62046,0
-0.05432,1.13267,0
1.51895,-0.22005,0
2.15229,-0.17441,0
0.33722,-0.42834,0
1.38056,0.71666,0
0.20574,0.77764,0
1.93081,1.1268,0
2.13155,0.34594,0
3.02686,-0.81635,0
0.73242,0.73563,0
0.57425,1.20634,0
1.78448,-1.18937,0
0.58098,-1.03301,0
-0.35099,0.5424,0
1.2667,-0.29652,0
-0.30627,1.03452,0
2.79921,0.48514,0
3.04846,-1.16058,0
0.29907,-0.01518,0
3.16985,1.04337,0
2.47705,-0.14463,0
1.91263,0.45312,0
2.89858,-1.04735,0
1.20773,0.54274,0
-0.10099,-0.10156,0
-0.47609,0.16169,0
3.39301,-0.70989,0
1.55171,1.04054,0
0.63513,0.84495,0
0.84526,0.79959,0
3.40438,0.61039,0
-0.02457,-0.62427,0
1.01294,-0.70477,0
2.36323,1.00703,0
0.97371,-1.19117,0
0.50929,0.94795,0
2.28201,-0.5364,0
1.30348,-0.93336,0
-0.12557,0.89906,0
-0.14394,0.11803,0
2.17145,-1.11665,0
0.90986,-0.4454,0
-0.04116,-1.11679,0
1.23438,0.75038,0
3.39854,0.70876,0
0.54895,-0.93889,0
1.45135,0.42066,0
3.02263,1.13964,0
1.68178,0.63704,0
2.1114,0.64067,0
-0.35508,1.04481,0
0.50755,0.44952,0
3.24371,-0.19981,0
2.71394,-0.53144,0
-0.2756,-0.63363,0
2.26914,0.05931,0
3.2981,0.49407,0
1.02,0.20909,0
-0.42993,-0.08133,0
0.91262,-1.04284,0
3.12988,-1.19942,0
1.70401,1.02305,0
1.27923,0.47297,0
3.48887,-0.37286,0
0.58406,1.07157,0
0.25888,0.9657,0
-0.18271,0.9047,0
0.43962,-1.1033,0
3.4229,1.15065,0
-0.11721,-1.05231,0
0.09221,1.00869,0
1.82868,-1.03467,0
-0.31633,0.19721,0
0.93172,-0.60335,0
2.10125,-0.10942,0
0.40524,-0.72609,0
0.656,-0.57908,0
3.45203,1.10334,0
-0.07726,-0.94508,0
3.01472,0.17744,0
3.13148,-0.92235,0
2.71693,0.95847,0
1.84444,0.05527,0
1.2762,-0.14712,0
0.1892,-0.92991,0
1.98546,0.93626,0
2.38332,-0.12392,0
1.1138,-1.01738,0
2.21054,-0.03523,0
1.63683,-0.25798,0
1.37105,-0.79858,0
1.2524,1.22474,0
1.80233,-0.31613,0
2.95279,1.01144,0
3.31117,-0.10264,0
0.83762,-0.22583,0
3.31785,-1.03564,0
-0.3033,0.08677,0
3.41033,0.23507,0
0.36087,-0.2761,0
1.5253,0.33197,0
0.25469,1.07372,0
3.20594,-1.18896,0
1.53963,0.98966,0
1.9393,-0.52523,0
1.25948,-0.80715,0
1.45283,-0.86064,0
2.48575,-1.13452,0
2.19463,-0.56569,0
1.81857,-0.28927,0
1.4924,-0.18176,0
0.43632,0.67865,0
2.31352,-0.7833,0
0.68455,-1.24586,0
2.98954,1.18709,0
2.36267,1.23097,0
0.01596,0.80193,0
-0.42962,0.21506,0
2.25834,0.74929,0
1.29761,0.99804,0
2.7834,-0.02872,0
-0.10613,0.04693,0
2.06419,-1.21975,0
2.40185,-0.54235,0
-0.48424,0.32594,0
0.53209,0.72472,0
2.89549,0.07607,0
2.20376,-0.95996,0
0.5135,1.06805,0
1.76554,0.63867,0
1.30081,0.61669,0
3.0502,-0.36356,0
2.41294,0.25586,0
0.55434,-0.11035,0
-0.39314,-0.74092,0
2.18594,0.92863,0
0.65095,0.32628,0
-0.23,0.36111,0
1.20434,0.55991,0
2.19982,-0.29575,0
1.94504,0.92087,0
-0.12955,-0.47798,0
2.06788,-0.35611,0
0.00972,0.05986,0
0.78173,0.33884,0
3.18996,-0.28374,0
0.65303,-1.19111,0
1.44075,-1.12463,0
0.68641,1.18922,0
0.14054,-0.98554,0
2.2968,-1.09264,0
1.16068,-0.36001,0
0.70757,0.63323,0
3.02622,0.11982,0
2.90285,0.01886,0
1.34111,0.09456,0
1.8892,0.28853,0
0.98902,1.24831,0
1.35557,-0.82169,0
2.07865,0.93993,0
1.58965,0.94873,0
0.88526,-0.44571,0
0.2394,-0.88226,0
0.208,-0.30533,0
0.45824,-0.3742,0
1.93958,0.46266,0
1.03695,1.02942,0
0.23241,-1.04783,0
2.17766,-0.58521,0
3.2245,-0.82358,0
2.32778,0.93934,0
1.66698,0.94802,0
-0.30313,0.38478,0
2.57203,0.42676,0
2.24297,-1.22139,0
2.86978,0.25345,0
1.19959,-0.90849,0
0.79485,1.10092,0
3.30302,0.25624,0
2.40468,0.80406,0
1.31473,1.00321,0
2.07386,0.42016,0
3.3219,1.11222,0
-0.05488,-0.86477,0
0.48481,-0.20126,0
-0.29947,-0.35798,0
0.9571,0.31961,0
1.00456,-1.24553,0
0.3782,0.80562,0
2.74675,0.75857,0
2.63159,0.70664,0
2.49284,-0.87001,0
-0.48561,1.04511,0
3.32571,-0.85604,0
0.02539,0.14593,0
0.40784,-0.49184,0
1.25567,-1.21288,0
0.48612,-0.41328,0
-0.28151,0.56293,0
0.99217,0.86445,0
2.14426,0.5836,0
1.58239,0.26038,0
2.54066,0.80375,0
1.89218,-0.9699,0
0.98758,-0.60283,0
0.7926,0.33836,0
3.26317,-0.53375,0
1.62507,-0.32516,0
2.9986,0.39839,0
-0.02705,-0.45635,0
0.94006,0.88239,0
-0.03249,1.09969,0
3.17721,0.36572,0
2.57918,1.23868,0
0.37387,-0.45676,0
1.17339,0.16318,0
-0.33092,-0.14682,0
2.55592,-0.92067,0
2.57895,-0.38503,0
1.7161,-0.26404,0
0.69996,0.37129,0
2.23912,-0.04871,0
0.08127,-0.60909,0
-0.49194,-0.88147,0
1.21923,1.03135,0
1.91668,-0.18484,0
3.29015,0.38089,0
-0.32963,-0.51172,0
0.80367,0.77188,0
0.12673,-0.54578,0
2.63463,-0.35467,0
-0.06515,0.56066,0
1.25278,0.04289,0
2.90653,0.90719,0
1.91407,1.09175,0
2.62661,-0.08893,0
2.81814,0.1098,0
0.35512,-0.36579,0
-0.0922,-0.13819,0
2.88103,0.02452,0
2.76821,1.15451,0
-0.00155,0.93697,0
0.65641,0.65848,0
2.70522,0.87475,0
0.19591,0.22169,0
0.65082,-0.78552,0
1.73811,0.73705,0
2.04619,0.52912,0
0.64988,0.42432,0
0.76818,0.04963,0
0.14695,1.2384,0
1.99127,0.21567,0
1.37023,0.3141,0
2.74626,0.26887,0
1.52285,1.061,0
1.64115,-0.68557,0
-0.13767,-0.12294,0
-0.18276,-0.43891,0
0.89329,1.05517,0
2.78657,-0.72156,0
2.08116,-1.09857,0
3.36601,1.21129,0
3.0376,-0.70101,0
0.18809,0.13251,0
1.99402,-0.11716,0
1.09089,-0.19696,0
2.17086,0.50146,0
-0.27463,1.17837,0
1.7002,-0.34134,0
0.38522,-1.04673,0
2.25695,0.37274,0
2.00902,0.62169,0
0.78454,0.91268,0
3.13992,-0.01286,0
2.3692,-1.05275,0
1.43009,-1.11438,0
2.0093,-1.21068,0
0.60436,-0.48811,0
-0.19801,-0.75828,0
0.32234,-1.11533,0
2.62429,1.22603,0
-0.23098,-0.81638,0
0.89743,0.17973,0
3.11928,0.58647,0
1.41894,1.0781,0
3.02314,-0.11832,0
1.90884,-0.03179,0
1.07188,-0.18059,0
1.11043,0.41194,0
0.05683,-0.13547,0
-0.09809,0.12751,0
2.40548,0.07453,0
3.28252,-0.64056,0
3.172,1.06098,0
1.2616,0.96837,0
0.96779,0.27632,0
3.4079,-0.72682,0
0.12266,1.23086,0
-0.1487,-1.18279,0
0.3628,-1.11377,0
0.28926,-0.3369,0
3.27367,0.32389,0
-0.46611,0.5846,0
0.23315,-1.08691,0
0.00146,-0.85538,0
2.99819,-0.68289,0
-0.2338,1.19347,0
3.48891,1.19769,0
3.36144,-0.30838,0
1.69878,0.2653,0
-0.28451,-1.21049,0
0.63752,1.02385,0
-0.45519,1.06871,0
3.45932,0.24947,0
3.25515,-0.59162,0
2.22538,0.98674,0
2.29197,0.02001,0
-0.02206,1.11259,0
0.104,1.01601,0
2.64194,1.09601,0
2.23452,0.56651,0
1.65068,-0.16423,0
2.67479,0.40501,0
2.04475,-1.0161,0
0.98829,-0.26923,0
1.89697,-0.12827,0
1.82459,-0.65978,0
1.47338,0.59571,0
1.66995,0.46527,0
0.54637,-0.21398,0
2.48249,-0.00755,0
-0.46474,0.27429,0
2.54102,0.82509,0
0.69268,0.42578,0
1.3899,0.00514,0
1.02542,-0.48287,0
-0.00977,-0.72457,0
-0.05174,1.03544,0
1.51986,0.42335,0
2.08131,-0.18451,0
2.82893,-0.68021,0
0.98134,0.04899,0
-0.30063,-0.65737,0
0.91368,-0.51733,0
1.12983,0.43445,0
-0.27415,1.05199,0
2.19228,0.77735,0
1.77736,-0.25677,0
3.44446,0.19702,0
3.07116,-0.79417,0
1.96166,-0.63718,0
0.69066,-0.95754,0
0.46975,-1.02541,0
2.99062,0.30519,0
-0.4543,-0.84788,0
2.34175,-1.22418,0
-0.09618,-0.13534,0
0.71064,-0.72249,0
2.80178,0.8381,0
2.32399,0.67982,0
3.47359,1.0011,0
3.151,0.13243,0
3.00912,0.35051,0
0.43737,-0.04348,0
-0.15994,-0.00783,0
2.83455,0.66253,0
2.7826,0.35788,0
0.34333,0.05281,0
2.32643,-0.26826,0
1.19552,0.82093,0
2.81167,-0.86363,0
3.205,0.38026,0
0.48486,-0.94393,0
3.28073,0.40763,0
3.49078,0.92551,0
1.37758,-1.09998,0
1.3747,-1.23978,0
1.69454,0.95419,0
1.83202,-0.47889,0
2.30649,0.61051,0
3.46875,-0.97256,0
0.21058,0.91122,0
3.35141,-0.49319,0
0.78568,-1.01508,0
2.08227,0.10095,0
2.89754,0.91827,0
0.52043,-0.92477,0
0.50468,-0.72664,0
0.52196,-0.58635,0
-0.36962,-0.72766,0
3.47305,-0.82021,0
0.82358,0.04809,0
-0.3018,0.47483,0
0.14661,0.31976,0
1.41759,-0.51862,0
1.44334,-0.9148,0
2.75174,-0.47754,0
-0.39531,-0.97251,0
0.40455,-0.16773,0
0.35197,-0.69328,0
0.3294,-0.35983,0
0.64885,1.1201,0
2.5625,0.48211,0
0.31344,0.36639,0
0.60699,-0.24029,0
2.20292,1.01047,0
0.26234,-0.85794,0
1.59329,0.14238,0
0.29811,-0.11354,0
2.08453,-0.31658,0
1.78086,-0.58859,0
1.63776,0.04478,0
-0.04489,-0.22628,0
0.82368,1.0498,0
3.18794,0.75413,0
-0.26806,-0.17073,0
1.16549,-0.36264,0
0.42484,-0.8941,0
1.00751,-0.53677,0
-0.15957,0.35087,0
1.48809,1.10059,0
1.34731,-0.21345,0
-0.42899,-0.10636,0
2.19058,-0.27785,0
2.90801,-1.00796,0
2.94534,0.29602,0
0.3781,0.76404,0
3.20592,-0.94496,0
3.17454,0.97788,0
0.54314,0.29782,0
-0.19823,-0.64842,0
1.22142,-0.62176,0
0.74883,-0.96066,0
-0.10131,-0.13861,0
0.63799,-0.66395,0
1.34004,0.97687,0
1.39117,-0.82118,0
1.08562,-0.54291,0
0.91964,0.20993,0
2.96959,0.89672,0
1.57489,-0.1152,0
1.38731,-0.68193,0
0.91195,-0.34907,0
2.24864,0.26408,0
2.75855,1.2317,0
-0.42963,1.06656,0
3.38283,-1.20534,0
0.86229,0.80037,0
2.06927,-0.67792,0
0.63998,0.70825,0
1.82219,1.00505,0
1.7884,-0.83911,0
1.02665,0.7684,0
0.48947,-0.89853,0
2.72886,-0.43494,0
1.33238,0.92617,0
3.30637,0.83002,0
0.27039,1.14822,0
3.46059,0.14463,0
1.77343,-0.07265,0
1.67526,-0.59232,0
3.40481,-0.49078,0
2.24629,-1.0384,0
2.03099,-0.12384,0
1.76557,0.53682,0
-0.42609,1.14763,0
0.34782,-0.8595,0
0.0254,1.09286,0
0.29372,0.61199,0
2.16059,-0.4282,0
2.06579,-0.01598,0
2.89552,-0.98786,0
3.09241,0.69284,0
0.61696,0.72243,0
-0.45084,-0.42586,0
2.50845,0.94777,0
1.90024,-0.84681,0
1.22411,0.13324,0
2.27367,0.13844,0
2.54055,0.54212,0
2.21749,-1.06907,0
3.20052,-0.03572,0
0.31727,-1.18796,0
-0.27658,-0.41394,0
2.87099,-0.10667,0
2.06652,-0.98291,0
3.41872,-0.29642,0
0.27355,-0.25567,0
-0.48988,-0.08463,0
-0.2109,0.56299,0
2.59929,-0.00632,0
1.8714,1.12849,0
1.09796,1.23285,0
0.35299,0.62573,0
0.65464,0.55581,0
1.91118,0.29494,0
3.28276,-0.52234,0
0.59414,-0.40326,0
0.00199,-0.78989,0
3.05854,-0.98172,0
0.24086,-0.75447,0
0.58217,1.15533,0
0.54923,0.59336,0
3.07002,-0.56063,0
2.58233,0.035,0
0.19343,-0.41649,0
1.19955,0.72059,0
2.45347,1.01287,0
2.98625,0.90386,0
3.02094,0.26848,0
3.07324,0.69716,0
0.11641,0.54699,0
0.57996,0.1055,0
0.85099,-0.74546,0
2.6772,-0.17637,0
0.81678,0.18598,0
0.85992,0.43556,0
2.31762,0.24098,0
1.59497,-0.7574,0
-0.21004,0.69793,0
0.9539,0.15304,0
-0.00553,1.15223,0
0.90322,-0.88756,0
-0.15236,-0.94235,0
1.03681,0.94358,0
1.67137,-0.70981,0
2.44291,-0.84418,0
0.23609,0.75687,0
0.52994,-0.59298,0
0.16853,-1.03001,0
0.10958,0.96487,0
0.21719,1.00732,0
0.09832,-1.1607,0
1.33005,0.19237,0
1.09006,-0.55952,0
0.50107,0.92569,0
2.39935,1.08496,0
3.10239,0.64089,0
0.05607,-1.00039,0
1.85979,-0.10307,0
3.35727,1.01696,0
-0.10455,0.27048,0
3.13377,-0.67677,0
0.89849,0.39143,0
-0.23061,0.65967,0
0.84086,-0.75852,0
-0.0167,-0.27479,0
1.01906,0.14158,0
0.08816,-0.73356,0
2.17693,1.22446,0
0.97415,-0.3199,0
1.38773,0.60935,0
2.05426,1.01964,0
2.39279,1.03889,0
3.47466,-0.83884,0
0.97258,1.03764,0
-0.06803,0.73483,0
0.80657,-1.16704,0
0.09527,0.64909,0
-0.31294,-0.52561,0
0.80192,-0.51486,0
1.56821,-0.78886,0
0.01869,0.65002,0
2.28888,0.05627,0
2.65372,-0.66046,0
-0.11317,0.204,0
1.28463,-1.14967,0
0.24692,0.39592,0
0.357,-1.14386,0
1.06448,-0.69186,0
1.58551,0.39783,0
3.25559,-0.10032,0
1.53399,1.04386,0
1.49936,-0.03869,0
-0.03359,-1.14549,0
0.46952,-1.19608,0
0.72064,-0.83265,0
3.2097,0.78353,0
2.00258,0.7339,0
1.20953,1.13453,0
0.9875,1.24454,0
2.16237,-0.21961,0
1.04619,-1.22797,0
3.37178,-0.5114,0
-0.06895,0.14519,0
1.48833,0.77876,0
1.58182,0.10226,0
3.02007,-0.27943,0
2.6462,-1.02903,0
1.07989,-0.56719,0
3.25496,-1.10788,0
1.28854,-0.86449,0
2.49506,-0.08931,0
0.73817,-0.33914,0
2.86822,0.40122,0
0.51876,-1.20189,0
1.17061,-0.00523,0
0.79775,0.4466,0
0.08707,0.98801,0
2.90148,-1.01878,0
0.53293,-0.18461,0
3.29658,0.48759,0
1.29823,0.58466,0
2.55667,0.90786,0
3.197,1.07267,0
3.43465,1.09434,0
0.1364,0.72148,0
0.14168,1.10491,0
-0.03844,0.70383,0
0.64276,0.29098,0
-0.01922,1.12237,0
2.33834,1.05426,0
1.53885,0.83411,0
3.33036,0.10817,0
1.84381,-0.93975,0
1.75678,0.16521,0
0.91642,-1.08166,0
2.06573,0.49825,0
2.01246,0.62199,0
2.27671,-0.73417,0
0.7175,1.17691,0
-0.43361,-1.12989,0
1.75567,-0.63343,0
0.16037,-0.13332,0
-0.45934,0.63003,0
1.63524,0.80623,0
2.64682,0.51004,0
1.3869,0.29423,0
2.94352,-0.47556,0
2.54411,0.67416,0
2.75634,-0.9894,0
-0.42963,-0.38242,0
3.23696,-1.03831,0
2.60846,-0.22684,0
2.60767,-0.48437,0
1.25381,0.02594,0
1.62446,-0.853,0
2.01754,0.54936,0
1.87576,-0.75998,0
0.12087,1.01004,0
0.68347,-1.20171,0
2.70323,0.49979,0
0.23947,-0.57226,0
-0.01103,-0.84159,0
0.81072,0.02986,0
3.02659,0.56473,0
1.53551,-0.91063,0
1.12694,-1.03452,0
1.02056,0.67792,0
2.57098,-0.69197,0
0.66226,0.17432,0
0.31326,0.66645,0
1.98424,0.93826,0
2.12871,0.91014,0
-0.29255,0.27672,0
0.29058,0.34542,0
0.58621,0.61948,0
0.91237,-0.24614,0
0.13339,-0.92424,0
1.1196,0.35204,0
2.3808,-0.74329,0
1.73184,-0.42482,0
1.27864,-0.8864,0
3.41444,-0.70953,0
1.70249,-0.29922,0
3.08174,-0.33594,0
0.36105,0.70648,0
2.92511,-0.37179,0
1.5008,-1.09516,0
3.46627,0.01814,0
0.29087,0.90297,0
1.95356,-0.97366,0
1.67894,-0.20252,0
1.9066,0.49038,0
-0.34084,-0.84797,0
1.0992,-0.22602,0
2.64329,-0.97122,0
2.9957,-0.80159,0
-0.26881,1.06688,0
1.39728,0.29196,0
1.41891,0.77148,0
2.59791,-0.54936,0
0.90312,-0.81783,0
0.78697,-0.44659,0
2.91979,0.7432,0
3.13764,0.3971,0
3.30477,-0.53847,0
2.32097,0.25789,0
2.93949,0.55092,0
1.32816,-0.67075,0
1.60634,-0.56148,0
0.87369,0.96925,0
0.83559,-0.35719,0
2.28606,0.54762,0
1.37876,-0.76058,0
0.91873,-0.2103,0
2.64419,-1.17472,0
0.85202,-0.2862,0
2.06866,0.7978,0
1.17672,0.4206,0
0.08418,-0.3365,0
0.20236,0.30943,0
0.50192,-0.65663,0
1.93697,-0.16265,0
1.21123,-1.12563,0
1.03346,0.53919,0
0.42616,0.21305,0
2.85168,1.04988,0
3.18269,-0.5393,0
0.27586,-0.12986,0
1.44051,-0.39342,0
0.38276,0.02235,0
3.07414,0.99131,0
0.26242,0.44243,0
2.57678,-1.03537,0
1.58817,-1.14611,0
0.58538,0.9133,0
2.47555,0.23181,0
1.394,0.2927,0
0.67465,-0.64077,0
0.14281,-0.12997,0
0.43178,0.47079,0
2.15542,0.4606,0
1.70301,0.9786,0
3.06724,-0.96918,0
0.02878,-0.06779,0
1.80109,-0.22474,0
1.20647,0.97125,0
3.19084,0.10447,0
1.18496,0.95741,0
1.89303,-1.21069,0
0.66631,-0.76411,0
-0.30182,-0.9289,0
3.26798,0.14023,0
1.67989,-0.60005,0
-0.26951,0.09442,0
2.97302,1.19083,0
1.01928,0.88183,0
0.44779,0.16083,0
2.28615,-1.0669,0
2.15381,-0.38617,0
1.79574,-0.77676,0
1.18048,-0.77785,0
2.31298,0.0116,0
-0.37879,0.86375,0
3.14502,0.80559,0
2.21784,0.6703,0
0.87339,-0.36377,0
3.37164,0.5379,0
2.46771,0.32905,0
0.28185,0.02134,0
0.67301,0.141,0
0.18211,1.17378,0
2.8069,0.77407,0
3.11535,-0.71794,0
2.57605,0.08708,0
2.69886,-0.64498,0
1.80099,-0.3905,0
2.29822,0.00561,0
3.04159,0.76217,0
2.06686,0.87636,0
0.00821,-0.23029,0
1.55958,-0.02093,0
2.97271,-0.652,0
1.0172,-0.87195,0
2.36725,-1.03108,0
1.14105,-0.76033,0
1.23324,-0.39666,0
3.37196,-0.6747,0
2.09479,-0.88273,0
-0.10178,-0.16073,0
-0.29492,0.48347,0
1.25262,0.44715,0
3.28197,0.10118,0
2.08178,1.08351,0
2.62244,-0.38305,0
3.1474,0.91121,0
-0.41844,-0.90749,0
3.32325,1.18904,0
0.7362,-0.49205,0
-0.25759,-0.98203,0
-0.21355,0.42339,0
2.12234,-0.0338,0
1.36686,1.17302,0
2.16031,-0.67752,0
1.0114,-0.91862,0
2.73119,0.58233,0
3.44274,-1.20531,0
3.23273,0.69305,0
3.46021,-0.51489,0
1.68251,-0.73218,0
0.2688,-0.24041,0
2.4946,0.91516,0
2.48595,1.18832,0
0.30858,-0.77136,0
2.94725,-0.78015,0
-0.37268,-0.56758,0
2.9437,-1.13971,0
3.00845,0.37796,0
1.46297,0.92707,0
-0.16869,-0.10768,0
3.05115,0.99973,0
2.60065,0.20301,0
2.6581,-0.37923,0
1.94128,0.00391,0
3.08642,-0.15223,0
0.00671,0.63972,0
3.43175,-1.1571,0
1.26471,-0.07463,0
0.17871,0.91228,0
-0.25128,-0.9673,0
1.61719,-0.81394,0
2.76938,0.65487,0
0.68768,-0.74017,0
3.23629,1.09961,0
-0.15602,0.66504,0
0.37019,0.31197,0
2.7048,1.02977,0
2.73155,0.80753,0
2.85526,-0.7403,0
1.80577,-0.76221,0
-0.19968,0.32233,0
1.42267,0.32272,0
0.22953,0.64696,0
1.3806,1.11983,0
0.14516,0.60658,0
0.08283,-0.62032,0
0.98853,-0.13281,0
-0.30979,0.51889,0
1.5201,0.69828,0
1.85616,0.08718,0
1.17728,0.48524,0
1.09147,-0.05217,0
2.69462,-1.23372,0
2.68432,0.00728,0
0.95015,0.1695,0
2.42935,0.36483,0
2.88075,0.51607,0
0.65825,-1.23236,0
1.51769,0.7237,0
-0.07181,1.11715,0
2.71589,-1.11293,0
-0.03509,-0.26892,0
0.16672,-0.388,0
1.25448,-0.18687,0
2.87352,0.85451,0
0.72712,-0.00748,0
2.72654,-0.62621,0
3.14036,0.12761,0
0.76987,-0.04479,0
-0.27645,0.17994,0
3.44531,-0.70808,0
-0.39668,-0.49966,0
1.96958,-0.54116,0
0.02766,-0.81794,0
-0.38511,-0.3616,0
0.59459,-1.10502,0
1.20771,-1.11581,0
3.13379,0.21769,0
-0.29405,0.09392,0
0.71881,0.7406,0
-0.13647,-0.28595,0
-0.12883,-0.48939,0
1.25212,0.98479,0
2.28804,-0.41313,0
1.21301,-0.17957,0
1.36508,-0.75013,0
1.90719,-0.14302,0
-0.29157,-1.05322,0
0.08635,1.01189,0
1.20301,-0.07808,0
2.22319,0.87445,0
1.51991,0.72938,0
3.06244,0.6738,0
1.16173,-0.20789,0
1.81593,0.65235,0
1.4357,0.0485,0
-0.22189,0.52356,0
-0.08176,-0.67056,0
1.74895,-0.67502,0
1.34878,-0.02705,0
1.45823,0.29813,0
0.81299,-0.13126,0
3.20873,-0.03809,0
-0.21137,-1.1214,0
-0.42285,0.0916,0
1.50669,0.8685,0
2.46848,-0.7291,0
3.4644,0.93336,0
2.5834,-1.15041,0
2.27648,-0.52404,0
0.04369,-0.65924,0
1.9529,0.94147,0
-0.24485,0.96336,0
2.71259,0.37125,0
2.2589,-1.09923,0
3.25088,-0.68431,0
2.73946,-0.23678,0
2.92542,-0.14901,0
1.64844,0.80881,0
3.48968,0.83508,0
0.76787,-0.64419,0
0.47982,-0.52584,0
-0.45691,-0.7012,0
2.67857,-0.9175,0
3.42699,-0.86556,0
3.45499,-0.96171,0
3.3339,-0.27693,0
2.03357,0.9903,0
0.05907,-1.1946,0
0.13428,-1.00061,0
1.19408,0.67359,0
0.87777,1.19914,0
1.12904,0.3664,0
0.23301,0.3149,0
0.78882,1.07238,0
2.44524,0.61326,0
-0.20826,-0.24715,0
3.10093,-0.59356,0
1.60684,0.56752,0
0.55152,-0.49916,0
2.73329,-0.91948,0
2.82464,-0.01147,0
1.36422,0.4256,0
3.08304,0.9547,0
0.49581,-0.10281,0
2.73938,-0.2689,0
0.24229,-0.14925,0
0.39724,-0.28319,0
3.235,-1.07592,0
1.7121,0.60719,0
3.39014,1.2326,0
1.62671,0.04522,0
1.25649,-1.20493,0
1.41209,-0.73556,0
2.67639,-0.6802,0
2.21773,-0.45262,0
1.79635,0.49144,0
1.90927,0.51779,0
2.98487,0.35252,0
-0.39662,-0.83661,0
1.31163,-0.92881,0
3.47511,0.14389,0
2.59436,1.24311,0
0.37107,-0.73921,0
1.84873,0.36817,0
0.54429,0.09199,0
1.64362,0.68431,0
2.9384,0.91133,0
0.06184,1.17692,0
2.77469,0.49908,0
3.11871,-1.12232,0
0.07639,0.27351,0
2.92195,0.63344,0
0.81233,-0.21402,0
0.45656,1.16089,0
2.47284,-0.27214,0
0.54431,0.47659,0
3.32701,-0.05811,0
3.14753,0.11383,0
1.55205,1.16318,0
3.45357,0.7414,0
0.23495,-0.08377,0
0.24811,1.03864,0
0.1028,-0.25864,0
3.26767,0.71904,0
0.72734,0.50058,0
-0.24219,-1.13614,0
1.56227,-0.11211,0
1.65185,-1.03859,0
3.27595,0.32147,0
0.48665,-0.21978,0
1.87378,1.07642,0
1.41157,-0.74174,0
0.78773,-0.45175,0
3.45974,1.10633,0
2.24433,0.98674,0
3.44534,0.45301,0
0.40445,-0.9767,0
0.91992,0.9912,0
-0.01818,1.06886,0
2.19032,1.05172,0
1.90551,-1.0504,0
3.48469,1.13544,0
1.22211,0.29275,0
0.79213,1.04021,0
3.20157,1.17646,0
1.21431,0.49723,0
0.03757,0.43859,0
1.4626,-0.38702,0
2.22371,0.20752,0
0.5248,-1.14687,0
0.35695,1.19799,0
2.84973,0.65996,0
-0.1435,0.39897,0
3.2938,-0.59531,0
1.38384,-1.064,0
0.24011,0.04536,0
3.05058,0.36015,0
1.77747,-0.84686,0
1.29634,0.28396,0
0.91866,0.77335,0
-0.26529,-0.14675,0
0.43855,-0.59406,0
1.73549,1.2091,0
1.5768,1.0346,0
1.55242,0.67171,0
3.29307,0.34302,0
2.87001,0.73245,0
3.13438,0.07304,0
3.3504,0.16974,0
1.37841,0.01401,0
-0.10869,0.71536,0
2.23052,-0.38877,0
2.81501,-0.37049,0
-0.44207,-0.27872,0
-0.01152,0.20662,0
-0.01766,0.55636,0
0.44232,-1.17982,0
1.10198,-0.05275,0
1.70188,1.20497,0
0.48364,-0.58354,0
2.95231,-0.18107,0
0.38587,0.8821,0
2.99506,-1.08739,0
0.28157,-0.32869,0
1.08855,0.9734,0
0.31528,0.91093,0
0.71639,-0.14912,0
3.30109,-0.3411,0
2.42527,0.98802,0
1.75395,0.81233,0
0.31315,0.1208,0
3.43566,1.02814,0
1.04098,-0.1182,0
2.12129,0.52742,0
2.56759,-1.13021,0
0.04329,-1.12429,0
1.26606,-0.89497,0
1.33031,1.19409,0
3.34237,0.42039,0
1.94884,0.00301,0
2.1596,0.43997,0
-0.43485,-0.67342,0
2.32313,0.95244,0
-0.49135,0.45308,0
1.96886,0.86099,0
0.24565,0.14369,0
1.57492,-0.8471,0
2.24272,-0.19568,0
3.17121,0.92884,0
-0.48889,-0.31058,0
0.41449,1.09554,0
3.28293,-0.11193,0
1.77263,0.10506,0
1.58555,0.49455,0
1.08777,0.39407,0
1.69738,-0.79774,0
1.52267,-0.24844,0
1.00145,-0.9709,0
1.29204,-0.72911,0
3.37757,0.23978,0
1.68151,-0.92203,0
2.40984,-0.59113,0
1.86993,-0.7299,0
2.5641,0.05689,0
3.32217,-0.79652,0
2.84939,0.47055,0
1.94394,1.2102,0
0.68134,-0.17831,0
2.56367,1.17812,0
2.65125,-1.23692,0
2.22563,-0.68903,0
0.24672,-0.07081,0
1.25769,-1.15942,0
2.20423,1.13517,0
1.63992,-0.0358,0
1.01754,0.79323,0
0.162,-0.32946,0
-0.37275,-0.58283,0
-0.14976,-0.74432,0
3.17741,-0.86224,0
-0.32272,-1.01316,0
0.10043,-0.63797,0
1.5251,0.42955,0
1.29548,1.05867,0
0.4667,0.751,0
1.99392,-0.90455,0
2.1937,0.4062,0
2.33257,-0.74712,0
2.61744,-0.01811,0
2.57999,0.37113,0
-0.21511,0.07448,0
3.22789,-0.17728,0
1.63797,0.67373,0
2.55539,0.57,0
3.11638,-0.89932,0
1.07749,-0.69558,0
0.01924,0.68418,0
0.33835,1.22648,0
1.78982,-0.05,0
-0.30038,0.24123,0
-0.47963,-0.11683,0
2.32642,-0.07877,0
1.45028,-0.16877,0
2.83939,0.22677,0
-0.03088,-0.83353,0
2.733,0.6339,0
1.41512,-0.1947,0
2.03007,-0.10006,0
1.67062,-0.61334,0
-0.19899,-1.02203,0
0.43306,0.06034,0
0.42451,-0.58616,0
3.25867,0.88257,0
3.40997,-0.12784,0
0.88394,-0.74069,0
2.80933,0.84862,0
0.73671,0.91795,0
1.92649,0.15268,0
0.78799,-0.16427,0
-0.35743,-0.37839,0
3.42065,0.40858,0
2.07617,-0.25257,0
3.16303,-0.1551,0
0.9514,-1.07122,0
0.74872,0.80809,0
0.58612,1.00081,0
1.42669,0.47079,0
0.51838,0.8714,0
2.82378,0.2598,0
3.29118,-0.12836,0
3.18236,-0.27411,0
1.79194,0.28879,0
1.08899,-0.91141,0
1.33623,-0.73879,0
0.31239,-0.89425,0
1.12482,0.42509,0
0.03089,-0.98677,0
3.23184,-1.02672,0
2.55532,-1.2154,0
-0.38955,0.38706,0
2.98579,-0.21281,0
-0.39147,-0.77962,0
1.39821,0.11293,0
0.20633,0.2855,0
-0.08369,0.567,0
1.43987,1.16257,0
1.1603,0.68988,0
2.00867,-0.61952,0
1.07095,-0.52663,0
3.16264,0.82275,0
2.01941,0.24712,0
1.39723,0.24317,0
2.09246,1.04053,0
2.55177,-0.54795,0
2.32529,0.15832,0
2.62525,0.44434,0
2.23,-0.65174,0
3.00996,-0.82002,0
3.48637,-0.72426,0
0.30025,1.02623,0
0.20565,-0.4768,0
2.34264,1.10409,0
2.5423,-0.37051,0
-0.3107,-0.78112,0
2.61646,0.44265,0
-0.08509,-1.23614,0
2.50498,1.01502,0
0.24815,-0.64006,0
2.62315,1.15119,0
1.87639,-0.29262,0
0.56218,-0.20359,0
3.42518,-0.40687,0
0.00297,1.04987,0
0.13638,-1.22762,0
2.98059,0.02834,0
0.79442,0.7611,0
1.96709,-0.74314,0
2.83971,-0.18524,0
1.31581,-1.05352,0
3.34138,0.04308,0
0.2963,0.79405,0
0.71096,0.33782,0
2.1795,-1.01942,0
1.79404,-1.0718,0
0.21117,0.89704,0
3.45551,0.57273,0
0.36197,0.34989,0
2.19119,-0.48812,0
2.47639,0.44831,0
-0.46015,-0.68622,0
3.48341,-0.93437,0
1.29712,0.16462,0
3.01247,0.73787,0
1.79653,-0.11226,0
1.67042,1.03,0
1.76242,-0.29701,0
0.37425,-0.6334,0
2.36556,1.00997,0
0.06944,0.89146,0
-0.43417,-0.22544,0
2.10377,0.43374,0
3.20413,0.00546,0
0.67171,0.01626,0
3.2966,0.75873,0
1.84592,0.90739,0
-0.49635,-0.33511,0
1.98616,0.75747,0
3.36252,-1.13949,0
-0.00549,-0.24198,0
-0.03525,-0.46675,0
2.47356,0.3762,0
2.68184,0.98322,0
1.19241,0.87422,0
2.45246,0.97524,0
1.49256,0.29915,0
1.21267,0.54127,0
1.83717,0.03267,0
1.79862,-0.13449,0
-0.16609,0.45612,0
1.83663,0.67078,0
1.30482,0.13937,0
2.13483,0.00266,0
3.19464,-0.94527,0
2.07744,-0.53534,0
2.73123,-1.18008,0
1.07324,-0.5345,0
0.64781,-1.23198,0
1.732,0.31574,0
-0.33677,0.2552,0
0.47974,0.24906,0
-0.28747,-0.30212,0
0.22594,1.00214,0
2.82199,0.87685,0
2.64726,-0.89406,0
1.55808,0.17954,0
1.66044,0.14093,0
3.32962,0.66055,0
2.74307,0.66498,0
3.40805,-0.06351,0
3.4994,-1.0922,0
0.11288,-0.88564,0
0.49551,-0.47802,0
0.52875,1.16417,0
0.74818,-0.42018,0
2.72026,0.77727,0
2.32279,-0.61747,0
0.81333,-1.11302,0
0.04359,1.08834,0
2.23463,0.28789,0
0.18245,-0.00042,0
0.78697,1.06121,0
1.40931,-0.83565,0
1.24183,-0.61636,0
-0.16852,0.867,0
-0.03198,0.61944,0
-0.35405,1.11665,0
0.54975,1.10613,0
1.68145,-0.68636,0
3.12205,0.50466,0
2.591,0.44197,0
2.88695,-1.13879,0
1.82603,-1.04188,0
2.78549,-0.57438,0
0.47751,0.56638,0
1.11562,0.23644,0
0.28746,1.02317,0
1.13895,-1.14173,0
0.94357,1.12626,0
0.77608,-0.96007,0
1.65659,-0.77501,0
1.69904,-0.68473,0
1.80112,-0.1699,0
-0.44698,0.06211,0
2.62391,-0.63734,0
0.04953,1.12839,0
1.0882,-1.16963,0
2.87654,-0.69092,0
0.26579,0.94555,0
1.52194,0.41834,0
3.24491,-0.60629,0
2.41356,-0.18127,0
2.41899,1.02684,0
2.20916,0.8967,0
2.12668,0.53008,0
0.49316,-0.69145,0
1.67937,0.23321,0
3.20251,0.55434,0
1.47514,-0.42804,0
1.02168,0.86387,0
1.62785,0.09385,0
0.67785,-1.01997,0
2.07788,-0.57872,0
1.93111,0.14993,0
0.98493,0.25579,0
2.81954,-1.24951,0
-0.23684,-0.89071,0
3.41651,-0.7594,0
1.07871,-0.85645,0
2.2934,0.06094,0
0.71618,0.05319,0
0.68668,0.53813,0
1.07258,-0.47749,0
1.00514,-0.18915,0
2.59505,0.61712,0
2.80684,0.47295,0
1.53161,0.67448,0
1.55546,0.28381,0
2.9839,-1.06926,0
0.80776,-1.09276,0
1.78477,0.76903,0
3.49022,-0.64012,0
0.77693,-0.67214,0
0.53241,0.87084,0
1.74637,-0.03897,0
-0.12531,1.12689,0
3.25146,0.44985,0
-0.00567,0.58471,0
2.79464,-1.01099,0
0.07567,0.13714,0
1.04338,0.77023,0
0.63295,-0.33946,0
-0.46763,-0.92818,0
2.71495,0.82309,0
2.1946,-0.08301,0
-0.19792,1.11716,0
0.44601,1.18813,0
0.73287,0.63535,0
0.93496,0.22323,0
2.73827,-0.21346,0
-0.39451,0.00709,0
0.66222,-0.54102,0
3.48605,1.22228,0
-0.09449,1.22181,0
1.71238,0.06704,0
1.87986,0.02373,0
2.90403,-0.76933,0
2.05014,0.02402,0
2.65433,0.3134,0
3.15833,-0.98551,0
-0.1735,-0.19094,0
2.45499,-0.72668,0
3.32265,0.54216,0
0.81481,-0.15881,0
2.50897,-0.35227,0
-0.0588,-0.77537,0
1.3399,-0.17325,0
2.97958,-1.08019,0
3.2245,-0.51975,0
2.40047,-0.92259,0
-0.29566,-1.01119,0
0.91193,-0.02385,0
0.68048,0.69048,0
2.0614,0.32804,0
2.37044,-0.77836,0
0.4774,0.2955,0
2.87047,-0.97156,0
1.78965,-0.35732,0
0.42235,-0.92333,0
2.36848,-0.03802,0
2.62253,-0.70241,0
1.38788,-0.81199,0
-0.0407,1.14585,0
1.55759,1.1177,0
2.38964,-1.22867,0
1.5489,0.76171,0
0.26654,-0.26599,0
1.88672,0.37972,0
1.80288,0.03907,0
2.94985,-1.03853,0
0.82095,0.73435,0
3.23434,-1.18263,0
-0.49897,0.64072,0
2.43447,0.07361,0
1.79238,-0.10831,0
0.97663,0.99587,0
0.83604,0.23648,0
0.49865,-0.67705,0
-0.014,-0.23648,0
1.19011,-0.85891,0
-0.20508,-0.51789,0
2.64887,0.97428,0
0.45728,0.23178,0
0.82972,0.96612,0
0.41342,0.63798,0
2.85901,0.89598,0
1.8403,0.30093,0
-0.37084,0.88197,0
0.89249,-0.6581,0
1.31887,-0.54537,0
0.14484,-0.5942,0
2.7975,0.69987,0
2.84171,0.96594,0
1.76761,0.81145,0
1.17989,0.74247,0
1.71232,1.23362,0
2.78604,-1.23267,0
0.04501,0.02705,0
1.59865,0.0008,0
2.84742,-0.56481,0
2.15387,-0.5258,0
-0.05213,-1.07264,0
0.02187,-1.19633,0
0.55741,-0.29263,0
-0.21317,-0.66731,0
2.54551,1.1037,0
0.54992,1.04001,0
2.71759,1.23048,0
2.82885,-0.05604,0
1.96102,0.7752,0
0.94476,0.0396,0
-0.44985,-1.14491,0
1.2788,-1.1344,0
-0.29577,0.47099,0
0.07635,0.74558,0
2.81826,0.78271,0
3.25266,-0.69101,0
1.91785,-0.41348,0
2.98491,-0.0844,0
-0.00703,-0.20293,0
2.65094,-0.32435,0
0.04634,0.12474,0
2.09746,-0.0619,0
1.46787,-0.81264,0
1.5751,1.08108,0
-0.04638,-0.10346,0
2.33376,-0.23051,0
1.66185,0.19732,0
2.90551,0.88315,0
2.82791,1.15832,0
0.10751,0.07825,0
1.70031,-0.13114,0
-0.1235,-1.14391,0
1.10202,-0.63395,0
-0.41596,-0.87984,0
1.01792,-1.08996,0
2.45313,0.84089,0
1.99644,0.02306,0
-0.3814,-0.1608,0
1.58373,0.64517,0
-0.04492,-1.02876,0
-0.1322,0.03321,0
-0.40785,-0.80378,0
3.15193,0.82591,0
-0.07812,-0.24198,0
2.54949,-0.07551,0
1.03712,-0.30585,0
3.40025,-0.72073,0
2.92306,0.60197,0
1.47097,0.95325,0
2.36705,1.17755,0
-0.29656,-0.14027,0
2.75287,1.06579,0
1.24185,1.06571,0
2.39486,0.46988,0
1.12309,0.80936,0
0.55443,-0.18789,0
0.68031,0.34683,0
2.40285,-0.29711,0
1.43042,-0.06172,0
0.96926,-0.52281,0
0.76387,-0.09047,0
0.28407,-1.14755,0
2.83532,0.93189,0
1.80117,1.14807,0
1.16178,-0.18823,0
-0.34961,-0.14345,0
1.47139,-0.08818,0
0.16791,-0.97153,0
2.20996,1.24228,0
-0.21075,1.24688,0
-0.49926,-0.49666,0
3.47577,0.20444,0
-0.13378,1.24844,0
1.41061,0.65232,0
1.563,0.03365,0
0.99598,0.48617,0
0.62916,0.8859,0
0.64924,0.99881,0
-0.02359,-0.23025,0
2.82602,0.20669,0
2.12319,0.05544,0
1.33537,-1.0518,0
2.45808,-0.76687,0
0.7254,-1.04242,0
1.48148,-0.14806,0
2.14259,-0.43666,0
3.22038,-0.90923,0
2.3966,-0.67198,0
2.16155,0.03486,0
2.96152,0.67066,0
2.79115,-0.97947,0
1.01783,-0.31897,0
0.51502,-0.12483,0
0.48974,0.04705,0
1.14643,-1.19694,0
2.77589,-1.23455,0
2.11108,0.66609,0
3.21681,-1.08013,0
0.77248,0.20027,0
1.77504,-0.61547,0
-0.4356,-0.24334,0
2.03891,-0.44702,0
0.7227,1.17462,0
0.29354,0.93889,0
0.66573,0.7636,0
2.86742,0.37024,0
2.12543,0.16737,0
3.19783,1.2471,0
3.29198,-0.13701,0
2.46768,-0.05821,0
0.37059,1.12505,0
2.00664,-0.5063,0
3.32475,-1.04096,0
1.25893,1.08326,0
1.19725,-0.86705,0
-0.40213,-0.48099,0
-0.34591,-0.60712,0
0.55872,0.44126,0
2.33473,-0.33481,0
2.82344,-1.14279,0
2.35276,1.2081,0
3.21549,-0.59955,0
3.20827,-0.9472,0
-0.36378,0.57036,0
1.33576,0.06041,0
1.17181,0.31787,0
1.37353,0.52964,0
2.5562,-0.89699,0
1.04228,0.28377,0
1.14116,0.83505,0
3.13316,1.02761,0
0.03499,-0.79437,0
2.94073,0.87048,0
2.50293,0.76082,0
0.28089,-0.05928,0
-0.18205,0.83645,0
2.33295,-0.49564,0
2.17031,-0.82471,0
1.08065,-0.47527,0
1.74581,-1.12481,0
1.56748,-0.04171,0
2.98765,0.86236,0
1.62303,0.64668,0
0.41853,-0.78235,0
3.40738,-1.12886,0
1.95404,0.38684,0
1.83223,0.84245,0
2.50273,0.53157,0
2.27623,-0.4591,0
-0.22805,-0.96541,0
1.34472,0.51705,0
1.76535,1.23855,0
1.24795,0.50469,0
3.00536,-1.22278,0
1.93448,0.99584,0
-0.21455,-1.10587,0
3.06916,0.29031,0
2.1182,-1.13457,0
2.90605,-0.6615,0
1.24001,0.77542,0
2.06511,0.48935,0
1.47278,-0.43382,0
0.80532,0.11163,0
3.0095,0.3727,0
2.27972,0.99128,0
2.69545,0.10642,0
2.98814,-0.99693,0
0.05751,0.59981,0
2.60114,0.25975,0
2.44824,0.79145,0
0.02129,-0.76197,0
0.04498,1.0871,0
2.20989,0.53897,0
-0.49451,-0.54792,0
0.69823,0.18317,0
2.33878,0.58682,0
3.09385,-0.19651,0
2.84108,0.0751,0
0.984,1.17992,0
0.33493,-0.06636,0
-0.08952,-0.66788,0
1.21201,1.17194,0
0.24575,0.54122,0
0.47417,0.42408,0
-0.22856,-0.7795,0
1.29504,0.71996,0
2.7122,-0.91176,0
0.62324,-0.93525,0
1.28987,0.36898,0
2.17225,-0.32777,0
-0.32531,-0.64139,0
-0.12177,-1.16607,0
3.15897,-1.15353,0
1.56773,-0.60291,0
3.01526,1.22861,0
1.7629,1.04174,0
2.66602,-0.76268,0
1.25025,-0.22671,0
0.55347,1.06608,0
1.15151,-0.54485,0
3.13855,0.15723,0
0.73514,0.3142,0
0.83738,0.90317,0
1.50107,-0.75352,0
2.71369,0.78693,0
0.15929,0.8682,0
0.46327,-0.81823,0
2.01262,0.13283,0
2.86608,-0.32386,0
-0.4895,-0.5039,0
-0.39364,-0.79111,0
2.06427,1.23328,0
3.00586,-0.18421,0
2.35638,0.00801,0
1.9169,0.44975,0
1.36309,1.1906,0
1.95953,-0.42933,0
0.57116,1.03244,0
-0.43889,0.98686,0
0.22879,0.15988,0
3.2428,1.03133,0
0.1571,-0.54685,0
1.61509,-0.71936,0
1.14265,0.22543,0
0.49399,-1.22354,0
0.3788,0.23923,0
0.49502,-0.82702,0
0.81388,0.93308,0
0.52765,0.00691,0
0.13603,0.32483,0
1.5548,-0.49624,0
0.35777,1.11097,0
2.77498,0.45167,0
1.22358,-1.11576,0
3.06096,-0.91691,0
1.30239,-1.13532,0
2.13073,0.14309,0
2.3059,0.42348,0
0.7987,-0.36424,0
-0.35767,-0.70917,0
1.17639,0.59428,0
1.8117,0.50706,0
0.6377,-0.20309,0
1.58973,-0.62247,0
-0.03795,-1.00943,0
1.34658,-0.12526,0
-0.40657,-1.16339,0
0.75482,-0.20455,0
0.09163,0.96378,0
2.06068,1.03317,0
0.69945,0.37644,0
-0.43173,-0.30135,0
2.17875,-0.04421,0
-0.07753,-1.04823,0
-0.04339,-0.68591,0
1.551,-0.33793,0
2.03977,-0.79289,0
-0.34109,0.43226,0
1.68955,-0.61836,0
2.43927,-0.59722,0
3.39752,-0.78345,0
-0.35629,0.42269,0
3.4805,0.69462,0
0.43532,-1.00287,0
1.00558,-0.2764,0
1.0797,-0.18847,0
3.23205,0.11549,0
-0.34047,1.17656,0
2.59901,-0.66341,0
3.31076,0.47815,0
2.14486,-1.08578,0
1.04944,0.8416,0
1.14998,0.97763,0
0.68989,-1.24114,0
0.21005,-0.89318,0
1.75667,0.82706,0
1.68455,1.20979,0
0.48282,0.74299,0
0.44307,-0.47349,0
2.47838,-1.0021,0
1.0859,0.02296,0
3.25843,-1.13647,0
1.32999,1.06102,0
1.9429,1.12893,0
-0.17709,0.03518,0
0.4706,0.42098,0
0.1472,1.22011,0
3.33281,1.10308,0
0.36072,0.69385,0
3.36262,-0.25357,0
-0.33055,-0.50952,0
0.81346,-0.23519,0
1.17737,0.63347,0
-0.2277,-0.26139,0
1.21824,0.22994,0
-0.48971,0.19535,0
1.58406,0.50452,0
3.13405,0.41535,0
2.82373,1.13469,0
3.311,0.34171,0
0.68917,0.86541,0
1.46744,-1.14259,0
-0.22931,0.11977,0
2.27829,0.62629,0
2.11798,0.8548,0
1.28926,-0.86953,0
0.15912,-0.16969,0
1.92719,0.36303,0
1.29546,-0.41984,0
2.14527,-0.34762,0
3.12304,-1.19916,0
-0.03011,-0.23497,0
2.63954,0.16603,0
2.91342,1.14968,0
-0.35398,-0.87107,0
3.19704,-1.00017,0
3.03334,-0.44021,0
0.23684,0.29846,0
-0.27451,-0.78515,0
2.49854,-0.22517,0
-0.44937,0.38707,0
1.6671,-1.0375,0
0.51381,-0.9286,0
2.17168,-1.17848,0
-0.45251,-0.61615,0
0.86362,0.90577,0
-0.32876,0.44221,0
2.63672,-0.436,0
2.39643,0.90896,0
-0.15818,-0.94536,0
-0.23544,-0.94307,0
2.52906,0.11769,0
1.50239,-0.34479,0
2.26255,0.77732,0
0.86915,-0.89131,0
3.37533,-0.21617,0
2.56716,0.52186,0
1.9261,-0.58761,0
1.23391,-1.18317,0
0.12828,-0.26133,0
2.09145,-0.35966,0
-0.01313,1.23447,0
-0.24077,-0.22555,0
2.2984,0.92446,0
0.948,0.45278,0
1.67001,-0.94307,0
0.05065,0.00993,0
1.33962,-0.29321,0
2.7027,-0.55089,0
2.01716,1.01973,0
-0.03777,0.28121,0
1.02507,0.6586,0
-0.42103,1.20933,0
0.8149,-0.55605,0
3.43461,1.03526,0
-0.00589,0.90498,0
2.62591,-0.50617,0
1.29932,-0.98304,0
2.51269,0.92792,0
2.6398,0.07499,0
0.78812,0.9111,0
3.37638,-0.05359,0
1.22564,-0.88728,0
1.20136,-1.10708,0
3.30583,0.63224,0
0.77303,0.99924,0
3.26603,0.12824,0
1.63435,-0.18671,0
0.20538,-0.4465,0
0.74388,0.3656,0
0.94153,-1.24194,0
-0.17545,-0.34931,0
2.48449,0.06541,0
1.1988,1.04573,0
2.23244,-1.21314,0
2.53853,0.2532,0
3.07242,0.94572,0
2.31523,-0.64114,0
0.2405,-0.66487,0
3.32162,0.31122,0
3.16129,0.00557,0
-0.39097,1.13291,0
0.92666,1.21719,0
3.31853,0.95832,0
2.86371,-0.62709,0
2.30568,0.76917,0
-0.1135,-1.23243,0
2.25264,-0.87969,0
1.93186,-0.82194,0
3.16716,-0.09729,0
0.99639,0.01463,0
1.96473,-0.11511,0
2.25404,0.09459,0
3.15294,0.9276,0
2.39745,1.12397,0
-0.44882,-0.7889,0
2.38673,0.85229,0
-0.07452,0.32664,0
-0.24759,-0.00193,0
2.32062,0.70869,0
1.83307,0.296,0
2.9695,0.51783,0
0.08675,0.70244,0
3.2998,-0.37956,0
0.23312,-0.63346,0
-0.03115,0.65686,0
0.59837,-0.173,0
2.2139,-0.03447,0
1.1934,-0.70998,0
0.33967,-0.56923,0
1.73319,0.62091,0
-0.20916,0.5705,0
3.4738,-0.38093,0
2.17588,0.56794,0
2.24358,-0.05248,0
0.76066,-0.78075,0
-0.30482,-0.56903,0
-0.28992,0.7914,0
-0.49004,-0.5122,0
0.91615,0.59349,0
0.52124,-0.22057,0
1.5717,0.57811,0
1.27337,-0.24296,0
1.65373,1.19749,0
1.03285,0.25904,0
1.20498,-0.88797,0
1.5506,-0.85414,0
1.40576,-0.88878,0
3.26098,0.37496,0
0.53934,-0.95111,0
3.38904,-0.12233,0
0.84506,1.02261,0
1.35476,-0.27783,0
2.31219,-0.89872,0
1.70131,-0.44333,0
3.23396,1.13606,0
0.61731,-0.3311,0
2.50803,-0.30332,0
-0.08054,-1.23728,0
3.21913,1.07556,0
1.21032,1.13903,0
-0.06901,-0.57587,0
3.27222,1.17285,0
2.3796,-0.57265,0
1.40353,0.13534,0
2.99341,-1.04054,0
0.71366,0.08834,0
2.93779,-0.26826,0
1.00967,-1.0952,0
0.79378,0.52734,0
0.71136,0.25284,0
1.22985,-0.01117,0
-0.10803,-0.1888,0
0.56594,-1.21032,0
3.10513,-1.10843,0
-0.43339,-0.68041,0
0.3522,-0.98335,0
3.09698,-0.01506,0
-0.28737,0.06771,0
2.37408,-0.32782,0
1.99089,1.08614,0
1.64571,-0.74332,0
2.40368,0.4063,0
0.70816,0.9565,0
2.03422,0.28269,0
2.03328,-0.71106,0
0.03232,-0.51327,0
0.0206,0.3882,0
1.38827,-0.05908,0
0.22825,-0.004,0
2.76374,-0.13905,0
1.50681,0.96712,0
2.42375,1.1051,0
0.69216,-0.39174,0
2.54317,-1.24084,0
0.54366,-0.75595,0
-0.18954,1.1911,0
3.03421,0.84568,0
2.03583,-0.55689,0
0.9922,1.15461,0
3.09759,0.81945,0
-0.25649,0.05449,0
2.45058,0.91914,0
2.09534,-0.09454,0
0.60184,0.59356,0
3.22614,-0.36807,0
0.63905,1.20044,0
3.08104,-0.58908,0
1.17351,-0.6944,0
0.41072,-0.97135,0
0.11916,-0.3066,0
0.2993,-0.90039,0
3.14442,0.93222,0
2.37635,0.30576,0
2.78369,-0.15477,0
0.89309,-0.79522,0
-0.48473,1.04965,0
1.0059,-0.0611,0
2.9097,0.21572,0
3.38409,0.26763,0
1.83649,-0.56933,0
2.31482,0.87716,0
3.00473,-0.74813,0
2.46635,0.65189,0
0.57598,1.12846,0
1.07125,-0.08671,0
1.95384,1.05291,0
-0.40704,1.15928,0
-0.36495,-0.29051,0
3.08544,0.18273,0
0.91483,-0.80303,0
-0.24688,-1.18015,0
1.70621,-0.11432,0
1.6568,-0.21482,0
1.06396,-0.86175,0
0.55678,0.44797,0
-0.34947,-0.57309,0
-0.33935,1.24754,0
2.92479,0.31324,0
-0.22375,-0.20416,0
0.2584,0.50362,0
0.73698,-1.09016,0
0.21187,-0.31683,0
0.7529,-0.52346,0
0.55918,-0.85908,0
1.16602,-0.88796,0
1.48336,0.02822,0
2.28096,0.92861,0
2.63698,-0.12776,0
1.41906,-0.14468,0
2.85567,0.13424,0
2.04729,-1.03719,0
0.24,-0.7316,0
0.14498,0.1183,0
1.44948,0.38046,0
0.8395,-0.2137,0
1.91497,-0.41477,0
0.70157,-0.01471,0
3.40446,0.82463,0
2.51878,0.10858,0
0.88125,0.48177,0
-0.48273,-1.03102,0
2.00099,-0.71781,0
2.88022,-1.10105,0
2.91673,0.24694,0
1.5123,0.31066,0
3.17574,1.00871,0
0.38883,-0.19055,0
-0.27102,0.85393,0
0.93349,0.38656,0
-0.45057,0.09728,0
2.49072,0.77015,0
3.47772,-1.18066,0
-0.09689,-0.49909,0
0.86499,0.10889,0
1.96806,-1.10696,0
1.01672,-0.37173,0
3.46484,0.61053,0
0.38051,-0.59978,0
0.19027,-0.12079,0
-0.02149,0.72922,0
0.2732,-0.04443,0
2.22588,0.39143,0
1.33659,0.98233,0
0.55436,0.4035,0
-0.32563,-0.30822,0
3.3448,1.10575,0
-0.42258,-0.19472,0
1.18181,1.07506,0
0.73954,0.20601,0
2.4796,0.19345,0
0.88166,0.4436,0
1.33684,0.28398,0
2.2719,-0.61837,0
2.49234,0.74025,0
0.15172,1.24037,0
1.33302,0.01857,0
3.39365,-0.5438,0
1.62267,0.15391,0
1.09709,-0.12191,0
0.48024,1.11103,0
1.56877,0.12453,0
0.24558,0.84415,0
2.09542,1.11228,0
2.22338,-0.89342,0
2.6185,0.77883,0
1.03304,-1.07686,0
2.581,-0.21827,0
2.43723,1.18953,0
2.26266,0.9728,0
2.12999,1.08905,0
1.01453,0.33881,0
1.46726,-0.25746,0
-0.36004,1.04608,0
2.70422,-0.59942,0
1.67651,0.81274,0
2.97783,0.06948,0
1.12461,-0.00239,0
2.60038,-0.7162,0
-0.01293,0.60289,0
-0.15816,1.07387,0
1.68175,0.34059,0
0.13472,0.28584,0
2.4976,-1.11517,0
3.48579,-0.8095,0
0.36788,-0.96788,0
0.31824,1.11042,0
3.13282,-0.73519,0
-0.20914,-0.00655,0
0.36299,-0.00922,0
2.80843,0.64549,0
-0.04178,-0.10319,0
1.76333,-0.22265,0
3.25577,-1.04114,0
3.203,1.17862,0
3.09098,1.12593,0
2.88578,-0.31005,0
-0.39778,-1.21332,0
1.73353,-0.05995,0
0.22484,0.20583,0
2.01574,-0.88394,0
0.73586,-0.39117,0
-0.01136,-0.6419,0
1.54516,0.48612,0
0.18855,-0.41026,0
-0.44009,-0.19825,0
2.29477,0.58106,0
2.82213,-0.67924,0
2.68968,-1.13908,0
1.50219,0.19727,0
2.17102,0.26344,0
3.17398,-1.09372,0
3.06463,-1.15944,0
0.56524,-0.19475,0
1.23165,-0.66501,0
3.15057,0.96402,0
1.01878,-1.22845,0
0.89389,-0.53655,0
2.5233,-0.07716,0
0.36646,0.97601,0
1.09922,0.10422,0
1.69032,0.70962,0
3.02325,-1.04184,0
1.53828,1.02174,0
1.47573,-0.46704,0
3.38061,-0.07566,0
2.40847,-0.95094,0
0.51612,-0.82791,0
-0.31745,1.16867,0
3.34821,-0.0194,0
0.23728,-0.20707,0
0.97481,-0.7029,0
0.73853,-0.58089,0
3.37363,-0.86229,0
0.14955,-0.56577,0
0.94961,-0.98971,0
-0.28616,0.68059,0
0.5096,-1.1847,0
1.6821,0.50417,0
0.98172,1.03638,0
3.0642,1.1047,0
3.35089,-0.2832,0
2.03439,1.06566,0
2.80674,0.14278,0
2.51806,0.9219,0
-0.29482,0.74232,0
1.8414,1.18309,0
0.80177,-0.53858,0
0.34186,-0.08785,0
2.06063,-1.24472,0
0.39723,-0.73067,0
2.10423,-0.39907,0
1.01795,-1.19443,0
0.80481,1.05706,0
1.34791,-1.23767,0
3.06614,1.0973,0
1.37601,-0.54122,0
-0.38065,-0.1192,0
0.05739,-0.43882,0
0.15173,-0.71496,0
1.06017,-0.8015,0
1.0594,-0.83174,0
3.35911,-1.02096,0
0.52167,-0.58749,0
2.41249,-0.42355,0
0.07461,0.90856,0
0.50889,0.00652,0
2.40335,-0.43171,0
1.91271,-0.61772,0
0.50987,-0.27778,0
1.48562,0.99371,0
-0.30884,0.9991,0
-0.48528,0.96036,0
3.22212,1.19444,0
0.96555,-0.72105,0
3.16259,-0.61548,0
1.81629,0.4657,0
-0.44204,0.03578,0
2.46714,0.67067,0
1.37044,-0.37731,0
1.21822,0.50067,0
3.01195,0.89787,0
2.33639,0.23233,0
2.33774,-0.48834,0
2.47599,0.58198,0
1.22799,0.28718,0
-0.27466,-0.08674,0
2.89345,-0.90614,0
0.9148,-0.19182,0
3.25101,-1.04626,0
2.75883,-1.1758,0
-0.42943,0.44041,0
1.0448,-0.73963,0
-0.44366,-0.46294,0
2.59512,-0.2147,0
-0.21912,0.19685,0
1.77023,0.33919,0
0.27233,0.51476,0
-0.47974,-0.62993,0
1.63147,1.10074,0
0.5638,-1.07504,0
1.27091,-0.2186,0
-0.415,-0.78881,0
0.21874,0.38191,0
0.1092,-0.30134,0
2.63999,-0.20738,0
0.87551,0.73236,0
1.80007,1.06069,0
2.43033,-0.80621,0
2.56055,-0.34668,0
0.89317,-0.0587,0
-0.21187,0.45415,0
3.03537,-0.03433,0
0.76705,0.5421,0
2.86281,-1.04881,0
2.61619,0.52775,0
2.80871,0.77273,0
-0.29155,-0.4154,0
0.18298,-0.98211,0
3.48937,1.13968,0
3.1311,-0.18895,0
-0.11187,-1.21204,0
0.59884,0.57792,0
-0.28176,0.64917,0
0.6955,0.39234,0
-0.47863,-0.52541,0
1.65645,0.7728,0
1.60513,-0.53554,0
0.43722,1.18334,0
1.27957,-1.22105,0
2.28039,0.20456,0
-0.48272,-0.45138,0
2.69046,-1.21386,0
3.37396,0.58703,0
-0.05227,0.916,0
3.47812,0.24497,0
2.16284,0.52211,0
-0.25758,-0.87733,0
2.37731,0.65629,0
3.20961,-0.65323,0
-0.01041,0.00627,0
1.97899,0.40561,0
3.43418,0.42226,0
1.22476,-0.27832,0
1.03935,-0.855,0
3.01324,0.62739,0
0.04132,0.49526,0
2.14766,-0.0572,0
2.07352,0.62695,0
1.87888,0.17696,0
-0.4336,-0.28477,0
0.95962,-0.64734,0
1.10125,-0.37873,0
1.71588,-0.81888,0
1.19118,0.89563,0
2.63671,0.72351,0
2.26579,1.16179,0
1.29724,-0.39297,0
-0.37762,-1.17266,0
2.04083,0.26016,0
1.54825,-0.58663,0
2.87387,-0.49407,0
1.9761,1.01592,0
0.57855,0.09028,0
3.11056,-0.12097,0
1.91849,-1.00165,0
0.11463,-0.80772,0
0.45668,-0.82008,0
0.87172,0.45081,0
3.4086,1.0707,0
1.4003,0.15574,0
1.14079,-0.3844,0
3.03592,-0.50173,0
1.42605,0.19049,0
1.33042,-1.04457,0
1.60729,0.65833,0
2.35002,-0.64463,0
0.53747,-0.15963,0
0.22568,0.20063,0
0.98584,0.72527,0
1.35656,-0.96633,0
0.83498,-0.20849,0
2.27181,0.09162,0
3.33868,-0.36072,0
1.22644,-0.68335,0
3.06647,-0.39824,0
1.1299,0.93261,0
1.93305,-0.80282,0
1.77964,-1.0455,0
2.19325,-0.09677,0
0.184,-0.46342,0
0.94584,-0.5708,0
1.80698,0.46073,0
-0.30771,-0.56663,0
2.75766,-0.11968,0
1.92275,-0.46141,0
0.11466,-0.78116,0
0.61423,0.51199,0
0.94447,0.28866,0
0.79357,-0.49586,0
1.02216,0.61835,0
0.46338,0.80181,0
1.28896,-0.95405,0
0.97354,-0.68507,0
1.50568,-1.23557,0
0.47025,1.10134,0
3.41289,-0.55613,0
2.48641,1.16038,0
2.90441,-0.25653,0
1.0653,0.3652,0
2.47563,-0.89789,0
3.0344,0.96792,0
1.90061,-0.94351,0
2.81165,-0.69682,0
-0.42999,-0.93864,0
1.57854,1.20123,0
1.12975,-1.1625,0
2.81594,1.0809,0
-0.41157,-0.45699,0
0.60431,0.10649,0
2.01982,0.34682,0
2.96102,0.53631,0
-0.48717,0.80393,0
2.14407,-0.11827,0
0.96124,0.86589,0
1.81678,0.0832,0
2.65325,0.17831,0
2.82001,0.55766,0
3.31654,0.62708,0
3.48415,1.13305,0
0.80661,1.24097,0
0.42659,-0.03008,0
1.72743,0.11107,0
3.1405,-0.36327,0
3.27422,-0.37584,0
2.61003,1.03191,0
3.47841,-1.08768,0
0.10896,-0.74308,0
1.27002,-0.80658,0
2.5891,1.08414,0
2.07055,0.49959,0
0.77953,0.4847,0
-0.33103,0.81241,0
3.27401,-0.81933,0
1.8187,-0.343,0
2.34401,0.45424,0
2.9815,-0.96394,0
-0.07136,0.16129,0
0.58493,-0.03606,0
-0.06008,-0.92825,0
-0.47356,0.57051,0
0.70429,0.97513,0
3.29474,-0.67909,0
0.95017,1.09162,0
2.88913,-0.86172,0
2.62884,-1.21835,0
2.95839,1.04466,0
0.11918,1.07385,0
0.35811,-0.79198,0
2.03064,-1.02337,0
2.09209,-0.39527,0
2.65364,0.11065,0
2.85997,0.43006,0
2.46094,-0.62471,0
-0.2949,-0.48867,0
0.45321,1.06026,0
2.13976,0.32057,0
1.80597,0.09657,0
3.00539,0.99278,0
1.66593,-0.05487,0
1.34626,-0.16377,0
2.8347,-0.78406,0
3.29614,-0.28151,0
3.38246,1.14116,0
3.40699,-1.00857,0
0.71497,0.87362,0
0.48236,-0.68206,0
-0.09132,0.07085,0
2.34219,0.46048,0
0.98971,0.32112,0
1.90104,1.04247,0
0.65386,0.89668,0
1.91816,-0.49518,0
0.0496,0.23776,0
2.00103,-1.00665,0
0.37751,0.84517,0
-0.41791,-0.69886,0
1.76056,0.80849,0
1.87612,0.90617,0
-0.28681,0.77903,0
1.15117,-0.88049,0
1.57293,0.1346,0
2.26976,-0.51646,0
2.36071,-0.45099,0
3.20364,0.79981,0
0.40535,1.2109,0
3.37459,-1.03064,0
0.74973,-1.16185,0
1.22499,0.94059,0
2.15864,-0.27495,0
3.3374,0.3812,0
2.55138,0.46451,0
2.26826,1.00381,0
0.73979,0.03933,0
-0.43474,-0.09508,0
0.55037,0.93807,0
-0.17682,-0.59649,0
2.8084,-0.54039,0
1.72956,-1.07914,0
3.48015,1.00694,0
0.24992,0.36187,0
0.14757,-0.6106,0
2.42257,0.37045,0
-0.01014,-1.06871,0
1.08305,-0.17434,0
1.88085,-0.70659,0
0.05833,-0.7511,0
1.05234,0.90001,0
-0.49116,0.80527,0
0.24507,-1.15123,0
1.10512,-0.66697,0
0.05849,1.21849,0
2.85376,0.79295,0
3.47557,-0.43404,0
0.34464,1.07945,0
2.10927,0.05482,0
1.06938,0.0117,0
-0.19011,-0.2618,0
2.24177,0.21453,0
0.9363,1.21236,0
-0.0335,1.21449,0
3.39717,0.46867,0
1.76168,-0.19778,0
-0.39129,-0.83426,0
0.41864,-0.57843,0
3.15824,0.18081,0
0.56194,0.817,0
1.08024,-1.1133,0
0.75588,0.98686,0
0.94492,-0.14533,0
-0.2513,0.61839,0
0.9033,-0.88362,0
1.40375,0.70253,0
3.26073,0.62919,0
-0.49606,0.52565,0
0.25712,-0.34445,0
0.87308,1.03007,0
1.68624,0.62567,0
-0.05154,-0.39622,0
0.4662,-0.4163,0
2.70965,0.14145,0
1.99727,-0.35553,0
2.33282,-0.06196,0
1.14723,0.2866,0
3.04824,1.00924,0
0.58436,-0.5166,0
0.68478,-0.38535,0
1.27518,0.70835,0
2.80087,-0.15852,0
2.17961,-0.12102,0
1.58049,-0.86772,0
-0.00475,0.51055,0
2.17455,-0.44845,0
-0.21592,-1.16111,0
0.60723,-0.74516,0
2.75135,-1.21444,0
2.45097,0.52974,0
0.37721,0.74494,0
-0.36392,1.0474,0
1.04055,0.38062,0
-0.06382,-1.2221,0
0.42012,-0.11171,0
0.40534,0.17595,0
3.33076,0.6051,0
1.79928,0.13774,0
2.84019,-0.40969,0
0.62145,-0.00147,0
3.17059,-0.26746,0
2.88999,0.85543,0
0.67752,0.85748,0
-0.28345,0.36675,0
1.35273,0.68891,0
2.74879,0.67377,0
2.12414,0.4933,0
3.4565,-0.34781,0
2.17961,0.36585,0
2.78245,-0.62774,0
0.14146,-0.86513,0
2.3856,1.03309,0
3.4068,-0.28156,0
-0.10036,0.1186,0
3.19016,0.79051,0
1.07698,0.75678,0
1.14744,1.10983,0
2.36999,-0.15099,0
0.32863,0.43659,0
1.32836,-0.09173,0
-0.14305,-1.06915,0
2.31622,0.48431,0
0.0865,0.42442,0
2.59498,-0.76652,0
0.94009,-0.44832,0
1.96572,1.15419,0
0.83198,-0.50201,0
2.95595,0.3213,0
2.26936,-0.32802,0
2.44321,0.72408,0
1.52951,0.73905,0
0.11259,-0.88603,0
2.52561,0.52221,0
1.64399,-1.24681,0
0.41953,-0.07649,0
0.25619,1.02075,0
1.71249,-0.83411,0
3.17838,-1.19483,0
2.94494,0.65537,0
2.98379,-1.11337,0
2.39459,0.58273,0
0.36073,-0.53575,0
2.89425,1.07127,0
1.33062,0.76747,0
1.03606,-0.65205,0
3.15555,0.82007,0
3.25543,-0.29553,0
0.13907,-0.05037,0
3.09611,-0.87811,0
0.1824,-0.35538,0
0.06107,-0.94226,0
0.36791,0.2373,0
1.09219,-0.14661,0
1.90686,1.22432,0
2.98117,0.63933,0
0.63922,0.55336,0
0.9428,-0.59349,0
2.48544,1.06486,0
1.29064,0.02705,0
1.82031,-1.12434,0
2.21677,0.47493,0
2.19747,-0.329,0
2.51423,-0.59412,0
2.32876,1.14834,0
0.44096,0.38935,0
0.61225,-1.14877,0
-0.23415,-0.91891,0
1.90178,0.65839,0
2.76256,-0.8001,0
1.88716,0.76182,0
1.06038,0.59617,0
-0.11027,-0.7638,0
1.59063,0.2983,0
1.79096,0.39805,0
2.61529,1.07432,0
0.56033,-0.02647,0
0.26452,0.65964,0
0.56833,0.31211,0
0.43802,-0.44491,0
0.51058,-0.26121,0
1.17744,-0.96383,0
0.88196,-0.85545,0
1.333,-0.02057,0
2.86134,-0.97526,0
3.15625,-0.16007,0
3.24927,1.15702,0
3.15338,-0.801,0
1.36473,0.68672,0
3.42154,0.52592,0
3.28254,-0.04597,0
1.28526,-0.50142,0
0.55248,-0.05069,0
3.2294,-1.02339,0
3.23437,-0.36334,0
1.50889,-0.05884,0
1.20642,-0.62283,0
-0.14573,-0.54386,0
0.14585,0.00671,0
2.57851,-0.95745,0
1.59265,0.94899,0
0.25414,-0.62029,0
3.42974,-0.73647,0
3.25465,0.93906,0
0.46377,-0.45767,0
1.44178,-0.76767,0
-0.49844,-0.19531,0
1.65766,-0.17841,0
3.32808,1.07087,0
1.22063,0.40714,0
0.03704,-0.91975,0
1.50008,1.05227,0
1.34507,-0.59036,0
2.4083,-0.55499,0
3.2746,-0.94853,0
2.0194,1.11133,0
2.10781,-0.35947,0
0.82916,-1.02611,0
2.10347,0.73592,0
2.71048,0.73953,0
3.26983,-0.84625,0
1.22915,-0.94774,0
0.73823,0.20816,0
0.99944,-0.28476,0
0.40209,0.35575,0
2.71317,-0.67219,0
0.84996,-0.40679,0
2.92465,0.34926,0
0.10266,0.04778,0
3.27546,0.69813,0
1.71825,-0.18352,0
3.47938,-0.26271,0
0.57886,0.92658,0
1.7433,-0.18737,0
0.20725,0.8158,0
1.23419,0.61681,0
0.63205,-1.21847,0
1.25245,-0.87202,0
0.53304,0.6647,0
2.39002,-0.93166,0
0.89917,-1.08164,0
0.09389,-0.46278,0
1.06862,-1.11807,0
1.7052,1.16603,0
2.16396,-0.92242,0
1.30489,0.92798,0
2.63859,-1.02408,0
3.49974,-0.60667,0
1.24659,-0.70049,0
1.49722,-0.25326,0
1.35095,1.15645,0
2.65378,1.03661,0
0.54485,0.38909,0
2.29227,0.77197,0
-0.49931,-0.59126,0
2.73762,-0.01129,0
1.59329,0.37661,0
1.34138,-0.34864,0
3.09059,0.49115,0
2.60296,0.1804,0
1.10116,0.12853,0
2.841,-0.25691,0
0.92706,-1.04413,0
2.03048,-0.10703,0
1.67082,0.9692,0
-0.17384,-0.39984,0
1.43109,-0.12745,0
1.2139,0.67499,0
2.89834,0.42473,0
1.69657,-0.15375,0
0.46986,0.85323,0
-0.18918,-0.05485,0
1.83399,1.02911,0
3.06892,0.3671,0
0.75813,-0.55707,0
1.99367,-0.98552,0
0.48404,0.47129,0
1.64635,0.83574,0
2.26266,-0.28758,0
1.78787,-0.91748,0
0.46933,1.09019,0
0.42111,-0.15773,0
2.95209,-0.24609,0
0.79703,0.14244,0
-0.3473,1.19484,0
0.211,0.42588,0
1.02007,0.3225,0
-0.03234,1.21118,0
-0.32682,1.05766,0
1.77781,1.02464,0
1.14793,0.81674,0
0.45721,0.96689,0
-0.21784,0.0236,0
-0.03764,-0.09869,0
0.71457,-1.08431,0
1.52634,-0.03016,0
3.0704,-0.05434,0
1.7804,1.23703,0
2.67177,0.24585,0
-0.42116,-0.64897,0
0.31491,-0.61555,0
2.66318,-0.94186,0
1.7282,-0.36496,0
3.00427,0.48865,0
1.2615,0.01552,0
-0.1515,0.73062,0
0.77685,-0.98586,0
-0.34832,0.67269,0
0.83994,1.15467,0
2.15825,1.07212,0
0.57051,0.57327,0
3.19319,0.92084,0
2.26395,0.35051,0
1.08274,0.24716,0
2.95719,-0.20206,0
2.65198,0.86727,0
2.19649,0.90024,0
2.40008,-0.2104,0
1.23443,-1.10871,0
-0.00125,-0.60288,0
1.38069,-1.2188,0
1.05906,0.42358,0
1.42802,1.09783,0
2.03996,0.00128,0
0.90508,-0.52101,0
0.94331,-0.94266,0
2.2331,-0.6754,0
0.08145,-0.96209,0
2.33524,0.74566,0
2.79094,1.1871,0
1.87413,0.90302,0
3.01888,-0.71817,0
-0.1426,1.08417,0
0.43109,-0.28666,0
3.09374,1.05918,0
0.30715,0.68482,0
1.33303,-0.83697,0
0.19245,1.00517,0
2.64595,-0.09141,0
0.44917,-0.11544,0
1.17333,0.88412,0
1.71814,-1.17428,0
2.76696,0.34129,0
2.49161,0.81847,0
1.72273,0.62509,0
1.16157,0.25291,0
-0.11378,0.39986,0
-0.29452,0.91263,0
0.13598,0.36042,0
-0.03139,-0.16843,0
1.14851,-0.37205,0
-0.18116,-1.07985,0
1.9951,0.06704,0
2.46342,0.97367,0
1.99442,0.93926,0
0.88109,-0.45935,0
1.01125,0.82215,0
0.34839,0.13448,0
2.33376,0.65196,0
0.06323,0.91629,0
0.29541,-0.53991,0
0.35266,-0.40037,0
-0.40229,-0.92913,0
0.92809,-0.00702,0
1.16286,-0.08219,0
1.03108,-0.93014,0
0.0863,0.43492,0
-0.01261,-1.19008,0
3.27443,-1.03772,0
0.9603,1.17189,0
1.5684,0.65298,0
0.85917,0.40313,0
2.09167,0.59832,0
2.69047,0.35119,0
1.66895,-0.03154,0
2.66795,0.80904,0
0.75137,0.81788,0
1.54326,-0.90261,0
1.87426,0.47868,0
-0.35271,-0.9303,0
1.80701,0.28601,0
1.45884,-0.04283,0
-0.30041,0.4289,0
2.95328,-0.56695,0
0.39343,0.26107,0
0.4319,-0.82905,0
2.05579,1.15495,0
0.82188,-0.28678,0
1.63388,0.51679,0
-0.23589,-0.62985,0
0.27277,-0.26286,0
1.85169,0.75512,0
2.18688,-0.86096,0
1.75093,0.58661,0
3.39372,-0.32082,0
2.66634,0.37505,0
1.83116,-0.564,0
1.30693,-0.10478,0
1.74333,-0.64629,0
1.27191,0.83924,0
0.57036,-0.43235,0
0.33996,0.97571,0
3.42612,-0.91297,0
-0.45478,1.10639,0
1.58609,0.47121,0
3.40579,-0.74924,0
0.24699,0.25132,0
1.4483,-0.67808,0
-0.0299,1.13306,0
0.48405,1.18551,0
0.38844,1.04877,0
2.52476,-0.44413,0
2.21667,0.37035,0
1.13253,1.15708,0
2.88597,-0.11871,0
2.9926,0.40607,0
1.78856,-0.104,0
1.27237,0.45378,0
0.17913,-0.54076,0
-0.38951,-0.59698,0
1.19138,-0.65758,0
2.39329,0.86619,0
1.63317,-1.18756,0
2.09652,-1.23072,0
1.78682,-0.78691,0
2.40714,0.57008,0
3.30243,0.30196,0
2.91597,-0.97819,0
0.5439,1.03318,0
3.14324,0.10812,0
1.23499,1.12925,0
1.74924,-0.82809,0
0.98251,-0.71284,0
1.83307,0.04379,0
0.0231,0.46491,0
3.2913,1.07794,0
3.4526,-0.60616,0
0.65227,0.86208,0
0.70206,-0.03407,0
-0.34688,0.95155,0
-0.08369,0.8784,0
3.02226,-0.05249,0
0.01125,0.8716,0
0.95919,-0.11526,0
0.49283,-0.15351,0
2.77152,1.07236,0
-0.12754,-0.34809,0
0.88001,0.14262,0
1.75314,-0.26673,0
1.42731,-0.49599,0
1.18917,-0.17527,0
2.319,0.69949,0
3.01264,0.11662,0
1.10989,0.77889,0
0.91873,0.0855,0
1.35919,-1.14903,0
-0.38266,-1.03154,0
0.51663,0.18045,0
0.37512,0.08179,0
2.59427,0.02806,0
2.24655,-1.07541,0
0.99023,1.2376,0
-0.12295,0.87476,0
1.10589,0.45578,0
0.5694,-0.09632,0
2.3291,-0.07066,0
1.0915,-1.21757,0
0.69093,-0.60487,0
0.52854,0.75792,0
2.0904,0.5658,0
2.73306,-0.09118,0
0.15908,-0.0897,0
3.06119,-0.25729,0
0.76825,-0.6143,0
3.17247,-0.58237,0
-0.23912,0.22942,0
-0.44549,0.53426,0
2.2485,0.89594,0
1.80231,-0.42807,0
2.73123,0.92668,0
2.10902,-0.79563,0
2.94418,0.48174,0
1.74075,0.89271,0
0.34602,-1.03408,0
2.1463,-0.22136,0
2.51933,1.00557,0
2.82216,-0.66717,0
0.01263,0.8711,0
0.11119,0.94345,0
0.79223,-0.66503,0
3.41286,-0.99307,0
0.50389,0.73263,0
1.04085,0.88951,0
2.19713,0.79038,0
-0.45237,-0.56463,0
2.77658,-0.47615,0
0.65292,1.1218,0
3.02404,1.12964,0
1.53049,-0.30433,0
0.49713,1.14652,0
0.85653,-1.08887,0
0.69783,0.46975,0
0.42969,0.57587,0
2.16775,1.10229,0
3.17438,0.07365,0
2.0308,0.5491,0
2.05818,-0.41377,0
1.4368,0.73795,0
0.65887,-0.27971,0
2.14729,-0.98527,0
0.15634,-0.01419,0
1.87988,0.33528,0
-0.4602,-0.94256,0
3.21821,1.06806,0
1.96585,-0.31183,0
1.93119,-0.00294,0
3.32047,0.08642,0
0.30221,-0.03223,0
1.67507,1.05308,0
0.24499,1.0058,0
-0.0479,-1.00712,0
2.92727,0.06184,0
2.88116,0.70423,0
0.67596,-1.00012,0
2.24261,0.24076,0
2.54702,-0.09244,0
-0.3481,1.21628,0
3.12991,0.1022,0
2.82295,0.10042,0
-0.13494,0.67182,0
2.78672,-0.49574,0
0.98205,-0.68849,0
0.99342,0.05754,0
0.13951,0.50736,0
1.77637,-0.50061,0
2.14748,1.1133,0
0.05999,0.16302,0
1.34792,-1.23964,0
-0.27522,0.20934,0
1.1113,1.11086,0
1.59091,-0.95881,0
0.63497,0.32269,0
1.7765,-0.91384,0
0.24929,-0.9153,0
1.41072,-1.04076,0
2.07426,0.33363,0
0.248,0.11767,0
0.49911,0.77874,0
1.42337,0.82028,0
1.28871,0.01883,0
0.98749,0.05774,0
-0.10545,0.39672,0
1.57079,0.32895,0
1.24507,-0.96677,0
1.93593,0.04904,0
1.67102,0.22349,0
0.98434,-0.38966,0
2.13475,-0.60962,0
2.41864,-0.62751,0
0.64644,-0.27336,0
-0.22329,0.70269,0
2.65433,-0.03873,0
1.80324,1.18201,0
2.88542,1.2106,0
2.97218,-0.13897,0
1.90351,-0.13801,0
0.18155,0.61396,0
2.70055,1.0088,0
0.00499,-1.24205,0
3.39198,-0.3205,0
3.3015,1.20501,0
0.77958,-0.1854,0
1.56846,0.51877,0
1.38372,0.08204,0
2.07989,1.21534,0
0.70682,0.79054,0
-0.3307,0.70083,0
2.56574,-1.0619,0
3.18428,-0.1015,0
0.8866,-0.76776,0
0.21724,-0.49601,0
2.6645,-0.3076,0
3.36966,-1.06766,0
-0.48254,-0.17388,0
2.16897,-1.23769,0
0.68231,-0.12816,0
1.44909,0.78672,0
3.41305,-0.63585,0
0.98008,1.08665,0
1.66184,-0.26479,0
-0.39552,0.94796,0
1.75775,0.285,0
1.99833,-0.69286,0
3.09325,-1.14174,0
2.70529,0.45093,0
-0.10121,-1.24249,0
1.83901,0.74287,0
0.09016,0.64108,0
2.98063,0.24185,0
3.05945,0.10194,0
0.06639,0.6962,0
1.83216,-0.47057,0
-0.21197,0.46868,0
1.78759,-0.61179,0
2.81958,-0.78895,0
-0.42816,0.87054,0
1.36672,-0.12315,0
2.55642,-0.21883,0
1.69555,-1.01334,0
1.07904,0.30316,0
0.05714,-0.92823,0
1.69158,-1.10571,0
-0.02333,-1.04273,0
0.59214,0.23791,0
0.28451,-1.00757,0
1.52812,1.19332,0
2.16703,0.43147,0
2.03953,0.65009,0
1.41521,1.19465,0
0.20449,-0.09646,0
0.79022,0.68848,0
2.31758,1.21717,0
-0.05498,-0.93499,0
3.20724,-0.72248,0
0.70666,-0.24937,0
2.57397,-0.8842,0
3.08133,-0.05959,0
0.07389,-0.2259,0
-0.24867,0.26522,0
2.27606,-1.04732,0
1.82999,0.12768,0
0.32536,0.72644,0
1.85482,0.83877,0
1.02567,0.09727,0
3.32161,-0.84346,0
1.90598,-0.1702,0
1.51538,-1.10954,0
1.13522,-0.95491,0
0.37444,0.26965,0
1.18829,-0.53284,0
3.03541,-0.44466,0
1.28114,-0.24977,0
0.3526,-0.77603,0
2.51276,-0.4711,0
0.21138,-1.17175,0
2.1829,-0.69761,0
1.07107,0.93687,0
2.87208,-0.68829,0
-0.20338,-0.91161,0
1.00293,1.09105,0
3.22155,-0.42573,0
3.24849,0.31168,0
1.53888,0.26881,0
1.97385,-0.03863,0
2.11448,0.34071,0
2.52267,-0.77355,0
1.39709,0.78732,0
1.53505,0.68855,0
1.40664,0.13035,0
1.44623,-0.90695,0
2.55953,0.63602,0
2.27412,0.28558,0
2.37439,-0.44247,0
0.90567,-0.95385,0
0.46213,-0.49482,0
0.25873,-0.1856,0
0.89009,0.73482,0
-0.15473,-0.22558,0
2.92844,-0.27875,0
0.31707,0.05929,0
3.03161,-0.83238,0
1.45639,-0.31618,0
1.51754,0.96251,0
2.93011,0.13645,0
-0.31346,0.33972,0
0.82634,0.02631,0
0.00988,1.14777,0
0.38667,-0.75462,0
3.21079,-0.5799,0
1.71113,-0.96246,0
2.53065,-1.15699,0
0.36205,0.09366,0
0.65354,-0.56493,0
2.72646,-0.22648,0
0.81596,-0.97888,0
-0.47838,-1.11809,0
-0.31629,1.17285,0
1.54895,-0.88011,0
-0.18694,-0.06077,0
1.36105,-0.92923,0
1.35557,0.67402,0
2.49161,0.25281,0
0.04259,-0.06751,0
2.23627,0.69365,0
2.77333,-0.97361,0
1.59429,-0.96246,0
2.73169,-0.67399,0
1.60882,-1.10987,0
2.27035,-1.09084,0
2.24203,0.36594,0
1.0569,0.8923,0
0.20017,-0.22301,0
0.74323,-0.97484,0
0.96996,-0.79209,0
0.21838,0.28016,0
1.73781,0.65686,0
3.13012,-0.7876,0
1.47981,-0.96513,0
2.01853,-1.17164,0
-0.34837,-0.4705,0
1.42023,1.07148,0
0.42988,-0.44155,0
0.07401,-0.86709,0
3.36556,-1.14377,0
1.11875,-0.38813,0
3.01098,-1.02259,0
3.31086,-0.65533,0
0.23738,-0.80817,0
0.63098,0.25123,0
3.48436,-0.42726,0
0.05057,0.49059,0
0.0241,0.21417,0
1.54502,-0.00775,0
1.93214,-1.20079,0
3.03546,-0.06208,0
0.53505,0.45395,0
1.63977,0.7048,0
2.63632,-0.27066,0
3.0102,0.44908,0
1.32212,0.66013,0
0.5007,-0.70225,0
-0.21698,0.32255,0
-0.38628,0.84569,0
-0.23306,-0.99276,0
-0.21541,0.33091,0
-0.03193,0.41511,0
3.39263,-0.00559,0
2.92232,-0.6336,0
0.16806,-0.28157,0
2.31204,-0.92032,0
2.2229,-0.8049,0
2.32254,0.46505,0
2.6092,-0.98409,0
2.55945,0.09978,0
1.77794,0.77904,0
2.27306,1.15698,0
1.89473,-0.41039,0
-0.05381,-0.58227,0
-0.30997,1.06114,0
3.44129,-0.71613,0
2.29721,-0.07578,0
-0.46252,-0.20537,0
2.94831,-1.13891,0
-0.44607,0.39617,0
-0.43633,-1.14614,0
2.99186,0.02936,0
2.13799,-0.22646,0
0.32544,0.47443,0
0.649,0.5947,0
3.28778,0.07794,0
2.32427,0.21632,0
-0.36442,-1.08242,0
-0.04386,0.33648,0
3.49696,-0.58531,0
1.54582,-0.86342,0
0.36457,0.79627,0
2.17586,1.19853,0
1.01919,0.17574,0
2.37456,0.58434,0
1.98853,0.17779,0
2.69521,-0.91553,0
0.74153,-0.78056,0
2.74827,-0.46643,0
-0.27369,-0.66447,0
2.3494,0.78007,0
3.21965,-0.13745,0
1.67909,-0.02855,0
1.87802,0.22843,0
3.40009,0.09045,0
2.56119,-0.83679,0
1.53249,-1.16338,0
2.80653,0.68682,0
3.4488,0.50002,0
2.49191,0.19569,0
2.60768,0.13909,0
2.27762,0.18281,0
2.29337,-0.24122,0
2.53273,-1.23343,0
1.11758,0.55956,0
2.68093,-0.9857,0
1.62591,-0.80981,0
3.25498,-0.86038,0
-0.39146,-0.60847,0
0.94418,-1.10652,0
1.94982,-0.67351,0
0.99924,-0.37639,0
2.38946,1.20463,0
0.95449,-0.42344,0
0.73692,-0.46716,0
3.14545,0.46145,0
3.48149,-0.00938,0
0.12983,-0.42493,0
3.16736,-0.9784,0
1.79444,-0.83303,0
2.81632,0.31772,0
-0.09256,-0.02399,0
1.88318,0.72924,0
0.20022,1.11501,0
2.65224,0.63176,0
-0.25118,-0.81867,0
1.31036,-0.5799,0
2.41426,0.12069,0
0.35785,0.11764,0
1.29184,0.72028,0
3.28604,-0.4724,0
2.41534,0.44588,0
2.16875,0.54361,0
1.72902,1.15804,0
0.90543,-0.50786,0
3.23446,1.18312,0
-0.40685,0.95132,0
0.74395,-0.42777,0
2.75791,1.03164,0
-0.22694,-0.8635,0
-0.23689,0.99632,0
0.43896,-0.09981,0
1.52491,-0.49293,0
3.176,-1.19693,0
3.1066,0.88987,0
0.83324,-0.39125,0
0.00203,0.68895,0
2.52949,-0.82977,0
0.90243,1.18348,0
0.46797,0.49009,0
-0.3828,0.79886,0
0.22513,0.3219,0
2.80684,-0.14654,0
3.14078,0.85641,0
0.04026,-0.66256,0
0.30193,-0.35816,0
3.30826,0.14011,0
1.39041,0.0739,0
1.08292,0.88638,0
2.01836,-0.03935,0
0.51645,0.78403,0
0.51892,-0.85351,0
2.67736,0.81677,0
2.7991,0.82159,0
1.50386,-0.03289,0
1.95059,-0.97994,0
1.76358,0.30376,0
1.57604,-1.13302,0
1.78443,1.13686,0
-0.36586,0.1861,0
0.49556,0.34314,0
3.49785,1.10301,0
0.62614,-0.7171,0
2.51582,0.0374,0
2.85734,0.38694,0
0.92387,0.91147,0
2.72751,-0.68948,0
0.6317,-0.93437,0
1.62173,0.5164,0
0.41303,-0.86313,0
2.33175,-0.50009,0
2.70238,1.09697,0
1.80054,-0.3407,0
0.94745,-0.24555,0
0.79217,0.33809,0
2.47014,-0.87216,0
-0.38122,0.88764,0
3.49164,0.11706,0
2.0435,0.43581,0
2.58763,0.04307,0
3.489,-0.51247,0
0.99335,0.96397,0
3.21666,0.34104,0
2.51147,1.15122,0
0.85943,-0.3292,0
1.15406,-1.06421,0
0.754,-0.2154,0
0.95256,-0.40573,0
2.74621,0.34405,0
0.73606,-0.77589,0
1.80291,-1.15226,0
-0.23218,0.67433,0
3.32116,0.2221,0
1.512,0.22683,0
1.51811,-0.00557,0
2.01162,0.36048,0
0.06623,0.02303,0
1.81404,-0.67258,0
0.47753,-0.85482,0
0.87818,0.24373,0
1.01486,-1.00422,0
0.3028,-0.37066,0
-0.49529,0.1391,0
0.28158,0.50133,0
2.8998,0.18739,0
-0.05896,0.37012,0
-0.1805,-0.69962,0
-0.03958,-0.3975,0
0.23571,0.87497,0
0.04981,0.65984,0
0.49666,-0.93465,0
-0.28083,0.99501,0
0.50339,-0.26787,0
-0.21178,-0.19853,0
3.40359,-1.22466,0
-0.07938,0.01175,0
1.19563,0.78661,0
1.77969,-0.31359,0
2.21653,-0.37909,0
1.77694,-0.92503,0
0.01844,0.26244,0
0.95004,1.16047,0
0.6922,-1.14199,0
3.07431,0.74231,0
2.75835,-0.76401,0
0.86456,-0.50771,0
-0.4085,0.89068,0
2.22621,0.6599,0
2.47557,0.41844,0
-0.48031,0.08711,0
2.9457,-0.26953,0
2.26365,0.6045,0
1.9718,-0.38899,0
-0.20147,0.87893,0
2.85801,-0.06155,0
2.55497,-0.28403,0
0.50376,1.03442,0
-0.4135,-0.87943,0
0.52103,0.14071,0
2.23883,0.0405,0
2.56394,0.24998,0
2.59173,0.20264,0
1.91287,1.00096,0
-0.31033,-0.056,0
1.16183,0.16247,0
0.00283,-0.31465,0
-0.33193,-0.20088,0
3.23163,-0.62743,0
3.19013,-0.12782,0
1.46064,0.56398,0
-0.33885,-1.19127,0
3.12615,0.18347,0
2.32583,1.18992,0
0.42153,-0.48795,0
3.3764,-0.38148,0
3.22815,-1.0988,0
1.99514,0.56699,0
2.05125,0.32896,0
2.11677,0.98495,0
0.7509,-0.73827,0
1.96911,-1.24027,0
1.46598,0.68988,0
0.58987,-0.58508,0
2.69174,0.79873,0
0.01872,-0.78362,0
2.40311,0.77364,0
0.76072,0.02552,0
0.25321,0.24693,0
3.14406,0.26031,0
1.70151,0.75864,0
3.48551,0.02217,0
3.03173,-1.0552,0
2.51597,0.6729,0
0.53486,-0.98361,0
-0.31696,0.35388,0
0.67744,-0.61516,0
2.26048,-0.97647,0
2.09222,-0.59396,0
1.62734,-0.04463,0
1.11851,0.46159,0
1.16272,0.62663,0
-0.43984,0.93423,0
2.11562,-0.20516,0
3.38709,-0.03608,0
2.11469,-1.2233,0
1.51575,0.98508,0
2.94488,-1.14727,0
-0.39044,0.23216,0
2.25369,0.83822,0
0.40486,0.31004,0
0.30207,0.27324,0
0.63167,0.52222,0
1.82734,-1.08708,0
0.19825,0.68184,0
-0.11567,0.39365,0
3.16726,-0.73334,0
2.05624,0.90051,0
2.60259,0.33276,0
0.31371,-1.01199,0
3.0153,-0.32048,0
0.58396,1.0735,0
-0.3519,1.16192,0
1.63106,1.01832,0
3.05691,-0.8019,0
2.29412,0.69564,0
0.11346,-0.92602,0
2.04296,0.23586,0
1.61042,-0.34439,0
0.02354,-0.73803,0
2.38793,-0.00909,0
-0.40215,-1.09996,0
0.61069,1.24102,0
-0.03095,-0.63235,0
1.89111,1.03582,0
2.66745,-0.27057,0
-0.04074,-0.97386,0
2.93717,-1.2483,0
2.07559,-0.23986,0
2.67017,-1.08605,0
0.24399,1.07609,0
-0.1149,0.15403,0
2.4871,0.56086,0
2.66546,1.15363,0
0.03552,-0.629,0
2.91839,0.84429,0
1.81236,0.10373,0
0.51363,0.01915,0
0.55,-0.75715,0
1.89321,-0.39261,0
0.97274,0.44342,0
2.22228,-0.72114,0
3.36516,0.91572,0
0.46396,-1.15375,0
1.42192,1.23445,0
1.58198,-0.44648,0
2.65186,-1.05386,0
1.23474,-0.14639,0
1.01723,-1.11505,0
3.12803,1.12078,0
3.13425,-1.06066,0
3.33471,-0.54377,0
2.18961,-0.38993,0
2.63272,-0.82931,0
1.26064,0.01027,0
3.34721,-0.14083,0
2.16279,1.00434,0
2.12466,0.91733,0
2.51837,-0.0943,0
1.66164,0.13955,0
3.09213,-0.23919,0
3.19648,-1.14314,0
0.69014,0.58764,0
-0.11298,-0.70381,0
2.33534,0.64945,0
1.66191,-1.01522,0
0.36428,-0.64822,0
2.17402,-0.90087,0
0.16246,-0.00553,0
0.17533,-1.00502,0
1.51764,0.92412,0
1.96222,0.71593,0
-0.46487,0.70532,0
-0.1852,-0.52613,0
2.72954,-0.74852,0
0.84018,0.4986,0
-0.33414,0.87361,0
2.31814,0.3544,0
1.14381,0.54232,0
0.62229,0.93801,0
2.48822,-1.24749,0
-0.29688,1.08483,0
1.49161,1.21441,0
2.39279,-0.94083,0
3.1802,-0.92297,0
-0.46943,0.08079,0
0.84889,0.10758,0
1.93284,1.0237,0
1.24359,0.03787,0
1.25524,0.2846,0
0.90914,0.96006,0
0.27212,-0.37855,0
0.0088,-0.35159,0
1.64633,-1.08997,0
1.38576,0.62972,0
1.53596,0.44039,0
3.0438,-1.14941,0
2.4899,1.14718,0
2.12933,-0.34566,0
1.26514,0.15375,0
3.24126,1.06219,0
1.40794,1.02406,0
1.97279,0.93311,0
0.4341,-1.18526,0
2.33334,0.38041,0
1.56775,0.39038,0
-0.04966,-0.08289,0
2.87248,-0.01638,0
0.78856,-1.02885,0
2.88191,1.07346,0
1.85014,0.23574,0
1.92753,0.10698,0
0.17687,-0.34858,0
-0.14495,-0.56093,0
0.22725,-0.88443,0
0.43862,-0.96289,0
0.31562,-1.00283,0
0.84314,-1.03464,0
1.90681,1.02316,0
2.28407,-1.1484,0
-0.49308,0.85205,0
1.70965,-0.46539,0
2.70085,1.04091,0
2.18211,-0.09132,0
0.42814,0.38873,0
0.13003,-0.52194,0
2.69082,1.09036,0
-0.36168,-0.28505,0
0.2108,0.61503,0
2.04969,0.68473,0
-0.48802,1.12246,0
2.00386,-1.24148,0
3.03165,-0.05374,0
1.76451,0.0487,0
1.72854,0.03313,0
-0.22002,-0.79452,0
1.85431,-0.56606,0
3.26169,-0.1438,0
-0.09754,-1.1301,0
0.02241,-0.62887,0
0.04342,-0.52,0
0.26869,1.11759,0
2.54211,-0.57163,0
2.52571,0.58884,0
2.64814,0.86295,0
3.34573,-0.29972,0
1.41035,1.04787,0
2.43618,-0.59637,0
3.31466,-0.94101,0
-0.17481,-0.21216,0
1.64965,-1.11963,0
3.25067,1.03886,0
2.38282,-0.10144,0
1.89906,0.92692,0
1.30101,0.51297,0
3.26389,-0.23576,0
3.48105,0.54076,0
3.42203,0.15426,0
-0.03353,-0.4931,0
1.53667,0.1818,0
-0.29781,0.37229,0
1.99374,0.71436,0
3.02566,0.78303,0
-0.41012,-1.169,0
0.523,-0.65979,0
1.62101,-1.14741,0
0.5234,0.19199,0
2.03061,0.23179,0
0.92323,0.12258,0
0.03119,-0.07503,0
1.89441,-0.43694,0
-0.36454,-1.00889,0
1.16089,0.26758,0
2.10546,0.11357,0
2.93466,-0.80534,0
2.71943,-0.72972,0
3.31471,-0.72938,0
0.56652,0.41162,0
3.29571,-0.62737,0
1.16536,0.96271,0
0.16361,0.50212,0
2.77208,1.1638,0
2.98432,-1.18873,0
1.43031,-0.00137,0
2.55639,0.49784,0
2.68078,1.2266,0
1.02397,-1.03122,0
2.42161,-0.59649,0
0.50101,1.11133,0
1.9432,1.15015,0
2.76387,0.23771,0
0.95444,-0.87495,0
0.25268,0.86303,0
1.60845,0.8183,0
1.51601,-0.34724,0
0.49216,0.9492,0
1.90237,0.8954,0
2.93855,0.37065,0
1.70458,0.14105,0
2.93143,-0.99632,0
1.11373,0.62871,0
0.2154,0.23239,0
0.82496,0.77456,0
2.79382,-0.52546,0
2.47643,0.91536,0
3.35472,0.77898,0
0.54178,0.1232,0
2.90382,0.4546,0
3.45481,-0.46076,0
2.81885,0.92581,0
-0.40303,-0.34275,0
2.71721,-0.82572,0
0.42142,0.14795,0
3.1255,0.2607,0
2.06091,-0.30165,0
2.18212,-1.05359,0
1.71245,-0.87934,0
0.61131,-0.47031,0
2.19103,-0.19286,0
2.77333,0.4346,0
0.2345,0.22549,0
1.00323,-1.16663,0
2.22396,-0.17691,0
1.63818,0.1992,0
3.16351,-0.90402,0
0.47545,0.85178,0
3.23469,-1.14769,0
0.03468,0.73567,0
3.17631,-0.78971,0
1.75912,0.8901,0
2.94066,-0.76358,0
-0.08794,0.56799,0
2.83759,1.00913,0
3.11108,0.66153,0
0.04052,-0.84568,0
-0.08405,-0.51242,0
-0.41461,1.03704,0
0.21523,0.02622,0
1.77016,1.18556,0
2.8525,1.00218,0
-0.13266,0.52316,0
-0.42537,-0.89608,0
2.12463,0.69157,0
-0.41372,0.87651,0
2.66771,-0.29226,0
0.17229,0.49923,0
-0.33174,-0.1492,0
-0.28474,1.02536,0
2.47637,-1.06051,0
1.44798,-0.13209,0
-0.29464,-1.20416,0
-0.18732,0.27871,0
1.49896,1.00966,0
1.75674,-0.41034,0
0.65052,-1.0501,0
1.67566,-0.23784,0
0.8201,-0.75014,0
3.45351,0.66717,0
1.06443,-0.59308,0
-0.2291,-0.65204,0
1.60988,0.95801,0
1.94405,0.82195,0
2.21698,-0.37523,0
2.24031,0.67595,0
3.06176,-0.52211,0
1.54673,0.70632,0
1.50561,-0.12699,0
2.29426,-0.91945,0
2.89769,0.70573,0
2.73192,0.74831,0
1.46555,-0.56362,0
1.31521,-0.75629,0
3.23244,-0.11188,0
1.1659,0.06391,0
2.47846,-0.40652,0
-0.40782,0.56133,0
2.96996,-0.91854,0
2.89649,0.80321,0
0.70764,-0.94889,0
0.6817,-0.37988,0
-0.4477,1.13078,0
2.75032,0.287,0
2.75209,0.01467,0
1.65981,-1.15159,0
0.08964,-1.21956,0
-0.29298,-1.24358,0
1.2122,-0.77956,0
0.70981,-0.77238,0
1.16865,1.14251,0
1.06302,-0.78184,0
2.97297,-0.23769,0
2.13784,-0.98778,0
0.36819,-0.19619,0
1.76781,1.10718,0
0.86226,1.14773,0
1.24656,0.09138,0
-0.13462,0.7321,0
3.42922,1.21438,0
2.77357,-1.12461,0
2.37921,-0.55143,0
2.04923,0.03699,0
2.49362,-0.49971,0
-0.24983,0.37761,0
1.46781,-0.55872,0
0.08107,0.37977,0
0.90621,0.94297,0
0.51689,0.85207,0
-0.34372,1.05935,0
-0.48372,0.61374,0
2.59935,0.63554,0
0.82819,0.48653,0
1.29115,-1.22414,0
-0.33401,0.27984,0
1.86418,0.4157,0
1.80343,0.58656,0
2.17531,0.55109,0
1.46933,1.10772,0
0.09624,-0.35265,0
1.34725,-0.38695,0
2.35845,-0.83434,0
-0.47887,-0.9232,0
1.81292,0.46484,0
0.56418,-1.11,0
2.50231,0.92803,0
3.1108,-0.00493,0
1.29101,0.38279,0
1.36996,0.8837,0
2.56917,0.56652,0
0.48376,0.4301,0
0.33406,1.14356,0
1.08946,-0.96047,0
3.21027,0.22294,0
2.95283,0.34357,0
3.17709,-0.68736,0
3.18259,0.98011,0
2.46215,-0.33421,0
0.23026,-0.00834,0
-0.07155,-0.00749,0
0.41647,1.15876,0
2.90779,-0.04974,0
0.72478,0.81962,0
2.31781,-0.49847,0
-0.26565,0.53252,0
1.82513,0.50274,0
3.18851,-1.02682,0
0.91776,-0.72339,0
0.83732,-0.84847,0
2.98108,-0.40204,0
1.55249,-0.47914,0
-0.31688,0.26936,0
1.0136,0.82591,0
2.95179,0.347,0
1.51227,1.178,0
2.7113,-0.96513,0
0.81897,0.54488,0
0.46401,-0.80812,0
1.19589,1.04856,0
1.80128,-1.0184,0
0.91115,-0.05602,0
0.78839,-0.75986,0
0.39937,-0.1706,0
3.04955,0.6013,0
3.06695,1.09527,0
2.61385,0.62122,0
1.37882,-0.79711,0
0.43044,-1.04701,0
-0.48968,-1.11771,0
-0.49716,0.09018,0
-0.28229,1.14418,0
-0.40183,-0.01685,0
1.95419,0.72073,0
0.05155,-0.95358,0
-0.15906,1.06909,0
2.60566,0.86745,0
1.07046,0.56042,0
-0.16588,0.55508,0
3.31438,-1.21349,0
2.55566,0.42393,0
-0.41031,0.52425,0
0.53043,-0.18185,0
1.08226,0.69329,0
-0.02258,-1.24762,0
0.25603,0.23891,0
-0.30756,-0.99095,0
2.7809,0.27503,0
2.511,0.30616,0
3.38204,-0.36069,0
3.44316,0.84404,0
0.9227,1.1236,0
0.5701,-0.18505,0
1.0667,-0.56694,0
0.4223,0.44653,0
3.01367,-0.2833,0
1.43354,0.39679,0
-0.01542,-0.7142,0
3.30273,0.22608,0
1.32688,-0.65157,0
0.39961,0.48056,0
1.14099,-1.00005,0
1.0358,0.884,0
2.63278,-1.17634,0
0.16657,-0.52189,0
3.35566,-0.28144,0
0.60587,-0.49703,0
0.35087,0.90659,0
2.41874,0.47121,0
0.44624,-0.48166,0
2.71742,0.33601,0
0.68421,-0.8522,0
2.45243,0.09527,0
0.74606,0.47006,0
0.80635,1.15172,0
1.84272,-0.26571,0
1.45227,0.93305,0
3.08037,-1.15555,0
0.03285,-0.07271,0
-0.05493,1.24915,0
1.5982,-1.22033,0
1.94642,-0.52125,0
2.384,0.81049,0
2.53655,-1.20771,0
1.08699,-0.80634,0
1.77526,-0.19379,0
2.23128,-1.18008,0
1.33533,-0.76248,0
0.24285,0.63765,0
1.46494,0.13337,0
3.42177,0.258,0
1,0.84703,0
1.03413,-0.76845,0
2.63267,-0.84287,0
2.26896,-0.08651,0
2.68604,-0.45708,0
1.39189,-0.81715,0
1.14909,-0.13614,0
0.71586,-0.17006,0
-0.11255,0.30068,0
2.02635,0.74653,0
3.06488,0.95124,0
1.03212,1.23888,0
-0.46286,0.28734,0
1.73353,0.6593,0
1.22322,0.43757,0
1.65879,-1.09317,0
2.92406,0.8697,0
0.57231,0.2115,0
1.42338,1.07678,0
1.18057,1.20368,0
1.61077,0.81298,0
0.61006,0.18632,0
0.72072,1.23375,0
0.40892,1.17808,0
-0.32988,-0.88066,0
2.17418,0.703,0
-0.05054,-0.95648,0
3.05657,0.60474,0
2.52356,0.36405,0
0.34625,-1.22548,0
3.10761,0.06234,0
2.79906,0.1909,0
1.07336,0.09109,0
3.30998,-0.06993,0
-0.44435,0.26809,0
2.35541,-0.93018,0
1.31361,0.70338,0
2.04192,1.22213,0
3.33992,0.95593,0
0.01859,-1.01212,0
1.21944,0.4977,0
2.28467,1.08617,0
1.51174,-0.43939,0
0.94532,0.77025,0
1.62606,0.67294,0
1.02655,1.09647,0
1.25514,0.29209,0
1.75992,0.20678,0
0.89249,-0.11888,0
3.26072,-0.25502,0
0.23883,0.41484,0
1.32625,0.49592,0
1.3581,0.57396,0
2.12227,0.35966,0
0.20284,-0.38545,0
1.95683,0.66196,0
1.71193,-1.08253,0
2.15445,-0.37874,0
1.17218,0.26662,0
1.00889,-0.59034,0
0.08441,-0.16488,0
0.93967,-0.16802,0
2.57703,-0.91833,0
2.4297,-0.75553,0
3.08482,-0.39427,0
1.43326,-0.4606,0
2.00323,-0.38772,0
1.53689,-1.07351,0
0.75569,0.7417,0
0.93285,0.60669,0
-0.42527,-0.28642,0
1.65463,0.58218,0
2.60256,0.02814,0
0.31253,1.18169,0
0.2647,1.10357,0
0.56289,0.63309,0
0.43186,0.07911,0
1.97346,0.01314,0
0.01452,-0.15614,0
-0.35629,-0.37841,0
-0.38922,-0.22985,0
2.05763,-0.67737,0
1.80459,0.17696,0
-0.49326,-0.27068,0
2.29782,-0.77889,0
3.1186,1.15479,0
0.8638,0.78974,0
0.16695,0.91909,0
0.58893,-0.17757,0
1.23495,0.28537,0
0.03968,1.01823,0
1.2853,-0.65058,0
1.12287,0.88161,0
1.41877,1.0819,0
3.28635,0.05802,0
3.43122,-0.36029,0
3.19768,-0.53315,0
0.10314,-0.70519,0
2.7579,-1.08325,0
1.96773,1.03683,0
0.52234,-0.52771,0
0.11093,-0.86344,0
2.54464,0.26441,0
2.85155,0.25584,0
-0.43415,0.5771,0
1.05126,0.65326,0
0.60394,-0.61535,0
0.60202,0.58782,0
-0.20174,1.01577,0
-0.05855,-0.2824,0
0.78618,-1.17932,0
0.31359,0.63024,0
1.24461,-0.37134,0
1.39627,1.19868,0
2.26666,0.11715,0
1.07992,0.68593,0
0.71116,0.93903,0
2.62675,0.6878,0
2.39343,0.78047,0
-0.13348,0.52476,0
1.28507,1.17592,0
3.23201,0.95941,0
-0.23872,1.15658,0
1.59449,-0.63253,0
1.96008,-0.78034,0
2.19959,1.03502,0
-0.38854,1.19879,0
-0.0083,-0.40223,0
1.8604,1.0016,0
2.62845,-0.62934,0
1.09333,0.20927,0
2.17391,-0.2491,0
0.25151,1.15483,0
-0.19955,-0.19606,0
1.23587,-1.17283,0
0.74926,-0.84512,0
2.29273,-0.21194,0
3.29392,-0.04681,0
0.37299,-0.23298,0
3.44476,0.27142,0
-0.25343,0.4717,0
3.37591,-0.56514,0
1.69045,0.58463,0
-0.23415,-0.01018,0
-0.03743,0.8221,0
-0.17793,1.10987,0
2.73492,0.02123,0
-0.18557,-0.1322,0
-0.0846,0.83868,0
2.25094,-0.48693,0
0.58772,-0.92398,0
3.12055,0.03238,0
-0.30425,0.89181,0
0.09778,-0.4534,0
-0.15455,-0.61277,0
2.33347,-0.93849,0
-0.20798,0.25262,0
0.93815,-1.13675,0
1.89899,1.19885,0
1.05002,-0.04638,0
0.50262,0.94707,0
2.17118,0.17309,0
0.38774,0.08667,0
0.11326,0.07574,0
3.22519,-0.31627,0
3.14073,0.24364,0
0.26465,0.72135,0
0.11059,0.40118,0
2.78156,0.6953,0
1.87326,0.12689,0
2.03898,0.72987,0
-0.09263,-0.51347,0
1.77639,-0.12688,0
0.23138,1.16363,0
3.35694,0.21616,0
3.08091,0.92286,0
1.59831,-1.00395,0
2.88328,0.28197,0
1.0833,0.36799,0
1.43309,-0.97367,0
1.6619,0.22356,0
-0.12317,0.28637,0
3.11538,-0.94299,0
0.15011,-0.8093,0
0.11898,0.09092,0
1.58179,0.33747,0
2.08879,-0.29343,0
2.8893,0.78165,0
1.91037,-0.1511,0
1.36352,0.3315,0
2.64816,0.79587,0
1.73742,-0.65154,0
-0.4367,-1.04,0
2.86102,0.82183,0
3.40689,0.08552,0
0.61084,0.58209,0
2.82095,-0.24684,0
1.83789,0.70195,0
0.65623,0.39912,0
1.99549,0.23127,0
-0.1632,-0.31049,0
-0.04545,-1.09195,0
-0.46791,-1.19381,0
1.53578,0.75103,0
2.90838,-0.7671,0
3.30119,-0.65101,0
3.34494,0.23491,0
3.43865,-0.03657,0
1.71136,0.28697,0
3.07647,-1.23864,0
0.49123,-0.73845,0
-0.32007,0.88302,0
3.45191,-1.22205,0
-0.34283,-0.80483,0
2.9493,-0.20294,0
3.40451,-0.44135,0
1.46703,0.24386,0
1.0971,-0.94897,0
2.95609,0.38693,0
2.44753,1.14522,0
2.91285,0.40761,0
2.00103,-0.04217,0
0.06202,-0.09777,0
0.34205,0.02668,0
2.11559,-1.14341,0
-0.27235,0.83589,0
-0.42544,-1.23243,0
3.43632,-0.45057,0
2.31798,-0.3727,0
0.6684,-0.70475,0
2.58475,0.47733,0
1.68502,-0.57654,0
-0.44541,-0.72951,0
0.19657,0.69274,0
3.45486,0.528,0
1.83338,-0.5939,0
1.05067,-0.62281,0
3.15449,-0.55773,0
0.70743,0.30079,0
1.91344,-0.23721,0
1.12417,-0.42088,0
1.03053,1.10081,0
2.42477,-0.54792,0
1.58519,-0.94097,0
2.55668,-0.91918,0
0.94844,-0.29789,0
3.24491,-1.22544,0
2.49475,-0.95101,0
1.35749,-1.07122,0
0.97472,0.34542,0
3.21212,-0.29734,0
2.66221,0.58026,0
0.54693,-0.47624,0
-0.43544,0.54996,0
2.43248,-1.24916,0
0.68228,-0.93947,0
2.38529,-0.85765,0
2.40012,-0.44275,0
3.25653,-0.36249,0
3.49692,0.76158,0
0.56789,-0.47112,0
1.27639,0.4992,0
1.09578,0.81213,0
3.07938,0.71452,0
1.92236,0.52873,0
3.2969,0.5934,0
1.53099,-1.1602,0
0.75616,-0.3463,0
1.69879,-0.25736,0
3.11791,0.30553,0
3.22223,0.56271,0
1.8714,-0.64624,0
1.19392,0.68052,0
1.22452,0.50284,0
0.30857,0.71643,0
2.80413,-1.02705,0
2.25874,-0.42788,0
2.22039,-0.36952,0
3.3829,0.08943,0
1.88843,1.17278,0
0.82035,-0.8116,0
2.08645,-0.86977,0
2.67885,-0.88318,0
-0.03796,0.69288,0
1.79169,0.95809,0
2.45622,-0.09344,0
1.67092,-0.87276,0
0.97845,0.23609,0
0.64366,-0.51295,0
1.58998,1.15279,0
1.60817,0.7983,0
0.28399,0.72773,0
2.16949,-0.42429,0
2.27817,-0.62584,0
1.57628,0.82988,0
-0.12336,0.87172,0
0.3798,0.74046,0
0.44517,-1.24228,0
1.86254,-0.35965,0
-0.12498,-0.47876,0
0.55853,-1.2191,0
-0.29302,0.40364,0
1.84474,-0.06935,0
2.0128,0.03556,0
0.47802,0.47809,0
2.35824,0.48381,0
-0.36809,0.6666,0
2.98721,-0.32276,0
0.68178,1.00435,0
-0.3159,-0.68749,0
1.42104,0.61346,0
2.30671,0.72741,0
3.47163,-0.38347,0
1.25511,0.21787,0
-0.11042,0.99828,0
-0.4048,-0.89187,0
-0.24137,-1.13261,0
3.27996,-0.73931,0
3.10732,0.1321,0
1.03374,-0.58757,0
2.51326,-0.38812,0
0.20506,-0.82979,0
1.12381,0.81738,0
1.40013,-1.14295,0
0.27704,0.55757,0
1.40883,-0.00076,0
3.18314,-0.24136,0
1.12562,0.87781,0
1.24661,1.00992,0
1.37539,0.13115,0
-0.32919,-0.52941,0
0.13312,0.04938,0
0.27532,0.49921,0
2.77152,-0.3029,0
3.22926,0.86666,0
1.89981,0.83398,0
-0.35401,1.17552,0
0.3016,1.10045,0
1.63237,0.95925,0
-0.22325,-0.70481,0
0.68766,1.05464,0
1.80583,0.43983,0
-0.34604,0.87935,0
2.98166,-0.71787,0
2.75798,0.25319,0
0.2361,0.2891,0
1.68975,1.13948,0
0.09912,0.75015,0
1.68277,0.43809,0
0.25426,-0.80004,0
3.11235,-1.08102,0
0.64822,0.22475,0
3.30255,-1.22633,0
-0.1936,-0.48134,0
3.18716,0.64242,0
-0.18994,-0.83087,0
1.42264,1.16754,0
0.2071,0.66162,0
-0.42364,0.88095,0
1.2376,-1.06934,0
1.06016,-0.19154,0
3.24614,-0.33123,0
0.95066,0.65252,0
-0.15221,-0.69445,0
0.82178,0.4837,0
2.30531,1.12685,0
0.43993,-0.12814,0
3.30445,0.59493,0
-0.00703,-1.16426,0
2.50954,-0.99191,0
2.00011,1.00054,0
-0.15047,-1.07232,0
1.73726,-0.34778,0
0.60574,-1.19284,0
0.40184,1.05321,0
2.52744,0.56928,0
0.51406,-0.10452,0
0.9539,0.66387,0
-0.40897,0.49059,0
1.95034,-0.14913,0
-0.35459,-0.00711,0
2.66268,0.38195,0
1.60866,0.52487,0
0.30818,0.04481,0
0.05254,0.29704,0
2.03866,0.57889,0
0.40825,-0.50955,0
2.38188,-0.68364,0
3.47577,0.32643,0
0.79869,-0.76326,0
2.1283,-1.06276,0
1.78647,0.86653,0
3.4429,1.07765,0
2.75491,-0.24568,0
1.53227,0.65325,0
1.53487,-0.94254,0
3.49387,-0.03307,0
0.47317,0.41346,0
1.44072,0.81296,0
0.15898,-1.16804,0
0.81181,-1.00486,0
1.45988,-0.6413,0
2.80962,0.22547,0
2.58682,0.91979,0
1.35508,-0.23413,0
1.95498,-1.06307,0
0.51736,0.91831,0
0,1.02848,0
0.78739,-0.06197,0
2.93397,-1.17106,0
1.32917,-1.18169,0
-0.22321,-0.24877,0
3.44756,-1.22073,0
1.97195,0.43275,0
1.70262,0.84198,0
2.24499,0.88842,0
1.87015,0.46583,0
2.39128,0.25694,0
2.38421,-0.26302,0
1.85986,-0.97444,0
1.81165,1.13789,0
0.00744,0.67503,0
2.53677,0.66206,0
-0.33958,-0.57636,0
-0.23566,-0.211,0
0.16802,0.19324,0
2.62136,-0.58614,0
2.67919,0.69858,0
0.9166,-0.81156,0
-0.03089,1.07203,0
1.7443,0.07005,0
3.46187,-0.68511,0
0.81549,0.91883,0
0.02879,-0.5403,0
0.80723,0.39816,0
2.59739,0.75882,0
0.23471,1.07332,0
3.09443,1.21741,0
0.32491,0.90852,0
3.4787,0.95704,0
1.18445,0.11546,0
2.06007,0.55269,0
2.45672,0.90264,0
2.95758,-0.39364,0
-0.3228,1.21905,0
0.43403,-0.30195,0
1.96559,-0.77289,0
2.61777,0.17049,0
0.01275,-0.39781,0
2.97552,-0.92787,0
0.68833,1.20033,0
3.02006,0.71837,0
0.82166,0.22266,0
2.77046,-0.79023,0
2.82797,0.24172,0
1.19149,1.22969,0
3.41956,0.09566,0
-0.46656,1.06051,0
1.94757,-0.01314,0
1.09732,-0.68688,0
2.01191,1.22561,0
-0.4857,-0.43261,0
2.67721,-0.55568,0
-0.33025,0.9605,0
0.10497,-0.62853,0
0.82947,0.63417,0
1.07728,-0.70506,0
1.17284,-1.02744,0
1.10321,-0.05103,0
1.02213,0.74431,0
1.94427,1.00276,0
1.63249,1.11457,0
0.50087,0.99598,0
0.38108,0.61725,0
0.28261,1.10305,0
2.23823,-0.999,0
1.04498,-0.25002,0
0.79597,-0.22759,0
-0.4694,1.00025,0
3.24433,0.23763,0
1.19101,-0.96344,0
3.0545,1.08892,0
0.4796,0.10863,0
-0.36112,-0.80382,0
2.76306,0.84296,0
2.28057,0.75702,0
1.56276,0.24666,0
0.33251,0.52586,0
1.51518,-0.26908,0
3.01368,-0.07942,0
-0.18229,-0.36481,0
3.19824,0.91597,0
0.66783,0.58072,0
0.63491,0.34666,0
2.45618,0.12438,0
3.10989,-1.22506,0
1.56209,1.10134,0
3.34992,0.73117,0
3.31035,-0.97819,0
-0.499,0.45639,0
1.91613,0.84302,0
1.25408,-0.95794,0
3.20133,0.4524,0
2.88816,0.82362,0
1.91174,-0.38287,0
1.01998,-0.49554,0
2.41645,0.38526,0
2.62961,-0.098,0
2.67701,1.14546,0
1.27252,-0.16088,0
0.48087,-0.30238,0
0.00348,-0.05142,0
2.33852,-0.95491,0
1.19096,-0.99045,0
3.13989,-0.61445,0
0.37621,1.20934,0
1.72538,-0.99542,0
0.40525,-0.82101,0
1.7749,0.39128,0
1.27229,0.93758,0
0.99698,-0.25182,0
-0.12515,0.53407,0
-0.45445,-0.41689,0
2.57814,-0.28817,0
2.82763,0.28572,0
2.08143,-0.20844,0
1.8093,0.13491,0
-0.46645,0.72385,0
0.60076,0.17987,0
2.77535,-0.05869,0
3.1258,-0.65519,0
3.06616,-0.18255,0
0.09253,-0.27305,0
1.44014,-1.04573,0
2.45238,-0.9856,0
1.41359,-0.5384,0
0.07349,-0.0814,0
0.42316,-0.71045,0
2.9575,0.45678,0
1.24542,-0.96254,0
-0.40715,0.74124,0
0.54252,0.13153,0
0.48006,-0.00506,0
3.25156,-0.7666,0
-0.31855,-0.17262,0
1.34992,0.37927,0
1.41263,0.88045,0
0.10252,0.9412,0
1.24094,0.67862,0
1.70969,0.42917,0
2.68783,-0.14852,0
2.48517,1.22872,0
0.25815,-1.20852,0
0.30335,0.91738,0
1.17943,0.4754,0
0.0061,-0.27524,0
1.03439,-0.13958,0
1.58214,-0.66551,0
0.7019,1.24798,0
1.14165,-0.97319,0
0.92666,-0.30331,0
-0.19515,0.54572,0
1.63651,0.77176,0
0.30294,0.36268,0
2.33533,-0.47694,0
2.72239,1.04543,0
-0.32901,0.94953,0
2.95518,1.19019,0
2.62097,1.13839,0
1.44342,0.68273,0
2.72925,0.02356,0
2.70647,-0.01802,0
3.22088,1.02493,0
-0.02399,0.85545,0
1.25407,-0.27269,0
0.66226,0.73918,0
2.60785,-1.17811,0
2.55719,-0.26787,0
3.40766,1.0788,0
2.44014,-0.09504,0
1.60788,1.05143,0
3.24504,-1.01771,0
1.77735,1.11998,0
1.87451,0.58304,0
1.71547,-1.15337,0
0.31181,-0.82171,0
1.32182,0.84053,0
1.08211,0.54215,0
-0.14979,-0.99176,0
1.64286,-1.06769,0
1.16411,-0.0381,0
0.96517,-0.99111,0
2.54808,0.55525,0
3.25079,0.70778,0
3.22085,-0.719,0
3.43996,0.09707,0
2.00838,-0.89937,0
-0.43782,-0.08148,0
2.30689,-0.09655,0
0.21022,0.29939,0
1.06209,0.22046,0
0.15755,-0.97994,0
2.59615,1.10666,0
-0.45002,-1.13524,0
0.32641,0.67862,0
1.31972,0.15591,0
0.20309,-0.42196,0
1.64219,0.9767,0
2.15433,-0.18572,0
0.72269,1.05208,0
1.00133,0.35763,0
2.08764,0.82912,0
0.24926,0.85293,0
1.87081,-0.51344,0
1.59121,1.05429,0
2.49486,1.0938,0
1.60477,-0.67319,0
1.42388,1.12131,0
-0.27403,-0.35124,0
0.56948,-1.16977,0
0.1134,0.53359,0
1.35501,0.98587,0
2.15306,-0.50641,0
0.31398,-1.03198,0
3.19412,0.23962,0
1.28984,-0.91272,0
1.82647,-0.63289,0
0.88818,-1.15018,0
0.84197,0.99775,0
-0.32809,0.46282,0
1.90419,-1.11925,0
0.38754,0.75548,0
0.01965,-0.70787,0
2.30868,1.01439,0
0.65097,-0.25723,0
1.37417,-0.77338,0
-0.27562,1.02027,0
0.98194,-1.07187,0
-0.30682,-1.16348,0
0.14194,-0.12004,0
0.0986,0.26208,0
-0.32517,0.93681,0
2.40393,0.883,0
1.12689,0.27665,0
3.32087,0.94394,0
0.88047,-1.19633,0
0.28799,-1.14328,0
3.02923,0.43264,0
0.78373,0.77613,0
-0.12768,0.6076,0
0.11033,-0.93525,0
1.0496,0.66097,0
2.41893,1.03613,0
1.89214,-0.10405,0
2.29867,0.7461,0
0.98089,-0.15283,0
1.30427,-0.84337,0
2.3051,0.89032,0
1.09818,0.72357,0
0.71913,-0.01053,0
-0.23522,-0.67955,0
1.77721,0.19866,0
2.55494,0.33988,0
-0.20619,0.83872,0
1.76987,0.8208,0
3.42153,-0.455,0
0.93342,0.44491,0
2.12447,1.15735,0
1.25416,-0.37638,0
1.22094,0.77369,0
-0.20452,-0.79694,0
1.64484,-0.59114,0
-0.23712,-0.4485,0
0.13203,-0.03635,0
2.17541,0.28715,0
2.24056,-0.21999,0
0.59374,0.31914,0
2.7107,-1.20562,0
0.0119,-0.74035,0
0.06213,1.18083,0
-0.09573,0.55662,0
-0.10224,-0.09697,0
0.23364,-1.19458,0
0.23664,-0.45226,0
3.21738,-1.01267,0
1.30196,-0.85287,0
1.26631,-0.47092,0
2.25688,0.39068,0
1.76494,-1.08854,0
1.40306,-0.56351,0
1.3758,0.73999,0
2.63054,-0.20939,0
1.46205,0.7407,0
2.37267,0.91402,0
2.83355,1.13202,0
2.06628,0.36993,0
2.94267,-0.18013,0
-0.01058,0.43623,0
0.85136,-0.60793,0
0.07356,1.00322,0
0.98673,0.81533,0
2.01542,-1.24408,0
-0.4887,1.12785,0
2.5808,-0.88611,0
3.24929,0.52225,0
-0.4629,0.22079,0
-0.23499,-1.01905,0
1.81624,1.1082,0
-0.33808,-0.23336,0
3.46725,0.05857,0
0.28093,0.51242,0
2.80061,1.11792,0
2.72085,-0.93789,0
-0.00578,-0.79951,0
1.5406,-0.5949,0
0.57754,0.06409,0
0.0263,-0.47564,0
-0.41029,-0.57925,0
-0.21411,0.1309,0
-0.13737,1.0677,0
3.43305,0.52392,0
1.05694,-0.76819,0
3.41516,0.66155,0
-0.1926,-0.36481,0
-0.426,0.70135,0
2.1862,0.14808,0
2.986,1.11048,0
0.11588,0.74773,0
-0.12937,-0.6848,0
2.12142,0.63349,0
2.49625,1.07125,0
2.6243,-0.88438,0
2.75659,0.45646,0
2.07563,0.56389,0
1.43701,0.46535,0
3.20224,-0.81748,0
1.9064,0.35709,0
-0.42473,1.16692,0
2.7204,0.03864,0
2.10569,-0.61257,0
1.56091,0.54231,0
0.36713,-1.1723,0
1.13753,-0.68999,0
2.08754,-0.17281,0
1.05445,-0.31834,0
3.20934,0.50261,0
0.03599,-0.1995,0
2.60864,-1.10128,0
0.43257,0.03031,0
-0.17886,-0.71123,0
-0.35471,0.67955,0
3.08,0.25837,0
1.21702,-0.14801,0
0.44039,0.87421,0
3.35068,0.58719,0
0.46419,0.64094,0
1.96933,0.70959,0
1.06261,0.17557,0
0.61844,1.22778,0
2.61706,0.62881,0
0.61352,-0.88725,0
3.27777,-0.56054,0
2.52665,-0.90761,0
1.50775,0.80392,0
0.23049,-1.17427,0
0.45489,-0.1111,0
0.10101,-1.20891,0
0.39276,-0.8389,0
0.449,-0.65463,0
1.64975,0.70798,0
1.48963,0.37084,0
-0.40212,1.21285,0
2.3034,0.66301,0
0.16226,1.13273,0
-0.18854,-0.79382,0
2.02383,0.61978,0
2.91227,-0.41821,0
0.7864,1.17243,0
1.21926,0.75572,0
1.49272,0.15771,0
-0.36273,-0.82427,0
0.72267,0.11778,0
2.74401,-0.53967,0
3.02012,0.06086,0
1.43956,0.81419,0
1.36121,0.97229,0
0.83697,-0.26635,0
2.54981,-0.65254,0
2.89745,-0.82329,0
2.23537,-0.39636,0
1.03616,1.18906,0
2.92213,-0.48821,0
1.34154,1.13724,0
3.11854,1.00658,0
0.96158,-0.7695,0
0.0628,0.26649,0
0.28172,-0.75763,0
3.11713,0.57225,0
1.9986,0.97034,0
3.43984,0.0117,0
-0.41243,0.90793,0
1.99877,-0.12389,0
1.56779,0.45257,0
0.588,-1.1145,0
3.04136,0.18149,0
1.42335,-0.81738,0
0.62993,-1.1347,0
3.08845,-1.21708,0
1.12406,0.2157,0
0.5045,-0.58005,0
-0.20891,1.22816,0
1.99904,-0.12696,0
0.25116,-0.75765,0
0.42377,0.35692,0
1.30427,-0.00456,0
2.91132,0.17659,0
0.63823,0.93799,0
2.04071,0.07804,0
1.70425,-0.81833,0
2.833,-0.14339,0
2.03455,-0.71479,0
3.29626,-0.22913,0
0.59998,-0.19763,0
1.6717,-1.01051,0
3.44416,0.77592,0
1.92486,-0.93379,0
2.46148,0.32495,0
1.73454,-1.08919,0
1.27693,-0.24239,0
1.2461,0.74558,0
1.20171,-1.19617,0
0.64026,-0.21673,0
1.77049,-0.45589,0
0.54345,0.41382,0
2.17495,-0.17464,0
0.00381,-0.87973,0
-0.47726,0.48168,0
0.61614,1.07539,0
3.08553,-1.1224,0
3.35379,-0.45297,0
0.83379,-0.2416,0
1.84242,-0.22784,0
1.8814,0.53479,0
0.86179,-1.1919,0
-0.1257,0.71952,0
0.65059,1.22616,0
2.7884,0.4018,0
1.49887,1.18624,0
3.30263,-1.08378,0
1.34283,-0.88267,0
-0.07481,-0.20385,0
0.57512,-0.93009,0
1.95847,-0.19884,0
-0.40505,1.22911,0
2.96381,-1.12113,0
0.31057,0.88529,0
-0.12174,-0.38027,0
2.43128,-0.92482,0
0.21265,-0.08881,0
1.09796,-0.80225,0
0.88619,-0.62553,0
-0.45066,0.14055,0
1.53556,0.856,0
0.91985,0.78508,0
0.96672,-0.05217,0
2.07226,0.965,0
3.10312,0.33564,0
2.84988,0.15032,0
0.86113,1.00651,0
-0.4592,1.03344,0
0.79279,0.92679,0
1.73078,0.20447,0
0.46451,0.58095,0
0.29868,0.23617,0
3.25733,0.58415,0
0.83763,0.02539,0
-0.26218,0.43189,0
2.47002,0.00883,0
2.16143,0.64422,0
2.55304,1.13339,0
0.83592,0.80763,0
0.40168,-1.0803,0
2.06353,0.35591,0
1.41366,-0.30377,0
3.46209,0.63321,0
2.9269,0.35218,0
2.54901,1.02761,0
3.36918,-0.17724,0
0.58541,0.76797,0
2.38094,0.02833,0
1.44694,0.06529,0
1.09467,0.87142,0
1.56548,0.35789,0
1.63598,-1.12983,0
3.46299,-0.91542,0
0.90236,-0.03463,0
1.65057,0.1498,0
0.17185,-0.5201,0
1.0245,-0.81229,0
2.31368,-0.14147,0
1.01503,0.92777,0
2.49214,-1.073,0
1.12439,0.41875,0
3.26433,-0.06774,0
1.04303,0.65085,0
3.29754,-0.11813,0
0.9477,1.07508,0
1.08996,0.87457,0
0.91431,0.10953,0
2.48128,-0.53467,0
1.66581,0.97869,0
3.03166,-0.04886,0
1.73103,-0.68734,0
1.86982,-1.21929,0
0.35071,-1.14076,0
0.02989,1.03429,0
1.43118,-0.67835,0
0.70662,-0.59905,0
3.09411,-0.11143,0
3.06839,-0.96866,0
0.94694,0.26063,0
2.08299,-0.28111,0
0.22504,-1.06185,0
-0.28401,-1.12063,0
2.29249,0.47193,0
0.64205,-0.01359,0
3.28459,-0.43392,0
0.3366,0.08405,0
3.04499,-1.08008,0
1.04593,1.20252,0
-0.40073,-1.22764,0
3.09602,-0.88953,0
0.35728,-0.87914,0
3.46509,0.55964,0
1.03218,0.68126,0
-0.08499,1.11777,0
2.27148,0.32962,0
0.64759,0.65852,0
3.30636,0.7795,0
3.21315,0.17929,0
3.2595,0.01448,0
1.32337,0.14494,0
1.96113,-0.21713,0
2.4717,-0.91248,0
2.71264,-0.94733,0
2.54539,-0.30151,0
0.53692,0.19076,0
1.84309,-0.31566,0
2.27647,-0.62559,0
1.34816,0.80447,0
-0.36529,-0.80792,0
2.80641,0.25248,0
0.96974,0.53461,0
0.60844,-0.07281,0
2.23851,0.34299,0
1.99832,0.90624,0
0.85226,0.90215,0
-0.37241,-0.89796,0
2.09348,-0.17251,0
3.11901,0.18212,0
2.71809,0.37508,0
1.10849,-0.69144,0
0.55286,-0.07411,0
-0.43478,0.51357,0
2.76163,0.06378,0
0.91782,-1.04967,0
3.22349,0.68768,0
0.37051,-0.42627,0
2.66304,-1.21728,0
-0.25757,-0.52054,0
1.28604,-0.68574,0
0.60614,0.36967,0
-0.17295,-0.54987,0
2.43421,-0.41263,0
0.69435,1.09455,0
2.42353,-0.67863,0
1.02135,-0.93101,0
0.85842,0.33393,0
2.85476,-0.69579,0
1.90276,-1.17646,0
1.56967,0.0272,0
0.15255,0.02316,0
1.77896,0.81655,0
0.28887,-0.20548,0
2.84462,0.5845,0
1.17273,0.81958,0
1.433,0.29223,0
1.32933,-0.88439,0
0.58159,-0.68608,0
2.7058,-1.15532,0
1.69068,-0.20696,0
2.05811,0.82897,0
0.85284,0.6995,0
0.09955,0.82154,0
2.71192,0.42576,0
2.41938,-0.48864,0
1.56854,-0.55788,0
2.99267,-0.32509,0
0.94808,1.19338,0
1.44717,-0.33826,0
1.92606,-0.59601,0
1.78539,-1.05159,0
1.68817,1.0717,0
1.13886,1.19537,0
2.86082,-0.98308,0
1.08154,0.40953,0
0.52177,-0.52303,0
-0.04863,0.00977,0
-0.49346,-1.03098,0
1.45016,0.5641,0
3.21057,0.75708,0
3.47675,0.33329,0
0.87952,0.74836,0
-0.04594,0.71196,0
3.06689,-0.96956,0
2.90154,-0.96774,0
1.93699,0.82401,0
2.86347,-0.20851,0
1.32283,-0.06132,0
3.20687,-0.86425,0
2.52733,0.093,0
1.8493,0.77182,0
1.34353,1.03762,0
0.57603,-0.05835,0
1.48933,0.31519,0
2.72981,-0.23357,0
1.78411,0.70829,0
1.69691,-0.894,0
1.09049,0.78186,0
0.30898,-0.32275,0
-0.3573,1.04085,0
-0.46243,0.64585,0
3.02446,-0.49039,0
3.21302,-1.23627,0
1.69529,0.90775,0
0.73095,-0.66302,0
-0.37365,-1.18643,0
1.40176,-0.37626,0
2.77608,-0.20958,0
0.20805,0.17675,0
3.46216,-0.23239,0
3.2032,0.0741,0
2.89291,0.38151,0
-0.06706,0.83971,0
0.13883,1.13507,0
0.91612,0.63071,0
-0.388,0.51426,0
2.09741,-0.23034,0
0.87029,-0.39069,0
0.81943,0.18917,0
3.03456,1.23196,0
0.76345,0.61347,0
2.28266,1.04738,0
1.18773,0.74842,0
0.41329,-1.19499,0
3.28241,-0.01299,0
0.57428,-0.8494,0
2.88214,-0.26351,0
0.9339,0.18373,0
0.02774,0.30764,0
2.41739,0.1396,0
0.98394,0.98163,0
0.20628,-0.70781,0
2.52003,1.02452,0
3.12682,-0.85033,0
2.57997,0.42687,0
0.81307,-0.14515,0
1.77738,0.03838,0
-0.20674,0.10689,0
1.53922,-0.45748,0
3.41055,0.21179,0
-0.3783,0.16651,0
3.1914,0.74731,0
3.13416,0.4886,0
2.30186,1.08783,0
-0.26924,-0.55776,0
2.50805,-0.60431,0
2.62616,0.52305,0
-0.14188,-1.01446,0
1.06763,-0.53186,0
2.65571,-0.93798,0
3.07315,-1.16569,0
2.4753,-0.45491,0
0.41594,-0.74279,0
1.58716,0.72445,0
3.43421,0.34643,0
2.29271,0.26699,0
0.35885,-0.12685,0
2.76696,-0.56999,0
1.45601,-0.55002,0
1.74489,-0.21044,0
-0.4413,1.08005,0
1.68183,-0.50004,0
0.87867,-1.13773,0
0.08041,0.16735,0
2.62543,-1.06567,0
2.07395,0.89413,0
2.32216,-0.95983,0
1.86998,0.55434,0
0.85804,-0.41388,0
1.52927,0.86136,0
3.12907,0.50371,0
1.36429,-0.16784,0
0.75784,0.79257,0
0.00567,-1.24016,0
1.31696,-0.68535,0
2.61071,0.37536,0
0.97628,-0.96347,0
3.30956,0.88864,0
0.17584,0.83441,0
2.88388,0.65865,0
1.65656,0.66475,0
3.48592,1.03025,0
0.39397,1.1421,0
0.87997,-0.79781,0
2.55418,0.25355,0
2.97937,0.45302,0
1.28739,-0.67216,0
0.41573,0.98344,0
0.99626,-0.46066,0
3.42377,1.0091,0
0.92445,0.53143,0
1.19343,-0.68778,0
0.60498,1.14686,0
1.54613,-1.08165,0
1.47177,0.52226,0
0.03273,1.05959,0
2.77872,0.88656,0
1.4805,-0.20215,0
2.41178,-0.35079,0
0.62993,-1.19642,0
3.15026,-0.98913,0
1.19481,-0.28186,0
0.86027,0.67032,0
3.4284,-0.84743,0
2.69221,-0.14391,0
0.25853,0.08178,0
0.75784,-1.08633,0
0.23994,0.52508,0
0.50975,-0.20332,0
3.24171,0.12393,0
0.62628,-0.93816,0
2.06046,0.03235,0
1.83272,-0.08521,0
2.90212,-0.51452,0
0.36766,-0.47517,0
2.20747,-0.46568,0
0.44902,1.0318,0
-0.25576,0.1922,0
0.77101,-0.11023,0
0.28151,0.91138,0
1.73903,-0.8862,0
3.4515,-1.19952,0
0.99917,0.39203,0
0.00647,0.6968,0
0.82484,-0.413,0
1.18645,-0.54147,0
2.53623,0.72101,0
0.65455,-0.58463,0
1.15609,-0.84841,0
-0.22127,-0.39561,0
1.4648,-0.05738,0
-0.076,-0.87799,0
-0.20991,-0.11897,0
-0.20081,0.16572,0
0.49796,-1.18824,0
0.88969,0.02723,0
-0.09788,-0.30676,0
-0.29032,-0.87465,0
1.50288,-0.50106,0
0.04681,-1.1506,0
0.1591,-0.76033,0
0.70996,-0.89815,0
-0.42313,-0.10158,0
3.36332,1.21061,0
0.83666,0.59013,0
1.99776,0.61385,0
2.36027,-1.0335,0
1.62274,0.3536,0
0.51621,0.7581,0
0.99292,0.31091,0
3.42568,-0.03617,0
2.99911,-0.33694,0
0.98467,0.88806,0
2.32045,-1.17018,0
2.83918,-0.31805,0
1.75015,1.12457,0
0.56419,0.32776,0
1.53154,-0.76186,0
0.22291,1.00976,0
-0.39357,0.5101,0
0.53652,-0.48765,0
0.81878,-0.34412,0
1.64231,0.01032,0
1.70068,0.53052,0
0.37986,0.33917,0
0.45694,1.18308,0
2.41393,0.03469,0
1.07896,-0.79934,0
2.52224,0.37862,0
1.38621,1.16375,0
1.82575,-0.31152,0
3.23771,0.13167,0
0.32101,-0.61072,0
1.25897,1.04983,0
0.48829,-1.21252,0
0.67922,0.52384,0
1.53124,-0.45119,0
0.892,0.59778,0
2.71017,-0.51736,0
-0.41326,-0.74329,0
0.83938,-0.10578,0
3.04802,0.35582,0
1.03915,-0.47154,0
2.12156,-0.65953,0
2.94251,-0.56889,0
2.70144,-0.08657,0
2.74154,-0.73625,0
2.58488,0.91323,0
3.43915,1.14235,0
-0.45178,-1.10825,0
2.19474,1.23254,0
1.54153,-0.79955,0
0.11623,1.2496,0
1.95933,-0.3163,0
1.55303,-1.17352,0
0.14462,0.97735,0
-0.11741,0.67384,0
1.50387,1.10563,0
-0.08723,-0.09006,0
2.22602,-0.06958,0
1.52115,0.51912,0
-0.0246,-0.57721,0
1.43977,-0.94466,0
0.68767,-1.22747,0
-0.3162,-1.06968,0
0.95668,-1.23433,0
3.14964,-0.15187,0
-0.10974,-0.07093,0
1.68656,-0.11171,0
0.46771,-1.2005,0
1.21934,0.16509,0
-0.1863,0.29342,0
3.19525,-0.987,0
0.4192,-1.20573,0
0.35108,0.17375,0
0.17923,0.56931,0
1.55649,1.13122,0
-0.49476,-0.70708,0
1.7146,-0.22301,0
0.28523,-0.43379,0
2.46301,-1.08448,0
1.31194,0.88263,0
0.02475,0.16262,0
1.37135,0.25691,0
0.82013,0.0855,0
0.55758,-0.62476,0
0.20712,-0.09448,0
1.60163,-1.09321,0
1.72822,-0.89785,0
1.18977,-0.7367,0
2.68452,-0.0905,0
2.42459,-0.50912,0
1.14937,-0.08554,0
2.79037,-0.38599,0
0.58816,-0.17371,0
0.39847,-0.60925,0
-0.26604,0.63308,0
2.86786,0.39483,0
3.27459,0.39913,0
2.88155,-0.12189,0
2.1883,-0.17639,0
2.75741,0.00427,0
2.01944,-0.69958,0
2.36219,-0.55314,0
2.26114,0.75246,0
1.0438,1.09274,0
2.06132,0.7759,0
0.23786,0.99178,0
0.68187,1.07169,0
-0.08666,-1.17156,0
2.34612,0.41905,0
0.78933,-0.35177,0
3.18004,0.51142,0
2.19465,-0.0757,0
1.35355,0.6553,0
-0.30718,0.14164,0
0.28308,0.90861,0
1.2902,-1.19656,0
0.53433,-0.17676,0
1.41931,-1.20548,0
1.31167,1.15864,0
3.00004,-1.10694,0
1.24598,0.0968,0
2.55833,0.12451,0
1.88328,-1.15979,0
2.1878,1.12168,0
2.32495,-0.0244,0
2.08284,-0.39941,0
3.09388,1.24164,0
2.64709,-0.31218,0
3.08096,0.00828,0
1.21253,-0.96895,0
0.17933,0.08098,0
-0.25389,0.06947,0
1.56724,0.56437,0
1.1244,-1.09508,0
-0.31978,1.05509,0
0.48663,-0.04297,0
2.34715,-1.06288,0
1.59618,-1.08428,0
3.08192,1.05248,0
2.17732,0.29509,0
-0.21633,-0.36102,0
0.80925,-0.70997,0
2.33684,-0.12607,0
2.38432,-0.6375,0
-0.10085,-0.57286,0
2.05415,-0.33191,0
2.03414,0.65457,0
2.43138,0.98569,0
2.47941,-0.47201,0
1.49248,-0.59017,0
2.56798,-1.064,0
2.95672,-1.14121,0
2.31037,-0.18765,0
0.06991,-0.33052,0
1.02611,1.06899,0
3.21451,0.44573,0
2.94431,1.06607,0
1.96217,-0.4344,0
0.42306,0.6729,0
-0.01747,-0.57882,0
2.09905,-0.55245,0
0.39068,0.5308,0
0.10677,-0.34819,0
1.16073,-0.88306,0
2.15816,1.04795,0
1.58724,0.86378,0
3.17896,0.16577,0
1.65775,-0.77407,0
0.47422,0.24965,0
2.35273,-0.13295,0
2.65855,0.12716,0
0.43579,0.15304,0
1.66139,-0.78983,0
1.69759,-0.97966,0
0.43743,-0.44215,0
2.41539,0.02419,0
-0.2943,0.65648,0
0.60903,0.65696,0
3.26477,1.08074,0
2.24909,-1.03327,0
2.62558,0.33887,0
1.6348,-0.19243,0
3.01759,0.4106,0
1.24765,0.45885,0
1.87481,-0.35798,0
1.54906,0.1974,0
2.95167,-0.8813,0
1.95549,-0.18039,0
1.05053,-0.59731,0
0.23471,0.40219,0
3.00738,-0.14778,0
1.68042,-0.38938,0
-0.04311,0.60102,0
-0.19522,-1.2181,0
1.98826,0.80872,0
0.3133,0.48247,0
1.66442,-0.61058,0
2.14717,-0.93188,0
1.06236,1.10688,0
2.01589,0.44811,0
2.77299,-0.87917,0
0.02205,0.60935,0
3.27541,-0.5774,0
1.56902,0.46269,0
0.29093,1.11139,0
0.84881,0.3859,0
2.46576,0.75309,0
1.48689,0.20799,0
0.20294,-0.95387,0
-0.11145,0.19097,0
-0.2007,0.79566,0
0.1616,-1.23024,0
0.57102,0.13339,0
-0.03259,-0.40724,0
0.25651,0.32479,0
2.14562,-0.70469,0
1.21606,-0.75703,0
0.42038,0.07689,0
0.57232,0.74343,0
3.38501,-0.12544,0
2.4484,0.48609,0
2.02621,-0.92658,0
0.49702,0.53303,0
1.20979,-0.49775,0
0.92513,0.31737,0
1.47689,1.21014,0
3.15905,0.5708,0
-0.46038,-0.17516,0
1.60038,0.0925,0
3.31621,0.16263,0
0.13057,-0.81923,0
2.95692,1.02095,0
0.63272,-0.20038,0
0.44015,-0.51356,0
1.97755,0.1966,0
0.06775,-0.79998,0
-0.34669,-0.58965,0
1.58237,-0.57894,0
1.37609,-1.04067,0
-0.12574,-0.69303,0
-0.15967,-0.88883,0
2.27263,0.28595,0
1.88481,-0.94637,0
-0.15524,1.05784,0
3.1079,0.69081,0
1.33681,-0.07286,0
2.53276,0.46907,0
1.19213,0.5627,0
0.22979,-1.0127,0
0.64549,0.69599,0
0.23313,0.98961,0
2.38816,-0.76424,0
0.44534,-1.19613,0
1.96872,1.21713,0
2.08875,-1.23502,0
-0.10749,0.39883,0
2.6136,-1.15379,0
0.67551,-0.05863,0
1.84569,-1.10043,0
0.55525,-0.25878,0
-0.02175,-0.69489,0
-0.18721,-0.49045,0
2.71509,-1.24971,0
0.64621,-0.9768,0
2.59804,-0.78415,0
2.95592,0.05464,0
-0.47984,-0.49256,0
0.55462,0.81737,0
1.0544,-0.99409,0
3.46906,0.2535,0
1.82164,0.27299,0
3.16773,0.1862,0
3.367,-0.35149,0
2.76853,0.71215,0
0.22517,0.43249,0
0.18195,-0.7185,0
-0.37033,0.19952,0
1.36946,-0.31934,0
1.90426,0.62977,0
2.75529,-0.68631,0
2.76598,0.63087,0
1.53815,-1.17162,0
2.76301,-0.99816,0
1.7727,-0.33948,0
2.4586,0.79958,0
-0.21584,1.04016,0
3.48993,-0.78422,0
1.32142,-0.39394,0
2.4654,0.16698,0
0.90473,-0.73078,0
2.07541,-0.89862,0
-0.06501,0.2074,0
2.68786,-0.2599,0
-0.12401,0.24286,0
1.17894,-0.56088,0
2.90089,-1.11552,0
0.30637,-0.09713,0
3.01751,-0.93938,0
0.34706,0.22331,0
1.45721,0.61896,0
-0.34814,0.95781,0
1.36956,0.31746,0
0.57488,1.23235,0
0.13866,0.17863,0
1.91454,0.34418,0
2.67798,0.0826,0
3.39204,-1.24672,0
-0.08402,-1.06955,0
1.65182,0.4338,0
1.88157,-0.50882,0
2.70366,1.09926,0
1.00914,-0.70416,0
1.45666,-0.37277,0
1.20388,-0.1642,0
2.58552,-0.35934,0
0.58675,-1.20779,0
0.09174,1.20059,0
-0.07005,1.23374,0
3.44824,-0.33376,0
3.09528,0.47529,0
2.74682,0.2445,0
1.82134,-0.1183,0
2.89481,0.88103,0
0.64416,0.48427,0
-0.25857,-1.06641,0
2.17619,-0.98835,0
0.66898,0.97433,0
2.67462,-0.46567,0
3.36772,-0.84763,0
3.46662,-0.19894,0
0.92757,-0.91586,0
-0.29576,-0.16108,0
1.38718,0.63421,0
3.46818,0.18858,0
1.47647,0.72875,0
2.11976,-1.05147,0
0.11483,0.2809,0
1.66707,0.65739,0
-0.00561,0.30397,0
3.20949,-0.10211,0
3.39027,-0.79738,0
1.45319,0.97008,0
2.34181,0.1747,0
0.56613,-0.74706,0
0.67073,-0.14803,0
3.12693,-0.32431,0
3.28694,0.7839,0
3.12258,1.19856,0
2.33114,0.95165,0
0.74542,1.11314,0
3.27206,-0.99767,0
2.44977,0.80826,0
2.17887,-1.131,0
-0.47676,-0.30079,0
1.86633,0.11694,0
-0.06532,-1.10985,0
1.09995,-0.7414,0
2.15376,0.50713,0
1.55429,1.11063,0
0.94252,0.01827,0
0.30082,1.06741,0
-0.01249,-0.61527,0
1.2835,-1.02316,0
1.62908,-1.21564,0
2.06357,0.28979,0
1.71756,0.10978,0
-0.28427,0.1227,0
2.5264,0.26056,0
-0.31177,-0.42769,0
-0.08496,-0.23339,0
2.3128,-0.27387,0
1.4602,-1.09854,0
2.60238,0.55698,0
1.1718,-0.61819,0
0.76477,-0.46627,0
3.04081,-1.15044,0
0.71113,0.27925,0
3.05942,-1.00428,0
-0.15606,-0.17284,0
0.38695,-0.53276,0
0.57444,0.72534,0
1.46723,0.0514,0
0.51362,0.53793,0
1.51974,0.3018,0
0.26334,0.46401,0
2.5728,1.13653,0
3.35597,-0.5386,0
0.95675,0.93203,0
1.14224,0.37753,0
1.3944,0.09569,0
2.69562,1.11841,0
0.2505,-0.07198,0
2.09873,0.70206,0
1.97238,0.72822,0
2.20883,-1.21815,0
0.92342,-0.99746,0
0.68895,-1.15722,0
1.0519,0.83788,0
0.80796,1.13571,0
3.44918,0.72269,0
1.11349,0.99401,0
1.55554,-0.57415,0
0.5319,-1.21462,0
0.76455,0.15429,0
1.30784,0.39561,0
1.89818,-0.21254,0
0.01117,-0.73628,0
0.56948,-0.48818,0
2.94893,-0.02816,0
-0.24995,0.04155,0
1.04752,0.46212,0
3.17709,0.01157,0
2.3873,-0.72561,0
2.91535,1.08198,0
-0.26847,-1.06081,0
2.11675,0.32723,0
0.06046,-1.00247,0
1.2137,1.03558,0
2.9951,0.59016,0
1.50551,1.13513,0
-0.22054,-0.79214,0
1.77248,0.78278,0
1.93445,0.72402,0
3.06669,-0.75895,0
2.99261,0.97518,0
3.37774,0.83431,0
1.58579,1.14288,0
1.63345,1.22528,0
0.72891,0.16747,0
3.37945,0.17768,0
0.12652,-0.34476,0
2.63088,-0.89003,0
1.2434,0.44179,0
1.27246,1.15151,0
1.70328,1.08878,0
2.39343,-1.02735,0
3.29417,1.19445,0
-0.17784,-1.02166,0
0.99252,-0.40724,0
3.35329,0.01212,0
0.37838,-0.91169,0
0.52405,-0.94973,0
1.19641,-0.70203,0
1.82993,-0.04282,0
0.26665,0.26893,0
0.15034,1.08549,0
-0.18676,-0.63686,0
1.9497,-0.70638,0
0.55253,0.78745,0
2.15632,0.8292,0
0.41635,0.137,0
2.19129,-0.68738,0
1.44843,-0.01075,0
1.84442,0.79808,0
0.01724,0.00264,0
0.5487,-0.30474,0
2.36662,0.60171,0
2.95207,0.14448,0
1.92838,-0.79297,0
0.21456,0.35342,0
0.90484,-0.78032,0
-0.08584,-1.21084,0
0.30291,1.13185,0
2.35765,0.34561,0
3.32862,0.51582,0
1.99261,0.74226,0
0.41064,1.04105,0
0.57203,0.35783,0
0.42948,0.01823,0
3.46846,-0.88014,0
2.23803,0.98092,0
1.40519,-1.03476,0
0.00255,0.15323,0
1.5742,-1.0534,0
-0.19674,1.20608,0
0.71204,-0.87395,0
3.09158,1.23324,0
1.27603,1.07218,0
2.46584,-0.62253,0
1.70347,-0.53116,0
0.7923,-0.96401,0
2.97275,-1.18195,0
3.2128,-0.48843,0
-0.04333,-1.22719,0
2.54651,-0.12546,0
1.38515,0.25572,0
-0.08171,0.72179,0
1.80348,-0.11103,0
2.19254,-1.10916,0
2.00187,0.39774,0
3.41892,0.79186,0
1.26094,-1.12975,0
2.51453,0.69288,0
0.17413,-0.78423,0
-0.07992,-0.97472,0
0.40016,-0.43513,0
2.89857,-0.92447,0
-0.07062,-0.17343,0
1.72755,-0.25915,0
-0.20487,0.31275,0
2.52062,-1.12223,0
0.1086,0.76907,0
2.48559,-0.713,0
3.19869,-1.00613,0
1.01081,0.09207,0
1.06363,0.61124,0
1.47749,-0.00732,0
0.79377,-0.65819,0
3.23982,-0.46129,0
1.76376,-0.3901,0
3.27265,0.4867,0
0.79068,-0.92199,0
-0.42491,-0.63582,0
2.85244,0.16714,0
2.69667,-0.47806,0
1.59021,1.21509,0
0.25577,0.28102,0
2.55499,0.41391,0
0.75223,0.67552,0
3.45199,0.9488,0
0.82724,0.32706,0
0.92692,0.98008,0
2.35912,-0.83229,0
0.19258,-0.33113,0
0.06233,-0.73004,0
1.26311,0.10762,0
-0.20577,0.04394,0
2.80809,-0.77706,0
0.436,0.48042,0
0.11075,-0.86909,0
2.5701,0.14493,0
1.81341,0.64749,0
3.20852,0.97149,0
1.21111,0.29778,0
3.29921,0.72987,0
0.24385,0.91343,0
0.41117,-0.17697,0
3.22806,-1.0405,0
0.79717,1.07618,0
-0.46747,-0.46182,0
1.06753,-0.73131,0
2.02103,1.02643,0
1.55003,0.98345,0
1.59266,-0.92663,0
1.67418,0.07259,0
-0.39249,-0.2687,0
1.85599,-0.00093,0
1.17185,1.03874,0
1.1559,-0.25498,0
0.24132,0.4551,0
0.55667,-0.88927,0
3.40395,-0.96388,0
-0.46663,0.59479,0
2.22968,1.17251,0
1.24413,-0.42822,0
0.82423,-0.64793,0
3.33155,0.81457,0
-0.28581,-0.77232,0
2.89782,0.86998,0
0.61371,-0.27187,0
2.50186,-1.17506,0
3.09048,1.20987,0
0.4289,0.56151,0
1.91047,0.52057,0
0.07572,-0.80934,0
2.35459,-0.68526,0
-0.12702,-1.09244,0
3.33654,-0.31932,0
3.31181,0.05673,0
3.40586,0.8674,0
2.72981,-0.2524,0
-0.03015,-0.73194,0
2.13288,-0.43125,0
0.023,-0.50723,0
-0.49869,0.26175,0
0.07195,-0.57077,0
2.49445,-0.95709,0
0.99245,0.53824,0
1.54501,0.26741,0
3.1728,0.35253,0
1.66584,1.13894,0
0.26611,-0.04044,0
-0.15896,0.18548,0
0.16456,-0.68989,0
2.22884,0.5043,0
0.85173,-0.53946,0
2.05186,-0.03069,0
1.90239,-0.58374,0
0.5659,0.08173,0
0.23191,1.07343,0
2.64674,-1.22571,0
0.09719,-0.69341,0
1.1721,0.45454,0
0.95637,-0.2502,0
1.07399,0.8228,0
0.70422,-0.56063,0
2.52651,0.34973,0
3.31342,0.91138,0
1.83076,0.00733,0
2.73679,1.02067,0
0.11715,-1.04431,0
3.31228,1.15157,0
0.43798,0.04354,0
1.78098,0.18001,0
2.36766,0.92189,0
-0.17613,-0.263,0
3.33759,-0.89381,0
1.61962,0.84155,0
2.822,-1.13523,0
0.50583,-0.95664,0
3.26897,-0.22898,0
2.92749,0.11799,0
0.92067,-1.20775,0
-0.06096,1.07287,0
1.51654,-0.41152,0
-0.14052,0.7712,0
-0.13185,-1.13506,0
1.95071,1.09838,0
1.00206,0.45303,0
0.21845,-0.08494,0
0.58669,0.35564,0
1.9231,0.05338,0
-0.41471,1.21707,0
0.75021,-0.4275,0
3.39961,0.53388,0
0.20105,0.10473,0
1.38499,-1.04011,0
-0.00745,0.41227,0
-0.20908,0.5004,0
2.13211,0.89243,0
2.69348,-0.42785,0
3.43665,-0.73139,0
2.13772,-1.06371,0
0.37936,-0.17303,0
2.2061,1.01291,0
0.40722,-0.41037,0
0.82587,-0.62581,0
1.28281,-0.47113,0
0.17539,0.01496,0
3.10192,-0.64782,0
-0.46662,0.93654,0
2.11182,0.38601,0
1.56681,-0.38342,0
-0.48328,-0.83431,0
-0.46175,0.38537,0
2.63122,-0.76568,0
3.46183,1.15929,0
2.2643,0.03129,0
1.77907,-0.65567,0
0.57014,-0.90422,0
0.56287,-0.04266,0
1.35436,0.78609,0
0.85129,1.03104,0
1.33518,0.58917,0
2.77814,-0.43278,0
0.59572,-0.8637,0
1.29847,0.63995,0
-0.42168,-1.21366,0
1.34068,-1.0226,0
2.20361,-1.14947,0
0.91698,-0.03437,0
1.0431,-0.50288,0
1.33795,0.60427,0
1.18011,0.64701,0
1.13874,-0.09534,0
-0.15428,0.76618,0
-0.27538,-1.11199,0
0.87337,-0.48594,0
2.69452,-0.14793,0
-0.23608,0.21417,0
1.33261,-1.13804,0
-0.35323,0.10485,0
1.89458,-0.45818,0
1.83577,-1.11836,0
1.9218,-0.97314,0
1.63276,-0.6625,0
1.62047,-1.08261,0
3.33602,0.98415,0
0.6338,0.59413,0
0.58336,-0.43208,0
3.29929,-0.42792,0
1.7138,0.43716,0
0.01667,-0.87081,0
3.05846,-0.02022,0
1.89784,0.61855,0
0.06911,-1.11316,0
1.83234,-0.3682,0
1.29993,0.61933,0
0.7158,-0.40499,0
1.14803,-0.25332,0
-0.44606,0.97901,0
1.44801,-0.67238,0
0.84892,-0.9389,0
-0.31384,-0.58859,0
0.22703,-0.43728,0
1.23326,-0.26371,0
-0.44963,-1.20485,0
-0.17889,-1.05079,0
2.05005,-0.15902,0
0.70261,-0.50401,0
1.10648,0.03486,0
2.95156,-1.11689,0
1.84639,1.03646,0
1.9945,0.94344,0
1.05403,0.39627,0
1.95951,-0.08111,0
0.31518,-0.99783,0
0.14735,0.21602,0
3.13619,1.0872,0
0.97049,0.12171,0
0.57648,-0.71073,0
2.52265,1.1594,0
0.1576,-1.18092,0
-0.28755,0.3838,0
0.88526,-0.74869,0
-0.39517,-1.05189,0
3.03366,0.29622,0
3.48224,0.02827,0
1.36642,0.05459,0
2.00132,-0.35348,0
1.92341,-0.04494,0
1.92725,-0.83731,0
2.94582,0.19687,0
-0.13617,0.25611,0
0.42703,-0.40383,0
1.38998,0.82525,0
1.92987,-0.52964,0
2.94094,0.48723,0
0.30209,-0.76951,0
0.70681,0.38686,0
0.16465,0.35466,0
1.67878,-0.11558,0
-0.16941,-0.80113,0
1.39514,1.07467,0
-0.14927,0.62656,0
2.89785,-0.36568,0
0.65493,-0.17816,0
1.03689,0.83398,0
1.99826,-0.36669,0
1.33611,-0.68024,0
2.47237,-0.30241,0
0.4287,1.21461,0
1.78609,1.06403,0
2.66029,1.13803,0
1.06949,0.29579,0
0.4443,0.20176,0
1.79884,-0.77498,0
0.04169,0.0322,0
0.34582,0.32054,0
-0.39258,1.22741,0
0.58661,0.43418,0
-0.25992,-0.6869,0
2.45629,1.06487,0
0.1092,-0.41633,0
1.75187,0.1358,0
2.98385,0.1791,0
0.61296,-0.59219,0
2.63804,-1.01621,0
0.492,1.10909,0
0.92285,0.56997,0
1.01457,-0.38107,0
-0.32194,0.45529,0
1.80216,-0.70162,0
1.95901,0.11482,0
1.56391,0.09559,0
2.02404,1.06703,0
-0.39898,0.36761,0
0.0738,0.758,0
2.78168,-0.55619,0
2.1848,0.71967,0
1.10406,-0.35298,0
2.86912,-0.26098,0
1.66311,-0.99224,0
0.58808,0.163,0
0.27899,0.37777,0
1.83171,0.58134,0
2.58056,-0.80186,0
-0.43284,1.19306,0
3.01033,-0.2995,0
2.64888,0.10909,0
2.93055,0.91411,0
3.16365,0.0651,0
2.73069,0.66377,0
2.97041,-0.82356,0
2.2041,-0.71928,0
2.69871,1.02929,0
0.12487,0.59878,0
0.63196,0.07502,0
0.16122,0.73039,0
2.48896,0.24614,0
1.88531,0.46909,0
0.13383,0.61397,0
1.26247,-1.07735,0
3.15272,0.16882,0
-0.04795,-0.92848,0
3.15571,-0.38271,0
2.57156,0.1587,0
0.71757,1.20193,0
3.45667,0.04359,0
0.14484,-0.47874,0
0.48951,0.01883,0
0.67139,0.31701,0
2.46807,0.73806,0
1.03265,0.40384,0
-0.11306,-1.23803,0
1.15226,-0.40801,0
0.06184,0.99715,0
-0.37883,-0.44963,0
2.7969,-0.64097,0
-0.14707,0.60322,0
3.28295,0.03419,0
0.57551,0.49335,0
2.09029,-1.07912,0
2.48015,0.98673,0
2.57242,0.61869,0
2.93199,-0.69046,0
1.50835,-1.20845,0
1.06534,-0.77134,0
2.03071,0.61451,0
3.30229,0.10519,0
2.11518,0.8699,0
0.00979,-0.72601,0
1.70861,-0.59776,0
-0.39502,0.80831,0
0.85102,0.42805,0
1.96269,-1.11992,0
1.98794,-1.08572,0
1.34922,0.67017,0
1.55874,-0.75625,0
1.04846,0.05149,0
1.51749,0.02493,0
1.67206,-0.49943,0
1.20909,0.94029,0
2.56652,0.13742,0
0.54299,-1.08717,0
3.36121,-1.11741,0
1.69021,-0.21618,0
1.24851,-0.3533,0
0.40332,-0.23595,0
1.91289,-0.61572,0
1.02838,-0.69109,0
3.05613,0.55081,0
2.40324,-1.08118,0
1.20789,-1.05869,0
0.22081,0.31217,0
2.17894,1.15152,0
1.74219,-0.22051,0
1.71904,0.25699,0
2.77392,-0.73477,0
3.21956,-0.8155,0
3.21286,0.5004,0
1.87803,-0.32365,0
0.16963,0.19821,0
-0.17927,0.31245,0
2.04522,-0.87224,0
1.72711,1.07899,0
2.31508,-1.14284,0
2.75576,0.30986,0
1.32723,0.7481,0
-0.06696,0.69287,0
0.47758,-0.5338,0
2.46144,0.55246,0
1.50646,0.6254,0
2.24807,0.59685,0
1.4677,-0.68439,0
-0.2418,0.73429,0
1.8335,0.98494,0
2.69371,-0.46483,0
0.91168,1.05714,0
0.19178,-1.09515,0
0.11714,-1.21545,0
3.16358,1.22348,0
-0.13714,0.6476,0
0.86082,-0.63527,0
1.52785,-1.20378,0
1.12979,1.06126,0
0.88151,1.00143,0
3.31295,-0.77244,0
2.93462,0.0316,0
0.37102,-0.87453,0
1.56618,-0.44364,0
1.84043,-1.12703,0
1.20413,-0.79016,0
-0.30366,0.2585,0
0.45126,-0.52238,0
3.06106,1.05539,0
2.78269,-0.98336,0
0.31016,-0.31295,0
3.17034,-0.21514,0
1.82875,0.31337,0
-0.10723,-0.33189,0
0.66611,-0.15507,0
0.71197,-1.11009,0
2.72786,0.0135,0
0.60069,-1.17907,0
3.19348,-0.82196,0
3.38192,-1.12636,0
2.41195,0.51288,0
0.88971,1.07402,0
2.25191,-0.81539,0
2.72394,0.96254,0
2.80242,1.2112,0
1.48341,1.00935,0
3.04982,0.95789,0
2.6779,1.19136,0
1.74036,-0.41954,0
1.515,-0.37605,0
-0.384,0.79307,0
0.89513,-0.04363,0
-0.34153,0.01392,0
1.84518,-1.10682,0
0.03944,-0.66502,0
0.52644,-0.96786,0
1.94452,-0.87491,0
3.45528,-0.96036,0
3.27236,0.59921,0
1.57124,-1.08397,0
1.99092,-1.07826,0
1.29736,-0.7352,0
1.29206,0.89862,0
0.37461,-0.2579,0
3.25155,1.16397,0
0.12633,0.97319,0
1.25004,-0.25176,0
3.18205,0.18644,0
0.69339,-0.43446,0
-0.08473,1.01566,0
1.05036,0.11115,0
1.4793,-1.03968,0
0.44577,-0.79112,0
0.4535,-0.52362,0
2.64307,-0.96659,0
2.6082,-0.85923,0
1.20599,0.01733,0
1.33729,-0.09945,0
0.39032,0.01851,0
1.36354,-1.15003,0
0.51794,-0.11919,0
-0.01019,0.38051,0
-0.23039,0.54753,0
1.50035,-0.00054,0
0.15767,-0.2912,0
2.74723,-0.73091,0
1.96256,0.81236,0
1.5102,0.56509,0
2.75404,-0.0429,0
2.42197,0.04297,0
0.3042,1.18609,0
2.33017,0.55094,0
2.67977,0.07587,0
-0.13336,-0.02407,0
3.12036,0.0834,0
0.30869,-0.12305,0
2.69085,-0.86831,0
-0.36766,-0.32112,0
3.05848,-0.59968,0
-0.3729,0.04762,0
3.4899,0.70818,0
1.29951,0.63885,0
0.59586,-0.15204,0
-0.19085,0.68822,0
3.27804,-1.18306,0
0.7268,-0.57579,0
2.54714,0.01698,0
1.43898,-0.73215,0
2.36344,0.54114,0
1.76847,-0.20776,0
-0.4069,0.4702,0
2.50692,0.39552,0
1.83266,0.88121,0
3.27934,0.68316,0
2.0302,0.63175,0
2.2336,1.1284,0
1.13154,0.13847,0
1.81986,0.09857,0
1.38745,-1.19361,0
0.09332,0.83534,0
2.10607,0.52495,0
-0.09563,-1.24129,0
3.40754,-0.51066,0
3.44169,-0.60392,0
2.56112,-0.31944,0
1.89098,0.55697,0
0.97952,-0.36757,0
0.08528,0.07963,0
3.2662,-0.65323,0
1.13378,-0.5771,0
0.60957,0.16148,0
3.05437,-0.6074,0
1.28226,0.34018,0
0.11973,0.19891,0
-0.17952,0.23574,0
-0.23454,1.15067,0
0.58027,-1.22388,0
-0.25632,-0.90781,0
3.3026,1.23485,0
1.1589,0.73294,0
-0.41044,0.47897,0
2.13098,-0.50641,0
1.33054,0.94156,0
0.63508,-1.23871,0
0.72775,-0.69975,0
1.62798,-0.49521,0
-0.16411,-1.08172,0
2.18221,-0.11736,0
1.35643,1.06402,0
0.75279,0.21122,0
1.29446,0.21687,0
3.3179,-0.47646,0
2.09898,-0.93565,0
2.51428,-0.92831,0
1.93547,0.72974,0
1.97993,1.08141,0
3.04275,0.71013,0
-0.0147,-0.65772,0
0.60508,0.43625,0
1.36831,0.13693,0
1.32553,0.3542,0
-0.2598,-1.24319,0
0.96405,0.51753,0
1.62957,-0.18612,0
0.80397,0.27585,0
2.05945,0.22995,0
0.73891,0.28339,0
1.76332,0.13422,0
2.56846,-0.23968,0
1.70165,-0.62622,0
2.40978,0.73076,0
3.37983,-0.25196,0
2.42623,-1.16346,0
3.10057,-0.40557,0
2.26873,-0.27395,0
1.76974,-0.2524,0
1.82022,1.14327,0
3.27438,0.66945,0
0.97032,-1.11056,0
0.49176,-0.97007,0
0.53928,1.01051,0
3.37109,0.87456,0
1.75913,0.6617,0
0.95729,-0.79379,0
-0.00774,-0.8965,0
2.16546,0.81009,0
2.42033,0.93729,0
3.49431,0.33601,0
3.30434,-0.86668,0
0.28984,-0.81909,0
1.349,0.31045,0
3.34828,-1.07058,0
-0.25951,-0.52847,0
1.32884,-1.15698,0
2.04662,0.65859,0
1.922,-0.60939,0
3.17881,0.2226,0
0.15656,-0.29556,0
0.51413,0.97323,0
0.06978,1.08125,0
2.15001,-1.21062,0
1.8485,-0.22452,0
3.15406,0.36597,0
2.71604,0.67443,0
2.86665,-0.35113,0
1.47139,-0.16757,0
1.36808,-0.41222,0
0.60057,-0.7966,0
2.69454,-1.06172,0
1.48359,0.21416,0
1.14184,-1.14038,0
1.7113,0.47531,0
1.78071,0.79858,0
2.47932,-0.49425,0
0.2884,-0.45077,0
2.16121,-1.22265,0
1.93133,-1.04202,0
-0.36809,-0.42588,0
1.67526,-0.38006,0
2.12767,0.98035,0
-0.49345,-0.59406,0
0.87951,-0.41589,0
2.55449,0.43698,0
-0.34725,-1.21056,0
1.76586,0.81876,0
2.8736,-1.07373,0
2.2729,0.78819,0
2.76407,-0.40283,0
1.76196,0.63877,0
1.95995,0.84973,0
2.49717,0.51353,0
1.89649,0.10179,0
2.72867,-0.48714,0
0.86707,-0.28916,0
2.18848,1.23564,0
0.54967,0.03813,0
0.38653,-0.91897,0
1.56243,-0.8627,0
2.95936,-1.17229,0
1.00238,1.20197,0
2.56545,-0.21793,0
-0.04396,-0.49502,0
2.68879,0.45966,0
1.17583,-0.3496,0
3.00957,0.38191,0
1.75181,0.22734,0
3.05163,-0.67019,0
-0.05497,-1.09899,0
0.61106,-1.09334,0
1.50708,-0.50618,0
-0.14067,-0.23684,0
1.773,0.50532,0
2.63405,-1.19869,0
2.37538,0.73902,0
1.72094,-1.01134,0
3.24147,-0.91031,0
1.89446,-0.32704,0
0.42304,0.8877,0
-0.14063,1.10527,0
2.22647,-0.77906,0
1.10219,1.02877,0
1.72588,0.79035,0
1.56099,1.12855,0
0.72626,-0.59385,0
2.22371,-1.00961,0
1.39513,-0.9807,0
2.64009,1.03631,0
2.94574,0.97812,0
1.84837,-0.08568,0
0.49176,0.79534,0
0.87682,-0.16688,0
2.07599,0.74474,0
0.13787,0.34281,0
1.25513,0.32883,0
0.26188,0.70323,0
3.4211,0.12103,0
1.27552,0.6154,0
1.93894,-0.33033,0
1.28794,-0.38598,0
0.52519,-1.23215,0
1.82452,-0.31813,0
0.11936,-1.11737,0
1.97056,-0.57188,0
3.02797,0.01097,0
2.75742,0.49129,0
2.2137,1.18764,0
0.26211,-0.06543,0
1.89667,-0.2351,0
2.08783,-0.09951,0
0.93332,0.13501,0
-0.31789,1.20329,0
2.88086,0.51545,0
1.31436,-0.88038,0
-0.00588,0.01994,0
1.31854,-0.60769,0
0.7624,0.98787,0
1.48272,1.03464,0
2.74736,0.23412,0
3.36803,-0.35941,0
0.56719,-0.62033,0
2.52796,0.07652,0
2.80847,-0.67681,0
-0.07181,0.20671,0
3.00194,0.50784,0
2.09939,0.59659,0
-0.20949,-1.04013,0
0.28169,-1.06703,0
2.63199,1.07169,0
2.0993,0.06649,0
1.91514,0.2473,0
3.00218,0.53406,0
2.65389,-0.12804,0
1.11513,-0.36709,0
1.39058,-0.1121,0
3.00698,0.61719,0
-0.3109,0.85047,0
1.35316,-0.01738,0
-0.01804,0.70634,0
-0.49664,-0.63551,0
2.25154,-0.30475,0
-0.12845,-0.52963,0
0.48491,-0.51581,0
0.05992,0.78704,0
1.31547,0.75673,0
1.06366,-1.20319,0
0.65314,-0.13808,0
0.35161,-0.94487,0
1.21452,-0.49459,0
0.41391,-1.03963,0
2.60144,-0.95809,0
2.98427,0.67715,0
2.53648,-0.03445,0
0.37619,-0.22415,0
0.3509,-1.05354,0
2.52732,0.23339,0
0.54534,0.46466,0
1.31237,1.06662,0
1.46807,-0.45056,0
3.39421,-0.03285,0
-0.18003,-0.80657,0
3.09678,-0.56921,0
2.40115,0.85561,0
-0.29865,0.77502,0
3.06932,1.22651,0
1.52155,1.01703,0
-0.46393,0.55603,0
3.47336,0.28017,0
1.1198,0.09202,0
-0.42501,-0.81331,0
2.07813,0.21988,0
1.47214,0.32839,0
0.90943,-1.0197,0
0.20849,-0.64164,0
-0.16178,-0.00288,0
2.0581,-0.96072,0
1.56132,-0.91435,0
0.57877,-0.65521,0
3.09983,0.17509,0
3.44101,1.22415,0
0.45017,-0.09355,0
1.55283,-0.15339,0
1.43199,-0.40778,0
0.67693,-0.86646,0
1.87221,-1.14208,0
-0.06963,-0.98239,0
3.43546,-0.11695,0
0.1144,0.0452,0
1.2709,0.25932,0
-0.20487,-0.79946,0
0.91533,-0.14903,0
1.738,-0.70054,0
2.32942,-0.8873,0
0.3767,0.78959,0
2.80553,-0.74374,0
0.94137,-0.03111,0
2.29837,-0.67856,0
1.22643,-0.19208,0
2.77092,-0.09674,0
1.2437,1.11389,0
1.214,0.84887,0
3.22496,-1.18616,0
1.36371,0.20045,0
0.28439,0.37308,0
1.21512,-0.38515,0
3.12224,0.92183,0
2.83029,0.51109,0
0.55988,1.19959,0
0.75566,-0.53464,0
0.87408,-0.28189,0
-0.31065,0.88374,0
1.46821,0.78256,0
-0.03351,-0.36047,0
-0.29998,0.60186,0
1.87585,-0.10677,0
1.73419,-0.61435,0
-0.38753,-0.1716,0
1.23093,-0.12715,0
0.09268,-0.87528,0
1.01592,-0.09772,0
1.6813,0.92897,0
3.23493,0.31392,0
2.77774,0.90967,0
0.72436,1.03897,0
2.99193,-0.17082,0
1.08944,0.68342,0
2.63154,0.21156,0
1.5097,-1.01501,0
-0.19735,-0.47137,0
3.10059,0.18772,0
-0.31609,1.02521,0
1.31229,-0.66935,0
0.14016,0.11204,0
1.39681,-0.86217,0
-0.36059,0.3339,0
2.89167,-0.40561,0
1.12927,-0.56414,0
3.49338,1.14475,0
3.11884,0.31013,0
2.67394,0.13134,0
1.5089,-0.87525,0
2.46599,-0.76203,0
-0.23695,-0.64335,0
2.17694,-0.80274,0
1.83697,0.60724,0
3.4698,-0.98734,0
0.88828,-0.30015,0
-0.37568,-0.42196,0
1.78613,-1.16102,0
1.30055,0.64184,0
3.48659,0.27872,0
-0.2297,-0.53747,0
1.61295,0.65518,0
3.16237,0.87642,0
-0.12147,1.1795,0
0.0757,0.77818,0
0.54231,-0.82303,0
2.10633,0.21717,0
2.52194,1.00088,0
0.59466,-0.91577,0
3.03268,-0.66647,0
3.15101,0.40573,0
-0.37059,0.18394,0
2.75536,-0.53247,0
2.34811,-1.24715,0
-0.3135,0.78583,0
0.51149,0.01389,0
0.77681,0.45499,0
-0.27796,-0.38559,0
0.94862,0.82257,0
3.18516,0.53303,0
0.38693,-0.36287,0
0.50156,-0.22046,0
1.2211,-1.18968,0
3.13371,0.12742,0
0.78227,-1.01089,0
0.83576,0.75102,0
3.14576,0.49022,0
2.82057,0.72679,0
0.99617,-1.24863,0
2.05528,-0.86982,0
-0.41997,1.02231,0
1.11296,-1.05609,0
1.86951,0.33537,0
2.32335,-0.65042,0
3.27644,0.55614,0
-0.1791,-0.80236,0
1.25304,0.951,0
-0.34061,-0.93225,0
-0.12767,0.8559,0
3.48162,-0.41727,0
3.35101,-0.73379,0
2.34026,0.65369,0
2.73763,-0.60524,0
0.04097,0.91395,0
2.96659,0.45909,0
2.97408,-1.06699,0
1.95374,-0.29028,0
0.44452,0.24868,0
2.17911,-0.59466,0
0.1988,-0.89426,0
1.85288,1.03603,0
3.46634,0.29432,0
2.37324,-1.12294,0
1.83272,-0.44467,0
-0.33246,0.80294,0
3.20529,-0.2499,0
0.15275,-0.17954,0
0.89989,-0.17822,0
2.19164,1.04876,0
0.29228,-0.95629,0
2.76575,0.05084,0
1.28838,0.651,0
1.73897,-0.77141,0
3.05033,-0.41617,0
2.77336,-0.54087,0
0.00371,-0.39954,0
-0.30915,-0.56142,0
1.93832,1.17194,0
3.00931,-0.12513,0
1.94482,-0.28159,0
1.13088,0.08541,0
1.03963,-1.15195,0
1.6669,-0.69851,0
-0.25854,1.07924,0
2.33649,-0.14652,0
0.45982,-1.14845,0
1.60666,-0.00866,0
-0.33399,-0.38792,0
1.59245,1.10719,0
3.32941,-0.60635,0
1.43588,-0.49331,0
2.72263,1.12121,0
1.84592,-0.09172,0
1.88478,-0.55144,0
2.79284,-0.06955,0
0.97295,-1.1626,0
2.83163,0.4036,0
1.3226,-0.95699,0
2.35047,-0.60448,0
2.6468,0.557,0
3.47617,-0.73884,0
2.78354,0.89161,0
1.00737,-0.84707,0
2.28345,1.07914,0
1.72603,0.59207,0
1.31512,-0.43209,0
2.09174,0.19903,0
3.2897,-0.51923,0
0.33448,0.57727,0
-0.27403,0.00816,0
1.1071,1.10514,0
0.47352,-0.498,0
0.79644,0.407,0
3.3648,-0.41073,0
1.52304,-0.92076,0
2.42059,1.23567,0
0.27803,0.81962,0
0.36794,-0.83407,0
1.66815,-0.37763,0
2.6788,0.10847,0
3.16267,0.88561,0
3.24555,0.1457,0
0.02217,0.39789,0
3.41461,-0.56752,0
2.6605,1.24316,0
2.46822,0.1381,0
2.13488,-1.24678,0
1.15486,-0.2062,0
3.22007,-0.41777,0
0.85653,0.67575,0
2.30971,0.46167,0
2.25334,-0.15632,0
1.60974,0.03183,0
2.95876,-0.4173,0
0.46618,-0.33738,0
1.04336,-0.66355,0
0.84638,1.24891,0
2.03996,-0.10195,0
0.89966,1.16898,0
3.43053,0.34834,0
0.38298,0.03747,0
1.55986,1.14097,0
3.01001,-0.406,0
3.31483,-0.08505,0
3.49575,1.08868,0
0.507,-0.08028,0
2.45781,0.95557,0
1.8467,-0.39165,0
1.20891,0.84356,0
2.75661,-0.78671,0
0.48736,0.94589,0
1.22549,-0.66417,0
2.29927,-1.11251,0
2.02381,-1.12139,0
0.81772,-0.2689,0
1.55447,1.16304,0
1.31953,0.10107,0
2.63392,0.52397,0
2.25667,-0.09402,0
3.31876,-1.0318,0
0.25486,-0.85569,0
-0.2738,-0.76434,0
0.53865,-0.90343,0
2.7504,-0.00994,0
0.05108,0.54957,0
0.51467,0.90863,0
0.75153,-1.06132,0
2.6805,-0.03455,0
3.00009,0.00462,0
3.00331,-1.16647,0
3.2967,-0.58127,0
1.52011,1.05358,0
3.02649,0.87068,0
0.30757,-0.73429,0
1.31036,-0.34133,0
2.71609,-0.38687,0
-0.16166,0.99346,0
2.62923,-0.40813,0
1.83904,-0.82291,0
1.46455,-1.17672,0
3.00275,-1.04922,0
2.27421,0.04547,0
2.399,1.18506,0
3.35489,-0.66469,0
1.06599,-1.22083,0
1.61293,1.09742,0
0.16917,-0.4172,0
3.24221,1.02814,0
1.04342,-1.03978,0
2.63823,0.63728,0
0.72342,0.64978,0
2.37104,0.19804,0
1.4966,0.89926,0
3.09013,-0.20761,0
-0.15726,1.15049,0
1.0573,-1.11565,0
2.38691,0.89803,0
3.29902,-0.52669,0
0.30273,1.1026,0
1.30939,0.31166,0
3.13332,0.47479,0
-0.07871,-1.10689,0
3.34725,-0.54319,0
0.672,-0.57716,0
3.28172,0.04313,0
0.12873,-0.22739,0
0.50635,1.09015,0
2.37513,-0.93681,0
1.12724,0.95514,0
-0.31387,-0.31409,0
1.14675,-0.00058,0
-0.04143,-0.40506,0
0.11558,-0.18912,0
0.3301,-1.03159,0
0.51317,-1.17589,0
1.64983,-0.51129,0
-0.0053,-0.77552,0
0.25058,-0.35591,0
0.14661,-0.11921,0
0.6334,0.72301,0
0.1355,0.04247,0
0.32412,0.7901,0
-0.2522,-0.16925,0
2.67254,-0.01071,0
2.09986,-0.06508,0
0.99211,-1.20734,0
1.46644,0.67401,0
2.81241,-1.17611,0
2.22481,-0.19828,0
2.84087,1.2442,0
1.86664,0.68697,0
3.12614,-0.39423,0
2.53992,0.4291,0
0.95178,0.07361,0
0.10056,0.35775,0
2.06155,0.58988,0
1.97549,-0.28135,0
2.7846,-0.79153,0
3.09658,0.54197,0
0.22592,1.07834,0
3.22926,-0.04648,0
2.43466,0.41121,0
2.78392,-0.06007,0
2.92477,-0.30878,0
2.14795,0.56904,0
-0.01305,0.79261,0
-0.33063,-1.01301,0
1.4018,-0.89743,0
3.3465,-0.25043,0
3.02459,0.26625,0
2.253,0.62809,0
-0.13024,-0.1873,0
0.27191,-1.10468,0
1.36254,1.17421,0
1.58558,0.06589,0
0.07141,0.43934,0
-0.36491,-0.2747,0
2.19284,-0.14001,0
0.3744,0.80934,0
0.33954,0.34016,0
2.84951,-1.22432,0
0.13916,0.50443,0
0.35132,-0.82056,0
0.16733,-1.11296,0
2.60128,-0.93793,0
2.19565,-0.02085,0
2.20499,0.02228,0
0.96249,0.99711,0
1.36406,-0.50634,0
1.21956,-0.78759,0
1.85122,-0.95245,0
0.94226,0.65398,0
-0.25823,-0.13644,0
0.19761,0.74944,0
1.48376,1.11664,0
0.2029,0.21386,0
2.32333,-1.2033,0
1.64193,-0.27174,0
1.89272,-0.98514,0
1.78409,-0.68777,0
1.64321,0.04787,0
0.33773,-1.08774,0
0.00828,-1.20455,0
2.57745,0.99922,0
2.84312,-0.17824,0
1.73369,0.81864,0
1.59626,-0.24636,0
1.54687,0.77069,0
1.43019,-0.32494,0
0.81272,1.19763,0
1.24214,0.09121,0
-0.14898,-0.94679,0
0.43615,0.57073,0
1.64801,1.03163,0
2.74128,-1.05359,0
-0.08436,0.4608,0
2.10762,1.03133,0
-0.02309,-0.10398,0
1.27799,-0.85861,0
-0.24846,-0.58353,0
2.54551,0.49253,0
-0.46614,0.2251,0
0.39358,-0.53156,0
0.46403,0.0188,0
0.48917,0.93517,0
2.84157,-0.9312,0
3.05883,-0.8625,0
0.04529,0.34191,0
-0.34831,0.60145,0
1.03446,-1.12574,0
2.76368,-0.00522,0
1.55095,-0.94883,0
1.26073,0.81781,0
2.26545,-0.96549,0
3.41768,1.23431,0
2.04774,-0.13905,0
3.27195,0.27238,0
0.57726,1.1049,0
3.39239,-1.21388,0
3.10429,0.48768,0
0.50924,-0.25247,0
3.33995,0.66968,0
1.36355,0.33494,0
2.69564,0.01022,0
1.82484,-0.47168,0
0.17124,0.08495,0
1.63917,0.71283,0
3.25441,1.01422,0
1.28237,0.87808,0
3.49892,1.24285,0
2.44849,-0.53377,0
2.64365,-0.11352,0
1.52036,-0.75522,0
3.00441,-0.23455,0
1.14699,-1.09649,0
0.20226,0.04557,0
2.83782,0.42665,0
2.78262,-0.67097,0
2.30732,-1.02105,0
2.49851,-0.7279,0
1.45846,0.63694,0
1.97489,0.42011,0
0.03344,-0.6871,0
0.10963,0.72458,0
0.20802,0.48411,0
3.01806,-0.65067,0
2.41707,-0.65928,0
-0.19867,-1.21735,0
1.20233,-0.49532,0
2.11624,0.45845,0
3.16902,-0.86043,0
3.01031,0.44367,0
1.41923,0.20534,0
1.86799,-0.80514,0
-0.14162,-0.72714,0
1.42395,0.19906,0
2.53657,0.36614,0
0.5639,0.08974,0
-0.25995,0.64295,0
3.2639,-0.10138,0
-0.20043,-1.20277,0
3.29752,0.5671,0
2.62264,-0.36601,0
1.66399,0.25184,0
0.57218,-0.84913,0
0.92075,0.56735,0
1.00684,-1.12405,0
0.53058,0.722,0
-0.20379,-0.46185,0
-0.02189,1.13625,0
1.52985,0.97004,0
1.44202,0.11014,0
3.36755,-0.75313,0
1.04868,-0.53495,0
3.26572,0.56344,0
3.09657,1.08175,0
-0.01198,-0.16473,0
1.69675,0.53938,0
2.80811,-0.95132,0
-0.37994,-0.43299,0
3.18562,-0.39123,0
1.67845,-0.92076,0
2.18559,-0.2887,0
0.60847,-0.77422,0
1.09688,-0.50585,0
1.45063,-0.97325,0
-0.48586,-0.7563,0
0.10083,-0.37746,0
0.44689,0.63964,0
3.14945,-1.2239,0
1.51914,0.89872,0
1.65346,0.98754,0
2.54332,0.46994,0
2.1405,-1.06214,0
0.44889,-1.18759,0
0.21138,-0.28617,0
1.76321,-0.17355,0
3.31764,-0.81162,0
1.18991,-1.06584,0
2.73108,-0.36893,0
1.91019,0.0742,0
0.01785,-0.32205,0
-0.46969,0.91978,0
2.3197,-0.66869,0
1.75184,-0.91824,0
3.44478,0.67063,0
1.70197,1.00326,0
0.43017,-0.50636,0
-0.23887,1.24111,0
2.82158,0.72996,0
1.49903,-0.96947,0
1.25607,-0.46817,0
1.41463,-0.30735,0
1.82005,-1.18932,0
-0.29211,-0.00566,0
2.45386,0.25565,0
1.06387,0.90085,0
1.32791,-0.97406,0
-0.40895,1.01036,0
2.3002,-0.29499,0
2.89886,-0.51107,0
2.3416,0.47694,0
3.32884,0.39614,0
1.05287,-0.01797,0
1.91376,0.68553,0
1.9345,0.55838,0
2.91691,-0.69374,0
2.47555,-0.54007,0
1.25644,1.09859,0
2.52759,-0.68453,0
1.07601,1.01688,0
1.41842,-0.93411,0
-0.48146,-1.24725,0
1.25161,-0.18014,0
2.91019,-0.76293,0
2.35498,-0.79612,0
0.60089,0.39309,0
2.47802,0.4731,0
1.09269,-0.6103,0
2.78309,-0.24039,0
2.86302,-0.74369,0
1.83614,-0.09905,0
3.19159,0.90179,0
0.39667,0.56216,0
2.68056,0.35285,0
3.12223,-1.04988,0
2.90793,-0.82484,0
1.69105,0.00478,0
0.71131,-0.55889,0
2.60408,0.06173,0
3.0152,-0.66617,0
2.6498,-0.11171,0
3.09565,1.19965,0
3.04254,-0.62504,0
-0.35737,-0.05878,0
0.06885,-0.54575,0
0.68785,-0.46655,0
3.07724,1.09112,0
0.03087,-0.46613,0
2.81723,1.03329,0
0.55981,-0.0082,0
1.30643,-0.00646,0
0.17018,-0.98981,0
1.36418,0.81531,0
0.72269,-0.70224,0
2.07327,0.06982,0
0.76925,0.3645,0
1.14988,0.17746,0
0.409,-0.10498,0
3.10582,0.95641,0
0.19307,0.79659,0
2.98974,0.07389,0
3.35688,0.11571,0
1.04233,-0.93476,0
2.92323,0.00062,0
0.53822,0.10527,0
0.24858,0.26493,0
3.42974,0.88777,0
2.31044,-0.20204,0
1.6597,0.37735,0
3.05784,-0.63616,0
2.73209,-0.98347,0
0.9744,-1.072,0
0.53863,-0.64521,0
1.53335,0.00176,0
2.05556,-0.06899,0
1.15371,-0.3086,0
0.78513,1.04045,0
-0.48397,-0.43136,0
2.29226,0.53958,0
-0.27045,-1.02078,0
2.49589,-0.66698,0
1.9705,0.15086,0
1.1617,-0.88307,0
2.82584,0.91651,0
-0.21804,-0.07919,0
-0.33947,0.66761,0
2.96993,0.58357,0
3.3529,1.15826,0
1.46096,-0.31269,0
0.32732,0.60907,0
0.86831,0.1177,0
2.16277,0.60931,0
3.45601,-0.22376,0
2.72881,-0.3876,0
1.3314,1.17956,0
2.97616,-0.78731,0
1.79292,1.23883,0
0.28481,0.64895,0
0.90377,0.87647,0
2.8693,-0.71744,0
3.47601,0.45889,0
1.3239,-1.08545,0
0.58378,-0.9262,0
0.19705,0.28623,0
1.62523,-0.18982,0
0.7621,0.30463,0
1.70229,-0.67555,0
2.11308,-0.2556,0
-0.35166,-0.51061,0
0.8973,0.68973,0
0.47792,-0.41194,0
3.28763,0.86981,0
0.16465,0.96744,0
0.15464,1.13156,0
3.18557,0.01381,0
0.17848,-0.21009,0
1.41822,0.61127,0
1.14354,1.16445,0
2.20468,-0.96219,0
0.62799,0.94896,0
2.85186,0.39874,0
0.45297,-0.3832,0
2.46147,0.87733,0
2.51601,-1.20105,0
1.38893,0.2935,0
-0.10362,0.49543,0
0.00936,0.08906,0
1.14809,0.15255,0
1.83719,0.49415,0
0.57195,-0.08338,0
-0.28075,0.9679,0
2.07985,-1.16364,0
0.37323,-0.797,0
0.5557,0.76503,0
3.44708,-0.57513,0
1.74106,-0.99802,0
-0.09432,-1.07966,0
1.5517,0.22548,0
2.78915,-1.09948,0
0.1114,0.4338,0
0.76878,-0.6729,0
2.27794,-0.60475,0
2.15149,0.87047,0
0.93163,-0.92931,0
3.34859,-0.94496,0
0.23439,-0.27774,0
1.17734,-0.52609,0
1.98619,0.58019,0
2.17173,0.48344,0
1.61678,-0.39856,0
1.10839,0.93176,0
0.79627,0.7313,0
0.89207,0.32896,0
-0.40348,0.06602,0
1.71545,0.81189,0
2.50367,0.55901,0
2.12308,-0.76795,0
1.19693,-0.65888,0
2.65198,1.07751,0
-0.48177,1.00258,0
2.03381,0.39718,0
1.30892,0.67564,0
-0.0402,-1.22816,0
1.52602,0.19148,0
0.58753,-1.09273,0
1.657,-0.7339,0
0.64474,0.90282,0
1.91931,-1.16382,0
3.24069,0.5112,0
2.80859,0.71513,0
1.22106,-1.19778,0
3.15411,-0.9244,0
1.17114,-0.21388,0
1.07193,1.24093,0
-0.30556,-0.37305,0
0.0182,-1.0852,0
0.71767,0.02661,0
3.28546,-0.47086,0
-0.34151,0.86507,0
1.93228,-0.83077,0
2.21857,-0.11291,0
0.45903,-1.02609,0
1.82247,-1.21024,0
0.71545,-0.77683,0
0.47567,0.48573,0
0.09977,0.78294,0
3.25559,-0.53052,0
-0.00141,-0.27762,0
1.93506,-0.76326,0
1.10815,-0.54396,0
2.74424,0.0624,0
1.41821,-0.82384,0
2.39036,0.54301,0
-0.27937,-0.34485,0
1.03301,0.6551,0
0.51825,1.23669,0
-0.29636,-0.06485,0
2.88374,-0.75996,0
0.10697,-1.19618,0
1.23165,-0.86253,0
0.4001,0.63875,0
1.2458,1.06759,0
0.8144,-0.89632,0
0.32689,-0.63821,0
2.30796,1.00717,0
2.92386,0.20997,0
0.37722,-0.28153,0
1.18837,-0.6558,0
2.17718,1.0781,0
-0.13899,0.14431,0
0.9882,0.82155,0
0.00195,-1.17395,0
2.79033,-0.36092,0
0.07732,0.62439,0
3.32949,-0.0984,0
3.2014,1.05161,0
1.06755,-0.73144,0
2.69184,-0.73766,0
1.02676,0.4722,0
2.8039,0.13638,0
0.74859,-0.08241,0
0.48717,0.58481,0
2.2156,0.99971,0
0.40825,0.25496,0
2.66139,0.65243,0
1.70572,0.09535,0
2.49069,-0.04273,0
2.70107,0.70033,0
2.78945,0.96157,0
0.373,-1.15513,0
2.1953,-1.19652,0
-0.3258,-1.02734,0
1.69049,0.92174,0
3.10512,1.0946,0
2.00028,-0.25526,0
2.14336,0.23037,0
3.36179,1.22098,0
3.24395,-1.23199,0
1.78802,-0.54026,0
3.1776,-1.05129,0
-0.19363,0.65613,0
1.06066,-0.85326,0
1.33534,0.75377,0
2.59024,1.06562,0
3.16132,-0.34637,0
0.35812,-0.07598,0
3.14156,-0.19197,0
0.52371,-1.19925,0
0.50809,0.2501,0
1.68197,0.50091,0
1.25941,0.74257,0
2.81813,-0.25867,0
1.84844,-0.99852,0
3.46619,-0.71573,0
1.36005,-0.80037,0
2.36355,0.07346,0
0.41071,0.10272,0
2.0625,0.42759,0
3.2958,1.12938,0
2.66638,0.41241,0
3.23416,-0.51809,0
2.27724,0.16616,0
-0.37015,0.6829,0
-0.14046,0.15491,0
2.90907,0.92162,0
0.72039,0.0516,0
-0.06661,0.87182,0
0.32446,-0.84676,0
0.39414,0.27522,0
2.44473,0.67903,0
2.08811,-0.83056,0
1.69032,1.05793,0
2.63337,-0.45727,0
1.1622,0.3872,0
-0.1021,0.10805,0
1.37651,-0.68327,0
1.78978,0.73187,0
2.74583,0.74552,0
0.50385,-0.63979,0
2.75348,-1.20376,0
3.22071,0.60669,0
2.17438,-0.15436,0
0.61532,-0.62003,0
0.53456,-0.94749,0
1.74132,-0.18541,0
1.29087,1.24576,0
1.86399,0.2326,0
2.95871,-0.49433,0
0.47918,-0.04457,0
1.91329,-0.04507,0
2.51936,0.3778,0
-0.46095,-0.67003,0
0.97134,0.16461,0
0.95437,-1.12646,0
-0.41914,0.35514,0
2.72022,0.18393,0
1.20066,-0.11422,0
1.56622,0.9347,0
-0.1675,-0.72065,0
0.39025,1.08944,0
2.47168,-0.44433,0
1.9947,-0.62505,0
2.83631,-0.31442,0
1.63061,0.99415,0
2.78152,0.89377,0
2.03032,-1.07445,0
3.46087,-0.59778,0
0.28338,0.372,0
2.23027,-0.53437,0
1.37697,0.3067,0
-0.32204,0.70298,0
0.64204,-0.14277,0
3.46922,0.52901,0
-0.05608,0.84777,0
0.77837,-0.41384,0
2.33398,0.90708,0
0.14183,-0.84121,0
1.89097,0.25522,0
0.58575,1.08969,0
-0.3458,-0.44697,0
3.27893,0.17855,0
2.74136,0.99552,0
-0.14189,-0.84723,0
0.34415,0.79116,0
3.27634,0.87815,0
-0.47744,-1.07829,0
3.0839,-0.05296,0
1.06079,0.74129,0
1.18334,-1.21169,0
0.92649,0.77691,0
2.04102,-0.38766,0
3.00847,0.73035,0
-0.33026,0.009,0
0.68484,-1.16622,0
2.53337,-1.09711,0
0.7918,1.17064,0
0.41987,1.14606,0
2.02659,0.08189,0
-0.47734,-0.2406,0
3.24984,-0.80806,0
1.14198,0.57141,0
1.4158,0.95367,0
0.44063,1.15881,0
0.76584,-1.09466,0
2.61678,0.04862,0
2.1695,0.71862,0
3.26549,0.63474,0
2.64918,0.63215,0
1.32317,0.62151,0
0.18793,0.85479,0
2.83677,0.07218,0
0.51419,0.77677,0
-0.26593,1.17092,0
0.77769,0.46764,0
0.20963,-1.24989,0
1.70297,0.26953,0
0.67114,-0.00574,0
3.21578,-1.23813,0
3.22556,-1.12736,0
0.23543,0.68159,0
0.60808,1.11653,0
2.87149,-0.92141,0
0.12802,-0.22132,0
0.09739,-0.3437,0
2.7423,-1.19086,0
0.22963,-0.52337,0
-0.14059,1.15332,0
3.16787,0.79003,0
2.7101,-0.0148,0
2.72772,1.15177,0
0.77367,0.04764,0
1.75848,-0.76105,0
2.00699,0.87565,0
2.94696,-1.22272,0
3.48649,0.01129,0
0.28014,0.53785,0
0.73441,-0.98587,0
1.81311,-0.67838,0
2.41491,-0.83681,0
0.19735,1.03975,0
1.86613,-1.02812,0
0.24465,0.23106,0
3.3949,-0.46124,0
1.14768,0.0339,0
1.08022,1.0587,0
2.10567,0.70182,0
1.21974,-0.36497,0
2.38688,0.66376,0
2.00899,-0.4133,0
-0.31277,0.97772,0
2.8517,0.09442,0
3.00212,-0.00806,0
1.84373,0.37109,0
0.88286,0.49889,0
1.64964,-1.08789,0
0.56119,-0.15825,0
2.23968,-0.24648,0
2.16671,1.05308,0
2.61186,0.94979,0
0.65331,0.61127,0
1.96031,1.18134,0
0.95037,0.78151,0
0.20287,-1.09435,0
1.92094,0.69819,0
2.29948,-0.05385,0
3.38492,-0.84019,0
3.09807,-0.48913,0
0.28688,1.12412,0
1.51527,-0.59659,0
0.52866,-0.52666,0
0.19499,0.13587,0
1.83699,-0.72723,0
-0.06609,0.30308,0
1.15707,-0.89393,0
0.11058,-0.14534,0
0.30139,0.36149,0
2.96046,0.8061,0
1.35067,-0.71839,0
0.69845,-1.15407,0
3.25467,-0.66861,0
2.75119,-1.17822,0
1.2081,0.1298,0
2.98287,-0.87573,0
0.21188,0.23035,0
2.85478,1.0916,0
-0.25993,0.0715,0
-0.48672,-0.38123,0
0.80044,1.01845,0
-0.36951,0.01838,0
2.27907,0.74518,0
2.8037,-0.09902,0
0.37218,0.55049,0
-0.00343,-0.21639,0
1.12455,-0.51096,0
0.17164,-0.31443,0
-0.04868,0.29093,0
2.65418,1.0448,0
2.19676,-1.10592,0
1.59057,0.21031,0
1.10325,-0.47293,0
3.26775,1.2208,0
2.61703,0.64577,0
0.26033,-1.10996,0
0.41293,0.59672,0
-0.32662,-0.94853,0
2.76397,-0.58907,0
2.11569,0.77734,0
1.19441,0.10855,0
1.09526,0.58409,0
3.3452,0.55614,0
2.32645,1.14361,0
1.96879,1.07927,0
0.54373,-0.03066,0
3.09071,0.90239,0
0.72937,0.87232,0
0.66174,-0.52694,0
0.29232,0.3699,0
1.3859,0.65343,0
0.56795,1.24138,0
0.84152,-0.27552,0
0.45929,0.77948,0
3.11543,0.46747,0
-0.29863,1.01858,0
1.88854,0.7963,0
1.68623,0.5514,0
0.95505,-0.03811,0
1.83103,0.50001,0
2.3774,1.24211,0
-0.3683,-1.04639,0
-0.48028,1.0489,0
1.55718,-0.03429,0
3.48872,-0.16915,0
0.03139,1.1671,0
2.82902,-0.59526,0
-0.3724,-0.4316,0
1.9607,1.118,0
2.62819,-0.63057,0
0.14415,-0.5212,0
-0.32028,-0.68552,0
-0.10439,1.01627,0
0.70655,-0.72746,0
0.03917,-1.23658,0
0.06131,0.50846,0
2.73342,0.96443,0
0.16654,0.61193,0
0.61509,-0.47745,0
-0.40618,-1.00216,0
-0.34797,-0.07494,0
0.26659,0.4,0
2.53216,-0.97098,0
2.45178,0.18687,0
-0.30061,0.20171,0
3.3492,-0.42321,0
2.11982,-0.25057,0
0.03723,-0.78193,0
0.8648,-0.85221,0
2.02975,0.47307,0
2.9668,0.68148,0
2.93965,-0.37034,0
2.49825,-1.09443,0
3.10196,1.10097,0
0.4719,-0.59315,0
0.5298,-0.1858,0
1.15794,1.10355,0
1.90673,0.82956,0
0.51583,-0.13734,0
-0.36283,-0.74785,0
2.71693,-0.60309,0
2.79338,-1.02742,0
-0.24067,0.29747,0
2.27276,1.00179,0
1.31953,-0.95804,0
0.41713,-0.19614,0
1.42704,-1.05708,0
-0.49598,0.78349,0
3.08447,0.95062,0
0.51696,0.78072,0
1.32837,0.92194,0
0.25777,0.02233,0
2.26545,-1.09526,0
3.30773,-1.20262,0
-0.20582,0.56409,0
3.08599,0.25258,0
2.84876,1.0706,0
2.59143,0.30361,0
1.29023,0.71762,0
1.51056,-0.77601,0
3.2353,0.58578,0
1.42337,0.3802,0
3.41798,-0.6731,0
3.01039,-0.45874,0
3.19862,-0.47856,0
2.04155,0.24567,0
1.36647,0.85557,0
0.40436,-0.69975,0
1.3252,-0.36343,0
2.43472,-0.8694,0
0.94103,0.26418,0
3.21662,-0.43842,0
0.08122,0.8309,0
1.4745,0.13694,0
1.01643,1.12343,0
0.84892,-0.04507,0
0.67924,0.53015,0
-0.20544,-1.07691,0
0.74683,-0.90247,0
3.45299,-0.46471,0
2.58834,-0.97731,0
0.43618,-0.19026,0
0.81717,0.78043,0
-0.16877,-0.71183,0
0.60173,-0.11523,0
0.60128,0.85923,0
0.43536,-0.48869,0
1.40015,-0.78517,0
0.17971,1.04294,0
1.2486,-0.87063,0
2.06153,-0.91371,0
0.52824,1.04477,0
1.79417,-0.46176,0
1.86365,1.04168,0
-0.04361,-0.388,0
3.24239,0.68499,0
1.16514,-0.54945,0
2.53579,-0.70574,0
3.23679,-1.22444,0
3.35388,0.92802,0
0.89041,-0.8617,0
1.15918,1.09513,0
0.00123,1.04825,0
-0.39152,1.03386,0
0.90404,1.05075,0
2.71874,-0.98847,0
1.72176,0.14385,0
-0.28604,0.36246,0
-0.29191,-1.10183,0
-0.31527,-0.93136,0
1.93019,-0.6022,0
3.09968,-0.46196,0
2.30451,-0.9929,0
-0.14203,-0.83519,0
1.53439,-0.68924,0
-0.42266,0.11894,0
3.43459,0.1433,0
1.16269,0.95328,0
3.21283,0.86551,0
-0.38015,1.04666,0
0.34882,0.24907,0
2.20546,-0.58743,0
3.43694,1.13136,0
3.20346,-0.03041,0
0.04913,0.23833,0
2.96305,0.82048,0
1.51162,0.32356,0
2.25107,-0.33361,0
0.79402,-0.82332,0
-0.15327,0.17501,0
2.08991,0.88661,0
2.16445,0.7244,0
3.10787,1.18997,0
2.78007,0.0724,0
1.39069,0.43966,0
0.5101,0.82005,0
0.54006,0.89578,0
-0.32737,-0.08216,0
3.23133,0.85731,0
2.22386,0.56166,0
0.49655,-0.43937,0
-0.39684,-0.7677,0
2.14165,-1.11635,0
1.39415,-0.4623,0
1.11049,0.96546,0
1.45385,-0.15392,0
3.21613,1.10781,0
1.03326,0.45387,0
-0.46447,1.08994,0
2.3459,-0.82804,0
-0.10996,-0.79376,0
1.71346,-0.81813,0
-0.37821,-0.15725,0
2.09704,0.56337,0
2.1218,1.19976,0
2.40434,0.20858,0
3.10122,-0.25155,0
2.95507,-1.19177,0
3.12579,-0.52077,0
3.2745,1.11643,0
0.665,-0.4219,0
0.82329,-0.65893,0
2.98434,-0.07411,0
3.38339,1.23692,0
3.35385,0.85951,0
1.33524,0.00909,0
0.07851,0.42844,0
1.48396,-0.65637,0
1.00699,1.21585,0
1.97404,0.82407,0
1.44827,0.07681,0
2.21001,-0.25826,0
-0.44395,0.2394,0
1.70749,0.81545,0
-0.27544,0.24896,0
1.44376,0.39387,0
0.68935,-1.16981,0
0.4182,-1.1174,0
2.29203,1.24659,0
3.43011,0.8414,0
2.14213,0.18267,0
1.32272,-0.78548,0
2.29475,0.49428,0
-0.19249,-0.19913,0
3.13959,0.07207,0
-0.02563,0.07024,0
-0.28859,0.25329,0
1.60917,-0.47445,0
1.95049,0.63981,0
2.48956,-0.02594,0
1.26148,-0.10864,0
0.18263,-0.92866,0
1.07903,0.96747,0
0.21957,0.79908,0
1.0772,-0.07158,0
3.00051,0.68416,0
-0.10598,-0.84131,0
3.00856,1.01089,0
1.3503,1.05545,0
0.24313,-1.1813,0
2.58057,1.20343,0
-0.21336,0.57078,0
-0.2678,-0.4084,0
-0.24407,0.78747,0
2.11079,0.93463,0
-0.25709,1.03648,0
2.4619,1.12104,0
1.39234,0.85797,0
0.13097,-0.96815,0
3.06233,0.91563,0
1.55443,0.65254,0
2.03476,0.73349,0
-0.4758,-0.46912,0
2.63809,-1.0844,0
1.76421,-0.83399,0
1.76227,-0.97758,0
-0.27977,0.81789,0
2.71475,0.11579,0
0.66482,-0.51925,0
1.37866,0.23082,0
3.4138,-0.60123,0
0.59075,-0.99894,0
3.40293,0.37166,0
1.58626,0.53998,0
1.54342,-0.29732,0
0.16,-1.20554,0
0.26914,0.11783,0
2.53816,0.08862,0
1.38364,-0.26989,0
2.90558,-0.30253,0
0.93523,0.22017,0
3.06378,-1.16174,0
1.71224,-1.24112,0
3.26236,0.81474,0
0.03142,-0.56938,0
3.10415,-0.90144,0
0.67612,-1.13719,0
-0.34329,-0.0381,0
3.03297,-0.39543,0
1.4295,0.91325,0
-0.41736,0.75218,0
0.41638,0.02341,0
0.4694,-0.82529,0
0.37565,0.59679,0
0.31392,-0.41235,0
1.27409,-0.11707,0
-0.20726,-0.07386,0
2.54795,-0.22195,0
2.44964,0.08815,0
0.07336,0.93589,0
1.93117,0.68314,0
0.57656,-1.05955,0
1.08599,-0.4004,0
-0.18542,-0.90408,0
2.39003,-0.64243,0
2.8861,0.81468,0
3.10729,0.21068,0
1.39105,-0.7724,0
-0.39317,0.43503,0
0.50279,0.02707,0
0.5611,0.43749,0
2.2959,-0.26103,0
2.54252,-0.71995,0
2.59673,-0.39291,0
2.87097,0.26592,0
-0.06127,-1.24656,0
3.47547,0.60653,0
2.26903,-0.29366,0
-0.08434,-0.19163,0
1.28931,0.8112,0
0.67517,0.46013,0
0.08211,-0.12347,0
0.18298,1.07187,0
-0.37511,-0.50207,0
2.46314,-0.68792,0
2.88282,-1.05989,0
-0.15985,0.24635,0
2.76862,-0.79002,0
1.69484,-0.7797,0
0.32774,0.0519,0
1.22508,-0.05204,0
1.55702,-0.29084,0
0.78633,0.12694,0
2.46449,0.03862,0
3.10094,1.17238,0
2.44521,-0.69096,0
2.18028,-1.07252,0
1.91068,1.05431,0
0.4236,0.94723,0
1.38755,-0.04071,0
1.90735,-0.52605,0
0.95215,0.16839,0
-0.2856,0.95915,0
-0.32565,-0.26043,0
2.86989,-0.09249,0
2.82319,0.31394,0
2.93592,1.22842,0
-0.17734,-0.26747,0
0.58672,-0.32832,0
2.19662,-1.11693,0
0.73831,-0.0277,0
-0.32497,-0.64696,0
2.34558,0.43992,0
-0.09692,-1.2278,0
1.78137,0.93853,0
-0.07981,-1.00605,0
0.93526,1.14573,0
1.71816,-0.36864,0
1.87855,-0.43969,0
0.45539,1.09221,0
0.94205,0.45024,0
3.01751,0.84625,0
0.92446,-0.60023,0
1.83794,-0.64769,0
2.37237,0.74154,0
-0.22303,-0.65275,0
0.54339,0.72981,0
1.27851,0.57913,0
1.12528,0.67669,0
2.55572,-1.14816,0
3.44873,0.97272,0
2.76874,0.71445,0
2.52453,-0.19066,0
2.24881,-0.50306,0
0.44842,-0.37988,0
2.48947,0.01435,0
-0.34008,0.57614,0
2.38166,1.1745,0
0.71077,0.70992,0
1.01242,-0.64295,0
-0.30568,0.28309,0
2.88842,-0.06906,0
1.41114,0.61691,0
1.80071,0.65701,0
0.56222,1.03368,0
1.72391,-1.13676,0
2.44073,0.45579,0
3.31581,-0.34424,0
1.81927,-1.19826,0
0.87673,-1.07741,0
-0.23848,1.00009,0
1.72364,-0.78959,0
0.22813,-0.92086,0
0.79279,-0.494,0
0.11997,-0.0221,0
-0.37078,1.05218,0
1.27999,0.48435,0
0.73162,1.04648,0
2.42915,0.36225,0
1.98658,1.05157,0
3.01203,-0.83286,0
1.52186,0.45403,0
-0.37785,-0.75504,0
1.32938,-0.13211,0
1.13104,-1.0377,0
1.68186,0.85284,0
-0.07263,0.47257,0
0.28067,-1.11395,0
0.06606,-0.43737,0
2.44908,0.7805,0
-0.20876,0.09247,0
2.82325,0.06634,0
1.69941,1.22437,0
2.57377,-0.38773,0
2.99409,0.09855,0
0.88362,0.29229,0
1.68459,0.54256,0
3.39905,-0.7744,0
1.43756,-0.67499,0
1.00558,0.77133,0
1.8099,1.22185,0
2.83191,0.13457,0
2.62244,-0.38709,0
2.82449,0.4934,0
3.36178,-0.80462,0
1.58114,-0.62185,0
3.44059,-0.77319,0
3.42005,0.40907,0
-0.41579,-1.19528,0
2.25328,-1.03929,0
2.17622,0.23892,0
0.15773,-0.75786,0
2.12606,0.66161,0
1.48181,0.99884,0
2.9914,-0.42529,0
3.42905,-0.66362,0
1.97397,0.64505,0
2.45947,0.2269,0
1.00976,-0.32131,0
0.7796,-1.19627,0
2.35602,-0.63756,0
1.30426,-0.67104,0
0.39242,0.34774,0
0.12833,1.24712,0
2.65145,0.33093,0
1.48277,-0.23423,0
0.6133,-0.62257,0
3.09492,0.17117,0
2.94549,-1.22366,0
1.38546,0.51617,0
-0.48323,-0.46258,0
0.61584,-0.86534,0
1.65641,-1.01624,0
0.23929,-1.19799,0
-0.04559,-0.16537,0
3.43335,0.28112,0
2.30014,0.21263,0
2.31564,0.52308,0
-0.21275,0.12712,0
0.85012,1.02269,0
0.98268,-0.01638,0
1.6465,0.12097,0
-0.352,0.77415,0
2.87442,-0.38181,0
2.09289,0.67699,0
1.25055,-0.8343,0
0.7709,0.05526,0
-0.34617,-0.77562,0
3.01959,-0.88951,0
3.24426,-0.85562,0
0.29159,-0.46167,0
0.64173,-0.92479,0
0.95881,-0.203,0
2.44932,0.31438,0
1.9543,-0.47334,0
0.94288,0.65844,0
2.1195,1.07347,0
3.12414,-0.57556,0
1.90465,1.14087,0
3.37288,-1.00229,0
2.31047,-0.41177,0
0.61027,0.69123,0
2.34975,0.81511,0
1.35465,0.4382,0
3.24924,0.67977,0
1.98475,-1.1403,0
1.04928,1.01576,0
2.11271,1.0091,0
0.39289,0.31604,0
-0.37958,0.55179,0
0.5008,0.43256,0
-0.37232,0.09271,0
1.0576,-1.24575,0
-0.38207,-0.53251,0
0.89331,-0.6702,0
2.15542,-0.81095,0
0.69719,0.07544,0
2.09118,0.59067,0
1.99326,0.02429,0
2.29707,0.39033,0
1.91712,-1.10451,0
3.02855,-1.09093,0
1.46568,-0.96628,0
0.19417,0.87639,0
1.48339,0.069,0
-0.1475,0.2196,0
1.69405,0.25497,0
-0.46072,-0.8231,0
0.76576,-0.20062,0
1.84677,0.9913,0
2.38632,0.7079,0
3.43669,-0.51011,0
3.06897,-1.12211,0
-0.02194,0.23771,0
1.40068,-0.35023,0
3.24602,-0.55947,0
-0.02711,1.20128,0
0.3935,-1.03198,0
0.54254,-0.17821,0
0.05981,0.19944,0
3.29532,0.52586,0
1.47098,-0.75243,0
1.67404,-0.67716,0
2.13058,-0.47966,0
0.0341,-1.073,0
2.35907,0.01442,0
3.31547,0.81814,0
0.83085,-0.12634,0
0.94328,0.69443,0
0.18139,0.03834,0
0.55496,-0.04475,0
2.10208,0.36173,0
3.35679,-0.63298,0
2.74818,0.52443,0
3.1784,-0.34804,0
2.46787,1.00108,0
2.83929,0.83239,0
0.63176,-0.15085,0
1.26332,-0.73927,0
3.34873,-0.12965,0
0.16399,-0.3721,0
1.58985,-0.51598,0
2.01184,0.13372,0
0.49557,0.86527,0
-0.11932,1.21667,0
1.54461,-0.11287,0
0.2465,-0.94522,0
0.10423,-0.99759,0
2.41413,0.96726,0
0.21656,0.63641,0
2.0718,0.21977,0
2.90474,-0.3343,0
2.48971,0.1371,0
2.09917,-0.78843,0
2.43387,0.34699,0
0.24905,0.27241,0
3.45856,0.42724,0
-0.16344,-0.26297,0
0.5713,-1.24727,0
0.98607,-1.0085,0
1.55613,0.15437,0
1.16917,0.69583,0
3.07516,0.01935,0
1.44927,0.0665,0
1.12201,-0.54883,0
2.79247,-0.09427,0
-0.00296,0.27332,0
0.20492,-1.20576,0
0.10138,0.82604,0
1.9373,-0.17443,0
1.68663,0.43339,0
-0.28802,-0.5804,0
-0.12261,-0.10277,0
2.00583,-0.20321,0
1.25448,-0.99935,0
0.1683,0.4836,0
2.25046,-0.24563,0
1.77527,0.71613,0
0.92886,0.08601,0
0.87787,0.10023,0
1.18078,-1.20852,0
1.82006,0.37063,0
1.46171,-0.06501,0
0.76859,-0.87086,0
3.27939,-0.41496,0
1.48006,-0.56991,0
3.48911,0.54009,0
1.57511,-0.95758,0
0.96501,-0.75644,0
0.71561,1.12892,0
2.55635,-0.19683,0
1.80744,-0.29961,0
3.27377,0.37419,0
3.37036,0.96304,0
0.4665,-0.79476,0
0.22392,-0.02463,0
0.466,-1.23356,0
0.72744,-0.30551,0
-0.32367,-0.78298,0
0.16607,0.76591,0
1.59132,-0.53691,0
0.42333,-0.76921,0
0.31855,-0.42686,0
2.09796,0.90941,0
0.6041,-0.43827,0
0.93875,0.47263,0
2.11321,-0.54243,0
-0.07865,0.20964,0
0.8566,-0.01399,0
1.46984,0.67368,0
-0.09444,0.97186,0
3.02956,0.48471,0
0.74538,0.11786,0
1.57405,0.28779,0
2.71861,-1.20165,0
1.73848,0.53519,0
-0.07446,0.64742,0
0.92961,0.23888,0
1.92631,-1.16798,0
2.31047,-0.13642,0
0.23481,-1.0658,0
1.21394,0.31017,0
2.59171,1.24666,0
3.38406,0.93481,0
1.37826,-0.60392,0
3.05929,0.51469,0
1.86928,0.47837,0
3.4652,-0.80041,0
2.01717,-1.05244,0
1.38986,-1.18609,0
0.68126,-0.69705,0
3.31321,-0.90611,0
2.17127,-0.08136,0
0.61276,-0.98676,0
-0.1142,-0.87088,0
0.12118,-0.99182,0
2.19779,-0.78731,0
0.18355,0.84452,0
2.14677,0.24707,0
2.00985,-0.66752,0
1.57652,-0.83408,0
0.96465,-0.87748,0
0.82838,1.17034,0
2.16309,-0.08921,0
0.32441,-0.41957,0
2.67291,-0.08884,0
2.43558,0.93402,0
-0.1559,0.95242,0
2.22394,-0.74274,0
2.42134,-1.18974,0
2.72703,1.07779,0
1.01886,-0.39657,0
2.05419,-0.86997,0
1.67244,-0.95834,0
0.68689,0.15448,0
-0.40723,-0.83788,0
3.20432,-0.12329,0
2.24768,0.04564,0
2.51781,0.23112,0
2.10951,-0.39587,0
-0.20551,-0.93463,0
2.61757,-0.77472,0
3.08387,-0.60739,0
3.38207,0.61148,0
2.95545,-0.22727,0
0.67586,0.44467,0
2.10987,-0.70163,0
0.89683,-0.98592,0
1.44596,-0.55815,0
0.7812,0.28856,0
2.03601,-1.0284,0
2.37821,-0.95141,0
2.51151,-0.85034,0
3.03607,0.34115,0
-0.49285,0.25209,0
1.78676,-0.64914,0
2.65596,0.74212,0
-0.00526,-0.49932,0
1.51946,-1.2023,0
2.77878,-1.11572,0
0.89578,-0.33741,0
1.35359,0.15971,0
2.45096,-0.45304,0
1.61623,-0.02962,0
0.01385,0.13905,0
2.34442,0.13537,0
0.67959,0.1461,0
2.46753,-0.72206,0
0.41399,0.10547,0
1.41969,-0.63169,0
-0.21394,-0.55768,0
2.1772,-0.54058,0
-0.34569,-0.65424,0
0.15991,-1.23315,0
0.38249,1.09174,0
3.16823,-1.08453,0
3.1932,0.70925,0
0.65657,-1.17888,0
0.11445,-1.21179,0
3.09261,-1.04117,0
1.9041,0.02377,0
3.46675,0.4284,0
2.97616,0.03741,0
2.64591,0.79137,0
-0.47678,-0.6699,0
0.05836,-0.47356,0
2.99429,-0.0352,0
2.88114,-0.42331,0
1.45456,-0.45698,0
3.21552,0.50235,0
1.30728,0.32127,0
-0.06302,-0.29996,0
2.01399,-0.8133,0
0.99885,1.00041,0
2.85746,0.77178,0
0.73793,0.55187,0
1.90606,0.53943,0
0.59676,0.44667,0
-0.48765,1.10149,0
1.3674,1.07303,0
3.31932,0.53705,0
1.9801,0.68029,0
1.96198,-0.24215,0
1.86327,0.50764,0
1.09286,-0.30115,0
0.48552,0.81103,0
2.84579,0.44472,0
-0.12634,-0.7417,0
0.92466,-0.65948,0
0.28041,-1.16135,0
0.1763,-0.93308,0
0.01076,0.84833,0
3.16786,1.07732,0
1.01684,1.13403,0
2.43471,0.10995,0
2.98456,0.30888,0
2.82267,-1.17469,0
2.07196,0.28132,0
3.22854,0.28983,0
1.77646,0.46323,0
0.33956,1.18356,0
0.76755,1.03937,0
1.25798,-0.23069,0
3.35236,0.22263,0
-0.03772,1.05182,0
1.11196,0.02858,0
-0.29754,0.82821,0
2.0503,0.50783,0
2.3224,-1.09192,0
0.95746,-0.57805,0
1.37635,0.64914,0
2.56546,0.04938,0
1.35126,-0.69929,0
-0.43162,0.1238,0
0.24798,0.43723,0
1.50544,-1.2392,0
3.1505,-1.23892,0
3.21574,0.29082,0
-0.44565,-0.87716,0
3.02643,-0.55929,0
1.06161,-1.21599,0
1.93124,0.51176,0
1.05541,0.7448,0
1.52406,0.21346,0
2.07361,-0.25856,0
1.36805,0.09539,0
-0.34699,-0.06733,0
1.42659,0.10258,0
1.95098,-0.51325,0
2.82363,0.49464,0
1.36758,-0.36653,0
2.49275,-0.13929,0
2.16905,0.6093,0
-0.43559,0.093,0
2.32677,-1.05638,0
1.782,-0.31259,0
-0.06164,0.64486,0
0.01676,-0.24763,0
2.03199,0.06163,0
1.11956,0.93547,0
2.69054,0.15563,0
1.48096,-0.8283,0
0.48984,-0.83261,0
1.4291,-0.93397,0
2.97913,0.37769,0
0.93328,-0.23816,0
1.52564,0.77695,0
0.27555,-0.1652,0
1.24836,0.66012,0
1.28234,0.27412,0
2.82165,-1.08252,0
1.34869,-1.03557,0
1.36341,-0.38886,0
1.39513,-0.43435,0
2.705,-1.04825,0
3.37371,-0.5001,0
2.66533,0.83583,0
-0.42344,0.19746,0
0.92798,-0.44646,0
1.43712,0.3747,0
2.90176,-0.1655,0
1.5502,0.42173,0
2.83704,1.05884,0
-0.42484,0.38182,0
1.76523,-0.36341,0
-0.31218,1.21667,0
3.0933,-0.54924,0
2.74606,0.2951,0
0.08121,-0.15058,0
2.06189,0.32359,0
2.33159,-0.27665,0
-0.12221,0.55095,0
1.303,0.45022,0
1.13115,0.35123,0
2.88723,1.07416,0
2.39678,1.17879,0
3.49262,0.72023,0
2.68988,0.76777,0
2.55391,1.18587,0
2.40805,-0.90637,0
3.37413,0.7144,0
0.05065,1.13766,0
-0.18829,-0.94053,0
1.67007,-0.17462,0
-0.33689,0.0614,0
3.47273,0.42964,0
2.06772,0.27015,0
0.7451,-0.89019,0
-0.1817,-1.08752,0
3.0965,0.06055,0
2.05573,0.07952,0
0.44687,-0.35461,0
2.1198,-0.24864,0
1.8138,1.17181,0
2.23559,1.04851,0
-0.18723,-0.10736,0
0.94501,0.16495,0
2.65471,-0.38069,0
-0.02501,1.19503,0
2.40707,-0.73464,0
-0.24669,-0.15965,0
2.92807,1.14408,0
0.0931,0.06233,0
-0.49337,-1.16145,0
2.54452,-0.13437,0
2.61708,-0.60167,0
-0.43644,1.1615,0
0.28454,-0.23978,0
3.26609,-0.63161,0
1.00905,0.73774,0
2.95703,-0.9851,0
1.73355,-0.90054,0
3.35409,0.51281,0
2.26224,0.42634,0
1.68232,1.16603,0
0.30076,-0.81097,0
2.50027,-0.47973,0
0.97049,0.37969,0
-0.09036,0.22676,0
2.57182,-1.02129,0
1.54313,0.52663,0
-0.23218,-0.76197,0
0.07147,-0.45177,0
2.67279,-0.31164,0
0.80865,-0.31133,0
1.85206,-0.27979,0
0.82413,-0.68723,0
1.28326,-1.0457,0
0.25081,0.06538,0
0.33041,-0.36907,0
2.8428,-0.42893,0
2.21918,-0.96264,0
2.56816,-0.27751,0
1.90175,1.07008,0
0.51889,1.16719,0
2.88264,0.61955,0
-0.41356,-0.18441,0
-0.36067,-0.85171,0
0.44526,1.19265,0
2.2909,-0.33621,0
-0.34773,1.03279,0
1.72387,1.20866,0
2.5772,0.9296,0
-0.16245,0.11916,0
-0.405,0.40093,0
0.58618,0.61781,0
-0.29892,0.09889,0
3.20341,-0.63711,0
0.71507,-1.16961,0
-0.28696,-0.48505,0
0.5144,1.22433,0
1.41833,0.84723,0
2.13776,0.21699,0
-0.35456,-0.18994,0
-0.27128,0.05102,0
-0.01134,0.98963,0
0.00982,-0.06361,0
1.09309,-0.11689,0
-0.46573,-0.67943,0
2.94324,0.09879,0
1.52541,-0.44396,0
0.88456,-0.63851,0
0.24321,-0.60698,0
-0.2701,0.33418,0
1.95925,0.96936,0
1.69378,0.01851,0
0.07051,-0.46454,0
0.05696,-0.2391,0
1.02758,0.3299,0
1.24063,0.91606,0
1.14303,0.53123,0
-0.192,0.53089,0
2.32845,-1.16048,0
3.09293,-1.15074,0
2.00664,0.21844,0
1.07505,0.3791,0
2.36771,-0.99408,0
2.38482,0.15841,0
-0.24143,-0.03689,0
0.15259,1.21661,0
0.33957,0.60669,0
0.82759,-1.10698,0
1.33892,-0.3883,0
1.18964,1.07787,0
0.46565,-0.57421,0
2.35812,0.0953,0
1.8167,-1.12138,0
2.27313,0.41937,0
-0.47796,-0.9524,0
0.25539,0.5397,0
0.58621,-0.68705,0
0.51126,-0.64655,0
3.27431,-0.85121,0
2.37514,0.36939,0
-0.44872,-0.93419,0
0.91349,0.51652,0
-0.35907,0.40838,0
-0.32424,0.6942,0
2.51387,-0.94195,0
2.34223,-1.12025,0
1.1998,-0.82005,0
3.35206,-0.55237,0
0.39283,0.53485,0
1.12153,0.45931,0
-0.24258,-0.84698,0
1.46413,0.32862,0
-0.04862,0.17879,0
3.22822,0.82182,0
1.84852,0.1604,0
-0.23741,1.07909,0
3.29401,0.83866,0
2.37497,0.50171,0
2.3092,-0.81381,0
1.85128,0.83072,0
0.13204,-0.76634,0
1.97246,-0.94491,0
-0.33,0.86374,0
2.38848,0.24652,0
2.50541,0.18786,0
-0.29084,-0.50684,0
2.79523,-0.92931,0
0.69688,-0.46811,0
-0.25306,0.41947,0
2.78856,-0.03381,0
2.7917,1.16089,0
-0.19972,-0.06968,0
-0.41826,-0.92639,0
0.86817,0.75041,0
-0.06961,-1.21013,0
2.68573,0.03675,0
0.76335,-0.69339,0
3.39128,-1.08035,0
2.17432,-0.47916,0
0.11718,1.01851,0
3.28578,0.09303,0
2.81187,0.69413,0
2.49559,1.10863,0
-0.26806,-0.03115,0
0.56093,0.87356,0
3.44325,0.75726,0
3.03206,-0.76579,0
-0.01938,-0.38377,0
0.03037,-0.47,0
3.00671,-0.36011,0
0.18272,0.29987,0
0.61513,0.2171,0
-0.2755,0.89126,0
1.23981,-0.35531,0
1.59344,0.36998,0
0.73497,0.76794,0
1.00087,1.06341,0
3.14871,0.2065,0
-0.43951,0.21198,0
2.12947,0.28915,0
2.80067,-0.8546,0
2.47908,0.14982,0
1.50946,-0.06003,0
-0.41242,-0.22014,0
2.72046,-0.53614,0
2.72833,1.20023,0
0.59685,-0.4052,0
2.15796,-0.87549,0
0.36705,0.26711,0
0.56886,0.05952,0
1.06354,-0.4439,0
1.15918,0.94557,0
1.12425,-1.09845,0
-0.27439,1.01468,0
3.40332,-1.21948,0
2.69896,-0.42863,0
-0.08584,0.81972,0
0.51496,1.20883,0
0.12656,-1.01974,0
0.39791,1.17333,0
0.1327,-0.52459,0
0.40878,-0.95386,0
2.7454,-0.25207,0
2.30373,-0.80589,0
2.80743,-0.73941,0
0.12995,-0.1017,0
-0.08008,-1.16325,0
0.73804,-0.7653,0
3.13315,0.11956,0
1.98628,-0.49173,0
1.4554,0.62041,0
0.30069,0.07811,0
2.27094,0.76733,0
0.86425,-0.3494,0
-0.39416,-0.52013,0
2.79417,-0.35319,0
0.12305,-0.2656,0
0.51191,0.45111,0
-0.42787,-0.65365,0
0.45915,0.78226,0
1.20377,1.09202,0
1.83139,0.62431,0
-0.39735,0.95506,0
2.7242,-0.673,0
1.67031,-0.08356,0
1.53564,0.9542,0
1.47009,0.10535,0
2.35367,-0.8488,0
2.49047,1.03899,0
0.78401,-1.2245,0
0.65132,0.94038,0
0.88828,-0.29554,0
3.15505,0.47559,0
1.78183,0.26554,0
2.36911,1.01308,0
1.574,1.23557,0
2.69663,0.99669,0
0.30173,0.92819,0
3.46774,-1.0073,0
0.63359,-0.39883,0
3.02657,-0.84806,0
2.70291,-1.06269,0
1.76843,0.2531,0
2.21698,-0.11024,0
3.47034,0.92076,0
0.89054,0.33599,0
1.8096,1.17153,0
-0.31551,0.04914,0
2.89545,-0.43304,0
1.41047,0.0457,0
1.94066,-1.10642,0
3.09464,-0.73156,0
3.1214,0.24497,0
2.73269,-0.86307,0
2.08295,-0.26757,0
2.67922,0.58686,0
-0.08905,-0.81654,0
2.30321,-1.19334,0
2.29335,-0.69964,0
2.63308,0.38374,0
3.1335,-0.32953,0
0.84421,-0.89369,0
0.76247,-0.6727,0
1.46753,-0.85209,0
1.28215,0.24759,0
1.21219,0.69342,0
1.84981,-0.14429,0
2.03482,-0.8948,0
2.61607,-1.08106,0
2.02559,-0.13988,0
2.25721,1.23937,0
3.14518,-0.11966,0
2.15757,-0.419,0
-0.22898,0.51956,0
2.81226,1.09003,0
1.24186,0.6731,0
1.29721,0.09864,0
0.34593,0.274,0
3.06895,0.94682,0
0.64803,-0.39433,0
1.93264,-0.13551,0
-0.34794,0.32425,0
-0.18875,0.45025,0
0.44995,0.19086,0
3.31476,-0.95354,0
1.85872,-0.69921,0
2.58293,0.1879,0
3.23997,-0.59172,0
1.13569,-0.26203,0
2.91452,-0.97631,0
1.14526,0.90125,0
-0.18536,0.45029,0
2.27441,-0.2032,0
1.99903,-0.14909,0
1.03932,-0.47516,0
3.15992,-0.91559,0
1.10968,-0.40468,0
2.28039,1.01853,0
0.01944,-1.08507,0
3.21247,0.29921,0
2.68362,0.04564,0
2.67103,1.21561,0
-0.23092,-0.86868,0
2.77034,0.7424,0
0.29357,0.57402,0
-0.10047,0.06468,0
0.71364,-1.16495,0
1.51115,-0.94257,0
2.24972,-0.46416,0
0.98601,0.6529,0
-0.43258,-0.54772,0
3.39369,-1.17896,0
0.63105,-1.19111,0
0.76974,0.88804,0
0.85492,-1.1994,0
2.47105,-0.19267,0
0.27602,-0.52445,0
2.18376,-0.40671,0
0.29748,-0.44277,0
1.68325,0.49936,0
1.05562,0.7175,0
3.16364,-0.46716,0
1.0023,0.95272,0
1.75583,-0.48389,0
-0.25328,-0.05902,0
0.07225,1.01973,0
2.45022,-0.19978,0
2.03967,-0.20528,0
2.19673,0.11076,0
1.96283,0.39573,0
2.52041,0.34605,0
2.08215,-0.14515,0
1.60147,-0.86216,0
2.6534,-1.1392,0
-0.1673,-0.84904,0
2.76053,-0.53126,0
1.99526,0.90115,0
3.43337,-0.56883,0
2.43032,0.48047,0
1.90611,0.34569,0
2.13007,-0.99782,0
0.85728,1.1745,0
3.14298,0.82184,0
3.20644,-1.08488,0
-0.4365,0.40506,0
0.91631,-1.16547,0
1.96296,0.48324,0
1.79319,0.42114,0
1.45699,-0.67118,0
1.6453,-0.45305,0
2.88915,1.06386,0
0.95618,-0.4692,0
0.44427,0.59821,0
0.2677,-0.98618,0
-0.40318,-0.8564,0
1.46707,0.24631,0
1.27639,0.17,0
3.2543,-0.80021,0
-0.46456,-0.67316,0
3.35587,1.14661,0
3.43208,-0.8571,0
3.00565,-0.37771,0
0.03379,0.96224,0
0.10919,1.1942,0
2.10025,0.38211,0
3.21192,-0.76841,0
1.28055,-0.90281,0
0.6822,1.08612,0
0.5374,0.99037,0
2.63223,-0.1684,0
0.26202,-0.07507,0
0.79559,-0.89204,0
0.72391,-0.2486,0
-0.30338,0.74534,0
0.9679,-0.67499,0
1.6979,0.57471,0
-0.03173,-0.11514,0
3.3839,-0.93051,0
2.99932,0.81164,0
0.37982,-0.46077,0
2.53067,-1.05789,0
0.62704,-1.05544,0
2.03793,-0.81358,0
3.14272,-0.13456,0
-0.41383,0.10161,0
0.19176,-1.13839,0
3.00721,-1.09424,0
1.85047,0.15465,0
0.09644,1.03187,0
0.58033,-0.54259,0
0.64947,0.47222,0
2.60799,1.16966,0
3.24153,-1.19696,0
-0.36233,1.23277,0
-0.37319,0.57352,0
2.59955,0.6189,0
2.6352,-0.98833,0
0.34681,0.02895,0
-0.41033,-0.15709,0
3.46201,-1.14249,0
-0.17583,-0.9029,0
0.14807,-0.4362,0
1.51991,-0.50509,0
-0.47891,-0.46278,0
2.59825,0.18932,0
1.73212,0.70263,0
0.83086,-1.16422,0
2.35288,-1.04347,0
2.37766,-0.3963,0
1.21025,0.91333,0
2.33666,-0.39812,0
1.44166,0.42683,0
-0.19905,0.00174,0
1.12946,-0.91718,0
1.60974,-0.88992,0
-0.1516,0.40364,0
1.74663,0.22817,0
0.99735,-0.65151,0
1.74769,1.02992,0
1.80573,-0.9867,0
3.43835,0.1085,0
0.25898,-0.53274,0
1.09958,0.54148,0
2.64203,-0.07227,0
2.8184,1.21142,0
0.31504,-0.53955,0
2.16709,0.72122,0
2.37879,0.58491,0
0.90393,0.14839,0
0.42466,-0.28559,0
0.10593,0.76207,0
0.93099,1.0397,0
0.41172,0.40757,0
0.26455,-1.16283,0
0.72935,0.56563,0
1.16626,-0.48182,0
1.78862,-0.94443,0
0.18661,0.62332,0
2.04487,1.03362,0
3.1862,0.78305,0
1.22558,-0.8465,0
2.9973,-0.17006,0
1.05959,-0.00651,0
3.31729,-1.05545,0
3.17038,-0.63697,0
1.82661,0.6602,0
3.36589,-0.6235,0
1.29975,-0.79871,0
0.92358,1.15416,0
1.9597,0.94902,0
0.10347,1.09535,0
2.62974,-1.18424,0
0.81126,-0.56997,0
0.15495,-1.21029,0
3.30537,0.08683,0
1.59252,0.40133,0
1.66574,-0.47243,0
0.6246,-0.47981,0
-0.1457,-0.59912,0
0.83763,-0.38991,0
0.33189,1.16034,0
1.11337,0.98121,0
-0.48165,0.0222,0
3.1095,-0.9556,0
1.87715,1.03173,0
0.28216,0.83865,0
1.00037,-0.81347,0
-0.11434,-0.32697,0
2.51745,-0.39093,0
0.977,-0.72887,0
1.40744,0.31255,0
3.212,0.643,0
1.52469,1.2027,0
-0.1654,-1.20341,0
0.1858,1.14034,0
2.49716,-0.87819,0
0.34013,0.9392,0
-0.25443,0.44649,0
1.52127,0.9216,0
2.75563,-1.16261,0
-0.0749,0.33157,0
0.46277,0.89261,0
2.3905,-0.0479,0
2.06723,-0.9414,0
2.19601,0.24523,0
2.37091,1.12713,0
1.22279,-0.77905,0
2.17671,0.11637,0
2.69908,-0.32246,0
-0.45868,-0.77617,0
3.39871,-0.99424,0
2.10585,0.23937,0
3.44546,0.3247,0
0.52275,0.97365,0
2.1492,1.05568,0
1.76499,-0.16397,0
0.28822,-0.34423,0
-0.35701,-1.08496,0
0.90388,-0.33676,0
0.04864,-0.85323,0
3.08953,-1.11772,0
-0.3495,-0.56452,0
-0.4446,-1.04899,0
3.28577,-0.56698,0
1.25917,-1.10827,0
0.62702,0.67992,0
0.36484,0.62989,0
-0.38306,0.3919,0
1.93134,-1.24437,0
1.40493,0.50117,0
2.23472,-0.55273,0
1.16315,0.0777,0
1.30823,-0.99528,0
1.13905,-0.52594,0
0.03257,0.71421,0
0.29489,0.89851,0
3.06052,-1.02919,0
-0.24674,-0.31838,0
0.62735,0.32302,0
1.069,-1.15052,0
0.33809,0.12682,0
0.65894,-0.11711,0
1.63066,-0.97891,0
1.91237,-0.07947,0
2.34828,0.52183,0
0.28318,-0.77792,0
2.25835,-0.61437,0
2.62942,0.63795,0
1.42999,-0.41428,0
3.23015,-1.20267,0
-0.02321,-1.15608,0
-0.13897,-0.29463,0
2.95085,0.61336,0
2.33877,0.99526,0
1.47776,1.20269,0
0.30839,0.62295,0
2.49776,-0.67595,0
1.20236,-0.65414,0
1.7152,-0.55335,0
1.46086,0.20099,0
1.13052,-0.38328,0
1.14429,-0.75679,0
3.10427,1.17129,0
1.12305,-0.10774,0
0.4427,0.42787,0
-0.11439,1.07594,0
3.03919,1.10829,0
1.74922,-1.05204,0
0.722,-0.27943,0
-0.36567,-0.79562,0
1.7657,-0.25586,0
2.69062,0.40035,0
0.5707,-0.36819,0
1.60142,0.48428,0
1.71902,0.68589,0
3.25945,-0.80885,0
1.73125,0.40988,0
2.85981,-0.26552,0
0.76263,-1.19815,0
1.59779,0.42867,0
1.53991,0.10163,0
2.9082,-0.75675,0
3.01122,0.27374,0
2.43518,0.63564,0
-0.03889,-1.23958,0
3.42593,0.56303,0
3.16,0.99522,0
0.25129,0.51004,0
2.46125,0.62355,0
1.7289,0.92753,0
2.63241,0.01683,0
-0.49589,-0.98902,0
0.05426,0.88337,0
0.04314,0.06614,0
2.15886,0.69164,0
2.55692,-0.99663,0
2.75787,-0.91694,0
0.23006,1.15743,0
2.21581,-0.07561,0
0.88834,0.32169,0
2.3981,1.00308,0
0.99688,0.91095,0
0.81001,0.96713,0
1.67393,-1.08879,0
2.94004,0.50861,0
0.52368,1.15375,0
-0.38535,-0.43578,0
1.70562,-1.13184,0
1.58936,1.07263,0
3.46805,-0.11749,0
1.81864,-0.62751,0
0.72411,-0.1758,0
2.88024,0.42982,0
3.3225,0.58071,0
1.26249,-0.64461,0
2.28647,0.122,0
3.01622,-0.07595,0
-0.26965,0.12596,0
3.33375,0.29375,0
0.55645,1.21474,0
3.06598,-0.05029,0
1.8237,0.17197,0
2.81445,-0.1669,0
3.45202,-0.34052,0
2.28161,0.96605,0
-0.37681,-0.37171,0
2.65581,0.60423,0
0.38592,-0.04635,0
3.14288,-1.22521,0
3.4297,0.46558,0
1.22002,1.09848,0
2.7686,-0.92479,0
0.33812,1.20905,0
-0.37583,-0.35369,0
2.46036,0.00699,0
2.26987,0.69943,0
2.85224,-1.16997,0
0.01336,-0.33666,0
-0.33897,1.10977,0
1.92734,-1.0912,0
-0.03349,0.47131,0
2.16785,-0.35563,0
3.39483,0.27066,0
-0.41957,-0.83018,0
3.40678,-0.48899,0
-0.47109,0.0375,0
1.99935,0.58879,0
2.97661,-0.57331,0
0.74624,-0.28506,0
-0.10619,-0.05528,0
3.00204,-0.3762,0
0.9506,1.23797,0
0.18852,0.84412,0
1.96422,1.03362,0
0.07396,-0.26385,0
2.81391,-1.16097,0
0.38816,0.72033,0
0.1567,-0.48587,0
0.47997,-0.60145,0
-0.38726,1.09753,0
2.12073,0.95442,0
1.55501,-0.79359,0
0.11227,-0.36045,0
1.03289,0.37981,0
1.54117,0.64348,0
0.82126,-1.06336,0
0.41077,-1.03834,0
1.12129,-0.58259,0
2.19691,0.56082,0
0.6565,-0.45391,0
0.42373,-1.09408,0
1.42261,-0.65603,0
0.50151,-0.76221,0
1.48814,0.26173,0
2.83237,-1.20581,0
0.71394,0.81277,0
3.29856,1.04379,0
1.10338,-1.249,0
-0.0497,0.25666,0
0.64983,-1.13488,0
2.48749,0.54245,0
1.18581,0.71443,0
1.27163,0.99399,0
2.53628,0.4162,0
0.49465,-0.95483,0
3.3423,-1.0929,0
1.51815,-0.06903,0
1.73296,0.55424,0
3.35091,1.06442,0
3.22524,1.05785,0
2.84294,0.913,0
2.4698,-1.23911,0
1.57901,-1.09148,0
1.42744,0.82336,0
2.43722,0.04135,0
3.40076,0.75867,0
2.9567,-1.02628,0
1.79796,-0.74921,0
1.30877,0.58232,0
0.70909,1.21543,0
3.06057,-1.00424,0
2.99676,0.75474,0
2.63344,-0.16877,0
0.04826,0.63652,0
1.98669,0.28798,0
0.68508,0.02457,0
0.58719,0.80186,0
3.16151,-0.20751,0
1.43819,0.75766,0
2.5014,-0.74225,0
2.07542,-0.11202,0
0.64881,-0.33599,0
1.7602,0.36648,0
0.6162,-0.31762,0
0.73181,-1.20971,0
0.27485,-0.15454,0
2.61452,1.20162,0
-0.16798,-0.73318,0
3.40148,-1.05434,0
1.60945,0.47927,0
2.32125,0.45368,0
1.30388,0.71325,0
-0.27842,-0.02644,0
2.90945,-0.72435,0
2.14533,0.93547,0
-0.41638,-1.16464,0
2.84921,-0.25622,0
0.86806,-0.46477,0
-0.37483,0.75461,0
-0.16971,-0.02284,0
0.23697,-0.66199,0
3.29766,0.6039,0
3.47514,-1.12742,0
1.88683,-0.50376,0
2.4407,0.83596,0
-0.12023,0.11761,0
1.2107,0.36794,0
-0.19594,1.07742,0
2.00013,-0.70142,0
2.657,1.20566,0
0.10245,-1.05522,0
3.20674,-0.03269,0
-0.25838,0.40298,0
0.07969,0.48462,0
1.27203,-0.26661,0
1.16493,-0.38349,0
1.45412,1.11427,0
1.6677,0.14801,0
-0.42527,-0.41779,0
0.62847,-0.07464,0
-0.01429,0.06601,0
-0.49849,-1.00531,0
-0.27974,0.62809,0
0.89456,0.89614,0
1.22675,0.11421,0
1.11822,-0.22827,0
-0.24334,-0.68646,0
-0.10864,0.25136,0
2.12656,-0.66143,0
0.88294,0.66501,0
2.97097,0.58975,0
1.74788,0.58676,0
1.20981,1.04171,0
1.98109,0.85612,0
2.57243,0.03539,0
2.52208,0.37832,0
0.28497,0.46152,0
2.31835,-0.14547,0
0.21562,-0.6513,0
0.80566,-0.01003,0
-0.48636,-0.27231,0
2.79717,1.01966,0
-0.03323,0.21706,0
3.13403,0.02726,0
0.38211,0.84445,0
1.06368,0.62609,0
0.38825,0.96797,0
2.7295,0.66003,0
0.50945,-1.14338,0
3.01873,-0.96884,0
-0.29811,-0.1223,0
0.27827,-0.92299,0
0.33529,-1.24854,0
1.83201,-1.01536,0
1.66512,0.62078,0
0.97944,0.08264,0
1.80265,0.29873,0
-0.42033,-0.86325,0
1.56211,-0.31288,0
0.9748,1.07525,0
2.051,-1.09552,0
2.50343,0.72457,0
2.38498,0.50141,0
2.84263,0.34659,0
1.42782,-1.01255,0
0.90879,0.37446,0
1.91728,0.58762,0
0.81679,0.83568,0
2.87573,-0.97686,0
-0.4509,0.28001,0
3.46287,-0.38922,0
0.07084,0.85634,0
1.91473,-0.07878,0
2.36748,0.70003,0
3.09796,0.11975,0
2.5846,0.59505,0
1.57433,0.03727,0
1.53292,-1.00962,0
0.23935,-0.76854,0
-0.16141,1.16088,0
0.50883,0.54162,0
0.2098,0.48273,0
-0.06969,-0.7871,0
1.78753,0.50014,0
2.75747,1.16648,0
-0.38563,-0.22861,0
0.72331,0.93168,0
0.12963,0.6406,0
0.75838,0.06418,0
3.09024,-0.53019,0
2.07078,-1.21232,0
1.02578,-0.749,0
-0.26037,0.60821,0
2.19362,-1.17029,0
-0.04407,0.83683,0
3.1064,0.74908,0
2.48029,0.92465,0
1.40799,0.50535,0
1.09592,-0.52361,0
0.55046,-0.12711,0
2.03773,-0.33753,0
-0.46248,0.32619,0
1.91175,0.1862,0
3.2322,-0.87112,0
0.5371,0.32939,0
-0.39248,-0.16226,0
0.59675,0.54306,0
3.22444,0.19064,0
1.5087,1.17585,0
3.24725,0.59394,0
2.056,0.20998,0
1.14028,0.85396,0
1.30932,0.0691,0
1.78006,-0.88231,0
2.28828,-0.64957,0
2.70941,0.82694,0
2.07964,0.64019,0
-0.39937,0.72377,0
0.7901,0.1505,0
1.00557,-0.94012,0
3.46356,-1.1447,0
0.99702,0.44476,0
0.8169,-1.21636,0
2.04891,-0.49998,0
0.68674,-0.75056,0
2.35414,-0.17428,0
2.37691,-0.36344,0
2.52776,-0.20474,0
0.14219,-0.62395,0
2.92789,-0.01447,0
2.29313,1.07283,0
0.014,0.67577,0
3.17649,-1.10852,0
0.74587,1.05253,0
3.36997,0.69953,0
0.36223,-0.15912,0
1.31244,-0.32311,0
3.13764,0.86069,0
2.17123,0.95942,0
1.60928,0.25001,0
0.34794,-0.32509,0
2.37662,0.40381,0
0.4965,-0.77731,0
2.87127,-0.12219,0
2.8028,-1.1626,0
2.13138,0.9209,0
-0.38113,-0.0566,0
2.38051,-0.53084,0
2.33394,-0.44785,0
3.30225,-0.26148,0
0.22923,-0.4038,0
-0.2329,-0.36534,0
0.80797,1.06384,0
0.99315,1.03492,0
2.39917,0.88649,0
2.57053,1.05505,0
0.54144,-0.6848,0
0.72059,1.01595,0
3.10244,0.99675,0
0.49724,0.93148,0
0.15616,0.6454,0
-0.28123,-0.13691,0
1.896,-0.2695,0
-0.27455,0.47555,0
0.58359,-1.16792,0
1.4565,0.25539,0
-0.17463,-0.15533,0
2.7033,0.36491,0
0.01114,0.13745,0
0.36566,-1.03433,0
3.04079,1.10057,0
0.37244,-0.98844,0
-0.31329,0.61923,0
3.22862,-0.11282,0
0.16701,0.14758,0
3.28136,-0.43087,0
1.04921,1.18992,0
2.39521,0.23466,0
-0.3607,0.6861,0
1.06784,0.05759,0
0.89697,-1.22076,0
2.85248,-0.62159,0
2.49708,0.78746,0
1.72873,-1.20858,0
2.07438,-0.06065,0
2.18867,0.20491,0
3.38874,0.395,0
3.20983,-0.82039,0
1.75704,0.97461,0
1.52838,1.15477,0
2.40134,-1.09981,0
2.06443,-1.13221,0
1.52565,-1.2182,0
1.7935,0.6948,0
2.44057,0.93719,0
2.24735,-1.06263,0
1.45558,0.19849,0
0.99846,0.5031,0
0.00961,1.15206,0
1.63282,-0.74548,0
1.63651,-0.0868,0
3.24253,-0.33526,0
3.23032,1.00682,0
-0.08056,0.00645,0
2.36981,-0.78466,0
0.14966,0.78992,0
2.52721,1.19892,0
0.78109,0.70807,0
3.23841,-0.20792,0
2.05124,1.01547,0
1.23757,-0.10315,0
1.33061,0.83748,0
2.18864,-0.82623,0
2.55479,0.11914,0
0.00013,1.22805,0
0.1994,1.11242,0
0.88838,-0.33702,0
-0.11246,-0.07941,0
3.03956,0.11831,0
2.26312,0.09468,0
0.55681,0.64537,0
2.87,0.58941,0
-0.33646,0.56418,0
3.35296,0.14672,0
2.88317,-0.61436,0
0.44676,-0.87689,0
2.01488,-0.27038,0
0.94466,0.00579,0
3.43304,0.83706,0
-0.22727,-0.47194,0
3.06593,0.19405,0
1.63288,1.14374,0
3.28693,0.38306,0
2.58907,-0.33927,0
3.41151,-1.08169,0
2.08358,0.16592,0
1.44801,0.73466,0
1.99164,1.15994,0
1.38437,0.88724,0
0.92547,0.78034,0
1.40381,0.76538,0
3.10322,-0.78984,0
2.00174,0.33218,0
2.54414,-1.0317,0
1.88651,0.01814,0
1.59245,1.20182,0
2.00357,-0.51009,0
1.33465,-0.14595,0
3.30074,0.25846,0
0.05173,-0.61794,0
0.33223,0.19861,0
3.25537,0.16254,0
3.40558,1.00096,0
2.13443,0.18783,0
2.74006,-0.48815,0
-0.26117,-1.18997,0
-0.32299,0.9809,0
3.18762,0.495,0
0.55008,0.46057,0
0.71943,0.83056,0
-0.13406,0.64933,0
0.66071,-0.59069,0
3.2197,-0.00044,0
1.26462,1.02842,0
2.32415,-0.674,0
2.34934,0.26246,0
3.489,0.05775,0
2.0091,-0.18787,0
-0.38111,-0.15321,0
3.262,-0.72012,0
0.50243,0.26871,0
2.07684,1.21513,0
0.38775,0.95159,0
1.89107,-0.38083,0
-0.28947,-0.74603,0
2.12135,-1.11873,0
2.88417,0.92056,0
-0.14579,-0.22473,0
-0.17088,0.62052,0
3.09798,0.63436,0
0.35442,0.8912,0
3.26471,1.22971,0
2.37055,-0.86641,0
0.44143,0.01173,0
-0.30157,-0.73773,0
0.27147,0.30732,0
1.22143,1.14296,0
-0.14693,0.37226,0
-0.47319,0.74367,0
3.16723,-1.08077,0
2.76706,1.09855,0
-0.43332,0.06583,0
0.18589,0.44275,0
0.03634,-0.72548,0
1.56844,0.53562,0
-0.41579,0.47016,0
-0.29281,-0.42061,0
0.08291,1.1616,0
0.26358,0.8905,0
2.88259,1.02283,0
3.26563,-0.74035,0
3.04169,0.5935,0
1.70462,-0.98281,0
0.84506,0.31098,0
1.9186,0.37578,0
3.03399,0.6598,0
1.94418,-0.85458,0
0.34723,1.08356,0
2.51822,-0.64984,0
0.56196,-0.22997,0
0.9579,-0.83795,0
2.49075,0.84438,0
-0.23385,-0.12226,0
0.33162,-0.94151,0
2.17971,-0.28053,0
2.88548,0.67358,0
0.20971,-1.12971,0
0.64085,-0.53611,0
0.58351,0.51965,0
3.11405,-1.18422,0
2.01554,0.14911,0
2.48337,-0.15219,0
2.64679,-0.27314,0
2.35148,0.89152,0
1.40676,-0.77429,0
1.03628,-0.77715,0
2.60389,-0.48294,0
0.2161,1.04044,0
1.34447,-0.277,0
3.07533,-0.46395,0
-0.45373,-0.75066,0
-0.22557,-0.68958,0
0.74073,-0.01935,0
1.77647,0.75731,0
2.48418,0.70992,0
-0.03823,0.00905,0
3.24433,0.65073,0
1.65764,-0.2232,0
1.50289,0.00944,0
3.2012,0.25585,0
2.56745,-0.41205,0
3.31586,0.36749,0
3.43052,0.34043,0
0.68793,-0.11504,0
3.33138,-0.28609,0
3.03403,0.70324,0
1.3735,0.69289,0
2.3794,0.87034,0
2.52126,-1.00513,0
3.37684,-0.37032,0
-0.41174,1.17338,0
0.11449,-0.69283,0
1.64963,1.07736,0
-0.12462,1.00759,0
1.03274,-0.23979,0
2.40604,-0.62618,0
-0.43578,0.27277,0
2.54736,0.83809,0
0.98199,-0.47532,0
1.65355,0.46898,0
-0.28231,0.09368,0
2.70099,-0.07903,0
-0.21912,1.09835,0
0.15304,0.1266,0
1.87483,0.46877,0
-0.45915,0.44105,0
2.93651,0.31876,0
-0.12346,-0.47079,0
3.14713,0.33732,0
3.32977,-0.89788,0
0.82791,-0.0028,0
0.50251,0.4317,0
3.07554,-0.88338,0
0.62563,1.20387,0
2.90894,-0.35406,0
2.29567,0.00187,0
0.81743,-1.2255,0
0.49025,0.86662,0
-0.13487,-1.19612,0
1.42737,0.14298,0
0.25768,-0.70896,0
-0.1135,0.93447,0
-0.41831,0.87154,0
0.80491,1.11776,0
-0.07492,0.32907,0
-0.3788,-0.61441,0
1.02527,0.30592,0
-0.07898,0.60203,0
0.10423,-1.0791,0
2.42035,0.16046,0
1.71965,0.8966,0
2.86259,0.81843,0
2.96281,-0.64708,0
-0.13383,-0.01505,0
2.00601,1.20181,0
2.77291,0.16029,0
0.39793,-0.51104,0
1.12491,-0.059,0
0.34558,1.20674,0
2.7531,0.08537,0
2.25188,-0.80342,0
0.27156,-0.56245,0
-0.49264,0.89604,0
1.89284,1.11915,0
3.43197,0.09234,0
2.99711,0.04097,0
-0.45673,0.89056,0
-0.0279,-0.20629,0
3.33348,-1.10844,0
0.47395,0.59406,0
0.79196,-0.82858,0
3.26778,0.52987,0
2.30352,-0.04213,0
3.17913,-0.17964,0
0.06734,-1.11728,0
2.60369,-0.02021,0
1.56756,-0.96049,0
0.51468,0.90499,0
0.27069,-0.65258,0
1.66599,-0.78744,0
2.07642,-0.40474,0
1.30378,0.26388,0
-0.21618,0.87132,0
2.11337,0.765,0
-0.35973,0.74073,0
2.44802,-0.30102,0
2.01824,0.39654,0
0.00771,0.43893,0
3.4614,-0.9546,0
0.96631,-0.33023,0
1.58275,0.75651,0
-0.48905,-1.09785,0
-0.41404,0.833,0
3.41838,-0.22676,0
3.30456,0.09354,0
0.33769,0.36458,0
1.58585,-0.78921,0
0.71764,0.29476,0
0.02241,-0.14656,0
2.23746,1.0439,0
1.03167,-0.89057,0
0.32861,-0.82942,0
-0.41593,-0.49709,0
0.24766,-0.15437,0
2.44483,0.95904,0
2.80082,-0.47269,0
2.44339,0.50352,0
2.74038,0.04994,0
0.91326,-0.4582,0
0.42179,-1.1929,0
0.07336,0.28017,0
3.12578,0.56822,0
1.20559,0.48031,0
-0.39051,1.05311,0
3.37691,-0.6346,0
2.77996,0.49497,0
0.13185,0.87291,0
0.13671,-1.08188,0
0.98227,0.14969,0
2.3401,-0.63177,0
0.12836,0.92132,0
2.80563,0.11023,0
0.36047,-0.22542,0
2.69626,-0.06076,0
0.37026,-0.2654,0
0.54588,1.07468,0
0.02123,-1.24838,0
3.01953,-0.35494,0
3.27836,0.41037,0
1.37472,-0.79853,0
2.22085,0.25611,0
2.10196,-1.07494,0
1.69881,0.66921,0
0.55015,0.69267,0
0.33816,-1.17952,0
3.18253,-0.91339,0
-0.24828,-0.26601,0
2.9501,0.30994,0
0.06669,-0.76282,0
-0.48199,0.44055,0
3.06979,-1.06278,0
0.87799,-0.59727,0
0.67376,-1.23556,0
0.58592,0.1823,0
2.35702,0.16623,0
1.9318,-0.05041,0
0.75093,0.72939,0
2.86486,-0.83452,0
0.01526,0.78681,0
2.62393,0.93056,0
0.48377,0.47945,0
2.8016,0.65556,0
1.5324,0.29627,0
0.01312,0.92086,0
-0.36884,0.96315,0
2.61932,0.3961,0
0.71781,-0.49674,0
1.08134,-0.31535,0
2.42488,-0.99177,0
1.78371,-1.05036,0
1.06232,-0.52292,0
1.97556,-1.04664,0
2.40675,-0.92838,0
1.32263,-0.70797,0
0.87478,-0.18847,0
2.41109,-0.71978,0
2.06289,-0.08821,0
-0.06596,-0.60113,0
0.83744,0.21867,0
2.99401,0.11952,0
2.24988,-0.3708,0
2.6685,0.76765,0
2.06461,-1.11092,0
1.0414,0.31303,0
3.21682,-1.06509,0
1.45069,-0.18164,0
2.25146,-0.38668,0
0.35818,0.42103,0
-0.33676,-0.62125,0
0.89344,-0.39167,0
2.62721,0.34313,0
2.7245,0.83941,0
1.19402,-0.45547,0
3.25535,0.17048,0
0.51726,-0.47249,0
0.08724,-0.2695,0
2.79965,1.11979,0
3.04184,-0.21691,0
-0.44867,-0.7912,0
2.03922,1.08122,0
1.77973,-0.35469,0
3.16411,-1.24494,0
0.26802,0.81632,0
3.32878,1.17987,0
3.23761,-0.20831,0
2.73931,0.53626,0
0.57152,0.02282,0
-0.29683,-0.14801,0
0.11948,0.10532,0
0.8926,0.32969,0
-0.17829,0.19135,0
-0.24854,-0.11274,0
0.3525,-0.77429,0
2.32798,0.98936,0
3.35071,0.43726,0
2.99946,-0.38087,0
1.66662,1.09714,0
-0.00397,-0.8242,0
3.27399,0.76684,0
1.23448,0.81578,0
1.87979,-1.2366,0
3.26084,-0.68805,0
1.30882,0.61847,0
2.24199,0.05482,0
2.37609,-0.47863,0
3.32622,1.11512,0
2.36376,-0.405,0
-0.45353,1.16825,0
-0.01988,0.39329,0
2.73147,-0.29792,0
1.4024,-0.4463,0
-0.4739,-0.57167,0
3.21511,1.13722,0
0.15483,1.24863,0
1.89957,0.84292,0
-0.21637,-1.01069,0
3.05357,0.8766,0
0.67496,0.84729,0
-0.07121,-0.42751,0
0.68343,0.34882,0
2.53426,1.20263,0
2.07995,1.22171,0
0.99714,-1.04976,0
-0.2289,0.25011,0
3.37041,0.05991,0
1.45628,1.18465,0
2.9414,-0.58637,0
3.16097,0.41488,0
0.32093,0.14332,0
2.26938,-0.48919,0
0.20002,-0.08462,0
1.403,-0.31358,0
0.18754,-1.07752,0
0.4234,0.95071,0
-0.19169,0.24655,0
1.89045,0.32637,0
3.41733,-0.68688,0
-0.12705,-0.38808,0
0.71816,0.9137,0
1.47326,0.5706,0
1.32883,1.08543,0
2.74248,-0.47461,0
2.8542,-0.76252,0
2.19484,-0.41489,0
2.47856,-0.7792,0
0.95858,0.73995,0
0.11272,-0.8434,0
2.23408,-1.18694,0
-0.33208,-1.2209,0
-0.09599,-1.08492,0
3.1198,-0.16966,0
0.21865,-0.96183,0
2.91147,0.63725,0
0.34475,1.09108,0
3.45332,0.43995,0
0.07505,1.06296,0
3.30845,0.85181,0
3.14115,-0.95269,0
0.68668,-0.73267,0
-0.13031,-0.94247,0
2.81786,-0.53101,0
0.38218,0.60348,0
2.72584,0.17662,0
1.29665,-1.15385,0
1.28648,-0.98804,0
3.29415,-0.49899,0
0.70665,-0.0807,0
1.87561,-0.63373,0
3.40135,-1.22716,0
-0.00419,-0.22019,0
2.60925,0.16268,0
1.42785,-0.13263,0
1.6326,0.69465,0
0.13692,1.10419,0
2.62023,0.16695,0
2.62625,-0.13941,0
1.20156,0.60522,0
0.25742,0.99823,0
3.14878,0.3172,0
3.40596,0.82358,0
2.07945,0.98317,0
2.82823,-0.60846,0
1.74732,1.05158,0
1.9938,0.54933,0
3.42388,-0.22533,0
1.21837,-0.83365,0
1.47948,0.24197,0
3.10495,1.22437,0
2.41356,-1.20151,0
1.64253,0.51215,0
1.29864,-1.13922,0
-0.27899,0.55391,0
0.22187,-0.72925,0
1.25812,0.50227,0
3.39431,0.96697,0
-0.14962,1.05516,0
0.95969,0.33676,0
0.80602,-0.27314,0
1.79659,-0.82678,0
3.33894,-1.14203,0
0.13227,-1.21178,0
-0.14723,-0.70967,0
2.07294,0.5434,0
3.43239,-0.82531,0
0.82509,0.6546,0
1.21613,1.17724,0
1.12977,1.07906,0
2.38819,-1.09788,0
3.14979,-0.56044,0
3.49819,-1.24566,0
0.76111,-0.79799,0
2.22123,-0.95568,0
3.39836,-0.34472,0
3.22595,-0.1501,0
0.05346,-0.92809,0
-0.04507,-0.14065,0
1.42997,-0.77763,0
1.64654,0.89836,0
3.13572,0.95828,0
-0.37627,0.19268,0
2.09149,1.03195,0
0.4109,-1.08748,0
0.97298,0.50977,0
2.98062,0.6853,0
0.35129,-0.77917,0
3.04559,0.93023,0
0.1,-0.46217,0
3.22056,-0.94325,0
3.38168,-0.38115,0
2.05992,0.47303,0
3.21767,0.30776,0
3.24566,0.32989,0
2.11201,-0.9697,0
0.19945,-0.36111,0
0.44904,-1.13284,0
2.56213,-0.89559,0
2.31318,0.46875,0
2.69817,0.69382,0
1.5291,-0.56151,0
1.36823,-0.05243,0
-0.10352,-0.75705,0
0.69529,0.74333,0
3.33352,0.90092,0
1.07741,0.41696,0
0.38725,0.02774,0
0.0898,0.01348,0
1.37151,-1.11385,0
0.48049,0.63489,0
1.71671,1.0437,0
-0.49231,-0.11901,0
2.93965,0.96443,0
3.09866,0.18446,0
-0.34683,0.31384,0
0.87461,0.88259,0
1.0515,-0.27429,0
3.46743,0.7646,0
1.26148,-0.43819,0
1.64628,0.18938,0
2.48428,0.45427,0
0.03627,0.14601,0
3.29336,0.11818,0
0.33589,0.4026,0
1.94055,-1.1288,0
3.3337,0.18239,0
-0.35611,0.21324,0
1.26682,-0.72525,0
0.51572,0.73812,0
-0.08609,1.07593,0
-0.19042,0.7821,0
0.14365,0.01887,0
0.84946,0.22425,0
2.94215,0.96807,0
0.15814,0.37689,0
-0.00353,0.16034,0
3.05009,0.2785,0
-0.0542,-0.27666,0
2.4782,1.0005,0
0.03639,0.27161,0
-0.0301,-0.90565,0
3.47532,1.11123,0
0.74598,0.72671,0
3.2073,0.62246,0
2.05774,-0.33035,0
3.42868,-0.58218,0
1.62119,-0.47003,0
2.5886,-0.89551,0
1.76436,-0.17977,0
3.1531,0.44156,0
0.84488,0.17298,0
1.8584,0.40665,0
2.72586,0.23699,0
-0.32236,0.66844,0
1.95094,0.30406,0
1.2567,0.38634,0
0.09131,-0.23365,0
2.4291,-1.127,0
1.88389,0.35521,0
1.05356,0.35958,0
2.54137,-0.4815,0
0.4538,0.96772,0
3.13771,0.76707,0
-0.19784,1.16916,0
3.47653,-0.27227,0
0.25889,0.26966,0
1.73252,0.66605,0
-0.35401,-0.57299,0
0.83681,-0.85662,0
1.00144,1.21382,0
1.16788,-0.45539,0
1.52384,-0.55236,0
2.74673,-0.46827,0
-0.38729,-0.19795,0
0.56633,0.35456,0
1.1135,1.22727,0
1.76533,0.56485,0
3.29384,0.38921,0
2.34298,-0.0524,0
-0.33233,-0.66424,0
2.15227,0.6495,0
0.99013,0.66584,0
-0.20852,-0.34204,0
1.74246,-0.07619,0
3.41,0.2501,0
0.99019,-0.67704,0
2.49205,1.00408,0
0.42539,-1.16886,0
1.56509,0.95785,0
2.55945,-0.86859,0
2.49021,1.23642,0
2.0605,-0.45162,0
0.06262,-0.89866,0
-0.2111,-0.42479,0
2.74507,1.13175,0
1.56883,0.00028,0
1.89467,-0.42316,0
2.07029,-0.55304,0
1.65356,0.15055,0
1.3893,-0.61439,0
1.11639,-0.90773,0
1.74524,-1.05303,0
0.23831,0.21862,0
1.14908,-0.26117,0
1.23363,-0.25716,0
0.85158,-0.19887,0
1.81799,-0.78954,0
1.47566,-0.11992,0
1.60155,0.95795,0
0.76243,0.22142,0
2.49844,-0.33695,0
1.33821,-0.71501,0
0.00921,-0.78874,0
-0.28504,-0.20594,0
2.44741,0.66548,0
1.53447,0.97784,0
2.63442,-0.46836,0
2.95442,0.30638,0
0.79951,-1.08211,0
3.33389,0.37766,0
0.21286,0.93219,0
1.58592,-0.14524,0
1.12499,-0.29458,0
1.52524,1.08421,0
-0.04383,0.80973,0
0.20462,-0.50523,0
1.82475,-0.23816,0
2.76704,0.36272,0
2.89933,-0.16997,0
1.17418,0.90064,0
2.20427,0.89867,0
0.49236,0.0271,0
1.31719,1.12825,0
1.01401,0.18769,0
1.74407,-0.19589,0
1.22898,-0.60248,0
-0.49299,0.30322,0
0.12958,-0.56316,0
0.48475,1.15452,0
1.73259,0.09233,0
-0.20021,-0.39104,0
2.16633,0.65322,0
2.36485,0.20001,0
3.26976,0.67435,0
-0.15413,0.32821,0
2.69571,-0.7197,0
0.69384,-1.00232,0
2.99985,0.47197,0
2.58478,-0.92954,0
1.67578,-0.32719,0
-0.42098,-0.65121,0
2.16205,0.89275,0
1.95926,-0.8257,0
1.41786,0.24209,0
2.46181,0.2721,0
0.21099,0.16551,0
3.15167,0.08996,0
0.5827,0.24649,0
0.43954,0.30426,0
0.15867,0.06443,0
3.13649,-0.71559,0
3.07591,1.00137,0
1.33747,-0.19412,0
1.15859,-1.23837,0
0.3973,0.06805,0
2.00846,0.23601,0
2.91294,-0.13486,0
-0.06577,-0.22592,0
-0.068,-0.00324,0
2.69484,-0.29524,0
1.86239,0.26272,0
-0.00304,-0.83995,0
0.79162,0.99496,0
2.40821,-0.57009,0
0.21171,-0.67821,0
1.56368,-0.41904,0
1.89521,-0.0144,0
0.79019,-0.26231,0
0.83855,-0.0716,0
2.11848,0.98338,0
0.84148,-0.26847,0
2.99703,0.70582,0
-0.02237,0.75042,0
0.9301,0.47453,0
1.22515,-0.45491,0
2.63532,0.23839,0
0.2752,-0.14345,0
1.78527,-0.29932,0
0.40262,-0.42001,0
0.26119,-1.02225,0
1.85564,-0.03195,0
2.01515,-0.27135,0
0.50038,0.90894,0
2.11914,-0.41421,0
2.42422,0.59123,0
0.80431,0.18845,0
1.7218,1.02538,0
2.71386,-0.89813,0
3.04543,0.70179,0
3.01005,-0.42012,0
-0.48237,0.41987,0
1.16389,-0.98117,0
0.03399,-1.23052,0
1.34717,0.25959,0
2.5945,-0.78095,0
1.7375,-1.09793,0
3.23185,-0.82338,0
2.34763,-1.19699,0
0.33545,-0.99171,0
-0.01355,0.28572,0
1.49742,-0.31034,0
0.21453,0.95173,0
0.50452,-0.9521,0
1.05977,0.15429,0
2.88297,-1.12268,0
2.70779,0.41121,0
-0.43211,-0.85241,0
0.6144,-0.22133,0
-0.38254,0.23937,0
1.91128,0.29746,0
2.19524,0.73618,0
0.71443,0.75143,0
1.98377,-0.23589,0
1.85981,-1.20247,0
3.15494,-0.81998,0
2.84522,-0.11748,0
1.05234,-0.99905,0
1.82382,1.04946,0
0.29225,1.19551,0
0.3102,-0.73224,0
0.65723,0.81269,0
1.14541,-0.09148,0
0.00363,0.34383,0
0.20331,0.04407,0
1.50079,0.97771,0
-0.03,-0.59131,0
0.39096,-0.66684,0
-0.42898,0.32649,0
2.61424,-0.6769,0
0.79133,-0.15247,0
1.46777,-0.59005,0
1.60933,0.66518,0
2.32643,0.06548,0
2.7083,0.07899,0
0.65574,0.33878,0
1.32025,-0.52291,0
1.8907,-0.39631,0
2.11779,-0.76636,0
1.72094,-0.96541,0
0.63761,0.32157,0
0.89793,0.71532,0
3.33074,-0.99889,0
1.79064,-1.16588,0
1.75773,-0.65358,0
2.32258,-0.97882,0
0.87963,-0.57404,0
3.4771,-1.06702,0
-0.46454,-0.97975,0
0.00685,0.30071,0
1.05118,-1.11981,0
2.27752,-0.88282,0
2.4511,-0.75593,0
0.13037,0.12586,0
1.28575,0.835,0
3.14685,-0.81532,0
0.32534,-1.10314,0
-0.05988,-0.85433,0
0.7646,-0.32347,0
0.29388,-1.04664,0
-0.16377,-1.07237,0
-0.3125,-0.90843,0
0.50316,-0.86123,0
2.85552,-0.83181,0
1.92237,-1.13161,0
0.13785,1.19314,0
0.78275,-0.74973,0
0.07933,-0.98241,0
-0.23282,0.93426,0
-0.29948,0.7202,0
2.22159,0.10209,0
2.70546,-0.20349,0
2.84559,-1.12571,0
0.53078,-0.45127,0
1.77076,-1.24627,0
-0.33652,1.13446,0
1.61501,-0.09145,0
3.48064,0.82215,0
0.30124,-0.90567,0
2.11664,-0.44587,0
2.74548,0.99282,0
0.52501,-0.35649,0
-0.26487,0.42226,0
0.99857,0.74268,0
-0.42183,-1.14722,0
1.58937,-0.09952,0
-0.3463,1.03918,0
1.5639,-1.19507,0
1.45654,-0.45195,0
1.02217,-0.92546,0
2.88827,-0.35138,0
1.31027,-0.03068,0
-0.24831,0.04917,0
2.42389,0.69998,0
1.86122,-0.80952,0
0.04232,0.56164,0
3.07524,-1.01943,0
2.32186,1.12844,0
2.7391,-0.06761,0
0.02874,-1.14999,0
1.6773,-0.74415,0
0.70562,1.23501,0
0.81412,-0.81302,0
2.82945,0.088,0
2.68087,0.34947,0
2.63563,0.07055,0
1.85779,0.9665,0
0.33297,-0.47268,0
0.77214,-1.16285,0
1.92171,-0.98422,0
2.11674,-0.59879,0
1.83356,-1.00601,0
1.40092,-0.66539,0
-0.17798,0.94179,0
0.25615,-0.66053,0
3.04464,-0.40494,0
3.38464,0.03151,0
1.2551,1.09135,0
3.2752,-0.30482,0
0.62608,0.53867,0
0.03452,0.68916,0
-0.23805,-0.41983,0
1.96085,-0.86255,0
0.96648,1.08715,0
2.40834,0.52237,0
1.71028,0.12127,0
3.17584,-0.72312,0
3.1659,-1.183,0
0.67051,0.01599,0
-0.19968,-0.93111,0
0.9263,1.24985,0
2.40336,-0.67971,0
-0.41966,-0.31549,0
-0.417,0.82259,0
2.40482,0.765,0
-0.31213,-0.4529,0
-0.1257,0.35426,0
2.61532,-0.82039,0
2.00615,-0.11456,0
2.78416,-0.59557,0
2.59517,0.90959,0
2.40694,-0.55204,0
2.38184,-1.1278,0
-0.04302,1.07736,0
1.98492,0.361,0
1.08506,-0.69418,0
2.79718,-0.27662,0
1.42612,-0.07298,0
3.27437,0.13238,0
2.23371,1.08349,0
1.51002,-1.13038,0
2.54794,1.23483,0
0.74248,1.0477,0
-0.16328,-0.0021,0
2.78254,-0.28559,0
-0.3363,-0.72132,0
-0.45354,0.13932,0
-0.10741,0.4094,0
2.49936,-0.36489,0
3.36757,1.02732,0
0.62131,-1.18275,0
1.76766,-0.34263,0
0.39591,-1.11999,0
-0.00291,-0.88882,0
0.72322,-0.22992,0
0.02812,-0.56407,0
-0.14074,0.64809,0
-0.0453,0.40677,0
2.01042,0.37946,0
-0.05225,-0.58932,0
1.76649,0.02729,0
1.92099,-0.46925,0
1.71003,-0.5041,0
-0.10767,1.04517,0
3.05011,0.75662,0
1.20886,-1.08163,0
1.12676,1.11565,0
1.45512,-0.12315,0
2.54455,-0.36907,0
0.46464,0.8165,0
3.0757,1.04115,0
3.25455,-0.37564,0
1.02462,-0.36845,0
2.10496,-0.862,0
3.10916,-0.78932,0
1.41979,-0.449,0
0.20642,-0.26773,0
3.08683,0.83372,0
2.85862,0.33396,0
1.23409,0.79803,0
0.3275,-0.68701,0
2.74393,0.84456,0
1.79708,1.08375,0
2.35344,0.26958,0
2.1369,0.88727,0
1.69354,0.72218,0
1.38431,-0.47828,0
1.44869,0.76748,0
0.20392,1.21498,0
0.24912,-0.70581,0
3.38261,-0.75676,0
1.41339,1.16617,0
3.06951,-0.54044,0
2.89096,-0.93378,0
0.75812,0.03927,0
2.04654,-0.17767,0
-0.34568,1.24517,0
1.1063,0.91412,0
0.95888,0.03774,0
1.93197,0.87646,0
2.0508,-0.22623,0
0.11401,0.80525,0
0.10133,-0.39945,0
0.3294,0.25074,0
2.43201,-1.22522,0
1.31143,-0.37132,0
2.94699,-0.91722,0
2.63195,1.10193,0
-0.31514,0.39684,0
-0.1335,0.71949,0
2.19884,-0.4243,0
2.1744,0.19163,0
0.25096,-0.62677,0
0.56918,-0.43777,0
-0.28994,0.3473,0
-0.03395,-0.72949,0
-0.20227,-0.69018,0
0.24599,-1.02409,0
1.45182,-1.0549,0
0.28065,1.09582,0
1.48238,0.75909,0
1.1087,0.91133,0
2.86226,0.47318,0
-0.20691,0.95209,0
2.61383,0.71402,0
2.21008,0.97779,0
1.39703,0.24906,0
-0.02167,0.9145,0
2.12182,0.36452,0
1.83523,0.3375,0
2.49464,0.76426,0
1.31196,-1.06763,0
2.21753,-0.75727,0
0.63268,-0.90892,0
0.99505,0.93329,0
0.11129,1.12862,0
1.64912,-1.08281,0
1.23435,1.20631,0
0.80936,-0.31949,0
3.30135,0.0884,0
-0.49221,-0.70568,0
2.23391,0.90913,0
1.84449,0.09885,0
-0.42503,0.00972,0
1.89716,1.00826,0
1.22686,0.56987,0
2.64585,0.75149,0
1.27988,-1.18484,0
2.11197,0.63822,0
3.23572,1.13999,0
2.40149,-1.2239,0
-0.13029,0.19029,0
-0.09775,0.06041,0
2.09289,0.79104,0
2.28567,-0.64077,0
0.35602,-0.78786,0
1.159,0.53796,0
1.98992,0.09447,0
2.66099,-0.96523,0
1.4996,-1.01797,0
0.74171,-0.06945,0
1.10062,0.69362,0
2.42072,-0.15569,0
3.40674,0.13987,0
-0.47588,-0.59685,0
3.48116,-1.09653,0
-0.03561,0.42505,0
2.87886,0.55656,0
2.9221,-0.45976,0
0.62304,0.24324,0
1.47159,-0.29272,0
2.5948,1.19668,0
1.87239,-0.69506,0
2.56741,-0.29988,0
2.60156,-1.13394,0
0.6519,0.1974,0
-0.11516,-0.24429,0
3.28074,0.9186,0
1.67185,-0.53805,0
2.93722,-0.69882,0
1.34166,-0.6097,0
3.29715,0.09939,0
0.57611,1.20675,0
0.45245,0.31679,0
2.82809,1.06127,0
2.12464,-1.09181,0
0.45321,1.14826,0
2.6923,-0.91193,0
1.51366,0.37828,0
0.37098,-0.16215,0
0.03126,0.04626,0
2.85796,-0.11657,0
3.08193,1.16149,0
2.4509,-0.42494,0
2.27464,0.65109,0
3.12131,1.08928,0
2.58633,-0.81691,0
1.06997,-0.98224,0
0.88546,-0.50448,0
1.76368,0.31392,0
1.01275,0.87509,0
2.8847,-0.85445,0
1.42456,-0.75638,0
1.4515,-0.94746,0
0.36427,0.17174,0
1.84641,1.02538,0
0.29425,-0.38229,0
0.29949,0.09788,0
1.92933,0.29246,0
-0.33486,0.35466,0
-0.33918,-0.27796,0
1.67553,-0.29884,0
0.25024,0.52253,0
0.66402,0.98578,0
2.08036,-0.30543,0
2.5335,-0.26815,0
0.00811,-0.65703,0
2.38465,0.00104,0
2.55078,0.33007,0
2.52283,-0.2492,0
2.19991,-0.7276,0
2.58198,1.17777,0
2.62528,0.37237,0
3.33648,-0.41514,0
1.93889,-1.04575,0
0.99655,1.23087,0
0.94771,-0.67471,0
3.03373,1.2368,0
1.38234,0.63236,0
0.00795,1.04455,0
0.74474,-0.1494,0
0.08929,0.88415,0
2.58271,0.20526,0
2.38774,0.90401,0
1.56999,0.82252,0
0.79471,-1.10674,0
3.20938,-0.38103,0
0.9342,-0.23325,0
2.26793,-0.32047,0
3.13846,-0.69608,0
0.36306,-0.70809,0
0.24099,0.32531,0
-0.07306,-0.98122,0
2.51528,0.7495,0
2.99676,-0.94179,0
1.63335,1.09435,0
0.43438,-0.54912,0
1.70732,-1.02286,0
3.2813,1.21486,0
-0.04482,0.52318,0
0.99097,-1.18345,0
1.90557,-0.57611,0
2.80518,0.70037,0
0.6873,-0.29152,0
2.27014,-1.21928,0
1.98582,0.02636,0
2.01916,-0.60365,0
2.49734,0.85588,0
0.04364,-1.15369,0
1.38411,0.77292,0
1.90737,-0.74262,0
0.22156,1.09376,0
3.07653,0.6699,0
0.05332,0.74483,0
2.56142,-0.70821,0
0.21745,0.49537,0
0.85717,0.08152,0
0.81769,0.31181,0
0.38079,0.71914,0
3.44625,-0.66715,0
1.20524,0.17757,0
3.31911,0.32116,0
0.75957,0.56868,0
2.62479,0.71148,0
1.29494,-1.00325,0
2.45271,0.61207,0
-0.27623,-0.009,0
2.87214,-0.57146,0
1.42817,1.21858,0
2.44846,0.70989,0
1.29402,-0.90918,0
0.89318,1.22813,0
0.13121,0.2329,0
0.81968,-0.42958,0
0.11332,0.05205,0
1.01647,-0.69898,0
0.9577,-0.20516,0
0.80695,-0.69085,0
2.84667,-1.07946,0
0.1945,-0.15834,0
3.40398,-0.55116,0
2.8027,0.1104,0
0.71612,1.19799,0
1.80192,-1.00509,0
3.48937,0.81906,0
0.30302,0.64639,0
0.96848,0.81282,0
0.38804,-0.66546,0
0.76807,-0.80806,0
-0.36197,0.02541,0
0.24108,0.66975,0
1.71422,0.96413,0
-0.02407,-0.42497,0
2.90968,1.17774,0
1.15354,0.74701,0
0.00628,0.18333,0
2.8261,0.99804,0
1.19571,1.08377,0
1.04984,-0.39409,0
1.11809,-0.4862,0
2.1469,-1.04559,0
3.17074,-0.30933,0
0.34135,0.49667,0
0.50754,0.88732,0
2.65579,0.42449,0
0.46973,0.82515,0
3.1836,-0.8489,0
2.66906,-1.16525,0
0.73084,-0.11675,0
1.54314,-0.27247,0
1.61028,0.27071,0
0.36236,-1.03543,0
1.67367,0.20195,0
0.10118,-1.17548,0
-0.17343,0.22939,0
0.07756,-0.62561,0
0.52298,1.10624,0
-0.36495,0.44979,0
-0.38737,1.20164,0
0.05966,0.85449,0
0.63628,-0.92731,0
1.3941,0.65335,0
0.02962,0.48621,0
2.43519,-0.4838,0
2.79658,0.48851,0
1.21674,0.84367,0
0.95216,0.33273,0
0.05333,0.96875,0
1.97713,0.56386,0
1.99276,0.433,0
0.02831,-0.29731,0
2.03457,-0.87552,0
1.31638,0.90661,0
2.71361,-0.61008,0
3.24176,1.1498,0
-0.4156,0.49662,0
0.957,-0.68293,0
0.09417,-1.00223,0
2.38028,0.10453,0
-0.30466,0.68809,0
1.37599,0.55799,0
0.29997,1.07288,0
1.26913,-0.68307,0
1.74709,0.16554,0
2.29339,-0.87076,0
-0.19571,-1.11174,0
3.28628,-0.77774,0
2.08223,0.23078,0
0.29766,0.76869,0
1.66622,-1.21064,0
-0.00338,-1.06272,0
3.15917,0.15486,0
1.99127,0.97405,0
2.95636,-0.03443,0
2.00945,-1.15434,0
1.72526,-0.67449,0
2.81124,-1.14318,0
3.33691,-0.15043,0
2.02278,0.25172,0
3.4404,0.60908,0
0.46458,-0.26209,0
2.65207,0.10043,0
1.6802,-0.9856,0
-0.09425,0.79018,0
1.5301,-0.09056,0
-0.09333,1.247,0
-0.02886,0.24831,0
1.31162,0.81397,0
1.22068,0.39965,0
3.23699,1.03648,0
0.80114,-0.80941,0
0.89045,-0.0029,0
1.39622,0.39396,0
0.36086,0.84108,0
0.86219,0.04321,0
3.47781,0.01589,0
0.21972,-0.04021,0
2.59694,0.451,0
3.20902,-0.31531,0
1.14647,-0.15553,0
0.75587,-1.09611,0
2.13293,0.87328,0
2.86337,0.52011,0
1.73565,0.04836,0
1.0116,-0.91842,0
2.21295,0.96845,0
-0.08635,0.23019,0
0.28025,0.91516,0
2.35294,-0.35675,0
0.8599,-1.06496,0
1.76629,0.39189,0
0.30242,-0.59631,0
2.74168,0.33186,0
1.13157,-0.69626,0
2.83185,-1.07762,0
0.73663,0.80069,0
1.68467,-0.73993,0
1.497,-1.18268,0
2.3306,1.16936,0
2.67571,-1.06622,0
1.9052,0.46249,0
0.95037,-0.56646,0
3.47887,-0.61003,0
3.26613,0.85093,0
0.28768,0.96394,0
1.66196,-1.01708,0
2.21807,0.17247,0
0.73086,-0.82258,0
1.56864,-1.04993,0
-0.31382,1.23658,0
-0.30373,-0.6673,0
0.17953,-0.64253,0
1.74669,-0.37747,0
1.35977,-0.88823,0
1.29055,1.09646,0
2.32107,0.57266,0
1.83682,1.1972,0
3.38234,0.49399,0
0.59551,0.88379,0
1.19956,-0.40241,0
1.25408,0.63037,0
3.36006,-0.35511,0
1.61038,-0.62733,0
-0.04739,-0.81071,0
2.08269,0.89405,0
-0.2565,-0.33368,0
-0.06283,0.07889,0
2.64309,-0.66244,0
0.94373,0.18192,0
1.64617,-0.19579,0
-0.49362,1.08544,0
0.21726,-0.59773,0
1.60003,-1.07169,0
-0.14977,-0.05657,0
3.08902,-0.6438,0
-0.25068,-1.1398,0
0.57752,-0.88752,0
0.97523,1.19015,0
1.34535,0.25496,0
3.18674,-1.09505,0
2.27941,-0.3709,0
1.48372,0.45951,0
-0.20224,-0.17177,0
0.68864,0.83498,0
-0.29928,-0.55776,0
-0.24159,-0.68869,0
1.14503,0.88408,0
0.88451,-0.90227,0
-0.15386,0.91914,0
1.23092,1.14476,0
1.91091,0.85811,0
2.42824,-0.47825,0
2.50662,-1.20004,0
3.11285,-0.92302,0
0.84881,0.45552,0
2.44178,0.51143,0
0.65614,0.40804,0
-0.37528,-0.8142,0
0.24599,-0.22232,0
0.15539,0.7281,0
2.26653,-0.02888,0
1.24736,0.80831,0
0.81913,-0.31704,0
1.45316,0.60704,0
0.70129,0.53842,0
-0.16246,-0.14437,0
3.37853,-0.67078,0
1.41438,0.20766,0
-0.18059,0.75595,0
1.74246,-1.01424,0
1.51045,0.2023,0
3.22629,-0.4228,0
1.87912,-1.07583,0
1.65516,-0.08289,0
1.0996,-1.24432,0
1.57985,0.11555,0
3.23514,1.0356,0
0.46949,0.63341,0
1.83286,0.16934,0
-0.30442,1.16837,0
1.68439,0.40089,0
-0.07417,-1.05466,0
3.29838,0.46098,0
-0.22623,-1.176,0
-0.06207,0.09106,0
-0.45366,-0.3875,0
2.68533,-0.19512,0
-0.16844,0.3379,0
-0.19424,0.2864,0
2.12644,-0.5063,0
3.13874,0.66929,0
3.40619,-0.71123,0
2.21193,0.69418,0
2.02039,0.63227,0
2.47001,0.76889,0
3.45478,0.45797,0
2.02878,-0.80422,0
0.24478,-0.62245,0
-0.42587,-0.82528,0
-0.49691,0.90418,0
0.23825,0.05437,0
0.57939,-0.69278,0
2.85868,-1.09354,0
1.99838,0.26493,0
0.04907,1.05589,0
0.63365,-1.10393,0
3.35769,-0.55035,0
0.94686,-1.15386,0
0.87586,-0.51027,0
0.83527,1.2176,0
2.51832,0.29312,0
0.15748,0.29598,0
1.27549,-0.5603,0
2.88035,-0.51188,0
0.25064,0.52511,0
1.03493,0.48281,0
3.10018,-0.10013,0
3.00122,0.31479,0
-0.28781,-1.01621,0
2.74283,0.2844,0
3.27285,1.21192,0
1.72146,-0.64287,0
-0.48963,-0.0634,0
-0.13634,-0.2523,0
-0.01206,0.57495,0
2.59628,0.05239,0
2.77571,0.22664,0
0.02095,1.21385,0
-0.14567,-0.62213,0
3.17644,0.81447,0
3.12825,-0.98059,0
0.69536,-0.1622,0
0.98628,0.29426,0
0.45574,-0.33728,0
2.65156,-0.83097,0
-0.34275,0.88905,0
0.56802,0.28521,0
1.614,0.87359,0
0.923,-1.02634,0
3.457,0.98059,0
2.73574,-0.48818,0
0.8017,-0.70259,0
1.0149,1.10475,0
2.65267,0.34982,0
1.81284,-1.14975,0
3.4965,0.19195,0
1.14528,0.99889,0
1.15759,0.22739,0
2.90465,-0.23572,0
2.16289,-0.60592,0
0.46411,0.18311,0
2.33281,1.19373,0
2.10636,0.73435,0
2.86699,-0.6935,0
-0.2001,0.33205,0
1.09383,0.01591,0
3.28128,0.13248,0
-0.43036,0.81074,0
2.32076,-0.49008,0
-0.28113,0.98933,0
1.56366,0.66799,0
2.97872,-1.15318,0
3.17904,1.2202,0
2.7038,-1.14555,0
1.98245,0.9913,0
0.06574,-0.56466,0
0.0586,-1.04862,0
-0.29536,0.65725,0
2.04123,0.86008,0
1.52418,-0.16884,0
1.96839,-0.09198,0
1.24909,-0.21412,0
2.07607,1.03129,0
1.45304,-0.62062,0
0.24888,1.09894,0
3.24632,0.7026,0
-0.06195,-0.99406,0
0.54632,1.08427,0
3.36238,0.779,0
0.99437,-1.13818,0
1.99219,0.44924,0
-0.28358,1.21854,0
0.2406,0.41275,0
2.6488,0.99695,0
2.45642,-0.55976,0
3.32667,-0.4521,0
2.76884,-0.43554,0
0.12495,0.95435,0
2.50977,1.14192,0
1.6826,1.20118,0
0.18159,0.08983,0
2.7386,-0.00447,0
2.39219,-0.24171,0
0.04519,1.18428,0
2.3174,0.57644,0
1.26285,0.03839,0
-0.01512,-0.95133,0
3.10702,1.15171,0
2.69919,-0.42456,0
-0.05393,1.05783,0
2.66317,-0.23006,0
0.88809,-0.02412,0
0.8597,0.74673,0
1.99813,-0.88734,0
2.03324,1.08945,0
0.33815,0.27086,0
1.70178,-1.11515,0
3.2768,0.82614,0
1.57254,0.83938,0
1.97756,-1.17171,0
2.02966,-1.24651,0
2.43635,1.04027,0
2.54313,-0.88649,0
3.00947,-0.54747,0
0.95735,0.19383,0
0.60897,-1.15235,0
-0.42444,-0.77502,0
2.70639,0.12628,0
2.24603,-0.2058,0
2.52965,-0.99905,0
2.51295,-0.67685,0
0.16087,1.08599,0
0.62801,1.12697,0
2.07352,0.17066,0
0.80585,0.0282,0
3.15255,-0.4174,0
1.62678,0.69248,0
1.75719,-0.18582,0
1.13613,0.28225,0
2.87218,0.79384,0
1.88514,-1.20779,0
2.38306,-1.071,0
0.72519,-0.15665,0
-0.36814,-0.06025,0
2.34467,1.04953,0
-0.13941,-0.29373,0
1.07804,-0.0168,0
2.79179,-1.21304,0
0.57867,0.12021,0
2.13081,0.50628,0
0.36218,-0.66878,0
-0.11255,0.80603,0
1.33828,-0.76519,0
1.91825,1.2489,0
1.6055,0.00896,0
0.62297,0.07304,0
2.19991,-0.26113,0
3.32842,0.85764,0
-0.00172,0.92806,0
2.35119,0.53357,0
0.43762,0.97469,0
-0.11274,-1.05874,0
-0.16154,0.98668,0
2.58472,1.00885,0
-0.11086,0.60221,0
-0.21174,0.25279,0
0.31548,0.09057,0
2.23712,1.0714,0
-0.41575,0.44862,0
0.52555,0.97442,0
3.3565,1.06136,0
0.06685,-0.49322,0
3.00941,0.38402,0
3.3944,-0.40908,0
0.56262,-0.50086,0
2.8639,1.11331,0
-0.35099,0.04734,0
2.27637,0.45495,0
2.82524,-0.98534,0
1.96418,0.12518,0
0.79041,-0.46563,0
-0.43669,0.917,0
2.08748,-1.01036,0
0.9962,0.51778,0
1.51991,0.89495,0
1.60621,-0.13343,0
3.15209,0.963,0
1.85863,0.61558,0
0.21148,0.95844,0
2.83368,-1.20992,0
1.34283,-1.13188,0
3.26113,1.0106,0
2.163,-0.2952,0
1.57319,-0.79426,0
2.99468,-0.96741,0
0.4475,-0.80724,0
0.37491,0.69389,0
3.17893,-0.00158,0
2.6665,0.80936,0
2.17135,0.04531,0
1.27342,-0.62775,0
1.16186,1.20161,0
0.51339,0.64457,0
2.59244,1.17547,0
2.88969,-0.95607,0
2.94316,1.23996,0
1.05651,-0.0186,0
3.25153,-0.74093,0
1.38006,-0.21807,0
1.78085,-0.94488,0
0.56422,0.17785,0
1.44095,-1.06641,0
2.5278,-0.15674,0
1.09114,0.00809,0
2.19915,1.20711,0
-0.10973,-1.23908,0
1.25505,0.97172,0
2.48402,-0.31267,0
2.0214,-0.21351,0
1.21589,0.59272,0
2.79838,0.09756,0
0.55452,-0.14925,0
-0.41372,0.59303,0
2.38996,0.14733,0
0.86052,-1.07879,0
0.03868,-0.77284,0
3.09321,-1.12633,0
0.63065,-0.52563,0
2.86827,0.6283,0
1.9511,0.19769,0
2.3145,-0.5437,0
2.69539,-0.08127,0
3.11848,-0.32536,0
3.19204,-0.42848,0
2.66165,1.00567,0
-0.04698,0.24735,0
3.4067,-0.45758,0
0.08288,0.60367,0
0.35124,-0.63399,0
1.75927,0.22025,0
-0.36911,-0.76362,0
3.05486,-0.86802,0
1.46234,-0.98031,0
1.36671,-0.97828,0
0.92049,0.22077,0
2.86977,-0.93423,0
0.85388,0.99976,0
1.07993,-0.63875,0
1.75623,-0.04893,0
0.28213,-0.44223,0
1.35708,0.19643,0
0.82833,-0.39274,0
0.16335,-1.18271,0
2.40193,0.28572,0
0.30524,-1.00434,0
0.8812,0.82582,0
2.56268,0.16114,0
0.94208,0.82884,0
2.80581,0.15505,0
0.89833,0.92727,0
2.39289,0.83494,0
0.59934,1.139,0
0.257,1.02349,0
1.5985,-0.60797,0
0.16404,1.04706,0
2.38658,0.92366,0
3.11044,0.10073,0
-0.08889,0.82306,0
0.40146,1.0142,0
0.86339,0.56315,0
-0.43936,-0.07597,0
-0.4715,0.64334,0
0.7666,0.25532,0
1.12722,-0.29354,0
0.18479,1.22593,0
2.8958,0.70309,0
1.59733,-0.44165,0
-0.34921,-0.07647,0
2.52498,0.80051,0
1.06401,-0.75291,0
1.78702,-1.03504,0
2.96437,-1.02369,0
2.00388,0.08955,0
2.83842,-0.91211,0
1.79913,0.90292,0
-0.07502,-0.83251,0
-0.21246,0.38448,0
2.08975,0.13679,0
2.33574,-0.63812,0
2.85128,-0.27732,0
1.98291,1.04573,0
0.78576,-0.55122,0
3.3573,-0.29457,0
0.42685,-0.79773,0
0.47175,-1.06204,0
1.6544,-1.17441,0
-0.12838,0.67943,0
1.03033,-0.99254,0
2.15485,-0.90621,0
0.02335,1.01461,0
1.31149,0.56444,0
1.53174,-0.38546,0
1.08345,1.01347,0
1.2284,0.39808,0
3.14364,-0.27009,0
1.81281,-0.33604,0
-0.16703,-0.49896,0
-0.37412,-0.4415,0
0.65498,-0.99653,0
0.23427,-1.01117,0
1.05607,0.9842,0
1.86496,-0.26898,0
2.09076,1.22386,0
1.45645,0.63939,0
-0.37037,0.28624,0
3.06941,-0.11694,0
0.44128,-0.69326,0
0.66562,-0.40037,0
3.42974,1.14437,0
1.28209,-0.22832,0
0.09829,0.95706,0
3.37369,0.98309,0
0.97221,-0.9394,0
0.94451,0.37312,0
-0.15669,-0.53719,0
0.13702,-0.38799,0
1.86093,-1.16535,0
0.54963,-0.1739,0
1.97255,0.87087,0
1.55753,-0.05607,0
-0.44323,0.51159,0
2.38158,1.02124,0
0.21864,0.48262,0
2.7281,1.09963,0
0.45538,0.78752,0
2.70095,-0.60045,0
2.65765,-0.34266,0
-0.39008,0.09007,0
0.68127,0.77073,0
1.18485,-0.26132,0
1.85389,-1.05029,0
1.81535,1.21106,0
2.05159,-0.24776,0
1.16141,-0.00609,0
1.00605,0.72593,0
2.51208,-0.53789,0
1.85541,0.78336,0
2.38034,1.20785,0
1.06339,-0.21342,0
-0.08837,0.81133,0
-0.13046,-0.47262,0
1.64411,-0.99143,0
2.95263,0.55433,0
2.90306,0.23413,0
1.43092,0.47331,0
2.86217,-0.59121,0
0.04162,0.31266,0
1.24692,0.98859,0
-0.16986,-0.51821,0
2.11194,0.86672,0
1.32999,0.80742,0
3.23717,0.4105,0
2.85994,-1.10071,0
1.85708,-0.89481,0
-0.4503,-0.48892,0
3.30252,0.76033,0
0.66236,0.09622,0
2.25944,1.08961,0
2.76414,0.31447,0
0.79386,-0.66776,0
2.97512,-0.21114,0
0.71767,-0.81661,0
-0.39015,-0.62696,0
3.4175,0.07896,0
1.54782,0.59201,0
2.23514,-0.2257,0
0.67575,-0.74445,0
2.87711,-0.17236,0
2.84348,1.13191,0
0.05746,0.8464,0
1.81297,0.41188,0
1.32925,0.66146,0
-0.10913,-0.2442,0
-0.17977,-0.34625,0
-0.43043,-0.93427,0
0.24694,0.55524,0
2.73034,-0.97622,0
0.16046,0.07327,0
1.06648,-0.99117,0
1.58427,-0.80824,0
-3e-05,-0.662,0
2.38639,0.91347,0
3.20285,-0.38968,0
3.03228,-0.77761,0
-0.24992,0.12422,0
1.9347,0.11534,0
2.73274,-1.01288,0
1.31715,0.9318,0
2.09928,0.67788,0
3.38461,-0.32643,0
1.74661,-0.40439,0
3.2479,0.73351,0
0.43461,-0.05343,0
1.82189,0.56611,0
1.99237,-0.70708,0
2.83231,-0.219,0
3.17827,0.67106,0
1.84977,-1.21028,0
-0.34944,-0.56483,0
1.57637,0.91503,0
1.47737,-0.08835,0
0.98048,-0.8693,0
0.34416,-0.00697,0
0.77704,-0.11671,0
-0.30739,0.46769,0
0.56194,0.17032,0
0.97599,0.41911,0
0.16388,1.17635,0
1.86113,-0.89363,0
-0.17267,0.46268,0
2.00169,-0.50174,0
2.81013,-0.56167,0
1.68684,0.12435,0
0.77984,0.64755,0
-0.15213,-0.27081,0
2.25376,-0.69487,0
1.02019,0.41219,0
1.19367,0.71513,0
0.22076,-0.9979,0
2.49926,-0.10466,0
1.04118,-0.88007,0
0.89297,-1.14891,0
2.71602,0.29953,0
1.55439,1.10295,0
2.75269,-0.27877,0
-0.41838,-0.87529,0
1.27296,0.3632,0
0.91581,0.63595,0
2.4806,-0.80373,0
1.99963,-0.26772,0
1.25709,-0.88651,0
-0.00257,-0.3814,0
2.38119,-0.48685,0
1.08301,-0.07185,0
2.62511,0.1875,0
-0.14947,0.06574,0
1.65569,1.02667,0
1.75919,0.43306,0
3.27775,0.88416,0
1.72284,0.13706,0
2.89778,0.78812,0
1.64132,0.55369,0
0.00787,1.18543,0
1.28125,-0.89744,0
2.25055,-0.39203,0
1.29917,0.78235,0
-0.28241,0.51174,0
0.58784,1.02335,0
0.6726,-0.5251,0
2.66387,-1.02148,0
1.08092,0.44321,0
1.64611,-0.82053,0
-0.25769,-0.49252,0
-0.33535,-0.84916,0
1.34462,0.77589,0
1.77034,0.31331,0
1.99758,-0.31827,0
3.20911,0.60593,0
1.85856,0.6604,0
2.25153,0.18211,0
1.20047,-0.29522,0
1.84634,-1.03691,0
1.24074,0.4256,0
2.83291,-1.09734,0
3.32643,0.89157,0
1.1617,-0.89055,0
0.99146,0.09611,0
0.91378,0.81865,0
0.74713,-0.72713,0
1.68441,-0.57689,0
-0.32299,0.69914,0
-0.32151,-0.43174,0
1.85999,-0.54583,0
2.31996,0.77568,0
0.5006,-0.98284,0
2.97608,0.47709,0
0.37505,0.22218,0
0.45462,-1.14446,0
3.0596,-0.83653,0
1.78825,0.93874,0
2.18267,1.06456,0
-0.4986,0.6698,0
1.89679,-0.21177,0
3.40063,-0.23664,0
0.56286,1.14894,0
2.6291,-1.21771,0
0.90898,0.36581,0
0.33664,-1.00534,0
3.05236,-0.49383,0
1.9379,-0.91958,0
1.09256,-0.15279,0
-0.36553,1.056,0
1.81651,0.54882,0
2.45102,-1.16661,0
3.11163,1.15318,0
1.0556,-0.40264,0
0.88505,-0.81845,0
3.00525,-0.13997,0
-0.10858,-1.15698,0
-0.30896,0.48579,0
0.53705,1.07267,0
-0.05021,0.82219,0
2.85996,-0.62063,0
1.65414,-1.09134,0
0.40495,0.19382,0
1.48759,0.79931,0
3.06031,1.11756,0
0.35212,0.89675,0
3.3446,-0.12152,0
1.57407,0.55881,0
0.20201,-0.18897,0
3.11491,-0.16677,0
1.54213,-0.66531,0
3.03362,-0.27298,0
2.1737,1.17328,0
1.04391,1.15712,0
-0.41508,-0.61153,0
3.24271,-0.46401,0
-0.32164,-0.36505,0
1.83903,-0.30802,0
3.0726,0.83337,0
1.80763,0.42694,0
0.95453,-0.92699,0
0.68243,0.97145,0
2.36423,-0.09432,0
0.7701,0.03924,0
1.01378,-1.10536,0
1.41794,-0.94411,0
1.80649,0.15295,0
1.41429,0.63862,0
-0.47767,-1.07915,0
2.95856,0.26728,0
3.01776,0.16823,0
1.18876,0.67992,0
1.39199,-1.21491,0
0.60453,-1.06058,0
1.67483,1.11847,0
2.14013,1.22574,0
3.22457,-0.80798,0
1.41136,-0.59396,0
0.94275,-0.61823,0
2.90635,1.07179,0
3.0676,0.16792,0
2.62853,-0.40935,0
-0.05646,-0.73369,0
2.43081,-0.73984,0
0.67162,0.36888,0
0.91451,-0.99771,0
3.25598,-0.54461,0
2.56792,-1.16355,0
3.03869,-0.83768,0
1.32846,1.22531,0
2.62617,-1.04821,0
0.32187,0.27137,0
1.78993,0.30283,0
2.44249,0.21171,0
1.17915,0.27994,0
1.30411,-0.16648,0
0.52159,0.40754,0
3.45949,0.76344,0
-0.18419,-1.07325,0
0.12501,0.77293,0
3.29996,1.05766,0
1.22148,0.80322,0
2.55081,1.19432,0
-0.27496,0.94873,0
2.33366,-0.21423,0
0.30374,-0.95831,0
3.24229,-0.56188,0
1.73321,-1.02414,0
2.90598,0.22817,0
0.36389,-0.13616,0
1.92838,0.62323,0
2.66145,-1.24228,0
1.99656,1.13412,0
0.17199,-0.08638,0
1.66271,0.11346,0
3.10192,-0.02592,0
2.9238,0.60593,0
2.70329,-1.14069,0
1.12485,-0.04759,0
0.74372,0.70826,0
3.10392,0.32867,0
3.0539,-0.17933,0
-0.36905,1.18969,0
0.75745,-0.66362,0
-0.00145,0.90153,0
0.1111,-0.19767,0
0.35828,-0.6505,0
1.37688,1.05819,0
0.22555,-0.31064,0
0.67294,1.15518,0
2.77755,-0.12826,0
1.4095,0.3823,0
2.87109,-0.55636,0
2.28518,0.21952,0
-0.4871,-0.33375,0
0.87421,1.00198,0
-0.12766,-0.99602,0
1.01465,-0.44257,0
2.25527,0.19163,0
3.27676,-0.03893,0
-0.07731,1.19728,0
0.57237,0.4699,0
-0.43381,-0.09202,0
3.20379,0.43072,0
2.93539,1.15778,0
-0.01648,-0.55723,0
0.74681,1.19738,0
0.60666,0.15844,0
1.6111,-0.84768,0
3.38037,-0.07536,0
0.73391,0.99215,0
0.32517,-0.94745,0
3.09586,0.35639,0
2.45035,0.85399,0
0.47525,-0.82618,0
2.76592,-0.17421,0
0.27952,0.65561,0
3.40887,-1.02998,0
1.17395,0.72886,0
0.57336,-0.63537,0
1.04362,-1.04815,0
0.80299,-0.83942,0
1.54904,-1.07335,0
3.03629,0.55547,0
-0.38705,0.91573,0
3.26933,0.84319,0
-0.22019,1.10301,0
2.16277,-0.88561,0
1.22566,0.49881,0
1.67209,-0.79714,0
2.80544,-1.21151,0
2.88643,-0.31766,0
2.69547,-0.36922,0
3.16763,1.12076,0
1.40735,1.03473,0
3.4064,0.9239,0
2.29435,0.64378,0
-0.16479,-1.01087,0
2.16298,-0.34011,0
-0.25017,-0.60878,0
2.51067,0.27925,0
-0.06402,-0.3682,0
2.35015,0.91691,0
1.93393,0.08368,0
0.18568,-0.30593,0
0.38523,-0.65137,0
2.41052,-0.60288,0
0.17969,0.52306,0
0.21154,-1.19649,0
0.4066,-1.08072,0
2.48997,0.34773,0
1.04942,1.10259,0
1.08038,0.74406,0
0.52823,0.06851,0
1.8143,1.01818,0
0.57351,0.70756,0
0.60212,0.89829,0
1.01117,-0.42509,0
2.04112,-0.16907,0
3.3734,0.48779,0
0.64765,0.04587,0
0.83757,0.05221,0
-0.40553,-0.78947,0
2.17,-0.95332,0
1.22043,-0.77819,0
0.12464,1.01378,0
1.21025,-0.24286,0
2.81477,-0.29104,0
2.10459,-1.07638,0
2.14982,-0.96596,0
-0.11506,-0.27495,0
3.21465,1.09768,0
-0.15761,1.03442,0
0.2626,-0.04873,0
1.53857,-0.53023,0
2.51601,-0.80632,0
2.96224,-1.23739,0
-0.48672,-0.12729,0
0.70793,-0.86049,0
0.25401,0.82263,0
0.32286,-0.67775,0
-0.27299,-0.25427,0
-0.19107,0.37554,0
0.6039,0.39587,0
2.40169,0.31077,0
1.23963,-0.71612,0
-0.49906,-0.17759,0
1.61684,1.20463,0
0.53464,-0.17638,0
1.11142,-0.4943,0
3.00462,0.7618,0
1.03398,-0.50822,0
2.3325,1.24269,0
2.27268,-0.01386,0
-0.33823,-0.30843,0
0.09354,-0.86598,0
2.01463,-0.70873,0
0.41967,-0.58244,0
3.14652,0.18213,0
1.0055,-1.06308,0
2.63958,0.956,0
1.25806,-0.94856,0
2.61116,-0.78955,0
2.6622,0.9464,0
1.6438,-0.02193,0
1.21114,1.14301,0
1.45657,0.12302,0
3.43356,0.05224,0
1.27656,1.10038,0
-0.42244,0.62196,0
1.51729,-1.09452,0
-0.06165,0.44441,0
0.2109,-1.15497,0
2.97142,1.12619,0
0.33443,-0.41349,0
0.77819,-0.0754,0
1.29164,-0.8051,0
0.15777,-1.02898,0
3.30635,-1.09842,0
2.87523,-0.95684,0
0.74014,0.40101,0
-0.11605,-0.47898,0
1.32569,-0.90808,0
2.65626,0.58718,0
-0.09174,0.0305,0
2.00182,0.2214,0
1.13419,0.18671,0
3.0264,-1.20316,0
2.88917,0.54247,0
1.56928,-0.12382,0
3.45753,-0.61241,0
0.73392,-1.02039,0
0.67408,-0.5565,0
-0.29322,0.39393,0
-0.11846,-0.7343,0
0.71967,-1.21737,0
-0.47498,-0.25041,0
2.98334,1.07189,0
1.36666,0.30971,0
3.36048,0.46834,0
1.49843,-0.52147,0
2.81308,0.49036,0
0.44616,0.40419,0
2.16013,0.59011,0
3.03544,-0.98891,0
0.67848,-0.4824,0
-0.0159,-0.5993,0
3.38768,-0.32955,0
0.45856,0.08228,0
0.91992,-0.47294,0
2.91356,-0.70962,0
-0.04713,-0.29567,0
2.03869,0.47318,0
1.85229,-1.04398,0
1.64295,0.59586,0
0.79163,0.60026,0
0.55963,0.2567,0
2.97967,1.01797,0
-0.45631,0.15333,0
1.67319,-0.05877,0
2.90154,0.88561,0
1.16439,-0.37134,0
2.74708,-0.64512,0
2.82933,-1.14727,0
1.1357,1.04211,0
-0.22244,-0.22305,0
1.63129,-0.78391,0
1.74935,-0.13507,0
1.98034,-1.08583,0
-0.25056,-0.36645,0
-0.26119,-0.53608,0
3.43669,0.95382,0
3.06962,1.14548,0
1.83682,0.40533,0
3.30677,-0.40452,0
1.06968,0.59783,0
-0.43603,0.67272,0
2.79727,0.72959,0
3.01686,-0.33393,0
-0.38254,-0.4064,0
-0.46035,0.28093,0
2.21593,0.34031,0
0.96961,0.6047,0
0.58601,0.95602,0
1.43475,0.17934,0
2.76036,-0.73195,0
2.89222,1.09301,0
2.46841,-0.29476,0
2.03262,-0.26287,0
1.78759,0.01042,0
2.08783,0.51877,0
2.88362,0.61223,0
1.59124,-0.11788,0
3.08202,0.34265,0
0.06674,-1.09002,0
2.40514,-0.07021,0
1.76394,-0.04389,0
2.31883,-0.47942,0
2.86002,-0.13243,0
1.60255,0.54534,0
2.11436,0.85337,0
3.25589,-0.15172,0
2.26112,0.36508,0
1.16285,0.81381,0
1.40343,0.58255,0
1.64423,-1.01789,0
1.83683,-1.09607,0
0.21335,-0.70703,0
0.01014,0.04106,0
1.57985,-1.04832,0
3.38158,0.76629,0
3.25772,-0.74149,0
0.86597,0.2394,0
0.43738,0.44447,0
1.35946,-0.32851,0
2.55434,0.77354,0
0.79931,-0.2545,0
2.77149,1.18798,0
1.11738,0.22029,0
-0.34949,-0.47865,0
-0.26795,0.7699,0
3.41825,0.9166,0
3.36453,-0.38249,0
0.30373,0.94261,0
2.9195,0.2379,0
1.74452,0.11148,0
1.29669,1.16257,0
1.60503,-0.83272,0
0.45276,-0.26057,0
1.26295,-0.29612,0
3.44169,1.18825,0
1.00131,0.13746,0
-0.25494,-0.94528,0
1.65458,0.00386,0
2.8278,0.83147,0
2.21963,0.46417,0
1.73639,0.04454,0
3.42329,0.33601,0
2.26062,-0.5996,0
-0.10294,-1.07861,0
1.2434,1.00165,0
-0.47332,0.60361,0
2.56509,-0.62931,0
2.82681,-0.27696,0
-0.02995,0.55864,0
1.88759,0.23726,0
1.63266,-0.5079,0
1.50609,0.72493,0
-0.308,-0.10384,0
0.24515,0.18808,0
1.57124,-0.08983,0
1.56249,-0.34685,0
2.16958,1.08824,0
0.80569,0.87668,0
-0.43703,0.957,0
1.8392,-1.14268,0
1.47013,-0.02071,0
2.90436,-0.64482,0
0.18605,-0.44575,0
-0.18567,-0.0325,0
2.11954,0.66974,0
0.30395,1.03683,0
2.00306,-0.71728,0
0.28213,-0.48151,0
0.18199,-0.37469,0
1.3387,-0.96367,0
-0.26541,-0.19669,0
-0.12637,0.40018,0
1.34591,0.40291,0
0.71164,0.03633,0
3.44924,-0.86912,0
1.03293,1.24731,0
0.74504,0.04663,0
2.29044,0.25264,0
-0.31669,-1.14306,0
2.45878,1.00497,0
1.85113,0.14084,0
0.89737,0.07052,0
0.75949,-1.10465,0
3.37443,-0.22099,0
0.40548,0.89726,0
1.20711,0.28506,0
1.01391,0.47143,0
1.86598,0.99354,0
-0.05053,-0.05727,0
-0.20944,0.58833,0
-0.4234,-1.14141,0
3.08661,-0.74298,0
2.23306,0.94882,0
1.8401,-0.46286,0
3.11,-0.22989,0
0.82169,-0.54071,0
2.95787,0.54602,0
0.97586,-0.75511,0
1.32583,-0.16341,0
1.88138,0.44903,0
2.65437,-0.55785,0
-0.35404,0.48449,0
2.54001,0.44321,0
1.58861,-0.82406,0
1.71746,0.56479,0
-0.00076,-0.07985,0
0.23005,-0.89399,0
-0.27395,0.994,0
0.89408,-0.29571,0
1.14558,0.33449,0
1.33884,-1.03044,0
-0.11057,0.78427,0
2.44653,0.34179,0
2.25054,-0.48734,0
1.2762,0.44731,0
0.28448,-0.89398,0
0.82376,-0.2442,0
3.33582,0.8257,0
0.28704,-0.42014,0
0.11473,0.60671,0
3.24724,1.22438,0
1.81752,-0.60995,0
0.86566,0.94843,0
3.38478,0.93303,0
0.98027,-0.99096,0
1.76735,0.89082,0
2.74969,-0.15317,0
1.18251,1.16682,0
1.18696,0.80493,0
3.08574,-0.57046,0
2.10413,0.27916,0
1.95661,-0.69877,0
2.13883,-0.89291,0
1.00918,0.33957,0
2.86561,-0.8863,0
0.67506,0.52348,0
1.88299,0.24076,0
3.23338,-0.64296,0
1.98928,0.4338,0
0.4122,-0.14555,0
0.18356,1.12696,0
2.67,0.53699,0
-0.00932,-0.98938,0
2.07198,0.60988,0
0.67272,-0.09477,0
1.23342,1.05151,0
0.08638,0.2083,0
1.26677,1.14265,0
-0.16806,-1.17731,0
2.52908,-1.02963,0
-0.23448,1.24128,0
0.10095,-0.54553,0
2.94544,-0.48109,0
2.77217,0.76051,0
0.24342,-0.96738,0
3.382,0.656,0
0.89265,1.24356,0
3.25964,-0.43036,0
0.43108,0.09768,0
2.87548,-0.70674,0
1.31152,-1.13273,0
2.72293,0.44,0
2.03573,-0.97499,0
-0.33883,0.48989,0
2.55011,-0.80384,0
2.36669,-0.96286,0
2.26436,-0.94473,0
1.74091,0.02368,0
2.0525,0.84391,0
2.58189,-0.92285,0
-0.17968,1.04542,0
2.69626,0.99882,0
1.50687,-0.11321,0
0.9606,-0.89985,0
0.16425,-1.13631,0
1.92741,1.1994,0
-0.42136,0.17654,0
3.12427,-1.18807,0
1.8708,0.73324,0
1.67788,0.3915,0
2.88396,-0.80471,0
2.74486,-0.02859,0
1.79249,-0.20315,0
0.65662,-0.12631,0
1.22381,-0.57812,0
0.80325,0.1035,0
1.39338,0.88259,0
3.31195,1.14113,0
0.33376,1.18757,0
1.49115,0.53796,0
0.4147,-0.04995,0
2.38703,-0.94869,0
2.35022,-0.47034,0
2.86921,-0.56832,0
1.66719,0.1118,0
3.33095,0.49572,0
2.62822,-0.52254,0
1.32902,-1.10682,0
2.55986,-0.81636,0
1.25537,-1.00149,0
2.76824,1.05629,0
-0.307,-0.82272,0
2.78462,-0.89953,0
0.43681,-0.69457,0
2.9678,1.08948,0
0.88758,-0.62751,0
1.00393,-0.39865,0
3.28427,-0.65709,0
0.00915,-0.88732,0
0.77999,-0.91331,0
-0.49334,-0.6709,0
3.06676,-0.46408,0
0.91104,-0.00354,0
3.39691,-1.24679,0
1.89496,1.12733,0
0.27094,-0.32188,0
0.31525,-0.0575,0
2.38812,0.02631,0
1.46851,0.21658,0
1.11226,-0.30215,0
1.25889,-0.20065,0
2.39171,-0.44154,0
0.9636,1.08375,0
1.62724,0.58173,0
1.57304,0.91863,0
1.87636,-0.2694,0
2.87607,-0.64602,0
0.17732,1.14885,0
1.19433,0.53369,0
2.7248,1.03767,0
3.07442,-1.18756,0
0.12213,0.93797,0
1.72022,-0.60391,0
0.63094,0.41235,0
1.63145,-0.75531,0
2.6192,0.51661,0
1.49066,-0.87327,0
1.34252,1.16543,0
2.29415,0.03583,0
0.70899,-0.74083,0
3.14943,-0.73942,0
2.84663,1.06537,0
2.49712,-0.30416,0
0.58365,-0.25361,0
2.851,0.6216,0
1.5624,0.89921,0
3.0496,0.83943,0
-0.23412,1.07,0
1.79324,0.62608,0
0.57617,0.85703,0
2.29491,-0.85581,0
1.15344,-0.60991,0
1.81489,-0.96438,0
0.48068,1.15308,0
1.73497,0.6094,0
2.18399,0.20866,0
2.72617,-0.07784,0
2.76974,0.41831,0
1.1266,-0.58543,0
0.76357,-0.12034,0
0.06909,0.50574,0
2.87015,0.69307,0
2.27595,0.00436,0
-0.40491,-0.90039,0
-0.10693,-0.41153,0
2.36747,0.99975,0
3.44062,0.16588,0
0.89769,-0.08579,0
2.40761,0.63095,0
0.04138,0.6114,0
2.54742,0.04363,0
1.96259,-0.98673,0
3.17516,0.64926,0
-0.06887,-0.42171,0
3.46313,0.00288,0
2.67377,0.88309,0
1.83636,-0.65515,0
0.9585,0.71635,0
0.16206,0.02312,0
0.41808,-0.32992,0
0.27406,1.1211,0
0.49074,0.18829,0
0.96468,-0.28112,0
0.93868,0.2257,0
1.48446,1.16553,0
1.96236,-1.03841,0
0.49583,-0.82748,0
0.14208,-0.21921,0
2.29522,-0.54751,0
0.66584,-0.58074,0
1.55939,1.0044,0
1.11291,-0.78114,0
0.96577,0.96313,0
1.82634,0.15466,0
-0.17904,0.16177,0
2.00076,1.08942,0
0.8672,0.77251,0
0.67769,1.14178,0
-0.0651,0.76756,0
0.40984,-1.07935,0
0.92192,0.02134,0
0.46264,0.92844,0
0.92886,0.75345,0
0.15857,1.01517,0
2.09032,0.54029,0
3.35402,-1.21663,0
2.25894,-0.10042,0
1.65339,-0.62414,0
-0.03269,-0.82737,0
3.45966,0.49726,0
-0.46949,1.14743,0
1.17898,-0.94473,0
0.13267,0.33894,0
1.33661,-0.66148,0
-0.10998,-0.14858,0
1.72093,0.64179,0
1.40137,-0.86163,0
2.61048,-0.93095,0
0.67224,0.62193,0
3.33444,-0.78431,0
2.60017,0.56244,0
2.63914,-1.22958,0
1.64171,0.53381,0
2.28197,-0.05836,0
2.81681,-0.39019,0
2.10133,0.64122,0
-0.04373,-0.91772,0
2.93527,0.19307,0
1.94819,0.92604,0
0.20149,0.33524,0
0.51928,-0.24344,0
0.60747,1.21695,0
2.40115,-1.04349,0
1.68369,0.69083,0
1.22225,-0.73942,0
0.68922,-1.16685,0
2.25055,0.95477,0
0.7961,1.10777,0
0.83845,1.05189,0
0.33463,0.40073,0
0.66759,0.12657,0
3.03022,0.76936,0
0.85874,-0.07794,0
2.98126,-1.07622,0
-0.4356,1.12371,0
1.19039,-0.58713,0
0.79739,-0.93346,0
1.40486,0.65616,0
2.70045,-0.49809,0
3.20952,-0.84261,0
2.19673,0.96437,0
0.45848,-1.15812,0
1.98149,-0.95207,0
1.31992,-0.27412,0
-0.0616,-0.2054,0
0.19336,-0.00392,0
2.93265,0.23402,0
3.25389,1.24785,0
2.22163,-0.97826,0
1.18365,0.23679,0
2.57086,0.85963,0
2.99911,-0.19803,0
3.0743,-0.47045,0
1.01149,1.1842,0
3.38002,0.41492,0
0.82314,0.35253,0
-0.15983,0.2327,0
2.43851,0.86023,0
2.72878,0.83061,0
-0.11983,0.7118,0
2.54637,0.77966,0
0.58539,0.3516,0
0.07702,-0.6162,0
2.2493,1.03877,0
1.73691,-0.72616,0
0.56173,-0.66247,0
2.9825,-1.09156,0
1.61109,-0.10513,0
0.62548,0.97728,0
0.63284,-0.78613,0
0.01828,-0.14607,0
-0.15699,0.47721,0
0.04212,-0.96402,0
-0.20774,-1.20177,0
0.43196,1.14339,0
3.12891,0.04926,0
1.8834,1.08858,0
2.62046,0.73587,0
0.3092,-0.56312,0
1.03223,-0.85239,0
1.56054,0.66338,0
0.46263,-1.12252,0
-0.47444,1.04892,0
0.05296,1.13268,0
-0.41134,1.13032,0
3.4331,-0.58306,0
0.06267,-0.46846,0
0.00198,0.68901,0
1.18896,-0.82823,0
1.9025,0.90519,0
2.74087,0.5581,0
1.40434,-0.46296,0
0.98975,-1.14678,0
0.65119,-0.1441,0
0.35216,0.9954,0
-0.31464,-1.13821,0
1.15519,-0.83204,0
2.60877,1.07648,0
1.384,-0.53514,0
2.82431,-1.19854,0
3.0803,0.92092,0
0.84954,1.04565,0
2.15356,0.81029,0
1.42717,-0.95201,0
1.96797,1.02741,0
3.27227,0.70498,0
1.87282,1.06523,0
1.89301,0.37216,0
1.12616,0.0765,0
0.17247,0.25956,0
0.57485,0.91718,0
-0.38421,1.14172,0
1.85512,0.30313,0
2.34241,0.88464,0
0.36914,0.31338,0
1.41853,0.69815,0
0.22122,-0.53863,0
3.27979,0.83223,0
1.31175,-0.52022,0
-0.14382,0.30053,0
-0.15088,1.04915,0
1.54628,0.56111,0
3.10432,0.27456,0
3.45809,0.09014,0
-0.14779,0.44884,0
3.17302,0.65199,0
3.40668,0.10302,0
1.29741,0.03051,0
0.9651,0.01889,0
0.14523,-0.93767,0
1.34785,-1.18329,0
0.77916,-1.04632,0
1.28404,-0.47066,0
1.45747,0.80688,0
-0.09454,-0.63684,0
0.75514,1.11049,0
2.26838,-0.96667,0
1.2364,0.10147,0
1.99006,0.57131,0
2.88439,-0.66861,0
1.66342,-0.83764,0
0.53699,0.37743,0
3.3841,1.21077,0
-0.0112,-1.00287,0
2.70801,-0.05479,0
1.13002,-0.72571,0
-0.29984,-0.01902,0
3.28718,-0.8325,0
2.95766,-0.85874,0
3.47676,-0.21324,0
2.88896,-0.21394,0
3.30882,0.05066,0
1.24886,-0.20872,0
2.84213,0.87845,0
0.37728,-1.22036,0
2.49442,-0.49578,0
2.36873,-0.81014,0
0.85728,1.07017,0
1.56273,1.23659,0
-0.02217,0.02216,0
3.06284,-0.36904,0
0.32194,0.24199,0
1.99082,1.04539,0
2.19469,0.5951,0
1.34947,1.14948,0
1.79908,-0.02259,0
2.22592,-0.6857,0
-0.38708,-1.18375,0
3.01406,0.82532,0
0.63588,0.10381,0
1.64325,-0.43194,0
1.17745,-0.74235,0
1.81654,0.53145,0
1.77471,-0.5113,0
0.37106,0.91411,0
2.50947,-1.17757,0
2.84868,-0.94583,0
0.65052,0.19564,0
1.93414,0.52987,0
1.67006,-0.11668,0
2.5844,1.11139,0
0.15674,-0.78874,0
1.06554,-0.50675,0
2.52287,0.11899,0
2.65715,-0.35756,0
3.22031,-1.18886,0
3.0281,-0.75716,0
2.23828,0.11815,0
0.76097,0.65635,0
2.29792,-0.4191,0
-0.40698,-0.35993,0
2.60157,-0.0427,0
0.68602,1.0876,0
3.40617,0.63134,0
2.65436,0.34351,0
-0.13378,1.24889,0
1.4209,0.12325,0
3.2482,0.9914,0
2.86206,-1.14918,0
1.06495,-1.10508,0
2.34805,-0.76654,0
2.42963,0.53358,0
-0.35258,0.33635,0
0.04273,-0.02215,0
3.28786,0.50354,0
0.22284,-0.64129,0
0.50506,-0.91692,0
1.26127,0.07003,0
0.99582,0.14544,0
0.52327,-0.5341,0
1.34246,1.21196,0
3.02266,-0.02824,0
0.21662,-0.22188,0
0.50213,-0.45658,0
2.51755,-0.24451,0
2.84521,0.19124,0
2.83071,0.92145,0
0.23721,-1.12448,0
0.83902,-0.22023,0
1.17366,0.1072,0
1.50534,-0.0237,0
1.84325,0.82293,0
1.07598,0.88306,0
-0.02642,-1.11542,0
1.87494,-0.59066,0
3.14294,-0.29461,0
0.14951,-0.53413,0
0.54039,-0.73774,0
2.56242,-0.15035,0
2.00929,0.69838,0
1.92968,-1.17465,0
0.40834,-0.54465,0
2.65423,0.9756,0
0.24501,0.97213,0
-0.13261,0.13013,0
0.67594,-0.5808,0
0.33431,-0.42098,0
0.33779,0.17578,0
1.03344,-0.03936,0
-0.0074,-0.94889,0
-0.29768,0.74715,0
1.87144,0.63758,0
-0.04981,0.59698,0
0.7996,-0.32781,0
2.54597,-1.10861,0
3.10346,-0.71995,0
3.24729,0.30618,0
0.76383,-0.79608,0
2.11988,-0.67283,0
-0.2326,0.2803,0
3.37356,0.63482,0
1.22108,0.35289,0
1.42384,-0.70797,0
-0.28216,0.67478,0
1.94959,0.48108,0
0.37705,0.23922,0
3.33133,0.90213,0
0.38833,-0.14111,0
2.12047,-0.36136,0
2.7147,0.28432,0
1.69177,-0.47736,0
-0.28845,0.28238,0
1.73925,-0.9422,0
2.58917,-0.79191,0
3.25694,0.90579,0
3.34034,-0.90704,0
0.22313,0.73299,0
0.11507,-1.17974,0
3.24713,0.20592,0
0.20974,-0.55721,0
2.00056,0.58625,0
0.41112,-1.209,0
0.55663,-1.15959,0
-0.42904,-0.31903,0
1.96005,0.20245,0
-0.37127,-1.22182,0
3.06805,0.65725,0
2.68917,0.47131,0
0.44533,-0.94078,0
-0.48839,0.91989,0
2.18146,-1.11225,0
1.5169,-0.61123,0
1.02043,-1.07228,0
3.40567,0.30457,0
2.73469,-0.26193,0
3.26461,-0.15536,0
1.79683,-0.59097,0
1.21767,0.61655,0
2.42566,0.63493,0
2.54896,-1.10572,0
2.75583,1.19062,0
2.34175,-0.07618,0
2.10438,-0.26431,0
0.08205,-0.29706,0
3.03873,-0.38851,0
3.3631,0.3339,0
-0.06137,0.4493,0
1.05389,-0.48695,0
2.33151,-0.53837,0
-0.26751,0.13525,0
1.13476,-0.47826,0
2.64304,-0.6262,0
1.68046,1.12901,0
-0.07131,0.54962,0
1.52599,-0.50889,0
2.40132,-1.14662,0
3.41467,-0.02464,0
1.77206,-0.12205,0
2.65047,-1.05232,0
1.67423,0.50481,0
-0.06734,1.04791,0
3.18237,-0.70459,0
3.15506,0.44818,0
0.51517,0.00803,0
1.59855,-1.03823,0
0.47719,0.12399,0
2.73711,0.61624,0
3.41777,0.63068,0
1.39515,-0.52052,0
2.18201,-0.79591,0
2.76083,-0.9834,0
2.27412,-0.15582,0
0.35537,-0.18178,0
3.47828,0.70599,0
2.46672,1.07498,0
-0.39728,-0.36403,0
1.76911,-1.00487,0
1.08164,0.30975,0
3.20685,0.45982,0
3.24018,0.12438,0
3.15926,-1.01161,0
3.43082,1.24557,0
3.30038,0.15958,0
1.1237,-0.16873,0
2.99412,-0.90254,0
-0.26689,0.39185,0
2.47849,0.04165,0
2.35109,0.76856,0
2.63172,-0.25244,0
1.70099,-1.16502,0
-0.19166,0.8959,0
0.29156,0.10183,0
2.40927,-0.10382,0
0.62674,1.05706,0
1.41945,1.14206,0
0.37673,0.31878,0
2.51378,0.2366,0
1.77421,-1.06598,0
2.41528,-1.13006,0
1.11082,0.77833,0
0.75709,0.29383,0
1.64843,0.34843,0
1.63807,-0.68875,0
0.41187,-1.2289,0
3.04754,0.27858,0
2.68376,0.25313,0
1.60734,-0.61389,0
1.81967,-0.91128,0
2.95314,1.14403,0
0.67935,0.41536,0
3.24486,-1.05078,0
3.08962,0.0651,0
0.71438,-0.76043,0
3.27351,-0.44487,0
0.58435,-0.43892,0
0.23713,0.1632,0
0.74128,-0.26454,0
3.30844,-0.03595,0
2.00126,-0.26605,0
3.13117,-1.00437,0
1.34487,0.92744,0
0.66158,0.76522,0
0.61482,-0.24392,0
1.56721,-0.01537,0
2.10392,-0.30803,0
0.12389,0.06496,0
1.89953,0.52444,0
0.87724,-0.55333,0
3.10374,-0.7685,0
-0.14247,-1.04072,0
-0.31614,-0.35882,0
1.36724,1.22584,0
2.34222,0.04818,0
0.52566,-0.37212,0
-0.31048,-0.33139,0
1.2148,-0.89689,0
0.33525,-0.31325,0
1.58563,-0.24531,0
3.4674,0.87376,0
1.13186,0.1168,0
1.85208,0.27317,0
3.09848,0.62763,0
2.17701,-1.13974,0
0.63296,0.00643,0
2.51276,1.16825,0
0.4378,-0.35189,0
1.01699,-0.23333,0
1.79607,-0.58863,0
2.26852,-0.5864,0
1.49556,-0.65955,0
1.16876,0.61835,0
1.61485,-0.08975,0
0.63178,0.28278,0
0.65941,0.35394,0
3.39004,-1.21704,0
1.26689,0.22964,0
3.07617,1.13011,0
2.10523,-0.25907,0
1.62329,1.24528,0
0.11703,-0.01642,0
2.42711,-0.92916,0
2.72495,-0.51173,0
0.4262,-0.58488,0
2.98322,0.5945,0
0.37141,-0.43998,0
3.01288,1.2171,0
0.24679,0.66378,0
0.56509,-0.85067,0
-0.2553,-0.62659,0
1.12389,-0.86603,0
0.28824,0.47702,0
2.22382,-1.09252,0
2.39975,-0.37942,0
0.15879,-0.90151,0
0.52104,1.1906,0
2.53177,-0.51718,0
-0.49077,0.3867,0
1.52766,0.6258,0
0.27319,0.60765,0
2.60967,-1.13033,0
-0.05859,0.96314,0
3.2168,-1.10861,0
-0.20635,0.29565,0
1.29309,0.24464,0
1.11741,-0.27227,0
3.30348,0.49442,0
3.3774,0.97008,0
2.08277,1.12823,0
3.08343,-0.20428,0
1.32117,0.33567,0
0.22621,-1.09331,0
0.26698,-0.38999,0
0.0005,0.35691,0
1.00896,-0.74958,0
0.74136,-1.22267,0
2.63584,0.62468,0
2.2559,-0.36866,0
0.39659,-0.43688,0
-0.49236,-0.45436,0
0.73797,0.71409,0
2.59408,0.82303,0
1.61755,-0.08351,0
3.07524,-0.73906,0
1.6933,-0.61882,0
-0.15586,-1.06758,0
1.97705,-0.05646,0
3.03768,1.08869,0
2.75558,-0.76005,0
2.95588,-0.14856,0
3.34475,-1.13401,0
3.16858,-0.30911,0
-0.23054,1.11866,0
2.77732,-0.86132,0
2.35763,0.41245,0
0.09262,-1.17646,0
0.59386,-0.09402,0
0.00528,1.09954,0
0.80682,-1.22007,0
2.63587,1.2272,0
1.35623,0.41983,0
3.46971,0.7734,0
1.14629,-0.33963,0
2.48722,0.54286,0
-0.16242,1.1949,0
2.70639,-0.67403,0
1.66723,0.47543,0
3.23237,0.08382,0
3.42372,0.79583,0
3.39799,-0.02058,0
2.48091,0.89332,0
3.42174,0.44678,0
0.88643,-0.46271,0
2.63727,-0.45793,0
3.20022,-0.10797,0
-0.29064,1.24719,0
0.39189,0.12463,0
1.32084,-0.09994,0
1.7363,0.0539,0
2.21116,-0.71298,0
3.48571,-1.15633,0
0.41996,-0.08392,0
-0.25761,-1.0357,0
0.86791,-0.1517,0
2.7205,0.37894,0
2.1739,-0.89865,0
3.3413,-0.10863,0
1.14532,-1.05718,0
1.30323,-0.25355,0
2.02512,-0.85545,0
1.26653,-0.66421,0
-0.22909,0.18729,0
1.88585,1.07664,0
1.69387,-0.45162,0
-0.07471,0.83337,0
2.97535,0.3947,0
-0.34799,1.13349,0
1.83021,-0.26265,0
2.43823,0.09703,0
1.12408,-0.05736,0
0.36206,0.87637,0
-0.34177,-0.00077,0
2.89389,-0.99808,0
1.66451,-0.41347,0
1.95585,0.56232,0
0.39597,0.96251,0
1.55002,0.44566,0
2.58443,-0.70208,0
2.52523,1.115,0
1.30854,0.59755,0
2.11205,0.22019,0
2.62115,-0.56621,0
1.87317,1.2223,0
1.77606,0.06508,0
3.09499,0.80728,0
-0.03248,0.00331,0
0.14945,0.20267,0
2.01997,-0.66457,0
1.71022,0.62879,0
2.30422,-0.00428,0
-0.22486,-1.09393,0
1.03962,-0.58892,0
3.39641,0.47586,0
1.31548,-0.95238,0
2.53348,0.93664,0
0.25461,-0.48148,0
1.02268,-0.44805,0
0.63335,0.63385,0
3.14972,0.49482,0
2.47621,-0.49367,0
1.86311,0.27175,0
0.44011,0.64748,0
0.3847,-0.28284,0
1.66051,-0.74849,0
0.40286,-0.23828,0
0.16057,-1.03204,0
2.59385,0.93034,0
0.296,-0.9351,0
0.00293,-0.61672,0
-0.35282,-0.25158,0
2.77746,0.21574,0
-0.03772,0.84458,0
1.41332,0.86775,0
0.42673,-0.94259,0
2.63885,-0.60538,0
-0.24012,0.07705,0
2.78181,0.54839,0
-0.33225,1.03704,0
1.92206,1.13981,0
0.76048,0.75404,0
1.2981,0.13453,0
2.10691,1.14979,0
1.14478,-0.30944,0
3.0613,0.22426,0
3.44242,-0.64442,0
2.20281,-0.65525,0
2.23972,0.43053,0
2.08902,0.84921,0
0.27978,-0.43835,0
-0.43514,-1.09745,0
-0.49139,-0.75235,0
2.7383,0.6016,0
0.4443,0.24627,0
0.57078,0.51971,0
2.10555,1.12024,0
0.44294,-0.69212,0
1.13201,0.20574,0
1.57728,-0.36136,0
0.96714,1.00268,0
0.63971,-0.68077,0
0.62688,0.59414,0
3.07385,0.23167,0
3.07081,-0.0244,0
-0.19444,1.05146,0
1.37596,0.72171,0
0.38607,1.16371,0
3.28392,0.12214,0
1.64917,0.9718,0
-0.14851,0.57238,0
2.49846,-1.15849,0
3.41798,0.46833,0
2.05615,-0.95304,0
3.30238,-0.10491,0
0.80787,-0.07431,0
2.72161,-0.8931,0
2.90534,0.14329,0
2.11014,-0.56984,0
1.4263,-0.60886,0
1.70601,-0.71887,0
3.35878,0.15974,0
1.56284,0.72298,0
0.74855,1.14245,0
2.23467,0.51191,0
1.62577,-0.60844,0
2.22978,-0.01636,0
1.11797,-0.94175,0
0.82175,-0.24437,0
-0.24397,-0.79752,0
0.89228,1.04243,0
-0.08659,-1.20465,0
1.22029,-0.73863,0
3.32401,1.02751,0
2.89962,0.30023,0
0.72454,0.63427,0
0.51685,-0.29619,0
-0.27469,0.59238,0
1.61261,-1.15189,0
0.12261,-0.51692,0
0.51734,0.62205,0
1.80217,0.10809,0
3.33892,0.66258,0
-0.19549,0.39797,0
1.50793,0.4153,0
2.89437,-1.23218,0
0.86564,-0.54277,0
0.44883,1.13133,0
1.91706,-0.28398,0
1.6376,0.33657,0
1.20408,-0.20823,0
-0.31693,0.05105,0
2.24999,-0.79804,0
0.0059,0.37292,0
3.22085,0.91732,0
1.46742,-0.08892,0
0.11088,-0.15224,0
-0.31264,0.59851,0
2.24949,0.12732,0
2.71435,0.53289,0
-0.26783,-0.8568,0
0.54023,-0.67352,0
0.66045,-0.44844,0
0.89272,-0.26404,0
2.47243,0.9326,0
0.01577,-0.86278,0
1.53019,-1.01647,0
2.92637,-0.41086,0
2.08021,0.78968,0
1.19349,-1.21262,0
1.79366,-0.22151,0
-0.31413,-0.01298,0
1.31346,-0.46972,0
0.65508,1.15807,0
2.20915,0.27898,0
2.2453,-0.59053,0
-0.26277,0.89817,0
3.34159,-0.71491,0
2.3268,0.3583,0
3.49178,-0.59915,0
2.21221,-0.58022,0
3.42822,-0.67579,0
3.14494,-0.63687,0
-0.08698,-0.18981,0
2.06855,-1.00844,0
2.7183,0.35772,0
1.89449,-0.84016,0
0.09168,-0.49487,0
1.65395,0.58904,0
1.45104,0.58686,0
1.2476,0.38143,0
-0.03658,1.08175,0
-0.15698,-0.16993,0
3.43127,-0.3083,0
0.76287,0.67255,0
0.02548,0.57213,0
3.05312,-0.01761,0
1.66167,0.04326,0
2.52492,0.66967,0
3.31863,-1.07272,0
0.07711,-0.70998,0
2.68919,0.86104,0
1.24594,-0.25838,0
-0.05044,-0.22629,0
2.90224,-0.70061,0
-0.31799,-0.08699,0
2.83031,-0.02967,0
2.71699,1.01927,0
3.30024,-1.02468,0
2.28543,1.14663,0
0.85684,-0.58354,0
2.53321,0.44998,0
2.4151,-0.85189,0
0.9571,-0.07228,0
3.30822,0.30934,0
-0.0362,-0.97679,0
0.54439,1.19792,0
3.46201,1.01067,0
1.61619,-1.23658,0
1.57414,0.38447,0
2.09762,-0.83118,0
0.25803,0.94369,0
0.79232,-0.25306,0
3.43901,0.8573,0
1.26738,0.70555,0
-0.18359,0.40657,0
0.6136,-0.60054,0
2.45506,0.97631,0
0.04838,0.30119,0
3.18235,-0.56939,0
2.17843,-0.64585,0
-0.05108,1.18539,0
0.26971,-0.40295,0
2.20026,0.59894,0
2.84719,0.79642,0
-0.0034,-1.14098,0
2.80165,0.81184,0
-0.35271,-0.02077,0
2.07006,0.83382,0
0.91568,1.04627,0
-0.24792,-0.82092,0
0.88703,0.30654,0
-0.24174,-0.51222,0
0.53114,-0.23936,0
0.40166,-1.05052,0
0.87613,-0.94701,0
0.71325,0.31165,0
0.02597,-0.25408,0
1.68247,1.0735,0
0.00332,1.09892,0
0.9023,0.27218,0
-0.08045,0.46507,0
0.4345,-0.29876,0
3.06137,0.08866,0
1.25241,-0.72548,0
-0.21659,-0.55317,0
0.10737,0.12634,0
0.48621,-0.46011,0
0.92603,-0.70745,0
1.84249,-0.58557,0
2.2062,-0.06523,0
1.04949,-0.88858,0
-0.42217,0.10627,0
1.77274,-0.86944,0
3.07696,0.53167,0
0.38142,0.80959,0
1.97406,0.66736,0
1.65213,0.08002,0
0.62265,1.16869,0
3.48164,1.02051,0
1.86647,-0.93913,0
1.0633,-0.31756,0
0.02214,0.82468,0
2.68097,-0.95622,0
-0.46529,-0.95239,0
2.41551,0.57698,0
0.72027,-0.08021,0
1.65441,0.32412,0
-0.39561,-0.27238,0
-0.46914,1.14168,0
0.41875,0.01404,0
2.61888,0.8197,0
1.92612,0.05222,0
0.05871,0.33376,0
-0.22697,0.454,0
1.93229,1.00319,0
-0.14397,-0.93464,0
1.55507,0.92826,0
0.36196,0.19746,0
0.78324,-0.74214,0
3.027,1.1645,0
0.79425,0.39262,0
3.24459,-0.09983,0
3.27071,0.06376,0
0.33172,-0.88641,0
2.81375,-0.35498,0
1.70217,-0.97872,0
3.02488,-0.23807,0
0.50307,0.81774,0
2.36827,0.93236,0
0.14351,-0.74167,0
1.97087,1.12172,0
1.6281,0.24375,0
3.46969,-1.05896,0
-0.05457,-0.82708,0
2.46909,0.38066,0
2.23217,0.5849,0
2.21785,0.73846,0
1.28983,0.90783,0
3.42428,0.08749,0
0.54206,-1.23265,0
1.22558,-0.24323,0
3.45911,0.02972,0
3.13932,-1.18265,0
0.78095,0.88418,0
0.16156,0.16755,0
2.09301,0.96774,0
1.69314,0.45867,0
0.10929,0.16163,0
3.04036,1.0781,0
0.61139,1.07307,0
1.14153,1.13694,0
1.6316,0.07872,0
3.02291,0.999,0
0.08769,-0.84717,0
1.82551,-0.40627,0
1.48043,-0.68394,0
1.5796,-0.80336,0
0.80887,-0.38699,0
2.73155,-0.05088,0
2.48339,-0.32603,0
0.31633,-0.31877,0
0.1142,0.01548,0
2.25401,-0.33671,0
-0.24733,0.61445,0
3.31364,-0.23391,0
3.38983,-0.55657,0
2.59958,1.23353,0
0.40583,-0.06805,0
-0.41116,-1.13107,0
0.71343,-1.18025,0
1.14896,0.10763,0
2.04293,-1.12489,0
1.90972,0.29444,0
2.77145,1.13153,0
2.35184,-1.10739,0
1.82621,-0.5631,0
1.95098,-0.95551,0
1.94798,-0.04502,0
0.78157,-0.40311,0
2.86286,0.02759,0
0.56198,1.23237,0
-0.42777,0.17074,0
2.75949,0.18621,0
1.07282,1.17867,0
1.36953,-1.05475,0
0.16552,1.16235,0
-0.07342,0.5391,0
1.62129,0.2143,0
0.4301,-0.13841,0
-0.06191,-1.01066,0
1.65685,0.51424,0
3.20549,-0.86207,0
-0.49844,0.39254,0
0.61935,-0.67746,0
0.87702,-1.18246,0
-0.08008,0.8423,0
0.51014,-0.06416,0
0.02164,-0.05107,0
2.49727,0.23377,0
2.33229,-0.17433,0
0.61807,0.05105,0
3.06298,-1.03115,0
2.50001,-1.13081,0
-0.01784,-0.46807,0
3.24056,0.20335,0
0.054,0.25655,0
-0.18709,-0.40975,0
2.07823,1.00958,0
1.67068,0.52822,0
-0.05568,-0.91535,0
1.68416,-0.74661,0
3.01525,1.16522,0
2.36005,-1.24654,0
-0.12513,-0.90952,0
2.6672,-1.13424,0
3.40246,1.17998,0
2.53601,-1.18271,0
1.46683,-0.10291,0
3.00013,-0.40422,0
2.15448,-1.23806,0
0.1949,-0.91428,0
0.15498,1.09863,0
2.71234,0.32985,0
2.17593,-1.12512,0
2.16915,0.03377,0
0.43559,-0.56512,0
2.11839,-1.1219,0
0.08149,0.00377,0
1.97891,0.74755,0
-0.1044,-1.22322,0
-0.29953,-1.15075,0
1.61231,-0.56184,0
1.62992,-1.17581,0
3.07405,0.30898,0
3.41631,-0.02794,0
0.18444,0.02834,0
0.11971,-0.82462,0
2.66207,-1.0952,0
1.51444,0.00869,0
3.31688,-0.51269,0
2.0547,-0.10309,0
1.78138,-0.24739,0
-0.23302,0.68224,0
2.86084,-1.01652,0
2.58494,0.68814,0
-0.41079,0.48155,0
2.73417,-0.71792,0
-0.39021,-0.86543,0
2.51882,0.94241,0
2.60337,0.32166,0
0.77255,-0.91562,0
-0.10204,1.10959,0
2.11434,-0.22406,0
0.86084,-0.58688,0
1.07656,0.00727,0
0.62208,0.97881,0
2.91192,-0.48596,0
3.01217,-0.20478,0
-0.49253,1.03157,0
2.48844,0.35415,0
1.37013,-0.14518,0
1.16806,0.75408,0
2.95449,0.8101,0
0.36916,-0.94608,0
0.5945,0.58774,0
0.56581,1.0811,0
2.29871,-0.92403,0
0.939,-0.97544,0
1.34566,0.55185,0
0.94746,-0.81572,0
2.80756,-0.35121,0
2.85727,1.18141,0
0.46856,0.80206,0
0.45291,0.57917,0
3.08335,1.08123,0
3.49194,-0.15707,0
1.58413,0.70527,0
3.21531,1.07518,0
2.79187,-0.58856,0
1.96385,-1.06054,0
1.79594,0.12046,0
0.48195,-0.95302,0
2.58766,1.24722,0
2.90836,0.15563,0
1.2062,-0.54297,0
2.98629,-0.44381,0
-0.25247,0.04215,0
1.57409,0.94598,0
-0.04045,0.79034,0
0.08022,0.04966,0
1.1941,-1.2048,0
3.48428,-0.20856,0
3.28187,1.18939,0
1.35296,-0.47737,0
2.59289,-0.57112,0
1.79711,0.53257,0
0.63764,1.19043,0
-0.00668,1.03235,0
0.52449,0.60807,0
2.0992,0.16436,0
0.24149,0.31687,0
1.52274,-0.3501,0
0.64117,0.29618,0
0.16603,0.13891,0
2.40091,0.66339,0
2.72696,0.23301,0
1.29919,0.79331,0
0.00325,0.47047,0
0.01463,-0.21799,0
0.04731,0.10461,0
2.24832,0.01914,0
1.04437,0.36136,0
1.86945,0.61926,0
3.22542,1.23781,0
2.09331,0.86213,0
0.14396,-0.6057,0
-0.01495,0.74521,0
-0.42728,0.05153,0
-0.08681,0.78755,0
1.94135,1.04708,0
1.6658,0.38369,0
2.96675,-0.5924,0
1.69628,-0.18564,0
0.4737,0.80986,0
2.35163,-1.0215,0
0.01073,-0.01846,0
2.69475,0.59478,0
1.91594,-0.70621,0
0.39298,0.59327,0
0.12376,0.37556,0
3.05238,1.0026,0
1.87713,-0.43055,0
0.27486,-0.53137,0
1.72792,-0.78183,0
2.25688,-0.17266,0
3.24022,-0.17582,0
0.90484,1.08113,0
2.16522,-0.2683,0
2.35539,-0.95715,0
1.4821,1.04104,0
1.21153,-0.65796,0
0.61944,0.59496,0
0.27019,-1.18236,0
2.07513,-0.87953,0
-0.27127,-0.45725,0
-0.13862,-0.90782,0
0.63888,0.42857,0
3.45284,-1.05213,0
2.24058,-1.02227,0
2.12222,-0.76454,0
2.49871,0.34572,0
0.66539,1.06973,0
2.02857,-0.9753,0
2.83247,1.24414,0
-0.42693,0.20826,0
3.11505,-0.88555,0
1.08245,-0.84741,0
2.54856,-1.00685,0
2.00458,-0.12025,0
0.4531,-1.24109,0
0.49268,0.09249,0
1.58133,-1.15055,0
3.04983,0.40244,0
2.99472,1.03647,0
3.29195,0.88458,0
-0.32697,-0.59325,0
2.94841,0.47101,0
1.49063,0.48898,0
2.8608,-0.26981,0
2.89253,-0.94282,0
0.54216,0.37454,0
0.24982,0.73569,0
0.77596,-0.21151,0
0.72443,-0.11716,0
2.462,1.01326,0
1.07116,-0.58775,0
3.37556,1.05823,0
-0.00081,-0.08214,0
3.13737,0.19595,0
1.61234,0.1398,0
-0.1307,0.91677,0
0.25693,0.57969,0
2.01902,0.33951,0
1.14522,-0.93157,0
3.08996,0.01463,0
1.53606,-0.12777,0
1.23617,-0.11657,0
0.04343,0.21244,0
2.51076,1.19978,0
2.54052,-0.81788,0
0.99202,0.12919,0
1.19654,-0.26476,0
3.26937,-0.48227,0
0.85731,-0.51695,0
1.26409,0.09641,0
1.9,0.48603,0
1.713,-0.51443,0
2.8252,-0.33161,0
1.34087,0.55282,0
-0.45618,-0.03116,0
0.82374,-1.0701,0
1.14633,-0.72485,0
-0.06002,-0.78759,0
1.46076,1.00868,0
2.08082,-0.27212,0
0.52605,0.28861,0
-0.41997,-1.06832,0
2.24083,-0.61208,0
2.94395,-1.13223,0
1.8166,1.02276,0
0.58801,0.93402,0
0.35636,1.06144,0
3.33425,-0.16728,0
3.43553,-0.58565,0
0.95073,-0.38097,0
-0.07862,-0.6356,0
3.29901,-0.84331,0
1.94003,-0.03289,0
1.55651,-0.20218,0
2.96552,0.74774,0
-0.18392,0.92317,0
2.77678,0.48418,0
2.77481,-1.16695,0
0.78902,0.62362,0
0.53267,-0.51386,0
-0.21829,-0.47755,0
0.24023,-0.45247,0
2.934,-0.30418,0
1.88653,-0.41268,0
2.59035,0.54472,0
-0.32213,-0.28001,0
2.89912,-1.16533,0
0.94774,-1.06828,0
1.30186,-0.70253,0
-0.13955,0.66564,0
-0.13543,-0.59006,0
1.30964,1.1802,0
1.16876,-1.08321,0
3.48268,0.42723,0
3.14943,1.22885,0
1.92015,0.38484,0
-0.00138,0.36693,0
2.85978,-1.13162,0
2.59333,-0.96192,0
2.94787,-0.1904,0
2.08586,0.36186,0
1.03518,-0.50553,0
1.44244,-0.30899,0
1.22247,1.23817,0
3.00959,-1.0569,0
1.46593,-0.39587,0
1.79912,-0.8786,0
2.70062,1.15493,0
2.33382,0.36763,0
2.48432,-0.08037,0
2.05371,0.70386,0
0.83564,-0.04439,0
2.9814,0.08122,0
0.64384,-0.82205,0
0.3384,-1.17189,0
3.38847,0.35748,0
0.3548,0.25811,0
3.39691,0.46936,0
2.05203,0.05383,0
2.90954,0.88134,0
2.46097,0.6236,0
1.79685,-0.69116,0
1.20549,0.66618,0
0.44882,-0.56486,0
1.80919,0.62641,0
-0.43186,-0.70897,0
0.52521,-0.71825,0
0.50023,0.08268,0
1.98755,-0.54338,0
2.65347,-1.21675,0
1.41407,-1.1079,0
2.62508,1.1731,0
-0.02911,0.59991,0
0.8362,-0.26862,0
2.67034,-1.20037,0
0.81141,-0.71227,0
1.88054,-0.17262,0
-0.25581,0.86787,0
0.36169,0.27537,0
2.96561,0.37264,0
2.44393,-1.17659,0
3.04507,1.17383,0
1.46007,1.03798,0
0.68202,0.17452,0
2.64102,-0.65941,0
-0.2976,-0.24648,0
0.73852,-0.70774,0
0.47006,1.04928,0
3.47024,0.29363,0
2.67897,-1.13496,0
1.0736,-0.44335,0
3.1591,1.12377,0
2.65577,0.46225,0
1.16331,-0.15616,0
0.79091,0.95881,0
2.67377,-1.24532,0
1.64368,-1.09925,0
1.76086,0.90971,0
3.17243,-0.46211,0
3.21095,-0.0941,0
0.56056,-0.61117,0
1.64785,-0.3815,0
0.95062,0.8513,0
0.59426,0.08538,0
2.08517,-0.61105,0
2.1352,-0.73274,0
0.169,0.68204,0
1.05937,-1.19683,0
2.94812,1.13928,0
3.05089,-0.06928,0
1.2401,-1.02776,0
1.89395,-0.40506,0
2.26213,0.74764,0
1.90587,-0.85847,0
1.25765,-0.98329,0
0.99667,-0.06332,0
0.88258,-1.22203,0
1.76321,1.02447,0
1.69665,-1.2449,0
1.11619,-0.07142,0
1.87567,0.35208,0
1.83115,-0.01016,0
1.21867,-0.69991,0
2.62441,-0.85901,0
1.5017,-0.99659,0
-0.17552,0.25347,0
1.43917,0.46027,0
0.72127,-0.26189,0
2.12581,0.16169,0
-0.2669,1.08859,0
-0.09093,0.4647,0
2.59452,0.89724,0
1.20098,1.20262,0
1.16823,-0.26755,0
1.53579,-0.49286,0
2.87832,-0.06345,0
2.88535,1.21096,0
0.91377,-0.3572,0
1.72413,-0.815,0
2.77672,0.71674,0
1.86024,-0.78095,0
3.00969,-1.22544,0
0.40863,0.35758,0
2.39984,0.76638,0
0.08986,-0.15306,0
0.50993,-1.23384,0
-0.46003,0.83309,0
0.08705,-0.29918,0
1.65007,-0.26296,0
2.53125,0.73049,0
3.41709,-0.8533,0
-0.32408,-1.11416,0
0.06523,-0.30013,0
2.87369,0.14514,0
1.85078,1.20392,0
3.08113,0.98403,0
0.23785,1.12667,0
0.34654,0.41685,0
2.05423,-0.18572,0
1.4165,0.67523,0
0.88146,-0.13217,0
0.67672,0.00584,0
3.14936,-1.17663,0
2.24492,0.25061,0
1.80109,-0.58966,0
1.78716,-0.2315,0
-0.45776,-0.06282,0
3.28784,0.4966,0
3.37672,0.76756,0
2.77927,-0.23438,0
3.11048,-0.66419,0
2.54843,-0.20922,0
0.21752,0.12157,0
2.86429,-1.03192,0
3.25187,0.35638,0
2.32099,0.94938,0
2.70179,0.96337,0
2.06797,0.08031,0
0.72553,-0.71021,0
2.28286,-1.16295,0
3.27267,0.1276,0
1.15921,-0.27743,0
2.01388,-0.36163,0
0.6647,0.99756,0
1.68025,0.11955,0
1.87561,-0.03906,0
0.59091,0.9909,0
2.27083,-0.8028,0
-0.17421,0.71221,0
0.99595,-0.66512,0
1.82225,0.37569,0
0.63022,-0.02912,0
-0.48644,0.45382,0
2.06801,-0.20193,0
0.35075,-1.24429,0
3.13763,1.03456,0
2.76738,-0.69524,0
0.81857,-0.545,0
1.61289,-0.00701,0
1.33871,0.8457,0
2.83264,0.48104,0
3.01036,0.30192,0
2.21283,0.55571,0
2.96739,0.61296,0
2.44612,0.36487,0
2.07631,-0.1341,0
0.69078,0.58055,0
1.63619,0.57049,0
0.43602,-0.36183,0
0.48791,1.19543,0
0.24401,1.14226,0
-0.11778,0.11226,0
1.64014,-0.2194,0
0.89184,-0.61742,0
2.06856,-0.181,0
0.17889,-1.0127,0
1.35523,0.5774,0
1.37425,1.20904,0
0.99142,0.3835,0
1.68388,0.63399,0
1.42209,-1.17109,0
1.20198,-0.99786,0
-0.02664,-0.36515,0
1.33614,0.1689,0
1.22459,0.6594,0
2.24871,-0.97616,0
2.41411,-0.42607,0
0.02377,0.95075,0
3.3147,-0.43494,0
1.83115,-0.53146,0
0.76443,-0.31855,0
3.07088,-0.1041,0
-0.21385,-1.08125,0
1.52342,1.14944,0
0.51795,0.65209,0
2.0503,0.64118,0
1.30531,0.51611,0
-0.31058,-0.21597,0
3.46212,0.69591,0
2.76293,-1.10953,0
1.80819,-0.99786,0
0.96085,-1.23125,0
0.90995,-0.18373,0
0.10731,-0.68671,0
1.94231,0.26679,0
-0.44657,-0.40972,0
2.63884,-1.15892,0
3.05952,-0.47302,0
1.94173,-0.72263,0
0.95573,-0.70865,0
-0.34293,-1.11111,0
0.30966,0.1483,0
-0.32996,-0.35443,0
2.74386,1.23651,0
3.25235,-1.16558,0
3.4665,-1.11051,0
0.73484,-0.2266,0
-0.17961,-0.00824,0
0.91378,1.21257,0
0.41705,1.03435,0
1.44434,-0.58442,0
2.52154,0.91086,0
1.93632,-0.21607,0
0.95062,-0.51744,0
2.77963,0.87985,0
0.25787,-0.65864,0
1.063,-0.48051,0
1.19923,-0.57818,0
1.26288,-0.43675,0
0.81009,0.48548,0
0.42228,-0.30911,0
3.27624,-0.88122,0
1.2993,0.2951,0
2.36483,-0.57061,0
1.88076,0.96105,0
-0.04032,-0.70544,0
2.1677,0.73861,0
2.96358,-0.10966,0
0.28427,-1.24526,0
0.14697,1.13019,0
-0.29859,-1.17964,0
2.60215,-0.19052,0
2.95847,-0.20403,0
1.62578,-0.01541,0
0.54384,-0.75855,0
3.07866,1.01837,0
1.53458,1.04953,0
3.21518,0.68971,0
0.93039,-0.58156,0
1.24549,0.75807,0
1.34277,-1.16519,0
1.05809,1.04063,0
1.06296,-0.57553,0
3.42375,-0.32037,0
1.57747,0.35099,0
-0.27299,0.89152,0
0.94186,0.34801,0
2.7414,0.85939,0
1.93895,0.53862,0
1.56576,-0.63575,0
-0.00598,0.57273,0
3.28817,0.24972,0
0.41072,0.43884,0
3.36653,0.80094,0
1.54377,0.24365,0
2.83545,0.88949,0
3.03238,-0.02919,0
0.1746,-0.48811,0
0.5081,-0.58686,0
1.23346,-0.87126,0
2.95327,0.54919,0
0.05651,0.39343,0
2.39736,1.01687,0
1.90957,-0.23127,0
2.16755,-0.25364,0
2.8614,0.89276,0
2.58683,0.5881,0
0.54052,0.04903,0
1.9619,1.13004,0
1.89415,0.41278,0
-0.10788,0.18601,0
-0.14401,-0.29925,0
-0.09446,0.09033,0
2.18898,1.24943,0
0.94727,0.9807,0
3.49962,0.0055,0
2.37404,0.41634,0
2.40481,-0.40515,0
2.62501,0.99935,0
2.36101,-0.8566,0
0.62044,0.21462,0
2.459,-1.03135,0
0.65449,0.60681,0
0.66794,0.3477,0
-0.03829,0.65593,0
0.90699,1.17289,0
-0.35342,-0.00498,0
1.60834,-0.55155,0
0.56694,-0.1772,0
2.15417,-1.1315,0
0.20486,-0.77427,0
2.22791,0.35539,0
1.48789,-0.89326,0
3.43924,-0.69527,0
2.9309,-0.85648,0
1.91042,0.36077,0
0.94634,-0.21225,0
3.28735,-1.22129,0
-0.35008,0.19146,0
2.86627,0.73104,0
3.37767,1.05152,0
2.95794,-1.24391,0
2.20228,0.45308,0
1.8932,0.62212,0
1.78608,0.36087,0
2.87732,0.81952,0
1.65738,-1.21284,0
0.51186,0.88259,0
0.04788,1.11489,0
2.76018,0.1176,0
1.55667,-0.13052,0
0.88066,1.11079,0
-0.32528,0.7683,0
-0.47658,1.22541,0
2.81306,-1.17857,0
1.18426,-0.01124,0
2.49497,1.0778,0
1.32963,-0.22924,0
1.00349,0.42863,0
2.60042,0.8161,0
-0.37672,0.95971,0
3.28006,-0.2789,0
3.08218,-0.07314,0
3.41814,0.54706,0
3.25,1.16284,0
2.80941,-0.59086,0
3.41751,0.16612,0
1.12246,-0.88753,0
2.30249,1.21637,0
1.68292,-0.66821,0
1.79621,-1.15875,0
-0.20415,1.02359,0
0.27155,1.20298,0
0.79655,-0.50656,0
2.47193,0.63023,0
1.36341,-0.18175,0
2.68469,-1.16651,0
2.23136,0.59923,0
-0.16431,-1.17023,0
3.0692,-0.50768,0
0.70556,-0.25996,0
0.91762,-0.16761,0
2.36818,-0.27662,0
2.94305,-0.40458,0
1.08039,0.86769,0
2.23517,-0.84276,0
1.58192,0.81011,0
0.45467,-1.20877,0
-0.22465,-0.06956,0
2.17399,-1.19921,0
1.25821,0.2986,0
0.8994,0.20418,0
3.09736,-0.28598,0
2.23087,0.49353,0
1.16351,-1.1212,0
0.95395,0.73989,0
2.60725,0.83082,0
2.35096,-0.66922,0
0.25728,0.17313,0
2.34653,-0.66397,0
1.91249,-0.36395,0
1.71411,-1.00864,0
1.13801,1.14026,0
1.11527,1.04465,0
0.81709,-0.61311,0
0.894,-0.23985,0
1.13312,0.17719,0
-0.48172,1.2202,0
2.3074,0.78372,0
0.73423,0.52095,0
1.14977,-0.28077,0
1.36312,1.06058,0
2.34244,-0.59918,0
1.48044,-0.42792,0
0.10719,0.7203,0
0.26984,-0.93925,0
0.76653,-0.7396,0
3.36019,1.15412,0
0.97187,-1.01048,0
2.01186,0.33162,0
1.37684,0.33766,0
3.37723,-0.28531,0
-0.15342,0.09311,0
0.66193,0.72659,0
1.71714,-0.34238,0
2.83946,-0.15913,0
0.64697,0.78357,0
3.46802,0.03074,0
1.05626,1.04953,0
2.57526,-0.20357,0
2.05803,-0.01737,0
2.35072,0.86192,0
0.69908,-0.94351,0
3.2049,-0.82811,0
1.53901,1.09317,0
-0.24241,0.022,0
2.15137,1.03013,0
2.0692,1.12127,0
1.74989,1.19079,0
2.91289,-0.29347,0
1.86421,-0.30704,0
2.093,0.6075,0
1.42749,-1.23126,0
0.1556,-1.0977,0
0.6296,-0.32757,0
2.43548,1.04766,0
2.57807,-0.11968,0
1.49917,-0.50256,0
2.29124,-0.72963,0
0.79454,0.43308,0
1.08119,0.73335,0
3.47162,0.39202,0
2.78045,1.12432,0
2.42069,0.57006,0
2.00201,-0.56129,0
0.66833,-0.42416,0
3.19103,1.09367,0
0.79541,0.10633,0
0.895,-1.2031,0
3.08073,-0.33469,0
1.0308,1.20566,0
0.95118,-0.98157,0
2.90938,0.46855,0
1.75515,0.91126,0
2.77725,0.20037,0
0.87906,-1.0039,0
1.56774,-0.04029,0
-0.11025,0.53718,0
0.28602,-1.2477,0
-0.45228,-0.08962,0
2.60026,0.22764,0
2.05734,-0.26477,0
3.25251,-0.61974,0
1.41039,-1.04476,0
0.90713,-0.97477,0
3.23577,-0.38144,0
0.03244,0.2015,0
3.1375,-0.85454,0
3.4179,0.75798,0
0.3219,-0.09009,0
3.08818,0.57365,0
3.20703,0.24411,0
1.39091,0.79645,0
2.99337,-0.40646,0
0.45688,-0.62063,0
1.30551,0.80829,0
2.9166,0.26792,0
0.51519,-0.76963,0
1.45936,0.23012,0
3.18211,0.85011,0
0.20364,-1.22746,0
1.36008,0.42226,0
1.96147,0.41863,0
0.96782,-0.0728,0
1.56516,0.89554,0
3.3125,-0.59674,0
-0.47769,-0.08827,0
2.55551,0.87708,0
-0.24671,-0.28972,0
1.69726,0.40103,0
3.36307,-1.10336,0
0.96739,-0.83806,0
-0.4511,-0.67136,0
0.16288,0.90146,0
1.84141,0.92964,0
0.80524,-0.12697,0
0.94225,0.97102,0
0.58653,-0.70327,0
1.30713,-0.49751,0
0.60943,-0.43563,0
1.89062,0.71748,0
3.21567,-1.10977,0
1.47434,-0.60222,0
2.9762,0.26009,0
0.94145,-1.12435,0
3.41903,-0.30993,0
-0.27858,0.12967,0
0.1361,0.73197,0
2.44979,0.50065,0
1.85277,0.63214,0
0.31509,-1.09908,0
1.52253,-0.28115,0
0.51164,0.16285,0
2.41573,0.24279,0
1.83665,-0.29957,0
2.91846,-0.00426,0
0.87445,-0.13173,0
1.17626,-1.08254,0
1.66572,0.86648,0
0.47078,0.43523,0
0.42232,0.89184,0
1.79129,-0.69234,0
1.7117,-0.95475,0
0.98877,-0.12069,0
1.52119,-0.84508,0
0.34793,0.24242,0
2.39067,1.2409,0
0.26483,1.13872,0
1.67114,1.07353,0
3.31408,-0.90406,0
2.6987,1.21523,0
-0.34137,-1.04341,0
0.3975,-1.00072,0
2.81494,-1.20864,0
-0.0805,1.03925,0
2.23937,0.72846,0
0.21005,1.09357,0
1.42003,1.10728,0
2.272,0.47554,0
1.97935,-0.89603,0
1.49885,-0.041,0
1.46372,0.06591,0
-0.42085,-0.25496,0
1.31345,-0.10806,0
1.31884,-0.48779,0
-0.10808,1.20451,0
2.00647,-1.20016,0
2.3598,-0.9602,0
1.97517,0.79949,0
0.42194,0.36891,0
1.81432,0.52209,0
2.2736,0.86007,0
2.58261,-0.50512,0
-0.37384,-0.55133,0
3.30394,-1.24086,0
-0.21754,-0.40988,0
0.34986,-0.49743,0
3.27114,0.62996,0
-0.27708,-0.09975,0
1.69985,0.76387,0
3.11598,0.77342,0
2.11766,-1.05887,0
0.63375,0.47105,0
3.29184,0.69526,0
0.17106,1.17895,0
-0.06112,-0.57633,0
1.68201,0.40466,0
-0.46394,-0.86501,0
0.21827,-0.14292,0
3.44009,0.83209,0
3.16424,0.33444,0
1.21213,-0.18111,0
-0.43595,-0.43066,0
2.17732,-0.31918,0
3.24438,0.83527,0
2.54819,-0.47814,0
1.72739,0.44644,0
-0.29703,-1.21005,0
-0.38329,0.56952,0
2.98231,-1.10254,0
0.4451,-0.24168,0
2.12362,0.01103,0
-0.14411,0.11132,0
-0.2966,-0.97321,0
0.75567,-0.9678,0
3.12085,0.53918,0
1.74762,0.95214,0
0.27402,0.07422,0
0.45429,-0.81332,0
-0.16689,0.23239,0
2.23,0.4951,0
2.55198,0.39876,0
2.35239,0.49112,0
2.65793,-0.91297,0
0.42409,0.01479,0
2.10555,0.62953,0
2.36375,-0.36492,0
0.91013,0.61198,0
1.08477,-1.10668,0
-0.33759,-0.77741,0
1.7477,-1.12164,0
3.01804,-0.68291,0
1.47402,-0.62577,0
1.02026,0.77256,0
-0.47655,0.01163,0
0.15932,-0.15753,0
1.77234,0.20432,0
-0.444,0.07981,0
1.33812,0.79234,0
3.12375,-0.74481,0
2.81705,-0.28616,0
1.64106,0.44371,0
0.80842,-0.1153,0
1.14695,0.87799,0
2.68578,0.11888,0
3.38682,0.85517,0
1.49313,-0.50788,0
2.48814,-0.04981,0
2.77105,0.77338,0
1.33205,0.78682,0
3.03457,-0.12843,0
3.3338,-0.21115,0
2.38934,0.09486,0
3.21862,0.59548,0
0.45951,-0.60721,0
2.88461,-0.93069,0
2.78856,0.17317,0
1.29083,0.50287,0
1.47203,-0.88328,0
1.55227,-1.18935,0
0.52325,-0.95629,0
1.4429,-0.22173,0
0.89549,-0.03551,0
2.19371,0.1007,0
-0.4643,-0.24518,0
2.97975,1.11545,0
3.45819,0.29762,0
3.39384,1.16577,0
-0.2749,-1.12339,0
0.30514,0.46415,0
-0.2583,1.13071,0
0.56434,0.16689,0
-0.45494,1.24357,0
1.87266,-0.71649,0
0.39375,-0.50996,0
0.6935,-1.02308,0
1.7797,-0.41699,0
1.1677,0.8174,0
2.10852,0.91775,0
2.20913,0.40367,0
3.24686,-0.74166,0
1.71506,-0.73876,0
0.29949,-0.31667,0
-0.46294,0.00091,0
2.05981,0.01085,0
0.80943,0.48189,0
-0.34936,-0.4798,0
1.22401,-0.60847,0
2.78811,0.82752,0
1.26208,0.00671,0
3.16372,-0.5812,0
3.24529,0.23293,0
-0.45276,0.83185,0
1.64604,-0.6953,0
-0.20338,0.5535,0
0.89643,0.07437,0
1.21906,-0.33803,0
1.84859,-0.7841,0
0.73479,1.20319,0
2.47519,-0.40879,0
2.91051,-0.809,0
0.37003,-1.01391,0
1.60602,-0.13143,0
1.44887,-0.90827,0
0.01527,-0.76769,0
2.73003,-0.43429,0
2.92521,-0.46514,0
3.0204,-0.26557,0
-0.48756,0.88735,0
1.62015,0.70202,0
0.81251,-0.70918,0
2.95027,-0.89105,0
3.44362,0.66424,0
1.84739,0.67181,0
1.13711,-1.03717,0
2.62464,1.02519,0
0.89641,0.25507,0
2.01224,-0.33954,0
-0.37653,-0.96573,0
-0.47261,1.22788,0
0.16899,0.23858,0
1.13668,-0.47306,0
3.30248,-0.5058,0
0.40736,0.2799,0
2.572,0.70536,0
-0.26077,-1.03714,0
2.85557,1.18869,0
3.18158,0.88778,0
2.42983,0.29897,0
3.48108,0.23692,0
3.31597,-0.46121,0
-0.20142,-0.82756,0
0.73381,-0.18215,0
1.93433,0.89019,0
1.41684,-0.75575,0
0.84221,0.71633,0
2.51111,-0.7852,0
0.60048,0.31215,0
1.2695,0.28445,0
2.50467,-0.13432,0
1.42487,0.93014,0
2.66008,-1.21831,0
1.3611,-1.15035,0
3.30697,0.67229,0
-0.02768,-1.05036,0
-0.02572,0.25202,0
0.63198,-0.9936,0
2.36605,0.15532,0
0.99468,-0.90742,0
1.57583,0.01682,0
3.20933,0.53775,0
2.01603,-0.44075,0
1.17927,1.04703,0
1.33669,-0.55268,0
2.92043,-0.03145,0
2.60647,0.6722,0
1.15783,0.86933,0
2.63039,-0.52999,0
0.16154,-1.13314,0
2.10944,-1.22977,0
1.87418,0.46792,0
1.85591,-0.02064,0
-0.13297,0.77099,0
2.81438,0.11194,0
1.85932,-0.17489,0
2.19887,0.90018,0
1.13923,1.19375,0
-0.05092,1.15764,0
0.7224,0.04279,0
3.12046,0.62358,0
3.08648,-0.48838,0
0.4315,-0.66456,0
0.33715,0.12313,0
-0.08651,0.28399,0
2.52381,0.72774,0
1.02826,0.90892,0
-0.25712,0.18113,0
0.01433,-0.83981,0
0.46891,-0.67162,0
1.45979,0.9438,0
2.73173,0.54055,0
1.53271,-0.2336,0
-0.30685,0.03526,0
2.23904,-1.11066,0
0.25708,0.61567,0
1.4513,1.02777,0
3.19892,-0.76667,0
2.91173,0.7316,0
3.23059,0.02945,0
1.19015,0.26594,0
-0.40406,-0.66842,0
0.58418,-0.33256,0
3.22023,0.47371,0
0.26304,1.06499,0
1.74749,-0.26036,0
0.4737,-0.82483,0
-0.35335,-0.93329,0
0.61766,0.23669,0
0.39079,-0.32725,0
3.44305,-0.68112,0
2.92671,0.73019,0
3.48069,1.15535,0
0.79848,0.92983,0
2.704,-1.0241,0
1.0826,-0.21278,0
0.89796,0.54247,0
0.57446,-0.86982,0
0.37385,-0.30248,0
2.83666,0.24737,0
3.2542,0.48057,0
0.42047,0.34465,0
0.58561,-0.89953,0
2.88041,-0.02781,0
3.06955,0.08932,0
1.40615,1.19849,0
-0.09399,0.17984,0
3.40648,0.87054,0
0.06113,0.97658,0
0.33722,0.41813,0
3.41606,-0.80539,0
0.06855,-1.0423,0
2.86025,-0.00093,0
0.01933,0.04057,0
-0.09207,0.15671,0
3.27544,0.12375,0
1.08896,-0.29718,0
2.61741,-0.38389,0
0.89396,-1.14394,0
0.77331,-1.05913,0
2.77292,-0.40529,0
1.49861,-0.63575,0
3.17261,0.26228,0
2.4952,1.1648,0
1.5947,-0.30206,0
2.03486,1.1527,0
-0.20099,-0.05705,0
0.13285,-0.70752,0
2.14406,1.14881,0
-0.35334,-0.04446,0
2.28005,1.1812,0
0.01368,-0.99485,0
3.06742,-0.20093,0
2.9233,0.1134,0
0.24826,-1.23935,0
2.54552,-0.78413,0
1.34574,-0.60221,0
-0.25969,-0.90207,0
1.20356,1.04079,0
-0.36643,0.28219,0
0.56407,0.58913,0
2.85709,0.50167,0
1.07371,-0.97392,0
3.2094,0.76279,0
0.42539,0.22375,0
1.47927,0.59745,0
-0.35463,-0.75829,0
1.70968,0.33741,0
2.45002,-1.10579,0
-0.05679,0.01306,0
0.42924,-1.09752,0
1.01616,-0.42777,0
0.72738,-0.65137,0
2.96009,0.23108,0
3.09922,-0.71039,0
0.44263,-0.37135,0
3.41904,0.4992,0
2.70653,1.19149,0
3.27326,0.87892,0
1.69824,0.51035,0
3.34755,0.62894,0
2.08317,0.37135,0
2.07922,-0.49693,0
1.79343,0.41163,0
0.34866,0.23411,0
2.6163,0.7272,0
2.98987,-0.94,0
2.19183,-0.75898,0
1.01997,-1.03527,0
0.51518,0.99693,0
1.54413,1.21513,0
0.12825,-0.70545,0
1.99626,0.35561,0
3.48062,-1.12088,0
1.55963,-0.93075,0
1.16963,-0.1529,0
0.31322,0.23397,0
1.91133,-0.99789,0
1.72719,0.20756,0
1.01631,-0.86848,0
0.13874,0.09428,0
2.89791,-1.07909,0
2.98983,-0.63467,0
-0.30289,-0.86464,0
1.59666,-1.08843,0
2.04185,-1.21619,0
2.9856,0.72336,0
2.58373,-0.75644,0
2.73939,0.34546,0
0.87854,-0.61108,0
2.39864,0.96295,0
1.04269,1.12637,0
-0.48668,-0.26298,0
-0.15405,0.07885,0
1.44951,0.83684,0
2.01927,0.09049,0
0.47395,0.66763,0
2.38248,0.06333,0
3.28696,-0.27471,0
0.79402,-0.23593,0
1.58639,-0.93633,0
-0.33206,0.13108,0
2.04134,0.76734,0
1.95304,-0.52032,0
0.25969,-0.96965,0
2.29767,-0.07548,0
3.24348,0.93134,0
2.71696,-0.08407,0
1.60875,-1.20846,0
-0.00969,0.83729,0
2.1477,-0.19331,0
2.86849,0.71821,0
2.10946,-0.03253,0
0.19196,0.70201,0
2.95206,-1.24561,0
-0.42967,0.04804,0
0.87713,0.35317,0
2.56106,-0.80338,0
3.4755,0.10521,0
-0.2082,-1.09679,0
-0.00805,-0.2285,0
1.70515,-0.69318,0
0.40611,-1.07273,0
2.23526,0.72118,0
1.1951,0.59969,0
2.55212,-0.87523,0
2.88774,-0.44758,0
1.78192,-0.54807,0
-0.09663,1.24393,0
1.15406,-0.14446,0
2.50127,-0.94726,0
-0.18156,0.98261,0
1.88147,0.47986,0
0.65955,0.40392,0
1.38317,-0.59452,0
1.80289,1.24555,0
3.4172,-1.22178,0
1.37009,-1.04814,0
0.53434,0.05643,0
2.51996,0.49774,0
2.81074,-0.52265,0
0.23228,-0.68272,0
2.4319,0.93105,0
1.01066,0.72241,0
0.93865,0.40517,0
0.59931,-0.8705,0
3.0683,-1.12584,0
2.59381,-1.16035,0
2.52513,1.08663,0
2.27685,-0.15841,0
2.61273,0.44199,0
3.38064,-0.11643,0
-0.28734,-1.18534,0
2.01014,-1.05949,0
1.86051,0.67324,0
1.21491,1.24603,0
-0.48607,0.8484,0
2.64904,-0.18022,0
1.058,0.86366,0
1.47178,0.8407,0
2.65315,-1.17189,0
1.93501,-0.00594,0
0.89813,-0.78867,0
1.09428,-0.42498,0
2.82065,0.84228,0
1.82551,0.66135,0
1.3182,0.53042,0
3.27411,-0.36104,0
0.77961,0.77101,0
1.67746,-0.50432,0
1.04044,-0.48543,0
2.14016,0.00516,0
0.1181,-0.43107,0
1.95812,-0.00502,0
0.19571,-0.18944,0
2.62139,0.49344,0
0.79873,0.20544,0
1.76182,0.5988,0
1.14015,-0.5302,0
3.03743,0.31282,0
-0.34895,0.54863,0
0.5382,-1.11765,0
1.58383,-0.92185,0
2.46199,0.79938,0
-0.39907,0.27869,0
2.66094,0.56155,0
2.23502,-0.87492,0
2.91442,-0.33008,0
0.12343,0.32891,0
1.09678,0.83995,0
1.03373,-0.37709,0
3.19822,0.39729,0
-0.3904,0.01138,0
0.98894,1.04996,0
1.00815,-0.26651,0
1.48108,-0.01608,0
0.70495,1.003,0
2.46186,0.96134,0
2.06344,0.52085,0
-0.25534,0.84001,0
3.33944,1.20592,0
1.31883,-0.08632,0
-0.0157,-0.72733,0
1.22468,-0.18582,0
3.44206,-0.15483,0
0.86853,0.12215,0
2.92781,0.98196,0
3.45103,-0.18506,0
0.86692,1.01288,0
0.7236,0.44728,0
2.15081,-1.21839,0
2.83684,0.42327,0
0.48935,-0.91031,0
-0.32951,0.06251,0
3.27351,-0.38771,0
0.99725,-0.65098,0
0.24543,0.29924,0
0.48922,0.0387,0
-0.1494,0.38361,0
-0.49116,0.62216,0
2.96751,0.41122,0
2.54873,0.86127,0
3.03397,-0.8221,0
1.61875,0.2237,0
1.34134,-1.19802,0
0.18177,0.92869,0
2.52833,1.20165,0
2.77438,-1.02576,0
0.73019,0.16142,0
0.98976,0.87547,0
1.94568,0.42111,0
1.12428,1.02837,0
2.17519,-1.00075,0
2.7369,-0.40869,0
2.15248,1.21593,0
2.50549,-1.17163,0
2.36729,-0.29837,0
3.39218,-0.2789,0
1.41381,0.79538,0
3.19282,-0.26234,0
3.45179,-0.49753,0
2.07655,0.45877,0
1.1356,-0.07579,0
2.15847,-0.15222,0
3.25114,-0.42458,0
1.1731,0.73183,0
1.94111,0.40675,0
1.65568,-0.88803,0
2.58128,-0.61115,0
2.53173,-1.13642,0
2.26733,-0.51661,0
3.18189,0.51276,0
2.00722,0.23382,0
1.85319,0.66911,0
1.68723,0.28861,0
1.38833,-1.13289,0
3.28765,-0.28067,0
-0.17501,-0.98826,0
0.16312,0.78634,0
1.46289,-0.6549,0
1.54955,0.37608,0
-0.03551,0.25588,0
1.62072,0.32225,0
3.38731,1.04248,0
3.37915,-0.82318,0
1.12381,-0.78459,0
-0.11776,-1.20644,0
0.28856,0.82371,0
3.35679,-1.04305,0
2.78684,0.28324,0
3.23291,-1.23372,0
0.02142,0.54827,0
2.43547,1.05338,0
1.46957,-0.93843,0
0.28029,-0.95274,0
0.39474,0.37888,0
0.31929,-0.87742,0
2.72334,-0.76725,0
3.15539,-0.97866,0
0.10721,-0.3509,0
0.1711,1.04435,0
2.53417,1.14025,0
1.00802,-1.19003,0
0.01546,-0.04571,0
1.66589,-0.68962,0
1.05631,-0.86131,0
3.22519,0.96917,0
2.77852,0.98684,0
0.13971,-1.17294,0
2.74907,0.71518,0
1.63902,-0.57579,0
1.22372,-1.22842,0
-0.1664,0.01892,0
0.64262,0.56318,0
2.01667,0.80273,0
2.91369,0.70335,0
-0.49597,-0.59395,0
3.30691,-1.13752,0
1.39352,-0.7728,0
3.05887,0.68678,0
2.35648,0.96302,0
2.70481,-0.61814,0
2.59352,-0.94487,0
2.96102,-1.05866,0
2.7351,0.63054,0
0.41842,0.3862,0
3.48129,1.07417,0
1.34613,0.84354,0
0.99352,0.30763,0
2.45405,0.38604,0
0.75864,0.12127,0
1.55101,-1.0778,0
-0.45664,-0.7281,0
0.61376,0.27234,0
1.80177,0.76435,0
0.96331,0.34339,0
1.02641,0.19853,0
0.7782,-0.54076,0
-0.43953,0.07073,0
3.16117,-0.241,0
-0.0267,0.00206,0
1.58312,-0.44275,0
-0.08393,-0.59795,0
3.39907,0.82584,0
-0.47847,-0.74114,0
3.14324,0.31937,0
3.4893,0.09071,0
2.0286,0.69382,0
1.35459,-0.06476,0
2.2872,0.81032,0
0.48026,-0.06343,0
-0.44572,-0.65633,0
1.93058,-0.35243,0
1.36381,1.03978,0
2.34715,-1.216,0
1.90848,-0.7205,0
3.43228,0.75111,0
1.24146,0.77989,0
2.33045,-0.97317,0
3.05838,-0.24637,0
1.18303,-0.28364,0
2.66108,1.10125,0
3.37069,-0.43969,0
2.94312,-1.11596,0
3.05685,-0.51108,0
0.0278,1.14128,0
2.43108,-1.10351,0
0.22083,-0.82695,0
2.24469,-0.03676,0
1.63987,0.0903,0
2.2604,-1.04784,0
0.67171,1.0377,0
-0.36953,-1.04809,0
1.91279,-0.34964,0
1.20122,-0.39804,0
2.77428,0.32107,0
-0.17863,0.65962,0
0.85712,0.69708,0
0.72276,0.77063,0
0.00575,0.26242,0
0.48577,0.44419,0
1.48127,-1.10374,0
0.97084,0.01019,0
3.03582,1.18562,0
2.04288,-0.42077,0
0.1262,-0.01291,0
2.20008,0.02729,0
0.93413,0.16115,0
1.07713,-0.9225,0
0.39354,-0.70123,0
0.06453,-0.71941,0
0.32033,-1.08111,0
-0.04603,1.01416,0
2.32321,-0.59382,0
3.46328,-0.54585,0
-0.48442,-0.36981,0
2.96531,-0.05813,0
3.41796,-0.35535,0
-0.30113,-0.89291,0
1.45241,0.41303,0
3.4208,0.91266,0
1.11325,-0.62568,0
3.42574,0.13848,0
1.05658,0.59646,0
3.35075,-0.53723,0
2.92593,0.907,0
2.66616,1.22679,0
-0.12731,-0.18306,0
-0.29659,1.24725,0
2.24041,-0.82084,0
1.1831,-0.95742,0
2.9511,-1.07093,0
1.08537,0.66257,0
-0.4326,-0.07477,0
-0.18092,-0.91755,0
1.83415,-0.451,0
1.42987,1.17311,0
2.2458,-0.19224,0
0.96647,-0.41201,0
3.21249,1.12844,0
1.84897,-0.99533,0
1.13399,0.47034,0
1.55337,-0.55722,0
1.71805,-0.04618,0
1.28423,0.53676,0
3.17946,-1.04568,0
0.53106,0.76181,0
-0.24555,0.3062,0
-0.42156,1.15633,0
2.97572,-0.54951,0
1.94285,-0.26515,0
2.59421,-0.53809,0
1.70781,0.71687,0
2.26098,-0.04312,0
2.26385,-1.01968,0
-0.43582,-0.61062,0
2.47473,0.93389,0
1.67249,-0.6019,0
0.40614,0.66202,0
3.45099,-1.01117,0
3.3177,-1.04556,0
0.13372,0.68923,0
0.79392,0.98342,0
2.22516,0.22242,0
3.11561,-0.36687,0
0.33128,0.80688,0
0.52617,-0.67656,0
0.20631,0.9684,0
3.17928,0.01639,0
1.02513,0.75182,0
3.29068,0.39145,0
2.96043,-0.79267,0
1.77911,0.68447,0
2.15006,-1.01986,0
2.58966,-0.11478,0
2.90232,-0.66815,0
1.49957,0.96237,0
1.02995,1.18189,0
1.41106,0.05697,0
2.72206,0.73668,0
3.2678,-0.98381,0
2.07333,-1.24542,0
1.58772,0.46707,0
0.79106,-0.77291,0
0.82153,-1.01634,0
1.4563,-0.35516,0
2.0173,0.56414,0
-0.21422,-0.47448,0
2.08798,1.17048,0
2.08325,0.78462,0
0.3555,0.60181,0
0.10063,0.49969,0
3.09195,-0.88737,0
0.79975,0.62373,0
2.18858,-0.18745,0
1.27022,-0.2844,0
-0.49677,-1.11981,0
-0.33261,0.6182,0
3.48979,-0.83349,0
2.2647,-0.39591,0
1.25162,-0.29701,0
2.62039,-0.63247,0
0.65827,-1.24923,0
1.79912,-0.93771,0
2.38922,-1.17725,0
2.74806,0.99803,0
0.81167,-1.21136,0
-0.46527,-0.49107,0
-0.46937,-0.48452,0
3.15407,-0.02661,0
1.6573,-0.4864,0
-0.12976,-0.63322,0
0.37926,-0.85834,0
3.04576,-0.15522,0
-0.25124,-1.21576,0
0.9295,0.98748,0
0.36844,-1.09731,0
0.48363,-0.17174,0
3.22345,-0.33185,0
2.59993,0.52452,0
3.07977,-1.08361,0
0.19659,-0.55598,0
1.00485,0.21344,0
0.26564,-1.19277,0
0.04735,0.85244,0
3.16426,0.21211,0
0.59708,-1.07462,0
-0.33968,1.21689,0
2.2153,0.10998,0
2.31502,1.22125,0
0.4366,-0.13554,0
0.02465,0.21014,0
0.67932,-0.43743,0
0.28129,-0.23632,0
1.0357,0.77335,0
0.2844,0.81841,0
3.28491,-0.05163,0
0.42872,-0.10848,0
1.64002,0.14172,0
2.05803,-0.18718,0
3.11973,0.26868,0
3.43675,0.5697,0
0.16091,0.15918,0
-0.30746,0.59101,0
3.40726,1.03362,0
1.94918,0.3887,0
-0.17205,0.80629,0
3.12522,0.15296,0
-0.24952,-0.10172,0
0.92562,-0.18592,0
0.24833,0.43758,0
3.13229,0.83009,0
1.29363,-0.05108,0
1.45119,-0.83836,0
1.19826,-0.10716,0
2.68682,1.22825,0
0.2014,0.55137,0
2.06767,-0.31843,0
1.76413,0.56892,0
2.87246,0.09048,0
-0.21576,0.03904,0
1.51334,-0.39515,0
3.0955,-0.06888,0
0.16589,-0.5715,0
2.29858,0.97512,0
3.31556,-0.84504,0
1.0201,0.0936,0
1.67655,-0.10967,0
1.09253,-0.12061,0
-0.33548,-0.95479,0
2.37204,0.37978,0
3.15792,-0.46188,0
0.94475,-0.97238,0
2.39125,0.2533,0
3.07692,0.87642,0
2.62741,1.07577,0
1.17891,1.23174,0
0.79556,0.76971,0
0.89531,-0.8509,0
2.78838,0.12335,0
3.10662,-0.60315,0
1.80839,0.52361,0
3.26312,0.15069,0
3.22333,0.18579,0
1.8287,-0.3661,0
2.41157,-1.07386,0
3.38415,0.42776,0
2.73232,0.15361,0
1.54563,-1.18862,0
2.08245,0.00756,0
3.37583,-0.94825,0
1.26178,-1.16892,0
0.30377,0.59272,0
1.8009,-1.16031,0
2.36973,-0.42458,0
3.18826,0.3745,0
2.97977,-0.6189,0
2.0873,-0.54409,0
2.59623,0.72552,0
1.85281,-0.95203,0
3.3471,-0.76337,0
0.74741,-0.16703,0
2.39366,0.76609,0
0.37876,1.13453,0
1.89315,-1.12196,0
3.14758,-0.6018,0
1.0902,-0.21059,0
3.14693,0.503,0
0.11409,-0.32096,0
-0.31961,0.62178,0
1.08832,0.5663,0
1.75683,-0.27517,0
0.52771,0.70665,0
2.96332,0.01048,0
3.40808,-0.10703,0
0.62572,0.30309,0
0.2325,-0.74876,0
2.30084,0.54784,0
3.21947,0.42482,0
2.46247,-0.56554,0
-0.30623,-1.04336,0
0.79676,1.23386,0
0.19592,-0.43393,0
-0.37011,-0.02009,0
2.19681,0.01823,0
0.05909,-1.19274,0
2.73605,-0.27032,0
1.37555,-0.27322,0
0.31446,-0.88695,0
0.80465,0.95576,0
0.68318,0.57109,0
0.18945,-0.03857,0
3.42669,1.15636,0
0.8465,0.6488,0
3.25192,-0.92977,0
0.47161,-0.84748,0
0.0764,-1.17209,0
2.59549,1.20427,0
0.37042,1.20676,0
0.46333,0.00497,0
1.76368,1.24854,0
0.74184,-0.84832,0
2.49647,1.10893,0
3.08155,-0.47257,0
-0.03344,-0.10435,0
1.09858,0.82953,0
3.26577,-1.23934,0
2.88494,0.49228,0
3.47572,-0.60291,0
0.15745,-0.59172,0
1.4831,-0.39437,0
2.87875,-0.47509,0
0.16882,-0.78921,0
0.1694,-1.22009,0
3.42496,-0.63241,0
3.02423,-0.82837,0
3.04264,0.89362,0
3.16762,-0.78616,0
2.73628,0.45889,0
0.46762,1.22559,0
3.35989,-1.01258,0
-0.21934,0.44236,0
1.49881,-0.63147,0
0.60569,-0.90975,0
2.99505,-0.8066,0
3.47129,-1.20941,0
0.29505,0.68559,0
2.21559,-1.13299,0
0.39311,0.71724,0
2.62254,-0.60901,0
1.041,1.07174,0
1.76587,-0.40363,0
1.80432,-1.16165,0
-0.40928,-1.00495,0
2.16861,0.50672,0
2.18597,-0.1881,0
-0.33466,1.07186,0
2.86595,-0.67784,0
0.86296,-1.08877,0
2.62681,-1.16335,0
1.28871,0.746,0
1.61684,-0.59859,0
0.82072,-0.28544,0
2.98973,0.48568,0
1.44362,0.89161,0
0.74763,-0.63431,0
0.44998,0.19598,0
3.4659,-0.22164,0
1.29807,-0.12393,0
2.66293,0.40587,0
1.49543,0.9988,0
1.93898,-0.63678,0
0.04886,1.08738,0
0.84363,0.24911,0
2.50612,-1.19212,0
2.80913,-1.18701,0
1.16176,0.79537,0
0.23158,0.352,0
0.57731,0.80827,0
-0.11247,-0.77908,0
3.23567,0.23545,0
2.03096,0.74712,0
2.19164,0.90865,0
1.55873,1.21213,0
2.64814,-0.53829,0
2.37125,-0.81419,0
-0.45842,-0.71236,0
2.76115,0.47157,0
2.94411,-1.08783,0
0.02775,-0.09199,0
1.76848,-1.08391,0
2.86402,0.49121,0
1.27536,1.1149,0
1.92706,0.44579,0
1.68922,0.42868,0
0.69148,-0.33167,0
2.96989,1.03799,0
2.45991,0.32024,0
-0.39745,1.18817,0
1.90116,-0.28451,0
1.40399,-0.93062,0
0.51786,-0.88204,0
1.92314,0.88009,0
1.34893,-0.40933,0
1.33656,1.12379,0
0.66628,0.16697,0
3.01356,0.63886,0
-0.35709,-0.15558,0
0.50858,-1.18654,0
1.85796,-0.13616,0
-0.46504,0.271,0
1.17219,0.98388,0
1.13847,1.15752,0
0.40107,0.40416,0
0.76831,0.26795,0
-0.21892,0.87452,0
2.5503,-1.14509,0
2.16251,-0.18508,0
0.5361,0.77024,0
2.55105,0.5258,0
3.05279,0.72142,0
1.03659,-0.41547,0
0.50613,-0.77598,0
1.52769,-1.1556,0
1.1701,0.9401,0
3.22227,0.7691,0
2.33537,-0.21263,0
1.84544,1.1066,0
2.85761,0.86434,0
1.80467,0.4413,0
3.08294,-0.4625,0
0.89961,-0.94722,0
2.9612,-0.94237,0
2.13624,0.82059,0
1.42948,0.78183,0
1.53611,0.22088,0
-0.26286,0.06994,0
2.54703,0.3696,0
0.81408,-0.6541,0
0.63445,0.87609,0
3.25418,0.91335,0
1.5242,-0.44644,0
0.77684,-0.72246,0
-0.2547,0.78484,0
-0.09228,-0.49582,0
1.75027,-0.46303,0
2.97422,-0.99451,0
2.95488,-0.60037,0
1.04898,-1.09008,0
0.69822,-0.58077,0
0.95138,-0.96663,0
1.21308,1.20172,0
1.16766,1.15768,0
1.08243,-1.14325,0
2.96869,0.78586,0
-0.00983,1.12869,0
0.27624,-0.22664,0
1.43575,0.6682,0
0.3468,-0.3306,0
0.24564,0.58843,0
0.42981,0.11749,0
-0.36682,1.10713,0
1.17257,0.98513,0
2.56366,1.08878,0
1.72679,0.1356,0
0.08809,1.00914,0
1.70026,-0.87054,0
1.6427,0.60783,0
0.43727,0.90146,0
0.03627,0.44818,0
0.85554,-0.98077,0
0.74895,-0.02294,0
2.73407,-1.148,0
3.38845,-0.5674,0
3.06931,0.36319,0
2.08159,0.73318,0
2.16545,1.02043,0
2.12157,-0.3693,0
2.68257,0.71036,0
2.65686,-0.85616,0
1.09211,-0.29492,0
2.77173,-0.24745,0
1.16449,-0.73135,0
1.48064,0.67967,0
1.07463,0.95016,0
2.82356,-0.83953,0
1.91504,0.10638,0
-0.12274,0.17813,0
1.31293,1.04435,0
1.34419,-0.05966,0
0.27452,-0.2396,0
0.01012,0.06218,0
2.57112,-0.03827,0
0.36939,1.06295,0
0.84209,-0.8671,0
1.89031,-1.214,0
1.87693,0.63428,0
2.58698,0.88203,0
1.96303,0.42675,0
0.3793,-0.36297,0
3.40588,-0.62251,0
3.15732,0.11672,0
1.01729,-0.56661,0
-0.13165,-1.1614,0
2.23731,-0.5907,0
2.66338,-0.32339,0
-0.45422,0.69042,0
2.04369,-0.64108,0
3.41218,-0.99428,0
2.90395,1.11538,0
0.05642,1.20523,0
-0.2618,0.54515,0
3.17922,0.64788,0
2.25264,1.0864,0
3.01846,-0.97521,0
2.06786,-0.96059,0
-0.34677,0.81059,0
3.46183,0.384,0
0.45447,-0.07174,0
-0.12939,0.08514,0
0.17396,-0.87396,0
2.10691,1.21533,0
3.43449,-0.59217,0
2.0862,-0.37458,0
-0.49157,0.51129,0
0.73291,1.14975,0
2.3747,-1.15843,0
0.87073,0.24806,0
1.2691,-0.13604,0
1.39087,0.96416,0
1.72906,-0.91871,0
0.84998,-1.02222,0
0.76872,-0.05346,0
0.69509,0.63154,0
0.42604,-0.70879,0
2.33798,0.29135,0
-0.34445,-0.35758,0
0.547,0.2856,0
2.66726,0.12053,0
-0.14838,-0.36051,0
0.19402,-0.47048,0
-0.15271,0.85982,0
1.31169,-0.49523,0
3.23618,1.15658,0
2.97412,-0.58351,0
0.53605,0.30203,0
1.69928,0.16808,0
0.43165,0.1922,0
2.36211,0.97056,0
0.68017,0.11584,0
1.60806,0.87461,0
0.05895,-0.2971,0
2.90351,0.26653,0
2.69917,-0.6743,0
3.10491,-0.97286,0
-0.38805,0.06725,0
0.06988,0.46656,0
2.01362,-0.08408,0
0.81426,-0.32041,0
0.85786,0.76847,0
2.16887,1.07825,0
2.01272,0.72463,0
0.10067,-0.34672,0
0.93727,1.05584,0
1.46063,1.20582,0
0.6181,0.87444,0
1.83959,-0.06096,0
1.53245,0.26326,0
2.29697,-0.4449,0
1.05338,-0.30165,0
2.76023,0.8355,0
0.11128,-0.34875,0
0.47917,-0.34373,0
1.737,0.79804,0
2.54375,0.69436,0
0.68472,0.93559,0
0.43222,-0.39281,0
1.30536,-0.28825,0
-0.27239,1.23876,0
-0.2537,0.67673,0
1.48418,0.53596,0
0.79329,-0.00087,0
1.2657,-1.20006,0
0.74603,-0.22764,0
0.77347,-0.28431,0
0.30888,1.22692,0
0.50212,-0.79969,0
-0.26282,0.94916,0
2.02782,1.10296,0
1.50919,-1.19847,0
2.77521,-0.08354,0
2.29614,-0.75467,0
1.31045,-0.23162,0
1.92182,0.15918,0
1.512,-1.12917,0
3.10512,0.39455,0
2.23217,0.49206,0
2.48346,-0.8379,0
2.60542,-0.26773,0
1.73139,0.88713,0
1.56061,1.01548,0
3.10046,-1.04832,0
0.98377,-0.93543,0
0.93845,0.2073,0
0.73043,0.93963,0
-0.28282,-0.14816,0
0.10015,0.63025,0
-0.37196,0.42178,0
0.70721,0.67327,0
2.48681,-0.0047,0
2.64101,-1.11511,0
2.08685,0.68257,0
0.1461,-1.10726,0
0.17347,1.11769,0
1.59577,-1.02969,0
0.37401,0.10786,0
-0.24434,0.25676,0
0.93446,-0.37411,0
0.88172,0.3407,0
3.20329,-0.63735,0
0.92809,-0.25726,0
2.86821,0.14429,0
0.84002,-0.30975,0
1.17952,-1.13512,0
3.29439,0.92327,0
0.21729,0.10512,0
1.89155,-0.84233,0
-0.19841,-0.95226,0
1.91409,1.11206,0
1.21997,-1.21456,0
0.69988,-1.16731,0
0.95093,0.89461,0
3.38508,1.11311,0
1.02675,-0.42239,0
2.42743,1.23922,0
2.52458,-0.38603,0
0.15686,1.06652,0
1.58427,0.23507,0
2.11091,-0.75778,0
0.43068,-0.96088,0
0.25339,-0.03303,0
1.73379,0.47097,0
1.96594,-0.15401,0
3.18164,0.66386,0
-0.46081,-0.10322,0
0.27537,0.21049,0
0.54504,-0.35418,0
0.32746,1.12259,0
-0.14267,-0.38634,0
-0.24951,0.36812,0
0.9294,-0.31857,0
-0.1369,-1.05802,0
2.54224,-0.94064,0
-0.02567,-0.10917,0
1.14121,1.04754,0
2.56538,-0.99107,0
1.40239,-0.1211,0
1.81853,-1.124,0
3.2579,1.07045,0
1.3111,-0.98629,0
1.70737,0.35865,0
3.01304,-1.11504,0
2.47907,0.2896,0
-0.39604,0.24309,0
2.78709,0.132,0
2.62222,1.19873,0
0.44939,0.81802,0
0.57227,-0.66828,0
1.7397,0.72787,0
1.18769,-0.41341,0
2.2023,0.5899,0
1.85402,0.62323,0
0.86918,0.47794,0
1.10881,0.84381,0
1.68706,-0.99712,0
-0.48151,0.20505,0
1.84513,-0.27872,0
1.92486,0.9755,0
2.81002,0.00997,0
3.0892,-0.14049,0
0.88979,0.76782,0
2.69226,1.20038,0
2.98451,-0.25156,0
-0.05133,-1.03901,0
2.09868,-1.16868,0
0.11234,-0.61388,0
2.2074,0.45474,0
0.79738,-0.21579,0
1.74273,-0.83507,0
1.10307,-1.12335,0
0.94977,-0.04739,0
3.3195,0.77832,0
1.18113,0.49918,0
0.70333,0.5073,0
0.73826,0.82644,0
0.45807,-0.29053,0
1.35319,0.67929,0
-0.28506,-0.8799,0
3.2593,0.25228,0
1.35054,0.37376,0
3.22678,0.43449,0
2.4508,1.10319,0
0.40943,0.15373,0
-0.31276,-0.28159,0
3.41601,0.80332,0
1.32679,-0.91567,0
1.05929,-0.68685,0
0.20698,-1.05232,0
1.93547,-0.42465,0
1.30144,-0.3961,0
3.40803,0.83057,0
3.27804,0.27653,0
1.2211,1.07014,0
0.1299,1.17323,0
0.48052,1.07563,0
0.64355,1.06183,0
0.53624,0.49838,0
1.06287,0.12701,0
2.45548,-0.39062,0
1.3822,0.98041,0
0.75849,-0.04819,0
0.60613,-0.91165,0
3.39193,0.40158,0
0.75139,-1.16416,0
1.12844,0.47376,0
1.33881,0.04101,0
2.15081,1.04777,0
0.98455,-0.27414,0
0.25505,-0.74009,0
2.19417,-1.14029,0
1.21876,-0.61569,0
2.28033,-0.69062,0
0.18863,1.12093,0
0.04659,0.06817,0
0.10884,1.02048,0
1.81297,-0.75741,0
-0.46897,-1.06174,0
0.21976,-1.11674,0
0.0974,-0.41687,0
2.02011,1.02431,0
0.43511,0.3332,0
0.7018,0.70571,0
1.03744,-0.50241,0
2.14099,-0.25452,0
1.79075,-0.34808,0
-0.30603,1.10878,0
1.41538,0.1607,0
3.28475,1.12619,0
3.15666,0.92481,0
0.80955,-0.72532,0
0.15426,-1.05196,0
0.32835,0.5018,0
1.94859,0.64153,0
0.78992,0.54023,0
2.78822,-1.16111,0
-0.35318,-0.66976,0
0.64322,-1.21677,0
1.76437,-1.00038,0
-0.36719,0.63109,0
3.44823,-0.68395,0
3.42352,-0.38486,0
3.31986,0.54254,0
2.60548,0.54016,0
2.89752,0.99744,0
2.45603,-0.58243,0
3.48575,0.40227,0
0.82275,0.14486,0
1.99077,0.42648,0
0.81248,1.15881,0
-0.42487,-0.04663,0
1.95541,-1.15049,0
2.91176,0.45828,0
0.83081,1.02689,0
2.31588,0.9137,0
1.56609,0.26986,0
3.34943,-0.26651,0
1.58018,-1.14273,0
1.69587,0.87941,0
0.10424,-0.96429,0
3.13352,-0.13473,0
-0.42346,1.15929,0
1.64037,0.60129,0
1.07333,0.42429,0
0.69674,0.24872,0
-0.13877,-0.38723,0
0.50428,1.24839,0
1.74766,-0.14416,0
2.84803,1.17555,0
2.56761,0.72283,0
3.33849,0.24613,0
0.75895,0.53456,0
0.18521,1.24997,0
-0.45942,-0.49531,0
2.48234,-0.21415,0
2.88407,-0.48218,0
0.84988,0.30171,0
-0.35484,-0.30997,0
0.7699,-0.93542,0
0.00281,0.72462,0
0.26927,-0.17386,0
-0.34615,-0.15591,0
2.11108,0.74575,0
2.00944,0.61952,0
-0.32049,0.67222,0
2.23637,-0.64403,0
1.7892,-0.06391,0
0.74676,-0.25377,0
-0.44701,-0.9672,0
1.63019,-1.23915,0
1.89632,-1.20751,0
1.96705,0.21747,0
3.46556,-0.68049,0
2.19872,0.39071,0
0.69417,-0.75577,0
3.10062,0.53526,0
-0.08838,-0.19169,0
2.53874,0.94647,0
2.21462,-1.00788,0
0.23523,-0.3222,0
2.83931,-0.52381,0
0.9468,-1.23002,0
1.85856,0.66266,0
2.07638,1.21518,0
0.68867,-0.5942,0
3.00882,-1.14504,0
2.21416,1.17574,0
3.29589,0.97999,0
-0.46738,1.24699,0
0.06432,-0.87473,0
2.33121,-1.02246,0
2.97263,1.10573,0
2.54116,0.99595,0
2.56221,-0.88151,0
2.94032,-1.21629,0
0.79867,-0.83264,0
1.56887,-1.11947,0
2.63248,-0.848,0
3.3162,1.10757,0
0.02026,-1.15691,0
3.34405,0.56188,0
0.68954,-0.46648,0
0.86576,-0.74899,0
2.96953,0.7162,0
0.33851,-1.04843,0
0.30867,0.80162,0
2.90931,1.22796,0
0.17726,-1.21989,0
1.65871,-0.98429,0
2.65696,0.42852,0
1.41973,0.64554,0
1.06376,1.09807,0
1.3698,-0.00518,0
-0.45422,-1.17598,0
2.75665,-0.60482,0
0.28834,0.10317,0
1.92287,-0.82759,0
2.92088,-1.0111,0
3.30428,-1.20794,0
1.74604,1.03981,0
0.46918,0.74009,0
0.29603,0.17966,0
3.37533,0.02599,0
2.89778,-0.52036,0
0.14229,-0.13566,0
1.3904,0.19751,0
3.36806,-0.45742,0
3.42027,0.02313,0
2.04571,0.99407,0
-0.27037,-0.0257,0
-0.09305,1.07277,0
-0.48897,-0.86689,0
3.13306,-0.70093,0
3.12367,-1.13949,0
1.71706,1.14277,0
2.54116,-1.10672,0
0.62307,0.7808,0
0.77007,0.86223,0
1.97528,0.263,0
0.27951,0.95596,0
1.23624,0.83667,0
1.42463,-9e-05,0
0.19867,-0.27662,0
2.52965,1.01784,0
1.68852,-0.0245,0
2.14015,-0.9296,0
1.53526,-0.27233,0
2.29061,0.1056,0
1.21981,-0.98988,0
2.5506,-0.6874,0
1.94577,0.33582,0
0.29402,-0.31817,0
1.88708,-0.02131,0
2.94996,-0.1251,0
2.43278,0.2336,0
0.32012,-0.01158,0
1.6128,-0.98824,0
1.98175,0.80738,0
2.40807,-0.44516,0
1.33735,0.88417,0
1.02929,-1.1693,0
0.6347,-0.85084,0
1.85374,0.30267,0
-0.29583,-0.51055,0
0.22899,-0.73229,0
2.94231,-1.23392,0
2.07793,-1.08854,0
1.92158,-0.11413,0
1.38728,-0.60327,0
-0.11704,0.67268,0
0.84766,1.13326,0
-0.44764,-0.84319,0
3.42438,0.34717,0
2.02621,0.42679,0
0.30376,-0.55327,0
2.83652,0.89029,0
2.53058,0.29593,0
1.4967,0.52637,0
3.4381,-1.02513,0
2.0828,-0.412,0
-0.31747,-0.5815,0
1.92932,-0.16586,0
2.31095,1.10943,0
0.89331,0.21852,0
2.49206,1.24071,0
3.11608,0.76845,0
1.97772,-0.52051,0
2.9958,0.36524,0
0.82551,-0.96649,0
0.36298,1.03385,0
2.82673,0.02474,0
0.28336,-0.98716,0
-0.32188,1.13303,0
-0.16961,0.08698,0
0.43238,0.61715,0
-0.22595,0.92929,0
1.8505,0.75021,0
0.94142,0.88067,0
2.03319,-0.31249,0
-0.08667,0.37203,0
3.10996,-0.25511,0
0.65394,-0.89667,0
1.18643,0.74661,0
3.07756,-0.44528,0
0.67618,1.09563,0
1.07454,-1.18428,0
0.74573,-0.35396,0
0.58236,-0.46269,0
2.93115,-0.47112,0
2.49869,-0.0166,0
-0.14542,0.92324,0
1.04214,-0.42644,0
2.90773,0.16392,0
1.46253,0.32645,0
1.83298,-0.7883,0
3.06954,-0.25889,0
-0.05028,-0.36881,0
2.50245,1.22023,0
0.8508,-0.77319,0
-0.08767,0.13877,0
-0.31218,-0.0753,0
2.82475,0.51141,0
1.7544,0.12553,0
0.31886,0.08694,0
0.89347,-0.54823,0
2.18175,0.7683,0
-0.27871,1.0217,0
-0.37853,-0.76715,0
0.63758,0.41329,0
0.51571,-0.70275,0
0.83285,-0.0102,0
1.97207,0.98249,0
0.80145,0.23375,0
1.45612,-0.87962,0
2.09156,1.2249,0
1.63435,-1.09785,0
2.4783,-0.44633,0
2.7571,1.08876,0
2.5224,0.96105,0
-0.4442,-0.44554,0
-0.29514,-0.22428,0
0.0328,-0.49894,0
0.24794,0.40474,0
2.66202,-0.29472,0
2.14761,0.72514,0
0.9601,-0.1956,0
0.70811,0.10954,0
1.70093,0.54883,0
1.84589,-0.817,0
0.31223,-0.68324,0
1.58417,-1.17464,0
3.13031,-1.08301,0
2.04089,0.57099,0
-0.38784,-0.18219,0
2.1599,-0.25799,0
2.00983,-0.52612,0
2.64724,-0.039,0
1.87128,-0.42443,0
0.58882,-1.18075,0
3.11977,-0.55025,0
1.31502,0.29531,0
1.50406,-0.60592,0
1.83995,-1.04635,0
3.06225,-0.06164,0
1.29214,0.01976,0
1.03805,-1.22754,0
-0.16078,0.21023,0
1.84121,0.03452,0
2.06889,0.94838,0
2.53082,-0.6478,0
-0.34269,-1.06701,0
2.4586,0.69733,0
1.54808,1.09172,0
-0.36766,-0.67311,0
2.85985,0.64269,0
2.73241,0.63694,0
1.42281,0.96296,0
0.88232,0.01491,0
0.02196,-0.32965,0
-0.14557,-0.48813,0
-0.36678,1.03514,0
0.62087,0.21544,0
2.81969,-1.03981,0
2.29475,-0.02965,0
1.45722,-0.49455,0
1.3315,0.75507,0
-0.28553,-0.55099,0
2.04634,0.79463,0
0.17459,-0.07321,0
0.07992,-0.40025,0
2.59951,0.93971,0
-0.28527,-1.15676,0
0.29382,-1.18547,0
1.05799,-0.87115,0
0.1275,0.45126,0
0.564,0.94203,0
1.87427,-1.01814,0
2.51155,0.86967,0
1.91976,0.84012,0
0.83588,-0.88994,0
-0.21813,0.21225,0
0.87033,0.15035,0
2.27116,-0.71412,0
2.63638,0.22823,0
0.4673,0.76685,0
2.26608,1.21227,0
0.24763,0.62694,0
1.81304,-0.73976,0
3.08041,-0.9595,0
1.01251,0.68286,0
1.33919,-0.70261,0
-0.32924,1.00238,0
2.92705,-0.03103,0
0.91858,0.94562,0
0.56071,-0.02336,0
2.92425,-1.0051,0
2.01303,0.93236,0
2.10779,0.22441,0
0.03884,-0.25558,0
1.69854,-1.1061,0
1.4427,-1.18839,0
0.34917,-0.88962,0
0.32823,-1.13169,0
3.24097,-0.35761,0
1.89987,1.11651,0
-0.22688,0.59285,0
2.72138,0.00529,0
3.32583,-0.74703,0
2.76167,0.37342,0
2.13121,-1.07263,0
0.25498,-0.35667,0
2.00868,0.54367,0
1.0569,1.21971,0
1.69432,0.92434,0
1.71794,0.11945,0
0.54113,-1.00896,0
1.08595,-0.35245,0
0.37741,0.0921,0
2.20461,0.29009,0
1.59803,0.72936,0
2.07682,-0.56482,0
1.2212,-0.47703,0
3.35219,-0.34025,0
-0.22861,-0.31136,0
-0.21286,0.59752,0
-0.46817,1.10474,0
2.81211,0.91031,0
2.134,-0.92705,0
-0.02953,0.23515,0
0.39968,0.65548,0
1.62866,-0.4681,0
3.46157,0.86697,0
2.25629,-1.1353,0
0.31784,-0.6231,0
1.73673,0.05058,0
-0.4918,-0.62935,0
0.48327,-1.16563,0
-0.00506,-0.11924,0
1.09528,0.0832,0
2.89867,1.15864,0
0.13062,0.15573,0
2.60182,-0.15529,0
0.57688,0.73127,0
3.45467,0.34179,0
0.10461,-0.03676,0
0.67174,0.52309,0
1.29202,-0.22909,0
1.60611,0.10831,0
2.82133,-1.09101,0
0.34224,0.47297,0
0.90566,-0.497,0
3.31672,-0.48309,0
1.34557,-0.30149,0
0.67194,-0.75045,0
0.14039,0.41927,0
2.79553,0.64755,0
0.70987,-0.8389,0
1.4851,-1.23324,0
1.58442,-0.46313,0
1.12465,-0.3997,0
1.26945,0.41294,0
-0.05895,0.25239,0
0.23124,0.93013,0
1.53623,-0.75712,0
1.17527,-0.87958,0
2.69922,-0.09735,0
0.15813,-1.09929,0
2.5578,-0.23216,0
2.69218,-1.21088,0
3.07705,0.19472,0
2.99427,0.0803,0
2.89174,0.16035,0
0.21324,-1.00342,0
2.6678,-0.73696,0
1.47811,-0.42979,0
0.16301,-0.02823,0
0.92961,1.0614,0
0.32931,-0.4095,0
1.25985,0.61394,0
0.3942,0.55204,0
0.86684,0.48958,0
2.98329,-0.77775,0
0.09191,-0.61367,0
2.74012,0.03031,0
1.0519,-0.12184,0
0.80435,-0.14746,0
2.98964,0.52808,0
2.0189,-0.88649,0
2.73538,-1.14934,0
2.34036,0.98951,0
1.26846,-0.20647,0
1.1584,-0.1127,0
-0.32001,1.14719,0
3.49138,-0.01997,0
3.42437,0.76136,0
2.69886,0.08443,0
2.60601,-0.17125,0
2.37077,-1.04335,0
1.88779,0.30217,0
2.31963,0.10845,0
3.37333,-0.03365,0
2.05609,1.17905,0
1.95812,0.93966,0
-0.09747,1.10631,0
0.98956,-0.1787,0
0.97552,0.25415,0
1.23069,-0.72567,0
-0.22229,-0.89101,0
-0.24017,-1.245,0
1.53327,-0.73818,0
0.1128,1.03932,0
3.23392,1.04038,0
0.95316,0.90889,0
2.85615,0.99959,0
2.6306,1.09728,0
1.70647,0.42981,0
0.05531,0.37436,0
0.43193,0.36657,0
1.12926,0.4543,0
-0.19492,0.81499,0
1.79851,1.16684,0
0.41182,0.2673,0
2.86319,-1.1592,0
0.77388,0.25319,0
0.57155,0.99004,0
3.20686,0.12322,0
-0.0517,-0.09079,0
0.20243,-0.24625,0
2.28299,-0.66965,0
0.40154,-0.38529,0
2.89379,-0.78743,0
1.23114,-0.12392,0
2.94752,-0.50435,0
0.93248,-1.06462,0
0.71561,0.5207,0
1.25764,0.84845,0
0.19949,-1.20441,0
1.41294,-1.04195,0
1.20344,-0.48075,0
-0.02381,-1.22334,0
0.55544,-0.52501,0
1.87995,-1.11651,0
-0.30863,1.17008,0
3.03637,0.66447,0
3.40965,0.09712,0
2.77875,-0.78715,0
-0.03385,-0.72383,0
1.60433,-1.08277,0
0.44415,1.16004,0
2.75075,-0.85715,0
2.63644,0.71866,0
0.45548,-0.62683,0
1.21268,0.69551,0
-0.49714,0.12543,0
1.78197,1.03958,0
3.36808,-0.44537,0
1.94669,-0.8198,0
2.98868,-0.35038,0
-0.22054,-0.23385,0
1.55596,-0.16052,0
1.39851,-0.06836,0
3.47179,1.08345,0
0.64628,-1.16092,0
-0.03446,0.38462,0
3.07549,0.03553,0
0.36612,0.51415,0
-0.02203,-1.08407,0
1.01081,0.79317,0
2.89783,-1.08057,0
3.3485,0.99775,0
2.6017,0.22742,0
0.66134,0.65226,0
0.09159,-0.66496,0
-0.46936,-1.14582,0
0.35509,0.68905,0
-0.17852,0.58728,0
0.85397,-1.20713,0
0.88602,0.81829,0
1.40249,-1.16024,0
0.92075,-0.07247,0
0.93723,-0.60221,0
-0.11739,-0.25243,0
3.20537,0.1853,0
1.57861,0.12373,0
-0.05606,-0.61589,0
1.72075,0.64288,0
3.19638,-1.12726,0
3.15646,-1.2,0
2.65298,-1.14479,0
2.58076,-0.25523,0
-0.42141,1.19122,0
0.95472,-0.72131,0
0.0404,1.22592,0
2.35673,0.72903,0
0.16659,-0.13804,0
0.91929,-0.15732,0
0.73684,-1.03906,0
0.10619,-0.80836,0
2.09867,0.75425,0
0.63881,-0.33997,0
3.42089,1.22789,0
-0.1709,0.72824,0
2.68066,-0.0567,0
1.83571,0.60651,0
0.08855,-0.91384,0
2.81242,0.158,0
-0.32005,1.10998,0
2.40618,0.24421,0
3.35648,-0.21616,0
-0.24101,0.96632,0
0.83084,-0.41445,0
-0.10563,0.81597,0
0.06956,-0.78043,0
-0.48762,0.65271,0
2.82014,-0.11828,0
3.06614,-0.03,0
1.19332,0.52459,0
-0.3915,-0.15606,0
1.46854,-0.78956,0
-0.0103,-1.169,0
2.72866,-1.02789,0
1.12739,1.05611,0
2.0079,0.39969,0
-0.47683,-0.44091,0
3.44275,0.39183,0
0.93238,-0.79614,0
-0.36701,-0.66308,0
1.65533,0.38552,0
-0.15274,0.43537,0
3.21713,-0.54227,0
-0.23593,-0.09614,0
-0.04046,1.19558,0
0.55216,-0.09847,0
0.89235,-0.23898,0
1.12206,0.00744,0
1.38367,1.05518,0
1.43182,-1.20765,0
-0.32772,0.26065,0
2.33848,-0.2234,0
2.48395,-0.79749,0
2.34293,0.43364,0
0.64034,-1.16689,0
0.80773,-0.82303,0
0.66314,-0.94375,0
1.25661,-0.94951,0
2.54404,0.06917,0
3.06032,-1.19659,0
1.01172,-0.19375,0
2.54228,1.00747,0
-0.2218,-0.79887,0
0.42087,1.03773,0
2.90628,0.04995,0
2.62907,-0.06142,0
1.63232,-0.30395,0
1.1297,-0.28213,0
0.70284,-0.84525,0
3.11842,0.82761,0
2.46117,1.1865,0
-0.03023,0.45981,0
3.42862,0.70325,0
-0.45608,0.9357,0
-0.17332,0.15129,0
2.78945,-0.52056,0
2.93218,-0.10691,0
-0.35719,0.24774,0
0.43371,-0.22941,0
1.31493,-0.50818,0
0.36353,-1.05208,0
-0.00431,-0.77483,0
2.81968,0.18812,0
2.06946,-0.36656,0
0.96574,-1.23149,0
1.52753,1.0723,0
-0.16814,0.2592,0
0.86795,0.91015,0
2.45451,-1.05906,0
0.87601,-1.00121,0
2.44089,-0.71768,0
1.06077,-1.23064,0
2.13408,0.12515,0
0.4674,-0.64905,0
1.01512,0.47818,0
0.78961,0.08852,0
-0.32092,-0.91628,0
0.37547,0.27679,0
1.54043,0.43176,0
0.87802,-0.88931,0
2.16579,-1.15836,0
0.8412,-0.76233,0
2.49151,-0.10076,0
1.19586,1.15207,0
1.22563,1.04294,0
1.70925,-0.65792,0
2.82412,-0.21465,0
2.22817,-0.96794,0
1.05441,-0.67455,0
1.13029,0.76761,0
1.1179,-0.16664,0
-0.11482,-0.06866,0
1.80109,-0.20517,0
0.41263,0.69009,0
1.71132,0.54251,0
3.03871,0.94307,0
0.7825,0.45572,0
3.49073,0.47062,0
2.36833,-0.893,0
1.90645,-0.00141,0
3.43997,-0.75331,0
2.41535,0.15749,0
0.98326,-1.1151,0
3.37168,-1.24398,0
1.3119,1.17279,0
0.50523,1.15781,0
2.10631,0.20368,0
2.61418,1.07702,0
0.39833,0.62254,0
2.56907,0.96136,0
3.38966,-0.67519,0
2.60685,0.97026,0
0.44153,0.95075,0
3.09712,-0.17468,0
0.82684,-0.16716,0
1.05616,0.37896,0
2.44188,-0.77142,0
3.30918,-0.90794,0
0.89276,-0.73702,0
0.44457,1.04093,0
1.215,-0.38576,0
-0.0499,0.72121,0
0.75135,-0.98015,0
3.48548,0.58873,0
0.25419,-1.16766,0
1.26364,0.49875,0
2.11042,-1.14356,0
0.90735,0.38579,0
0.46535,0.10446,0
0.57462,-0.80525,0
1.3962,1.07356,0
3.42822,-0.05049,0
2.52114,1.02796,0
0.01073,-0.14118,0
3.32008,0.38917,0
2.6993,-1.2037,0
0.77018,-0.5003,0
0.75665,-0.18363,0
2.33399,1.21035,0
2.19816,-1.04279,0
1.13135,-0.31235,0
0.90966,0.52804,0
1.95685,1.06841,0
0.49648,1.007,0
0.61835,0.97097,0
1.84474,0.0065,0
2.40569,0.67312,0
3.27953,0.71499,0
0.68327,0.7299,0
-0.09994,-0.8005,0
1.7912,0.86287,0
1.10228,-0.40687,0
1.08812,0.1906,0
-0.20612,0.9013,0
1.54322,0.57571,0
3.46444,0.90815,0
-0.07104,0.32775,0
3.33813,-0.78681,0
0.74027,0.9334,0
3.14269,-0.66478,0
3.31645,0.64158,0
2.39853,-0.96926,0
0.21881,0.37047,0
-0.28198,-0.9548,0
2.55611,1.08298,0
0.88891,-0.80928,0
0.6489,-0.72716,0
0.84461,-0.26493,0
0.6659,-0.09416,0
1.31707,0.68053,0
-0.15141,0.06849,0
2.72617,-0.53604,0
1.2215,-1.11885,0
2.77903,-0.78131,0
1.12865,-0.79281,0
1.50405,0.81346,0
0.88339,1.21113,0
1.52262,0.71576,0
0.02151,0.60758,0
3.30058,1.16547,0
1.60996,0.20537,0
0.89849,-0.98065,0
0.61865,0.46582,0
3.41477,0.25731,0
1.23012,-1.15997,0
2.48363,-1.1568,0
2.73679,0.56266,0
1.31943,0.4411,0
1.93471,0.14002,0
2.10946,0.94173,0
3.45377,-0.10445,0
0.48406,-0.6083,0
1.78765,-0.27716,0
0.86144,0.03808,0
2.63595,0.02371,0
0.49692,-0.77175,0
2.58341,0.67585,0
-0.34111,0.53224,0
2.03084,-0.65824,0
2.24307,-0.92499,0
2.87292,-0.57692,0
0.8936,-0.57452,0
3.13304,-0.61281,0
2.41252,0.48554,0
2.30696,0.55634,0
1.80168,-1.22263,0
0.37664,-0.85626,0
1.643,0.35451,0
3.23075,0.46302,0
0.92922,-1.04622,0
3.334,0.26109,0
0.73722,-0.56762,0
-0.43505,0.31231,0
-0.34992,1.17983,0
2.54272,-1.12639,0
3.29237,0.08005,0
3.32173,0.35202,0
0.41301,0.98162,0
3.2981,0.46979,0
2.82591,-0.30674,0
0.41301,1.22619,0
-0.30544,0.58601,0
3.39489,0.60221,0
2.55464,-0.73914,0
1.6872,-0.2788,0
3.2778,-1.20871,0
1.19144,1.07311,0
-0.01928,0.38381,0
1.67402,0.86063,0
1.95077,0.5157,0
1.31816,0.77139,0
1.05497,0.08876,0
2.2512,0.93561,0
-0.16048,0.03636,0
2.57997,-1.00337,0
1.21796,0.69273,0
3.45937,-0.24789,0
0.27435,0.88338,0
-0.46258,-1.07115,0
1.48861,0.20557,0
-0.37592,0.39056,0
1.81238,-0.65095,0
0.95009,-0.82394,0
1.30893,0.56866,0
-0.37332,-0.64853,0
0.2479,-0.69405,0
2.72081,1.19987,0
1.68263,-0.32776,0
3.41345,0.1537,0
2.97299,-0.69455,0
1.00556,0.76518,0
1.07513,-0.90933,0
0.23817,0.51452,0
-0.29682,-0.07243,0
1.00629,-0.99196,0
2.32619,0.10265,0
1.87196,-1.18822,0
0.69656,-0.55757,0
-0.30296,-1.04566,0
2.12761,0.475,0
2.53549,-1.03414,0
-0.45787,-0.61417,0
1.68457,0.56562,0
1.49531,1.18998,0
0.59918,-0.11759,0
-0.45356,-0.42217,0
2.76192,1.10945,0
0.11709,-0.13379,0
0.13183,-0.19591,0
-0.00446,-0.97609,0
-0.20609,0.00551,0
0.26422,0.62832,0
0.64542,1.08375,0
3.386,0.68215,0
0.1248,0.46075,0
2.7784,-0.22722,0
0.74164,1.09764,0
-0.36191,-0.70787,0
1.78172,1.16403,0
-0.08148,-0.18793,0
2.24503,-1.22675,0
0.6701,0.85894,0
-0.43819,1.00145,0
1.5854,0.26206,0
3.32999,0.14407,0
1.93128,1.17094,0
2.8961,-0.59057,0
1.32104,0.71077,0
1.61011,-0.4269,0
-0.32132,0.55399,0
1.95186,-0.36413,0
3.25194,1.12969,0
0.42596,0.33169,0
-0.38941,-0.06839,0
0.32405,-1.23001,0
1.41301,-0.45701,0
0.089,-0.32272,0
2.78225,0.29005,0
3.43877,0.09476,0
1.36244,1.06467,0
1.19239,0.09042,0
2.97077,0.74422,0
2.39779,-0.99366,0
1.96249,-0.7395,0
3.40985,-0.70585,0
1.12242,0.59429,0
3.33744,0.04717,0
-0.37995,0.80848,0
1.79005,-0.15772,0
1.22677,0.73644,0
0.96437,-0.9891,0
2.86326,-0.69445,0
0.46878,1.05734,0
3.06628,0.29717,0
1.62761,-0.59503,0
2.56359,-0.5945,0
2.67692,-0.49326,0
1.22367,1.22867,0
2.39298,-0.86514,0
2.74942,-1.10908,0
3.41804,1.02656,0
1.3206,0.79078,0
2.51699,-0.84891,0
3.36729,0.19518,0
1.96193,-0.39985,0
3.48849,-0.12009,0
0.25491,-1.17845,0
1.07858,-0.68825,0
1.99003,-0.82896,0
0.04277,1.06699,0
3.41894,-0.88925,0
2.66189,0.52688,0
0.54862,-0.56737,0
-0.08788,-0.57992,0
-0.08359,-0.71188,0
0.23926,0.87589,0
0.03327,-1.19636,0
2.84186,-1.07295,0
0.25039,-0.31212,0
2.38856,-0.65515,0
1.50605,-1.12647,0
-0.18866,-0.86991,0
-0.341,-0.42779,0
0.21557,0.17682,0
0.34528,-0.94934,0
0.16277,-0.94998,0
0.66247,-0.63849,0
3.23388,-1.16407,0
2.24415,0.93681,0
3.24196,-0.98665,0
0.35829,-0.13131,0
1.36211,-0.97348,0
1.84497,0.42822,0
1.99567,-0.45385,0
3.35331,1.07297,0
0.13939,0.61276,0
3.45236,-0.19215,0
-0.07981,0.83241,0
2.03482,-0.01331,0
-0.10412,0.23594,0
1.8713,-0.79145,0
2.79185,0.59958,0
2.00068,0.60011,0
3.35651,1.02039,0
1.12492,0.58327,0
3.44748,-0.04508,0
3.48378,-0.82309,0
1.47278,0.01985,0
-0.42747,0.96752,0
-0.47256,-0.78733,0
3.0584,0.90825,0
0.6174,-0.98052,0
3.09337,0.12754,0
0.05476,0.28054,0
0.29122,-0.73217,0
-0.35157,-0.018,0
1.43352,-0.78762,0
3.32356,0.84822,0
0.27287,0.6919,0
0.83817,-1.19274,0
1.27916,0.77054,0
1.94754,-0.4485,0
3.4295,1.0985,0
3.25235,-0.14515,0
1.96171,-0.99434,0
0.35239,0.40081,0
1.35597,0.83426,0
2.74913,0.72697,0
3.24901,0.09494,0
0.93109,-1.04626,0
2.44224,-0.73396,0
3.17689,0.9903,0
3.09037,0.38043,0
0.54866,-1.11917,0
3.49944,-0.30289,0
3.05572,-0.19777,0
2.86283,0.06402,0
0.69966,1.12111,0
1.42197,0.67084,0
-0.1403,0.37772,0
2.50187,-0.81288,0
1.21338,-0.58656,0
1.93691,0.73458,0
2.39959,-0.71362,0
-0.21327,-0.97861,0
3.44707,-0.29589,0
2.31321,0.29135,0
1.8622,-0.5535,0
2.63678,-1.19677,0
3.10268,-0.21087,0
3.06646,-0.89254,0
3.41921,0.07677,0
0.1455,-1.12661,0
3.48312,-1.17076,0
2.22758,-0.77458,0
3.00137,-0.88655,0
3.24952,0.7556,0
2.63712,-0.25338,0
3.17353,-0.39402,0
0.36315,0.83251,0
2.17534,-0.64913,0
1.4557,0.0472,0
3.06309,-0.19637,0
0.28163,0.70754,0
2.84389,-0.13802,0
1.00739,-0.09485,0
1.08104,0.67046,0
2.06456,-0.94049,0
-0.22057,-0.65882,0
3.444,0.85247,0
1.22944,0.94064,0
3.29789,-1.0055,0
0.17596,-0.90796,0
0.31018,-0.56094,0
-0.42298,0.81375,0
1.94178,0.09959,0
2.11454,0.17772,0
-0.17953,-0.28008,0
1.75748,-0.90928,0
1.84203,-0.4627,0
0.57198,0.97634,0
1.45511,-0.82832,0
0.5499,0.2979,0
2.5449,-0.39418,0
0.55789,-0.20392,0
-0.27183,1.02073,0
-0.2545,-1.16258,0
1.62582,-0.22233,0
2.0245,0.28871,0
2.11528,0.90329,0
1.80449,0.16094,0
3.24175,-0.36848,0
0.68147,1.03001,0
-0.11126,1.03776,0
3.41526,-0.96122,0
0.19294,-0.45007,0
-0.14176,-1.18799,0
3.42934,-0.27478,0
2.27098,-1.16789,0
3.02679,0.04481,0
1.63161,0.75821,0
0.95155,-1.02555,0
1.26679,0.55472,0
2.12546,-0.63969,0
2.09315,-0.16491,0
2.85673,0.4919,0
1.12217,0.20649,0
1.4791,0.62267,0
0.47439,1.1843,0
2.99098,-0.66115,0
2.6702,0.02785,0
2.64262,-0.02332,0
2.97071,-0.21924,0
2.34181,0.54552,0
2.68749,0.37926,0
2.68865,-0.61183,0
1.91707,-0.11262,0
0.10763,0.99706,0
2.21593,0.20489,0
2.58691,0.41295,0
3.27274,-1.07703,0
0.49133,-1.23742,0
-0.37873,1.21493,0
1.52664,-0.09688,0
2.08781,-0.87862,0
0.20301,-1.13586,0
1.64289,0.17371,0
3.18351,-0.61069,0
2.02928,1.19682,0
3.39297,-1.2144,0
1.90042,0.34191,0
-0.45985,-1.23511,0
0.12105,-0.14172,0
0.53915,-0.27847,0
2.10573,0.52781,0
0.1897,-0.1593,0
1.88504,-0.56993,0
0.48757,0.49069,0
3.40651,0.28882,0
0.54884,0.53933,0
3.24953,-0.82439,0
3.37085,-0.80542,0
1.15687,-0.54348,0
2.06531,-0.17555,0
0.89186,0.05219,0
1.51856,0.8535,0
0.71799,-1.00701,0
2.51716,-0.78967,0
1.76425,0.9575,0
0.9827,0.64948,0
2.63752,-0.25776,0
0.38156,-0.78444,0
0.52397,-1.00128,0
-0.35183,-1.11048,0
0.31218,0.20505,0
0.34961,1.04404,0
2.59574,-0.36522,0
3.47281,0.21817,0
2.65821,0.57751,0
3.01134,-0.09818,0
2.62421,1.12648,0
1.39854,-0.57839,0
0.86117,-0.16025,0
0.44523,-1.18508,0
1.77989,-1.21235,0
0.7917,-0.40138,0
2.90198,-0.43269,0
-0.29483,1.01861,0
2.50497,-0.62403,0
2.32584,0.13461,0
-0.02739,0.72939,0
2.88491,-1.07784,0
1.68283,0.36629,0
0.89831,0.03437,0
-0.49955,1.1686,0
2.61915,-0.38347,0
-0.48577,-0.29127,0
0.73323,-0.7528,0
0.59551,0.20103,0
0.30923,0.43983,0
0.02854,-0.75204,0
-0.05198,0.12774,0
0.36657,-0.3661,0
2.95567,0.08636,0
2.93054,-0.5087,0
0.76762,-0.51745,0
1.32693,-0.37538,0
0.91177,0.82946,0
-0.10558,-0.5678,0
1.027,0.57962,0
3.07082,0.51921,0
1.91822,1.20343,0
1.09739,0.83078,0
0.17463,-0.9114,0
0.91625,-1.01071,0
2.34698,-0.92358,0
0.16716,-0.12643,0
1.67049,0.15793,0
2.25117,-0.05909,0
0.62265,1.0797,0
1.41437,-0.168,0
2.00047,-0.30537,0
2.86577,-0.75271,0
2.00905,-0.6153,0
-0.28842,-0.3966,0
1.69858,1.20631,0
0.48954,-0.48012,0
-0.40706,1.08574,0
0.88329,0.87231,0
2.29037,-0.48005,0
-0.41449,-1.23433,0
0.59956,0.9389,0
2.78236,0.89045,0
1.89414,0.58788,0
-0.43003,-0.27418,0
0.23779,0.11103,0
3.03825,-0.02605,0
3.02101,0.82614,0
1.30117,0.40873,0
1.58628,-0.2676,0
0.96445,1.13831,0
1.67152,-0.89046,0
2.49746,-0.93761,0
1.38487,0.81348,0
2.61184,-1.15026,0
0.39505,0.04849,0
1.70613,1.0561,0
2.84517,0.90568,0
2.23282,0.81185,0
3.31969,0.90001,0
3.41766,0.59616,0
3.39572,-1.21275,0
0.4373,-0.75808,0
1.49771,-1.16239,0
0.9966,0.65732,0
1.00957,0.38304,0
2.03923,-0.94708,0
2.10288,-1.00702,0
0.79045,-0.51923,0
2.59582,-0.33401,0
-5e-05,-1.1557,0
3.32758,0.34102,0
2.23692,1.12705,0
-0.05014,0.60593,0
0.6255,-0.60699,0
1.44457,0.82716,0
2.58904,-0.30996,0
3.47424,-1.02093,0
3.25595,-1.10158,0
1.76021,0.82314,0
0.53296,0.87269,0
1.53335,-0.17273,0
1.44072,1.20749,0
2.55953,1.23283,0
-0.10066,-0.46259,0
2.26919,0.73279,0
0.31867,-0.74656,0
3.27202,0.6775,0
1.32116,0.65998,0
1.42723,1.15807,0
1.39615,-0.42995,0
-0.03098,-0.66517,0
2.55098,0.1974,0
0.82649,1.17043,0
3.42948,0.22033,0
1.22668,-1.2072,0
3.49087,0.67854,0
-0.2974,-0.7768,0
1.58608,-0.88067,0
2.05678,-0.2966,0
3.30309,0.25413,0
1.21179,0.34974,0
2.87501,-0.21734,0
0.14921,-0.04452,0
2.51585,0.64347,0
0.12222,-0.14244,0
0.20705,-0.00374,0
-0.01566,-0.0009,0
-0.29276,0.36784,0
2.45392,1.20418,0
0.46652,-1.24525,0
1.87844,0.15427,0
0.30456,-0.12633,0
-0.03114,0.26386,0
-0.35679,1.10491,0
0.09368,-0.00334,0
0.58005,-0.10733,0
1.8657,0.71522,0
2.2861,-0.20842,0
2.59199,-0.10752,0
1.15885,-0.11728,0
0.34289,0.74145,0
2.90653,0.24479,0
2.15913,0.64104,0
-0.16371,0.36859,0
-0.35379,0.43012,0
3.18964,-1.0536,0
2.64276,-0.48789,0
-0.31858,-0.91025,0
1.40875,-0.42954,0
2.48387,0.73799,0
1.26188,1.01843,0
1.16728,-0.92222,0
-0.16604,0.51142,0
2.57253,-0.03073,0
0.40679,0.74439,0
-0.17912,0.25142,0
2.70223,-0.31981,0
2.09808,-0.66637,0
3.48656,-1.23608,0
-0.47222,-0.38431,0
1.06675,0.8116,0
-0.1182,-0.27325,0
2.85472,0.6164,0
0.43894,0.05334,0
0.61277,-0.38516,0
1.01712,0.9811,0
2.54071,0.19467,0
3.23826,0.90915,0
1.77424,-0.88868,0
-0.11863,-0.1922,0
1.06234,-0.86379,0
1.16167,-0.68637,0
3.03467,1.07927,0
0.75634,-1.16053,0
2.14833,-1.17129,0
0.98812,0.6704,0
2.72833,0.23085,0
0.30765,-0.32809,0
2.02165,0.36939,0
-0.13749,0.05906,0
1.99088,-0.3039,0
0.44021,1.18625,0
3.49999,1.07966,0
1.8074,0.3745,0
3.19417,-0.35,0
3.26206,0.99748,0
-0.15919,0.52689,0
-0.17235,-1.11147,0
2.03181,0.31885,0
1.70507,0.8978,0
3.40916,-0.72255,0
2.78551,1.1571,0
0.25951,-0.61243,0
-0.36786,0.53069,0
1.66308,-0.57023,0
2.78906,0.08923,0
0.81532,0.39607,0
1.07491,-0.39518,0
1.04246,1.13368,0
1.10878,-0.54018,0
2.34797,-1.12932,0
2.90811,-0.24171,0
1.32548,-0.15165,0
1.4454,0.91563,0
2.62306,0.9255,0
-0.27996,0.82582,0
2.09583,-0.65707,0
1.21736,-1.24818,0
1.07014,-0.72095,0
1.08699,-0.9544,0
2.60153,0.81421,0
-0.26294,0.38012,0
-0.1499,-0.33833,0
2.8013,-0.94145,0
3.29208,1.0362,0
2.68747,-0.32936,0
-0.22675,1.02972,0
1.20688,-0.85911,0
-0.14528,-0.81994,0
-0.38104,0.11016,0
1.30256,-1.02847,0
2.46027,1.05919,0
2.68881,-0.11877,0
0.94268,-0.19992,0
0.73123,0.52201,0
1.18054,-0.85996,0
0.25961,0.38419,0
0.96007,-0.32314,0
3.08939,1.08891,0
2.65997,-0.02173,0
1.07821,1.20833,0
1.47816,-0.94634,0
0.90529,-1.13965,0
-0.43741,-0.57629,0
0.32381,1.01346,0
1.77448,0.55028,0
3.05858,-0.51319,0
1.41275,0.78514,0
-0.44519,0.70778,0
1.79189,0.07851,0
2.0997,-1.2077,0
1.14068,0.81338,0
0.55539,0.74288,0
1.23926,1.0352,0
0.20543,-1.09367,0
1.03433,0.3451,0
0.87641,-0.2721,0
0.13643,0.29613,0
-0.17522,-0.34699,0
2.91523,-1.21499,0
3.39109,0.0996,0
-0.46074,-0.2498,0
0.58722,0.106,0
3.41226,-0.01067,0
-0.01881,-1.12323,0
2.72828,0.12499,0
0.51695,-0.68255,0
2.68945,0.66752,0
2.44066,0.1158,0
0.49824,0.99654,0
1.165,-0.50783,0
1.37816,0.92971,0
1.2155,-0.08138,0
1.35531,0.85659,0
3.34429,0.25905,0
0.38328,0.53432,0
0.8273,-0.67755,0
0.86051,0.2543,0
0.1643,1.19963,0
3.18116,0.09469,0
0.81144,-0.63337,0
1.7516,0.5094,0
2.40265,-0.09246,0
3.43019,-0.89578,0
1.5625,0.39011,0
2.38718,-0.98723,0
3.20605,-0.50205,0
3.11777,-0.9015,0
1.21458,0.94969,0
2.88124,0.57201,0
-0.47742,-0.18762,0
0.25982,1.04027,0
1.89207,-0.97316,0
2.56635,0.32818,0
0.18141,-0.41772,0
1.04424,-0.43327,0
2.88443,0.28191,0
2.23624,0.9347,0
2.45612,0.7278,0
3.1105,0.65785,0
0.35691,0.69907,0
0.50876,-0.63329,0
1.91525,0.27481,0
0.6111,0.55995,0
1.52887,-1.16415,0
1.31252,0.12335,0
2.71927,1.17709,0
2.39478,0.46622,0
3.39208,-0.95995,0
2.52421,0.98916,0
2.33517,0.36532,0
2.06701,-0.32222,0
0.37348,0.32914,0
1.72875,-0.0588,0
2.52688,0.06773,0
0.97202,-0.89016,0
0.59538,-0.34571,0
-0.13082,0.72323,0
0.55202,0.69037,0
2.75362,-0.53176,0
1.96383,1.12365,0
0.6244,-0.11216,0
-0.42093,-1.2067,0
2.50517,-0.76772,0
2.11818,1.24471,0
2.74314,1.17228,0
0.27003,-0.462,0
3.14507,-1.09731,0
-0.02776,0.26232,0
1.13814,0.71378,0
1.72338,-0.21441,0
2.5259,0.67811,0
0.66102,1.05438,0
2.49168,0.84419,0
1.04219,0.79268,0
2.95719,0.00524,0
2.39228,-0.93821,0
3.39333,0.66446,0
-0.30591,0.0816,0
1.10253,-1.14488,0
-0.46494,-1.13809,0
0.1754,0.64358,0
-0.49517,-0.82243,0
0.98065,0.64145,0
1.20347,0.78231,0
1.05596,-0.34186,0
0.23232,0.49465,0
1.46188,-0.73608,0
1.30773,-0.09076,0
1.38617,0.58721,0
1.87167,-0.31279,0
1.08907,-0.32753,0
1.99004,-0.4742,0
1.13543,-0.88577,0
0.18311,-1.17907,0
-0.3274,-0.47744,0
2.42612,-1.20989,0
1.01016,-0.3272,0
1.26094,0.05462,0
2.95815,-0.9257,0
0.34661,-0.86505,0
2.94539,0.04986,0
-0.03124,1.18531,0
1.35937,0.38092,0
1.761,1.10606,0
0.37366,-0.8744,0
1.90832,-1.06832,0
0.64514,0.39924,0
2.79541,-0.246,0
1.2174,0.37692,0
-0.33151,-0.62239,0
1.27207,-0.33307,0
2.47251,0.58491,0
2.33925,-0.81084,0
0.32798,0.97633,0
1.44588,0.01731,0
2.91133,0.64451,0
1.07574,-0.78597,0
2.73908,1.05332,0
-0.44274,-0.60353,0
3.34224,0.30787,0
3.13243,-1.09317,0
-0.30251,0.33182,0
2.06926,1.0704,0
3.16651,-0.92777,0
-0.42138,-0.80634,0
2.11189,-0.83016,0
0.18453,-1.05572,0
-0.03115,0.51663,0
0.95913,-0.63453,0
2.01576,0.45203,0
2.6354,-0.24465,0
2.55845,0.92805,0
3.30609,-1.00665,0
1.36714,-0.38895,0
1.01653,0.76738,0
-0.3311,-0.19476,0
0.30568,-1.00559,0
0.59138,0.06641,0
-0.36229,1.2455,0
1.65036,-0.6897,0
1.20814,-0.84883,0
0.40536,-0.1681,0
2.07609,1.11533,0
2.97665,-1.13981,0
-0.00527,1.24862,0
2.68513,-0.83496,0
2.83769,0.93923,0
1.54339,1.07476,0
1.98314,-1.15768,0
0.22666,-0.27256,0
2.10164,1.17716,0
0.6402,1.17975,0
0.68462,1.04276,0
-0.17243,0.91836,0
1.66005,-0.03717,0
2.53353,-0.99412,0
0.43952,-0.29639,0
1.22949,0.40555,0
0.82618,-1.22899,0
2.85819,-0.97099,0
1.45381,-0.62322,0
2.86321,0.17929,0
1.63796,0.89802,0
0.67087,0.36397,0
0.94848,-0.06317,0
2.02565,-1.02582,0
1.37968,0.85431,0
-0.24502,0.5314,0
0.03164,0.84231,0
1.45161,-0.22588,0
0.7078,-0.8045,0
2.02877,0.44743,0
1.07787,0.08552,0
0.47553,1.14076,0
1.22657,1.00962,0
0.79839,-1.10956,0
1.4617,0.95869,0
0.69244,0.47352,0
2.20459,0.44966,0
2.98192,0.40051,0
2.845,0.72413,0
0.22736,-0.03217,0
-0.09398,1.14271,0
2.87301,-1.05186,0
0.82084,-0.45203,0
1.87277,0.20568,0
3.49616,-0.84446,0
2.82646,-0.6809,0
2.75064,-0.31803,0
0.90693,0.32649,0
0.80199,-1.19083,0
-0.26743,0.97587,0
2.64422,0.2492,0
1.85924,-1.0214,0
1.81692,-1.13574,0
-0.46988,-0.3526,0
3.22426,0.98796,0
2.48945,0.87238,0
1.54273,0.79433,0
0.16037,0.5604,0
0.20398,0.08995,0
2.65896,-0.99488,0
1.97164,-0.34502,0
0.07252,0.59411,0
0.1253,0.32276,0
0.90348,-0.22789,0
1.4484,0.51451,0
3.45962,0.96142,0
-0.3001,1.08277,0
0.26143,-0.37183,0
0.19592,0.74515,0
-0.22164,-0.02932,0
2.39491,0.72164,0
0.95283,-1.20928,0
2.54104,0.26079,0
1.94005,-0.29201,0
1.24257,0.93859,0
1.88601,0.62538,0
3.35787,-0.48147,0
2.78454,-0.15976,0
0.09379,0.50552,0
0.37154,-0.85675,0
2.9537,0.63119,0
0.11025,-0.83167,0
-0.07405,0.03405,0
-0.11925,1.12701,0
0.28369,0.24823,0
2.15555,-0.53434,0
1.5788,1.1291,0
1.07248,-0.60261,0
2.7095,0.79976,0
0.56711,-0.63598,0
2.34548,-0.61818,0
0.73754,-0.78029,0
2.35591,0.86309,0
3.36711,0.41736,0
2.88708,0.73478,0
0.07223,1.18475,0
0.40021,0.57262,0
2.03788,1.21773,0
-0.32513,1.00663,0
2.13849,0.20422,0
0.28701,-1.00867,0
3.28954,0.2679,0
-0.01676,0.50468,0
0.58153,0.9274,0
3.15652,0.65971,0
-0.13668,0.90608,0
-0.07214,0.27963,0
2.13456,0.13968,0
3.28715,-0.79211,0
1.2908,1.04919,0
2.27555,1.18369,0
2.44727,-0.58426,0
1.82374,0.67223,0
3.27845,-0.70381,0
2.17311,0.01736,0
1.16226,-0.36005,0
2.94711,-1.24027,0
2.01021,-0.05718,0
3.15499,0.46287,0
1.99812,0.99827,0
3.15657,0.64444,0
1.47129,0.87978,0
3.4776,-0.85761,0
3.08588,-0.77279,0
-0.04014,0.19324,0
3.48299,-0.31857,0
-0.48379,-0.48709,0
2.03829,0.22906,0
1.26372,0.22395,0
3.08397,1.09937,0
0.38295,-1.13644,0
-0.12865,0.8176,0
2.62765,-0.22121,0
1.98899,-0.01434,0
1.55165,0.75428,0
2.77659,-1.10073,0
1.72596,0.14328,0
2.10778,0.2111,0
0.50518,1.24301,0
3.00763,0.61918,0
1.75128,-0.60635,0
1.8845,0.3522,0
3.04169,0.77386,0
2.5053,0.74958,0
2.15478,-1.01438,0
1.94693,-0.50819,0
0.55009,-0.47994,0
1.69817,0.50958,0
2.92088,-1.16696,0
-0.19751,-0.5142,0
1.8767,-1.06522,0
2.29098,-1.05908,0
3.05706,1.02353,0
0.79332,0.05458,0
0.36047,0.87134,0
0.71565,0.89315,0
3.18808,0.67878,0
2.65834,-0.86797,0
0.1029,0.04367,0
3.25302,-0.96265,0
0.59402,0.09383,0
3.24217,0.14576,0
3.4626,-1.12572,0
2.52495,-0.0456,0
2.61615,-1.02249,0
0.18184,-1.03833,0
1.34216,-0.25117,0
2.35174,-0.30018,0
2.79654,0.64051,0
0.57961,0.081,0
0.82852,0.72477,0
2.73964,-0.56442,0
2.64805,0.66019,0
-0.26764,1.15921,0
0.27892,-1.01198,0
-0.13485,-0.15542,0
1.90298,1.02151,0
0.2221,0.62167,0
1.39185,0.46931,0
3.33617,-0.27088,0
2.56448,-0.35755,0
2.14084,-0.13659,0
1.87981,0.29305,0
3.32513,0.85125,0
0.11637,-0.2557,0
3.15985,0.77699,0
2.15671,0.33869,0
1.03737,0.44093,0
2.57466,0.78081,0
0.21162,-0.88058,0
3.39567,0.97143,0
2.7946,-0.035,0
2.77672,0.31187,0
-0.25086,-0.26783,0
1.77133,0.71889,0
-0.1822,1.17396,0
-0.42623,-0.12796,0
-0.44688,-0.05606,0
2.22508,0.61074,0
1.82787,-1.14234,0
3.42343,0.06419,0
-0.12466,-0.13686,0
1.84945,0.05559,0
2.20452,-0.33581,0
1.31606,-1.05742,0
1.05396,0.8682,0
1.7338,0.59952,0
3.39638,0.41789,0
-0.21545,-0.82821,0
3.2924,0.0078,0
0.2964,-0.9749,0
1.40989,-0.60991,0
1.54695,0.53416,0
-0.22729,-0.65269,0
2.2989,1.0116,0
0.9954,-1.24549,0
-0.41227,-0.59872,0
1.964,-0.87556,0
0.65836,-0.92333,0
-0.29694,0.66917,0
1.9137,-0.0912,0
0.21789,-1.16165,0
-0.36779,-0.18568,0
1.56244,-0.60114,0
0.59772,1.02629,0
1.08238,-0.34242,0
1.66307,1.07158,0
0.08648,-0.27329,0
2.62002,1.16197,0
-0.01671,0.96213,0
1.25171,0.36542,0
-0.22837,-0.07455,0
1.37435,0.65258,0
1.40041,0.31952,0
2.94072,0.49433,0
2.35433,0.02345,0
2.43641,-0.57481,0
0.00763,-0.04984,0
-0.18791,0.77758,0
3.49777,-0.49013,0
1.26848,-0.95974,0
2.02734,-1.08621,0
0.99695,-0.93605,0
1.39683,-0.29843,0
1.64498,-0.27385,0
2.08624,0.45296,0
0.52875,-0.59088,0
2.59029,0.16649,0
1.33793,-1.16851,0
0.25859,-0.67954,0
1.86861,-0.58474,0
3.47532,-0.98615,0
2.24948,-0.68908,0
-0.33891,-0.70656,0
0.5151,0.24683,0
2.43391,-0.94762,0
1.27719,-0.06712,0
1.5935,-0.58285,0
2.12486,-0.1734,0
1.75243,-0.42586,0
1.45385,-0.40108,0
2.25225,-1.24363,0
2.56675,0.71096,0
0.64185,1.00363,0
0.90086,-0.89557,0
-0.1443,1.17709,0
2.61289,0.95684,0
3.4082,0.63817,0
3.33029,-0.2085,0
-0.2939,0.71557,0
1.837,1.15868,0
-0.1393,0.90962,0
1.18445,-0.19761,0
-0.29056,0.79695,0
1.13711,-0.60824,0
3.35785,-0.15364,0
1.97018,0.7913,0
2.73984,0.67707,0
3.05849,-0.63195,0
-0.26811,0.82542,0
1.73926,0.22036,0
1.4565,-0.43948,0
0.33432,0.25848,0
1.97954,0.50653,0
1.83599,0.98135,0
-0.15373,-0.17557,0
3.41004,-1.22823,0
1.1003,-0.82641,0
2.38937,-0.83712,0
0.10285,-0.69952,0
2.94451,0.50095,0
3.41581,-0.30722,0
0.89166,-0.85248,0
0.81287,0.50515,0
-0.13292,-0.64076,0
3.20734,0.82956,0
0.37014,-0.19996,0
-0.13966,0.94417,0
3.12768,0.78906,0
0.08568,-0.39142,0
0.86183,1.00222,0
0.42781,-1.18629,0
1.40559,1.01756,0
0.2006,0.14592,0
-0.13929,1.13007,0
2.95539,0.97411,0
0.03706,-0.66113,0
3.38961,0.52227,0
2.39748,-1.22558,0
3.49929,0.22196,0
0.56043,-0.18929,0
1.58207,0.31903,0
2.78093,0.35111,0
0.43146,-0.27928,0
-0.19195,0.84107,0
0.89607,-0.31271,0
2.69535,-0.47555,0
2.4752,0.02128,0
0.83553,-1.23412,0
2.32704,-0.13822,0
1.51085,-1.01469,0
0.12331,0.26773,0
2.68646,-0.88232,0
2.35086,0.13845,0
1.42397,-0.22724,0
0.32011,0.69868,0
2.96379,-0.61484,0
0.93624,-0.51828,0
0.19178,-1.15501,0
0.97763,-0.63059,0
1.65422,0.82995,0
-0.29051,-0.82822,0
3.41532,0.2004,0
0.2684,-0.55883,0
1.01635,0.19666,0
2.02247,-0.72842,0
2.53425,0.03027,0
0.14268,0.29327,0
0.18506,0.55247,0
-0.175,-0.08013,0
0.5941,-1.16507,0
2.42751,0.99033,0
1.483,0.23559,0
2.10777,1.20579,0
1.94194,0.04894,0
2.31009,-1.22905,0
0.04916,1.15968,0
0.93082,0.91451,0
0.86977,0.54201,0
-0.09364,0.51259,0
1.90578,-1.12788,0
1.07402,0.37635,0
2.25636,1.07104,0
3.38622,0.51519,0
2.98356,0.4886,0
0.47997,0.31646,0
1.05762,0.87576,0
1.30994,-0.00467,0
0.16675,-0.54162,0
0.10778,-1.01392,0
1.60762,0.23323,0
2.407,0.17968,0
2.21924,-0.41105,0
1.16605,-0.1323,0
1.32943,1.04443,0
2.62336,-0.5181,0
-0.04526,-0.52403,0
0.7379,-0.6269,0
2.79559,-0.03414,0
0.78904,-0.37157,0
0.49908,-1.11018,0
2.49164,-0.41863,0
2.45893,-0.12801,0
2.87746,1.1276,0
2.42954,-0.56795,0
2.17008,1.03525,0
0.52017,0.69968,0
1.22381,1.12032,0
0.15198,0.53565,0
-0.0427,-0.02876,0
2.79148,-0.79126,0
2.07023,-0.44501,0
1.43954,-0.36244,0
0.27456,-0.6447,0
2.2001,-0.72227,0
2.70653,-1.2229,0
1.04976,-0.72825,0
-0.0635,0.73189,0
0.33014,1.17836,0
0.81669,-1.02353,0
0.52427,0.46037,0
2.42423,-0.43147,0
-0.37144,-0.49302,0
2.47465,-0.08701,0
2.7954,-0.02408,0
0.85605,0.74037,0
-0.25074,-0.5102,0
0.02021,0.70366,0
1.63621,0.22342,0
1.49094,-1.19034,0
2.23704,0.6841,0
1.36633,-0.29471,0
2.21255,-0.78806,0
2.62101,0.32315,0
2.32877,0.66034,0
3.2386,-0.02564,0
0.91049,0.73202,0
2.74464,1.14981,0
2.35721,0.75178,0
1.39865,0.93129,0
-0.27418,-0.36628,0
0.93342,-0.3884,0
3.06046,0.07069,0
2.48639,0.13722,0
1.00335,1.06703,0
2.70442,0.223,0
3.07631,0.55425,0
0.82938,0.82569,0
1.60292,-0.22651,0
3.12681,-0.33581,0
2.00647,-1.2173,0
0.81518,0.43886,0
0.00556,-1.16401,0
1.95852,-0.35371,0
0.38892,-0.50722,0
0.52235,0.72751,0
1.81204,-0.70649,0
2.78742,-0.54549,0
1.4603,-0.90478,0
3.05263,1.09298,0
2.70402,0.63599,0
1.54943,0.74558,0
1.73389,0.40568,0
2.8235,0.40892,0
1.47175,1.0569,0
2.44595,-0.97886,0
2.14617,-1.01748,0
0.79743,-0.7388,0
1.31241,-0.75598,0
1.16412,-1.13578,0
1.06554,1.1859,0
0.07613,-0.64061,0
0.48222,0.83564,0
2.67446,-0.93706,0
1.6691,1.02508,0
1.72658,-0.24209,0
3.44995,-0.4796,0
1.18746,0.99952,0
-0.02143,1.2111,0
3.29918,-0.78481,0
1.51973,-0.09475,0
3.32477,0.00596,0
0.81619,0.08554,0
1.39861,-0.61087,0
1.45212,-0.29283,0
2.81358,-0.43289,0
1.06535,0.618,0
2.36007,-0.40846,0
2.75002,-0.53154,0
1.74474,-1.24516,0
-0.30949,0.55747,0
1.24213,-0.09774,0
3.19386,0.46042,0
0.42904,0.89552,0
-0.02802,-0.81264,0
2.80222,-0.79855,0
2.72072,0.3837,0
0.8309,0.27489,0
3.20094,-0.91826,0
2.61898,-0.20557,0
1.9442,1.20695,0
-0.21299,-0.44091,0
2.07271,0.71106,0
1.18597,-0.27639,0
2.35507,0.27622,0
3.12887,0.59919,0
2.48734,-0.2799,0
0.10306,-0.53655,0
2.2563,0.93055,0
1.04147,0.58438,0
2.58866,1.01167,0
0.32765,1.22828,0
2.4749,1.02049,0
-0.06039,-0.52722,0
0.32491,-0.21626,0
1.42183,1.21953,0
1.73154,-0.02454,0
0.22058,-0.63705,0
3.20929,0.41862,0
2.92085,0.32834,0
2.61358,-0.29743,0
-0.33335,1.09388,0
3.17147,0.86068,0
0.69486,1.1823,0
0.58511,-0.64563,0
-0.28501,0.00883,0
2.95862,-0.65841,0
3.40229,0.06715,0
2.30805,-0.36826,0
0.9804,1.08507,0
2.96552,-0.99773,0
1.78356,-0.72883,0
0.96404,1.03914,0
0.3988,-0.84496,0
3.21395,-1.22764,0
-0.46155,-0.35417,0
2.01994,0.26856,0
3.45705,0.91199,0
1.48628,-1.22215,0
3.18656,-0.0849,0
2.12946,-0.79693,0
-0.49327,-0.41699,0
2.20248,-0.34133,0
2.14912,0.24575,0
1.2529,1.17246,0
2.14686,-1.09405,0
2.09424,0.76029,0
2.01401,-1.21474,0
2.28714,-0.52079,0
2.35759,0.44084,0
-0.01102,0.84427,0
2.28065,-1.15638,0
0.55254,0.19697,0
1.85605,0.99296,0
1.56057,0.9192,0
2.18374,0.26066,0
0.78168,0.68189,0
3.4865,-0.04569,0
-0.33065,-0.19626,0
3.17673,-0.7283,0
0.62775,-0.98799,0
2.84813,-0.07594,0
-0.45996,1.23725,0
1.37645,-0.98639,0
2.91524,1.06155,0
-0.46106,-0.04322,0
0.08542,1.13516,0
1.23633,0.92017,0
0.08711,0.0612,0
0.08494,0.5496,0
3.28034,-0.93243,0
0.75295,-0.74041,0
0.26875,-1.05897,0
1.23115,-0.16444,0
2.36256,0.16441,0
2.54685,-0.15861,0
1.65422,-0.64596,0
0.26241,-1.11812,0
0.31921,0.35108,0
-0.34456,0.82845,0
1.23968,1.12901,0
0.63959,1.03988,0
0.0476,-0.52522,0
1.28115,0.76263,0
2.00972,0.58107,0
1.09101,-0.355,0
-0.4996,0.00636,0
1.81878,1.21632,0
1.70963,0.66248,0
0.69501,0.18392,0
1.88196,0.91473,0
1.59319,-0.08313,0
2.67022,0.91029,0
0.47387,-0.12578,0
2.29311,-0.63729,0
2.30252,0.28433,0
0.24417,0.98884,0
1.83655,-0.54411,0
0.85957,-1.10247,0
1.78462,-1.17964,0
1.51675,1.09303,0
0.36385,0.54867,0
0.46573,0.11815,0
-0.15294,-0.20408,0
2.09931,0.94135,0
1.87019,0.62888,0
0.94345,1.12973,0
1.34225,-0.57152,0
3.06443,-0.27537,0
3.40921,0.02087,0
1.69802,-0.27305,0
3.15893,-1.16568,0
0.99423,-0.18898,0
2.63642,0.12484,0
0.73283,-0.4523,0
0.41828,0.54149,0
1.07431,-0.40493,0
-0.20588,-0.35718,0
0.58147,0.44305,0
3.08732,-0.9158,0
-0.12972,-1.19135,0
2.89589,-0.7254,0
2.26588,0.19039,0
-0.156,-0.45356,0
0.58491,1.01609,0
1.24339,-0.46523,0
2.69522,-0.83262,0
-0.10734,-0.40467,0
1.06247,1.00978,0
0.08867,1.04323,0
2.44424,-1.17345,0
1.872,-0.97074,0
3.11581,1.21769,0
2.36276,0.25151,0
3.17279,-0.91902,0
2.45663,0.77369,0
0.86346,0.28677,0
1.76689,-0.9328,0
-0.16262,-0.3691,0
0.04531,0.31045,0
1.40559,-0.57688,0
3.06054,0.43382,0
1.92669,1.04265,0
3.25205,-0.9335,0
0.7016,-0.27035,0
0.84405,0.05416,0
1.94433,0.80131,0
3.36438,-0.66486,0
2.25282,0.82014,0
-0.04023,0.4658,0
0.82206,0.22695,0
1.83979,0.91308,0
-0.23481,-0.65851,0
1.40849,0.31033,0
-0.45836,1.1081,0
3.47094,1.24652,0
1.62914,0.89246,0
0.27635,-0.26664,0
2.19993,-0.04275,0
1.67185,-0.76764,0
1.98679,-0.08804,0
2.01961,-0.25561,0
0.97993,0.11368,0
3.00175,-1.18735,0
2.16152,0.75075,0
-0.30002,0.95927,0
0.42662,0.78498,0
-0.42472,-0.81406,0
1.66096,-0.54044,0
0.53385,0.40759,0
-0.0781,0.49885,0
1.80462,0.48393,0
0.56169,0.17818,0
2.1341,1.15327,0
0.40051,-1.10338,0
1.88218,-0.90181,0
3.35211,0.55216,0
-0.25832,-0.18494,0
0.08032,-0.44086,0
2.93889,-0.09714,0
1.51711,0.15293,0
2.09475,1.08771,0
0.38763,-0.42992,0
3.47742,-0.49298,0
1.97928,0.33163,0
-0.10031,-1.02134,0
0.8015,-0.0684,0
1.51238,-0.9394,0
3.39805,-0.4392,0
1.69406,-1.17456,0
2.23132,1.01466,0
2.04147,0.68564,0
1.79282,-0.09701,0
2.54133,1.21133,0
0.73927,-0.25645,0
0.62689,0.28821,0
2.21377,0.95462,0
0.46498,0.90294,0
0.47612,-1.16193,0
1.39261,0.10739,0
2.08771,1.01364,0
1.38615,0.61825,0
0.348,-0.76543,0
0.80597,-0.56207,0
2.59345,-0.36818,0
2.0559,-0.38239,0
0.35087,-1.24233,0
0.90768,-0.80046,0
2.3521,0.14223,0
1.73506,0.14757,0
-0.36143,0.97056,0
3.38447,0.94211,0
1.52842,1.09677,0
-0.29813,-0.75404,0
1.92128,-1.16237,0
2.79519,-0.53553,0
0.32091,-0.91402,0
2.92894,0.71221,0
3.25179,0.11355,0
1.67677,-0.16697,0
2.51776,0.12119,0
2.65104,-0.1277,0
1.41139,-0.37615,0
1.07052,0.48536,0
0.33816,-1.18323,0
2.78468,-0.95854,0
2.12528,-0.04337,0
3.48242,0.5167,0
2.83065,0.72755,0
-0.30252,0.58965,0
1.27211,-0.46193,0
-0.02982,-0.4771,0
3.12328,0.04205,0
0.03811,0.95023,0
2.44548,0.68656,0
3.24237,-0.60264,0
-0.2288,-0.80811,0
3.14659,0.86181,0
0.51046,0.01469,0
0.1003,-0.39229,0
0.64162,-0.99645,0
1.99945,-0.71168,0
0.53401,0.7849,0
0.36056,-0.45768,0
3.04633,0.74228,0
2.40137,0.72716,0
0.96086,0.04494,0
-0.24596,-0.13418,0
3.09447,-0.72345,0
-0.24188,-0.85954,0
2.20148,0.84081,0
2.49299,1.19173,0
3.1831,-0.6207,0
2.4457,0.95582,0
2.47628,-1.14282,0
1.0739,0.09987,0
0.49532,0.29072,0
1.83205,-0.37693,0
2.26002,0.43251,0
-0.13363,0.92442,0
2.07134,-0.27939,0
0.79448,0.06046,0
1.15426,-1.07689,0
1.09692,0.92308,0
3.28275,-1.05435,0
3.06357,0.67679,0
0.52428,-0.57574,0
0.23178,-0.05661,0
0.44999,-0.06469,0
1.0307,-0.16954,0
3.48953,1.20203,0
0.84221,0.05664,0
0.76474,-0.6007,0
1.22857,-0.58331,0
2.26152,0.65311,0
-0.25912,0.15302,0
2.68075,-1.04519,0
0.53188,-0.12745,0
1.56762,0.17331,0
1.12431,-0.39028,0
-0.30985,0.84461,0
0.72061,0.46492,0
1.60992,0.74363,0
0.56922,-0.05812,0
1.19902,-0.48217,0
-0.45059,-1.15783,0
3.40181,-1.13019,0
2.22702,-0.49338,0
1.82927,0.33421,0
2.95995,0.08734,0
0.98261,1.14143,0
2.71355,0.89444,0
-0.36416,-1.22916,0
0.76692,0.93074,0
-0.13078,-1.09833,0
1.11324,-0.67451,0
2.58637,0.07804,0
3.15027,1.0608,0
2.77457,0.2414,0
1.40976,-0.89404,0
-0.44629,-1.12325,0
2.27452,0.59652,0
2.2354,1.11346,0
2.8405,0.09272,0
3.03403,0.63252,0
3.14233,0.33617,0
2.94499,0.62825,0
1.99843,1.04488,0
2.78177,-1.07904,0
1.67046,-1.08179,0
3.4507,1.24711,0
2.61112,-0.31966,0
1.72573,0.15313,0
2.13228,-0.56221,0
1.96075,0.90679,0
0.83908,-0.2784,0
2.68789,0.41256,0
3.44805,0.37975,0
0.14185,0.15116,0
1.3216,0.81027,0
2.79813,1.0663,0
0.9272,-0.83665,0
1.00227,0.92921,0
0.58342,0.77293,0
2.49726,1.06826,0
2.58514,0.20856,0
3.21217,0.30698,0
1.13108,-0.23578,0
2.70273,-0.51467,0
1.54882,0.91589,0
1.00507,0.86353,0
2.06903,-0.57751,0
-0.03728,-0.49656,0
0.61979,1.02402,0
1.81858,1.0793,0
2.84745,0.93906,0
1.73374,0.17945,0
0.12868,-0.87981,0
-0.26288,-0.13693,0
1.06391,0.60683,0
-0.22204,0.2223,0
-0.32762,-0.3241,0
0.4649,0.53743,0
1.82531,-0.76965,0
1.98416,0.50586,0
2.46654,0.43437,0
2.97334,-1.09465,0
2.73723,0.08607,0
2.90903,0.14765,0
0.92599,-0.13356,0
2.89874,0.19267,0
3.39304,-1.17787,0
-0.35001,-0.41966,0
0.19782,0.59616,0
-0.48621,0.66095,0
1.67492,0.86073,0
0.18497,0.9929,0
2.60118,1.19836,0
0.77616,-0.14641,0
2.99767,-0.41767,0
2.50939,-0.18922,0
2.21094,0.54004,0
3.32539,0.50992,0
3.1273,-0.95633,0
2.83727,0.11413,0
0.03423,1.12367,0
2.93722,-0.69506,0
1.53849,1.23915,0
0.40218,-0.72521,0
0.23682,0.2594,0
2.53146,-0.48723,0
2.3383,-1.14552,0
2.47785,0.6551,0
2.4241,-0.53449,0
2.36439,-1.19189,0
1.33166,0.24957,0
-0.42808,0.89357,0
1.02166,-0.27084,0
1.63247,-0.18091,0
2.23328,-0.12699,0
1.58997,-0.89483,0
2.46961,-0.43066,0
-0.43524,0.89007,0
-0.38231,1.24489,0
1.2017,0.09387,0
3.23297,0.91177,0
1.43325,1.1786,0
2.61562,0.81172,0
2.18901,1.24392,0
0.74537,-0.7558,0
2.79364,0.44976,0
-0.10259,-0.08641,0
3.48168,-0.00938,0
2.6372,1.06786,0
0.22706,0.25275,0
3.08985,-0.9309,0
0.01552,1.0679,0
2.11227,0.67488,0
2.08169,0.71066,0
2.57027,-0.51731,0
-0.432,-0.19547,0
3.34087,-0.92486,0
0.05294,-0.92448,0
0.16235,-0.4213,0
3.17409,0.22077,0
2.5585,1.05946,0
-0.22642,-0.79438,0
1.4317,-0.91105,0
1.82154,0.32594,0
2.74702,0.02518,0
-0.08775,-0.11172,0
0.52366,0.19758,0
3.48338,0.17245,0
0.34839,-0.36812,0
1.79108,0.68852,0
0.29706,-0.72688,0
1.72105,0.52578,0
-0.38098,0.38106,0
0.10181,-1.04748,0
0.36318,1.19108,0
-0.26505,0.1344,0
2.9286,-1.01296,0
1.09902,0.00944,0
1.21849,0.66905,0
3.46316,-0.32368,0
1.88857,0.19502,0
2.89362,0.72897,0
3.10446,0.8521,0
1.8358,-0.65542,0
2.61546,0.51849,0
3.01093,-1.06226,0
0.02973,0.51148,0
1.7338,-0.63501,0
3.18751,0.84248,0
0.56045,-1.18118,0
1.05069,-0.69385,0
2.86598,0.39733,0
1.0495,0.14704,0
0.62486,-0.57536,0
0.18909,0.68124,0
0.51869,0.24537,0
2.19783,0.70481,0
2.84156,0.84896,0
3.06928,-0.91916,0
-0.41956,-0.0977,0
-0.14038,0.75509,0
1.7765,1.13499,0
0.92554,-0.52661,0
1.92148,-1.08517,0
0.3136,-1.14633,0
0.05152,-1.2172,0
1.11376,-0.51041,0
2.31566,-1.13928,0
2.41889,0.47791,0
2.45998,0.17534,0
2.98758,0.56971,0
2.319,0.79924,0
2.66474,0.37542,0
3.49394,-0.56835,0
1.69931,-1.08654,0
1.21336,0.40597,0
1.32216,-0.00394,0
0.17957,0.28593,0
-0.1649,0.80502,0
0.20637,-0.92911,0
2.03245,0.71494,0
1.90202,-1.15556,0
2.77722,0.79604,0
3.36681,0.32726,0
0.40942,-1.00388,0
0.37523,-0.1201,0
2.6271,1.10174,0
2.74413,-0.89135,0
2.59601,0.24962,0
0.25078,-0.13049,0
1.45824,0.11718,0
1.57807,0.60392,0
-0.31447,-0.33263,0
0.28369,0.39716,0
1.24002,-0.82003,0
1.02866,0.01134,0
0.80331,-0.98212,0
3.31983,0.28747,0
1.12622,-0.54112,0
1.08214,0.21837,0
-0.39636,-0.81941,0
0.15536,0.86849,0
1.98391,1.23961,0
0.69655,0.98456,0
3.22004,-0.4257,0
-0.0856,-0.27624,0
3.49545,-0.96285,0
1.22353,-0.59219,0
2.61309,-0.31063,0
1.9879,-0.1586,0
0.65732,-0.85111,0
0.0723,0.19349,0
2.43198,1.24806,0
3.42005,0.48156,0
-0.202,0.87484,0
2.66736,-0.91797,0
1.65059,-0.97866,0
1.04634,0.25103,0
1.06402,-1.15563,0
1.60959,0.66402,0
0.96379,0.15855,0
1.21145,0.56744,0
0.28677,-0.19165,0
0.77244,-0.61054,0
0.89909,0.03857,0
1.13979,-1.03399,0
3.16097,-1.17121,0
0.55502,1.10773,0
3.38931,1.24382,0
1.13717,-0.1582,0
0.86101,-0.62653,0
0.78882,0.12888,0
-0.12224,0.15972,0
0.52591,0.89579,0
2.82331,-0.56212,0
2.09243,0.86945,0
3.04906,-1.17861,0
2.23342,-0.87444,0
1.90945,-0.81688,0
2.12876,1.14574,0
1.53949,-0.08701,0
2.51622,0.16044,0
3.48392,-1.14813,0
-0.14132,-1.18252,0
1.16862,0.53172,0
1.68537,-0.47219,0
1.61071,-0.55188,0
1.2236,-1.16057,0
-0.31706,-0.14028,0
1.10051,-1.13618,0
0.08861,0.53073,0
1.16803,-0.18243,0
2.3479,1.18534,0
2.78829,-1.2395,0
2.40703,-0.59903,0
3.04917,-0.34551,0
3.01977,0.80295,0
2.14217,-0.73583,0
0.91966,-0.75025,0
2.28151,1.00197,0
0.91195,-1.09554,0
0.43079,-0.19624,0
3.02635,-0.51112,0
0.90545,0.39167,0
1.29525,-0.32728,0
0.39916,-0.82551,0
2.66212,0.05232,0
-0.46751,-0.90324,0
1.57747,-0.62564,0
-0.28107,-0.00839,0
0.46708,1.18611,0
-0.25845,1.09687,0
1.49106,-0.72591,0
0.98969,-0.594,0
-0.26392,0.21071,0
3.16128,-0.43775,0
2.70143,-0.08518,0
-0.21526,-0.64104,0
1.80125,-1.01129,0
0.38577,1.22395,0
3.01766,-0.61529,0
0.16611,0.79298,0
2.76153,0.4565,0
0.99191,-0.42095,0
2.11088,-1.2436,0
0.63394,0.29989,0
-0.08186,1.20031,0
0.31675,-0.86828,0
2.02266,-0.86913,0
2.59521,-0.88398,0
1.35443,-0.08844,0
0.27716,0.83949,0
2.54065,-0.8229,0
3.29128,-0.04601,0
3.15106,-0.89562,0
3.48203,0.1151,0
3.059,-0.77905,0
2.52915,-0.88307,0
-0.28752,0.64124,0
3.36947,0.16212,0
2.03725,-0.15836,0
-0.251,-1.00384,0
3.45719,-0.17879,0
1.99521,-0.91727,0
1.13681,1.00336,0
1.6162,0.30971,0
1.23877,0.02004,0
3.4472,-0.24822,0
1.03607,0.99466,0
0.06162,-0.53194,0
0.41777,0.27684,0
0.58812,-0.44937,0
0.15224,-0.14718,0
0.3358,-1.00493,0
0.44586,0.93692,0
0.94339,0.16981,0
0.19447,-1.21862,0
0.79168,-1.04475,0
0.71288,0.3132,0
0.48661,-0.29686,0
0.88316,1.16458,0
0.54174,-0.7361,0
0.1596,-1.15431,0
2.01353,-0.15242,0
0.71833,0.9108,0
2.80297,-1.08978,0
2.31823,0.15532,0
2.24453,-1.00383,0
1.54022,-0.56244,0
0.43885,0.84058,0
2.23033,-1.15308,0
2.85605,-0.03995,0
-0.38198,1.21647,0
0.7387,1.02208,0
0.46565,-0.03232,0
2.87296,-0.49355,0
1.16032,-0.15984,0
0.32007,0.06209,0
3.49916,-0.47745,0
1.9918,-0.16932,0
0.15925,0.63556,0
2.86749,0.27407,0
-0.44893,0.68977,0
1.71121,-0.74785,0
1.32225,0.07423,0
-0.20387,-0.85889,0
2.65333,0.62418,0
0.09224,0.0793,0
1.24578,1.14874,0
1.86442,-1.21807,0
1.40877,0.52244,0
2.58856,-0.06908,0
3.33498,0.31473,0
1.22865,-0.59275,0
0.88168,-1.01998,0
0.06882,0.05614,0
1.26088,-0.037,0
1.18047,-0.19533,0
3.19771,-1.11296,0
3.25459,-0.95429,0
2.46934,0.17666,0
3.43837,-0.18759,0
1.59136,-0.2478,0
0.13272,0.12924,0
2.66107,0.87508,0
-0.4755,-0.32067,0
2.27176,-0.63195,0
1.45238,1.07414,0
1.05952,-0.44557,0
0.83963,0.39689,0
3.34826,0.58026,0
-0.26399,-0.19511,0
2.5406,-1.24191,0
1.15577,0.25897,0
1.00738,1.04874,0
-0.33181,-0.59734,0
1.5268,-0.29709,0
1.65933,0.72604,0
-0.23426,-0.52044,0
2.99161,-1.08596,0
1.66141,0.66598,0
0.09661,0.33411,0
1.08466,0.59959,0
2.7476,-0.19671,0
2.6802,0.59848,0
0.78009,-0.46359,0
1.55067,-0.48516,0
0.1132,-1.2485,0
1.82016,0.25243,0
0.01857,-0.14284,0
0.13452,-0.48948,0
2.77784,-0.50351,0
3.29754,-0.37028,0
1.35833,1.1422,0
3.08028,-0.14976,0
3.14442,-1.12995,0
0.35912,-1.14836,0
1.55281,-0.40145,0
3.06223,-0.01616,0
0.05962,-0.2107,0
1.2185,-0.49499,0
2.06621,-0.9938,0
0.65414,-0.48157,0
0.23346,-0.9915,0
2.23783,-1.13151,0
0.34018,-0.30049,0
1.73997,0.7655,0
-0.24671,-0.55737,0
1.39886,-0.44355,0
0.18328,-0.61178,0
2.44867,1.06085,0
0.05558,-0.73253,0
1.32472,1.04087,0
1.67995,-0.86384,0
-0.16362,1.04261,0
1.91297,-0.77429,0
1.12356,0.27778,0
2.58266,0.50154,0
3.10388,1.09921,0
3.21167,-0.47752,0
2.79679,0.38927,0
0.4579,-0.6873,0
2.84051,0.14662,0
0.46278,1.14432,0
0.82498,0.34959,0
0.70559,1.17855,0
1.38493,0.32092,0
1.77653,1.15325,0
1.39011,-0.88656,0
2.2257,-0.16725,0
-0.47098,0.91737,0
2.05552,0.42301,0
1.04839,-0.06446,0
2.71696,-0.91798,0
0.88731,0.42072,0
1.48447,-0.8791,0
3.04576,-0.68089,0
0.37399,-0.924,0
0.37411,0.20974,0
1.95119,1.22911,0
2.28485,-0.80437,0
0.99955,-0.08609,0
0.26002,0.16008,0
3.29175,-0.19965,0
0.34333,-0.73886,0
2.06123,-0.1946,0
3.4604,0.19103,0
0.6032,-0.66098,0
0.99794,0.59908,0
3.24345,-0.99441,0
-0.46769,-0.195,0
1.28491,-0.32758,0
2.23119,0.09102,0
0.38468,0.5214,0
2.2194,-0.44503,0
2.16913,0.96798,0
3.45921,-0.19536,0
1.05876,-0.27625,0
2.94035,-0.77967,0
0.81743,-0.46899,0
1.37511,-0.7726,0
1.00895,-0.11207,0
-0.2869,0.91723,0
2.19586,-0.48647,0
1.82863,-1.03841,0
0.86248,0.81179,0
3.28338,-0.02094,0
1.10475,1.15133,0
1.03454,-0.61709,0
1.62313,0.35535,0
3.26665,-0.49534,0
0.61329,-0.48814,0
3.26548,0.81434,0
1.56494,-0.87352,0
-0.44414,0.87041,0
2.29584,-1.13857,0
0.26336,-0.35678,0
2.71989,-0.31374,0
1.29448,1.19527,0
1.85208,-0.7054,0
1.49429,1.10356,0
0.28967,-0.5739,0
-0.00327,-1.15612,0
2.84848,-1.07361,0
-0.4015,0.02725,0
3.38137,0.39534,0
0.38508,-0.15185,0
1.68437,-0.98593,0
0.82971,0.11906,0
1.97399,1.04676,0
1.18076,0.32363,0
-0.05243,0.70108,0
2.26028,0.94693,0
0.06294,-0.58021,0
2.48144,-0.04772,0
0.95267,0.45951,0
0.47013,-1.05396,0
0.97649,0.46092,0
2.37619,0.93659,0
-0.40312,-0.88868,0
0.48704,0.43569,0
0.93749,0.61573,0
-0.27746,-0.64541,0
2.87219,0.24677,0
-0.49966,-0.70809,0
1.83003,0.12967,0
-0.10367,-0.25991,0
-0.0056,-0.72203,0
2.94344,-1.23171,0
0.36859,-0.32206,0
1.9974,0.63793,0
2.91401,-0.61001,0
3.06042,0.2461,0
1.81468,-1.04515,0
-0.05922,0.66776,0
2.1287,-1.02825,0
0.01888,-0.24693,0
0.8429,0.56423,0
1.79962,0.91882,0
-0.38545,-0.68741,0
1.29423,0.54892,0
2.24453,0.26603,0
1.97971,-0.54308,0
2.13898,-0.22457,0
1.92021,0.5889,0
0.88713,-0.88664,0
1.5099,1.09009,0
0.46251,1.06345,0
-0.36799,-1.02851,0
2.78268,0.52016,0
2.07902,0.67054,0
1.46179,1.09624,0
0.06538,-0.19433,0
3.44969,-0.25545,0
-0.36563,-0.8798,0
1.09418,-0.04347,0
0.58126,0.16955,0
1.28694,0.71438,0
0.29966,1.21146,0
-0.41938,-0.53302,0
1.39468,-0.97616,0
0.3237,0.48184,0
1.87055,-0.63339,0
1.2444,-0.97996,0
0.7997,0.24191,0
0.65326,1.18492,0
2.26083,0.51117,0
0.51534,0.71316,0
2.57083,0.10986,0
2.17543,0.25048,0
2.41452,-0.79483,0
1.94299,1.07107,0
-0.22144,1.04757,0
2.81332,0.96113,0
0.5747,-0.8565,0
2.85062,0.26022,0
1.85376,-1.15867,0
-0.26865,0.8452,0
1.6873,0.16145,0
-0.18472,-0.29785,0
2.34697,0.68448,0
3.13723,1.23375,0
3.04818,-1.19998,0
0.40567,1.05728,0
-0.31189,-0.51941,0
0.715,0.62463,0
-0.04646,0.6785,0
0.61713,0.6631,0
2.40441,0.26421,0
-0.04304,0.37792,0
1.75786,0.65638,0
2.56036,-0.69614,0
1.16837,-0.87833,0
1.55753,-0.57794,0
3.08415,0.70494,0
2.61777,0.49323,0
2.52987,1.10574,0
2.65642,-0.64758,0
1.88708,0.5822,0
1.28609,0.88028,0
1.37434,1.07111,0
2.53671,0.60776,0
0.71005,0.34334,0
2.55216,0.91786,0
2.90753,-1.22303,0
3.17154,-0.45475,0
2.08549,0.5534,0
2.49663,-0.93871,0
3.2007,-0.78246,0
-0.32631,-0.49101,0
2.35596,0.7078,0
0.27588,0.89391,0
1.66664,1.13294,0
3.00373,-0.43692,0
1.98288,0.83916,0
3.31436,-1.19512,0
0.26448,-0.11305,0
0.05842,-0.00403,0
0.71171,-0.25991,0
1.74065,-1.13724,0
2.89787,-0.82325,0
0.64464,0.30219,0
1.0353,0.57532,0
1.38247,-0.57252,0
0.67126,0.43063,0
1.30241,0.00984,0
1.89635,-0.97047,0
1.24229,-0.08449,0
2.93859,-0.36301,0
-0.44711,-0.69916,0
3.27661,0.47831,0
3.01326,0.64298,0
1.14869,-1.20904,0
3.3415,0.0732,0
1.4857,0.20937,0
1.44336,-1.24542,0
3.31403,0.63533,0
-0.11466,-0.33937,0
-0.49285,-0.90531,0
0.68555,0.22163,0
0.38643,0.6497,0
1.21316,-0.91106,0
3.41774,0.63897,0
1.53697,0.97197,0
1.1412,0.89699,0
1.9928,-0.12345,0
1.81586,-0.43377,0
2.52707,1.1787,0
2.07194,-0.83713,0
1.74198,0.26225,0
2.13143,0.09888,0
3.15269,0.82937,0
1.94721,-0.44755,0
-0.23203,-1.07389,0
1.83597,-0.02997,0
2.50863,0.96438,0
3.11362,0.82181,0
0.00358,-0.89378,0
2.21628,0.1153,0
1.85765,1.2359,0
2.87613,0.39668,0
-0.49238,0.41606,0
-0.06641,-0.58153,0
2.4926,0.8518,0
0.55221,0.22218,0
2.4418,1.204,0
0.11928,-0.41681,0
0.9342,-1.07467,0
0.15395,-0.01454,0
3.04359,0.57625,0
1.61466,-0.90939,0
1.74049,-0.43894,0
3.12061,0.32701,0
1.01158,-0.30343,0
1.20433,-0.45868,0
2.63221,-1.22389,0
1.26523,0.47683,0
0.37685,1.10704,0
2.70138,-0.75286,0
0.30274,0.10528,0
2.10834,-0.24447,0
3.03091,-1.00637,0
1.99198,0.74194,0
1.119,0.66333,0
3.49455,0.41946,0
1.89219,0.116,0
-0.39701,0.4369,0
2.55759,-0.0655,0
1.74562,-0.39826,0
1.68369,0.47689,0
0.28856,-0.88306,0
1.69304,-0.54013,0
0.57127,-0.64063,0
1.97009,1.10462,0
1.27016,-0.85474,0
1.8861,-0.52129,0
1.89837,-1.11945,0
2.91372,0.986,0
2.49387,1.0073,0
0.3318,-0.93711,0
2.73412,0.83573,0
0.50009,-0.3362,0
1.74808,-0.0076,0
2.0321,0.60212,0
0.38373,-0.79757,0
1.38975,-1.10925,0
2.09921,-0.88182,0
-0.4289,0.89823,0
1.07689,-0.73849,0
2.63503,0.35142,0
3.02952,-0.35748,0
3.15046,-0.67954,0
2.79673,-0.55439,0
1.4988,0.92311,0
2.54061,0.39931,0
2.35451,-1.21207,0
2.22964,0.7781,0
1.4337,1.24633,0
0.24684,-1.03348,0
0.4718,0.33923,0
2.29267,0.55482,0
0.34499,0.78333,0
2.71348,1.06021,0
-0.17969,-0.26914,0
-0.47022,0.85891,0
1.99399,-0.21965,0
0.67962,-0.05231,0
2.82614,-0.50512,0
2.66879,-0.58992,0
0.01253,0.55136,0
0.31013,-0.92033,0
1.2078,0.94287,0
2.92832,-0.10492,0
1.40811,1.08112,0
0.25702,0.95669,0
1.38329,-0.20808,0
0.02671,0.96712,0
1.39126,-1.02637,0
1.47351,-0.00738,0
1.42838,-0.41614,0
1.57793,-0.20759,0
3.14288,-0.60725,0
3.2752,0.92563,0
3.22048,1.14516,0
2.86857,-0.45971,0
0.57292,-1.18674,0
-0.03554,-0.21543,0
2.72272,0.59108,0
2.49733,-0.19092,0
2.08295,-0.61182,0
2.99508,0.2564,0
0.0454,-0.21035,0
3.05187,0.13842,0
2.21931,0.50758,0
1.39213,-0.98681,0
3.22837,-0.97145,0
2.57245,0.80272,0
2.68371,-0.41762,0
2.73783,0.98865,0
1.392,0.00633,0
1.41167,-0.91597,0
0.52934,0.5751,0
2.85027,0.63062,0
2.19827,-0.40929,0
1.07271,0.88086,0
1.04512,0.86293,0
3.46322,0.80538,0
1.30031,-1.08488,0
3.49172,-0.95157,0
0.22033,-1.02461,0
2.94813,-0.25682,0
-0.2253,-0.00388,0
3.15516,-0.18582,0
-0.13252,-0.82267,0
1.84665,-0.38277,0
1.2652,0.23276,0
-0.39034,0.92274,0
1.48623,0.51464,0
0.96663,0.33872,0
2.46838,0.96737,0
3.25975,-0.28792,0
0.93574,-1.19016,0
2.0479,-0.35673,0
-0.17655,0.77267,0
2.44337,-0.04311,0
0.03531,-0.40855,0
0.08051,0.3249,0
0.3596,0.3215,0
-0.48583,-0.8795,0
-0.35216,-1.04591,0
0.26435,0.64806,0
1.00812,0.9354,0
-0.36234,-0.81159,0
-0.4734,0.02378,0
3.42479,-0.82636,0
2.54671,-0.50482,0
3.16607,1.0411,0
1.05419,-0.19619,0
1.92532,1.23967,0
1.05598,0.97674,0
3.03663,-0.38341,0
2.10852,-0.05061,0
3.35217,-0.74374,0
2.93675,-0.03341,0
3.16885,-0.09186,0
2.74014,-0.96589,0
-0.37675,-1.07455,0
-0.13991,-0.53533,0
2.22399,-1.11549,0
2.91352,0.98686,0
1.95644,1.00964,0
1.94616,0.09832,0
1.32206,-0.67096,0
2.44396,-0.78546,0
2.82392,-0.20393,0
1.00187,-0.9898,0
3.14571,-0.57654,0
0.24144,-0.02126,0
1.14323,-0.41944,0
0.1278,0.70782,0
3.39455,0.97619,0
2.33783,-0.43754,0
1.62454,-0.33826,0
-0.48907,1.09041,0
3.11817,-0.16777,0
1.02545,0.39829,0
0.37011,-0.00929,0
0.94081,0.03431,0
2.7497,-0.63323,0
2.35658,0.11113,0
1.97613,0.5292,0
-0.03644,-1.04733,0
1.1572,1.0867,0
3.42021,-0.20409,0
0.84029,-1.08825,0
1.55195,-0.7851,0
0.89347,-0.61461,0
1.14895,0.06219,0
-0.04173,-0.6042,0
2.99885,0.47524,0
3.3017,1.22477,0
2.58244,0.0103,0
1.46089,-0.43941,0
0.70088,-0.1282,0
1.37877,-0.12792,0
3.41018,0.3233,0
1.29592,0.67307,0
0.79938,0.88558,0
1.97845,0.60151,0
1.59447,1.0914,0
2.64736,0.61212,0
1.78912,-0.98497,0
0.69067,-0.09051,0
2.628,-0.34685,0
3.43859,0.42305,0
0.88368,-0.56532,0
1.15082,-1.24784,0
3.19433,0.16509,0
1.10112,0.68613,0
0.37943,1.24673,0
1.23297,-1.04221,0
3.01058,0.2909,0
0.67758,-0.58219,0
2.30691,-1.12073,0
2.07699,1.12682,0
-0.24866,-0.4654,0
1.81565,-0.52144,0
1.86878,-0.39679,0
-0.27217,-0.52125,0
1.24421,-1.07579,0
1.95772,1.05992,0
2.4441,0.41929,0
-0.13592,1.00333,0
0.33508,0.43725,0
0.28201,-1.04619,0
0.0499,-0.62852,0
1.54832,-0.82344,0
0.32153,-0.21787,0
1.11121,-0.94269,0
1.57389,-0.81652,0
1.32829,0.21308,0
-0.44378,0.24212,0
2.9152,-0.85767,0
0.56645,-1.20246,0
0.34182,1.17392,0
1.11444,1.05358,0
0.86869,-0.70604,0
1.42048,1.1267,0
3.34909,-1.13856,0
2.49839,-0.79821,0
1.31021,0.57775,0
1.40005,1.13471,0
0.7872,0.86194,0
1.47545,-0.15758,0
2.55229,0.75041,0
2.70462,0.26769,0
1.79247,1.00984,0
1.69659,0.77217,0
-0.47669,-0.18467,0
2.32439,0.22146,0
0.08669,-0.5503,0
0.75925,0.38888,0
1.43472,0.23666,0
2.75469,-1.20331,0
1.6952,-0.40311,0
1.08158,-0.62435,0
1.88598,0.40419,0
1.75496,-0.68626,0
-0.43276,-1.03019,0
1.19699,-0.63037,0
0.21091,1.17685,0
1.80414,-0.93853,0
3.02669,0.54723,0
2.78382,-0.11164,0
3.47762,0.56954,0
3.0052,-1.00957,0
-0.01941,0.31919,0
1.3696,0.33292,0
1.92201,-0.96018,0
2.61975,-0.81364,0
0.96561,0.15866,0
0.87638,-0.37629,0
1.02728,-1.1316,0
2.57197,-0.03082,0
1.06398,-0.96027,0
2.5123,-1.18489,0
3.18724,-0.04619,0
-0.30103,0.72148,0
-0.18107,-0.71507,0
2.58369,-0.28611,0
2.60214,0.27684,0
2.02579,-0.05745,0
2.74814,-1.04438,0
1.16457,-0.35676,0
0.67636,0.51444,0
1.96068,0.18239,0
1.59583,0.45084,0
2.03045,0.06867,0
-0.3712,-0.68017,0
2.35932,0.91769,0
1.83269,0.8046,0
1.60822,0.19891,0
1.14169,0.00275,0
3.37886,1.05501,0
1.66326,-0.91652,0
2.27675,-0.35306,0
2.9735,-0.526,0
2.99841,-0.56019,0
2.31715,0.56978,0
0.6378,0.79048,0
2.34993,-0.62955,0
3.28367,-1.14587,0
0.69767,1.00385,0
2.3855,0.02235,0
0.34457,-0.19748,0
3.21678,1.04897,0
2.99206,0.17878,0
1.36438,0.85797,0
1.33688,1.14743,0
0.71539,-0.40619,0
2.5593,0.84699,0
0.36464,-0.12664,0
3.01384,-0.90902,0
0.58693,0.5739,0
1.19018,-1.03951,0
1.90988,0.579,0
1.53283,0.51961,0
-0.23912,-1.10119,0
-0.02249,0.05199,0
1.43931,0.00975,0
2.59024,0.65356,0
2.46781,-0.43675,0
3.10863,1.05798,0
3.02183,-0.43376,0
1.31299,0.63432,0
2.51792,1.16765,0
0.17671,1.20631,0
1.36023,-0.26965,0
2.46402,-1.12973,0
2.43712,-0.86616,0
-0.13742,0.2784,0
0.97471,0.32102,0
2.06602,0.33949,0
3.34187,-0.64436,0
2.45737,-0.96058,0
3.0197,-0.645,0
0.10019,0.95334,0
3.35286,-0.74728,0
2.34206,1.22693,0
0.45212,-1.16982,0
1.32042,0.80613,0
3.37321,0.5047,0
1.32438,0.66007,0
3.20533,0.01787,0
-0.46111,-0.19638,0
2.33986,-0.75297,0
1.00705,0.63337,0
1.01911,0.70114,0
0.35658,0.04447,0
1.74969,-0.43545,0
2.47461,1.22465,0
0.9137,-0.85557,0
3.24865,-0.71452,0
-0.16114,1.04334,0
1.85546,1.09128,0
2.1214,0.63577,0
0.10262,0.24405,0
1.68901,-1.01072,0
-0.04159,-0.63258,0
0.67389,0.84804,0
0.9227,1.07003,0
1.25123,1.17615,0
0.10331,-0.39004,0
1.60443,0.10446,0
1.35979,-0.01735,0
0.75507,-0.257,0
0.95167,0.88153,0
0.95727,-0.07595,0
1.784,-0.40166,0
0.95437,1.16385,0
3.37731,-0.78825,0
1.34294,-0.26381,0
-0.07595,0.40707,0
2.847,0.31792,0
1.35404,-1.12951,0
0.7533,-0.99034,0
1.65858,0.16328,0
1.7072,-0.79445,0
2.91923,-0.35262,0
1.01435,1.15805,0
2.05029,-1.01106,0
1.64787,0.88978,0
-0.21479,0.28906,0
1.30179,1.08231,0
-0.3034,0.27625,0
1.7251,0.33781,0
-0.08135,0.64617,0
0.4912,-1.1727,0
1.53566,-0.58061,0
2.92168,-0.03345,0
2.65904,0.60253,0
0.96923,0.25756,0
3.15706,0.32548,0
2.48688,0.47543,0
1.14018,1.14614,0
0.34648,0.31973,0
0.60297,-0.90094,0
2.3001,-0.4384,0
3.35705,0.80804,0
-0.47972,0.3581,0
2.92069,0.82642,0
1.53499,0.89582,0
1.45839,-0.53913,0
1.47059,-0.57748,0
2.83353,-0.14606,0
0.01075,0.94489,0
1.02082,-0.1428,0
0.9972,-0.04868,0
-0.41829,0.43693,0
0.82477,0.03393,0
2.6063,-0.31719,0
1.64438,-1.03844,0
2.8745,0.5767,0
-0.33329,-0.40392,0
2.90766,0.96248,0
0.98956,-0.90374,0
-0.28964,0.77631,0
3.0424,-0.99848,0
2.64931,-0.84636,0
0.45986,-0.71578,0
-0.23989,0.34488,0
-0.27947,1.12028,0
2.5188,0.83921,0
-0.44656,0.02023,0
1.7108,-0.75461,0
0.84514,-0.80088,0
1.79157,-0.73487,0
1.55933,0.20678,0
1.06347,1.07307,0
-0.19823,1.21946,0
2.11802,1.18402,0
1.05726,1.05269,0
2.55221,-0.88569,0
3.37524,-1.16309,0
3.04096,0.01539,0
1.23848,0.26526,0
3.30179,-0.51759,0
1.44136,0.96701,0
0.72203,-0.7139,0
2.7877,-1.08482,0
1.6169,0.77656,0
2.92083,0.99463,0
3.24101,-1.1246,0
2.07015,-1.12048,0
1.36281,0.38257,0
2.83337,-0.84874,0
-0.15826,-0.64015,0
2.68884,0.37336,0
2.54353,-0.72455,0
-0.49191,1.07633,0
1.58788,-0.45172,0
0.44956,-0.63093,0
0.25814,0.52898,0
0.74942,0.13675,0
0.72934,-0.52623,0
0.67764,0.58256,0
1.29744,-0.74943,0
1.3274,0.03119,0
2.00478,-0.09963,0
1.86011,-0.44854,0
-0.0608,-0.36067,0
0.80813,-0.28403,0
1.89257,-0.70565,0
-0.23635,0.38004,0
2.42168,0.67606,0
0.79785,-1.1199,0
1.93277,-0.40994,0
2.57764,0.10523,0
0.74261,0.67547,0
2.30348,-0.47498,0
3.33889,0.89452,0
1.22677,-0.69036,0
-0.09356,0.61243,0
1.68242,-1.10789,0
2.76765,-0.43614,0
0.83802,-1.03215,0
3.24697,1.08881,0
2.00707,-1.2476,0
2.44211,0.82023,0
2.0394,0.46859,0
2.29395,-0.83047,0
0.2587,0.48544,0
2.96836,1.02655,0
2.55931,0.1629,0
2.59005,-0.72738,0
3.16499,-0.57212,0
0.59817,-0.44137,0
2.82123,-1.19753,0
3.00051,0.30961,0
1.78234,0.53104,0
1.08895,-1.09792,0
2.17949,0.0395,0
1.06499,1.0554,0
3.24524,-0.43355,0
-0.13427,-1.15912,0
2.48622,-0.92493,0
1.80643,-0.23551,0
0.5137,0.07082,0
0.17757,-0.05105,0
1.48533,0.55044,0
3.43235,-0.45618,0
0.67303,-0.03998,0
0.79233,-0.25219,0
2.45482,0.97754,0
1.27094,0.57885,0
3.22382,-0.08031,0
0.77599,0.91794,0
2.96308,-0.43538,0
0.57391,-0.31273,0
3.45923,1.0581,0
1.48942,0.74256,0
2.69255,-1.17276,0
2.63728,0.99996,0
3.067,0.47891,0
-0.0786,0.79925,0
2.30728,0.94918,0
3.04569,-1.20153,0
3.14179,-0.79348,0
0.22315,0.02526,0
1.75854,-0.79015,0
3.05066,-0.86556,0
2.72594,-1.21721,0
3.44422,0.19336,0
0.82195,1.14444,0
2.84455,-0.08883,0
-0.20908,-0.10941,0
1.15766,-0.59015,0
3.46577,1.01657,0
2.90924,1.03554,0
0.81928,0.66353,0
2.12909,0.81481,0
0.10904,-0.1905,0
-0.15949,0.44784,0
2.08494,0.31773,0
-0.18208,-1.12021,0
2.8338,0.24296,0
3.29922,0.90462,0
1.54613,0.52853,0
-0.35696,-0.31703,0
0.82663,-0.33894,0
0.24602,-0.49129,0
2.21296,-1.05949,0
3.49958,1.22581,0
2.56264,1.2215,0
-0.04707,1.20644,0
0.51815,1.22942,0
1.56165,-0.72702,0
3.28903,0.48715,0
0.01606,-0.33795,0
2.19594,-0.16368,0
1.38395,-0.66433,0
2.66725,0.96058,0
1.92246,-0.39631,0
2.31083,0.61186,0
0.39169,-0.22626,0
2.34311,-0.80648,0
2.00089,-0.02389,0
2.8864,0.94802,0
0.0679,-0.91303,0
3.39459,-0.59004,0
0.57903,-0.27008,0
0.21544,-0.92764,0
2.27465,0.16536,0
0.77937,0.35644,0
-0.47031,-1.22456,0
0.87206,0.67837,0
2.93471,1.23412,0
1.81884,-0.05539,0
1.14609,-0.44642,0
1.60193,-0.71443,0
2.87928,1.16813,0
3.42934,-0.01966,0
-0.19772,0.95068,0
2.21718,-0.81386,0
0.06443,0.91241,0
2.77016,-0.04019,0
2.5985,0.36345,0
0.45298,0.04179,0
2.25294,-0.13855,0
2.93565,0.8502,0
0.63445,0.35817,0
0.14588,0.65804,0
-0.16654,0.36731,0
2.45473,0.31809,0
3.26493,0.90393,0
2.90994,-0.87309,0
0.2691,0.94184,0
0.86393,-0.36208,0
1.2573,-1.16419,0
0.09907,-0.40727,0
-0.16247,0.47982,0
1.09827,-0.53089,0
1.26932,1.08602,0
0.8175,0.03042,0
2.75045,-1.09588,0
2.34209,0.03165,0
2.14476,0.37372,0
0.3908,1.23338,0
0.53777,-0.11218,0
-0.14113,-0.54386,0
1.12383,-0.72026,0
3.17123,0.02299,0
3.31002,0.53949,0
1.18381,-0.01972,0
1.63176,0.3633,0
3.05703,-0.12492,0
0.17578,-1.24275,0
1.42219,0.78257,0
1.38866,0.39537,0
0.03037,-0.08529,0
0.46426,-0.47642,0
2.17127,0.00507,0
0.09767,0.44052,0
1.90437,1.16657,0
2.29319,-1.07673,0
0.70105,-0.70151,0
2.3145,1.16442,0
2.43454,0.0814,0
0.79086,-0.56134,0
0.60994,0.41242,0
-0.01332,-1.20761,0
-0.46732,-0.32525,0
1.93488,-0.74223,0
1.61881,-0.1692,0
2.33555,-0.48793,0
-0.2331,-1.09487,0
0.05813,1.12912,0
3.0989,-0.54645,0
2.42175,1.08153,0
0.55643,-0.39103,0
3.21935,-0.72613,0
0.90751,-1.21546,0
2.81707,-0.68346,0
3.13719,0.42724,0
0.1163,-1.04259,0
1.55704,-0.51324,0
0.80657,-0.15262,0
0.16114,-0.77289,0
1.99826,1.16817,0
0.54835,0.24566,0
2.93877,-0.14706,0
0.4859,0.96406,0
3.15023,0.08886,0
2.29568,0.28642,0
2.24747,-0.09859,0
1.45587,1.16508,0
2.33578,-0.42444,0
2.77513,-0.85755,0
0.62696,0.72339,0
3.29728,-0.45224,0
1.61674,0.84867,0
2.30633,0.87,0
2.06531,-0.31884,0
2.24418,0.89376,0
-0.1808,0.20702,0
0.96295,0.84899,0
1.11092,-1.23628,0
0.50162,-0.43674,0
-0.01166,-0.9738,0
2.74665,-0.85576,0
0.49244,-1.00558,0
1.4675,-0.83638,0
0.87525,-0.64212,0
2.66458,-0.29651,0
1.90243,0.23071,0
1.82671,0.51493,0
3.39772,-0.77602,0
-0.40111,1.04347,0
1.79421,-0.58567,0
0.66734,-0.30769,0
1.20861,-0.57237,0
0.40533,1.13978,0
2.56106,-0.67646,0
-0.01522,0.14607,0
2.63785,-0.43741,0
-0.1552,-0.00168,0
-0.17176,0.42184,0
1.97051,0.34954,0
0.28865,0.90704,0
1.14401,-1.06956,0
2.5537,1.13534,0
0.58527,0.19761,0
1.27954,0.81155,0
0.73694,-0.4966,0
2.29969,-0.65921,0
3.43641,1.20321,0
3.0562,1.00679,0
3.0389,-1.03361,0
-0.04379,0.32037,0
-0.16789,0.62667,0
-0.29814,0.67949,0
0.94408,-0.5174,0
3.46185,0.30835,0
1.86188,0.02886,0
1.92143,1.0634,0
1.79771,0.02632,0
2.24736,0.74593,0
3.49216,-0.92786,0
1.49035,1.06802,0
3.0333,0.07579,0
-0.2393,-0.44915,0
2.329,0.12559,0
2.18983,0.32142,0
2.48251,-0.49919,0
0.90563,-0.0826,0
1.80278,-0.01138,0
1.61296,0.70959,0
3.4267,0.65229,0
2.22296,0.80272,0
1.51088,-0.90645,0
0.65795,-0.00568,0
1.40543,0.73251,0
1.05407,-0.56294,0
0.32015,0.22097,0
2.66271,0.7558,0
1.91659,-0.58456,0
1.5223,-1.20508,0
2.11864,-0.03793,0
1.02809,1.12661,0
3.46553,0.99975,0
-0.04485,1.01645,0
-0.25563,0.97938,0
2.49123,-0.82949,0
3.14261,0.40858,0
2.79458,0.03395,0
0.18576,-0.34097,0
-0.32845,-0.56837,0
-0.36641,-0.96037,0
3.16801,-0.93147,0
1.93074,-0.02138,0
2.30723,-0.88182,0
1.13795,1.19903,0
2.848,-0.04398,0
1.09283,0.33612,0
2.57882,0.28893,0
1.60534,0.87924,0
3.11086,-0.80047,0
1.99836,-1.17036,0
1.3408,0.09931,0
2.86271,0.11808,0
3.33093,-1.24722,0
2.39091,-0.63861,0
3.18524,0.37928,0
2.08337,0.66291,0
-0.3615,1.18966,0
2.22081,-0.31301,0
2.61625,-1.16694,0
3.30044,-0.61263,0
0.90084,1.00138,0
1.18196,-0.86429,0
0.775,-0.00558,0
2.55173,0.74867,0
0.08613,-0.63977,0
2.76386,-0.66945,0
2.27954,-0.80756,0
-0.46577,-0.26069,0
0.98536,-0.32937,0
0.48391,-0.81791,0
0.29951,0.46542,0
2.8797,1.03953,0
0.46783,0.62313,0
2.67489,0.27271,0
0.85953,-0.18559,0
-0.0601,-1.24138,0
3.25677,-0.80932,0
0.96823,-0.72225,0
-0.22009,-0.41334,0
2.10626,-0.98729,0
1.0113,-1.1118,0
1.86298,-0.46819,0
1.39107,1.08264,0
2.76305,-0.74118,0
0.98004,0.44531,0
0.22033,1.21619,0
0.34244,0.76788,0
3.00893,0.85524,0
3.43077,-0.56033,0
1.93029,-0.38842,0
2.75622,0.27134,0
3.43607,0.91811,0
1.80906,-0.02414,0
-0.48086,-0.90797,0
2.68933,-0.67477,0
2.91877,1.00023,0
-0.47853,0.90938,0
0.35655,-0.92673,0
1.67647,-0.52334,0
0.81866,-0.71397,0
1.15744,1.03088,0
0.55602,0.83831,0
0.98505,0.82979,0
0.98137,0.82113,0
0.03716,1.00243,0
3.48715,0.71102,0
1.19408,-0.87568,0
2.81635,0.77036,0
3.33047,-0.5677,0
0.99003,-0.79486,0
2.79447,0.12078,0
0.27381,-0.17095,0
-0.29531,0.21956,0
0.70349,-0.88702,0
-0.13672,-0.55123,0
2.79421,-0.56438,0
1.27877,-1.19226,0
2.81443,0.98514,0
1.02162,0.05946,0
2.48006,1.14488,0
-0.26319,-0.4602,0
0.04607,0.79518,0
-0.26683,0.56133,0
-0.30775,1.01335,0
3.2527,0.68578,0
3.12069,0.15696,0
2.74562,0.61628,0
0.51667,0.70806,0
3.11725,0.95891,0
2.87693,-0.50321,0
2.00495,1.11468,0
2.4737,-1.03519,0
-0.15885,-1.15933,0
3.01587,-0.11719,0
0.70258,-0.89387,0
0.53292,1.11539,0
-0.16182,0.73881,0
2.01962,-0.97842,0
-0.38026,-0.80219,0
1.49352,-0.33462,0
0.21807,0.49265,0
2.75855,0.82398,0
-0.30871,0.39683,0
3.17072,-1.13579,0
0.93152,0.65966,0
1.00733,0.59055,0
0.79164,0.05794,0
2.5588,-0.52383,0
2.15131,-0.15106,0
0.6933,-0.50614,0
2.2445,-1.20364,0
1.4211,-0.94129,0
2.34223,1.02089,0
-0.33721,-0.03176,0
0.22349,-1.10388,0
1.75017,0.81129,0
-0.26379,0.86618,0
-0.43362,0.08647,0
-0.14074,1.196,0
0.48253,0.77422,0
2.71965,-1.15152,0
1.96786,0.42315,0
2.99409,0.86957,0
0.31046,0.72801,0
-0.41558,-0.49393,0
2.44113,-0.90947,0
3.17188,-0.83987,0
0.60694,0.72874,0
0.32637,0.35113,0
0.34985,0.65498,0
2.8405,-0.62154,0
2.82783,0.49036,0
1.18791,0.9408,0
2.68238,1.24368,0
1.27325,0.22023,0
3.09103,-0.33885,0
1.52882,1.15153,0
-0.14461,-0.27824,0
2.87339,1.18959,0
1.84231,-0.60543,0
-0.44112,1.05367,0
0.08695,-0.58617,0
1.00487,-0.89549,0
-0.34595,-0.13927,0
0.57489,0.35406,0
2.32226,-0.88474,0
1.43343,-0.58575,0
2.61592,-0.1103,0
3.37487,0.70282,0
-0.4909,-0.41085,0
0.68158,-0.49989,0
3.47915,-0.0933,0
-0.45225,0.37689,0
0.91012,0.34485,0
2.2136,-0.77779,0
3.36394,1.07488,0
0.78411,-0.15583,0
1.66809,0.9251,0
3.40835,0.65124,0
1.0978,0.30728,0
2.94885,-0.75992,0
1.15508,-0.6696,0
-0.29909,-1.14172,0
1.89467,-0.78453,0
0.86941,-0.38323,0
2.2648,0.30463,0
2.68813,-0.76232,0
0.64198,-0.53772,0
2.758,0.67632,0
2.68122,0.37471,0
0.58897,-0.34632,0
0.00928,0.28932,0
2.08698,-0.45192,0
2.03173,-1.21284,0
1.31971,-0.15359,0
-0.49245,-1.06354,0
2.84068,0.15607,0
2.63948,-0.62269,0
-0.09697,-1.03545,0
2.58049,-0.7564,0
2.35955,0.49515,0
1.61413,-0.64044,0
1.2823,0.58227,0
2.83771,0.66201,0
2.38156,-0.80983,0
1.96656,0.98068,0
1.35612,-0.31904,0
2.08486,-1.06189,0
1.4263,-0.92397,0
1.31229,0.74137,0
0.06736,-0.78192,0
1.97008,0.61077,0
2.49458,-0.72859,0
0.12687,-0.64549,0
3.44349,-1.00758,0
1.7013,0.80424,0
1.29571,0.74018,0
3.19309,-0.57455,0
0.6435,0.12726,0
0.21252,0.7943,0
2.44871,1.12462,0
1.44011,-0.60129,0
1.7192,-0.85201,0
1.98687,0.14113,0
1.05978,0.70427,0
2.35617,-0.11204,0
0.49159,0.35311,0
1.1071,-0.86707,0
-0.27431,0.7735,0
2.83599,-0.57329,0
-0.16879,0.71327,0
2.35462,-0.23289,0
1.66066,-0.56847,0
2.57464,1.01544,0
0.47854,-0.72223,0
1.03749,0.89101,0
1.23878,0.47211,0
0.18293,-1.12104,0
2.63208,-0.818,0
0.46809,-0.78829,0
1.32097,-1.01118,0
0.74648,0.03287,0
0.04046,0.31961,0
-0.18996,0.11962,0
3.20216,1.12248,0
3.29605,0.61258,0
-0.04855,0.54991,0
1.90526,0.3177,0
2.96327,-0.81391,0
0.08765,-0.55709,0
2.56823,-1.06628,0
1.30335,0.65035,0
1.84317,1.00426,0
3.32392,-0.54627,0
2.1748,0.80528,0
-0.43231,-0.074,0
2.5164,-0.87659,0
0.6215,-0.85625,0
-0.07559,0.7931,0
0.5502,-0.20055,0
1.0002,0.98988,0
0.7242,0.77048,0
3.45125,-1.04209,0
3.08484,-1.15445,0
2.06107,1.23828,0
3.21862,-1.08652,0
-0.32896,-0.04726,0
0.00739,0.79946,0
1.13454,0.45984,0
1.78859,0.9993,0
1.31384,-0.3461,0
3.18858,0.30959,0
0.62676,-0.21491,0
1.6857,-1.07742,0
0.93761,1.18175,0
1.34124,-0.36219,0
2.48385,0.43902,0
-0.35431,-1.02926,0
3.35994,-0.39081,0
1.43898,-0.80206,0
2.38363,0.77346,0
3.05557,-0.20243,0
1.60226,0.33057,0
2.43521,-0.05538,0
2.04575,-0.642,0
2.29437,-0.96629,0
2.85756,0.70079,0
1.6209,0.00422,0
0.32738,-0.77902,0
3.15815,0.83337,0
0.45899,-0.10593,0
3.32669,-0.52053,0
-0.29406,0.11763,0
0.56117,-1.10887,0
2.54697,1.21526,0
2.93647,1.09401,0
0.40242,0.21954,0
0.85666,0.17792,0
2.19663,-1.14241,0
0.65641,1.12866,0
1.94437,0.79679,0
1.70959,-1.13671,0
0.02091,0.5371,0
0.92,-0.56094,0
2.09429,0.36163,0
3.16208,1.13422,0
2.60382,0.11806,0
2.943,-0.26294,0
1.13666,-0.6026,0
2.48773,-0.07056,0
2.62089,-0.58081,0
2.37839,0.10562,0
1.77069,0.00342,0
0.33812,-0.95981,0
0.40932,-0.68724,0
-0.07064,0.99092,0
0.41637,-0.5374,0
0.50006,0.36402,0
0.04456,-0.11213,0
1.20388,-0.67105,0
-0.09824,-0.30292,0
1.89629,0.92689,0
2.64912,0.3297,0
2.7506,1.23125,0
0.34114,-0.00644,0
0.96238,-0.79823,0
-0.19666,-0.1662,0
0.57341,1.24111,0
2.17195,1.17828,0
2.82515,-0.08985,0
0.69235,-0.16635,0
1.53823,-0.58578,0
1.27061,-1.21683,0
1.89646,-0.00736,0
0.02784,-0.20297,0
2.11429,-0.53752,0
2.5809,0.93612,0
1.44875,0.10931,0
0.15985,-0.82736,0
3.43996,-1.11518,0
1.03715,-1.10677,0
-0.3523,-0.10795,0
1.39052,0.37069,0
3.09708,-1.22127,0
-0.09986,-0.32401,0
2.96974,-0.59826,0
0.20357,0.61185,0
0.78941,-0.11779,0
2.93702,0.14563,0
2.00476,-0.1951,0
0.81778,0.55711,0
1.28474,-0.77565,0
2.66412,0.41698,0
2.7158,1.14823,0
1.66028,-0.73763,0
1.38205,-0.6068,0
0.99589,-0.2512,0
1.5136,0.92245,0
1.82292,-0.61551,0
3.39331,-1.03966,0
1.02959,0.92337,0
2.73935,1.06092,0
2.89806,-0.43132,0
0.17004,0.74354,0
3.27648,1.00041,0
0.14426,0.6624,0
-0.40098,0.91831,0
1.47406,-0.58433,0
-0.36354,-0.65516,0
1.06044,-0.7545,0
1.65012,-0.92025,0
3.03919,0.40521,0
1.14932,-0.01089,0
1.98467,0.18694,0
1.63335,1.15945,0
0.50173,0.49339,0
1.49096,0.81784,0
1.67706,-0.88831,0
3.07226,-0.78339,0
2.94895,0.44871,0
1.59875,0.13384,0
3.34494,1.07836,0
0.44397,-1.02139,0
1.86936,0.83955,0
2.35894,-0.95108,0
-0.00196,1.19591,0
0.43371,1.0492,0
2.69721,0.68322,0
2.34961,-0.83224,0
3.14659,-0.8657,0
1.85798,-0.66172,0
2.11256,1.13698,0
0.98333,-0.42082,0
-0.19591,-0.07387,0
1.5226,-1.12378,0
1.34025,0.06102,0
1.24186,0.12336,0
0.45077,-0.28995,0
-0.02163,0.96313,0
2.82287,0.11054,0
2.08478,0.93613,0
-0.39641,0.79107,0
3.1885,-0.46814,0
1.52903,-0.14244,0
0.20375,0.68091,0
0.59064,-1.05551,0
1.35373,0.60096,0
0.56887,-0.6262,0
0.0507,0.60414,0
0.05971,0.00832,0
1.30482,0.3667,0
1.21644,0.09678,0
1.56116,-0.65078,0
1.74164,-0.62565,0
2.20156,-0.92919,0
0.8821,0.81821,0
0.50522,0.28762,0
3.14488,-0.22695,0
3.40098,-1.20632,0
2.11911,-0.20395,0
-0.29912,0.90968,0
0.33976,-0.06163,0
0.53709,0.82039,0
0.6064,-0.10198,0
0.75622,0.308,0
1.06154,1.23371,0
0.25837,0.27523,0
-0.27789,-0.02553,0
3.26921,-0.63039,0
1.55789,0.48325,0
1.51249,-0.07947,0
1.99664,1.23403,0
0.81111,-0.86878,0
0.62957,0.08235,0
3.14272,0.32712,0
3.08101,1.11834,0
-0.04055,-0.13233,0
0.50381,0.81988,0
1.18038,0.54608,0
0.24105,0.78861,0
0.86374,-0.43258,0
2.88188,-1.06978,0
2.81374,0.02592,0
2.38585,0.62761,0
3.48191,-1.05085,0
2.76716,-0.82157,0
2.81102,-0.39833,0
1.44777,0.6809,0
3.43061,0.88434,0
0.11025,0.10534,0
1.10572,0.01015,0
1.50056,0.25155,0
0.6105,0.91684,0
3.44731,0.66465,0
0.9901,0.31896,0
3.38696,0.3703,0
-0.38743,-0.19401,0
-0.23341,1.07186,0
1.74312,-0.1863,0
0.67127,-0.57877,0
2.58944,0.28204,0
2.63974,0.74232,0
2.26446,0.91961,0
-0.14461,-0.81271,0
1.46609,1.24832,0
0.99132,0.83171,0
1.58498,-0.60203,0
0.34547,0.77355,0
-0.01456,-0.16083,0
0.88507,0.4768,0
-0.07141,-1.07451,0
0.2803,-0.11269,0
2.30865,0.77434,0
-0.43053,0.59219,0
2.47777,-0.65846,0
1.36333,0.25668,0
0.22237,-0.59518,0
-0.25894,0.505,0
2.80117,0.86375,0
0.47184,-0.21893,0
1.40282,0.57999,0
1.84215,-0.98487,0
1.20509,-0.0506,0
1.19746,0.54768,0
1.09508,0.09837,0
3.20403,-0.89289,0
0.9052,0.06109,0
0.63028,0.70133,0
1.44631,-1.00227,0
2.61958,-0.50466,0
-0.19292,-1.24406,0
0.55814,0.57955,0
2.20268,-0.41685,0
2.24765,-0.77561,0
1.49628,1.00818,0
2.78882,-0.50186,0
3.39767,-0.42254,0
2.68213,-1.05095,0
2.25672,1.11608,0
2.52999,-0.32422,0
2.45513,1.17388,0
2.00856,0.49692,0
1.17424,-0.80318,0
0.84293,0.36412,0
0.25451,0.10677,0
1.32836,-1.14241,0
0.84253,-0.91958,0
1.38557,0.94021,0
-0.20518,-1.1069,0
0.94225,-0.52614,0
2.48856,0.30462,0
1.03902,0.26675,0
0.94569,-1.20317,0
2.47591,0.51775,0
1.89698,0.96562,0
0.60439,0.77096,0
-0.06941,0.80398,0
0.72439,-1.13527,0
1.28367,0.79287,0
1.83592,-0.93166,0
3.20405,-0.45469,0
-0.0126,-0.95366,0
1.93398,-1.23397,0
3.25432,-1.15453,0
2.05201,-1.17259,0
3.20384,-0.52796,0
2.33348,-0.25435,0
0.52554,-0.12016,0
0.13257,0.92864,0
1.61422,0.82976,0
0.01379,0.59944,0
0.34689,-0.13994,0
2.24826,-1.05355,0
0.20846,0.24529,0
0.25809,0.08989,0
2.97692,-0.46284,0
2.23909,-0.33436,0
2.65814,-0.4182,0
1.91738,-0.9379,0
2.25426,-1.18872,0
0.32903,-0.27668,0
2.24896,-0.4503,0
2.74409,-0.25418,0
3.18437,0.73425,0
3.38683,0.31162,0
0.88517,0.18866,0
0.50093,0.39671,0
3.06675,1.24846,0
1.97115,-0.74633,0
-0.26766,-0.72327,0
2.82241,0.86508,0
1.08531,0.36813,0
3.34644,0.47915,0
0.25284,-1.19101,0
-0.36123,0.93181,0
2.92757,-0.96027,0
2.0808,0.4503,0
0.55617,0.9294,0
0.64716,0.3066,0
2.05453,0.67953,0
0.23856,-0.63408,0
-0.04248,0.04939,0
3.03991,-0.04941,0
-0.44421,-0.55104,0
0.46417,0.25032,0
2.14794,-0.95285,0
2.38767,0.87611,0
0.59335,-0.76862,0
0.02286,1.23266,0
2.71555,-1.12481,0
2.40657,-1.10452,0
0.06547,-0.84575,0
0.73333,-0.64238,0
0.77791,-0.30334,0
0.94808,-1.20888,0
0.63327,-0.51131,0
-0.31399,-0.22373,0
0.92548,0.09256,0
0.02321,-0.11761,0
1.04229,-0.40034,0
1.82782,-1.13319,0
0.05374,0.24321,0
0.35006,-0.43388,0
0.40013,-0.62829,0
0.86178,0.49161,0
2.95742,-0.70484,0
0.83372,0.70357,0
0.23949,0.52464,0
-0.42073,-1.00049,0
2.49608,1.13423,0
1.65308,1.22958,0
1.36403,-0.71633,0
1.64334,-0.50855,0
1.88697,-0.301,0
0.57808,0.67507,0
3.37096,-0.67383,0
2.16726,-1.03623,0
2.61904,-0.50664,0
2.28823,1.12259,0
0.97924,0.56852,0
1.91518,-0.73027,0
1.17498,0.75905,0
3.42776,0.65332,0
3.1803,0.2436,0
2.52003,0.37171,0
1.02161,0.82025,0
1.32578,0.04801,0
1.57,-0.14559,0
0.29577,-0.81182,0
2.14223,-0.84447,0
2.69444,-0.07655,0
1.492,-0.59344,0
2.26997,0.70322,0
-0.02993,0.49388,0
2.60186,-0.97014,0
2.86456,0.09714,0
1.83028,0.97411,0
1.56407,-0.81752,0
2.38322,0.70744,0
3.03678,0.06092,0
1.90135,1.21431,0
1.32098,0.10472,0
1.31455,-0.3246,0
2.15438,-0.24427,0
-0.32852,0.6857,0
2.83771,-1.04767,0
1.85666,-1.17755,0
2.82102,-0.3376,0
-0.12718,0.07907,0
2.35823,0.7688,0
0.36434,0.34463,0
0.31273,0.24445,0
0.66979,-1.20471,0
0.13023,1.12029,0
-0.03149,0.94788,0
3.21268,0.00445,0
0.55513,1.16507,0
3.35293,0.7865,0
2.03858,-1.04767,0
1.38071,0.81575,0
3.15995,0.23129,0
1.90823,0.39779,0
1.84502,-0.34589,0
2.70714,0.31532,0
-0.13683,-0.03369,0
2.07523,0.61335,0
2.6629,-0.67977,0
0.61488,1.19036,0
2.6265,-1.21024,0
3.31144,-0.67985,0
2.34683,0.8653,0
-0.35449,-0.54365,0
3.29208,0.45973,0
-0.45092,0.17884,0
0.90857,0.65534,0
1.02184,-0.31495,0
0.85941,0.15774,0
3.27758,0.025,0
2.84237,-0.4871,0
3.2277,0.66752,0
2.59024,-0.61085,0
-0.20994,0.02413,0
0.34999,1.01318,0
0.06845,0.46035,0
0.8432,0.49342,0
0.44455,-0.87908,0
1.9901,0.44768,0
-0.4611,-1.1172,0
0.59277,-0.02655,0
-0.02638,-1.22358,0
0.96615,0.89025,0
2.47711,-0.21275,0
2.25773,0.89293,0
2.61191,0.24081,0
2.79207,0.81019,0
1.23529,-0.5223,0
3.07469,-0.82988,0
2.63759,-0.49265,0
-0.49645,-0.92554,0
2.46228,0.77196,0
3.23376,0.84309,0
3.23297,-0.25562,0
2.48752,-0.17218,0
-0.42367,1.09365,0
-0.06615,-1.02773,0
1.36871,0.75208,0
1.86387,-0.65213,0
0.26879,-1.21853,0
0.83626,-1.05485,0
1.47872,-0.25564,0
1.06836,1.24176,0
2.00489,-0.50721,0
3.06562,0.71903,0
0.11916,-0.80732,0
2.00201,-0.33236,0
2.04117,-0.14639,0
2.59481,-0.02491,0
2.96126,-0.84058,0
2.14708,0.00572,0
0.56362,-0.50693,0
1.43127,-0.61163,0
1.61768,1.11967,0
2.185,-0.74182,0
3.10931,1.1292,0
1.52307,0.88176,0
-0.08458,1.00579,0
2.79857,-0.69322,0
0.18495,0.81495,0
1.63247,-0.35866,0
1.15197,-0.46096,0
2.18457,0.13638,0
0.49682,-0.13278,0
1.95781,-0.33233,0
3.4857,-1.09635,0
3.31661,0.73089,0
0.68328,0.64328,0
3.39184,-0.44931,0
0.89136,-1.1018,0
1.14434,0.56995,0
1.07706,-0.65989,0
3.30407,-0.06681,0
-0.17518,0.68449,0
1.24838,0.92114,0
-0.12491,0.86663,0
-0.01517,0.37218,0
2.84622,0.06321,0
1.45175,0.53534,0
0.49413,-0.1376,0
0.14436,1.22166,0
1.28059,-0.51718,0
2.95615,-0.91622,0
-0.49189,-0.79346,0
1.93198,0.14351,0
3.06703,-0.31423,0
3.35302,1.23136,0
-0.17535,1.08025,0
-0.38544,-0.6748,0
1.21867,0.17137,0
1.76783,0.11389,0
3.27552,-0.76683,0
0.93057,0.81582,0
2.55472,1.05185,0
0.0946,0.8017,0
-0.15663,-0.24028,0
2.33376,0.39259,0
0.7735,0.74774,0
2.20275,-0.78813,0
2.97077,-0.84454,0
1.75178,0.12428,0
0.42685,0.75517,0
-0.24504,-0.53754,0
0.28827,-1.05488,0
-0.45666,-0.04867,0
2.24598,1.23115,0
2.678,0.20905,0
1.62548,0.81071,0
2.01523,-0.6924,0
2.87372,0.75939,0
0.80801,-0.45065,0
1.46484,0.10131,0
1.28453,-0.23113,0
0.06901,1.09746,0
3.31212,1.20121,0
0.70527,0.41737,0
-0.14089,1.20064,0
-0.08875,0.24502,0
0.00703,-0.11394,0
1.35452,-0.39283,0
0.90767,0.71465,0
-0.45543,0.37989,0
0.03111,0.21666,0
-0.12253,-1.15671,0
1.89455,0.92735,0
3.18352,-0.46067,0
-0.19978,-0.88786,0
1.74002,1.14723,0
0.27356,-0.05196,0
2.02971,1.12419,0
1.67058,-0.45243,0
1.24489,-0.20264,0
2.80328,0.29494,0
1.71358,-0.66036,0
1.45963,1.11482,0
2.86442,0.92591,0
0.74728,0.69601,0
2.0273,0.78756,0
3.36611,-0.12239,0
1.22271,-0.72707,0
-0.3794,0.60407,0
1.21387,-0.28892,0
-0.03566,0.85747,0
2.86845,0.38337,0
-0.248,0.38581,0
3.14291,0.30538,0
3.38715,-0.98238,0
2.18763,-0.96846,0
1.56122,-1.18799,0
3.19299,0.21415,0
0.16992,-1.03352,0
2.1939,0.38546,0
2.0957,1.08169,0
0.80763,-0.73987,0
3.26909,0.74724,0
-0.41678,-0.13126,0
0.96139,0.14218,0
1.36808,0.79186,0
2.99295,0.11323,0
1.33974,0.89828,0
0.57816,-0.22625,0
0.94764,-0.55558,0
2.68923,0.53358,0
1.03154,0.14337,0
2.52068,1.14382,0
-0.25581,0.14389,0
-0.38738,-0.79962,0
1.31962,-0.76538,0
0.16702,-0.55929,0
2.79723,0.32061,0
2.8351,-0.43811,0
0.40254,1.15101,0
-0.43319,0.72263,0
3.09358,0.82863,0
0.51821,-0.52994,0
1.06174,1.0575,0
0.54224,0.27418,0
0.7864,-1.22383,0
0.32724,-0.29165,0
1.10106,-0.07719,0
1.13245,0.25653,0
0.71203,-0.60331,0
2.95036,0.26015,0
2.89464,-0.81881,0
0.98739,-0.82149,0
2.94508,0.69481,0
3.23891,-0.97689,0
-0.04535,0.95769,0
2.989,0.98001,0
1.14901,0.75888,0
2.05385,0.8995,0
2.86953,1.22662,0
-0.21159,-0.10664,0
1.82359,0.26292,0
0.99244,0.59494,0
-0.12226,0.12736,0
2.10597,-0.57084,0
2.43227,-0.53312,0
2.89447,0.30323,0
-0.40183,0.01608,0
0.96562,0.75904,0
1.72592,-0.00812,0
2.83235,1.17953,0
1.59166,0.74372,0
3.13376,-0.71145,0
2.67899,-0.94123,0
3.30972,-0.93733,0
0.71795,1.09147,0
2.47545,-0.85163,0
1.53099,1.05091,0
0.70947,-0.13464,0
1.29958,0.74105,0
-0.14672,-0.94272,0
2.01129,0.69779,0
3.01623,-0.16501,0
2.25419,0.74859,0
0.27476,-0.41621,0
2.30307,-0.66053,0
1.3254,0.14699,0
0.82489,-0.93658,0
1.71365,0.12052,0
0.02969,-1.15397,0
3.29269,0.213,0
2.98333,-0.16565,0
2.29233,-0.30497,0
2.20505,-0.34149,0
1.36578,-0.7,0
1.81538,0.34508,0
1.56803,-0.68155,0
3.09289,0.47976,0
3.29645,-0.02193,0
-0.39778,-0.52784,0
2.09356,0.23039,0
2.95383,-1.23947,0
0.31156,0.54654,0
2.68677,-0.21292,0
0.21999,0.48792,0
2.53821,0.57898,0
-0.45535,0.66074,0
0.80197,0.66813,0
2.17382,1.01605,0
1.12657,0.46376,0
2.92347,0.02702,0
1.1084,0.85971,0
0.65187,-0.42983,0
1.33839,0.70412,0
1.25968,0.39312,0
1.0489,-0.26517,0
2.39964,0.34497,0
-0.19913,-0.63518,0
-0.2288,0.13183,0
3.44339,-0.51957,0
2.10092,-0.6867,0
1.9738,-1.17925,0
1.21429,-0.97355,0
2.3266,-1.15949,0
2.19419,0.0135,0
2.88667,-0.04972,0
1.92171,1.17659,0
2.62711,0.53126,0
2.57656,1.18847,0
3.37651,-0.08692,0
0.59612,0.68456,0
1.67602,-0.6256,0
-0.10549,0.2942,0
-0.01508,-0.58216,0
3.14649,0.51343,0
0.96327,-0.5067,0
2.43317,-0.67155,0
1.46284,-0.86949,0
0.15238,0.52052,0
0.73401,-0.69057,0
3.11595,-0.44822,0
2.67992,-0.53809,0
1.14084,-1.16046,0
0.69079,0.59811,0
1.40385,-0.37847,0
3.17104,1.17778,0
2.12043,-0.57849,0
1.20214,0.09651,0
3.0472,-0.18429,0
1.83994,-0.51061,0
3.41609,0.55342,0
3.39453,-0.14528,0
0.46536,1.21008,0
1.63655,-0.34718,0
1.36063,-1.2131,0
0.12996,1.22329,0
-0.11663,-1.143,0
1.65455,1.20863,0
2.90457,0.68341,0
2.44153,-0.70012,0
0.20129,-0.97172,0
-0.42521,0.92163,0
3.12208,-0.27021,0
2.61682,0.1421,0
0.10628,-0.4627,0
1.06489,0.96119,0
-0.01368,1.24055,0
3.30757,-0.22845,0
-0.16278,0.33277,0
0.79752,-1.08352,0
2.63956,0.86826,0
1.74609,-0.63603,0
-0.46988,-0.71759,0
2.33006,1.23427,0
2.20546,-0.31821,0
-0.09019,-0.85803,0
3.14067,0.29537,0
1.19925,1.10154,0
0.97509,0.68211,0
0.37009,-0.56413,0
0.84617,0.20939,0
2.052,0.2795,0
0.50078,-1.04316,0
0.96564,-0.56831,0
0.87525,-0.18329,0
0.07143,0.38424,0
1.15786,-0.53068,0
1.50683,-0.43191,0
1.36327,1.24196,0
2.77635,0.8842,0
1.13644,1.07441,0
1.05639,-0.11636,0
1.27619,0.11463,0
1.61784,1.00306,0
1.03962,-0.56721,0
1.70101,1.06346,0
-0.15537,0.52,0
2.17752,0.59193,0
-0.28783,-1.07907,0
2.59472,0.98647,0
1.02465,0.25274,0
1.67549,-0.79601,0
3.11839,-1.08796,0
-0.2017,0.43681,0
2.97319,-0.38792,0
-0.12063,1.07447,0
0.09145,0.81846,0
2.44992,-0.94996,0
1.99182,-1.08329,0
2.3217,-0.26298,0
0.30164,-0.56662,0
2.02856,1.06886,0
0.58925,-0.84293,0
0.00062,0.78936,0
1.16686,0.77052,0
1.89496,-0.71816,0
-0.48531,0.37657,0
2.48484,0.86664,0
-0.43605,1.19081,0
-0.34666,-0.3371,0
0.14672,-0.91265,0
2.56944,-0.15876,0
2.02451,-1.16503,0
3.41239,0.74743,0
0.19422,0.41751,0
3.37242,0.88424,0
1.86102,-1.11408,0
2.70261,-1.10786,0
3.26044,0.00883,0
0.3189,1.13332,0
0.16805,-1.23489,0
2.72082,-0.69631,0
1.88815,0.98528,0
1.76284,-0.51578,0
0.38397,-1.07737,0
0.00222,-0.56535,0
3.16307,0.14534,0
-0.25728,-1.07292,0
2.64722,0.84038,0
2.22579,-0.22427,0
3.2265,0.1563,0
3.05995,0.7483,0
3.23751,0.94704,0
2.56072,-0.50598,0
2.27899,0.80858,0
0.09336,-0.10788,0
3.21843,-0.54197,0
2.94079,-0.89681,0
2.3967,-0.98926,0
2.77588,0.69072,0
1.44094,1.15183,0
0.37182,0.25407,0
0.42959,-0.38262,0
0.70617,0.59228,0
-0.41674,0.85252,0
1.24238,-0.75647,0
0.73009,-0.7421,0
2.69431,-0.72701,0
1.48406,0.44387,0
1.04505,-0.5494,0
-0.46661,-0.39873,0
-0.1493,0.05328,0
2.46492,-1.19595,0
-0.39343,-0.70599,0
2.53991,-1.16811,0
2.44492,-0.32732,0
1.7879,0.08219,0
1.12863,-0.28518,0
2.74273,0.06376,0
1.07945,-0.87651,0
1.12423,-0.4204,0
3.28897,-1.16583,0
0.6019,-1.06547,0
1.14651,0.40392,0
3.43212,-0.70541,0
1.44384,-0.69995,0
1.8449,-1.03348,0
1.0657,-0.92958,0
0.72377,0.05035,0
1.98491,0.70376,0
3.0028,-0.44558,0
1.55932,0.52233,0
0.1429,-0.26844,0
1.03255,-1.13868,0
-0.40114,-1.12323,0
0.61913,-0.06298,0
2.3687,0.64111,0
-0.06934,0.6341,0
2.44795,-1.22784,0
0.40175,-1.02705,0
1.71026,-1.21677,0
2.63244,-0.83392,0
0.15372,0.7224,0
1.46015,-0.42495,0
1.62162,0.22099,0
1.64983,-1.09149,0
3.25266,-0.04419,0
0.08776,-0.56129,0
-0.48904,0.97553,0
-0.12543,-0.01754,0
0.10204,-1.07937,0
2.69352,-0.72955,0
1.90237,0.42814,0
1.9091,-0.87844,0
0.62931,0.92604,0
3.32846,0.32083,0
2.81244,-0.24941,0
0.52485,0.77533,0
1.2307,-0.02969,0
0.97084,-1.11043,0
0.30642,-1.16172,0
1.66232,0.07091,0
2.50949,0.99506,0
1.07287,-0.97782,0
1.53735,0.6494,0
3.1999,1.21314,0
2.21086,1.17749,0
0.67976,1.03378,0
-0.36298,-0.05561,0
0.72262,0.19822,0
1.63193,0.89525,0
1.36621,-0.65547,0
1.79673,-0.52604,0
0.99586,-1.01864,0
2.36993,0.60395,0
2.3681,1.06544,0
2.71466,0.21791,0
-0.29615,-0.4464,0
0.70534,0.15992,0
0.71471,0.71618,0
0.85899,-0.85825,0
0.27913,1.20212,0
0.43973,-1.17935,0
-0.0818,0.04175,0
1.26751,0.67745,0
0.78533,-0.95772,0
2.11319,0.71042,0
3.09102,-0.85815,0
-0.24064,0.14,0
-0.12477,0.61832,0
1.71526,-0.45107,0
0.66006,-0.6467,0
2.1092,-0.7588,0
3.03363,1.2013,0
1.69454,0.91275,0
1.74379,1.01955,0
0.3286,0.53634,0
2.48657,-0.84487,0
-0.42058,-0.38807,0
3.24615,-0.07595,0
0.35182,-0.61194,0
0.80228,0.80379,0
3.17718,0.76184,0
-0.14735,-0.47494,0
3.33289,-0.45285,0
1.17122,-0.13489,0
-0.23155,0.65373,0
1.09233,0.59741,0
0.95769,-0.59902,0
2.7673,0.80771,0
1.42945,0.7704,0
2.48835,-1.19421,0
0.01852,1.14615,0
3.1609,0.62114,0
2.83209,0.27022,0
0.34718,0.46451,0
0.2742,-0.03391,0
0.89048,0.88786,0
1.79802,0.07211,0
0.59873,-0.8157,0
1.23478,-0.589,0
1.01127,0.39184,0
0.65055,-0.16513,0
2.46013,-0.4869,0
3.00083,-0.10728,0
3.29338,-0.15133,0
2.18982,-1.06784,0
1.22963,0.97343,0
0.08539,-0.27915,0
2.917,-1.22826,0
1.36196,0.78851,0
1.19024,0.19447,0
1.48026,0.36051,0
-0.15957,-1.18939,0
-0.03014,-1.20827,0
-0.30271,-0.98818,0
3.47148,0.48638,0
3.39188,-0.0467,0
0.51867,1.24743,0
3.42789,-0.07132,0
2.46514,-0.30331,0
0.53038,0.17025,0
1.75168,-0.46251,0
1.1693,-0.49702,0
1.48839,-1.1665,0
-0.49625,0.11305,0
0.4893,-0.45244,0
1.65362,0.31051,0
1.83489,1.03638,0
1.47538,1.02093,0
-0.48894,0.50056,0
1.25938,0.09971,0
1.53487,-0.68636,0
-0.11176,-0.2286,0
0.62662,1.01852,0
1.94788,-0.34503,0
0.73362,-1.07089,0
0.63908,0.47016,0
1.76533,0.97052,0
2.44509,0.22728,0
3.29396,-0.27368,0
2.50659,1.17441,0
0.53024,0.60283,0
1.95811,-0.97744,0
2.19591,-0.46461,0
1.11041,-0.1938,0
1.15842,-1.19011,0
0.52319,-0.02587,0
2.53091,-0.71716,0
3.31371,0.96872,0
1.40272,0.63817,0
0.46462,0.0381,0
-0.29181,0.25857,0
3.0875,0.33677,0
2.31669,0.99184,0
2.73278,-0.20043,0
-0.02879,-1.0874,0
0.87013,0.4296,0
0.68619,-1.14901,0
-0.11615,-0.66719,0
2.03067,-0.7312,0
-0.40315,-0.49378,0
2.91741,-0.1269,0
1.67448,0.29159,0
1.91431,-0.58396,0
1.7097,0.70676,0
1.77953,0.02576,0
-0.45285,0.38113,0
1.10083,-0.95321,0
-0.29896,-0.27686,0
0.15906,0.13774,0
1.57484,-0.68632,0
0.38705,-0.47454,0
0.57827,0.27971,0
0.11899,0.19442,0
2.01699,0.58817,0
1.65229,-0.48966,0
2.33841,-0.31765,0
0.72047,-0.18073,0
2.92922,0.38387,0
2.39721,0.01364,0
1.70472,0.69075,0
2.43972,0.37227,0
1.6863,0.31062,0
0.05816,0.99877,0
2.88667,0.91865,0
-0.30966,-0.08263,0
2.65779,-0.65973,0
0.45458,1.01,0
3.4752,-0.38663,0
0.8953,1.07933,0
2.76804,-0.99332,0
2.98211,1.05828,0
0.75414,-0.85361,0
1.47222,0.33159,0
3.47832,-0.67524,0
-0.36688,-1.15352,0
1.5662,-0.85484,0
2.34053,1.19734,0
3.34728,0.53918,0
2.97073,0.9069,0
1.53327,0.33238,0
-0.15173,-0.447,0
-0.24987,0.98228,0
0.19109,0.54157,0
0.25498,0.29534,0
1.92473,0.48335,0
2.43925,-0.17038,0
2.02624,0.12896,0
1.02198,1.23573,0
0.64509,-0.973,0
3.32717,0.11226,0
-0.15712,0.29161,0
0.29587,-0.86171,0
1.65719,0.87941,0
2.49909,0.63995,0
2.047,-1.06654,0
3.08041,0.71653,0
1.39922,0.43211,0
0.13643,-0.57347,0
3.2431,0.9373,0
0.84423,-0.61539,0
0.54696,0.71307,0
-0.45752,1.12994,0
1.35557,-0.06375,0
0.0178,-0.31939,0
3.14424,-1.12357,0
-0.39186,-0.79453,0
-0.30845,0.7071,0
1.08717,0.17743,0
1.18808,-1.05616,0
3.01751,-0.04412,0
-0.02868,0.42758,0
0.80481,0.07127,0
2.77633,-0.18613,0
2.85461,-1.06736,0
2.16073,0.66798,0
-0.28366,-0.06559,0
1.09607,0.72321,0
0.30859,-0.01925,0
-0.09765,0.5569,0
2.46629,-1.07977,0
0.90617,-0.35714,0
1.94018,1.19317,0
1.19706,-1.00026,0
0.90608,-1.19447,0
1.44908,0.43576,0
3.17452,0.7288,0
0.17766,0.31285,0
2.79639,-0.95388,0
1.48174,0.78045,0
1.25108,0.1704,0
-0.34617,-0.92673,0
2.25737,-0.91565,0
3.49722,0.87007,0
1.81584,-0.85415,0
1.36717,-0.20901,0
1.03069,0.02672,0
0.57094,-0.91076,0
2.29353,0.03911,0
1.48356,0.45175,0
1.82048,1.14002,0
1.26486,-1.20491,0
1.39245,-0.953,0
2.13396,-0.45307,0
3.22511,0.7658,0
2.81037,0.53359,0
1.54779,-0.20903,0
1.27045,0.81874,0
2.02603,-0.78,0
2.70494,-1.2134,0
0.8335,-0.59675,0
3.35879,-0.5138,0
2.69263,0.71725,0
0.31191,-0.12527,0
3.03638,0.63255,0
1.98103,0.5288,0
3.34104,0.23305,0
0.53437,0.34066,0
-0.16769,-0.99166,0
2.78306,0.95731,0
0.65484,-0.51532,0
2.57399,-0.4453,0
3.04798,-0.50995,0
0.63795,-1.1049,0
1.22594,0.51504,0
3.25641,-1.11825,0
1.68157,-0.72789,0
3.43436,0.45117,0
1.46893,1.1037,0
0.65152,0.7949,0
1.77075,-1.19868,0
-0.18832,0.75716,0
-0.26601,-0.83534,0
3.14043,0.5445,0
-0.46997,0.82054,0
1.3941,0.21389,0
1.57482,0.52836,0
-0.43125,0.37903,0
3.34467,-0.30598,0
1.27873,-0.58845,0
1.54685,1.08472,0
3.2586,0.56387,0
3.41589,-0.08996,0
0.408,0.92078,0
3.3454,-0.65953,0
0.40316,0.76517,0
2.91129,-0.52463,0
3.35118,0.56402,0
2.02086,1.23569,0
1.78304,0.60001,0
0.62727,-1.18299,0
0.356,0.28634,0
3.11806,1.05917,0
1.13429,1.00083,0
1.16688,-0.47403,0
1.26865,0.346,0
2.42989,-1.08512,0
1.00774,0.28321,0
-0.01306,0.26139,0
0.7422,-0.1205,0
2.93945,-0.83551,0
2.85025,0.31712,0
2.86561,0.90732,0
0.01873,0.89096,0
2.89223,-0.49572,0
2.29498,1.18018,0
-0.27989,-0.65887,0
0.20401,0.07885,0
0.98683,-1.19641,0
2.7548,0.37776,0
3.04829,-1.22322,0
2.00503,0.26366,0
3.45648,0.71937,0
1.24345,-1.04702,0
-0.28374,-0.39288,0
3.03883,-0.51074,0
3.28697,1.0583,0
1.57749,1.08729,0
-0.04942,1.148,0
0.75245,-0.72267,0
1.09313,0.36025,0
0.4012,-0.82544,0
3.10981,-1.06694,0
1.86482,-0.06078,0
1.22112,-0.21727,0
3.06587,-1.07265,0
2.71336,0.93253,0
-0.17357,1.04523,0
0.79176,0.07099,0
1.67124,-0.70649,0
3.41325,-0.12008,0
-0.22415,0.81727,0
3.24782,0.76537,0
3.36943,-0.21549,0
1.64349,-0.63939,0
2.01455,-1.12832,0
3.1091,-0.79927,0
2.35607,-0.55078,0
1.71253,0.537,0
0.92006,0.5388,0
2.17093,0.16648,0
1.00768,-0.27605,0
-0.02283,0.29171,0
0.98763,0.71702,0
0.46772,0.89595,0
2.83685,-0.16814,0
1.89199,0.8106,0
1.64911,-1.12721,0
2.93786,0.33652,0
-0.15275,0.77047,0
0.7216,-1.16737,0
0.86844,-0.24265,0
1.35303,0.24787,0
2.41389,-0.03252,0
3.21449,-0.70425,0
3.43927,0.88597,0
1.36284,1.20474,0
3.43743,-0.42447,0
3.19139,-1.1986,0
3.19943,-0.38638,0
0.74172,1.00273,0
3.27836,0.99309,0
2.41588,0.86362,0
2.61125,0.50945,0
2.15161,-0.04127,0
2.9727,-0.85429,0
2.72914,0.40634,0
2.57178,1.01975,0
0.95854,0.81072,0
1.49774,1.10523,0
1.52038,-0.98583,0
-0.018,-0.99588,0
1.86018,-0.27565,0
1.40501,-0.45897,0
2.11327,0.81623,0
-0.02894,0.81429,0
2.00605,0.55475,0
1.35767,1.2464,0
-0.1057,-0.7706,0
1.90222,0.86014,0
-0.38839,-0.82978,0
0.57499,-0.97578,0
2.67645,0.97218,0
1.74294,0.63625,0
1.27381,-0.82416,0
2.7254,-0.19985,0
0.86623,-0.71199,0
1.6527,0.77783,0
1.00397,1.17607,0
1.48087,-0.94811,0
2.9724,0.95367,0
-0.26058,-0.40596,0
-0.25039,-0.86897,0
0.3503,-0.44726,0
2.73951,0.0275,0
2.65919,0.3532,0
2.07644,0.04543,0
3.18891,-0.18845,0
-0.45003,-0.92088,0
0.60896,-0.57065,0
-0.14968,-0.98621,0
0.99831,0.54454,0
2.82224,0.70633,0
2.53463,1.20896,0
1.35095,-0.84084,0
0.92898,-0.35846,0
-0.44074,0.41569,0
3.43449,-0.37618,0
2.30861,0.24646,0
1.14863,0.30541,0
0.37887,0.98839,0
3.08174,0.53579,0
-0.00638,-0.05339,0
0.8601,-0.38516,0
2.23144,-1.16832,0
2.7716,0.06982,0
0.71497,0.47993,0
0.26912,-0.75762,0
3.12251,-0.80562,0
0.02112,0.2845,0
1.63988,0.79276,0
0.6521,0.94402,0
0.6079,-0.32943,0
1.14653,-0.0286,0
3.34797,0.76826,0
3.37431,-0.03101,0
0.64948,-0.83499,0
2.52307,0.93267,0
1.37315,0.27957,0
2.3622,-0.65639,0
0.9165,-0.412,0
0.04551,-0.19543,0
2.45933,-0.30198,0
1.2499,0.90691,0
0.38496,0.16964,0
2.23095,0.54377,0
-0.38823,-0.20535,0
0.51306,-0.13194,0
2.51071,-0.19083,0
2.04959,1.01126,0
2.11404,0.49303,0
1.52957,-0.98416,0
0.9756,0.05823,0
2.71738,-0.16692,0
0.65421,0.65012,0
1.06873,-0.78486,0
1.66718,1.00359,0
2.62443,0.99313,0
2.34283,0.14823,0
1.41697,0.44299,0
0.13524,0.7995,0
0.24151,0.26604,0
1.43834,-0.9732,0
-0.36257,-0.42702,0
1.79065,0.3948,0
-0.43736,-1.01266,0
0.98845,0.27134,0
1.11928,-0.33648,0
1.35419,-0.59245,0
-0.436,1.03728,0
1.05883,1.23064,0
0.59528,1.05354,0
0.82586,-0.55075,0
1.18917,0.86966,0
1.32806,-0.00907,0
2.33016,-0.18344,0
1.62299,-0.10827,0
0.79697,-0.04532,0
2.84418,-0.98037,0
2.21751,0.13974,0
2.99606,0.65249,0
1.16351,0.00496,0
0.76938,-0.59195,0
0.21696,0.05729,0
0.14768,0.24668,0
2.9509,0.04117,0
3.00382,1.23394,0
3.3658,-0.89987,0
3.37646,0.18554,0
3.49839,-0.25242,0
-0.09031,-0.59852,0
2.20157,1.12176,0
3.44997,-0.11032,0
0.83261,-0.58485,0
2.87019,0.01682,0
2.90719,-0.28149,0
0.3516,-1.21775,0
0.03329,0.61984,0
2.03398,1.08417,0
3.00152,-0.52559,0
0.28938,-0.45717,0
3.39043,0.47558,0
1.60784,0.29675,0
-0.20817,-1.14955,0
0.84368,0.1487,0
1.42678,0.72228,0
0.17753,-0.42378,0
3.22688,-0.96623,0
0.69919,-0.79485,0
3.27127,0.08228,0
1.85868,-0.52405,0
1.40702,-1.04698,0
3.25916,-0.23425,0
-0.24498,0.83362,0
2.493,-0.33091,0
0.47371,0.869,0
2.36692,1.08148,0
2.81685,0.75846,0
2.76233,-0.7896,0
2.80671,1.14364,0
1.74484,-1.13653,0
3.0941,-0.53848,0
2.33082,0.27352,0
0.59395,1.05829,0
1.16888,-0.03012,0
1.76763,0.8168,0
0.42684,-0.57715,0
-0.23061,0.39629,0
0.06374,1.03372,0
0.49345,0.13659,0
1.95675,-0.95088,0
1.37446,-0.62676,0
1.52558,-0.29398,0
1.14476,-0.1413,0
0.73036,-0.99838,0
2.28555,-0.58032,0
1.74843,-0.36966,0
0.47015,-0.04679,0
2.90462,-0.83892,0
2.80924,0.8612,0
0.98513,-0.38961,0
1.49486,-0.27286,0
1.39684,0.83961,0
0.65575,0.34936,0
-0.44611,-1.23808,0
0.19674,0.23373,0
0.94412,0.5304,0
0.68577,-0.75897,0
2.03964,0.39356,0
0.28748,-0.71711,0
-0.11221,0.72281,0
-0.22638,0.5769,0
0.92759,-1.02912,0
2.70233,-0.711,0
1.67411,1.22145,0
1.88861,-1.04003,0
2.47478,0.66996,0
2.02468,0.94045,0
2.28299,-0.47349,0
0.02609,0.46392,0
0.64783,-1.20074,0
1.86193,-0.48928,0
2.34192,-0.43238,0
1.80209,-0.9127,0
0.77802,1.22475,0
1.61561,0.43119,0
-0.18643,-0.83764,0
0.24226,-0.96214,0
0.34829,1.18012,0
2.90141,-0.7944,0
1.59129,0.77242,0
2.65235,-1.07638,0
2.59921,-0.04698,0
1.51498,-0.49308,0
3.18627,0.49145,0
-0.29107,-1.02961,0
3.03767,-0.40412,0
2.32565,-1.18712,0
2.71642,-0.3496,0
1.20776,1.06422,0
0.19577,0.01304,0
1.63868,-0.67478,0
-0.16611,-1.17244,0
2.17391,1.18323,0
0.59903,-0.29993,0
2.20476,-0.88469,0
3.05654,-0.45853,0
2.51838,0.92869,0
0.08072,0.97748,0
0.06657,-0.42757,0
2.46779,0.96333,0
-0.18517,0.86423,0
2.90678,0.70052,0
1.09001,1.21216,0
1.88447,-0.02824,0
0.46201,-0.46858,0
2.9204,0.07949,0
1.32798,0.09414,0
-0.2825,0.2906,0
1.30266,0.21775,0
0.29586,-0.77232,0
-0.39248,0.91385,0
1.03905,-1.22509,0
-0.33397,-0.37675,0
3.49324,0.566,0
2.33509,1.12294,0
0.37371,-0.94295,0
-0.38481,-0.96173,0
2.82147,-0.55565,0
2.02284,0.9659,0
0.95299,0.79652,0
2.93287,-0.96154,0
1.68173,-0.65633,0
0.31218,-0.99706,0
2.52661,0.11902,0
-0.48431,-0.85287,0
2.69182,-1.16902,0
2.99994,-0.14538,0
-0.06484,-0.83869,0
0.03677,-0.95516,0
3.05247,0.17079,0
1.47777,0.33032,0
1.94117,0.6367,0
2.706,-0.88538,0
0.1568,0.23447,0
0.54651,-0.56686,0
1.98515,-0.30449,0
3.24501,-0.22705,0
3.07392,0.0392,0
0.23479,-0.38107,0
0.32369,0.09068,0
1.13991,-0.72483,0
2.47478,-0.84672,0
2.31787,0.51045,0
2.11252,-0.51738,0
0.06831,1.20938,0
0.04601,-0.09675,0
3.15713,-0.76514,0
0.42509,-0.88051,0
1.57584,-0.86554,0
2.89017,0.33941,0
2.15256,1.04826,0
3.11353,0.09745,0
2.15591,0.0513,0
0.72888,-1.0672,0
2.74949,0.68141,0
2.13452,-1.20028,0
3.49971,1.2206,0
1.31542,0.77909,0
1.05939,0.11442,0
0.02606,-0.04771,0
1.97236,0.61942,0
0.92305,-1.23633,0
3.24881,-0.80405,0
2.86911,1.00029,0
0.77028,0.85117,0
1.38473,-0.91225,0
3.23237,-0.46576,0
3.33045,0.13882,0
-0.40565,1.0322,0
0.35869,0.07503,0
-0.39903,0.99284,0
2.56118,-0.91698,0
0.64974,-0.28784,0
0.2441,-0.78602,0
3.00741,0.83122,0
3.36745,-0.61476,0
2.13352,-0.9389,0
3.42391,-0.19068,0
1.24549,0.41484,0
3.47428,-0.32648,0
2.50668,0.07426,0
1.46229,-0.99186,0
-0.48718,-0.91082,0
0.93784,0.43456,0
2.34777,0.13195,0
-0.29567,-0.2216,0
1.20108,1.20661,0
1.9546,-0.03684,0
2.09853,0.66974,0
0.0768,0.13424,0
3.4851,-0.25524,0
1.40547,1.23124,0
1.15842,0.17715,0
2.27196,0.9887,0
3.30268,1.02422,0
3.48877,1.18062,0
-0.11857,-1.10215,0
0.08206,0.11101,0
2.66831,0.16824,0
1.7262,-0.2458,0
2.33378,0.29724,0
1.42457,-0.16924,0
2.17944,-0.76718,0
3.4299,0.77431,0
1.24607,0.32806,0
0.58528,-0.67729,0
1.98051,1.03413,0
0.20194,0.72045,0
1.60593,-1.03574,0
2.66247,-0.70322,0
2.28788,-0.32931,0
2.30114,-0.91527,0
3.24129,0.49705,0
2.45506,0.72572,0
2.77256,1.23073,0
0.06383,0.69541,0
1.43376,-1.06459,0
1.48139,0.75435,0
0.17298,0.53579,0
1.7417,1.02966,0
3.29663,-0.17328,0
-0.06387,-1.16838,0
1.95269,-0.76413,0
1.20953,1.18911,0
1.51841,0.96929,0
3.06464,-0.40806,0
-0.16174,0.50334,0
0.78861,-1.04214,0
2.9132,1.1709,0
1.94122,0.71306,0
3.4886,-0.31721,0
3.4627,-0.90629,0
3.41957,-0.53182,0
0.56292,-0.48415,0
2.93403,-0.43512,0
1.18808,-1.1589,0
1.48392,-1.11606,0
2.90612,0.81923,0
1.81511,-0.59477,0
1.32577,-0.66316,0
2.28915,-1.02681,0
0.17881,0.02884,0
1.95689,0.74943,0
1.69788,-0.22061,0
1.74572,-0.49962,0
2.2224,0.63135,0
1.38912,1.13416,0
-0.37649,-1.04278,0
0.39781,0.47835,0
3.14007,0.32348,0
0.75782,0.09795,0
0.37574,-0.5256,0
0.45795,-0.52851,0
1.78545,0.91668,0
3.22108,-0.88868,0
1.95379,0.31872,0
-0.18064,-0.76549,0
0.36402,-0.3872,0
0.87242,0.54578,0
-0.10951,0.28005,0
0.93607,0.04682,0
0.45761,0.73004,0
2.99234,-1.08403,0
0.9196,-1.16857,0
1.43039,-1.15619,0
0.84266,-0.16901,0
0.41419,0.40667,0
1.19974,0.54306,0
3.47865,-0.56046,0
-0.16388,0.44638,0
3.20915,0.904,0
0.11211,-0.44688,0
-0.21284,0.91991,0
2.94456,-0.10932,0
3.29969,-0.39154,0
-0.24181,-1.2201,0
3.34981,-0.27313,0
0.65865,-0.49107,0
1.92175,-0.67757,0
2.27518,-0.59825,0
1.73142,0.63757,0
0.94913,1.12617,0
1.3989,-0.65697,0
1.33075,0.52113,0
1.11593,0.18347,0
3.33174,-0.56804,0
2.79098,-0.47269,0
3.38519,1.02006,0
1.9159,-0.48541,0
-0.19798,-0.05985,0
1.67027,-0.8626,0
0.70963,-1.15059,0
0.1376,-0.24676,0
1.39818,-1.04422,0
0.59435,-0.10124,0
-0.44723,1.06644,0
0.36397,0.96589,0
1.36866,-0.22427,0
1.48297,0.66872,0
0.47085,0.81676,0
0.02559,-0.79579,0
2.7952,-0.43977,0
2.69937,1.01266,0
1.23608,-0.20859,0
0.8867,-1.16133,0
3.23505,1.03123,0
0.27667,-1.07021,0
0.12442,0.67838,0
-0.28828,0.02388,0
3.07459,-0.79963,0
0.0576,0.92601,0
-0.47941,-0.09246,0
3.38939,0.20147,0
2.63896,-0.97853,0
1.62277,0.95518,0
-0.33146,0.70197,0
1.17096,-0.25368,0
-0.23854,-1.07821,0
2.57997,-0.45716,0
1.89969,-0.77484,0
-0.33892,0.33271,0
1.55071,0.03683,0
1.85187,0.02842,0
2.91901,-1.10509,0
-0.3879,0.04079,0
2.05465,-0.80972,0
2.07733,0.17188,0
2.276,-0.4329,0
2.88649,-0.07767,0
2.53125,-0.14227,0
3.08004,0.32142,0
1.61015,-0.23651,0
1.81482,1.21795,0
1.6752,0.19543,0
0.29309,0.42385,0
-0.02266,-1.09559,0
3.49807,0.47137,0
2.49664,0.60187,0
3.30112,0.41623,0
2.28343,-0.70478,0
3.22589,-0.20639,0
1.40645,0.78503,0
0.71867,0.86854,0
1.39942,-0.80094,0
2.93269,1.23174,0
1.11449,-0.08876,0
-0.08417,-0.29807,0
-0.4849,-0.53466,0
1.23079,-0.55857,0
3.03876,0.83864,0
1.63921,-0.91866,0
-0.25704,0.46991,0
0.94347,-1.02965,0
3.33399,-0.19569,0
1.78315,-0.0011,0
0.52476,-0.73851,0
2.58676,0.34548,0
0.84579,-0.52006,0
-0.20433,-1.23784,0
0.76629,1.02037,0
1.11427,-0.90961,0
3.47969,-1.1762,0
3.3638,0.74217,0
3.20705,-0.9973,0
-0.42035,0.73321,0
2.33603,0.80955,0
1.14335,0.86846,0
3.08065,0.9302,0
3.0562,-1.24469,0
3.04145,1.00712,0
0.17929,0.281,0
0.29755,0.08448,0
2.69139,0.4249,0
1.4091,0.43484,0
0.45888,-0.65959,0
0.19894,0.39378,0
0.21405,-0.83567,0
-0.25427,-0.67229,0
2.58911,1.22813,0
2.17972,0.43501,0
-0.21612,-0.4699,0
-0.06173,1.00594,0
0.41625,-0.34811,0
0.99107,-1.03674,0
2.24254,0.6169,0
1.30621,0.25365,0
2.27125,-0.82363,0
2.11886,-0.52302,0
1.64351,-0.52268,0
0.92823,-0.5868,0
2.60617,0.71782,0
1.35995,-0.5543,0
2.87757,-0.87662,0
1.02532,1.08864,0
1.91739,-0.79636,0
-0.48645,-1.00555,0
1.42536,-0.81135,0
1.79497,1.0224,0
0.28728,0.61714,0
1.33537,0.46505,0
0.53311,-1.20868,0
3.31815,-0.5011,0
0.70933,-1.03418,0
1.48247,1.13491,0
0.0256,-0.95933,0
0.86144,-1.13797,0
3.12407,-1.0576,0
2.16018,0.59681,0
1.90155,0.88132,0
0.73592,0.16435,0
0.90973,0.00945,0
3.02463,-0.44471,0
3.04052,0.33427,0
3.31146,0.43215,0
1.78681,1.13359,0
2.17487,0.70506,0
2.08797,1.2041,0
-0.20343,-0.16892,0
3.13615,-0.68015,0
1.09162,-1.06895,0
3.07578,0.12582,0
2.754,0.79504,0
2.9349,-0.64809,0
2.20698,0.86766,0
3.12566,0.27819,0
-0.36599,-0.40685,0
0.62352,0.39678,0
1.04168,0.02401,0
-0.24872,1.14776,0
2.91084,0.52929,0
2.08949,0.55966,0
2.40727,0.27072,0
1.55328,0.15287,0
2.90702,-0.89496,0
2.48813,1.10669,0
3.07499,1.20722,0
2.50472,0.89144,0
1.88063,-1.1451,0
-0.23685,-0.47642,0
3.11697,0.2899,0
1.22592,-0.12963,0
0.17028,-0.58947,0
-0.35325,0.44321,0
0.95494,1.166,0
0.86896,-1.09882,0
2.92736,-0.83464,0
-0.38442,-0.2706,0
2.66082,-0.1253,0
-0.0028,1.07833,0
1.46463,0.75777,0
1.5537,0.62132,0
-0.08506,0.10442,0
2.20673,-1.17875,0
-0.37138,-0.95136,0
-0.18687,-0.02774,0
3.09838,-0.93611,0
-0.38561,0.91811,0
2.73094,0.15509,0
0.92872,-0.47607,0
-0.46795,-0.23671,0
2.07083,0.53072,0
3.32899,0.91706,0
3.33154,-0.62703,0
-0.255,0.66305,0
3.17286,-1.03442,0
2.78505,0.53372,0
1.83046,1.0727,0
1.29779,0.44083,0
-0.17154,1.14723,0
3.34649,-0.83143,0
3.41868,0.03346,0
1.03584,-0.92219,0
-0.49571,-0.2393,0
2.02433,1.06504,0
1.04183,-0.68909,0
0.44767,-0.14192,0
1.10902,-0.99664,0
0.17658,0.97279,0
0.32724,-0.59032,0
0.08657,0.41387,0
2.72777,0.63144,0
1.2083,1.13746,0
1.23973,-0.2223,0
-0.42534,-0.73016,0
1.39406,0.65034,0
3.47324,0.67878,0
2.19865,-0.56134,0
3.45156,0.13745,0
0.89849,1.01742,0
1.36505,0.44753,0
1.73628,0.80936,0
2.94428,-0.22589,0
0.21903,-1.09736,0
-0.18242,-0.06272,0
1.64415,0.79572,0
2.66423,-0.45465,0
0.5391,-0.25174,0
0.75388,0.62412,0
2.43348,-0.95488,0
1.86994,0.65007,0
2.1985,0.61948,0
2.97922,0.30907,0
3.3982,-1.02973,0
3.16872,-1.00257,0
3.02955,0.82505,0
-0.21707,1.09632,0
0.88739,-0.98558,0
0.91148,0.63929,0
1.21934,-0.03978,0
3.44799,-1.05624,0
1.94265,-0.12302,0
3.10403,-0.18124,0
-0.36194,-0.49203,0
1.00601,-0.89962,0
1.13424,0.58663,0
0.81147,-0.10383,0
2.02266,0.30257,0
-0.07515,-0.92421,0
0.35294,-0.30936,0
1.10897,0.34992,0
-0.36624,1.00831,0
0.04945,1.02147,0
1.77944,1.09732,0
0.37118,-1.10074,0
0.25074,-0.82826,0
2.23932,-0.39589,0
0.38319,0.00563,0
0.15809,-0.72491,0
3.44294,-0.55753,0
1.96089,0.36911,0
1.41431,1.02413,0
3.32708,-1.22824,0
0.73151,0.46017,0
2.53196,-0.20563,0
2.15225,0.79465,0
1.011,-0.26114,0
1.67671,-0.75079,0
2.25077,-0.95296,0
-0.18391,-0.45059,0
1.91351,-1.05137,0
0.22612,-0.50231,0
0.12844,-0.10096,0
1.37959,-1.08323,0
2.45905,0.58984,0
0.36673,1.21857,0
3.2183,-1.13232,0
1.69208,0.08709,0
0.4939,0.20363,0
0.97292,0.52586,0
0.37827,0.82288,0
2.31545,-0.40923,0
1.99744,-1.16687,0
3.02007,-0.0379,0
1.59524,-0.29029,0
2.79088,0.16283,0
3.10493,-0.78094,0
0.443,-1.02624,0
0.63771,0.21944,0
2.83071,0.55869,0
1.37178,0.36444,0
-0.24406,1.09729,0
1.97119,-0.85939,0
2.75323,-0.30251,0
1.39821,-0.03444,0
3.17982,1.02764,0
2.86315,0.59616,0
-0.35623,-1.23954,0
0.80221,1.0558,0
0.26679,-0.91585,0
1.91614,-0.29228,0
-0.36597,-0.87284,0
0.01282,-1.03489,0
1.36112,-0.91516,0
0.71326,-0.20665,0
0.74404,-0.5141,0
-0.30674,-0.74384,0
1.39151,1.07555,0
2.05316,0.36711,0
1.89964,0.06742,0
1.39461,-0.25642,0
2.41412,-0.57069,0
-0.09859,-0.91214,0
0.01438,0.0022,0
2.00282,-1.04413,0
0.14651,0.57947,0
0.74005,1.09188,0
2.63386,-0.99396,0
2.314,0.60515,0
-0.14059,1.15024,0
1.42789,0.72078,0
-0.03775,-1.12088,0
1.92807,-0.79374,0
0.14022,1.13784,0
0.18187,-0.04682,0
1.20144,0.91449,0
2.02459,-0.55799,0
1.86591,0.43357,0
3.02721,0.71677,0
2.30217,0.04577,0
2.2185,-0.9184,0
1.61926,-0.54443,0
2.19837,-0.40797,0
1.63668,0.14252,0
3.23785,0.56257,0
0.65385,-0.34663,0
3.34498,0.96845,0
1.15996,0.69188,0
3.29853,-0.37381,0
1.71198,0.72833,0
-0.34291,0.07975,0
0.70585,-0.99969,0
0.59621,-0.21518,0
0.17637,0.47327,0
1.81319,0.59637,0
3.40842,0.52333,0
3.22841,-0.55192,0
2.89208,0.28151,0
0.42257,0.49563,0
0.94248,0.00304,0
2.26605,-0.70416,0
0.87481,-0.79139,0
-0.46751,-0.25256,0
0.10495,-0.18316,0
0.10614,0.16025,0
1.30566,0.99035,0
0.87391,1.03574,0
2.4277,1.20288,0
-0.27275,-0.56879,0
-0.04074,-0.21381,0
0.30268,-0.5631,0
0.91517,0.73028,0
0.38318,-0.86785,0
-0.1932,0.44932,0
1.31474,-0.40156,0
3.42254,0.30532,0
2.35075,1.04192,0
1.77914,0.34101,0
1.57714,-0.69836,0
2.70006,0.31427,0
-0.3276,-0.76297,0
1.42247,0.91121,0
0.1734,1.13595,0
-0.18713,-0.13009,0
1.98575,-0.35698,0
2.96293,-0.79694,0
1.47231,-0.26136,0
0.63396,1.16415,0
-0.01565,-1.00345,0
2.42757,-1.14511,0
1.09101,-0.18815,0
1.90828,0.43061,0
2.95682,0.70195,0
2.22828,0.14616,0
0.93344,0.18184,0
0.46728,1.11751,0
0.242,-0.19498,0
0.63163,0.0211,0
2.13145,-0.24114,0
3.45734,-0.80363,0
0.80642,0.6965,0
1.73059,0.82281,0
1.35723,0.21339,0
2.91596,0.38044,0
2.71052,1.24157,0
-0.03906,-0.62921,0
3.25975,0.4753,0
2.59528,-0.53517,0
0.66253,0.5237,0
-0.19582,1.0942,0
1.98369,0.38227,0
3.46903,0.08692,0
1.38814,-1.12537,0
2.84023,-0.27605,0
-0.4878,0.72575,0
2.57965,0.85683,0
1.20519,-0.63286,0
3.21753,-0.5283,0
2.08943,-0.92356,0
1.61254,-1.0288,0
0.04385,0.76569,0
3.24061,-1.08085,0
1.28502,0.04426,0
1.38816,-0.17563,0
2.34414,-0.09442,0
-0.11118,0.95896,0
3.18555,0.2504,0
2.05497,0.63534,0
1.89996,-0.19375,0
2.6164,0.74005,0
3.49897,-0.69931,0
3.32546,-0.80764,0
2.2418,0.65973,0
3.43468,-0.9792,0
0.21418,-1.02134,0
2.95617,0.08401,0
1.68013,1.09924,0
2.21172,0.05383,0
1.0782,-0.49788,0
0.81255,-0.19823,0
1.06392,0.39986,0
1.9246,-0.14587,0
2.63196,0.07218,0
1.14868,0.39023,0
3.36125,1.03366,0
2.89215,-0.95419,0
2.86557,1.0078,0
0.28283,1.19499,0
-0.20843,-0.07491,0
2.0179,0.93003,0
1.32312,-0.72127,0
0.38141,-0.44838,0
1.30045,0.07081,0
1.10952,-0.85291,0
-0.40235,0.27537,0
2.29619,0.96279,0
2.70157,0.81445,0
0.03153,1.02458,0
2.61395,0.53639,0
1.37934,-1.1529,0
1.98056,0.8921,0
2.629,-0.36373,0
1.46362,-0.06293,0
0.80259,0.83707,0
3.31094,-1.22721,0
2.35672,0.84805,0
2.24536,-0.72987,0
-0.09662,0.29774,0
-0.09827,-0.40875,0
1.97007,-0.78409,0
1.89008,0.8881,0
3.09399,-0.84367,0
-0.16404,1.11893,0
1.3601,0.02699,0
3.48132,-0.17532,0
0.32123,-1.0281,0
0.28657,0.23145,0
2.29227,-0.95114,0
1.51948,1.00283,0
-0.26868,0.03049,0
2.15078,0.59405,0
1.08757,-0.49346,0
1.99217,-0.32234,0
-0.01391,-0.02135,0
-0.40406,0.33496,0
2.03001,-0.38566,0
3.2594,-0.03291,0
0.37882,0.30267,0
3.14426,0.31337,0
-0.27455,-1.23668,0
2.55595,0.83634,0
1.78643,-0.87059,0
1.38844,-0.05062,0
-0.38813,-1.09445,0
1.73206,0.46642,0
1.74282,1.13102,0
2.29058,0.19858,0
3.28067,1.06866,0
-0.11699,-1.12942,0
3.43208,-1.2292,0
0.16697,-0.26606,0
-0.00455,0.31965,0
1.51582,-1.07309,0
2.43445,0.67824,0
1.98246,1.09963,0
0.5294,-0.38153,0
2.97388,-0.73808,0
2.56074,-0.89258,0
1.23702,-0.98695,0
1.13441,-0.82663,0
1.19979,-0.24868,0
1.13714,0.78882,0
1.36681,-1.17396,0
2.34607,0.25598,0
1.25169,-0.85028,0
-0.12878,-0.93604,0
2.64809,-0.83937,0
1.19877,0.1654,0
0.51141,1.03686,0
1.01783,-0.65041,0
1.90492,-0.79733,0
-0.19369,-0.66208,0
0.19431,0.51532,0
1.65761,0.23947,0
2.81565,0.47515,0
-0.49367,-0.91854,0
0.3589,0.07757,0
2.24077,0.31146,0
0.14425,-0.56946,0
0.88081,-0.22279,0
0.6079,0.66204,0
-0.35798,-0.30588,0
2.31835,-0.25642,0
0.62291,-0.24106,0
2.30879,-0.55872,0
1.20866,0.64775,0
3.17077,-0.62982,0
0.2137,-0.79158,0
1.73205,-0.03993,0
2.54695,0.98439,0
0.30382,0.89817,0
-0.38864,0.49992,0
0.96754,0.75398,0
2.71374,0.0032,0
2.59349,0.49778,0
0.5811,0.967,0
3.06516,-0.15159,0
0.64034,0.73353,0
2.97967,-0.60126,0
2.4583,-0.58154,0
2.06431,-1.00567,0
1.56408,0.13514,0
2.73691,0.84778,0
3.4248,-0.68371,0
0.95914,-0.76779,0
0.92663,0.85708,0
2.30037,-0.10586,0
2.96748,1.07697,0
0.26463,0.82865,0
2.67779,-1.21265,0
0.4785,-0.48568,0
1.60559,0.64527,0
1.21949,0.01048,0
0.11659,0.55716,0
1.01902,-0.55109,0
2.40903,-0.62188,0
0.81907,-0.76398,0
0.3306,-0.15731,0
-0.26996,-0.45604,0
1.04132,-0.53094,0
3.48344,-0.87641,0
3.33971,1.00368,0
2.25861,-0.55557,0
2.96777,-0.12345,0
-0.23483,-0.04375,0
0.72581,0.74478,0
1.74686,-0.3949,0
2.50348,-1.06452,0
3.37742,0.34212,0
-0.02044,0.20422,0
-0.37129,-0.64486,0
1.58241,0.87624,0
2.89866,-0.2629,0
0.58113,-1.08425,0
2.17703,-0.40518,0
2.36255,0.09093,0
1.20296,-0.10926,0
-0.05805,1.00631,0
2.36772,-0.04689,0
1.13234,-1.21071,0
1.33329,0.61088,0
1.28212,-1.06703,0
2.96807,-0.58825,0
1.31646,0.05796,0
1.94001,1.06088,0
-0.01584,-0.9137,0
3.08125,0.01324,0
2.5864,0.14461,0
2.51013,-0.02522,0
1.04614,0.98636,0
0.40202,0.9812,0
0.04015,-0.49665,0
1.77064,-1.08784,0
2.49005,0.78523,0
0.49084,1.06443,0
-0.17782,0.71961,0
1.82381,0.00867,0
2.40573,0.23396,0
1.30707,-0.17792,0
1.06904,-0.92642,0
3.46747,-0.15048,0
2.00093,-0.25197,0
3.21098,0.65307,0
1.75175,0.19828,0
0.07805,-1.18126,0
1.23374,-0.5909,0
0.40327,-0.43751,0
2.75872,0.59791,0
0.20491,0.28622,0
1.32702,0.98991,0
2.28,-0.67603,0
2.39906,0.43071,0
1.06568,-1.03841,0
2.04898,-0.18445,0
2.5996,-0.17502,0
3.25318,0.76987,0
1.21059,0.34898,0
-0.28127,-0.91243,0
1.21737,-0.43848,0
2.44599,-0.6118,0
0.79582,-0.83212,0
0.90519,1.04835,0
-0.36704,-1.10952,0
2.94475,1.00418,0
2.30842,-0.27102,0
1.00579,-0.32024,0
1.43681,0.31493,0
1.98919,-0.90708,0
3.22225,-0.5028,0
0.42316,0.26933,0
0.67908,-0.30821,0
2.19074,0.5331,0
3.45581,0.83655,0
0.20027,0.65742,0
2.58565,-1.00973,0
1.07065,-0.95158,0
3.18455,0.38944,0
2.43467,-0.80647,0
0.7889,-1.08433,0
0.23212,-0.62596,0
0.65094,0.77585,0
-0.45672,-1.06635,0
1.81051,0.98377,0
1.43737,0.07843,0
2.75992,-0.63827,0
2.91775,-0.63044,0
2.6146,-1.22565,0
3.30394,-0.61691,0
1.37666,1.14278,0
2.61931,0.89434,0
0.62139,-0.82429,0
2.46321,0.40298,0
3.45555,1.18107,0
1.32721,0.18707,0
2.08824,0.14374,0
0.06263,0.88043,0
-0.26144,1.15955,0
0.8108,0.62652,0
2.17657,0.80666,0
3.24177,0.44956,0
-0.31726,0.23368,0
0.56662,-0.26344,0
0.72899,-0.63591,0
2.26288,-1.19715,0
1.6959,1.1804,0
3.36602,-1.0007,0
-0.2358,1.0428,0
1.78457,-0.88346,0
-0.48765,0.40984,0
-0.181,1.19182,0
2.98397,0.42497,0
2.77709,1.12919,0
2.15629,-0.90729,0
3.36172,-1.20486,0
3.07276,0.91654,0
2.62316,0.93717,0
1.10902,0.25807,0
3.04145,1.0814,0
3.15766,-0.01652,0
1.20148,0.34944,0
0.22132,-1.00405,0
-0.3256,-0.24848,0
1.54826,1.21756,0
3.15577,0.97305,0
3.33151,-0.31398,0
1.06017,1.08585,0
1.39565,0.62635,0
2.98682,-1.11082,0
2.45747,0.19204,0
-0.21732,0.14295,0
1.70317,0.15963,0
1.93603,0.6753,0
1.42949,0.07725,0
3.41678,-0.23469,0
-0.10339,0.12604,0
2.48753,0.95921,0
0.27118,-0.48745,0
0.5712,-0.36421,0
1.87242,-0.30749,0
3.20449,0.43067,0
1.72268,0.18,0
2.30979,0.15798,0
0.98583,0.60116,0
0.85101,-1.13011,0
1.36936,0.77834,0
3.00239,0.50349,0
3.07673,-0.27212,0
2.69675,0.55444,0
-0.13057,-0.70843,0
1.84933,0.7319,0
2.56233,0.06304,0
2.36567,-1.24656,0
0.43711,-0.31736,0
2.28097,0.55951,0
1.80183,-0.3352,0
1.50238,0.88481,0
1.32244,-1.11764,0
2.75959,-0.00792,0
-0.46884,0.54838,0
1.98197,-0.81539,0
2.48065,-1.22865,0
2.51631,0.68237,0
1.39618,0.79733,0
1.77495,-0.29105,0
1.12376,0.93296,0
1.50628,-1.01853,0
3.30024,0.85654,0
2.02111,0.44853,0
0.28878,-0.16568,0
-0.42039,0.87821,0
3.07015,1.09054,0
0.90305,-1.13054,0
0.60485,-0.0365,0
0.60262,0.84294,0
1.27001,-0.2337,0
1.9668,-0.93251,0
1.90415,0.94485,0
3.15724,-0.76723,0
2.92808,-0.65891,0
0.04925,-0.08865,0
2.84679,-0.17457,0
2.88882,1.09656,0
0.05409,0.87414,0
-0.42654,0.84564,0
1.50909,0.24445,0
-0.29991,-1.02917,0
0.89068,-0.47281,0
0.5343,-1.17674,0
-0.01921,0.36701,0
-0.27463,-0.68126,0
0.85453,-0.38197,0
-0.21164,-1.1596,0
1.99225,0.64023,0
2.86164,-0.8752,0
0.52167,0.39707,0
1.20759,-1.24951,0
2.04981,0.21578,0
0.76851,0.03283,0
1.96678,0.04247,0
0.50936,-0.05024,0
1.30848,-0.82721,0
0.29282,1.09384,0
2.51538,0.16634,0
2.68063,0.58506,0
1.53151,-0.56411,0
0.24784,0.90246,0
2.87631,0.00253,0
0.72476,0.87846,0
-0.29778,0.39131,0
-0.42461,0.67917,0
-0.36193,0.67529,0
3.23852,-1.00745,0
2.84292,-0.51704,0
2.7675,-1.00685,0
0.95634,0.0887,0
0.50133,1.16859,0
-0.28129,-0.20049,0
2.25499,-0.53138,0
2.93068,-0.59281,0
2.20626,-0.02702,0
3.22761,-0.30594,0
2.35545,1.06398,0
1.57289,1.24387,0
1.98479,-0.63658,0
2.86978,-0.77153,0
1.40432,1.02325,0
0.47043,0.43713,0
0.79997,-0.52602,0
2.49055,-0.9138,0
0.92403,-0.89945,0
0.9489,-0.73207,0
3.12115,-0.78645,0
3.06334,0.73111,0
0.99361,-0.89968,0
2.04133,1.19459,0
3.1051,0.18428,0
1.58811,1.11081,0
-0.39648,-0.20089,0
1.44575,0.63736,0
1.1557,-0.47766,0
2.09303,1.12048,0
2.67232,1.2009,0
3.15192,-0.84399,0
0.02626,-0.10501,0
1.99419,-0.50416,0
2.94147,0.29863,0
0.69162,0.88878,0
0.56572,-0.36611,0
3.20369,0.7668,0
2.97955,-0.60249,0
1.13631,0.33717,0
1.94786,1.02327,0
0.932,1.06601,0
3.44094,-0.376,0
2.65251,-0.3541,0
2.52089,-0.66325,0
2.9333,0.93162,0
2.36541,-1.03464,0
-0.15243,-0.11068,0
0.71759,-0.39545,0
1.44249,-0.80581,0
0.25448,0.36571,0
1.96265,0.91897,0
0.2818,-0.74811,0
-0.47227,-0.98995,0
0.06519,-0.90338,0
1.23195,0.72028,0
0.99361,-1.23418,0
2.70717,0.47032,0
-0.25851,0.4526,0
-0.40029,-1.00585,0
2.34627,0.209,0
1.20638,-0.97462,0
-0.04525,-0.30393,0
-0.35249,0.90728,0
1.69026,-1.14509,0
-0.3047,-1.1058,0
0.72099,0.24928,0
0.94201,1.07866,0
2.2263,0.18312,0
0.7006,-0.68181,0
0.03005,0.38652,0
0.9165,0.72172,0
1.56128,-0.57189,0
-0.37397,-0.09654,0
-0.0353,0.80261,0
1.47216,0.36485,0
2.57618,1.08116,0
-0.24977,-0.1817,0
2.17415,0.21056,0
0.8274,-0.61522,0
3.3946,0.17474,0
1.29338,0.75394,0
3.0796,0.83622,0
2.02693,-0.39107,0
1.90432,0.56926,0
-0.09977,0.75025,0
1.51553,0.51348,0
1.72311,-0.758,0
2.35524,0.11072,0
-0.29061,-0.5323,0
2.50667,0.22036,0
-0.0275,-0.16881,0
3.11582,-0.14286,0
0.41449,0.29266,0
0.90178,0.0862,0
2.66034,-0.71081,0
2.64959,-0.40972,0
2.2984,0.95023,0
-0.29769,0.36377,0
2.82152,0.75592,0
0.55899,-1.14797,0
2.73938,0.16382,0
2.32478,0.37467,0
0.27987,-0.89675,0
0.23864,-0.83393,0
2.65229,-0.97062,0
2.20582,-0.73151,0
2.51701,-0.48668,0
2.52099,0.5217,0
1.02462,-0.67775,0
1.14289,-1.05506,0
1.15269,-1.1422,0
0.06247,0.42382,0
0.31101,0.77805,0
0.41348,-0.15243,0
0.79233,0.69341,0
0.93585,-0.15783,0
1.23784,-1.21957,0
1.14124,0.34158,0
-0.41106,0.69482,0
-0.29069,0.5245,0
0.59532,0.13222,0
3.40274,0.20755,0
0.40611,-1.20797,0
2.86152,1.10773,0
3.21947,0.68512,0
2.37603,0.20551,0
0.30414,-0.97831,0
0.76031,0.69246,0
-0.12204,0.69563,0
2.40731,1.17821,0
-0.42438,0.39016,0
3.27777,0.4066,0
0.2943,-0.31515,0
-0.44524,-0.55339,0
1.69881,0.91458,0
0.67076,0.3366,0
-0.40871,1.19481,0
2.23102,-0.67544,0
0.88713,0.76659,0
1.79231,0.06939,0
0.04752,0.02582,0
0.45508,-0.99572,0
-0.00539,1.22276,0
2.38058,0.64145,0
1.51734,-1.01717,0
2.30553,0.02201,0
2.2476,0.11756,0
1.62446,-0.58684,0
0.37173,-1.19427,0
0.92018,-0.77749,0
0.61513,1.00397,0
2.58778,-0.63642,0
1.43955,0.608,0
1.87052,-0.33388,0
0.70669,-0.54541,0
0.62053,1.17812,0
3.17168,0.84451,0
0.20613,-0.26902,0
2.48017,-0.07789,0
-0.40942,0.52907,0
-0.01656,0.43579,0
0.39249,0.96471,0
0.58592,0.8907,0
1.64882,-0.24679,0
3.3453,0.79669,0
0.77297,-0.62872,0
2.10738,0.33779,0
3.4744,-0.82493,0
0.39428,-0.50935,0
2.19884,0.7109,0
2.50148,0.35732,0
0.84122,-1.24103,0
3.25792,-0.9215,0
2.36466,0.00105,0
3.31878,0.4188,0
1.35115,-0.54492,0
2.78217,0.15591,0
-0.47048,1.19554,0
0.67912,-1.09068,0
2.71728,0.52956,0
2.28303,-1.04811,0
1.11316,0.10221,0
1.53631,-0.7223,0
1.03227,0.4749,0
2.78668,1.13626,0
3.11884,-1.07662,0
0.36593,0.41359,0
2.36927,0.17841,0
3.49233,-0.92064,0
2.09589,-0.61799,0
0.29586,-0.96053,0
-0.11213,-0.62595,0
3.35449,0.69648,0
-0.1954,0.08528,0
2.9581,-0.55843,0
-0.34846,0.95187,0
2.87588,1.22101,0
3.45066,0.59402,0
0.5025,-0.14005,0
1.31027,0.80929,0
3.39323,-1.17744,0
1.29917,0.18208,0
2.50687,0.90027,0
2.78611,-1.06251,0
2.99016,0.87886,0
0.0871,-0.71118,0
0.79141,1.05418,0
2.48451,-0.17482,0
1.11251,-0.04614,0
1.9461,-0.12951,0
3.00119,-1.14283,0
2.78051,0.5846,0
1.00394,-0.20707,0
1.61436,-1.14109,0
-0.38231,-0.1894,0
2.25099,-1.07409,0
0.0953,-0.01977,0
0.66662,0.96279,0
0.51331,-0.69416,0
0.8646,-0.25646,0
2.13336,0.43189,0
-0.3181,-0.74534,0
2.72247,-1.05119,0
3.02176,0.85313,0
0.08979,-0.61306,0
0.41918,-0.84321,0
1.09396,-0.95215,0
-0.36058,0.13546,0
-0.23233,0.99921,0
-0.08286,-0.18694,0
0.79427,-1.18161,0
1.32091,1.05005,0
2.04067,0.34708,0
-0.46326,1.03951,0
-0.25894,0.84819,0
0.1707,-0.15362,0
0.0325,-0.98948,0
-0.19521,-1.05324,0
1.87732,-0.98553,0
1.93572,0.72595,0
2.98073,0.99602,0
-0.06186,0.21547,0
2.95862,0.20401,0
-0.06466,-0.15799,0
3.30454,0.32083,0
3.20829,-0.16106,0
3.19051,-0.15186,0
3.34371,0.98448,0
0.79793,0.33039,0
3.49618,0.06163,0
-0.12703,0.40108,0
0.27899,0.37194,0
1.17042,-0.38921,0
2.97697,0.33062,0
0.79684,-0.66989,0
2.43742,-0.04729,0
0.0307,1.13491,0
0.5602,0.32816,0
0.04067,-0.17515,0
-0.07143,-0.59608,0
0.77309,-0.05936,0
0.56867,-0.55727,0
3.2591,0.05207,0
0.16247,-0.00194,0
0.68017,1.15587,0
1.66245,1.08611,0
0.02981,-0.86818,0
0.61604,-0.06714,0
0.73776,1.18611,0
1.83177,-0.86135,0
2.60804,0.20681,0
-0.00751,-0.66782,0
0.71207,-0.9453,0
1.49087,0.42897,0
1.71481,0.58437,0
1.8698,0.6082,0
2.65414,0.78653,0
2.4905,-1.02108,0
1.61104,-0.36744,0
2.95651,-0.30987,0
0.30181,-0.76932,0
-0.17594,-0.54993,0
0.86085,0.38627,0
-0.32958,-1.01942,0
1.83296,-1.21689,0
0.58973,-1.00263,0
3.42943,-1.17005,0
0.99361,-0.70061,0
1.97926,-0.45935,0
2.76953,-1.1308,0
-0.43567,-0.54217,0
2.26095,0.21882,0
0.71231,0.52787,0
0.47553,-0.94457,0
2.0971,1.08155,0
0.64041,-0.79932,0
1.06296,-0.55756,0
1.86516,-0.4922,0
0.53038,0.12652,0
2.30549,-0.45345,0
3.01348,0.25509,0
-0.39708,0.60591,0
3.2971,0.29365,0
-0.34178,0.20481,0
1.18186,1.22006,0
2.52676,0.50955,0
2.40336,0.76356,0
1.8145,-0.92427,0
0.06593,0.70427,0
-0.31378,1.01024,0
0.95839,0.00413,0
3.02876,-0.93499,0
0.92759,-0.86454,0
3.10867,0.21335,0
0.97237,-0.33913,0
2.98316,1.22794,0
2.84511,0.82259,0
0.64719,1.22819,0
0.61003,1.16744,0
0.2301,-0.91029,0
1.19146,-0.08531,0
3.10877,-1.09634,0
-0.00783,1.12245,0
0.18929,-0.87371,0
0.44985,-0.31378,0
0.00562,0.34288,0
3.2667,1.00914,0
0.09119,1.05441,0
1.74464,0.35918,0
0.23006,-0.83702,0
1.19552,-0.89984,0
3.03873,0.94869,0
3.2806,-0.95247,0
2.75941,-0.62268,0
1.70061,-0.69608,0
1.43018,0.89606,0
2.07838,-0.49574,0
2.06221,-0.78583,0
0.32752,1.12591,0
2.46013,0.36288,0
0.10526,0.89357,0
0.34394,0.64346,0
0.53126,0.91383,0
2.0347,-0.64918,0
2.29508,-0.01753,0
1.80704,-0.57239,0
0.08331,0.99145,0
0.04728,-0.33748,0
3.05002,-0.10256,0
2.24444,1.04666,0
-0.40011,-0.92559,0
-0.31672,0.43175,0
1.75248,-0.1121,0
2.88106,0.49439,0
0.96081,-0.00018,0
2.81504,1.09099,0
0.52211,-0.09941,0
2.90894,-0.92101,0
2.5128,-0.90327,0
1.27207,-0.96405,0
2.24931,-0.69963,0
3.27699,-0.00576,0
1.39047,0.37814,0
1.42175,0.18541,0
-0.36488,-0.14694,0
2.03319,-0.12803,0
-0.03939,-0.67308,0
2.48265,0.83191,0
0.05077,-0.73037,0
0.02424,-0.79886,0
2.50918,1.07793,0
0.58176,-0.3477,0
1.37431,1.14214,0
0.47104,-0.80674,0
0.14843,1.21149,0
0.94542,-1.23796,0
2.67489,1.14738,0
1.26763,-0.76647,0
3.11463,-0.48735,0
0.47204,-0.13438,0
0.74835,-0.01775,0
-0.28865,-0.93254,0
2.82798,-0.83727,0
2.22474,-1.20557,0
1.71783,-1.14273,0
1.5616,0.75623,0
1.77496,-0.4436,0
0.56154,-0.26061,0
2.99789,1.12442,0
-0.11086,1.2372,0
0.51394,-0.77266,0
2.7025,-0.0936,0
-0.30296,0.54581,0
0.67292,0.91837,0
1.05344,0.0792,0
0.59931,0.41896,0
3.45825,-0.7946,0
0.5562,-1.08467,0
2.31722,1.11998,0
2.29441,-0.77858,0
1.80125,0.81019,0
2.64436,-0.29905,0
0.45511,-1.01504,0
2.69391,0.73722,0
2.88898,-0.9876,0
0.24919,-0.99138,0
-0.24145,-0.27522,0
2.99307,0.92006,0
2.40124,-0.54545,0
2.01353,0.62445,0
0.06557,0.35297,0
3.47097,1.19176,0
2.19257,0.10434,0
-0.38152,-1.08345,0
2.42533,-0.85014,0
2.49305,-0.23225,0
0.13633,-1.1418,0
1.17838,-1.19308,0
0.15938,-0.02165,0
3.00208,0.21517,0
1.12766,1.14861,0
3.18015,-0.40236,0
3.23696,0.10906,0
3.43457,0.41046,0
1.92472,-0.97319,0
1.61763,-0.4737,0
2.13895,-0.53279,0
0.36213,-0.60265,0
3.42121,0.01279,0
1.64045,0.86342,0
0.93362,-0.3114,0
1.05714,0.03259,0
-0.32324,0.84351,0
-0.47484,0.97261,0
1.80746,1.12643,0
3.07759,-1.22144,0
3.131,-0.29959,0
0.2694,0.30429,0
1.75304,-0.71429,0
3.22135,-1.04195,0
2.69215,1.16314,0
0.9727,-0.42986,0
2.22671,1.14499,0
2.00518,1.19706,0
2.89444,1.06916,0
3.38266,0.35049,0
3.18649,1.19023,0
0.36319,0.88913,0
-0.20659,1.07663,0
3.37832,0.72639,0
0.64922,-0.03426,0
2.27674,-0.96174,0
0.85177,-1.11169,0
1.0186,0.0779,0
0.4534,0.93166,0
3.08279,-0.59196,0
1.02441,-1.22586,0
0.44544,0.15823,0
1.74375,0.96006,0
1.55095,-0.39019,0
-0.17555,-0.28377,0
2.1131,-0.59686,0
1.11644,0.13799,0
-0.21073,1.01006,0
1.34018,-0.49895,0
-0.31303,0.75799,0
1.67738,-0.5785,0
2.95733,0.71985,0
3.14949,-1.05705,0
0.21241,-0.23249,0
0.67751,0.36042,0
2.70355,0.0139,0
0.96992,-0.55228,0
2.74134,1.08931,0
1.42794,-0.10523,0
-0.04612,0.61129,0
-0.47585,-1.12517,0
0.25586,-0.95298,0
0.75024,1.10344,0
2.24248,0.15266,0
3.465,0.75309,0
1.76276,-1.01611,0
2.72522,-0.59467,0
-0.35018,-0.05137,0
-0.46047,-0.51014,0
-0.13262,-0.60664,0
-0.48465,-0.27551,0
2.32928,0.56818,0
0.03239,-0.70839,0
-0.28976,0.69627,0
2.28188,0.42373,0
1.08642,-1.16973,0
3.23005,0.39193,0
2.91686,-0.63346,0
1.27295,-0.93548,0
0.79926,0.75445,0
-0.3832,1.1606,0
-0.36214,-0.96016,0
0.8642,0.7678,0
1.02377,-0.75227,0
0.19427,1.04975,0
2.92863,1.18156,0
-0.45141,0.54885,0
0.72969,-0.16313,0
0.57675,0.51088,0
0.47964,-0.40285,0
3.33918,-0.64844,0
2.36922,-0.9829,0
2.09992,1.19681,0
-0.35329,0.79865,0
0.29015,0.1197,0
2.39643,-0.76358,0
2.26118,-0.97002,0
1.78879,0.19969,0
1.58196,0.02992,0
1.36828,0.39805,0
-0.05493,0.72455,0
3.31965,0.13942,0
0.04036,-0.41033,0
1.67428,0.7617,0
1.10255,1.10097,0
1.66731,-0.05522,0
1.42393,1.2088,0
2.76796,0.54178,0
0.44864,-0.30396,0
2.57081,-0.80119,0
-0.2612,0.88406,0
3.35635,-1.21982,0
2.60291,0.34565,0
2.82826,1.18475,0
0.74372,-0.38136,0
-0.2153,-0.47878,0
0.62264,-0.693,0
-0.15671,-0.66525,0
2.78519,-0.84093,0
0.0055,0.93517,0
2.00425,0.91166,0
1.22447,-0.5202,0
0.30712,0.41829,0
2.73426,0.98918,0
0.59496,-1.13546,0
0.74537,-0.9861,0
1.34209,-0.11835,0
3.3789,-0.35036,0
1.51022,1.09195,0
0.45002,-1.23289,0
3.1467,0.26478,0
1.33053,-0.38393,0
-0.04711,-0.19718,0
0.62682,0.34717,0
1.49894,-0.50002,0
-0.09626,0.45607,0
-0.4731,0.62574,0
2.16606,-0.34811,0
3.12789,-0.73259,0
-0.4918,-0.19607,0
-0.39195,0.92047,0
0.96205,0.75784,0
-0.48587,0.69176,0
0.7248,0.67743,0
1.66517,-0.10202,0
1.84741,1.16479,0
-0.10704,1.22975,0
1.52144,-0.23283,0
3.31244,0.53305,0
-0.26605,-0.44164,0
1.52453,-1.01621,0
2.14196,-0.57454,0
1.19228,-0.71723,0
3.39449,1.17617,0
-0.33487,1.04184,0
2.00192,-0.79591,0
0.76556,0.10404,0
0.78469,0.16556,0
1.8245,0.30166,0
1.20621,0.84709,0
2.41617,0.19657,0
1.74869,-0.93004,0
0.20659,-1.24135,0
1.40063,0.83381,0
0.67184,-0.60421,0
0.89422,0.52674,0
1.64809,-0.97719,0
1.19248,-0.56518,0
2.2558,-0.1279,0
0.5458,0.33565,0
1.15638,0.74158,0
0.97745,0.2786,0
1.09265,0.21792,0
3.48983,-0.42848,0
2.32949,-1.05459,0
1.94343,-0.09086,0
1.21525,-0.65938,0
3.0201,0.9272,0
0.3406,0.48369,0
2.2547,-1.10367,0
3.28198,-0.7243,0
2.14257,0.26184,0
-0.30717,1.07274,0
0.27759,-0.21528,0
0.50277,0.53567,0
1.2451,0.4682,0
-0.09904,-1.1939,0
2.2749,-0.86461,0
2.9549,-0.48339,0
0.12763,-0.27347,0
3.33435,-0.14239,0
0.483,-0.27109,0
1.85468,-0.57534,0
1.44546,-0.12368,0
2.71429,0.22763,0
2.53624,-0.60955,0
2.13265,0.52062,0
1.77011,1.03535,0
2.57654,0.44497,0
0.4147,-0.67394,0
0.74633,1.11924,0
0.46521,0.96666,0
1.11445,1.06397,0
2.08147,-0.94921,0
1.09765,0.82217,0
3.17071,0.16172,0
1.97012,0.46817,0
1.90432,0.93494,0
1.81498,-1.10676,0
-0.45595,0.83306,0
0.41434,-0.63933,0
3.41021,-0.14385,0
3.00971,-0.69201,0
-0.2511,1.15544,0
2.52255,-0.19136,0
2.0209,-0.82415,0
0.7687,-0.5147,0
0.44325,0.46241,0
3.478,0.43145,0
1.01465,-1.17136,0
1.87305,0.07366,0
1.2422,1.1627,0
1.88063,-1.2005,0
2.51845,-0.59573,0
0.78871,-0.52352,0
3.47024,-0.65033,0
3.1797,0.63151,0
2.99818,0.44346,0
0.57426,0.59877,0
0.04894,0.4463,0
1.08349,-0.67977,0
-0.26627,-0.44029,0
3.24111,-0.16669,0
2.94576,0.87908,0
-0.04323,0.85328,0
1.48101,1.0701,0
-0.30309,-1.16259,0
2.08993,-0.16428,0
2.03483,1.09675,0
-0.46633,-0.63978,0
1.6579,1.03625,0
2.64353,-0.52009,0
-0.21846,0.5953,0
0.52394,0.57428,0
2.6258,-0.8099,0
0.73378,-1.06096,0
1.35546,-0.85929,0
0.80033,0.55928,0
1.21159,0.06762,0
2.65418,-0.36544,0
0.82239,0.36171,0
1.40266,-0.81971,0
2.23875,-1.14313,0
1.99096,-0.22607,0
2.93295,-0.79302,0
1.77078,-1.244,0
1.89632,1.15853,0
1.01585,-0.75007,0
2.10159,-0.92694,0
0.30293,0.24636,0
1.07746,-1.0135,0
2.95483,-1.24044,0
2.8761,-0.50611,0
-0.11331,0.57813,0
1.05998,1.07191,0
1.87381,-0.20237,0
0.72129,0.17682,0
0.28417,1.03669,0
-0.0451,-0.53054,0
2.29507,-1.19813,0
0.86528,-0.39444,0
2.66672,-0.00465,0
2.08932,-0.05753,0
1.74477,0.47269,0
0.63394,0.22715,0
1.87722,-0.46295,0
-0.33774,-0.00742,0
0.62024,-0.93055,0
-0.40919,0.30503,0
2.42363,-1.19712,0
2.16274,1.10979,0
2.60646,-0.8792,0
0.5642,0.85592,0
2.34043,0.4666,0
1.44341,0.26819,0
0.31174,0.87382,0
0.17948,-1.00968,0
-0.06656,0.0355,0
-0.36653,-0.8047,0
2.05752,-1.00281,0
2.40326,0.48491,0
1.19464,0.75594,0
3.25072,-0.03944,0
1.98614,-0.29194,0
2.54425,-0.66555,0
3.17888,0.46814,0
1.17924,0.77192,0
0.39705,-0.72538,0
0.82086,0.3885,0
2.41707,0.01891,0
2.2747,1.22293,0
-0.4506,1.10658,0
0.07384,0.09506,0
0.96748,-1.23495,0
0.77226,0.42808,0
-0.13347,-0.53825,0
-0.34265,-1.14143,0
2.02531,1.13345,0
0.41718,-0.62664,0
2.75683,1.22219,0
0.42061,-0.1395,0
2.80004,-0.86952,0
-0.27145,0.46189,0
2.48616,0.80191,0
3.19729,-0.88214,0
3.44848,-0.54721,0
3.04973,-0.99409,0
2.7504,0.11988,0
2.08737,-0.57158,0
-0.23054,-1.21191,0
-0.28757,-0.81589,0
3.46263,0.83185,0
2.61756,0.71321,0
0.01077,-0.66286,0
2.88242,0.33355,0
1.80961,1.07166,0
0.46599,-0.91624,0
3.38916,0.58341,0
1.51993,-1.2426,0
2.85803,-0.10799,0
0.47068,1.11183,0
1.79343,0.25173,0
3.29097,-0.34288,0
1.80308,-0.52234,0
2.20639,-0.52237,0
3.27767,-0.88241,0
2.90639,-0.19682,0
-0.29746,0.19446,0
-0.35495,0.09894,0
0.45291,1.24825,0
1.704,-0.56564,0
0.94786,-0.21233,0
1.32099,-0.42569,0
1.79907,0.37494,0
0.27075,0.83382,0
0.20622,0.30895,0
1.32275,0.11045,0
2.70185,0.24369,0
0.2147,-0.12833,0
0.09484,0.99081,0
1.12569,0.08979,0
0.43785,0.28403,0
0.48791,-0.00655,0
3.18616,0.50942,0
0.64766,-0.44747,0
0.00676,0.32136,0
0.2062,-0.34231,0
1.76328,1.18553,0
1.09147,-0.40773,0
2.15008,0.26552,0
0.78062,0.30212,0
3.26099,0.05525,0
0.69122,0.19706,0
2.85619,-0.71262,0
-0.13671,1.12968,0
2.23578,0.36533,0
2.89037,-0.19628,0
1.10653,-0.18109,0
-0.15183,-0.89811,0
-0.09516,0.16783,0
2.53039,0.05162,0
1.56985,0.50513,0
-0.23642,0.40166,0
0.50949,-0.38992,0
0.66224,-0.29622,0
3.39893,-0.45303,0
0.9504,0.2477,0
2.66159,-0.02217,0
1.34587,0.38584,0
3.29739,-1.1842,0
-0.48086,-1.07208,0
2.35161,-1.2179,0
0.15738,-0.52252,0
1.71508,-0.08036,0
2.39429,-0.27513,0
-0.16097,-0.82693,0
3.06874,-0.76632,0
0.80824,0.02591,0
3.10189,0.06825,0
0.17981,-1.02268,0
2.94943,-0.89935,0
2.42971,-0.23174,0
2.42795,-0.11884,0
-0.30934,-0.09244,0
3.11382,-0.1243,0
3.35063,-0.91812,0
2.40049,-0.85942,0
1.87704,0.19926,0
2.54769,-0.08827,0
1.09833,-1.20981,0
1.10242,1.02377,0
2.28473,-0.28209,0
3.41352,-0.89285,0
1.29501,-1.00936,0
3.40755,-0.19649,0
2.79878,1.06754,0
3.46523,0.86353,0
0.85971,-1.23004,0
1.26572,0.54005,0
0.10294,-0.89706,0
2.33822,-1.19333,0
0.74706,-1.02561,0
0.55979,-0.27249,0
1.65619,-0.54956,0
2.44906,0.23098,0
0.11518,0.54867,0
-0.06108,-0.40235,0
0.93987,-1.08832,0
1.26463,-0.23711,0
2.13679,0.93934,0
0.06261,1.02854,0
-0.45586,0.59678,0
0.91074,-0.52692,0
1.93235,0.96142,0
3.12526,-0.8299,0
1.90589,0.28832,0
2.64016,-0.59934,0
0.81533,0.30845,0
3.46779,0.83544,0
2.17649,-0.83683,0
-0.08286,0.67962,0
2.541,-0.09872,0
0.58089,0.29645,0
0.47393,0.22102,0
2.57575,-0.0947,0
3.44675,-1.01094,0
0.2279,0.40204,0
0.84688,0.0549,0
1.3144,-0.02445,0
0.77469,-1.1168,0
2.25876,0.68428,0
2.62268,-0.27845,0
1.73949,-0.43327,0
1.23538,0.6191,0
1.04085,1.0249,0
2.27092,0.38269,0
1.5876,0.54797,0
2.6254,-1.07077,0
0.33338,-0.22434,0
-0.02061,-0.8703,0
-0.25132,-0.43683,0
2.85907,0.80681,0
1.43567,-0.16081,0
0.40382,-0.57858,0
0.65793,0.18623,0
2.47912,0.46511,0
2.09059,-1.02106,0
2.1891,-1.15581,0
2.52028,-0.46841,0
3.38497,-1.22575,0
2.92229,-0.12559,0
2.6998,1.19599,0
1.72415,-1.09989,0
1.71957,-0.99152,0
1.74158,0.09266,0
-0.20869,0.36842,0
2.72111,0.28312,0
3.37589,-0.5155,0
-0.03687,0.73626,0
2.08452,-1.14541,0
1.98114,0.16994,0
1.45901,0.90099,0
3.30239,0.83196,0
-0.41821,-0.79546,0
2.19397,-0.12166,0
2.07136,-0.72195,0
1.58925,0.09436,0
2.23254,0.87582,0
1.9605,-0.66435,0
3.35431,-0.46576,0
1.00451,0.82763,0
3.08354,-0.55737,0
0.18837,0.18837,0
2.69578,-0.89041,0
1.50262,0.2179,0
-0.3066,-0.30938,0
2.18184,0.05929,0
0.93921,-1.08978,0
-0.20777,1.15906,0
0.47311,-0.56484,0
0.0475,0.04198,0
2.91921,-1.04221,0
2.4305,0.61641,0
2.23709,-1.21847,0
1.44853,1.19005,0
-0.26639,0.83429,0
3.18169,-0.95776,0
1.89133,0.67427,0
3.2051,-0.15168,0
1.0957,-0.61943,0
3.16977,-0.7836,0
2.70513,-1.1213,0
1.4037,0.43554,0
1.65536,1.00469,0
1.95436,0.65945,0
-0.05374,-0.68613,0
3.49606,0.03067,0
1.97652,0.82635,0
1.67529,0.02567,0
3.35496,-0.8834,0
0.74928,0.60423,0
2.25337,-0.84486,0
0.87868,0.73817,0
0.47409,0.71726,0
1.3311,0.36183,0
-0.0805,-0.25435,0
0.03295,0.78531,0
1.90102,-0.57946,0
2.73908,1.03847,0
1.13338,-0.27895,0
1.29204,0.32814,0
0.94168,0.25978,0
3.40746,0.53049,0
-0.11925,0.28971,0
0.89485,-0.60414,0
-0.06622,0.66357,0
-0.44149,0.0649,0
0.1662,1.0328,0
-0.37661,0.46487,0
1.54709,1.01138,0
3.0021,0.05199,0
3.3338,0.91505,0
2.22534,0.3069,0
1.5157,0.54462,0
0.04789,0.37558,0
2.60468,-0.27356,0
1.15957,1.09562,0
0.56662,-1.22222,0
2.55483,0.66027,0
3.22254,0.1134,0
0.75765,-0.95408,0
2.50959,0.74179,0
2.67565,0.14485,0
3.06289,1.08191,0
1.70967,0.96633,0
3.31646,-0.07224,0
2.34974,-0.83235,0
1.43689,-1.04189,0
2.43738,0.46402,0
0.78733,-0.04838,0
2.72452,0.48725,0
2.6326,0.75445,0
0.57982,0.09598,0
1.31817,-0.05664,0
1.95513,-0.41514,0
0.46735,-0.43184,0
3.14395,1.06795,0
2.6642,-0.51958,0
0.14306,-0.28992,0
2.55339,-0.44016,0
0.01089,0.13571,0
0.88253,0.00097,0
2.45868,-0.6017,0
3.29806,0.59365,0
0.04313,-1.22125,0
1.48881,0.54259,0
0.54397,-0.56437,0
1.38528,0.87043,0
0.81684,-1.09828,0
0.206,0.8419,0
0.28955,-0.64804,0
1.81477,0.76134,0
2.57327,-0.00804,0
3.1171,-0.26139,0
1.8512,-0.29593,0
0.37894,-0.12098,0
2.79318,-0.06776,0
1.22609,-0.72731,0
1.3258,0.0928,0
1.40703,0.21605,0
-0.32624,0.86434,0
0.03682,-0.34439,0
2.46032,-1.02658,0
2.57279,-1.01056,0
0.98955,-0.9292,0
0.80575,-0.88363,0
0.42915,0.69472,0
0.78778,1.11532,0
0.07945,0.74949,0
-0.40273,-0.66479,0
0.96357,0.48331,0
0.36048,0.16955,0
1.08128,0.64589,0
3.28272,1.2241,0
1.34706,0.10213,0
3.20154,-1.14263,0
-0.33935,1.16316,0
2.52698,0.9086,0
0.21465,-1.15701,0
0.16535,-0.97219,0
2.49556,-0.22826,0
0.81069,0.02964,0
2.31282,-0.26739,0
1.02957,0.88268,0
0.71215,-0.89192,0
2.74361,-0.5082,0
2.04696,1.2456,0
2.44694,0.06548,0
3.23462,-0.23643,0
2.42014,0.72147,0
2.37583,-0.37222,0
1.06251,0.67891,0
0.63565,-0.53772,0
-0.00641,1.1166,0
2.29248,-0.80717,0
-0.3314,-1.14984,0
1.19493,-0.63414,0
0.0595,1.10677,0
0.94561,-0.18201,0
-0.18685,1.13451,0
1.21772,0.85792,0
1.38022,0.10016,0
1.75524,-0.34002,0
1.15442,-0.43158,0
1.00356,-0.28779,0
3.06891,0.6047,0
-0.37291,-0.66911,0
1.28987,0.57575,0
3.04875,0.3564,0
3.42982,0.84529,0
1.08287,-0.14092,0
3.25135,0.35886,0
1.49087,0.01301,0
0.95609,0.11235,0
3.1024,-0.69724,0
1.01861,0.46097,0
-0.15951,0.33347,0
1.42455,-0.63543,0
2.06088,-0.96168,0
0.24934,-1.22498,0
2.95804,0.27616,0
2.37871,0.55167,0
0.9771,1.14419,0
-0.10827,1.07684,0
-0.42656,0.08354,0
2.35799,-0.81396,0
1.20572,0.94328,0
0.51357,-0.41174,0
1.09086,0.54553,0
2.63322,-0.8941,0
1.41123,0.78027,0
1.45205,-1.0122,0
2.72353,1.1704,0
1.66699,-0.51506,0
0.36433,0.96294,0
0.59523,1.06223,0
1.59606,-1.04842,0
2.08851,0.2947,0
3.15373,0.65319,0
-0.07454,-0.19132,0
2.97915,0.97211,0
0.62614,-1.24813,0
-0.17912,0.07834,0
2.78464,-0.36891,0
3.18054,0.85944,0
1.83863,0.64223,0
2.66099,1.22899,0
1.88893,0.47604,0
2.33025,0.23791,0
2.94376,-0.53278,0
1.71385,1.2338,0
3.26558,0.10988,0
1.21032,1.05332,0
2.67547,1.00089,0
2.87084,-0.97,0
0.63486,-0.74741,0
2.74349,0.1814,0
2.86059,-0.42667,0
2.79682,0.88566,0
0.52233,-0.81118,0
0.23219,-0.6145,0
2.30038,0.62053,0
1.0163,0.04588,0
1.863,-1.01534,0
0.92155,-0.23546,0
1.392,-1.04465,0
3.25535,0.11585,0
0.97452,-0.95444,0
2.42007,-0.17645,0
2.64134,-1.13073,0
2.71659,-0.61634,0
0.78329,0.17883,0
2.52581,-1.19675,0
1.45833,-0.68914,0
0.99985,0.32934,0
3.06587,-0.32144,0
-0.48574,1.02383,0
1.23374,-1.02278,0
2.60778,-0.92454,0
1.48924,-0.31925,0
0.08002,1.10475,0
0.66777,-0.6293,0
3.04535,-0.43585,0
0.91891,-0.62261,0
0.24182,-0.23751,0
0.87616,0.84964,0
1.37899,-0.41296,0
0.87539,0.65007,0
2.94898,-0.63811,0
1.30124,-0.83136,0
1.78199,-0.06798,0
1.20605,0.07243,0
1.66212,-0.92906,0
0.02159,0.07938,0
0.2494,0.06231,0
2.53537,-0.65537,0
0.59685,-0.90182,0
1.02127,-0.54556,0
1.90929,-0.97847,0
2.03846,0.60554,0
-0.2363,-0.92002,0
1.75272,-0.56836,0
0.73172,-0.81073,0
3.43336,-1.07614,0
0.33606,0.91134,0
3.15572,-0.67074,0
2.36416,0.05865,0
3.27566,-0.4643,0
3.03848,0.59372,0
3.29205,0.40373,0
3.19535,0.99849,0
-0.42047,-0.07724,0
2.2111,0.00271,0
3.27362,1.10748,0
3.00336,0.43461,0
2.20356,-0.92103,0
-0.09086,-0.76186,0
1.66748,-0.56752,0
-0.03653,0.11927,0
3.26231,-0.02562,0
2.72663,0.71497,0
0.84043,-1.04841,0
0.75918,0.03556,0
2.84952,-0.42568,0
0.27827,0.45817,0
-0.24569,-1.15619,0
3.43262,-0.78163,0
1.43547,-0.56455,0
0.77542,0.32355,0
2.51386,-0.36165,0
2.56489,-1.12719,0
1.24462,-0.30282,0
2.00583,-0.59203,0
3.12602,-1.0518,0
1.53384,-0.1992,0
2.41456,-0.60469,0
2.49004,-0.74312,0
0.56487,-0.0904,0
1.15839,0.02319,0
1.86585,-0.51721,0
0.404,0.09233,0
1.8235,-0.90872,0
1.53949,1.05967,0
1.60692,-0.67873,0
1.79264,0.6134,0
1.09618,-0.00498,0
2.10795,1.23285,0
2.14801,0.02891,0
2.08049,0.02083,0
0.08792,-0.06004,0
1.14124,1.05358,0
-0.42897,0.95799,0
2.01473,0.80148,0
-0.28354,0.49652,0
0.44465,-0.45737,0
1.83902,0.39561,0
1.07146,1.02557,0
0.80363,0.84998,0
2.80556,0.37251,0
-0.34769,0.10462,0
0.72041,1.19279,0
0.44966,-0.94286,0
3.02258,-0.14899,0
-0.37041,0.60153,0
1.64954,-0.51638,0
-0.12154,-0.83693,0
-0.01842,-0.2513,0
2.04072,0.21236,0
3.14921,0.1117,0
2.22847,0.99312,0
1.60615,0.76264,0
1.39727,1.1575,0
1.53822,0.23341,0
0.95933,0.636,0
-0.48001,0.12923,0
3.03827,0.02404,0
2.7047,0.49022,0
2.03494,0.71737,0
0.40927,-0.02582,0
3.26777,0.65891,0
2.84953,-0.91977,0
1.38773,-0.2119,0
2.24054,0.99893,0
1.90823,-0.51644,0
2.20545,-0.77806,0
3.26809,-0.69176,0
3.36871,-0.67561,0
1.46412,-0.01644,0
0.13082,0.3531,0
1.37916,0.56234,0
1.00648,-1.18696,0
3.28379,0.73519,0
1.4467,0.08144,0
1.43247,1.16219,0
1.25423,0.09409,0
2.53125,0.35324,0
1.16159,0.52737,0
-0.04393,-0.78404,0
2.56445,0.95599,0
0.59754,0.47451,0
1.89779,0.86662,0
2.93572,1.14497,0
3.27185,0.52917,0
2.88555,1.17377,0
2.68096,0.62197,0
2.76878,1.09929,0
3.2621,-0.60963,0
0.49504,-0.8199,0
1.67945,-0.92412,0
1.56627,1.04847,0
0.08516,-1.04466,0
2.68548,1.06802,0
2.05255,-0.1092,0
2.43376,-0.09171,0
2.56976,-0.04482,0
-0.23571,-0.39626,0
2.47189,-1.15009,0
0.91241,-1.15465,0
3.38453,0.3177,0
2.73406,-0.64583,0
-0.10478,-0.71539,0
1.334,0.21027,0
-0.2398,0.35869,0
2.36144,-0.00765,0
-0.24856,0.91676,0
2.4883,-0.33182,0
2.45464,-0.10232,0
3.1126,-0.62091,0
0.3128,0.58347,0
2.15495,-1.16583,0
1.25752,0.30094,0
0.17094,1.09184,0
-0.23171,0.9852,0
2.42555,-1.0193,0
-0.00714,0.04228,0
1.12678,0.20719,0
0.61008,1.04322,0
2.51105,0.31428,0
2.4463,-0.49948,0
0.17182,0.21804,0
2.21069,-0.68572,0
2.14469,0.35351,0
2.37035,-0.28339,0
2.81109,0.80186,0
1.41336,-0.23032,0
-0.04064,0.02116,0
1.27959,0.04805,0
0.24186,-0.0949,0
1.53446,0.88229,0
-0.31348,0.94151,0
0.45441,0.40238,0
2.75621,-0.15304,0
1.06844,0.96544,0
1.92785,0.61062,0
0.40734,-0.79333,0
1.71529,-0.89314,0
2.30233,-0.5156,0
2.18327,-0.66787,0
0.42063,-0.47859,0
1.71781,0.59457,0
2.69276,0.97429,0
-0.07372,0.42931,0
1.35397,0.07612,0
3.30029,-0.7028,0
-0.25394,-1.0864,0
0.68225,-0.28258,0
2.72292,0.09547,0
-0.29212,-0.31169,0
3.41459,-0.18261,0
1.58965,0.50377,0
0.15821,0.26059,0
-0.45744,0.30086,0
2.61343,0.65572,0
3.07245,-0.18367,0
0.56667,0.61561,0
1.6754,-0.83711,0
0.69135,0.82677,0
2.37871,1.18645,0
2.57739,-0.38341,0
1.0732,-0.09143,0
1.05811,1.15824,0
1.47785,-0.14643,0
2.04081,0.5483,0
1.72575,0.60402,0
2.1475,0.74949,0
2.53584,-0.0575,0
2.46572,-0.79556,0
2.0084,0.57403,0
2.04185,-1.1609,0
1.46482,0.08717,0
1.91179,-0.50012,0
1.02289,-0.01499,0
2.36497,1.07177,0
-0.4809,-0.36745,0
-0.21123,0.20486,0
1.87732,0.69801,0
1.93723,0.74316,0
2.55556,0.64737,0
1.47803,0.37065,0
0.14529,-0.70918,0
-0.39323,0.78354,0
2.99368,-0.51182,0
0.21769,-0.13875,0
2.89966,-0.42969,0
1.34275,-0.71434,0
1.11822,-0.33002,0
-0.01733,-0.58521,0
2.8917,0.1345,0
0.00742,-0.85746,0
3.39822,0.54142,0
-0.43408,-0.17161,0
0.92967,0.06067,0
1.49451,-0.54202,0
0.79451,0.60563,0
1.1825,-0.71604,0
0.82674,-1.11446,0
2.04862,-0.7823,0
-0.12222,0.84814,0
2.54997,0.79509,0
2.4149,0.94166,0
3.44662,-0.12647,0
0.59031,-0.47957,0
0.23475,0.30239,0
0.75824,0.12568,0
2.53417,-0.92341,0
0.03512,-0.82295,0
-0.00872,0.66329,0
0.14401,-1.07249,0
2.02869,1.00312,0
1.79877,-0.32831,0
2.05755,0.68789,0
0.10225,-1.11813,0
-0.16647,1.06906,0
3.46357,-0.74253,0
1.63105,0.09955,0
1.73177,0.45287,0
3.08442,-1.09849,0
1.59863,-0.75742,0
1.39552,-0.60541,0
0.47107,-0.97487,0
-0.0319,-0.59875,0
0.73809,-1.1972,0
3.40901,0.21579,0
1.66985,-0.45136,0
-0.24444,1.24991,0
2.04523,0.6008,0
-0.37799,-0.46911,0
2.68805,0.41291,0
0.12119,-1.0578,0
1.56331,-0.0958,0
0.59343,0.29818,0
3.05747,0.51939,0
1.08248,0.54586,0
-0.17982,-0.10972,0
0.06005,0.4927,0
2.07786,0.35825,0
1.24091,-0.62128,0
0.86492,0.68354,0
2.81782,0.96321,0
2.88079,-1.02783,0
1.09348,-0.93478,0
1.68725,0.26601,0
1.57215,-1.20112,0
2.55793,0.70842,0
2.15886,-0.67848,0
3.02027,-0.44364,0
2.19894,-0.12597,0
0.17017,0.23561,0
1.01989,0.13675,0
3.1987,-0.95753,0
1.41003,0.34763,0
2.17406,0.4445,0
2.92768,0.71338,0
0.95713,0.07354,0
3.19811,0.40894,0
-0.0592,-0.50317,0
3.20983,-0.29289,0
0.7881,0.63619,0
2.85436,-1.07125,0
0.97973,0.25748,0
1.29845,-0.47274,0
1.75646,-0.44494,0
2.10487,0.17905,0
1.74085,-0.59795,0
2.72625,0.32594,0
1.0252,1.06648,0
-0.4488,-1.09636,0
2.29127,0.53616,0
3.04111,1.1638,0
2.85941,-0.17337,0
0.85805,-0.30191,0
2.87051,0.71527,0
3.30132,0.27979,0
2.03081,0.01389,0
0.3154,0.68027,0
1.34836,0.20521,0
-0.30967,0.97992,0
1.07142,0.71305,0
0.53773,0.52136,0
-0.43671,-0.02066,0
0.35555,-0.8577,0
3.2837,-1.04972,0
1.53406,0.7883,0
2.14641,0.76786,0
2.71973,1.09542,0
-0.47635,0.97782,0
-0.38404,-0.13101,0
0.53672,0.3314,0
2.00966,-0.25716,0
0.82413,-1.19199,0
-0.34158,-0.96405,0
2.47377,-0.63386,0
-0.35147,-0.70068,0
-0.32227,0.23819,0
2.98443,0.97865,0
1.79393,-0.17089,0
0.38926,-1.23353,0
1.78967,1.18506,0
2.43579,0.58279,0
1.96169,0.89981,0
0.38477,0.86322,0
2.18603,0.34719,0
0.19384,-0.69452,0
2.50595,0.20088,0
2.76512,-0.99011,0
0.62966,0.26085,0
2.2428,0.69258,0
0.60614,0.27725,0
1.26967,0.288,0
2.27083,0.92791,0
0.94385,1.19172,0
0.29432,-0.51681,0
2.06175,-1.06546,0
1.98866,1.20456,0
2.87886,1.07102,0
-0.13804,-0.72522,0
1.08414,-0.29192,0
0.73933,1.01979,0
2.50838,-0.79786,0
-0.2236,0.24975,0
0.94976,-1.14031,0
2.92742,0.64421,0
0.1243,0.97899,0
2.66294,0.42291,0
0.56176,0.74696,0
-0.49727,0.3294,0
2.81224,1.03968,0
1.0914,0.43669,0
1.94386,0.8152,0
-0.2018,0.96338,0
1.03534,-1.16397,0
3.21935,0.78381,0
3.36418,-1.18495,0
-0.19112,-0.15794,0
2.70411,0.57603,0
1.24221,1.16558,0
2.86283,-0.21553,0
-0.10655,-0.90236,0
0.99562,-0.52802,0
1.73351,0.92395,0
1.11051,-0.12445,0
0.86133,-0.71992,0
2.28072,0.80269,0
2.05547,1.23068,0
3.41559,-0.344,0
-0.2233,0.79123,0
3.09064,1.20719,0
1.90484,-0.17141,0
2.47985,0.54027,0
3.46489,0.23726,0
-0.12107,0.53718,0
2.4853,1.11587,0
0.20227,0.05911,0
-0.08528,0.22675,0
2.63427,0.30062,0
1.90111,0.43792,0
3.01669,0.23018,0
2.51866,0.99111,0
3.44864,-0.74445,0
2.98707,-0.11106,0
1.29745,-0.6399,0
1.15938,0.575,0
3.19642,0.53995,0
1.71884,-1.15469,0
1.86962,-0.59953,0
1.99268,-0.88918,0
2.72711,0.4966,0
1.94216,1.04985,0
1.37072,0.19413,0
1.57429,0.70888,0
1.82827,0.48033,0
0.05605,0.87341,0
1.66684,0.88485,0
2.04323,0.36301,0
2.81409,-1.00631,0
0.93597,-0.56383,0
2.79183,0.62884,0
0.34218,1.087,0
2.40227,-0.26856,0
0.53454,0.26487,0
1.20411,0.44794,0
1.38846,-0.29467,0
0.2963,-0.51702,0
-0.45333,0.38263,0
-0.03274,-0.87706,0
0.26634,-1.0902,0
1.64719,-0.83836,0
2.88035,0.33884,0
-0.22345,-0.28201,0
0.0033,-1.19623,0
2.38977,-0.88938,0
2.1888,-0.74244,0
1.18973,0.50775,0
1.5017,0.56985,0
1.3419,-0.98576,0
0.01887,-0.4017,0
-0.06154,0.75313,0
2.1371,-0.13782,0
0.02999,-0.93673,0
0.73396,-0.14672,0
2.09733,0.29854,0
0.58389,-0.63166,0
2.22751,0.98571,0
-0.263,-0.82886,0
2.49772,0.54458,0
0.3901,0.74339,0
-0.06883,-0.80528,0
0.27594,-0.42507,0
0.80412,-0.05215,0
1.63052,-1.21751,0
2.76095,1.09666,0
2.79046,1.21856,0
2.67778,-0.47163,0
2.09461,-0.24508,0
0.46597,1.1923,0
2.0883,1.11782,0
1.61071,0.80425,0
2.35168,-1.11745,0
3.27218,0.99954,0
0.13919,0.45746,0
-0.30197,0.09802,0
-0.03792,-1.06728,0
1.43665,1.09251,0
1.76241,-0.2296,0
0.88471,0.191,0
2.16146,0.79873,0
1.74799,-0.91344,0
0.74928,-1.09921,0
-0.40705,0.57374,0
0.05804,-0.43995,0
2.01747,0.55901,0
1.18757,-0.05144,0
1.29848,0.70122,0
2.68475,0.35624,0
3.42146,0.17508,0
2.07698,1.21084,0
0.33061,0.87524,0
1.69908,-1.07889,0
2.26306,-0.46999,0
2.01219,0.45162,0
2.85143,0.23261,0
1.67252,0.25812,0
2.85033,-0.1774,0
3.2012,1.19224,0
1.50708,-0.60975,0
1.09971,-0.462,0
-0.15715,-1.14329,0
1.76589,0.33412,0
0.29687,-0.92168,0
1.46262,-0.17792,0
0.39202,0.65613,0
0.43866,-0.71788,0
1.82548,1.1738,0
3.13669,-1.23844,0
1.67907,-0.59221,0
0.58506,-1.0917,0
0.96,-0.43386,0
0.93179,-0.76741,0
0.19175,0.1182,0
-0.44295,-1.11477,0
3.07539,0.29428,0
1.90449,0.68969,0
0.32676,-0.95343,0
1.1259,-1.19039,0
1.94468,-0.2178,0
1.4399,0.33794,0
3.46458,-0.59443,0
0.58932,-0.00575,0
-0.13369,-0.17858,0
0.47705,-0.59361,0
-0.01641,0.17297,0
3.33414,-1.01249,0
-0.39268,0.04909,0
0.11013,1.04283,0
1.73907,0.86335,0
2.44129,-0.1748,0
-0.22309,-1.12308,0
1.28101,-0.36398,0
1.26165,-0.12552,0
2.01486,0.60943,0
2.28381,0.52101,0
-0.3095,-0.33767,0
-0.1202,-0.71087,0
1.50567,-0.12447,0
0.41954,-1.13526,0
2.87578,-0.94845,0
0.79664,-1.06052,0
3.19454,-0.15939,0
0.76757,-0.58891,0
2.05133,-0.70416,0
-0.42393,1.14337,0
2.30778,0.49079,0
0.10564,-1.08296,0
1.13896,1.17455,0
-0.24472,-1.05079,0
0.24645,1.16083,0
2.67135,0.49678,0
1.38611,0.47284,0
-0.197,1.00041,0
0.57905,1.08744,0
0.44149,-0.82727,0
0.12442,0.01295,0
3.47478,0.95503,0
2.34281,-0.04154,0
0.81845,-0.36714,0
2.73261,-1.23699,0
1.75758,0.00105,0
-0.4011,-0.53681,0
3.10814,-0.28926,0
0.58978,0.29685,0
2.33767,-1.09528,0
1.41952,-1.17577,0
2.12185,1.10438,0
3.47612,-1.24076,0
3.07938,-0.88371,0
-0.27626,0.09943,0
0.50736,0.49093,0
1.25543,-1.23994,0
0.26241,0.11008,0
1.21578,-1.05343,0
2.39066,0.28941,0
1.83561,-0.33607,0
2.1458,0.55626,0
-0.37977,0.58341,0
2.68001,-1.02726,0
-0.35405,-0.69562,0
2.68099,-0.92011,0
0.05247,-1.18746,0
1.93142,0.34012,0
3.23248,0.8093,0
1.57294,0.18262,0
1.12963,-0.54716,0
3.34126,-1.0329,0
0.12103,-0.32938,0
0.87718,0.37171,0
0.64824,0.91543,0
-0.34065,-0.3929,0
2.36357,0.2039,0
0.05872,-0.65999,0
0.80584,0.17245,0
2.73776,0.60433,0
1.96191,-0.66658,0
1.48439,0.02736,0
2.96235,-1.15342,0
3.15977,0.98599,0
3.46065,-1.12671,0
0.50809,-0.33379,0
1.09309,-0.0064,0
0.73013,0.88822,0
2.06901,-0.57589,0
1.3663,-0.33229,0
2.9765,0.31718,0
2.65441,0.20008,0
0.30588,0.36783,0
-0.04157,0.16146,0
2.07063,-0.64838,0
3.02963,0.1964,0
0.08405,-1.05816,0
0.40655,-0.10794,0
3.04603,0.64499,0
2.27644,0.5682,0
0.72837,-0.85827,0
2.47558,-0.22364,0
1.24785,-0.02509,0
2.7224,0.20193,0
-0.05432,0.23869,0
3e-05,1.19397,0
2.26691,0.39288,0
2.75395,0.17788,0
-0.10599,0.15565,0
1.83168,-0.34453,0
3.48764,1.1944,0
2.48824,1.04987,0
0.72499,-0.18934,0
-0.24271,-0.89575,0
2.57786,-0.01607,0
0.64156,1.05797,0
3.19369,1.21365,0
1.30899,0.38462,0
0.82149,0.34782,0
-0.37333,-0.93772,0
0.88791,0.00497,0
0.56323,0.63982,0
0.44426,0.8737,0
0.8808,-0.98367,0
3.21381,0.53459,0
0.60598,0.90358,0
0.87054,-0.05879,0
2.65395,0.4677,0
-0.10187,-0.48336,0
2.9324,0.19789,0
-0.14643,1.21373,0
1.40439,0.67984,0
3.02927,0.52824,0
-0.29,-0.94456,0
2.63095,1.10305,0
0.73836,0.26659,0
2.54739,0.986,0
2.77805,-0.38997,0
0.09878,1.18289,0
-0.21799,0.75565,0
1.48031,1.23308,0
-0.1278,-0.82585,0
0.99216,-0.21103,0
0.4053,-0.66747,0
-0.28008,-0.45576,0
0.09402,0.36592,0
-0.05526,1.17306,0
3.08916,-0.85493,0
0.68153,-0.59281,0
2.91481,-0.3814,0
-0.27192,-0.83023,0
1.24435,0.38712,0
1.59902,0.61946,0
0.12594,-1.14032,0
3.40207,-0.64887,0
0.9077,0.39861,0
2.49095,-1.19356,0
3.30038,-0.09283,0
0.00518,0.67751,0
0.24832,0.88145,0
1.99693,-0.70505,0
3.27781,0.85279,0
3.27178,0.23006,0
1.57037,-1.12347,0
0.14682,0.88543,0
2.1862,0.23566,0
3.47529,1.10049,0
0.85996,-0.78191,0
3.38313,0.99405,0
1.28522,-1.10344,0
2.74945,-1.09972,0
1.3769,1.18357,0
3.03468,-0.02443,0
2.76932,0.69323,0
3.11574,-1.16479,0
2.03635,-0.79018,0
0.35745,-1.12526,0
0.96003,-0.4328,0
1.95141,-1.00311,0
0.74653,0.27659,0
2.74438,-0.09709,0
2.74894,0.07702,0
0.58655,-1.08021,0
0.06243,-0.11365,0
0.95488,0.45114,0
-0.34144,1.013,0
0.04569,0.21582,0
0.93241,-0.68819,0
1.68551,-0.82923,0
1.14526,1.2057,0
2.43155,-0.41422,0
1.60051,-1.14414,0
3.42445,-0.49171,0
1.55986,-0.00701,0
1.32328,0.77325,0
0.17153,-0.13541,0
0.79778,1.12458,0
2.66164,0.51347,0
1.09604,1.02411,0
1.01167,-0.35462,0
-0.37987,0.33227,0
2.66098,-0.91616,0
1.69093,-0.95698,0
-0.27646,-0.18976,0
2.15919,-0.97255,0
3.43251,-0.23306,0
2.18165,0.0535,0
0.99617,0.85378,0
0.14833,0.39218,0
2.51177,0.03231,0
2.46119,-0.13424,0
2.88892,0.43928,0
0.20349,0.852,0
1.58871,0.62215,0
2.8111,-0.22037,0
2.90776,0.54019,0
2.75113,-0.45125,0
1.5655,1.14737,0
3.19577,0.77367,0
2.1035,0.5797,0
3.28454,0.59044,0
0.38265,0.24912,0
2.47138,-1.21821,0
2.90531,-0.43696,0
-0.18001,0.12888,0
3.26499,-0.72568,0
1.77016,-0.18611,0
0.66348,-1.18113,0
-0.41571,0.04665,0
2.9923,1.15217,0
-0.05563,0.60826,0
0.49592,0.23513,0
1.56547,0.90829,0
-0.12103,-1.20666,0
2.06345,0.0816,0
1.64589,-0.97565,0
1.98149,-0.55185,0
0.15555,-1.22339,0
3.11364,0.26081,0
1.52402,-0.62974,0
3.25902,0.88462,0
0.24189,-0.1759,0
1.38294,-0.81436,0
2.70899,-1.14461,0
-0.36983,-0.88783,0
3.36535,1.17315,0
0.25049,-0.02287,0
1.83152,0.11284,0
0.93897,-0.52649,0
3.00821,-0.17343,0
1.90492,0.24982,0
2.81012,-0.73531,0
2.42643,-0.59395,0
1.41603,-0.89185,0
-0.16409,-0.25944,0
0.23924,0.96774,0
-0.22757,0.87738,0
1.74094,-0.9019,0
1.63543,-0.5399,0
2.54732,0.28645,0
3.00958,0.18008,0
0.82519,-0.10472,0
2.2958,-1.23733,0
-0.08622,-1.18192,0
1.59073,-0.89988,0
-0.23502,-1.23829,0
2.4782,0.2439,0
2.93379,1.15264,0
1.91814,-0.35034,0
-0.45305,0.64105,0
2.85084,0.24724,0
-0.02224,0.29832,0
-0.17696,-0.98285,0
-0.38329,0.50089,0
1.33171,-0.60733,0
1.78931,-0.57445,0
2.68022,-1.22276,0
0.50395,-0.3171,0
2.2187,0.83999,0
1.39064,0.82041,0
3.02096,-0.11619,0
-0.03459,0.96547,0
-0.17162,-0.04278,0
2.651,1.18142,0
1.08227,0.84651,0
2.1546,-1.22676,0
1.41026,-0.36316,0
0.60873,-0.1745,0
2.18994,0.85992,0
1.90666,0.01969,0
-0.42237,0.94424,0
3.40723,0.17159,0
3.18924,-1.09866,0
1.02424,-0.40899,0
0.06445,0.3727,0
2.11019,-0.79189,0
0.79535,0.16289,0
-0.21517,0.48299,0
0.85388,0.50339,0
0.04279,-0.45293,0
3.0278,-0.06966,0
2.65441,-0.43271,0
-0.37059,-0.49469,0
1.49563,-1.23173,0
2.25087,-0.57231,0
2.02695,-0.79684,0
3.20611,-0.85462,0
2.69032,-0.9324,0
2.08335,-0.7596,0
0.03082,0.54545,0
0.01521,-0.54439,0
2.08701,-0.49544,0
3.2379,0.55419,0
1.12787,-0.477,0
1.39187,-0.87164,0
0.50643,0.75499,0
-0.18534,0.76625,0
0.29498,1.13893,0
0.43557,-0.01645,0
3.00358,0.48269,0
0.92384,-1.10275,0
2.71762,-0.60779,0
-0.0008,-0.5158,0
1.81479,0.74573,0
-0.21781,0.30501,0
1.41776,0.28182,0
2.49491,-0.38249,0
3.08198,-0.73088,0
1.37019,-0.7552,0
-0.493,1.04052,0
3.28022,-0.68032,0
0.39051,-0.93143,0
2.64574,-0.76388,0
3.46406,-0.84976,0
3.03456,0.63478,0
2.66787,1.0567,0
0.5406,-0.65723,0
0.5376,-0.87569,0
1.59598,-1.02887,0
-0.23138,0.77234,0
2.51697,0.91651,0
2.00799,-0.64102,0
3.13747,-1.19083,0
3.30373,-0.89132,0
2.75615,0.86329,0
0.29924,0.4367,0
0.19255,-0.71474,0
0.43297,-1.10704,0
1.58131,-0.32881,0
-0.12677,1.2096,0
1.18949,-0.85924,0
3.03772,0.01649,0
-0.13313,0.90228,0
3.42205,-0.12827,0
-0.44643,0.58175,0
1.94079,-0.49556,0
2.57437,-0.53725,0
-0.48862,-0.73891,0
0.52459,0.33933,0
2.63303,-0.8968,0
1.92763,0.05904,0
0.28773,-0.00149,0
1.36879,1.11683,0
0.22354,0.94025,0
1.1676,-1.1136,0
-0.24609,-0.89277,0
1.88967,-1.04414,0
2.78068,-0.95638,0
2.18268,-1.13365,0
2.1006,0.74642,0
1.54351,0.06249,0
1.91728,0.68439,0
2.07854,0.84475,0
0.36863,-0.49698,0
2.66486,-0.75058,0
1.86832,-0.01542,0
2.28403,-0.11577,0
1.49612,0.81042,0
1.33913,0.48508,0
3.40155,0.72575,0
0.23224,0.67379,0
2.044,-0.84678,0
0.59324,-0.55521,0
0.25092,-0.18278,0
0.15158,-0.33125,0
1.98135,-0.5041,0
2.29397,0.24771,0
1.62295,-0.59179,0
3.32789,0.19994,0
0.10424,0.04658,0
1.33285,-0.4219,0
2.79467,1.17244,0
0.96768,-0.15292,0
2.4248,0.99728,0
-0.08196,0.60019,0
2.1033,-0.17982,0
1.22746,0.67013,0
0.36641,-1.10136,0
-0.15878,-0.87037,0
-0.27765,-0.81112,0
-0.10567,0.52343,0
2.55383,-0.21671,0
2.36053,-1.19879,0
0.6008,1.09301,0
1.27,0.78602,0
2.35206,0.98178,0
-0.24935,0.28348,0
-0.44004,0.897,0
1.793,-1.04528,0
2.13162,0.35086,0
1.48415,1.09287,0
0.26786,0.43188,0
2.39102,0.74291,0
0.04657,-0.88208,0
-0.42709,0.45076,0
2.75992,0.92387,0
3.27701,-0.1946,0
2.35531,0.7456,0
3.13567,0.34697,0
-0.44655,0.09268,0
1.20492,0.5441,0
0.448,-0.88841,0
1.18384,-1.01433,0
1.75265,-1.13916,0
0.49663,0.32788,0
3.15288,-0.39244,0
2.30821,0.69618,0
2.14412,-0.64642,0
0.71346,0.77894,0
1.0789,-1.19228,0
1.1684,-0.65137,0
1.83831,1.12328,0
2.47625,-0.65931,0
0.64629,0.72485,0
2.78082,0.34711,0
1.42685,1.01504,0
2.32543,0.79097,0
2.01319,0.54198,0
2.29514,0.40656,0
1.94481,0.20787,0
-0.12869,-0.53185,0
1.0712,0.24503,0
1.35561,-1.24738,0
0.09403,0.28179,0
3.29055,-0.24455,0
2.8177,0.81827,0
3.00826,-0.05078,0
0.44312,0.68476,0
2.80656,1.14852,0
1.46504,1.16352,0
0.86566,-1.05302,0
3.06543,0.68907,0
1.66813,-0.63861,0
2.45845,-0.2429,0
0.9071,-0.19289,0
2.37619,1.02687,0
3.48401,-0.20702,0
3.36814,0.59664,0
3.2819,0.47919,0
3.37516,1.02857,0
0.47724,0.016,0
3.41034,-0.375,0
1.76824,0.69662,0
0.94708,-0.17876,0
1.87628,-0.35597,0
1.79589,-0.63231,0
3.27638,-0.42753,0
2.71068,-0.07591,0
2.86843,0.77931,0
1.30373,-0.12338,0
0.49158,-0.50847,0
0.13991,0.21712,0
3.41015,-1.17228,0
-0.45417,-0.88978,0
3.02773,0.37208,0
1.34614,-0.21891,0
1.92649,-0.32113,0
1.21462,-1.16053,0
2.67449,-0.98336,0
0.89158,0.88949,0
0.43083,0.62669,0
1.87585,0.72567,0
1.63612,0.84973,0
2.25071,-1.10639,0
0.46097,-0.91645,0
1.03139,-0.34313,0
0.09831,0.26377,0
0.95841,-1.16742,0
2.85014,-0.52659,0
1.05119,-0.68605,0
2.1576,-0.32111,0
2.79668,-1.00199,0
-0.2495,-0.41238,0
-0.33262,0.37684,0
1.13566,0.6185,0
2.16241,-0.09638,0
2.14285,-0.89155,0
1.34536,0.25805,0
1.88826,0.68132,0
0.91792,-0.41814,0
1.27251,-0.13545,0
0.58693,1.02678,0
2.50891,1.20489,0
0.91338,0.96467,0
0.65566,0.01208,0
1.39469,0.12374,0
3.19701,0.4278,0
2.28102,0.09886,0
3.36217,1.21906,0
3.36257,0.94789,0
2.88048,0.65917,0
-0.25626,-1.16668,0
2.695,0.91064,0
3.22472,-1.21053,0
2.61681,0.9577,0
1.74894,0.61227,0
0.90914,-0.48078,0
-0.16506,0.88908,0
1.42375,0.01637,0
0.41835,-0.97167,0
-0.34643,-0.64086,0
1.83144,-0.78879,0
-0.42759,0.92099,0
0.52746,1.06367,0
0.19003,0.77272,0
1.60953,0.82805,0
3.29481,-0.01278,0
2.46606,1.23228,0
0.47709,-0.9936,0
2.42777,-0.32402,0
1.86702,0.60853,0
1.55935,-0.91217,0
3.14222,0.74066,0
2.55217,-0.45827,0
-0.12503,-0.57727,0
-0.19845,1.1646,0
1.35216,-0.25796,0
1.73911,-0.9764,0
1.03338,-0.22984,0
0.42253,-0.0098,0
2.352,0.22884,0
0.69084,-0.25699,0
2.22599,0.70778,0
-0.36115,-0.88841,0
3.22874,-0.38587,0
1.45495,-0.14353,0
3.06184,0.3627,0
3.44233,0.54145,0
2.03588,0.09768,0
2.79304,0.5216,0
-0.08218,0.53199,0
-0.10368,0.56559,0
1.0162,0.80758,0
2.77562,0.26346,0
0.60055,0.41906,0
-0.14768,-0.06,0
1.96576,0.92624,0
1.80618,-1.08267,0
0.42048,-0.21108,0
1.24564,0.53522,0
0.04528,0.68741,0
1.76487,1.1253,0
2.57791,-0.76942,0
0.52009,0.34825,0
-0.25019,-0.16878,0
2.72552,0.78571,0
2.69643,0.68859,0
1.75234,-0.3633,0
0.5412,-0.36372,0
-0.33312,0.77625,0
0.52019,-0.55706,0
-0.02004,0.70301,0
1.63566,0.43729,0
0.55865,-0.03288,0
0.75042,-0.72419,0
1.97369,-0.14438,0
1.96904,-0.72265,0
1.38531,0.75965,0
0.25881,-1.10188,0
1.92944,0.27847,0
0.30961,0.16101,0
2.55321,-0.64741,0
1.3102,0.92789,0
-0.33647,-0.43151,0
0.42241,1.18744,0
2.33119,1.15523,0
2.06348,0.36232,0
3.36811,-0.89361,0
0.37982,0.49919,0
3.09112,0.05394,0
2.53387,-1.03542,0
1.03696,-0.86465,0
2.87094,0.41528,0
1.33416,-1.05692,0
0.87919,-0.613,0
-0.1196,0.29392,0
0.86818,-0.96885,0
3.48826,-0.83297,0
2.65174,0.76489,0
1.14274,1.05683,0
3.35513,-0.88494,0
3.24304,-0.33019,0
1.74812,-0.35259,0
2.78514,0.43645,0
2.86697,-1.19759,0
2.15895,0.78173,0
2.59859,-0.72412,0
1.4488,-0.11595,0
1.91066,0.451,0
0.95698,0.53038,0
2.25207,-1.07208,0
-0.09971,-0.86396,0
3.14827,1.0221,0
0.2567,-0.51743,0
0.14751,0.69519,0
2.96317,-0.40575,0
0.80464,-1.18337,0
1.29477,1.14874,0
-0.14709,0.33864,0
2.98675,-0.97822,0
-0.22277,-0.68436,0
1.6034,0.35718,0
2.46919,-0.71985,0
2.55211,0.09724,0
0.25494,-0.32437,0
1.4347,0.24966,0
2.10929,1.24451,0
1.24489,0.07693,0
-0.4196,0.165,0
0.61552,0.6028,0
0.2509,-0.98284,0
1.10931,0.55477,0
0.56966,0.73496,0
1.4146,1.17502,0
0.007,0.96064,0
0.24162,-0.57222,0
1.25051,-1.1949,0
2.53823,-0.00353,0
0.23828,0.6254,0
3.0681,0.24213,0
0.79673,-0.36708,0
2.56716,0.83276,0
2.17115,-0.32843,0
3.34245,-0.65782,0
1.28549,1.07834,0
0.96846,0.0429,0
0.1823,1.15809,0
1.88212,0.61754,0
-0.35378,0.00628,0
3.16843,0.09003,0
-0.32134,0.42244,0
3.10394,-0.11077,0
0.72975,0.04347,0
3.18028,-0.98255,0
1.6358,-1.01019,0
1.44991,-0.73391,0
3.20387,0.67181,0
0.16604,-0.19326,0
0.45217,-0.91348,0
1.13264,-0.88199,0
0.17315,0.27627,0
1.82215,-0.19206,0
1.61412,0.02376,0
2.30431,-0.50204,0
3.44742,-1.11957,0
1.72052,0.29709,0
-0.19015,0.57652,0
1.15951,-1.04107,0
3.0144,1.18269,0
0.07536,-0.9606,0
-0.07457,0.98069,0
1.09347,-1.09067,0
0.9252,1.21452,0
2.46753,-1.20186,0
-0.43083,-0.14437,0
2.17271,-0.88235,0
3.33627,-0.25875,0
2.84386,-0.97527,0
0.7036,-0.51724,0
0.8594,-0.60333,0
2.26978,0.16905,0
1.89632,-1.04473,0
2.77585,0.14028,0
2.02926,0.38139,0
0.5797,1.23585,0
0.55546,-1.09061,0
2.27084,0.16869,0
0.79088,0.09521,0
1.40538,-0.24048,0
0.72899,0.82319,0
2.97115,0.23242,0
1.30763,-0.02082,0
1.99317,1.08798,0
1.91456,0.21019,0
0.6333,-0.11363,0
2.27377,0.62687,0
2.96292,0.44717,0
0.39487,-0.18515,0
1.76648,0.14803,0
0.74972,-0.9064,0
0.43577,-0.36816,0
0.67389,-0.52781,0
2.70344,0.19087,0
2.07058,0.27697,0
2.485,0.68441,0
2.46945,-0.2417,0
0.19516,1.01614,0
2.28111,0.6793,0
-0.34187,0.56584,0
0.03981,-0.27641,0
1.85326,-0.98368,0
2.33934,0.18383,0
0.41314,-0.92575,0
-0.09567,0.6076,0
1.32514,0.52643,0
3.10422,1.08681,0
-0.06494,-0.56472,0
1.36712,1.22349,0
3.3506,1.07511,0
2.29793,-0.23615,0
1.22143,-0.04077,0
0.42164,-1.19944,0
1.41276,0.99465,0
3.03303,-0.03931,0
2.4946,-0.73589,0
3.30307,1.19511,0
-0.15092,0.59344,0
1.50207,-0.37289,0
1.4988,0.58112,0
2.84087,0.00837,0
2.05019,0.20109,0
1.91895,-0.64179,0
1.95267,0.99835,0
2.33745,-1.0364,0
3.04533,1.14956,0
2.38652,0.991,0
1.09185,1.00298,0
1.35754,0.94774,0
1.59417,-0.67446,0
3.32582,0.33493,0
1.14322,-0.28255,0
2.2054,0.85372,0
3.21747,-1.15747,0
0.25734,-0.90561,0
0.54549,-0.50673,0
0.86966,0.95015,0
3.35471,-0.94002,0
2.80539,-0.744,0
-0.06276,-0.98589,0
2.59418,1.03383,0
-0.40373,-0.66574,0
1.36806,-0.5503,0
-0.12165,0.43497,0
0.75092,1.18172,0
3.11864,0.53501,0
1.59096,-1.18248,0
3.18106,-0.58704,0
2.26344,0.93117,0
-0.36218,0.15742,0
1.75863,0.17761,0
2.21648,0.38486,0
1.4437,1.0838,0
-0.12005,1.15951,0
-0.06405,-0.29397,0
1.92936,0.14889,0
-0.47884,0.00049,0
0.01085,0.80796,0
2.03541,0.48376,0
0.465,0.16553,0
-0.41585,0.52403,0
1.58041,0.371,0
2.19312,0.58174,0
2.7692,-0.73091,0
0.14809,-0.08142,0
1.8233,0.58209,0
2.97083,-1.11587,0
0.24878,0.60767,0
2.7179,-1.06436,0
3.28051,-1.05419,0
2.91609,1.03098,0
0.50179,0.4617,0
2.96066,0.83993,0
1.78696,-0.20968,0
1.71539,0.75293,0
1.89638,-0.02214,0
1.63155,-1.0759,0
2.34094,-0.07143,0
-0.16379,0.73541,0
3.23166,-0.65509,0
-0.4896,0.33103,0
0.36996,1.02413,0
-0.09433,-0.15732,0
1.31142,-0.47663,0
0.49054,-0.16989,0
3.16288,-0.18069,0
-0.24807,-1.03831,0
0.29875,0.2611,0
2.27511,-1.14089,0
-0.37211,0.86218,0
3.07517,-0.55082,0
1.81914,1.18992,0
2.57123,-1.03842,0
-0.34793,0.57467,0
0.51709,-1.08514,0
2.8579,0.50499,0
1.55087,-0.02256,0
3.34052,1.1354,0
2.08557,1.079,0
2.61589,0.02534,0
3.18623,0.3909,0
2.63822,-0.58486,0
-0.3128,1.14658,0
0.84094,-0.92731,0
2.51284,0.2738,0
0.87715,-0.11393,0
3.30034,-0.18873,0
-0.15469,-1.22824,0
3.38324,0.187,0
1.52207,-0.07539,0
2.72632,-0.24048,0
0.81661,0.56132,0
2.99288,1.07559,0
1.53679,-0.00119,0
-0.02659,-0.89546,0
3.23301,0.69457,0
0.81623,1.16784,0
2.07524,0.16806,0
0.45769,1.00156,0
0.57901,-0.13912,0
0.11091,0.60723,0
2.35088,0.51882,0
0.55267,-0.4918,0
2.58517,0.39292,0
-0.20738,0.2787,0
0.65908,-0.61031,0
-0.04119,1.04899,0
0.64358,0.05263,0
0.10049,0.69084,0
-0.12615,-1.12861,0
2.78346,-1.09589,0
2.24472,-0.88221,0
0.30522,0.29906,0
1.41208,0.85083,0
1.13108,0.5126,0
0.55203,0.93565,0
1.29496,0.36322,0
1.23029,-0.0723,0
2.56871,0.62627,0
0.89216,1.0285,0
0.25429,0.91166,0
3.30508,-0.29692,0
1.99096,0.55382,0
1.68172,0.9342,0
0.65437,1.02657,0
-0.4653,-0.45134,0
1.08368,0.61357,0
2.95241,0.48368,0
2.88613,0.84735,0
2.02091,-0.04837,0
2.15975,-0.44668,0
3.06221,-0.22075,0
1.71492,-0.63967,0
-0.00798,1.16874,0
2.08684,-0.60568,0
3.21653,-0.99631,0
3.17162,-0.5931,0
1.91737,0.71673,0
0.57232,0.58805,0
3.42636,-0.34975,0
0.38404,0.50066,0
1.33585,0.13379,0
2.20624,0.53797,0
2.37488,0.54135,0
2.93901,-1.21653,0
3.27638,-0.11873,0
0.17056,-1.10885,0
1.99933,0.38883,0
0.88926,0.14691,0
-0.42891,0.17512,0
3.09248,-0.25978,0
2.74983,0.67346,0
0.6365,-0.8389,0
0.29382,0.25119,0
0.24648,-1.18217,0
1.12817,-0.98349,0
2.57959,-0.40046,0
2.87947,-0.63168,0
1.78711,0.30822,0
-0.32752,-0.84187,0
2.19739,0.4311,0
2.60221,-1.11319,0
2.52132,-0.30447,0
0.83864,-0.14072,0
0.44554,1.18705,0
2.35163,1.19598,0
1.20021,-0.64834,0
1.50494,-0.12647,0
0.9391,-0.04718,0
0.8122,-0.89818,0
0.45846,-0.3523,0
0.82922,0.94203,0
2.33557,1.01992,0
1.59561,0.73067,0
0.82618,-0.58377,0
1.44482,0.86545,0
0.94701,-1.13574,0
0.31296,-1.00931,0
0.18049,-0.33202,0
2.59579,0.62377,0
3.04527,-0.12404,0
0.76235,-0.03563,0
2.52772,-0.08201,0
-0.23728,1.15563,0
0.42203,-0.34758,0
2.80123,0.32295,0
0.5851,0.07007,0
-0.19363,1.06946,0
2.69914,-0.16296,0
2.21708,-0.97518,0
-0.06314,-0.58959,0
1.59401,-0.35907,0
1.12514,-1.0315,0
1.36623,-0.26941,0
0.71354,-0.73355,0
0.82484,0.29227,0
3.49955,0.02362,0
1.13115,0.39406,0
2.27152,-0.04236,0
0.31487,-0.35333,0
0.59957,-0.1837,0
1.52522,1.03818,0
2.526,0.74886,0
0.11328,1.06869,0
2.04279,-0.1717,0
0.29171,1.14291,0
3.15218,0.08011,0
0.52991,0.05789,0
2.12073,1.2425,0
2.80548,0.56561,0
1.82441,-0.20031,0
-0.36177,0.91475,0
2.7577,-0.0647,0
3.35813,0.40368,0
0.58952,1.13171,0
1.77245,0.47545,0
2.28388,0.23344,0
1.82525,1.23774,0
-0.10251,0.26316,0
1.4378,0.47175,0
0.27901,0.8005,0
2.98118,0.64944,0
0.28494,-1.22691,0
1.74807,-0.55355,0
2.79633,-0.76069,0
0.19243,1.18451,0
0.07032,-1.20126,0
3.25549,0.7617,0
-0.30224,0.51269,0
0.73872,-0.64199,0
3.11585,1.03513,0
-0.3299,0.80087,0
0.59016,0.64119,0
1.78797,1.03274,0
2.04029,1.24285,0
1.88977,0.35252,0
-0.0578,-1.22055,0
3.37787,0.10471,0
-0.41414,0.3409,0
2.19245,0.1616,0
-0.47208,0.82002,0
1.46256,-0.04145,0
3.22694,0.65064,0
-0.43922,-1.01046,0
1.82845,0.70958,0
1.70024,1.08854,0
3.25186,1.18528,0
1.69897,-1.06445,0
0.87418,-1.10079,0
0.32471,0.00426,0
0.81448,0.28281,0
-0.15329,0.29502,0
2.09965,-0.62222,0
2.31894,-0.96306,0
0.65783,0.50814,0
2.48131,-0.09897,0
0.86295,-0.22182,0
1.88643,-0.86285,0
1.77346,0.76717,0
0.8424,-0.25129,0
3.02073,0.1737,0
3.01146,0.9139,0
2.31322,-0.85394,0
3.43076,-0.15965,0
0.90274,-0.80497,0
0.68474,0.23374,0
1.56139,-0.09062,0
1.10473,-0.6744,0
3.00778,-0.25127,0
-0.41747,-1.08069,0
3.03801,0.29362,0
0.69766,-1.07048,0
-0.03404,-0.72389,0
1.39655,-0.4633,0
2.68273,0.14182,0
3.06161,1.01762,0
1.69513,-0.5915,0
1.66165,-0.26244,0
-0.35143,0.75725,0
2.37658,0.92827,0
2.93901,-0.21416,0
1.60926,0.86763,0
-0.03181,0.06968,0
1.5151,-0.75081,0
3.42996,1.22499,0
3.10928,-0.35194,0
0.05697,-1.08577,0
0.01611,0.46203,0
0.15504,-0.81946,0
1.85154,-1.1825,0
0.81613,0.59508,0
2.93544,0.2728,0
0.51259,-0.12575,0
1.99545,0.91975,0
1.99509,0.98851,0
0.63188,-1.03564,0
0.68153,0.61192,0
-0.07503,0.75877,0
-0.41118,0.5485,0
2.43761,-0.11821,0
1.86143,0.59986,0
2.82525,0.88382,0
2.40746,0.82524,0
-0.45855,-0.91341,0
-0.30133,-0.96018,0
2.83873,-0.88319,0
1.71333,-0.50821,0
1.16655,0.99375,0
1.81449,-0.89161,0
1.74898,-0.85443,0
3.27876,-1.09124,0
1.92214,-0.44896,0
1.18128,0.72782,0
2.79055,0.82012,0
0.33591,-0.62066,0
3.08401,0.14999,0
2.07896,0.35387,0
-0.47208,-0.95185,0
-0.14348,-0.22374,0
1.77589,0.69479,0
1.74598,-0.50745,0
1.8443,-0.82183,0
3.07872,0.77268,0
1.96771,0.41173,0
1.79584,0.54017,0
1.16909,-0.85231,0
0.78647,-0.08236,0
1.67264,1.16373,0
-0.2941,-0.48183,0
-0.29988,-1.12756,0
3.14221,0.8717,0
-0.46287,0.3638,0
-0.24705,0.56482,0
2.18752,-0.39095,0
2.98915,-0.79302,0
2.93083,1.04086,0
0.07669,-0.47453,0
2.62313,0.32457,0
1.09084,-0.16252,0
-0.21431,-0.43937,0
1.10103,0.15882,0
3.44181,-1.10237,0
2.1531,-0.04017,0
0.14046,0.00089,0
1.20038,1.03183,0
-0.13706,-0.58392,0
3.13223,0.03986,0
2.16456,-0.41067,0
1.16708,-1.13941,0
2.34958,-1.20898,0
3.4218,-0.69364,0
-0.07869,1.06166,0
0.3967,-1.144,0
1.46734,1.05048,0
-0.29086,0.83451,0
2.68443,0.36824,0
2.1068,0.72962,0
2.91085,-0.37837,0
2.5305,-0.32952,0
3.40873,-1.1688,0
3.46208,0.20719,0
2.02419,-0.83015,0
2.96911,-1.15896,0
0.37065,0.13864,0
1.7662,0.65047,0
1.562,0.07789,0
1.33932,-1.15897,0
0.35862,0.18763,0
1.41267,0.54718,0
2.18848,0.37474,0
0.77232,-0.71439,0
-0.20524,-0.30687,0
1.47102,0.46475,0
0.17189,0.08189,0
-0.16551,-0.85112,0
-0.10736,0.7933,0
1.61718,-0.51983,0
1.02227,1.16179,0
-0.08252,-0.01183,0
2.86643,-0.20313,0
0.38855,-0.55366,0
2.45085,0.59369,0
0.24832,0.52462,0
0.33534,0.21378,0
2.59686,-0.51202,0
2.57575,0.75553,0
-0.47141,0.10975,0
3.26213,0.80857,0
2.68935,1.16599,0
2.37627,-0.8712,0
0.4133,-0.39132,0
1.42659,-1.17697,0
2.99425,1.18557,0
2.91604,-0.63899,0
2.38345,0.53909,0
2.17245,1.22959,0
1.96841,-0.83358,0
2.88315,0.51572,0
2.90329,-1.13734,0
1.4842,0.3234,0
0.75551,-0.25873,0
2.94238,-0.25029,0
1.76635,0.65803,0
1.52715,0.63117,0
3.00345,0.97886,0
2.74695,-1.17763,0
0.48537,0.55747,0
2.18497,0.61555,0
2.15557,-0.35947,0
-0.23611,-1.16009,0
2.93,-0.6993,0
-0.2354,-0.53149,0
3.40385,0.9585,0
2.05388,1.09077,0
-0.49745,1.01435,0
-0.10213,-0.1516,0
0.65496,-1.0904,0
3.3457,-0.57811,0
0.72727,-0.61081,0
1.39872,-0.17131,0
1.03175,-0.93358,0
3.08216,-0.0189,0
0.56034,-0.9778,0
1.07527,0.69133,0
1.17321,1.16519,0
2.0699,0.10401,0
1.98942,0.64525,0
0.85306,-0.4982,0
2.86867,0.69835,0
0.17901,-0.62619,0
2.317,-0.86716,0
1.88789,-1.24129,0
0.4614,0.56596,0
0.15107,1.20872,0
3.04157,-0.62073,0
2.265,0.76823,0
3.39468,-0.38265,0
1.17473,0.69479,0
-0.18195,-0.22506,0
1.1301,-1.15579,0
0.66534,0.1676,0
2.72091,-0.36679,0
1.82265,-0.55388,0
1.59608,-0.31698,0
0.10347,1.24113,0
0.89709,0.93061,0
-0.1844,0.95648,0
0.46054,-0.05003,0
-0.17077,-0.05837,0
3.14206,0.63164,0
0.34308,0.07027,0
0.36809,-1.10678,0
2.09759,0.47127,0
0.91678,0.33935,0
3.44027,-0.13159,0
0.95294,-0.82515,0
-0.18029,-0.96155,0
1.38294,0.11018,0
2.61949,-0.36937,0
-0.45133,1.20944,0
0.08419,-0.97718,0
0.67772,-0.35811,0
2.97988,-0.77341,0
1.02642,0.78614,0
0.74658,0.1985,0
1.30875,0.33722,0
1.54664,0.21709,0
2.18051,0.13366,0
1.74675,-0.59471,0
-0.43486,-1.16865,0
1.34274,-0.83056,0
1.85139,0.67676,0
3.21699,-0.14,0
2.43662,0.83877,0
2.15763,0.7445,0
1.46553,-1.16486,0
-0.44998,-0.91219,0
2.28639,-0.38332,0
1.36411,0.97151,0
0.67423,-0.12143,0
0.98503,1.13239,0
0.90917,0.73773,0
2.18309,-0.88366,0
1.94915,0.91705,0
2.31598,-1.00578,0
2.47691,0.94511,0
-0.19458,0.08546,0
2.95244,1.16968,0
3.23832,-1.13848,0
-0.02835,1.17227,0
-0.41908,-1.23386,0
0.44415,-0.78707,0
0.18183,-1.062,0
2.71343,0.06864,0
1.89481,-0.78369,0
2.71007,-0.7132,0
-0.27788,0.03304,0
1.29039,0.97529,0
1.10703,1.18135,0
3.21127,0.52395,0
3.09327,1.23269,0
1.8223,-0.29264,0
0.24722,-0.60642,0
1.06758,0.41974,0
2.74237,-0.37701,0
-0.41464,-0.11346,0
0.526,1.08707,0
2.27409,-0.71876,0
0.2972,1.23226,0
0.25766,-0.86236,0
1.96973,-0.51011,0
1.1992,0.83514,0
-0.33581,-0.90668,0
1.82871,0.15663,0
0.06024,0.25345,0
1.04038,-0.34238,0
3.49903,0.69179,0
2.48064,1.1227,0
0.43524,-0.63136,0
2.09369,0.94866,0
1.80101,-0.48179,0
1.88757,-0.02064,0
2.17962,1.01621,0
0.86726,0.2526,0
1.85764,-0.803,0
0.6599,-0.48568,0
2.6016,-0.77093,0
2.15424,-0.9851,0
1.47585,1.14024,0
0.83507,0.81088,0
0.30417,-0.06171,0
3.21399,0.55273,0
0.03908,0.07902,0
2.76932,0.05599,0
0.47716,-0.53224,0
3.15309,-0.94767,0
2.73022,1.1213,0
3.00964,-0.63788,0
-0.39787,-0.02318,0
0.71072,-0.63927,0
-0.14844,0.38803,0
0.88134,-1.06693,0
2.54778,-1.23323,0
0.15778,-1.13926,0
0.33001,0.65577,0
0.36959,1.0451,0
2.07009,-0.01813,0
1.45168,0.74853,0
2.46465,-0.71126,0
-0.07347,1.02116,0
3.18495,-0.83406,0
0.34985,-0.22506,0
1.95515,0.40844,0
0.66489,-0.92425,0
3.07146,-0.57443,0
-0.49232,0.9177,0
3.16557,-0.20722,0
-0.48322,0.52324,0
-0.1118,0.1411,0
0.46321,0.23831,0
2.52003,1.09766,0
1.51098,0.65879,0
2.17528,0.99399,0
2.78913,-1.19557,0
3.29889,-0.4481,0
1.84807,-0.8309,0
1.20548,0.50987,0
2.84777,0.91286,0
-0.17358,-0.13254,0
3.1633,-0.8333,0
-0.31177,-0.50261,0
3.03957,0.63033,0
2.09384,-0.37909,0
0.91944,0.16614,0
1.30992,1.03418,0
0.92293,-0.72798,0
1.52381,-0.29335,0
2.41719,-1.17343,0
-0.15426,0.2021,0
1.08792,0.76423,0
2.56258,0.78285,0
3.11892,-0.44945,0
1.38579,-0.3655,0
1.3052,0.57121,0
-0.4323,0.53855,0
0.02513,-0.02716,0
1.3809,-0.57368,0
2.03041,0.1239,0
3.3647,0.02587,0
0.46327,1.23379,0
1.02377,-0.45838,0
2.26933,0.83804,0
2.74245,0.41278,0
2.87277,-0.70676,0
3.19986,-0.29028,0
2.74465,-0.48915,0
2.98642,0.74791,0
1.76437,0.01951,0
1.99672,-0.2536,0
-0.00374,-0.54429,0
-0.38675,-1.22083,0
0.20071,-0.07001,0
2.49219,0.87657,0
0.97727,1.02608,0
3.25098,-0.786,0
0.98262,-1.18428,0
0.57402,0.68748,0
0.67071,0.96493,0
2.68741,1.11504,0
1.2331,-0.4244,0
3.39445,0.87958,0
3.04756,-1.04882,0
-0.46012,1.24608,0
0.0966,-0.09848,0
2.94744,1.19122,0
0.84915,-0.15857,0
3.11213,0.17184,0
-0.33816,0.30551,0
0.20828,-0.10676,0
2.93883,0.01517,0
1.85649,-0.06728,0
0.13838,-0.21656,0
2.56105,0.99858,0
0.22008,-0.65979,0
-0.44509,-0.1437,0
3.09189,-0.41041,0
1.18787,-0.46957,0
1.81344,-0.55839,0
2.43403,0.26436,0
2.81153,-0.00864,0
3.43621,-0.96312,0
1.26563,1.20666,0
2.53964,0.11753,0
0.17223,-0.77831,0
1.41347,-0.9943,0
3.27381,-1.13439,0
2.72375,0.30503,0
2.43875,-0.86028,0
1.88056,-0.42905,0
3.15496,0.28824,0
1.72714,0.20877,0
0.43117,0.15055,0
0.2273,0.90344,0
1.05892,1.07426,0
2.50042,-1.12622,0
0.04341,-0.05715,0
1.33318,-0.28483,0
0.99798,-0.74034,0
0.74575,0.98188,0
3.18721,0.40786,0
2.67327,-0.68684,0
0.98531,-0.72426,0
0.05265,-1.24411,0
0.21149,0.89079,0
0.23744,1.13249,0
1.22921,0.51837,0
2.47156,1.01795,0
0.4268,-0.9331,0
3.41486,-0.1908,0
0.00671,-0.03297,0
0.65707,-0.01722,0
2.82007,0.74643,0
1.83771,-0.28352,0
0.073,0.54889,0
2.20115,0.40843,0
1.57846,0.26765,0
3.34708,-1.17299,0
2.75523,0.78727,0
1.75415,0.06036,0
0.54343,0.94383,0
-0.0308,0.9277,0
0.19197,-0.56169,0
-0.36016,-0.64269,0
-0.4885,-0.92285,0
2.49432,-0.3031,0
0.82441,0.01747,0
1.19782,-0.63381,0
0.87917,1.00428,0
2.25776,-0.33318,0
3.00697,-1.12276,0
1.40301,1.06888,0
3.29455,-1.20248,0
1.04851,0.23485,0
3.46315,-0.80443,0
0.76821,-0.98686,0
2.13691,1.03605,0
-0.19891,0.22198,0
0.52848,1.04314,0
1.65873,0.55606,0
1.20452,1.09632,0
3.26664,-0.08928,0
1.00574,0.43656,0
3.09221,-0.17541,0
3.01171,1.09655,0
0.56642,-0.37443,0
2.08109,-0.84604,0
-0.15991,0.48772,0
0.55917,1.02511,0
1.718,1.01581,0
0.14714,0.90056,0
1.65386,1.07808,0
3.43241,-0.075,0
1.19771,0.56807,0
2.32654,-0.979,0
0.15802,1.20726,0
1.20418,0.86933,0
3.34752,1.18285,0
0.22818,-0.74943,0
-0.29708,0.5568,0
-0.06366,-0.76562,0
0.49224,-0.57156,0
3.03903,0.36884,0
-0.45736,-0.07446,0
1.30146,-1.06676,0
1.64014,-0.43773,0
0.95224,1.03787,0
1.06405,0.12734,0
0.89036,-0.56978,0
2.85747,-0.41107,0
1.10202,0.41559,0
3.08524,-0.48916,0
1.7879,-0.03173,0
-0.0337,0.26544,0
2.22185,-0.90431,0
3.09325,0.00599,0
1.30768,0.61858,0
1.99267,0.77942,0
3.16376,0.74794,0
2.96567,0.81045,0
2.16488,-0.77175,0
1.85703,-0.84351,0
0.04891,-0.90435,0
1.38162,0.85913,0
-0.33373,-0.05954,0
3.34725,-1.19199,0
2.98377,-0.22978,0
1.39911,-0.39518,0
1.06476,0.0245,0
0.0125,1.01096,0
0.26872,-0.27623,0
-0.02035,0.86961,0
1.64426,-0.15012,0
2.49166,-0.75454,0
2.44271,-0.65493,0
1.59176,-0.51679,0
3.01626,0.61133,0
-0.24479,0.93586,0
0.41503,0.75899,0
3.12488,0.34604,0
-0.13503,-0.17576,0
0.9995,-0.84439,0
1.13255,0.82758,0
1.33163,0.73641,0
3.13384,-0.11943,0
0.33207,-0.00018,0
0.56142,0.84206,0
2.44904,-0.4204,0
3.05905,0.55362,0
0.15125,-1.07459,0
2.04508,-0.52281,0
1.60566,1.17916,0
3.17591,1.09437,0
0.22568,-1.20983,0
3.26074,1.17236,0
0.27133,-0.69973,0
2.1147,-0.60636,0
0.67496,1.03734,0
0.89607,0.65045,0
-0.41013,-0.22591,0
2.20374,0.07121,0
2.09747,-0.41746,0
2.90427,-0.63262,0
-0.40392,0.32871,0
2.70113,0.19044,0
2.58432,0.58497,0
2.49175,-1.01736,0
-0.30961,-0.39524,0
-0.39231,-0.19056,0
0.15418,1.10408,0
1.4178,-1.01684,0
2.44776,1.17688,0
3.3455,-0.60325,0
1.18157,-0.50253,0
0.26533,-0.03145,0
2.01748,-0.27302,0
-0.03237,-1.03866,0
3.07597,-0.52807,0
0.41317,-0.66643,0
2.85712,-0.94922,0
1.55031,-1.16928,0
2.17103,-0.43899,0
0.64166,1.19062,0
2.36418,0.45191,0
1.52815,0.61757,0
0.70197,1.06228,0
0.88834,-0.12924,0
0.47652,1.20699,0
-0.34458,-0.75537,0
2.44462,-1.2149,0
0.43761,-0.00835,0
0.8114,0.65772,0
0.46915,0.1741,0
2.36378,-0.39817,0
2.2057,-0.8056,0
1.55282,0.9304,0
2.16777,0.82696,0
2.47523,0.64371,0
2.64869,0.66712,0
2.31472,0.28907,0
2.57615,0.81298,0
2.33607,-0.25077,0
3.46592,0.61884,0
-0.18886,-0.15093,0
0.6592,-1.03807,0
0.21301,0.29778,0
2.9802,0.0321,0
0.36631,-0.96685,0
-0.3558,0.65296,0
0.38768,0.37086,0
3.16878,0.40686,0
3.19852,1.07378,0
3.02228,-1.12489,0
2.51277,-1.22953,0
1.71325,1.15992,0
2.67077,-0.41793,0
0.91614,-0.30101,0
0.56998,1.13398,0
0.60676,-1.1792,0
2.47098,-0.36398,0
1.83335,-0.81993,0
2.46495,0.84404,0
2.64487,-0.6483,0
2.00569,0.98543,0
2.79642,0.8116,0
1.37296,1.14275,0
1.20849,-0.44783,0
2.83793,-0.83488,0
2.51286,0.30717,0
1.57217,-0.13029,0
0.70579,-0.80094,0
0.86601,0.97837,0
0.81132,0.72012,0
2.86139,0.10175,0
1.97401,-0.47714,0
1.58694,0.1545,0
1.27164,0.87025,0
0.46661,0.78031,0
1.95897,0.93403,0
0.64091,-0.25193,0
0.27733,0.53592,0
2.09835,0.75267,0
-0.20896,0.98158,0
1.34648,-0.8516,0
2.08081,0.77913,0
3.01596,-1.02535,0
2.70263,-0.94617,0
2.3259,-0.08293,0
-0.46518,0.19821,0
2.37729,0.7341,0
-0.29333,-0.46865,0
0.60196,0.66816,0
2.1609,0.79512,0
2.32382,0.74256,0
2.84176,1.22685,0
1.36586,0.93254,0
0.62919,0.49939,0
1.15631,1.17644,0
2.05775,-0.34853,0
2.12086,0.06555,0
1.23462,0.21149,0
0.09587,-0.41497,0
-0.40701,0.99177,0
-0.13191,0.09193,0
2.46335,-1.09587,0
1.58658,-0.04992,0
3.02023,0.4022,0
3.14974,-0.37256,0
1.46084,-0.57896,0
1.73123,0.95086,0
2.58985,-0.08012,0
2.39087,-0.18825,0
2.62381,-1.20242,0
-0.44989,0.85318,0
0.81998,0.7789,0
-0.34755,0.13938,0
1.96628,0.96868,0
1.35091,-0.6651,0
2.28827,-0.63063,0
0.74698,-0.65316,0
0.26462,-0.61744,0
3.05504,-0.69686,0
1.2591,0.33814,0
-0.06184,-1.21162,0
2.67388,-0.10074,0
3.32915,-0.65082,0
0.1302,0.88792,0
-0.30798,0.336,0
1.03859,0.46412,0
1.63975,-0.23329,0
2.81121,0.64656,0
2.13269,0.45147,0
-0.07728,-1.02274,0
0.6214,0.66123,0
-0.02643,0.85718,0
2.41525,0.17155,0
3.00581,0.6599,0
1.63471,0.79779,0
2.74871,0.75512,0
1.72365,1.02189,0
-0.41487,0.13045,0
2.44801,1.03391,0
2.82825,0.86333,0
2.97001,0.77664,0
2.29868,0.27578,0
0.79786,-0.36397,0
1.62011,-0.57429,0
1.9023,0.27128,0
0.27532,-0.6501,0
2.96303,-0.71084,0
2.83793,0.68122,0
2.83101,0.40308,0
0.55266,0.79721,0
0.96854,0.24943,0
1.96735,0.41597,0
-0.39267,0.53178,0
3.40819,-1.24222,0
1.92097,1.21408,0
1.4544,0.2887,0
0.89469,1.11244,0
1.15702,0.97036,0
1.50223,-0.35254,0
2.55303,0.20987,0
2.34411,-0.43868,0
2.22041,0.24168,0
0.87187,0.19346,0
1.93215,1.24773,0
1.18742,-0.60508,0
2.35058,-0.62758,0
3.20311,-0.65803,0
3.27803,-0.09388,0
0.60682,-0.74673,0
1.81092,0.21965,0
1.92785,0.9055,0
0.69846,-0.28851,0
1.47956,0.96711,0
-0.19848,-0.6326,0
1.25645,-0.80782,0
1.68571,-1.23606,0
0.93934,-1.2462,0
1.68865,0.29779,0
2.24775,-0.64753,0
-0.33793,-0.25504,0
2.01149,0.94099,0
1.1602,0.03127,0
1.74975,-0.30833,0
2.46791,0.78223,0
0.16978,0.4241,0
2.52948,-0.03314,0
0.87273,0.05931,0
2.03761,1.09393,0
2.03808,0.7255,0
1.78527,-0.88802,0
2.14163,-0.00104,0
1.79147,-1.06121,0
1.81142,-0.31566,0
3.25105,0.73566,0
2.95794,-1.2234,0
1.05719,0.36368,0
2.96997,0.7323,0
0.81021,-1.2268,0
-0.242,-0.37329,0
2.20494,-0.69689,0
0.68806,-1.17272,0
0.48924,-0.21964,0
1.54122,0.71472,0
2.34478,-0.458,0
2.7535,0.50427,0
0.81737,-0.03536,0
-0.29827,-0.61536,0
2.93095,0.41393,0
1.41982,0.60883,0
0.0163,1.13855,0
0.19384,0.15935,0
1.75126,-1.24829,0
0.04997,1.04253,0
1.75607,1.21528,0
2.14939,0.58447,0
1.60357,-1.2375,0
1.21054,-1.05877,0
0.62994,0.54921,0
-0.06323,-0.79625,0
2.14331,-1.10644,0
2.70407,0.54305,0
-0.24801,-0.96679,0
1.86714,-0.67743,0
1.59802,1.06037,0
3.19181,-0.3418,0
1.10054,-0.85392,0
0.27609,0.78786,0
2.46981,0.10999,0
1.37003,1.1287,0
1.73568,0.36777,0
0.09955,-0.07276,0
0.76111,-0.92259,0
2.32189,0.19958,0
-0.30913,0.66593,0
2.5176,0.89523,0
2.77811,0.17055,0
-0.47136,0.41975,0
0.87326,-0.16829,0
2.88077,0.08492,0
2.57887,0.62345,0
0.10647,1.1535,0
0.98209,1.03049,0
0.08262,0.04164,0
0.5517,-0.52102,0
1.33312,0.89709,0
3.05589,1.224,0
2.3829,-0.8758,0
2.39116,0.47088,0
1.06664,1.20707,0
2.52568,-0.92203,0
0.39903,-0.6466,0
2.06724,-0.04836,0
1.16336,0.7175,0
1.81237,-0.85463,0
3.26292,0.30345,0
0.36229,0.82173,0
2.72691,1.07838,0
1.07953,-1.0322,0
0.06088,-0.29986,0
0.16059,0.38671,0
1.81563,0.61879,0
1.52132,0.00034,0
1.3294,0.50293,0
1.09515,0.28595,0
3.05483,-1.01773,0
3.07101,0.0514,0
-0.41921,-1.15167,0
1.29535,-1.17528,0
-0.02572,-1.13207,0
2.16209,1.01868,0
0.4143,-0.5163,0
1.43353,-0.51172,0
1.45186,0.11666,0
-0.14596,0.02331,0
3.41134,1.16031,0
-0.04372,0.65721,0
1.8989,0.386,0
0.76052,-1.23704,0
3.13893,1.00402,0
-0.01287,1.05343,0
0.75561,0.60884,0
1.26653,0.87119,0
0.41545,0.01776,0
-0.26055,0.5537,0
2.01857,-0.09646,0
2.69571,-0.9822,0
2.5924,1.19099,0
1.27189,0.99328,0
2.34221,0.90269,0
0.70868,-1.11433,0
2.34851,1.06194,0
1.22899,0.99293,0
0.58486,0.54497,0
3.47435,-0.59504,0
0.96629,0.23604,0
3.18619,-1.00006,0
1.80809,0.81389,0
1.06239,0.4578,0
0.6952,-0.61238,0
0.11849,1.15688,0
0.46228,0.74956,0
2.63885,-0.79891,0
2.50483,-0.61295,0
-0.08419,1.01405,0
2.84693,1.09205,0
0.55297,0.80565,0
-0.36617,1.24474,0
0.31615,0.5462,0
1.12907,-0.59479,0
3.0172,0.05798,0
2.8579,0.72827,0
-0.30937,-0.37697,0
0.55972,-0.52182,0
-0.26832,-0.99231,0
-0.28804,-0.25755,0
-0.47353,0.13094,0
2.99812,-1.24697,0
1.9335,0.96509,0
0.67394,0.34581,0
2.21242,1.18571,0
3.32043,-0.05726,0
0.49801,0.61393,0
3.21308,0.1141,0
1.48642,1.18701,0
0.86024,1.21698,0
-0.40538,-0.64491,0
0.73905,1.03002,0
-0.166,1.18762,0
2.12111,0.15472,0
0.75748,0.87838,0
-0.34341,-0.84884,0
-0.44667,-1.24943,0
0.47747,0.02372,0
3.14491,0.49662,0
1.55518,-1.04311,0
-0.17518,0.98889,0
1.16276,0.51631,0
3.38189,0.80695,0
2.52142,-1.22564,0
2.959,0.77095,0
-0.45667,0.949,0
3.24569,0.24085,0
3.37051,-0.70321,0
0.03564,-0.03494,0
2.91138,-1.20647,0
1.244,1.01497,0
1.05423,0.68931,0
0.31264,0.27888,0
2.15703,0.89231,0
3.26389,0.85778,0
-0.21075,-0.08288,0
3.27555,0.12495,0
0.1309,0.43524,0
1.90765,1.15166,0
1.13905,-0.80377,0
-0.15264,-0.94909,0
2.35796,-0.33787,0
-0.33668,-0.11825,0
1.00755,0.91273,0
1.5878,1.15448,0
0.29911,0.51614,0
2.85808,0.11592,0
-0.15299,-0.86347,0
2.92478,-0.51645,0
1.3227,-0.00876,0
0.1162,-1.21864,0
1.76226,-1.00902,0
-0.20976,-0.23024,0
1.28294,-0.70824,0
3.05845,-0.47594,0
1.70705,-0.04538,0
2.31988,-0.7832,0
-0.38583,1.03686,0
2.32173,-0.63238,0
0.93849,-0.30023,0
0.08726,1.05688,0
0.27598,0.08432,0
3.02968,-1.08215,0
2.50932,0.41093,0
2.5068,-0.59392,0
2.74853,0.96817,0
1.74886,-0.89212,0
0.5265,-1.05206,0
1.73135,-0.85145,0
1.48023,0.29086,0
0.12508,-0.19779,0
3.31919,-0.01629,0
2.9233,-0.50134,0
3.10087,-0.48513,0
1.09366,-0.85949,0
2.34281,-1.05613,0
1.03885,-0.95691,0
0.38223,-0.2908,0
-0.37357,0.18757,0
2.37924,-0.63346,0
0.39939,-1.05235,0
2.901,-1.0121,0
-0.4255,-0.18845,0
1.7997,0.60828,0
0.24182,0.40274,0
-0.08932,-0.31521,0
2.87675,-0.58508,0
2.26994,-0.18914,0
2.88006,-0.99827,0
3.18216,0.11388,0
3.05542,1.19848,0
1.04143,-0.32353,0
2.07831,0.33305,0
2.84381,1.23488,0
0.28599,-0.84675,0
0.27618,-0.40156,0
2.25331,0.69753,0
1.398,-0.6352,0
-0.16253,0.79252,0
2.89345,-0.59585,0
0.39771,-0.25707,0
1.92422,1.03895,0
1.07502,0.16729,0
0.09803,1.04171,0
0.31647,-0.81899,0
-0.27919,1.05047,0
0.6354,-0.75441,0
2.81716,0.34505,0
-0.49558,1.03379,0
-0.47328,0.504,0
0.52062,-0.84553,0
-0.38358,1.11418,0
-0.39332,0.47521,0
0.72801,1.18996,0
0.52774,-0.89732,0
0.0332,-0.2077,0
2.12485,0.4731,0
3.40864,-0.23616,0
3.03999,0.64085,0
3.18042,-1.05969,0
-0.18467,-0.97149,0
3.22484,0.40117,0
0.13964,0.62553,0
2.48768,-1.24697,0
2.2007,-0.36034,0
3.24955,-0.9872,0
2.84809,-0.97206,0
2.9593,0.54553,0
1.57188,-0.88025,0
1.95604,-1.02823,0
0.58062,1.04367,0
1.15475,-0.7661,0
0.30544,0.44432,0
2.21247,1.1881,0
0.63472,-0.37611,0
1.33662,-0.42881,0
0.82418,-0.43366,0
0.83714,-0.957,0
0.68739,0.96706,0
0.98761,0.67247,0
2.0044,-0.32733,0
-0.26344,0.90125,0
3.33131,-0.87391,0
-0.38384,1.09041,0
1.27864,-0.31985,0
2.27172,-0.31778,0
0.35668,-0.62142,0
0.59862,1.09893,0
0.70543,1.24633,0
1.59994,-0.77691,0
0.73352,-0.66644,0
0.94693,-0.10741,0
1.93261,0.73351,0
-0.1778,0.59618,0
0.22733,0.28343,0
0.42347,-0.42293,0
0.98972,0.78708,0
0.63947,-0.96482,0
0.37768,0.90841,0
0.23548,-0.23961,0
1.82269,0.5567,0
1.72529,0.87213,0
2.81047,-0.64453,0
1.56321,0.22282,0
1.42803,-0.54145,0
-0.14997,-1.10834,0
0.16374,-0.04583,0
3.00124,0.27996,0
1.37944,-1.2431,0
2.83534,-0.55653,0
0.29154,0.08723,0
0.33767,-1.20333,0
1.02842,0.73487,0
-0.41426,0.14315,0
0.91106,1.0217,0
2.68676,1.14415,0
2.50278,0.00799,0
2.85852,0.38471,0
2.82952,0.94252,0
2.98814,0.29929,0
-0.21124,0.00383,0
2.19214,1.01591,0
0.75595,0.52817,0
1.77618,-0.51013,0
3.35413,1.20522,0
0.43582,0.47483,0
1.35253,0.31706,0
3.49419,0.01395,0
2.55616,-0.38288,0
0.0072,0.29956,0
1.46978,-1.07464,0
3.45924,-0.30537,0
2.72165,0.1884,0
-0.23744,-0.64628,0
2.58338,0.76746,0
2.30017,-0.80519,0
2.16867,0.63993,0
0.04204,-0.27394,0
1.90193,-0.46015,0
0.93595,-0.3892,0
2.41965,0.59333,0
0.6519,-0.46544,0
0.78241,0.84855,0
2.34006,0.70256,0
1.61467,-1.07078,0
3.08976,-1.1385,0
2.81366,-1.18842,0
2.76715,-1.09346,0
2.14401,0.96685,0
0.54848,-0.98848,0
1.01341,-0.13271,0
3.00898,-1.01647,0
3.25079,0.52821,0
2.977,0.26894,0
-0.19708,0.37593,0
0.13912,-0.25228,0
0.98247,0.75378,0
1.71617,0.17645,0
1.22682,-0.74968,0
1.10144,-0.75592,0
0.73474,-0.58973,0
-0.06906,-0.58197,0
2.66825,-0.10228,0
-0.10502,-0.10467,0
0.03518,-0.99668,0
0.25648,0.65248,0
-0.39009,0.60461,0
-0.37488,0.18243,0
-0.15779,-0.23988,0
2.55823,1.06946,0
-0.29389,0.93254,0
2.73587,-0.41706,0
2.30785,1.05308,0
-0.07741,-1.1989,0
0.19666,1.02068,0
0.69709,-1.19329,0
2.89128,-0.37915,0
2.10536,0.15438,0
-0.04971,1.19839,0
1.93817,0.92883,0
1.31367,0.44132,0
-0.49366,1.1437,0
0.18775,0.66884,0
1.15479,0.14177,0
-0.43582,-0.17202,0
-0.06425,-1.08467,0
0.02782,-1.00464,0
2.31835,1.09576,0
3.38215,0.65585,0
2.18584,0.15695,0
0.25035,-0.77935,0
0.3018,-1.21477,0
1.01303,-0.8523,0
1.31827,-1.18068,0
-0.21172,0.01758,0
-0.39045,0.76718,0
2.379,-0.3819,0
2.56016,0.05828,0
1.50461,-0.57308,0
0.55445,0.68725,0
3.37745,-1.04163,0
0.85604,-0.5353,0
-0.00966,0.61651,0
0.40145,-0.97116,0
1.82019,0.86285,0
1.2202,-1.03229,0
3.48068,0.72133,0
2.5678,0.35597,0
1.13905,0.42323,0
1.85788,0.3904,0
-0.18133,0.99304,0
1.63438,-0.23512,0
3.13379,0.87817,0
0.82809,0.44185,0
0.89234,0.39503,0
2.39591,-1.04471,0
0.01428,1.16035,0
-0.28483,-1.03923,0
1.42627,0.82033,0
1.81667,-0.34337,0
3.25573,1.08211,0
0.91812,-0.18775,0
0.57895,0.81525,0
2.42398,-0.39953,0
0.34768,-0.63223,0
1.15023,-0.19557,0
2.55643,-1.14881,0
0.22129,0.86656,0
2.87129,-1.05354,0
2.71533,-0.3499,0
2.32702,-1.15195,0
0.48213,0.62439,0
3.03606,-0.52848,0
0.47838,0.51444,0
-0.07734,0.33205,0
1.07742,0.32669,0
2.00617,-0.77647,0
-0.16269,0.84774,0
0.98946,-0.35717,0
0.89254,0.35069,0
2.00169,1.11021,0
1.30627,0.36805,0
0.97418,0.65161,0
-0.04011,0.24345,0
0.99201,0.80515,0
0.45868,-1.02084,0
2.64423,-1.16175,0
1.22656,-0.62092,0
2.6422,0.87617,0
0.42727,0.30454,0
1.23961,-0.61852,0
0.40499,0.06496,0
0.80385,0.83766,0
3.40086,0.51887,0
0.73646,0.39689,0
0.34016,-0.64298,0
1.24935,-0.17479,0
0.78511,0.98043,0
1.94567,0.69298,0
3.17061,-1.07388,0
2.76628,0.32112,0
1.72298,1.13894,0
0.10598,0.70054,0
0.20759,-0.23049,0
2.87825,-0.38112,0
-0.39401,0.16562,0
2.17462,-0.63079,0
0.84366,-0.82235,0
2.10797,-0.27298,0
-0.31256,0.11153,0
1.68143,0.8066,0
2.34978,0.37964,0
-0.33868,-0.08393,0
-0.00089,0.1199,0
-0.44493,0.70202,0
-0.43737,0.18239,0
2.98794,0.28939,0
3.16517,-0.76323,0
1.99754,-0.96061,0
3.31914,0.12037,0
-0.43228,-0.1425,0
0.82365,0.56583,0
-0.02439,-0.55016,0
2.11941,1.05057,0
2.91097,0.77215,0
1.10764,-0.81084,0
2.32305,0.27153,0
0.87347,0.9046,0
0.61251,0.88621,0
0.6155,-0.44653,0
1.24428,0.71606,0
3.09176,-0.14706,0
1.76793,-0.71111,0
2.19785,0.60132,0
0.9779,-0.85126,0
1.71036,-0.32778,0
-0.49347,0.62217,0
1.14383,-0.53112,0
2.04765,1.23587,0
0.30838,-0.41022,0
2.70946,0.86709,0
0.48333,-0.25555,0
3.35935,-1.2393,0
1.67044,-0.6871,0
3.05308,-0.34156,0
0.40755,0.95515,0
1.41811,0.3041,0
2.23366,0.03073,0
3.33568,0.78194,0
3.15294,1.06631,0
2.7856,0.95401,0
1.63024,-0.33627,0
1.20025,-0.82199,0
2.60759,1.0061,0
1.60123,-0.58931,0
1.46409,1.211,0
0.89032,-1.20865,0
2.60501,-1.05334,0
2.09039,-1.09085,0
-0.33457,-0.58724,0
-0.15385,0.29825,0
3.30061,0.85204,0
3.26562,-0.55345,0
0.84337,0.05965,0
3.4606,0.22596,0
3.08909,-0.89317,0
0.06485,0.77935,0
0.71063,-0.65084,0
3.07504,-0.42804,0
3.40451,1.06363,0
3.48648,0.00403,0
3.02742,0.28771,0
1.52855,-0.73881,0
2.61482,0.57056,0
-0.11959,-1.18625,0
0.02176,-0.43355,0
-0.09087,0.69649,0
2.75281,-1.08975,0
2.51129,1.24433,0
3.09049,-0.77857,0
-0.18295,-0.23172,0
0.42308,-1.00091,0
3.12016,0.56843,0
3.2256,-0.5313,0
0.16318,-0.95966,0
2.29972,-0.93792,0
2.35793,-1.03773,0
2.65665,0.0849,0
0.81254,0.97546,0
0.85895,1.24974,0
2.59612,-0.24225,0
1.89222,0.53452,0
2.45268,0.50925,0
1.01888,-0.36946,0
0.78131,-1.09968,0
3.42211,-0.48143,0
1.26875,-0.62906,0
0.84624,0.81415,0
3.21583,0.8685,0
1.00572,0.42534,0
2.51229,0.42475,0
-0.0337,-0.96096,0
2.63105,-0.97479,0
1.09721,-0.16056,0
0.7818,1.15575,0
1.30247,0.53198,0
2.34713,-0.81655,0
0.07163,0.13625,0
1.17505,-0.29072,0
0.012,-0.72587,0
0.94943,0.78789,0
1.49413,-1.1237,0
1.82396,-0.99679,0
-0.20406,-0.24092,0
-0.03549,-0.52921,0
0.61021,-0.14719,0
0.92223,-0.23108,0
0.9901,-0.50016,0
2.4255,-0.48002,0
-0.20455,1.09189,0
-0.2007,0.80613,0
1.39764,-0.17891,0
0.24343,0.4647,0
2.50388,-1.16618,0
3.3852,-0.7472,0
0.79469,0.25119,0
3.26207,-0.80128,0
-0.45278,0.84273,0
3.09755,-0.98733,0
2.13019,-0.19617,0
0.52006,-1.02274,0
0.23561,0.88707,0
1.96696,0.18626,0
3.44189,0.31445,0
1.5838,-0.29818,0
3.41202,-0.26368,0
0.87306,-0.37007,0
0.79075,-0.73405,0
1.10757,0.67085,0
2.0605,0.59988,0
1.04427,1.20834,0
3.17512,-0.88652,0
-0.45853,0.04502,0
2.14552,-0.39295,0
3.02592,0.08837,0
3.22649,-0.48451,0
2.49973,-0.24217,0
0.16556,-0.92431,0
0.10523,1.12084,0
1.41213,0.94106,0
1.02883,-0.5187,0
0.11784,-0.56147,0
2.72967,-0.95824,0
0.19372,-0.71988,0
2.74628,-1.21831,0
3.20396,-0.15356,0
2.67557,-0.56522,0
1.86614,0.35474,0
0.84832,-0.93513,0
2.84781,0.82205,0
0.68131,-0.14557,0
0.69803,-0.43374,0
0.60345,-1.1849,0
2.01113,0.021,0
1.2357,-1.02502,0
1.19191,0.30709,0
0.75618,-0.46497,0
0.2175,-0.96029,0
2.8945,-0.68083,0
2.24551,0.41622,0
-0.48288,-0.52085,0
-0.1919,-1.20985,0
3.30149,0.78877,0
2.07475,0.01325,0
3.21218,0.06534,0
0.46672,0.89652,0
1.12201,-0.02598,0
-0.21672,-0.86312,0
0.94813,0.2644,0
1.50251,0.04196,0
3.27952,-0.61341,0
3.39966,-1.01289,0
3.32886,0.85331,0
0.03067,-0.42384,0
3.17715,1.07831,0
2.43956,-0.07715,0
-0.16366,1.08971,0
1.02817,-0.82993,0
1.89848,0.69006,0
1.3508,-1.01058,0
3.48453,-0.19379,0
0.33109,-0.18033,0
3.19568,0.82748,0
0.81817,0.38862,0
0.70752,0.79381,0
2.197,-0.1935,0
0.32805,0.20905,0
1.99802,0.53043,0
-0.24409,0.0711,0
1.11146,-0.59417,0
0.99085,-1.01293,0
0.84841,0.47123,0
0.67498,0.02326,0
-0.16814,-0.07118,0
1.53438,-0.14124,0
2.57908,0.28798,0
1.12882,0.43424,0
1.61517,0.9736,0
0.32031,0.35435,0
0.23821,1.18223,0
0.63108,0.63642,0
1.26033,-0.34477,0
0.59897,-0.11373,0
3.21884,0.38427,0
2.34153,0.80562,0
2.09559,-0.88903,0
0.30825,0.90569,0
0.76937,1.07313,0
-0.07875,1.18943,0
2.35383,-1.19442,0
3.0638,-0.058,0
2.6463,0.96311,0
3.06246,-0.4628,0
1.19098,0.18487,0
0.79898,1.22736,0
2.6443,-0.73512,0
3.46482,-1.13563,0
2.47868,0.67871,0
1.90159,0.39359,0
0.46851,0.48347,0
0.39921,-0.59684,0
-0.29017,-0.40442,0
1.61618,0.32564,0
1.36868,-0.07365,0
2.78417,0.1818,0
-0.1316,0.66034,0
1.30589,0.15412,0
3.23856,-0.75238,0
-0.22413,-0.47191,0
0.73222,1.16965,0
0.74185,0.35821,0
0.7022,1.14312,0
1.04227,-0.07383,0
-0.49929,0.30241,0
2.0109,-0.93018,0
1.10936,-0.47303,0
-0.36484,-0.62447,0
0.54564,-0.54141,0
0.09561,-0.87367,0
2.59846,0.09927,0
0.90358,0.50919,0
0.24197,-0.56491,0
1.59071,-0.33658,0
0.394,0.34367,0
2.03817,-0.7343,0
0.58888,-0.62406,0
-0.3749,-1.12971,0
2.25481,0.97382,0
1.58441,0.0318,0
0.37004,0.28369,0
3.18795,0.45021,0
-0.355,0.14217,0
1.53637,0.68999,0
0.68287,0.40263,0
0.57064,-1.2246,0
0.689,-0.35648,0
2.26763,-0.81175,0
3.09208,-0.67883,0
3.30443,-0.79114,0
2.6215,-0.87951,0
1.84646,-0.45114,0
2.9217,-0.29939,0
0.33234,-0.47036,0
0.83349,1.22762,0
2.63844,-1.16649,0
0.8151,-0.58283,0
2.79695,0.05917,0
2.25957,0.64848,0
0.5552,0.72471,0
0.10654,0.4265,0
0.9148,-0.23815,0
2.5348,-0.16477,0
1.34209,-0.13281,0
1.61974,-1.115,0
2.53023,0.96814,0
-0.19524,0.84643,0
0.99864,-0.11775,0
-0.02565,0.87272,0
1.79065,-0.60616,0
2.11764,-0.34677,0
3.22384,-0.35905,0
0.26494,-0.96167,0
1.72122,0.57847,0
1.49977,1.07486,0
2.06108,0.81284,0
-0.12645,-0.6615,0
0.84745,-1.06724,0
0.86657,-0.47261,0
0.81503,0.77846,0
-0.4746,0.01591,0
1.5299,0.69933,0
0.20305,1.08524,0
2.8563,-1.12212,0
2.46563,0.06252,0
0.20437,-0.38972,0
0.76044,-0.75601,0
0.81062,-0.35255,0
0.09062,-0.63428,0
2.69339,-0.97674,0
1.69188,0.63402,0
3.39745,-0.02284,0
3.02717,0.27677,0
0.11263,-1.04565,0
0.6519,-0.85458,0
-0.13873,-0.70014,0
-0.46723,0.28451,0
3.49972,0.44119,0
3.05439,0.16853,0
1.52427,0.05988,0
1.80126,-1.04233,0
1.57775,0.41308,0
1.58325,0.50404,0
0.80419,-0.27571,0
1.77725,0.07204,0
0.43091,-0.93631,0
0.96567,1.19869,0
1.21745,1.12144,0
-0.44354,0.29644,0
0.21363,0.07587,0
-0.4697,0.28528,0
2.70854,0.13062,0
0.79513,0.77053,0
2.50382,-0.67449,0
2.54152,-0.03244,0
3.33108,0.6742,0
2.25382,-0.46358,0
-0.06172,0.96175,0
2.70811,-0.94642,0
1.92522,-0.40477,0
2.84932,0.01419,0
2.89807,0.57419,0
0.54207,0.776,0
3.21939,-0.85056,0
-0.25258,1.17474,0
1.18715,-0.20048,0
3.30684,1.24613,0
0.41256,0.67748,0
-0.36976,-1.10059,0
1.79179,-0.0861,0
1.13294,0.7865,0
2.45763,0.61897,0
-0.26288,0.88053,0
0.46985,0.95953,0
2.65222,-0.45241,0
1.51473,0.31207,0
2.28839,1.06775,0
3.33747,-0.24249,0
0.3778,-0.32854,0
3.41985,0.29849,0
0.38206,1.00583,0
-0.25606,1.20647,0
0.09415,-1.15794,0
2.15932,0.48145,0
2.33421,-0.32943,0
0.42151,0.85864,0
1.91146,0.90109,0
2.0585,0.55198,0
3.39232,-1.23442,0
1.88263,-0.03543,0
-0.07227,-0.9377,0
0.76434,0.49355,0
3.33242,0.42569,0
0.43521,0.18718,0
0.29378,1.16549,0
1.23187,-1.08204,0
3.42667,-0.22996,0
2.7609,0.50836,0
-0.25979,-0.22698,0
1.26603,-0.02543,0
3.26159,-0.03303,0
-0.02695,-0.13729,0
1.55759,-0.1689,0
3.24695,0.43289,0
1.18692,0.94657,0
3.004,0.56178,0
0.9338,-0.04089,0
1.94444,-1.10104,0
1.49175,-0.23826,0
2.75645,-0.01827,0
2.45948,-0.31798,0
2.16383,-0.55861,0
2.11766,0.11133,0
2.35661,0.22297,0
0.97207,1.22041,0
0.37208,-0.04984,0
0.95097,-0.9037,0
0.16161,0.22925,0
0.22201,-0.31186,0
3.25907,-0.30871,0
0.55529,0.47951,0
-0.36401,0.97115,0
2.43194,-0.00357,0
-0.46385,0.86746,0
1.30711,-1.24868,0
1.23521,1.07168,0
3.01153,0.6049,0
3.31847,-0.05563,0
0.86755,-0.23943,0
0.74254,-0.43948,0
1.28823,1.2229,0
2.66234,1.04137,0
0.61068,-1.00191,0
3.26505,0.75093,0
3.41908,-0.94092,0
3.14602,-0.64312,0
0.69402,1.07506,0
2.79817,0.14811,0
1.69592,1.02085,0
3.41198,-0.60545,0
1.38372,-0.08666,0
2.5994,-1.03749,0
1.03051,1.03702,0
-0.33314,1.17466,0
0.64073,0.9948,0
-0.05161,-0.20453,0
1.31086,0.72213,0
2.64878,0.83275,0
2.65063,0.37701,0
1.58833,0.20366,0
1.48504,0.84115,0
2.49498,0.08886,0
2.64612,-0.70266,0
2.68913,0.85174,0
2.66951,0.40823,0
0.74946,-0.23593,0
1.32759,0.56253,0
2.63478,-1.06218,0
1.20566,-1.15472,0
2.05966,0.14618,0
1.03677,-1.21195,0
3.11623,-0.77938,0
3.33978,-0.4333,0
3.28608,-0.79707,0
1.45176,0.87896,0
-0.06677,0.9704,0
-0.19251,0.94821,0
3.32276,-0.83364,0
1.80306,0.20762,0
0.25201,0.74791,0
2.20819,1.00321,0
3.3076,0.69022,0
0.22466,-0.032,0
2.10178,0.99907,0
1.65951,0.81706,0
0.87389,-0.09516,0
-0.48844,-0.92183,0
0.13601,0.6236,0
2.02849,-0.18538,0
0.52049,0.22232,0
0.38094,-0.28216,0
3.27344,-0.11116,0
1.26594,1.08238,0
3.30988,0.03544,0
2.42643,0.25892,0
1.09921,-0.72569,0
1.8957,-0.1269,0
2.0641,-0.25091,0
3.48497,1.04392,0
0.30713,-0.92257,0
1.99236,-1.06045,0
0.12573,-0.1823,0
0.01352,0.04752,0
2.67106,0.9072,0
2.06062,-1.12176,0
2.81625,-0.85195,0
2.09269,1.10247,0
0.14862,-0.24759,0
3.32137,0.30572,0
1.42589,0.35888,0
0.6374,0.22576,0
0.23483,-0.5623,0
1.9084,-0.93097,0
-0.09625,0.22671,0
1.75679,0.53607,0
2.78082,0.78709,0
2.98519,0.13212,0
1.14462,0.63341,0
0.00763,0.29292,0
0.39754,-0.48629,0
-0.36023,0.98795,0
1.42063,0.32393,0
2.9629,-0.28813,0
0.79456,0.19694,0
0.33824,-0.39876,0
1.72204,-1.18465,0
2.50576,0.93954,0
1.92949,0.6426,0
0.49225,-0.95999,0
1.37395,-0.93194,0
1.82972,-0.69531,0
2.21875,0.23669,0
1.78792,0.32088,0
2.46728,-1.07965,0
1.04058,-0.21165,0
0.49153,-0.1022,0
2.52568,-0.20464,0
0.30556,-0.65984,0
0.54374,-1.10949,0
2.37174,0.85545,0
2.83687,0.16492,0
1.06344,0.92051,0
1.20439,-0.94112,0
1.06873,0.03866,0
-0.2493,-0.87451,0
2.31804,0.00019,0
-0.18414,0.39438,0
2.00746,0.21074,0
0.53667,-0.47379,0
0.21901,0.92615,0
1.63799,1.19689,0
1.71018,1.19703,0
2.15264,-0.99469,0
3.00241,-0.70504,0
1.36016,-0.51642,0
1.97008,-0.95023,0
0.29579,-0.151,0
-0.37484,-0.55813,0
0.97991,0.97348,0
3.08753,-0.03072,0
1.6432,-0.12186,0
2.28823,-1.12334,0
1.45663,0.53287,0
2.47349,-0.24984,0
2.45924,0.00662,0
2.08784,0.47719,0
2.29962,0.07751,0
3.48898,1.11423,0
0.66051,1.21084,0
2.76164,0.64939,0
3.30655,1.02291,0
-0.46959,-0.08188,0
2.63064,-0.20646,0
1.43042,0.14274,0
0.62741,0.10268,0
1.45376,1.03436,0
2.86566,0.0788,0
-0.23448,-1.09187,0
1.25975,0.40929,0
-0.38848,0.17055,0
1.99878,0.00523,0
-0.11734,-1.15407,0
3.42305,-0.03695,0
1.62978,0.82705,0
1.47821,0.26502,0
-0.25222,-0.84367,0
2.36764,-0.72657,0
1.04758,-1.10764,0
0.85717,-0.0303,0
1.37002,-0.00561,0
0.39583,-0.62368,0
-0.10569,0.10912,0
2.57132,-0.8244,0
0.6539,-0.50465,0
-0.49776,-0.99834,0
2.40275,0.33615,0
2.41585,0.50381,0
3.25686,0.30024,0
1.23722,-0.50619,0
-0.49097,0.31627,0
-0.47176,1.18589,0
1.62478,1.07309,0
3.34688,-0.74107,0
2.35556,-0.20581,0
0.56198,-0.95123,0
1.22727,0.8232,0
-0.33365,0.29628,0
2.17441,-0.36033,0
0.1211,0.8977,0
3.1752,0.78772,0
3.31573,0.8612,0
0.49633,0.65877,0
2.12451,0.79578,0
2.36102,-0.62495,0
2.21569,0.38146,0
1.51278,-0.14688,0
2.98142,0.53814,0
2.47739,0.6798,0
1.76683,0.61032,0
1.95839,-0.84469,0
2.02919,0.88901,0
0.69525,-0.8938,0
2.88589,0.18451,0
-0.48214,-1.2193,0
2.24928,0.19632,0
0.71373,-1.18432,0
0.24816,-0.78063,0
1.85974,-1.20133,0
-0.06478,-0.20991,0
2.01429,-0.35281,0
0.37878,-0.1519,0
0.77716,0.91911,0
2.47475,0.13657,0
2.90606,-0.57628,0
2.22046,-0.98164,0
1.64434,-1.13618,0
1.61026,-0.08803,0
-0.24073,-1.19641,0
2.52128,-0.02555,0
-0.18021,1.12697,0
1.74807,-0.48179,0
1.33786,0.27093,0
0.9101,1.2291,0
1.24442,-0.81044,0
3.22554,0.98509,0
0.58873,0.07789,0
-0.09429,0.4588,0
-0.18112,0.8558,0
1.3163,0.08582,0
1.72709,1.21141,0
2.22476,0.90033,0
0.34715,0.55719,0
2.03034,0.1958,0
2.66031,0.94795,0
2.44624,0.89881,0
2.67741,-0.59261,0
1.93197,0.23225,0
1.16285,-0.98747,0
1.76202,-0.71676,0
1.20623,-0.54189,0
0.48915,0.80486,0
1.97271,-1.12562,0
-0.0418,0.63773,0
-0.04407,-0.21395,0
2.38234,-0.36662,0
2.32539,-1.05021,0
-0.45444,0.47289,0
2.47609,0.76495,0
0.73323,-0.54216,0
0.85043,-0.44939,0
-0.43322,-0.32662,0
-0.24871,-0.88517,0
-0.36849,0.15213,0
1.95171,-0.92763,0
-0.29055,-0.20141,0
1.70049,0.18698,0
1.91184,0.12248,0
2.94226,0.06782,0
2.07682,-1.0758,0
-0.34205,-0.71023,0
0.71304,1.15921,0
-0.19219,1.04533,0
2.21276,-0.91722,0
-0.15176,-1.15743,0
2.55415,0.1966,0
2.4141,0.64006,0
-0.25318,1.08172,0
0.10295,-1.11492,0
0.43811,0.32569,0
3.38989,1.19075,0
0.29913,-1.1685,0
2.68331,-0.17135,0
1.72228,-0.95475,0
1.26957,-0.31529,0
0.93725,-0.64813,0
2.18525,0.42977,0
1.87614,0.98764,0
3.27213,0.9367,0
0.12753,-0.3125,0
2.51086,-0.74853,0
-0.26188,0.18703,0
0.4191,0.13973,0
1.26156,0.25773,0
0.2575,-0.62647,0
0.20958,-0.83856,0
1.44632,0.89151,0
2.29962,0.79479,0
0.91308,1.2042,0
3.20278,1.22855,0
0.50731,1.15944,0
-0.1291,-0.12712,0
3.47704,-0.58215,0
2.79223,-0.50772,0
1.1284,-0.11068,0
2.48523,-0.77212,0
2.77138,0.13812,0
3.18275,0.02143,0
1.8809,0.52098,0
2.16332,0.6021,0
1.79583,-0.70859,0
3.14398,-0.96036,0
0.76569,0.24888,0
-0.35174,-1.07408,0
0.71786,1.1957,0
2.30287,1.20574,0
1.65777,0.81767,0
0.39933,0.53926,0
-0.46145,-0.58251,0
-0.14314,-0.00175,0
2.54082,-0.54391,0
1.44636,1.13996,0
2.88751,-0.82783,0
1.39575,-0.68487,0
2.34739,0.32598,0
0.91981,-0.61729,0
2.83761,-1.12317,0
0.065,0.71807,0
1.78224,1.13377,0
0.94095,0.62289,0
1.99647,0.21935,0
1.09478,-0.22155,0
1.70855,-0.51758,0
0.15574,-0.34414,0
0.5269,0.12469,0
1.50283,0.80855,0
-0.08821,-0.98323,0
3.0139,-0.89325,0
0.48945,-0.66925,0
2.91171,-1.08045,0
2.77581,-0.02359,0
0.74121,-0.98028,0
2.95401,0.53247,0
-0.1369,0.80624,0
3.3697,0.45214,0
3.24927,1.2216,0
1.65314,-0.34228,0
-0.17727,0.59542,0
0.64739,1.09142,0
2.96347,0.83871,0
2.37023,-0.68007,0
0.34072,-0.35116,0
2.04255,-0.05595,0
2.74529,0.08369,0
2.26874,0.91389,0
2.81464,0.66627,0
0.5451,-0.87737,0
0.91755,0.77719,0
3.3162,-0.28302,0
3.15789,-0.54661,0
0.28215,-0.6302,0
2.02986,0.37958,0
1.2579,-0.73305,0
0.9164,-0.71433,0
1.15748,0.9893,0
3.34962,-0.27775,0
1.05268,0.18716,0
2.21126,-0.53742,0
3.24301,0.32011,0
1.91988,0.08729,0
0.92812,0.17035,0
2.10747,0.67353,0
0.96014,-0.12965,0
1.81065,0.98812,0
1.45245,0.1739,0
2.54488,1.16322,0
3.138,-0.88492,0
0.09975,-0.54596,0
0.28489,0.53731,0
3.48129,0.43021,0
2.80096,-0.27755,0
2.60793,0.783,0
1.15094,-1.20557,0
1.6036,0.26859,0
2.2649,-0.61798,0
0.74712,0.02171,0
3.34241,-1.00267,0
2.88482,-1.034,0
2.89114,0.10092,0
-0.35771,0.32704,0
0.63847,0.83568,0
3.47616,-0.13057,0
2.73985,-0.64922,0
3.17499,-0.97286,0
2.63277,0.29506,0
0.51477,1.04839,0
1.06137,-1.11535,0
1.93962,-1.04969,0
3.29442,-1.19191,0
0.75607,-0.72165,0
-0.36541,-1.01441,0
3.41197,-0.17471,0
0.07202,-1.23763,0
0.41829,-1.05546,0
2.61104,-0.48318,0
2.35501,-0.45734,0
0.32727,-0.94766,0
0.15896,-1.12734,0
2.84536,-1.22546,0
-0.42571,-0.12506,0
2.90946,0.61153,0
2.29331,0.72557,0
0.04778,-0.58779,0
-0.04621,1.18717,0
2.74223,-0.87329,0
-0.32706,-0.91871,0
-0.17994,-1.11253,0
0.78892,-0.02063,0
1.34576,-0.77819,0
2.38012,0.28465,0
2.74261,0.21861,0
1.23781,-1.17049,0
1.75543,0.50423,0
-0.34341,1.21605,0
2.17731,-0.83458,0
0.6668,0.30792,0
1.35328,-0.70171,0
0.02386,-0.11363,0
2.77587,1.14725,0
-0.3313,1.08112,0
0.82211,0.7134,0
2.49212,-0.46391,0
2.69629,-0.55998,0
2.00071,-0.46478,0
2.60219,-0.76602,0
3.07339,0.83454,0
0.95967,1.08702,0
1.16992,0.33477,0
1.69857,0.45687,0
-0.20995,0.36649,0
1.70573,-0.35054,0
2.40444,-0.72151,0
2.44799,-0.12407,0
0.15522,0.58559,0
1.45125,0.09326,0
0.77957,-0.03357,0
1.66793,-0.90609,0
1.50232,-0.34674,0
1.07672,-1.14302,0
1.70913,0.17265,0
2.59701,0.45494,0
3.42058,0.23948,0
3.04866,0.5431,0
2.10234,0.41952,0
0.98451,0.5516,0
0.15608,-0.9849,0
2.35906,-0.72208,0
1.60287,-0.38536,0
2.70639,-0.78633,0
2.99675,-0.69369,0
2.0141,0.16838,0
1.60288,-0.61661,0
-0.31529,-1.20283,0
-0.01464,-0.85046,0
0.69141,0.56728,0
2.33436,-1.14342,0
2.40197,0.68886,0
1.66229,-0.92916,0
2.52313,-0.48329,0
3.49155,-0.56686,0
2.07971,-0.03252,0
0.36871,1.18606,0
2.15291,1.2271,0
-0.24417,0.91812,0
0.88281,-0.88968,0
-0.28926,-0.95368,0
1.03368,-0.22966,0
0.46617,-0.25413,0
1.95624,0.2412,0
0.31711,0.26794,0
2.4184,1.24679,0
2.9176,-1.07263,0
-0.21956,1.10397,0
2.95294,-0.24493,0
1.63694,-0.58631,0
1.35012,-1.11817,0
-0.10223,-0.01852,0
0.07585,-0.44968,0
2.18465,-0.23777,0
-0.15512,0.18878,0
-0.31662,0.50145,0
0.20437,0.59334,0
2.21964,0.62532,0
1.39727,0.96441,0
1.16277,-1.11861,0
1.57387,1.16343,0
2.4601,-1.10955,0
2.29782,-0.36089,0
1.25273,-0.16125,0
1.28562,0.1786,0
2.09211,0.54147,0
2.14049,-0.2409,0
0.36042,-0.14601,0
1.74544,0.81427,0
3.03756,0.64337,0
2.61467,0.49946,0
0.47051,-0.98249,0
1.52203,0.93917,0
-0.34351,0.74631,0
3.41288,-1.22811,0
0.02969,0.16345,0
-0.36132,0.96756,0
3.03447,0.0526,0
3.1287,-1.08286,0
1.0121,0.30805,0
0.7053,1.00448,0
1.61749,0.17194,0
3.2443,-0.44353,0
2.40993,1.01405,0
-0.23782,1.02894,0
1.86713,0.0907,0
-0.42099,-0.07626,0
0.20206,0.99484,0
0.92857,-1.207,0
-0.18293,-0.38329,0
0.61013,0.98079,0
1.01849,0.99025,0
0.22923,-0.425,0
3.23471,0.00463,0
3.35042,-0.26071,0
0.35891,0.3676,0
-0.26796,0.14456,0
0.17425,1.11398,0
1.74619,0.69328,0
1.95951,-1.05225,0
0.17374,0.63903,0
2.30539,-0.44169,0
0.05393,-1.22016,0
2.86093,0.11198,0
3.25256,-0.51989,0
3.20078,-0.5749,0
2.12098,-0.53229,0
0.92221,0.60876,0
1.88183,-0.61476,0
0.78777,0.24708,0
0.7556,0.34334,0
0.47819,-0.50864,0
-0.00076,0.46219,0
1.07261,-1.2434,0
2.87778,0.58072,0
2.9082,-0.34579,0
0.84136,-0.72069,0
0.25841,0.94289,0
-0.32604,-1.03737,0
0.62476,-1.03675,0
0.36275,-1.18387,0
1.04823,-1.05081,0
0.61987,-0.12935,0
3.25813,-0.94533,0
2.70464,-1.20795,0
1.5904,0.692,0
2.90596,0.6179,0
3.09714,-0.53862,0
2.97423,-1.17785,0
-0.07241,1.18795,0
0.47029,-1.05929,0
2.72835,-1.24835,0
2.45563,-0.84537,0
3.09913,-0.76063,0
0.03336,-0.09866,0
3.46501,-0.95555,0
1.43147,-0.84712,0
0.3869,1.03819,0
1.69187,0.28719,0
1.56193,0.51185,0
1.82701,0.00066,0
0.61788,0.92044,0
3.00611,-0.35629,0
-0.18597,-1.21054,0
1.01401,-0.26583,0
3.45166,-0.9964,0
2.8404,-1.21558,0
0.38982,1.0846,0
1.22081,0.02204,0
1.54127,0.36863,0
3.49184,0.70795,0
1.40729,0.13994,0
2.04274,0.33264,0
0.39886,-0.54768,0
-0.00705,-0.73907,0
1.86239,0.19221,0
2.69548,-0.15303,0
1.01535,0.26836,0
1.01599,0.57356,0
2.04522,-0.19164,0
-0.34083,-0.34374,0
3.17642,0.89791,0
0.3477,0.27737,0
3.38202,1.20298,0
0.06242,-0.99111,0
0.92046,-0.10178,0
1.21083,-0.72368,0
2.47187,-0.78642,0
0.6419,-0.93557,0
2.48459,-1.03374,0
0.52729,0.34328,0
-0.01271,-0.81892,0
0.48288,-0.22545,0
-0.44494,-1.08768,0
1.85648,-0.49124,0
2.69371,-0.66868,0
2.41136,0.72033,0
1.30683,0.6336,0
1.17285,1.13358,0
2.99943,-0.57943,0
-0.30924,-0.49893,0
0.17666,-0.20481,0
2.63801,-0.20479,0
0.56721,0.04303,0
1.45646,-0.91728,0
3.40279,0.59124,0
2.33521,-0.34883,0
2.29772,-0.23686,0
1.49998,-1.04273,0
-0.16728,-0.34516,0
2.28585,0.749,0
3.37453,1.14265,0
0.66623,-0.32762,0
0.23685,0.82923,0
0.87741,1.24004,0
0.90815,-1.21858,0
2.79664,0.73396,0
3.26832,-0.83283,0
3.12158,1.23348,0
2.16122,0.54653,0
2.63868,-1.01697,0
3.13726,0.98844,0
2.754,1.05442,0
2.01526,0.86263,0
0.56385,0.56878,0
1.46831,-0.82531,0
0.92198,0.70122,0
1.14311,0.14677,0
3.03631,0.27031,0
0.89082,-1.01478,0
2.71651,0.11313,0
2.10841,-0.83048,0
0.70875,-0.67021,0
1.71017,-1.1879,0
1.63054,0.95211,0
1.6797,-0.46582,0
-0.0254,0.52725,0
-0.23273,-0.54142,0
2.2754,-0.88814,0
2.79042,-0.33731,0
0.40273,0.80933,0
0.87011,0.50434,0
2.80175,0.69995,0
3.49151,0.40384,0
-0.03982,0.19956,0
0.52212,0.01004,0
2.60122,0.13399,0
-0.09558,0.38566,0
1.7065,1.16361,0
0.3122,1.20493,0
2.79689,0.85161,0
0.31161,-0.52604,0
2.85843,1.07729,0
1.36068,0.33093,0
1.30448,-0.04201,0
-0.48783,0.52572,0
1.92973,0.53965,0
3.18865,0.769,0
-0.43768,0.88096,0
3.39761,-0.62268,0
3.41382,0.80058,0
2.97767,-0.92185,0
-0.31366,-0.5608,0
-0.22862,0.73363,0
1.85951,0.182,0
2.91371,0.61503,0
0.98971,-0.75272,0
2.50928,0.42899,0
0.84729,-0.10626,0
1.333,0.34838,0
2.34907,0.99782,0
3.12336,0.4999,0
0.41154,0.97499,0
2.46588,-0.66727,0
0.05738,-0.24239,0
0.2017,-1.12377,0
1.25179,-0.44161,0
0.8423,0.02773,0
2.22887,-0.07151,0
-0.4845,0.98296,0
2.58523,0.8443,0
2.61167,0.54219,0
1.1166,-0.3357,0
3.1232,0.82353,0
3.3275,0.61439,0
0.15847,-0.6787,0
3.18275,0.77071,0
3.09482,0.33069,0
3.00123,0.99773,0
0.61113,0.3591,0
1.25178,-0.4417,0
-0.00288,-0.54404,0
3.00889,-0.02688,0
0.44583,0.22133,0
2.03999,-0.66708,0
-0.11383,-0.3393,0
2.56455,-0.91314,0
0.11134,-0.94681,0
1.83871,0.03628,0
1.33797,-1.16125,0
0.47927,-0.14303,0
0.11482,-0.64584,0
2.7835,1.20462,0
3.14788,0.75252,0
2.37468,-0.25132,0
0.40656,-0.20446,0
1.50863,-1.23365,0
-0.40594,-0.31049,0
-0.0502,-1.23535,0
2.65351,-1.20933,0
1.77721,-1.03559,0
2.66809,-0.61895,0
0.79225,1.079,0
0.45416,-0.03558,0
2.97257,0.28284,0
0.84958,-0.67393,0
2.65051,0.78717,0
3.13821,0.47613,0
2.898,-0.94589,0
0.41518,-0.65349,0
0.38414,0.41612,0
3.03992,-0.43486,0
0.00711,-1.20561,0
2.41965,-1.14838,0
2.47151,-0.61828,0
0.22029,-0.6065,0
2.14354,0.80336,0
1.20841,0.91534,0
3.25043,0.19606,0
2.65998,1.09155,0
0.92522,1.21502,0
2.79106,1.14302,0
3.28816,-0.57901,0
0.05401,-0.08163,0
1.70294,-0.07033,0
2.06779,0.79474,0
1.01895,1.2191,0
1.23208,0.09632,0
1.22102,-0.62624,0
3.05219,0.4839,0
1.71735,-0.0274,0
1.61265,1.12539,0
-0.02261,0.9651,0
0.74748,0.96499,0
1.37065,1.04737,0
0.19826,0.25816,0
1.19307,-0.78966,0
1.67877,-0.17659,0
1.45814,-1.14422,0
0.94978,1.09927,0
1.56548,0.48624,0
1.4873,0.83157,0
1.95713,-0.66509,0
1.89467,-0.32401,0
1.46459,0.35417,0
3.42591,0.90653,0
2.75491,1.08908,0
0.23864,-1.23725,0
2.04761,-0.41052,0
3.1186,-0.54475,0
2.43599,0.49359,0
3.31267,1.1909,0
0.96657,-0.27663,0
1.19551,0.35357,0
1.55676,-0.82034,0
3.44669,-0.23848,0
2.95717,0.96889,0
1.51091,0.66091,0
0.11218,-1.15438,0
0.45715,-0.45988,0
1.69168,0.84541,0
1.05485,0.62536,0
0.99479,1.22539,0
1.40144,-0.83493,0
0.81351,-0.11851,0
-0.31943,-0.55897,0
0.0378,0.90423,0
3.46234,0.654,0
2.78955,-1.22244,0
0.48192,-1.22895,0
3.28885,-0.24796,0
0.07747,-0.06636,0
0.39678,0.4106,0
-0.00716,-0.37445,0
3.23159,0.53387,0
1.61567,0.22581,0
1.65885,-0.16245,0
0.08776,0.67324,0
2.1839,-0.81506,0
3.09008,1.18345,0
2.64831,1.22723,0
-0.30496,0.7865,0
0.57254,0.62736,0
3.01486,0.91134,0
1.94795,-0.60583,0
0.30205,0.49295,0
3.25171,-0.37934,0
3.05404,-0.80031,0
-0.04404,-0.80108,0
2.00601,0.15524,0
1.57164,0.20496,0
0.51162,-0.44204,0
2.82797,-0.23731,0
-0.41283,-0.38101,0
2.12904,-0.11526,0
0.08212,0.17345,0
0.44743,0.09317,0
-0.44888,0.1959,0
0.55036,0.53424,0
1.91076,0.01961,0
1.71189,-0.27174,0
1.38729,0.87694,0
1.45873,0.78845,0
1.22137,0.94663,0
0.45618,0.15986,0
0.7291,0.79538,0
-0.31517,0.88788,0
3.39294,-1.19669,0
2.99226,0.96635,0
0.78436,0.21202,0
2.79924,0.21389,0
-0.28151,0.92957,0
2.98873,-0.49876,0
1.61303,0.77535,0
1.48783,-1.11931,0
1.59594,-0.96658,0
1.03092,-0.551,0
0.51613,-0.58454,0
2.47917,-0.22296,0
2.37836,-0.8846,0
1.73929,-0.02878,0
0.17258,0.7467,0
3.44682,1.05308,0
2.07609,-0.12175,0
0.72655,-0.62214,0
2.04649,-1.11024,0
1.52437,-0.61582,0
0.77872,-0.39384,0
1.20795,0.36744,0
2.18262,-1.06278,0
3.28787,-1.07294,0
2.21092,0.98928,0
0.57866,1.21291,0
-0.48906,0.8412,0
-0.00038,-0.43222,0
1.35613,-0.65462,0
3.16635,0.188,0
1.93744,-0.01032,0
3.02001,-0.77305,0
0.41122,1.23003,0
1.97458,0.40487,0
3.17617,0.96826,0
1.08888,0.78406,0
3.49246,1.03428,0
2.93641,-0.07182,0
1.97207,-0.78857,0
0.16328,0.22736,0
2.64353,-0.21933,0
1.946,-0.50735,0
2.8246,0.85948,0
1.95817,-0.93072,0
1.26527,0.33721,0
-0.49985,-0.06599,0
2.28934,-1.09209,0
3.21114,-0.80445,0
1.95184,-0.97308,0
2.90582,0.81947,0
-0.29414,0.79447,0
2.59817,-0.16314,0
0.24996,-1.24012,0
0.26675,-1.0226,0
2.57611,-0.61903,0
1.00558,-0.48415,0
-0.22827,0.42426,0
3.44509,0.90407,0
3.45446,0.24235,0
-0.20786,0.11239,0
1.04419,0.46698,0
-0.02916,0.28823,0
2.96007,0.92506,0
2.15355,0.74567,0
0.12459,-1.11562,0
1.91975,0.55275,0
0.36679,0.71246,0
1.67713,0.01856,0
1.4699,1.19731,0
3.44508,0.70932,0
3.32341,1.04339,0
1.25526,0.00949,0
1.92443,-0.27509,0
1.18807,1.04992,0
-0.2045,0.50835,0
3.14036,-0.4197,0
3.23947,0.12243,0
1.47085,-0.04219,0
-0.13097,0.13526,0
2.35224,0.85227,0
1.20787,0.81229,0
2.71169,-0.76102,0
1.7109,0.76062,0
-0.15186,1.22421,0
2.44371,-0.97932,0
0.82591,-1.10786,0
-0.34847,-0.07011,0
0.12557,-1.17377,0
3.08299,0.32273,0
2.342,0.17271,0
1.81801,-0.28958,0
3.0514,-0.03766,0
0.19991,0.18376,0
2.23483,-1.01046,0
0.62825,0.10708,0
1.95626,0.94289,0
2.59135,0.28729,0
1.79689,0.71235,0
1.66274,-0.80138,0
0.83064,0.9558,0
0.63147,0.58442,0
3.44417,1.01561,0
0.50277,0.92883,0
0.5401,-1.20123,0
2.03713,-0.13212,0
0.99504,-0.13916,0
0.57799,1.19549,0
0.99402,0.49883,0
2.23136,1.0698,0
1.1509,-0.9113,0
-0.40817,-0.49988,0
1.08834,1.12567,0
2.6356,-1.15215,0
0.54424,-0.5491,0
1.93972,0.03401,0
1.39342,0.23795,0
3.4388,-1.20836,0
2.88793,-0.33727,0
0.1058,0.36944,0
2.18989,0.35589,0
1.6906,-0.89919,0
1.0122,-0.32802,0
3.33385,0.43226,0
2.14578,-0.82752,0
3.49614,0.77597,0
-0.279,0.83908,0
0.70448,0.81882,0
0.30338,-1.06976,0
2.21977,0.40098,0
1.25047,0.3955,0
1.0939,-1.15552,0
3.2972,-0.55402,0
2.465,0.72814,0
1.67821,-0.45842,0
2.07742,0.4616,0
-0.12096,-0.22567,0
1.2556,0.38172,0
3.4961,0.83688,0
0.31003,1.0499,0
0.86399,-1.08995,0
0.41832,0.63935,0
2.9428,0.06986,0
3.3011,-0.83597,0
0.55802,1.06775,0
1.38345,-1.0504,0
3.34773,0.54604,0
1.40409,1.17725,0
1.51605,0.95432,0
0.5368,-1.13852,0
1.29983,0.59011,0
1.83189,-0.82379,0
0.83186,-1.0623,0
1.55828,-1.12285,0
0.03781,-0.19651,0
2.9436,1.24861,0
2.68001,1.0044,0
-0.0377,-0.19395,0
3.16099,1.0797,0
2.00585,1.0918,0
1.84238,1.02832,0
1.74972,0.2958,0
0.14011,1.0558,0
3.14142,-0.90583,0
2.97714,1.2457,0
3.07315,-0.66472,0
3.02791,-0.79975,0
3.33862,0.525,0
1.40923,-0.47814,0
2.81299,0.31007,0
1.56504,0.53121,0
1.09865,-0.27148,0
1.90858,0.93389,0
-0.27349,-1.18634,0
0.01285,-0.93486,0
2.55514,-0.68043,0
0.19446,1.13645,0
1.96863,-0.19017,0
1.90764,1.10626,0
2.76539,0.16902,0
2.69822,0.74123,0
1.1831,-0.53766,0
0.28769,0.09326,0
0.61731,-0.62295,0
-0.23877,1.04243,0
2.72185,-1.17245,0
1.91733,1.09717,0
0.04579,1.00265,0
0.04858,0.58207,0
3.08334,0.33216,0
3.05125,-0.89915,0
1.507,-1.02944,0
2.95652,-0.15395,0
1.9422,0.93628,0
3.20767,-0.52469,0
2.31383,-0.28557,0
2.01624,0.0987,0
-0.10184,-1.14719,0
1.73139,-1.0194,0
2.25878,-0.36802,0
1.88212,-0.02697,0
3.49612,0.44921,0
1.17204,-0.66475,0
2.18575,0.88116,0
0.50737,-0.30841,0
1.26756,-0.35639,0
1.29014,0.34648,0
0.30687,0.44015,0
0.23078,-0.97002,0
1.61873,0.12076,0
0.98707,-0.25772,0
0.77086,0.22437,0
1.05966,0.7046,0
-0.21034,1.21982,0
0.09343,0.25329,0
1.56363,-1.1767,0
0.79149,-0.70758,0
0.53371,0.44447,0
-0.48575,-0.61491,0
3.073,0.78247,0
0.31766,-1.01268,0
2.95409,-0.22622,0
-0.03161,0.22382,0
3.00143,1.08645,0
0.48454,-0.7597,0
-0.47801,0.82395,0
2.55465,1.24828,0
3.07846,-1.22274,0
2.05871,0.6895,0
0.24419,0.28721,0
1.57305,-1.13454,0
0.30004,-0.24104,0
3.15416,-1.10607,0
1.25306,-0.8089,0
0.86555,0.92768,0
1.69277,-1.22919,0
0.83742,1.12418,0
-0.41825,-0.49624,0
0.50933,-0.61873,0
0.61515,0.25801,0
2.19074,-1.15152,0
2.89319,-0.56378,0
0.62622,-0.26302,0
2.62919,-0.88757,0
1.50626,0.39185,0
2.68453,-1.01641,0
1.33744,-0.932,0
1.09491,0.57521,0
2.58597,-0.98687,0
1.79208,0.31031,0
1.0972,-1.06643,0
2.28508,-0.07084,0
1.03603,-0.42969,0
1.04667,-0.36029,0
-0.25657,0.52432,0
3.48003,-0.27826,0
2.93641,-0.79859,0
0.64221,-0.19689,0
1.14642,-0.84216,0
2.56373,0.45535,0
1.94259,0.97629,0
-0.1175,0.56659,0
3.42519,0.63498,0
2.70257,-0.58783,0
0.0841,-0.4436,0
1.36034,1.15466,0
0.10658,0.86394,0
2.2486,1.13732,0
-0.35062,-0.54195,0
1.21166,-0.56996,0
2.70968,1.16767,0
1.19907,0.87623,0
2.6796,-1.00304,0
2.2336,-0.43446,0
1.22241,-0.65264,0
-0.23958,1.13138,0
1.32787,-1.0202,0
3.39055,1.17125,0
0.09825,-0.0781,0
0.0813,0.67535,0
2.39322,-0.17036,0
0.88659,1.12942,0
1.77048,0.37049,0
2.72632,0.21228,0
-0.00421,-0.80558,0
1.09243,-0.60172,0
1.09713,-0.02517,0
2.55519,0.6633,0
0.46426,-0.0212,0
0.58615,-0.70834,0
0.24957,-0.75172,0
0.1318,0.22246,0
1.38908,0.0008,0
1.24343,-0.97154,0
0.93346,-0.51626,0
3.21535,0.34303,0
0.59454,-0.70039,0
1.59363,0.40308,0
1.1306,-1.19589,0
1.29789,-0.66274,0
0.39419,0.6846,0
-0.36349,0.82133,0
2.34233,-0.25668,0
3.22334,0.94623,0
1.06271,0.10461,0
3.02052,-0.50046,0
3.47551,0.95643,0
0.97589,0.18919,0
1.56407,0.56996,0
0.97657,-0.05783,0
0.9494,0.3743,0
-0.21894,1.03026,0
2.88522,-0.18758,0
2.99744,0.16093,0
2.83631,0.01859,0
1.01031,0.10933,0
3.12263,0.15849,0
1.43376,-0.19905,0
2.68132,0.82502,0
2.38321,0.18934,0
1.38252,-0.58187,0
0.03925,-1.09809,0
1.49062,0.63489,0
-0.16162,0.96923,0
0.10065,0.67493,0
2.3751,-1.0456,0
-0.28873,0.19724,0
3.26836,0.96028,0
0.00336,-0.91009,0
2.1891,-0.17436,0
1.47238,0.6481,0
0.19778,-1.24951,0
2.41032,1.07986,0
1.76624,-0.80796,0
0.35861,0.52977,0
0.77275,0.19417,0
0.43873,-1.18691,0
1.02715,0.59768,0
0.33333,-0.20176,0
1.14506,-0.53792,0
0.82509,-0.12536,0
0.97424,0.53062,0
3.13547,0.28574,0
2.0904,0.04572,0
1.24921,-0.07926,0
2.56502,0.50894,0
2.3009,-0.03303,0
0.38323,-0.02051,0
0.15587,0.55893,0
0.73767,-0.78499,0
2.51974,-0.94319,0
2.0691,1.06102,0
1.99079,-0.55954,0
2.06653,-0.08772,0
-0.35422,-1.00713,0
1.34289,0.40847,0
0.79917,0.62261,0
2.99725,-0.70432,0
2.674,-0.08557,0
0.89011,-0.09468,0
3.00916,1.03656,0
0.93725,0.08118,0
2.00366,-1.15463,0
-0.15754,0.66408,0
1.83641,0.27145,0
-0.26682,-0.11231,0
2.41533,-0.82019,0
2.58432,-0.10959,0
2.61244,-0.61955,0
2.58351,0.03429,0
2.83059,-1.03327,0
1.18831,-1.05472,0
0.82102,1.17717,0
3.34969,-0.78621,0
1.21324,0.27591,0
0.5137,1.00127,0
1.29757,-0.8353,0
1.55087,0.91953,0
1.69389,-1.10302,0
2.89914,0.43162,0
1.05436,-0.07225,0
1.12624,-1.15194,0
1.63008,0.39838,0
1.98606,-0.19424,0
2.71077,0.78158,0
1.16343,-1.18765,0
-0.22273,-0.84444,0
0.39637,0.29111,0
0.92993,0.08415,0
3.40578,-0.28268,0
2.5046,-1.20754,0
-0.25663,-1.151,0
2.2774,-0.45269,0
-0.20588,-0.19757,0
1.22231,0.78185,0
2.22713,-0.68583,0
-0.16524,-1.11921,0
2.92889,-0.51975,0
1.39679,-0.32958,0
1.66932,0.71146,0
0.03842,1.19405,0
1.24354,0.13095,0
2.42643,0.88545,0
2.60826,0.02793,0
2.75644,0.41809,0
1.49978,-0.09298,0
3.36038,0.99487,0
3.00981,-0.55466,0
2.51369,1.20068,0
1.67478,-1.05599,0
0.99071,0.68722,0
1.39321,1.12875,0
0.7593,1.06851,0
1.2189,-0.02944,0
1.46447,-0.35153,0
0.16421,-0.38629,0
-0.10821,-0.02279,0
0.52537,-0.15065,0
1.28858,-0.34878,0
2.74798,0.43783,0
1.88591,-0.67075,0
-0.22409,-0.26899,0
1.01642,-0.67165,0
0.78222,1.19718,0
2.37017,-0.05576,0
1.8551,0.16964,0
0.22471,-0.14373,0
2.76958,-0.99891,0
0.36405,0.31655,0
-0.06373,0.19548,0
-0.26436,0.71219,0
0.82241,0.46059,0
0.21519,-0.60111,0
0.78462,0.63606,0
2.60716,0.94358,0
-0.32592,0.4277,0
3.34131,-0.59286,0
3.12798,-1.13741,0
-0.07406,1.24755,0
2.62827,-0.29567,0
3.02071,0.3541,0
1.17299,-0.14271,0
3.34812,1.17763,0
0.50449,-0.32876,0
-0.0592,-0.24321,0
0.0791,0.07917,0
-0.13532,0.04874,0
1.40449,-0.80699,0
3.2625,-0.21572,0
0.71935,0.68996,0
0.1287,-0.17805,0
2.12206,0.57951,0
3.11553,-0.34943,0
-0.35648,1.18285,0
1.53682,-0.04327,0
2.07688,0.31713,0
1.76397,0.10137,0
3.37704,0.33211,0
0.57058,-0.37923,0
2.56845,-0.45211,0
2.49938,0.04776,0
0.84118,-1.16451,0
1.68502,1.18123,0
2.16048,0.7447,0
0.43424,-0.30697,0
0.12896,-0.55117,0
2.82227,-0.46995,0
0.34539,0.57945,0
2.75268,-0.84233,0
3.1087,0.1806,0
-0.19627,-0.44284,0
3.26832,-0.89112,0
0.95114,0.0238,0
3.23212,-0.89434,0
0.63357,1.03293,0
0.1631,0.51807,0
-0.27431,-1.10516,0
-0.37758,0.99486,0
2.64168,0.37829,0
0.19205,0.9697,0
1.78305,0.79887,0
0.42508,-1.12342,0
1.55775,0.87416,0
1.52033,0.52894,0
3.38082,-0.53104,0
3.12981,-1.24837,0
2.07347,0.49234,0
2.53463,0.55177,0
1.27854,-0.47255,0
2.71774,-1.15277,0
2.43884,-0.02598,0
-0.03844,-0.4362,0
2.69993,0.28749,0
0.66992,0.33505,0
3.39661,-1.15455,0
1.33659,0.98926,0
2.03083,0.73686,0
2.15116,0.39791,0
1.65902,-0.20859,0
1.04426,0.9105,0
1.18661,0.57863,0
0.18204,-0.01102,0
0.6844,0.46863,0
2.83257,-0.10609,0
0.15428,-0.71964,0
0.04351,0.21643,0
0.7232,0.38337,0
1.16296,0.97657,0
3.13306,0.00571,0
0.46068,0.98663,0
0.87165,-0.70113,0
2.86639,-1.2036,0
0.03627,-0.47752,0
0.56618,-1.12051,0
2.53202,-1.12711,0
0.38433,0.78411,0
3.27458,-0.39054,0
1.45176,-0.70264,0
-0.02808,-1.20801,0
1.64298,-1.09025,0
1.77472,-1.10222,0
1.04655,-0.99314,0
0.48478,-0.11752,0
2.76058,0.32844,0
3.04117,1.0402,0
0.15881,0.13122,0
0.79935,0.23995,0
0.49367,0.5271,0
2.39576,-1.19747,0
0.81395,0.41209,0
2.47009,-0.9135,0
3.20455,-0.30479,0
1.23683,-0.18592,0
2.18761,0.54773,0
2.3597,0.80111,0
0.54883,1.20431,0
3.09797,0.3293,0
1.53004,-0.99916,0
0.89019,0.74313,0
0.21811,-0.71583,0
2.74642,0.91333,0
1.14684,-0.18033,0
3.46414,-0.78002,0
-0.07997,-0.85616,0
3.04027,0.13452,0
1.3998,-1.20951,0
0.15638,-0.53337,0
0.48286,-0.92425,0
3.317,-0.1731,0
1.21606,-0.74817,0
3.37482,-1.02772,0
2.07595,0.46777,0
2.64806,-0.37531,0
2.20135,0.87942,0
3.38946,-1.01834,0
0.67064,-1.22054,0
0.74377,-0.47683,0
0.73708,0.66055,0
3.27695,0.83522,0
-0.12656,-0.27125,0
1.89851,-1.11884,0
3.09912,0.72116,0
2.2853,0.2629,0
0.58621,-0.36822,0
-0.00262,-0.87054,0
3.07453,-0.93461,0
1.81726,-0.17668,0
2.33769,-0.13857,0
2.63848,0.4103,0
2.66916,1.08163,0
1.52855,-0.6882,0
2.38281,-0.47052,0
1.64367,-0.88127,0
3.10266,0.48963,0
0.90165,0.70099,0
2.98056,-0.68734,0
2.7033,-0.62028,0
-0.41039,-0.97234,0
-0.119,0.70183,0
-0.17227,0.00182,0
0.10484,0.71852,0
2.9216,-0.78006,0
0.75626,0.44222,0
2.48712,-0.07465,0
0.49217,-0.88753,0
-0.07756,-0.83923,0
2.14111,0.21081,0
1.16599,-1.07969,0
1.63656,0.23931,0
2.64504,0.89609,0
3.39557,-0.78474,0
2.0409,0.55497,0
2.1788,0.32552,0
1.50962,-1.01118,0
3.3302,-0.4648,0
-0.42096,-0.28575,0
0.53169,-0.05384,0
1.67074,-0.8219,0
1.61231,-1.24802,0
-0.45541,0.68514,0
2.54834,-0.09708,0
1.61354,-0.85234,0
3.44063,0.73991,0
2.83163,-0.12052,0
0.90183,-1.22085,0
3.21741,-0.25038,0
3.35808,-0.96904,0
1.90408,0.31325,0
2.31965,-0.88272,0
1.53646,1.13893,0
3.18744,0.11124,0
0.42358,0.8195,0
2.09879,-1.07395,0
1.07078,0.4742,0
2.38515,-0.27858,0
3.3628,-0.35379,0
0.419,0.51094,0
1.43761,-0.57001,0
2.27627,-0.67055,0
0.68496,0.84754,0
0.55929,-0.14347,0
-0.03799,0.05692,0
3.33704,0.13468,0
3.29697,-0.69715,0
2.84725,-0.93546,0
2.60432,-0.29175,0
0.83339,-1.04669,0
0.06324,-1.10952,0
1.72257,-1.03556,0
-0.14198,-0.04015,0
2.99152,-0.16528,0
1.49385,-0.02835,0
1.38435,0.58153,0
0.05606,-0.75087,0
1.13466,0.63098,0
2.33102,-1.14695,0
2.39163,0.44177,0
2.46215,-1.20901,0
1.95208,0.11281,0
1.75667,-0.71388,0
-0.22961,-1.02638,0
2.12982,-0.75996,0
1.61436,-1.19351,0
1.35919,-0.83455,0
1.5663,0.67286,0
0.93468,0.61875,0
2.91611,-0.95887,0
2.50412,-0.14299,0
2.0019,-1.01748,0
2.35214,0.3336,0
1.50417,1.24578,0
1.21496,-0.5858,0
3.47847,1.21032,0
0.7708,-0.77321,0
1.25853,0.88117,0
2.20171,-0.33721,0
1.29879,0.04086,0
0.54591,-0.60057,0
0.47619,0.06655,0
3.35452,-0.98212,0
0.43165,0.08829,0
3.05122,-0.74134,0
1.81551,-1.06583,0
1.15115,-0.74755,0
0.61787,0.39641,0
3.27698,0.24322,0
1.78214,-0.50662,0
0.42347,0.53935,0
2.40565,-0.99765,0
0.80478,-1.10303,0
-0.19775,0.14507,0
2.85638,0.7905,0
2.72042,0.52367,0
0.7599,-0.68185,0
3.26489,0.57657,0
3.35508,-1.06256,0
2.74915,-0.69676,0
2.51225,-0.32526,0
1.94872,-0.42256,0
1.69103,-0.78247,0
2.33175,-0.57831,0
-0.45971,-0.54349,0
3.37173,-0.69407,0
1.86823,-0.58312,0
0.69099,-0.01951,0
3.29622,-0.22944,0
0.38347,1.2142,0
2.12225,-0.31463,0
0.38253,-0.9844,0
2.42585,0.4679,0
1.34528,-1.16463,0
2.28901,0.6898,0
2.62733,-0.68419,0
3.43307,-0.72747,0
2.43571,-0.20615,0
1.28866,0.91269,0
2.24016,-0.99172,0
2.78857,0.72654,0
0.04143,-0.44926,0
2.61139,-0.48125,0
2.19012,0.29424,0
1.48808,-1.11255,0
1.02749,-0.25269,0
0.37371,0.82784,0
1.53064,0.67202,0
2.17173,-0.39819,0
-0.36255,-0.80338,0
2.3648,0.56623,0
-0.22858,0.22343,0
0.60475,0.64296,0
2.66653,1.21715,0
3.47923,-0.09406,0
-0.36175,0.95933,0
1.48675,-1.2107,0
-0.27842,-1.06073,0
0.28088,-1.04431,0
2.9867,-0.40056,0
1.2023,-0.06209,0
2.0162,0.25846,0
1.31449,-0.34745,0
1.90152,-0.60979,0
2.16336,-0.90371,0
2.0467,0.59793,0
2.77688,-0.88947,0
1.48457,1.21481,0
-0.28149,-0.7352,0
2.98173,0.11672,0
3.44092,0.43572,0
0.95871,0.47187,0
3.17576,0.2106,0
1.23584,0.89672,0
0.65329,0.46624,0
0.70722,-0.51824,0
3.40145,-1.18664,0
0.71584,0.95989,0
3.17789,-1.15348,0
2.98434,0.54475,0
0.68454,-0.71428,0
1.04073,-0.76072,0
1.28769,-0.65309,0
1.19243,0.4061,0
0.9222,0.99924,0
0.75841,-1.00475,0
3.0503,0.72164,0
0.32322,-0.26439,0
2.07961,-0.722,0
0.22751,0.36732,0
2.73329,-1.03219,0
2.47621,-0.49305,0
1.4987,1.03197,0
2.21056,-0.54999,0
3.1051,1.05967,0
3.13283,-0.08026,0
2.26761,0.49152,0
2.55144,-0.41353,0
0.34254,-0.31199,0
0.99218,-0.70353,0
1.7548,0.16069,0
2.74064,-0.65493,0
0.26326,0.28413,0
-0.05277,0.24068,0
2.18242,1.14026,0
2.64544,-0.10694,0
0.2669,0.14469,0
2.58461,-0.4812,0
0.71651,0.97164,0
3.20348,-0.41592,0
3.42406,1.02137,0
0.57925,-0.75369,0
-0.42434,0.77733,0
1.17782,0.17631,0
3.03838,-0.67208,0
2.35182,0.47905,0
0.40739,-1.07368,0
1.03981,0.36598,0
3.11893,-0.84821,0
-0.4942,-0.49119,0
2.99381,0.84128,0
0.64051,0.03321,0
0.95123,1.05267,0
0.34582,-0.52894,0
0.60362,1.12696,0
0.28135,-1.15757,0
0.24114,0.05383,0
-0.16962,0.5046,0
0.49906,0.64363,0
2.35908,-0.02773,0
0.72035,0.20479,0
2.24069,-0.91365,0
2.41877,0.54143,0
1.0168,0.9602,0
2.41621,0.24282,0
1.91275,0.02022,0
1.68933,0.75978,0
2.58852,0.52285,0
1.64788,-0.20358,0
2.65168,0.43228,0
1.91621,-0.13191,0
2.04308,-0.16598,0
0.06663,-1.10361,0
0.92591,0.47269,0
0.03535,-0.73316,0
2.51685,1.05525,0
1.26658,-0.5987,0
1.19737,0.58525,0
-0.17034,-0.73153,0
-0.13629,0.98867,0
1.84284,1.04483,0
0.38808,0.90426,0
3.42156,0.05304,0
0.31622,-0.40748,0
2.97405,-0.67458,0
3.33096,0.1221,0
0.84679,0.33953,0
1.90377,-1.24794,0
1.90807,-0.7509,0
-0.12294,-1.04217,0
1.59317,0.33332,0
2.88537,0.80672,0
2.70644,-0.7352,0
3.28216,1.24148,0
0.72507,-0.04362,0
0.32504,1.22668,0
2.65145,-0.32727,0
1.93616,-1.24086,0
0.48248,-0.86289,0
1.57644,0.58285,0
1.81438,-1.20989,0
0.99673,-0.50564,0
0.99855,-1.20233,0
0.12728,-1.20186,0
2.49229,1.16083,0
0.02123,-0.38276,0
2.26496,-0.31639,0
-0.32381,-0.33166,0
0.59764,-0.57857,0
0.47132,1.19795,0
2.99466,0.07603,0
2.59214,-1.21764,0
0.23619,-0.40647,0
2.43524,0.29053,0
0.74079,-0.15237,0
-0.17326,-1.19045,0
2.28981,0.46865,0
0.10768,0.76496,0
1.61532,-0.30792,0
0.03856,0.92054,0
3.49107,-0.04976,0
-0.32504,-1.08964,0
2.41013,-0.76704,0
-0.46996,0.27552,0
2.33304,-0.89897,0
-0.14402,0.98766,0
3.33855,1.20054,0
2.63139,-0.40238,0
1.1167,1.09235,0
2.65378,-0.19304,0
0.49448,-0.26408,0
2.8406,0.44744,0
0.03735,-0.78681,0
0.0092,1.24965,0
0.46055,0.72667,0
1.7006,1.10809,0
-0.34621,0.59592,0
1.40622,0.35675,0
2.61259,0.26175,0
0.10607,0.47765,0
3.2988,-0.98911,0
2.8398,-0.41523,0
1.27467,0.38131,0
-0.38162,-0.9741,0
3.49858,0.49795,0
2.61921,-0.73516,0
0.19035,-0.68287,0
3.23946,-0.85563,0
3.01277,1.12348,0
1.85213,-0.00942,0
3.44229,0.51235,0
2.38705,-1.00465,0
0.84114,-1.23244,0
2.36244,0.62686,0
2.94069,-0.16836,0
0.81272,0.91222,0
0.03726,-0.75363,0
2.15955,0.3244,0
0.28759,-1.13866,0
1.66077,-1.04345,0
-0.37142,-0.95704,0
2.44961,-0.8633,0
3.13966,-0.05381,0
1.26806,-0.38927,0
0.8782,-0.64962,0
1.3236,-0.39049,0
0.25099,-0.577,0
1.7437,0.55292,0
0.25955,-0.32742,0
2.60673,-0.35804,0
0.67197,-0.78678,0
3.15147,-0.48415,0
0.57431,1.20533,0
3.48616,-0.98657,0
2.67249,0.1762,0
2.06989,-1.11226,0
0.92942,-0.17897,0
2.38515,0.33771,0
1.56491,0.3109,0
1.08784,-0.2035,0
0.79532,0.81884,0
2.73065,-0.8636,0
-0.27531,-0.66591,0
0.25981,-1.11918,0
1.20794,-0.80145,0
0.63305,-0.35749,0
0.03045,0.73711,0
1.46495,0.97095,0
-0.24758,-0.52451,0
2.33517,-0.1178,0
2.60586,1.21691,0
2.44625,-0.17621,0
0.99956,1.02947,0
-0.24861,0.91885,0
3.464,0.60629,0
-0.24849,-0.23922,0
2.4511,-0.57362,0
0.78689,-0.53553,0
0.00802,0.63557,0
2.70398,0.27144,0
0.41924,0.51621,0
2.05514,-0.36519,0
1.265,-0.15505,0
-0.15854,0.99185,0
0.44011,0.09338,0
1.74889,-1.12142,0
1.98808,0.08115,0
1.86881,-0.66695,0
2.39122,-0.99579,0
3.11282,-1.05008,0
2.39164,0.89314,0
2.85064,-0.57178,0
2.50149,0.25438,0
0.41645,-0.60861,0
3.33245,-1.083,0
0.95173,0.20717,0
1.02523,-0.30383,0
0.49899,-0.7103,0
2.4327,0.71734,0
-0.42065,1.21158,0
2.13777,0.25583,0
2.76844,0.292,0
1.89821,0.09563,0
3.31566,-0.40996,0
3.36376,-0.77084,0
2.67563,1.16702,0
2.53396,-0.75769,0
1.91541,0.51218,0
2.70702,0.43043,0
3.00287,0.09683,0
0.23268,-0.58053,0
2.90578,0.28376,0
2.26536,0.70931,0
1.71759,0.41102,0
0.51102,1.19535,0
2.41191,-0.6329,0
-0.36914,0.29543,0
2.57736,-0.04864,0
2.87288,0.61316,0
-0.39031,-0.42304,0
1.55307,-0.22001,0
3.15917,-0.05679,0
1.76108,-0.0592,0
1.80794,-1.03548,0
2.3606,-0.5089,0
3.23399,1.11027,0
1.50072,0.93934,0
1.20302,0.13469,0
0.76236,0.14348,0
1.73709,-0.14838,0
2.19644,1.06675,0
-0.26194,-0.03819,0
0.83653,-0.91128,0
0.37415,0.74853,0
-0.37924,0.60074,0
2.37811,0.71087,0
-0.4093,0.15634,0
2.90146,0.78607,0
0.64121,-0.21199,0
0.99773,0.98978,0
1.43853,0.92802,0
1.87874,-0.99936,0
1.41293,-1.09044,0
-0.38899,0.19018,0
3.0597,-1.17347,0
3.43674,-0.24207,0
1.74684,0.00285,0
0.67586,-0.66165,0
0.07475,0.40373,0
1.80684,-1.23677,0
2.20264,-1.23692,0
1.92895,0.69653,0
2.38544,1.18035,0
0.60367,-0.11885,0
2.68924,-0.7758,0
2.73908,-0.63395,0
1.71553,-0.61445,0
-0.03133,-0.63085,0
2.3066,0.83415,0
0.39406,-0.77209,0
3.06583,1.0641,0
2.22165,0.5302,0
3.19445,-0.41895,0
0.4138,-0.21018,0
2.07751,-1.01364,0
1.48233,-0.50047,0
0.80719,1.07768,0
0.55584,-0.25132,0
1.67065,0.60913,0
2.44498,1.13518,0
0.15719,0.43375,0
-0.24373,1.12826,0
2.68568,0.31762,0
-0.06341,0.36748,0
1.59755,0.00504,0
2.57326,0.23404,0
2.49332,0.07166,0
0.45915,-0.67638,0
3.00523,0.17475,0
-0.07962,-0.34376,0
0.42967,0.39686,0
2.57119,0.98264,0
3.19482,-0.00171,0
-0.08449,-0.94182,0
2.10855,-0.22139,0
2.75979,0.2948,0
-0.30334,0.841,0
3.2187,-1.09979,0
0.30652,0.49517,0
1.33246,-0.34964,0
1.39629,1.17261,0
1.27913,-0.93168,0
-0.16403,-1.21824,0
2.22989,0.15133,0
-0.34912,-0.89429,0
3.36782,-0.4086,0
2.15557,-0.20299,0
3.08607,0.3626,0
0.05502,0.97453,0
2.01894,-0.73261,0
2.78217,0.05941,0
3.30807,-1.00928,0
2.22542,-0.01977,0
2.50724,1.23838,0
3.46417,0.28992,0
1.84531,0.64486,0
-0.01098,-0.43293,0
2.9809,0.53511,0
3.13505,0.50819,0
3.41097,0.41931,0
2.92458,0.85273,0
3.47268,-1.11215,0
2.61877,-0.61263,0
2.03117,-0.93246,0
1.2611,0.10497,0
-0.06384,0.91674,0
1.67486,-0.69464,0
0.82899,-0.07181,0
1.12758,-0.96708,0
0.91432,-0.19507,0
3.41915,1.23115,0
0.95855,0.70441,0
3.27499,-0.91981,0
-0.01865,0.3018,0
3.45215,-0.089,0
1.65389,0.48761,0
1.19405,0.58417,0
0.64667,0.11438,0
1.9254,0.28635,0
1.8755,-0.74531,0
-0.36085,1.18947,0
1.37379,-0.32104,0
1.91691,-1.10956,0
0.43983,-0.42498,0
1.98898,-0.8037,0
3.31537,0.39874,0
2.74883,0.32183,0
1.72337,-0.8815,0
2.41004,0.86361,0
0.81746,-0.75909,0
1.17257,-0.56428,0
2.20159,0.28874,0
1.02579,-1.21392,0
2.65517,0.79825,0
0.45849,1.24869,0
-0.34105,-0.48814,0
-0.31166,0.84892,0
1.70813,-1.14645,0
1.15304,-1.03367,0
0.13516,-0.76941,0
2.56896,0.90514,0
0.71768,-1.23241,0
2.7483,-0.84577,0
0.8001,-1.20896,0
0.2796,0.91893,0
0.03827,1.00244,0
0.37789,-0.43229,0
3.37848,-0.10997,0
1.11978,0.37661,0
1.77231,0.9597,0
-0.03496,-0.39575,0
3.33052,-0.44412,0
0.49842,0.0078,0
2.98876,-0.2953,0
2.61041,0.14604,0
1.7632,-1.1444,0
1.61222,-0.56889,0
3.28392,-0.12268,0
2.57966,1.22512,0
0.08696,-0.72577,0
2.45534,-1.22105,0
1.27781,-0.81279,0
1.84111,-1.02108,0
2.77252,0.55367,0
2.26062,-0.01983,0
3.23365,-0.76712,0
-0.28534,-0.72614,0
0.66519,0.13224,0
1.41104,0.94175,0
0.70078,-0.98993,0
2.63516,-0.23315,0
2.56041,-0.46731,0
2.38953,0.59603,0
1.47365,1.06793,0
3.44535,0.64375,0
2.01428,-1.23531,0
2.18694,0.54032,0
3.1332,0.84204,0
1.65123,-0.98237,0
1.15686,0.40051,0
2.13198,0.28364,0
2.82588,0.53888,0
2.13551,0.14204,0
3.43403,0.11274,0
1.43026,-0.5071,0
3.44415,-0.19929,0
0.69606,0.95513,0
3.49772,0.88565,0
-0.08212,0.8642,0
2.85269,-0.69482,0
2.14322,-0.93229,0
3.09054,-0.19546,0
2.39427,-0.53334,0
1.71577,-0.33737,0
-0.4637,-0.40404,0
2.25364,0.87394,0
3.25603,-0.08012,0
0.09475,-0.21995,0
2.35804,0.37776,0
3.16162,-0.13647,0
1.94127,-0.96367,0
0.10359,0.8474,0
1.11761,0.08513,0
3.05375,-0.54839,0
2.06748,0.80882,0
0.42318,0.17481,0
-0.42534,0.50385,0
1.25848,1.01265,0
2.94841,-0.11116,0
0.85765,-1.21773,0
2.84347,1.13889,0
2.08439,0.54227,0
2.24689,0.97787,0
1.15804,0.44199,0
2.02723,1.16334,0
1.87526,0.53546,0
3.19915,-0.75887,0
2.94699,-1.03272,0
0.16958,-1.24258,0
0.28279,-0.97131,0
-0.05556,-0.13786,0
0.53768,-0.61081,0
0.39939,0.16039,0
2.17759,0.40738,0
2.44655,-1.18653,0
3.03089,0.56828,0
1.07338,0.43173,0
2.38033,-0.94999,0
1.86203,-0.73307,0
2.64893,0.51395,0
0.7289,0.63818,0
0.08382,-0.64458,0
1.47683,0.68922,0
2.85246,0.81166,0
1.1244,0.96342,0
-0.0929,1.01277,0
2.19266,0.08309,0
2.26053,1.22329,0
1.41455,-1.23436,0
-0.19843,0.48296,0
0.90095,0.77691,0
0.28978,0.75093,0
0.40572,-1.07746,0
0.21063,-0.42332,0
-0.33833,1.02717,0
0.59073,-0.99244,0
0.66871,-1.05746,0
3.27596,0.56993,0
-0.25817,-1.24386,0
0.02545,0.6396,0
2.36757,-0.06207,0
2.50356,0.40998,0
0.84437,0.23603,0
-0.29327,0.45377,0
0.73893,-0.13197,0
2.97553,1.18679,0
3.23194,-0.1504,0
3.202,-0.17118,0
1.68932,0.04218,0
0.80556,0.50427,0
0.20958,0.8631,0
2.44678,1.09035,0
2.96335,-1.14576,0
0.67578,-0.52573,0
3.22033,0.38243,0
0.746,-1.11755,0
2.72474,-0.95311,0
2.1479,-0.36254,0
3.41668,0.80582,0
1.05645,1.18932,0
2.71781,-0.01658,0
2.23901,0.02326,0
-0.4058,-0.47895,0
2.78996,-0.85897,0
2.37509,-0.11128,0
2.31764,0.80268,0
0.00042,0.60957,0
0.52557,-0.85382,0
2.56366,0.32113,0
2.65168,1.08436,0
2.37018,0.05347,0
1.10729,1.16474,0
3.07327,-0.73859,0
2.15449,-0.41356,0
-0.30607,-0.94905,0
0.36433,1.03761,0
0.24027,0.59381,0
2.63466,-0.85589,0
2.94762,0.44936,0
0.75289,0.29709,0
0.52999,-0.71979,0
1.29376,-0.96016,0
0.97259,0.28708,0
2.31559,-0.65812,0
0.33384,0.14852,0
2.81296,-0.55009,0
2.28642,-0.66484,0
1.38948,-0.52642,0
2.70339,-0.11304,0
0.1562,-0.73788,0
2.2649,0.5515,0
1.74685,1.20139,0
-0.38904,-1.04841,0
0.29955,-0.34345,0
2.22296,0.32173,0
1.09412,0.2578,0
1.30549,0.72645,0
1.91624,-0.23906,0
-0.39586,0.80088,0
3.02769,1.05001,0
2.12322,-0.96297,0
0.61011,-1.2087,0
-0.42077,-0.3033,0
0.6336,-0.62355,0
0.97513,-0.23567,0
2.24901,-0.12873,0
3.06261,0.01311,0
1.07737,0.14821,0
2.32624,0.23419,0
-0.15415,1.17602,0
0.32411,1.02524,0
2.86086,0.65334,0
1.26186,-0.06799,0
3.16118,0.52224,0
2.45161,0.5591,0
3.38714,-0.42528,0
0.99507,1.12459,0
1.88911,-9e-05,0
3.48043,-0.21622,0
3.31355,0.91544,0
-0.07892,-0.15599,0
0.04037,0.32639,0
2.01516,-0.59481,0
2.91755,-0.64889,0
3.34408,0.01724,0
3.10512,0.79463,0
0.03236,-0.33453,0
-0.0439,0.64272,0
1.56466,0.76725,0
3.25811,-0.62939,0
2.81325,0.35149,0
1.36202,1.19545,0
1.37743,1.01757,0
3.34463,0.1847,0
1.79069,1.18898,0
2.32116,-0.15708,0
2.71223,0.17986,0
1.48064,-1.1664,0
1.25658,0.3797,0
1.86525,0.90759,0
1.72484,-1.05424,0
1.64745,0.98173,0
1.87258,0.4726,0
-0.40464,1.05302,0
-0.30103,0.16376,0
0.59564,-0.73885,0
0.88394,0.43681,0
3.43883,1.11896,0
3.45238,0.83401,0
1.69961,1.05393,0
0.9659,0.77589,0
2.85841,-0.9908,0
1.40053,0.11739,0
2.94459,-0.74282,0
2.2274,0.41909,0
1.78001,0.12324,0
1.11679,0.09171,0
0.61764,-0.54337,0
0.56563,1.17347,0
3.04995,-0.18199,0
2.7136,-0.52057,0
1.26929,-1.12976,0
3.18127,-0.11235,0
2.76283,0.99066,0
2.75561,0.34262,0
2.94454,0.348,0
1.51056,0.80191,0
1.5852,0.16194,0
-0.48653,-0.70014,0
-0.27146,-1.20349,0
3.25928,0.02173,0
2.28514,-0.35733,0
1.75447,1.24948,0
1.30996,0.47217,0
0.34495,-0.54222,0
1.49505,-0.53976,0
1.47288,-0.14058,0
1.30185,0.72551,0
2.94967,-0.29999,0
0.76849,-0.63818,0
2.86808,-1.16297,0
2.66098,0.03215,0
2.6429,0.3178,0
0.23183,0.66321,0
2.66264,1.07405,0
1.88413,-0.29347,0
3.42486,-0.13636,0
3.07601,0.94556,0
1.73567,-1.0893,0
2.60465,0.30335,0
1.18505,0.42996,0
0.40286,1.24497,0
3.39377,-0.94099,0
1.36165,-1.17881,0
3.35938,0.79071,0
1.65167,-0.5414,0
0.94982,-0.02789,0
0.27031,-0.50819,0
0.0475,-0.98947,0
1.73983,1.20648,0
-0.47684,1.13247,0
2.64548,-0.09437,0
-0.24715,0.4257,0
3.0953,0.58021,0
2.82617,0.5784,0
1.94914,0.49471,0
0.383,-0.52693,0
2.52553,0.73281,0
0.63294,-0.62128,0
1.92325,-0.90007,0
-0.09916,1.19999,0
2.92704,-0.40485,0
3.46936,0.59451,0
2.44254,0.63119,0
0.0936,1.2136,0
2.15177,0.69194,0
-0.43011,-0.27111,0
1.11687,1.08644,0
0.57257,0.05238,0
0.47909,0.97859,0
2.32449,0.23508,0
1.29021,-0.47571,0
3.2507,-1.23506,0
2.58774,-0.67691,0
1.67787,0.82325,0
1.97926,-0.95998,0
0.73364,-0.08765,0
1.63477,-0.99446,0
0.25188,-0.24086,0
2.09714,0.48886,0
2.47533,0.11024,0
2.84563,-0.6221,0
1.0724,0.37046,0
2.25638,0.80909,0
3.34244,-0.81961,0
2.65827,0.82828,0
1.27705,-0.34122,0
1.97159,1.10017,0
2.2316,0.57242,0
2.23572,-1.15405,0
1.73466,-1.22693,0
-0.01031,0.05386,0
1.6711,1.14735,0
0.91683,-0.49216,0
0.34433,-1.06863,0
3.29614,-1.14434,0
2.48524,-0.93536,0
2.12747,0.30995,0
2.0502,0.5231,0
1.68025,-0.43249,0
1.00022,0.99828,0
0.19816,-0.42389,0
3.43825,-0.07685,0
-0.07856,0.75346,0
1.39466,0.00047,0
1.50476,1.12055,0
2.58061,-0.18347,0
0.54742,-0.50128,0
0.31109,0.46902,0
0.60488,0.85338,0
1.08316,-0.37149,0
3.39834,-0.36992,0
-0.27216,1.03452,0
0.112,0.01454,0
0.37507,0.93867,0
2.45515,0.18413,0
-0.14054,-1.03498,0
-0.19061,0.69761,0
-0.01938,-1.24691,0
-0.18266,0.2537,0
1.94804,-0.34733,0
2.13662,-0.74581,0
-0.29813,0.52076,0
0.03755,0.28548,0
0.80878,1.22134,0
2.767,0.45826,0
0.74603,0.65213,0
1.32934,0.21393,0
3.24158,-0.47499,0
2.15589,1.12664,0
2.31213,0.13261,0
3.10409,-1.23487,0
0.11668,0.72173,0
0.6932,0.06823,0
2.8365,-0.17871,0
2.3719,-1.03964,0
2.56748,-1.15764,0
1.65767,-0.47302,0
3.36964,-0.63858,0
0.37464,-0.65117,0
2.1685,1.16751,0
3.18949,-1.15287,0
-0.23123,0.4081,0
0.0933,0.47631,0
2.037,0.98813,0
0.12674,0.57663,0
1.12242,0.21983,0
3.36777,-0.11787,0
1.96971,0.12214,0
3.07995,-1.15411,0
0.3489,-1.20793,0
-0.41718,-0.65526,0
2.11036,-0.72202,0
2.32195,-0.1247,0
2.6446,-0.0394,0
2.01477,-0.30537,0
0.4922,-0.40202,0
-0.15629,-0.68813,0
0.14681,1.084,0
2.41504,0.69646,0
2.96709,-0.7721,0
-0.43555,0.46896,0
-0.48292,-0.6751,0
2.70433,-0.1131,0
1.23716,-1.09521,0
1.01753,0.58416,0
3.14974,0.75264,0
1.39836,-0.58623,0
-0.3684,-0.27481,0
1.53801,-1.19676,0
2.15666,-1.08755,0
2.1265,-1.02142,0
1.71834,0.55304,0
-0.21052,0.31926,0
0.0401,-1.23374,0
0.79349,-1.07638,0
0.64057,0.38088,0
0.09043,0.19851,0
3.01465,0.63055,0
2.20874,-0.78986,0
1.24825,-0.2977,0
1.66088,0.02473,0
3.19869,-1.20182,0
0.6371,0.03626,0
1.13002,-0.23995,0
-0.0545,-0.10254,0
0.21812,-1.09047,0
0.76562,0.51516,0
2.43826,0.17496,0
1.61606,0.69384,0
3.01255,-0.3909,0
0.97461,0.07506,0
0.92401,-0.32971,0
2.90811,-1.14438,0
2.74442,0.04283,0
2.98056,-0.66518,0
0.10389,0.16963,0
1.12572,0.74713,0
1.49785,-1.08364,0
1.07587,0.85813,0
2.71642,-0.66681,0
-0.02851,-0.31037,0
-0.09403,-1.12646,0
-0.04377,-0.36655,0
2.98726,-0.07746,0
-0.42108,0.9728,0
-0.06133,0.7409,0
0.36604,-0.93077,0
1.47456,0.27966,0
-0.02184,0.89479,0
0.90526,-0.9445,0
2.96149,0.68605,0
1.14054,-0.3412,0
1.50767,0.15567,0
0.51019,0.23029,0
1.84844,0.05031,0
2.00133,0.93539,0
3.46041,0.72071,0
2.48663,0.04341,0
2.60682,-0.22558,0
-0.03571,-1.0042,0
-0.29601,1.09348,0
2.80096,0.03096,0
-0.14291,-0.00904,0
0.60149,-0.46556,0
1.31537,-1.00031,0
2.05415,-0.76333,0
1.67206,-0.09472,0
2.96345,1.02216,0
2.08889,0.09924,0
0.19449,-0.24566,0
2.9422,-0.16716,0
2.68297,0.73262,0
0.68041,1.18487,0
2.38454,-0.26671,0
1.17355,-1.04636,0
2.25597,1.14657,0
1.06417,-0.13833,0
2.56935,0.36806,0
1.27618,0.78877,0
3.29079,1.22138,0
1.03893,-0.99652,0
2.1582,0.03796,0
1.81171,0.53459,0
3.18627,-0.91062,0
0.89214,0.25298,0
1.82044,-0.06749,0
1.37134,-0.25937,0
0.52092,-0.90559,0
2.21858,0.65523,0
0.90994,0.63344,0
2.57567,-0.12693,0
0.98598,1.08397,0
2.01744,0.08062,0
0.529,-0.20828,0
2.85753,0.4215,0
1.16625,1.11809,0
3.46266,1.15969,0
1.61326,-0.7377,0
0.71753,-0.24864,0
3.28478,-0.00685,0
1.67508,0.12908,0
0.66403,-0.29994,0
1.48237,-0.35137,0
2.26913,0.11013,0
1.88596,-0.3602,0
3.22906,-1.09015,0
1.96052,0.45603,0
-0.00939,0.24563,0
2.73864,-0.09858,0
0.89235,1.18426,0
1.16184,0.31835,0
0.67723,0.19928,0
1.62707,0.44545,0
2.02494,0.68583,0
2.26345,0.28495,0
0.0213,0.98755,0
3.03414,0.18362,0
-0.09327,-0.27007,0
0.35757,1.20397,0
3.43267,0.40761,0
1.77055,-1.15527,0
-0.12244,-0.96331,0
2.90522,-0.37963,0
1.05566,0.26095,0
2.66454,-0.29838,0
2.64865,0.42085,0
1.57475,-1.21944,0
0.77313,-1.13892,0
3.28641,1.16004,0
1.81232,-0.57212,0
1.50145,0.98999,0
1.42128,-0.20383,0
-0.36099,0.88426,0
2.65431,-0.70253,0
2.12968,-0.76876,0
0.56679,0.77012,0
-0.09064,-0.43734,0
-0.11826,-1.23953,0
0.71175,-0.70899,0
1.93313,-1.18986,0
-0.22937,-0.15435,0
1.10779,0.90142,0
3.31825,1.15417,0
0.55036,0.29751,0
2.57733,0.81621,0
3.30217,0.11553,0
2.51626,-0.27164,0
3.48138,0.84051,0
3.0522,-1.02667,0
0.17703,-0.93971,0
3.33536,-0.13471,0
1.28757,0.60509,0
1.26375,-1.0745,0
3.14124,-0.12047,0
0.36847,-0.74329,0
0.2948,0.94226,0
3.14429,-0.48226,0
-0.09175,-0.47341,0
0.91794,-1.15842,0
-0.26741,-0.57564,0
2.66256,-0.11822,0
1.74907,-1.13108,0
3.17637,1.04846,0
0.19065,-0.07274,0
-0.05446,-0.46434,0
0.15284,-0.20933,0
2.63419,-0.20522,0
2.93342,-0.31019,0
1.1157,-1.18259,0
2.24427,0.48465,0
2.8858,0.04813,0
1.67103,1.23473,0
-0.49813,1.01997,0
1.6224,-0.56453,0
0.67534,-0.4137,0
3.26916,-0.38922,0
-0.06584,0.20992,0
1.94317,-0.24096,0
0.66121,0.06156,0
1.71076,-0.7519,0
2.51543,0.61202,0
0.20659,1.04724,0
0.59512,-0.40121,0
1.71767,0.7978,0
2.82282,-0.13436,0
2.02964,0.1891,0
1.90868,-1.05824,0
1.06084,0.76963,0
1.38058,-0.98145,0
0.18197,-0.14027,0
2.89961,-1.1799,0
0.17506,0.50306,0
0.68845,0.13359,0
2.97352,-0.93148,0
2.63841,-0.62979,0
0.55206,-1.14455,0
1.30298,0.83049,0
1.94309,0.86643,0
0.16849,0.02806,0
-0.13149,0.83307,0
-0.06995,0.0702,0
3.13566,-0.25101,0
3.02236,-0.37093,0
3.31573,1.24261,0
1.0406,0.08791,0
1.26637,-0.49215,0
-0.39552,-0.43987,0
-0.26033,-0.26186,0
-0.17064,-1.00463,0
3.17399,0.61397,0
0.10598,0.77045,0
0.2673,0.65287,0
2.71418,0.63801,0
0.16744,1.07175,0
-0.22086,-0.30793,0
2.15055,-1.02267,0
0.42423,1.19968,0
-0.20817,-0.38829,0
2.41328,-0.53864,0
1.91865,-0.44258,0
1.56877,0.03296,0
2.95649,0.97929,0
2.61708,-0.43497,0
2.66749,1.22478,0
3.04088,-1.11125,0
-0.20433,-1.00702,0
1.11137,1.01597,0
3.13462,-0.80637,0
2.42772,0.35552,0
1.86698,-0.455,0
0.4891,-0.28654,0
-0.36002,0.17875,0
0.26384,-0.12898,0
0.47878,0.88081,0
0.04407,-0.23155,0
2.84377,0.02659,0
1.80365,-0.89505,0
2.89657,-0.19239,0
-0.12365,-1.12393,0
2.9188,-0.35512,0
0.81909,-0.28571,0
2.30178,-0.62139,0
1.39916,0.86725,0
2.62345,0.18319,0
0.57499,-0.51811,0
3.19229,-1.17069,0
0.69363,0.68,0
0.15683,-0.9354,0
1.33696,-0.65257,0
1.61499,0.66851,0
0.01224,-0.25795,0
1.72012,-0.85173,0
2.52976,0.73481,0
3.30627,0.16393,0
1.98636,0.97502,0
0.72812,-0.7197,0
3.05221,0.55164,0
3.06986,-0.26044,0
0.22158,0.1334,0
1.37126,0.71536,0
-0.2757,-0.19696,0
0.60634,-0.18488,0
3.02048,1.22007,0
0.00391,0.97003,0
-0.49293,0.97428,0
0.11219,-0.65492,0
2.72649,0.64039,0
1.07688,-0.19767,0
2.30221,0.469,0
0.96151,1.04361,0
1.31693,0.77305,0
0.96223,0.15361,0
1.48547,-0.0078,0
2.1337,-0.12691,0
1.18767,0.26854,0
-0.22943,0.61216,0
2.02559,0.9083,0
0.1327,0.48735,0
3.18483,0.98758,0
3.35928,1.0838,0
3.16629,1.18663,0
2.74867,-1.17411,0
2.50967,0.56381,0
1.8388,1.15818,0
1.58921,0.12623,0
3.29954,0.64967,0
3.25433,-1.0086,0
3.46157,-0.91144,0
2.56177,-0.25277,0
0.89311,-1.1047,0
1.45725,-0.67444,0
0.26926,0.76018,0
0.17367,-0.9812,0
2.51135,-0.35266,0
2.41036,0.19167,0
1.52578,-0.37699,0
2.60906,0.03012,0
2.93542,0.29568,0
2.46646,0.59321,0
1.66973,-0.54646,0
2.85932,0.53792,0
2.36469,-0.1905,0
2.64245,0.03459,0
0.78484,-0.22236,0
1.95995,-1.16072,0
2.60326,0.04319,0
2.03383,-1.02491,0
0.98597,-0.29947,0
1.10551,1.01305,0
2.21573,0.41931,0
2.7271,-0.50522,0
3.05253,-0.31097,0
2.95608,-0.14889,0
0.97091,0.04497,0
1.61847,-0.19786,0
3.28316,0.27977,0
0.88407,0.74181,0
2.39403,0.16733,0
2.57626,0.72925,0
2.2569,-0.80364,0
0.09176,-0.96956,0
1.03471,-0.46764,0
-0.10807,-0.38946,0
0.85342,0.81817,0
-0.27277,-0.1761,0
2.2534,-0.62933,0
2.96862,-0.52483,0
2.3133,0.78068,0
2.5142,-0.59914,0
-0.15008,0.32468,0
-0.28974,-0.57715,0
1.98578,-0.99954,0
0.13295,0.96189,0
-0.00743,0.02678,0
2.00137,-0.75807,0
0.74841,0.92052,0
1.70226,0.11349,0
-0.24115,0.26479,0
3.01503,-0.90618,0
0.58084,0.25608,0
2.37628,-0.03289,0
3.32402,-0.50028,0
2.24711,1.02546,0
1.08189,0.9622,0
3.17272,-0.04993,0
1.13888,0.2858,0
1.21705,-0.7222,0
0.01961,-0.31232,0
3.22333,-0.81101,0
0.74705,0.33207,0
2.58265,0.08804,0
2.69485,0.14093,0
1.78379,-1.12864,0
-0.10216,-0.68002,0
0.09213,-0.18271,0
-0.43058,-0.16356,0
0.59218,0.81061,0
3.11199,0.26417,0
1.57523,-0.67342,0
0.17807,-0.32289,0
1.87283,0.4393,0
2.67411,1.19956,0
-0.1026,0.66054,0
3.03014,0.63443,0
-0.44956,-0.81831,0
1.18298,-0.83865,0
3.08392,0.54836,0
2.25376,0.68556,0
2.27092,-0.03557,0
3.30537,0.78824,0
2.09796,-1.19273,0
0.23265,0.87139,0
-0.38424,-0.83463,0
0.10898,0.33742,0
1.77347,-0.68381,0
1.23778,0.69107,0
-0.00347,0.73561,0
0.09081,-0.18061,0
2.28085,-0.32699,0
1.47979,0.42407,0
3.1172,-0.35007,0
2.47179,-0.4762,0
2.0771,-1.00105,0
1.90158,-0.35948,0
0.82456,0.58467,0
1.99472,0.2032,0
2.58101,0.19565,0
0.71496,-0.18521,0
1.28202,-0.73658,0
0.76499,-0.65661,0
3.06328,0.30267,0
2.45207,-0.09342,0
2.29095,-0.62821,0
3.21117,0.6072,0
2.65004,0.31133,0
2.71523,0.88425,0
-0.27206,0.33112,0
0.83027,-0.42868,0
2.2639,-0.10775,0
0.1517,0.34111,0
0.93165,-0.55684,0
-0.30037,-0.93929,0
1.00552,-1.09362,0
2.54965,-0.01917,0
1.68649,1.17826,0
1.68015,-0.28011,0
1.29086,1.21614,0
1.92652,0.18294,0
2.45046,-0.39404,0
1.63263,1.23474,0
-0.26511,0.5603,0
0.08771,-0.33548,0
-0.21024,-0.48051,0
1.60919,-0.07707,0
1.88786,-0.42747,0
2.80523,-0.80925,0
2.39932,-0.30354,0
0.02856,1.21625,0
0.87496,-0.52316,0
0.71662,-0.16816,0
0.9023,0.59659,0
2.92617,-1.02939,0
2.2392,1.01671,0
3.41255,-0.90944,0
2.70931,0.0112,0
1.14872,0.49546,0
2.48374,-1.13781,0
1.4703,0.15254,0
0.17429,0.07822,0
1.41148,-0.39476,0
1.29781,0.57353,0
0.08409,-0.94279,0
-0.13284,0.39108,0
0.34411,-0.66658,0
3.3549,-0.17767,0
3.03627,-0.7719,0
0.5298,0.88843,0
1.17637,0.85218,0
1.52854,-1.03796,0
0.62802,0.90355,0
-0.3769,-0.16018,0
3.31879,-0.37755,0
3.16731,-0.26001,0
1.2282,-0.23554,0
2.31108,0.58929,0
2.91143,0.92126,0
1.75571,0.68133,0
3.31687,0.12256,0
0.43849,-0.94041,0
0.93574,-0.0645,0
-0.12606,0.44776,0
2.97066,0.41688,0
1.85706,0.12327,0
3.32158,-0.03369,0
2.83633,1.19443,0
1.04003,1.00872,0
1.34988,0.59099,0
1.97763,-0.53681,0
1.06093,0.53297,0
1.60162,0.76924,0
1.67243,0.04499,0
3.07086,-0.97909,0
0.8062,-0.71869,0
2.59276,-0.26713,0
2.24262,-1.23573,0
1.24002,-0.09191,0
2.41643,-0.86497,0
1.11061,-0.33005,0
0.80803,-0.92225,0
3.06108,-1.24769,0
2.58944,0.51869,0
2.51716,0.78442,0
3.38913,-0.15451,0
1.58632,0.47354,0
2.09776,0.66369,0
2.84061,-0.45054,0
0.63813,-0.1029,0
-0.45217,0.48783,0
1.30718,-1.00703,0
1.05241,1.07927,0
2.65136,0.87116,0
1.46113,1.14975,0
2.40081,0.98307,0
0.23118,-0.11703,0
1.18509,-0.27328,0
3.27211,0.2135,0
-0.21084,1.12227,0
2.66048,0.90623,0
2.32958,-0.4803,0
1.35707,0.8148,0
1.77931,0.71298,0
2.13388,-1.12209,0
0.9354,0.32496,0
1.39163,-0.47682,0
2.77029,0.97006,0
-0.01807,0.74774,0
1.24156,0.20887,0
1.31864,0.69556,0
3.28711,0.84065,0
1.31144,0.72997,0
3.39458,0.48392,0
0.25559,-0.90198,0
3.45379,-0.85637,0
1.21765,-0.3349,0
2.76213,-0.79306,0
0.01494,0.92074,0
0.97787,0.7279,0
-0.4219,-0.40613,0
3.40249,1.15081,0
2.35448,-0.39612,0
0.9301,0.81987,0
-0.20874,0.06246,0
2.10986,1.10711,0
2.51132,0.73003,0
1.79816,-0.90255,0
3.11464,0.32765,0
2.41412,-1.07072,0
-0.00276,-0.26883,0
-0.05908,-0.05125,0
0.46744,0.25513,0
0.04923,0.36582,0
-0.08529,-0.85496,0
3.33316,-1.24064,0
0.68652,-1.14315,0
0.58547,0.38442,0
1.37249,1.23409,0
2.22757,-0.39195,0
3.08785,-0.3838,0
0.90807,0.62786,0
2.56347,-0.20447,0
0.90171,-0.47071,0
1.86993,0.15408,0
1.77374,-0.17682,0
2.01055,0.03749,0
3.07258,-1.06085,0
2.24657,0.2295,0
-0.16816,0.33112,0
1.03129,1.0048,0
2.99361,0.61877,0
0.25958,0.53352,0
1.07874,0.55953,0
-0.05774,-0.08522,0
3.02661,-0.63584,0
-0.37535,0.69077,0
3.0498,0.39567,0
1.46251,1.13159,0
0.85234,0.18963,0
2.99409,0.02877,0
3.15225,-0.12058,0
0.85122,0.02794,0
-0.45095,-1.22518,0
-0.47989,-0.09124,0
1.0902,0.65365,0
1.46914,0.70151,0
3.45801,0.13822,0
-0.4716,0.41481,0
0.89933,0.9409,0
0.77603,0.21415,0
2.31038,0.90009,0
-0.41486,-1.00987,0
0.14859,0.96699,0
-0.42306,-0.98822,0
3.3291,-0.72244,0
1.71927,1.19539,0
-0.46953,-0.63375,0
2.21969,0.16917,0
0.0797,1.06887,0
1.91448,0.89667,0
0.99389,0.14215,0
0.61331,0.88115,0
0.18554,0.95868,0
1.7265,-1.08287,0
1.86245,-1.10838,0
1.98089,-1.14003,0
1.06668,1.05738,0
1.1166,1.0322,0
1.2334,-1.19948,0
-0.40255,0.63261,0
0.09092,0.89496,0
0.85055,0.43348,0
3.28905,0.31277,0
1.62652,-0.91681,0
3.37567,-1.21443,0
-0.24492,-0.87882,0
1.68126,0.16899,0
1.75736,0.26034,0
-0.49598,-0.24038,0
2.45189,0.05195,0
3.24987,-0.60617,0
-0.11226,0.61363,0
0.36444,-0.86606,0
3.28698,-1.06955,0
0.54618,-0.27037,0
2.8398,0.04796,0
1.26077,0.68506,0
3.49045,0.07612,0
0.62805,-0.68768,0
2.46994,-0.33135,0
0.88569,-0.08575,0
0.15865,-0.68709,0
3.37744,-0.52744,0
3.30882,0.66576,0
1.663,-0.93279,0
1.60025,-0.97901,0
-0.37521,-0.4141,0
0.14083,-0.25375,0
3.13267,-0.37623,0
2.63126,-0.70548,0
3.4333,-1.11866,0
1.58806,-0.19002,0
0.00224,-0.08336,0
1.76054,-0.46045,0
2.8926,0.24518,0
1.60005,1.24202,0
2.00366,1.14965,0
-0.41576,0.18573,0
-0.009,-1.08504,0
0.19615,0.42256,0
0.90964,1.01287,0
0.93915,-0.42763,0
1.6225,1.19038,0
1.25345,0.51847,0
3.49023,0.55827,0
-0.44655,-1.11901,0
3.31626,0.47393,0
1.22519,0.60201,0
1.33376,0.14309,0
1.14441,-1.2374,0
1.62941,0.62924,0
3.44669,0.33874,0
2.56881,-1.05548,0
2.77856,-1.21341,0
2.54364,-0.33675,0
1.71383,-0.90372,0
1.72719,-0.53949,0
2.42667,0.58318,0
3.31824,-0.73314,0
1.92577,0.05229,0
1.48249,0.20559,0
0.59031,0.72777,0
2.71448,0.68431,0
1.06805,0.98308,0
2.24695,0.24365,0
3.05976,-1.08322,0
3.35774,-1.23589,0
2.70702,-1.08518,0
0.46771,-0.43296,0
2.18448,-0.37055,0
1.16037,-0.24747,0
0.49944,-0.05387,0
1.55375,-0.30754,0
3.47736,0.9183,0
0.39616,0.26142,0
3.31919,0.9405,0
3.17421,-0.23825,0
0.05477,-0.99647,0
0.24042,0.33452,0
2.4595,0.40106,0
-0.32751,0.45995,0
1.54357,-0.55419,0
3.2713,0.17353,0
2.54826,0.7915,0
0.39948,-0.29842,0
0.48646,0.05772,0
1.21339,-0.76931,0
2.74934,-0.2176,0
0.95322,-0.11993,0
0.51621,0.62019,0
2.26059,1.04118,0
0.74674,1.18346,0
0.17689,0.70628,0
3.22514,1.01156,0
0.36772,0.04456,0
0.64777,-1.17379,0
1.11795,-0.31216,0
0.48059,-1.19702,0
2.59208,-0.54534,0
2.97553,0.98358,0
1.02186,-0.65563,0
0.8626,-0.84665,0
2.68053,-0.00118,0
1.27185,0.43963,0
2.27311,-0.86742,0
0.68489,1.00134,0
0.99218,0.33723,0
3.04305,-0.59742,0
0.31893,-0.2324,0
0.63662,0.02464,0
-0.03102,0.25682,0
-0.44919,0.65857,0
0.8047,-1.16324,0
0.14815,-0.81239,0
3.46501,-0.69277,0
1.31463,-0.24363,0
1.09624,0.46146,0
0.80713,-0.70066,0
1.8554,-0.06353,0
0.86496,1.21482,0
1.74056,0.67501,0
2.91161,-0.88321,0
0.61206,0.63462,0
0.13016,-0.76543,0
-0.441,-0.06402,0
1.04593,1.20616,0
1.76182,0.87091,0
0.0893,-1.14682,0
0.40079,-0.54763,0
1.66125,-0.98027,0
3.43478,1.06396,0
2.95521,1.20524,0
3.29138,1.13551,0
-0.34094,-0.82804,0
-0.43923,-0.57276,0
3.09624,0.37797,0
3.10392,-1.03478,0
2.04969,0.2495,0
3.15688,0.78126,0
0.84272,0.82062,0
0.01591,0.38645,0
-0.45087,0.92273,0
2.24965,-0.13151,0
1.12005,-0.12505,0
2.68645,-0.98322,0
0.51412,-1.20169,0
1.26127,0.98525,0
0.90647,0.91831,0
3.174,-0.12938,0
0.63791,0.50819,0
1.18148,-0.08819,0
2.6108,-1.00324,0
1.64963,-0.78611,0
2.99329,0.98975,0
2.50296,-0.48413,0
0.2193,1.22042,0
-0.34068,0.03347,0
-0.2048,0.28237,0
0.66403,0.46834,0
0.49712,0.8685,0
-0.40922,-0.18873,0
1.77518,1.15782,0
3.20478,0.46451,0
2.07757,-0.73145,0
3.44688,0.66136,0
1.81485,-0.01242,0
0.97648,-0.48756,0
0.8062,-0.44257,0
3.26096,0.94361,0
1.17581,0.64761,0
0.96122,0.7707,0
2.68184,1.02508,0
0.5418,1.15643,0
-0.35085,-0.41211,0
1.11775,0.83585,0
0.18718,0.05127,0
-0.26502,1.04825,0
-0.31437,0.30723,0
2.95318,1.04255,0
3.41033,-0.29513,0
3.25534,0.58108,0
1.7196,1.11861,0
1.70876,-0.41922,0
1.52387,-1.14146,0
1.82382,-0.77054,0
1.82776,-0.05773,0
2.68317,0.95109,0
0.34565,0.54681,0
0.92434,-0.50338,0
-0.09672,-1.14672,0
3.13922,-1.0693,0
0.75342,0.24103,0
1.19968,-0.48976,0
2.47368,1.19352,0
2.41854,-1.19296,0
-0.27809,0.34107,0
1.70371,0.89472,0
3.28241,-1.07378,0
1.50147,-1.1646,0
1.50784,0.94219,0
3.47694,-0.56513,0
2.62788,-0.51218,0
0.93045,-1.01508,0
0.69267,0.31939,0
2.96329,0.42496,0
0.99488,1.15516,0
3.13021,0.54439,0
2.4502,0.57269,0
1.58432,-0.68298,0
2.70397,0.24251,0
2.36964,-1.1665,0
0.92955,-1.08085,0
1.31685,-0.7077,0
-0.23257,-0.94232,0
3.42458,-0.62233,0
1.7144,0.67699,0
2.55405,0.37334,0
2.7089,0.68363,0
0.32186,1.01988,0
3.09808,0.8369,0
2.03591,-1.16433,0
3.34336,-0.42503,0
1.26366,-1.0194,0
0.60929,-0.04516,0
0.69411,-0.26201,0
1.72662,-0.48614,0
2.17296,-1.17861,0
1.90328,0.03864,0
1.50482,0.60643,0
2.11555,0.58738,0
0.13343,-0.56392,0
2.08801,0.74122,0
3.12666,0.66848,0
-0.01545,0.45143,0
0.50864,-0.25598,0
1.83936,-0.71647,0
0.07167,0.98418,0
-0.04342,0.99408,0
0.5082,0.29185,0
-0.22615,-1.14191,0
2.93903,0.87896,0
2.07075,0.89935,0
0.7368,-0.18674,0
0.33739,-0.94799,0
1.90962,-0.29885,0
2.00766,-1.123,0
-0.492,-1.08031,0
1.43971,-0.51382,0
2.67206,-1.00107,0
2.57782,-0.79742,0
3.32975,-0.69579,0
-0.15419,0.61213,0
0.51008,-0.47603,0
2.74682,0.2608,0
0.7438,-0.90376,0
0.1299,-0.84049,0
1.73791,-0.5898,0
1.71149,-0.18364,0
3.48325,-0.99557,0
1.03713,0.15653,0
2.657,0.69632,0
1.72634,-0.54441,0
2.59183,1.09495,0
0.02528,-0.10619,0
0.63298,1.09323,0
0.96604,1.1809,0
0.14283,-0.10698,0
3.43331,-1.04614,0
2.01634,0.50753,0
1.39703,-0.44583,0
-0.01178,-0.10208,0
1.06754,0.2303,0
2.57797,-1.20791,0
0.63042,0.59468,0
1.63792,-0.51001,0
2.15739,-0.68564,0
2.83126,1.19591,0
0.25674,0.42828,0
1.00729,0.30954,0
0.71808,-0.94109,0
2.74119,0.01934,0
0.71246,-0.40084,0
2.34004,0.26987,0
1.41161,-0.96126,0
3.30733,0.98926,0
0.61708,1.24719,0
2.40218,-0.35846,0
2.64636,-0.38068,0
1.87069,0.73009,0
-0.08074,0.54162,0
2.85025,-0.04626,0
2.50158,0.61618,0
3.16523,-0.20873,0
0.84923,-0.99944,0
0.00326,0.72004,0
2.74576,0.77283,0
0.46018,0.25525,0
0.24756,-0.14824,0
3.3324,0.31436,0
1.31174,-0.06311,0
2.93674,-1.13171,0
3.33423,0.27179,0
-0.49137,0.85727,0
1.68908,-0.66746,0
2.65228,1.10701,0
2.85793,0.02994,0
1.57363,0.80382,0
1.78214,1.04128,0
3.49624,-0.08389,0
1.82749,-1.10344,0
0.88706,0.57501,0
-0.27708,1.24795,0
1.09453,0.4029,0
1.10842,0.24867,0
-0.02386,0.0406,0
1.05399,0.56187,0
-0.15519,-0.87035,0
0.95805,-0.58882,0
3.27625,-0.23141,0
-0.37213,-0.8511,0
0.57543,0.19571,0
0.76298,1.19231,0
1.7672,0.17161,0
3.44291,-0.48808,0
3.2488,0.83896,0
1.47486,-0.94145,0
2.88982,-0.67188,0
2.71371,0.87578,0
-0.09959,0.97337,0
0.91231,-0.17823,0
3.22419,1.02187,0
0.92163,-0.60176,0
1.65954,-0.07062,0
2.34991,1.04231,0
3.34864,-1.07813,0
1.39221,-1.10936,0
0.99151,-0.17341,0
1.38252,-1.01547,0
2.08231,-0.98842,0
3.45756,1.19556,0
0.25684,-0.49059,0
2.91428,1.29995,0
3.51612,-0.95139,0
3.62545,-1.00125,0
-0.05855,-1.26843,0
3.01529,1.41673,0
3.0203,1.34981,0
2.70503,1.31071,0
0.90165,-1.29559,0
2.5662,1.36377,0
-0.23757,-1.32,0
-0.53924,0.91982,0
2.58425,1.30735,0
3.31182,1.45629,0
3.5227,-0.6326,0
3.58297,-0.77355,0
3.50865,-0.59479,0
0.20796,-1.29685,0
2.8914,1.26696,0
0.51627,-1.32433,0
3.53946,-0.34217,0
3.28764,1.30169,0
3.28212,1.37849,0
1.71505,1.25722,0
0.67966,-1.28329,0
3.51595,-0.78334,0
0.07294,-1.39184,0
3.17282,1.43444,0
-0.56475,0.76129,0
0.15602,-1.25204,0
3.50917,-0.86199,0
0.89347,-1.29518,0
0.70491,-1.33266,0
-0.1296,-1.31881,0
2.61835,1.25209,0
3.10344,1.34437,0
3.58811,-1.01246,0
0.9706,-1.30926,0
3.53521,-0.68042,0
-0.55954,0.69918,0
-0.50494,0.56559,0
3.59175,-0.79055,0
3.30253,1.32795,0
-0.50663,0.18765,0
3.50101,-0.53346,0
0.15472,-1.2904,0
3.12543,1.31912,0
-0.54027,0.48001,0
0.66443,-1.32341,0
3.51776,-0.24561,0
2.47868,1.28211,0
0.06714,-1.33059,0
3.03785,1.37192,0
-0.15688,-1.34157,0
2.71561,1.30057,0
0.18617,-1.26989,0
2.5093,1.34481,0
0.18186,-1.36471,0
-0.08832,-1.33859,0
2.5385,1.36395,0
1.03349,-1.26128,0
0.13642,-1.34127,0
2.34211,1.34572,0
-0.12565,-1.35296,0
0.05739,-1.30318,0
-0.50817,0.588,0
2.74134,1.33376,0
3.27366,1.36058,0
-0.52133,0.88367,0
0.03441,-1.34158,0
2.47691,1.25969,0
0.16648,-1.33266,0
-0.10989,-1.40486,0
0.99893,-1.26254,0
2.7276,1.31208,0
1.89976,1.25783,0
3.54153,-0.55184,0
3.54474,-0.74945,0
3.29238,1.28019,0
3.09525,1.2763,0
2.98343,1.31741,0
3.27605,1.29434,0
3.55025,-0.86791,0
0.37027,-1.31009,0
2.43218,1.3544,0
2.90953,1.35176,0
0.72328,-1.25707,0
0.53256,-1.323,0
0.65222,-1.25513,0
3.51993,-0.23397,0
-0.57382,0.86552,0
-0.1766,-1.33694,0
1.03949,-1.27211,0
-0.52133,0.84673,0
3.56043,-1.0161,0
3.56041,-0.62837,0
0.4935,-1.35321,0
2.14373,1.29134,0
3.57664,-0.85883,0
-0.22557,-1.4076,0
2.52362,1.2662,0
0.0824,-1.28472,0
0.246,-1.36241,0
1.70912,1.25602,0
0.3687,-1.34284,0
2.97602,1.27189,0
-0.12415,-1.32537,0
3.32852,1.32034,0
1.1586,-1.25029,0
2.27757,1.26165,0
0.55157,-1.35114,0
3.53288,-0.83557,0
3.51489,-0.5094,0
-0.23586,-1.40933,0
-0.53943,0.8452,0
0.5136,-1.36306,0
-0.50061,0.89541,0
-0.51787,0.16661,0
0.63229,-1.33352,0
3.57111,-0.89682,0
1.91586,1.25044,0
0.17365,-1.26808,0
3.57829,-0.91612,0
-0.5779,0.68223,0
-0.53568,0.97689,0
0.23694,-1.27243,0
2.2416,1.27436,0
0.0301,-1.28052,0
3.53789,-1.01772,0
3.5178,-0.68089,0
3.32156,1.38586,0
1.74751,1.26099,0
2.8656,1.26477,0
3.51804,-0.76381,0
3.21031,1.25555,0
3.0963,1.39999,0
-0.58229,0.75418,0
1.27076,-1.28338,0
1.13194,-1.25234,0
0.70862,-1.34419,0
3.50856,-0.90054,0
3.50594,-0.2394,0
2.26551,1.31097,0
2.89241,1.36741,0
-0.00384,-1.31239,0
2.20605,1.25205,0
3.58215,-0.69524,0
3.50975,-0.16991,0
0.24818,-1.38354,0
3.54422,-0.40614,0
0.4074,-1.32173,0
-0.57725,0.83796,0
2.88885,1.32028,0
3.20748,1.44686,0
-0.58511,0.82165,0
1.16738,-1.29421,0
-0.50134,0.54742,0
3.35501,1.26149,0
1.98988,1.26129,0
3.01879,1.29361,0
3.54395,-0.24433,0
3.31805,1.3514,0
1.40929,-1.2659,0
0.03871,-1.37619,0
3.52544,-0.09185,0
2.46393,1.27196,0
-0.27722,-1.45528,0
-0.54699,0.89786,0
-0.30497,-1.32362,0
1.29506,-1.27687,0
0.85793,-1.29091,0
0.89387,-1.25104,0
3.18257,1.40346,0
3.50869,-0.63919,0
-0.50099,0.88404,0
-0.5052,0.33534,0
0.28664,-1.26502,0
3.50322,-0.14198,0
1.16894,-1.27422,0
-0.3148,-1.25592,0
0.58876,-1.26392,0
2.49818,1.2713,0
0.08469,-1.27616,0
-0.5248,0.54799,0
-0.32484,-1.31872,0
2.25882,1.27263,0
2.09744,1.26401,0
3.55813,-0.81375,0
3.61915,-1.01441,0
3.51375,-0.51401,0
-0.55145,0.48022,0
-0.35533,-1.2574,0
3.00638,1.28039,0
3.55623,-0.3311,0
2.68763,1.37122,0
3.19903,1.2764,0
3.60819,-0.88455,0
3.55014,-0.37035,0
0.32474,-1.34287,0
2.99571,1.28731,0
2.82396,1.37786,0
-0.50252,0.72563,0
3.18365,1.28403,0
-0.61045,0.951,0
0.20143,-1.3157,0
-0.20328,-1.27537,0
-0.1051,-1.38975,0
-0.56794,0.66076,0
2.95012,1.39136,0
0.33407,-1.32969,0
-0.35753,-1.27272,0
0.63874,-1.30906,0
3.2288,1.27778,0
-0.12341,-1.27569,0
1.99189,1.29471,0
3.57246,-1.00488,0
-0.05237,-1.39143,0
0.39428,-1.26232,0
0.13113,-1.36103,0
2.49507,1.25929,0
2.47681,1.30635,0
2.63306,1.32138,0
2.81899,1.31101,0
2.95542,1.28138,0
-0.52079,0.54751,0
2.68888,1.34299,0
0.13286,-1.27042,0
-0.13249,-1.35412,0
2.60128,1.28499,0
1.41532,-1.26279,0
2.85279,1.33578,0
1.86177,1.28527,0
0.20378,-1.36855,0
3.58808,-0.87215,0
-0.57236,0.73771,0
3.50472,-0.79041,0
2.38211,1.35359,0
3.52643,-0.30233,0
3.57747,-0.65444,0
-0.32749,-1.3011,0
0.39157,-1.37707,0
3.12481,1.32097,0
-0.05253,-1.42292,0
3.51545,-0.28503,0
3.13905,1.37205,0
0.03871,-1.35812,0
-0.61787,1.01573,0
0.99214,-1.28657,0
0.59328,-1.31163,0
-0.12668,-1.2606,0
-0.25274,-1.2571,0
0.06071,-1.38902,0
2.95509,1.40508,0
0.42373,-1.34991,0
3.56496,-0.55014,0
3.06608,1.25456,0
2.92916,1.29583,0
1.87823,1.26372,0
1.27176,-1.27105,0
0.8925,-1.32027,0
-0.35296,-1.26852,0
0.10706,-1.40149,0
0.21868,-1.27146,0
3.53818,-0.53662,0
2.73042,1.33283,0
0.12993,-1.35427,0
0.41338,-1.33888,0
-0.58841,0.81887,0
0.42727,-1.35458,0
2.91618,1.26956,0
0.16547,-1.27241,0
0.90168,-1.32085,0
2.8727,1.35993,0
3.16778,1.3982,0
-0.14768,-1.34745,0
0.07724,-1.32109,0
-0.55687,0.71526,0
2.84585,1.34132,0
0.4159,-1.33609,0
2.06239,1.28797,0
2.24025,1.3327,0
3.57194,-0.59123,0
-0.26688,-1.28392,0
3.2449,1.3508,0
0.34297,-1.2561,0
3.56856,-0.65793,0
-0.52914,0.84545,0
0.32804,-1.2618,0
-0.30612,-1.43078,0
2.08923,1.3059,0
0.99044,-1.25737,0
2.94659,1.40076,0
2.78506,1.27963,0
0.46658,-1.3544,0
2.6712,1.3016,0
3.57536,-0.98525,0
1.65485,1.25715,0
3.59746,-0.91763,0
3.01422,1.32289,0
-0.10575,-1.28917,0
2.34092,1.26744,0
0.57707,-1.33453,0
3.34395,1.31457,0
2.2526,1.33643,0
-0.06626,-1.42729,0
0.78697,-1.33425,0
0.52276,-1.29311,0
-0.50907,0.44507,0
0.40491,-1.35415,0
-0.57843,0.83326,0
0.67243,-1.27415,0
0.76718,-1.26196,0
0.53818,-1.29895,0
2.68409,1.2698,0
-0.14257,-1.37694,0
0.30927,-1.25775,0
3.54461,-0.69692,0
0.63663,-1.29393,0
3.13698,1.3966,0
2.23503,1.25725,0
0.26549,-1.27863,0
3.54115,-0.91615,0
3.5783,-0.80465,0
2.72201,1.32703,0
1.34751,-1.26612,0
3.26909,1.2552,0
0.07451,-1.30648,0
-0.20293,-1.32097,0
3.57884,-0.92824,0
3.52449,-0.10544,0
-0.11455,-1.3604,0
0.23052,-1.2721,0
-0.53098,0.26734,0
3.5396,-0.3341,0
0.5298,-1.36178,0
3.55933,-0.61045,0
-0.11237,-1.36891,0
2.03451,1.31034,0
1.75179,1.26986,0
-0.52569,0.57977,0
2.50327,1.26361,0
0.88435,-1.29836,0
-0.55956,0.5639,0
0.0967,-1.39378,0
-0.52125,0.51932,0
1.97347,1.26665,0
2.33019,1.31584,0
3.36253,1.26386,0
3.56908,-0.68658,0
0.90199,-1.28138,0
3.52195,-0.87301,0
1.03156,-1.29627,0
0.20306,-1.27633,0
3.24673,1.29924,0
2.29913,1.27501,0
-0.05676,-1.29485,0
0.41331,-1.26008,0
0.76937,-1.27263,0
2.48276,1.33488,0
0.48455,-1.32477,0
2.46888,1.27071,0
2.44785,1.33894,0
0.10336,-1.34074,0
0.42411,-1.29411,0
3.56851,-0.99593,0
0.09201,-1.33091,0
-0.30369,-1.31251,0
0.25268,-1.3215,0
2.64372,1.29265,0
2.45315,1.34168,0
2.17046,1.30187,0
1.57461,1.26514,0
3.29804,1.32859,0
3.59109,-0.95805,0
0.1005,-1.27007,0
-0.17034,-1.33433,0
-0.5255,0.51693,0
-0.05384,-1.28852,0
1.87549,1.28161,0
2.80692,1.29841,0
0.22499,-1.38263,0
-0.22823,-1.32353,0
-0.12504,-1.41931,0
3.13963,1.4369,0
3.0616,1.41832,0
2.07669,1.30178,0
3.5481,-0.62387,0
0.49802,-1.28146,0
3.53109,-0.7906,0
2.02792,1.2703,0
3.5153,-0.86076,0
0.14312,-1.27248,0
2.73817,1.29878,0
-0.53164,0.36824,0
3.21833,1.31662,0
0.4894,-1.26064,0
0.62004,-1.35021,0
2.98183,1.41282,0
2.50936,1.34826,0
3.50452,-0.83225,0
3.53311,-0.52191,0
2.74735,1.26569,0
3.50902,-0.61604,0
-0.55488,0.46535,0
2.85566,1.35675,0
0.44296,-1.35641,0
-0.25214,-1.39782,0
3.28514,1.32164,0
-0.2414,-1.3434,0
2.21268,1.32195,0
-0.25626,-1.4183,0
0.68271,-1.32524,0
-0.04135,-1.30147,0
-0.53137,0.82737,0
3.14197,1.3328,0
-0.30878,-1.25027,0
0.89874,-1.25436,0
1.78338,1.26698,0
1.65184,1.25363,0
-0.52538,0.88545,0
-0.15205,-1.3288,0
3.34609,1.34215,0
3.53609,-0.51143,0
-0.15943,-1.27642,0
3.56512,-0.65992,0
2.87528,1.26356,0
2.91893,1.28391,0
3.50503,-0.22541,0
0.5147,-1.32263,0
-0.53963,0.8512,0
0.53987,-1.25868,0
2.86255,1.35465,0
0.83927,-1.26911,0
-0.52393,0.27762,0
0.50335,-1.25428,0
1.4975,-1.25596,0
2.31756,1.28438,0
-0.34153,-1.41475,0
2.77246,1.26396,0
-0.14003,-1.25032,0
2.55024,1.33728,0
-0.56328,0.81754,0
-0.25604,-1.32188,0
0.90973,-1.25017,0
0.29509,-1.28518,0
-0.5223,0.71803,0
3.31749,1.39141,0
-0.27848,-1.42366,0
1.14028,-1.28014,0
0.49653,-1.33165,0
3.142,1.3708,0
2.30358,1.26775,0
2.88885,1.34053,0
-0.31644,-1.3124,0
-0.51038,0.16291,0
3.60357,-1.0155,0
-0.0303,-1.41539,0
3.55283,-0.67984,0
3.05981,1.36231,0
0.41739,-1.27694,0
2.5675,1.28794,0
0.2522,-1.34635,0
2.40833,1.26486,0
-0.31978,-1.42073,0
3.55763,-0.82129,0
2.79752,1.37191,0
2.99235,1.32069,0
0.12893,-1.2713,0
3.59149,-0.96754,0
-0.26602,-1.31612,0
-0.09771,-1.25729,0
-0.54794,0.58741,0
2.31269,1.30358,0
-0.06074,-1.38204,0
0.1805,-1.26128,0
2.37739,1.30604,0
1.94113,1.27668,0
0.59952,-1.27225,0
-0.56048,0.98731,0
-0.52928,0.50365,0
0.12085,-1.36594,0
1.9161,1.26521,0
-0.53645,0.66413,0
3.04755,1.33723,0
3.35819,1.31199,0
3.20062,1.37608,0
3.51329,-0.20924,0
1.13465,-1.29193,0
0.09823,-1.40521,0
3.59925,-0.97879,0
0.67566,-1.33612,0
-0.6004,0.89329,0
3.57814,-0.80536,0
0.84772,-1.2546,0
2.61928,1.32457,0
1.07777,-1.26431,0
3.55194,-0.78166,0
1.99245,1.27417,0
-0.50732,0.07968,0
0.40594,-1.34379,0
2.69644,1.26002,0
3.5356,-0.40367,0
2.80015,1.25929,0
0.09523,-1.28325,0
-0.55902,0.53883,0
2.03608,1.27984,0
-0.35997,-1.26325,0
1.0993,-1.28772,0
0.48744,-1.36742,0
3.6103,-0.8893,0
2.35171,1.28965,0
-0.07694,-1.27326,0
3.52731,-0.20331,0
0.8064,-1.2911,0
0.09805,-1.34317,0
3.05429,1.33667,0
2.54059,1.35686,0
0.91343,-1.26704,0
-0.53905,0.32621,0
2.33435,1.33316,0
-0.19202,-1.33037,0
-0.32155,-1.42419,0
0.21043,-1.39846,0
0.14816,-1.25302,0
2.62759,1.34768,0
2.51517,1.28401,0
0.58962,-1.29341,0
-0.23729,-1.30393,0
-0.31408,-1.31949,0
0.28113,-1.31774,0
3.13074,1.39606,0
3.54097,-0.79391,0
2.23262,1.26857,0
-0.35689,-1.27652,0
-0.08354,-1.3665,0
0.68522,-1.33803,0
0.63,-1.31816,0
-0.5125,0.32955,0
2.81625,1.30565,0
-0.34305,-1.25004,0
-0.06492,-1.33855,0
3.12424,1.39551,0
-0.29863,-1.45892,0
3.54715,-1.00627,0
2.57712,1.33526,0
3.57552,-0.89231,0
0.62683,-1.30718,0
2.67434,1.27989,0
0.11576,-1.32212,0
0.20299,-1.40437,0
3.14105,1.32569,0
3.53439,-0.61489,0
0.95171,-1.27371,0
-0.50427,0.51722,0
2.2708,1.29813,0
3.24295,1.44063,0
0.08988,-1.31603,0
2.69757,1.28419,0
3.55503,-0.33736,0
0.49115,-1.28593,0
3.52723,-0.9822,0
3.03931,1.27624,0
2.9029,1.29608,0
2.81834,1.27182,0
0.57603,-1.26937,0
3.50085,-0.90752,0
-0.51653,0.7733,0
-0.20667,-1.29856,0
3.57229,-0.92283,0
-0.50639,0.36069,0
-0.53596,0.56597,0
2.69757,1.3475,0
-0.21613,-1.38935,0
0.60004,-1.35149,0
-0.23005,-1.37339,0
1.20741,-1.27125,0
0.92666,-1.28658,0
-0.10459,-1.42606,0
0.79409,-1.26516,0
-0.53145,0.6401,0
2.71328,1.26703,0
-0.07569,-1.30539,0
-0.09742,-1.27926,0
0.14071,-1.2649,0
2.89545,1.2591,0
3.56682,-0.62851,0
-0.60543,0.98473,0
0.50353,-1.28205,0
2.68409,1.35038,0
2.39236,1.25278,0
1.84479,1.27535,0
0.54682,-1.25639,0
3.18438,1.3391,0
3.04871,1.37061,0
-0.50863,0.89716,0
0.9171,-1.27379,0
3.52191,-0.85093,0
-0.55091,1.0196,0
2.31835,1.28083,0
3.11189,1.27656,0
-0.32151,-1.30195,0
-0.19928,-1.35559,0
2.93626,1.27067,0
3.51798,-0.33242,0
3.54879,-0.58681,0
2.40398,1.25417,0
-0.27364,-1.457,0
3.50849,-0.04568,0
2.92889,1.30413,0
0.97508,-1.31728,0
3.5003,-0.67889,0
-0.21693,-1.34339,0
-0.21349,-1.2996,0
-0.52755,0.43393,0
0.75686,-1.28784,0
-0.60712,0.9413,0
-0.3313,-1.41801,0
3.52959,-0.45363,0
3.59442,-0.93502,0
0.24038,-1.27649,0
3.52426,-0.93958,0
3.55592,-0.74218,0
-0.56937,0.77964,0
3.50845,-0.94348,0
0.9757,-1.27471,0
0.07536,-1.37978,0
3.5866,-0.65896,0
3.3245,1.39608,0
0.61838,-1.31373,0
0.49032,-1.32164,0
-0.52849,0.41897,0
0.78247,-1.25004,0
3.59464,-0.77214,0
3.31144,1.3268,0
3.0683,1.34333,0
-0.53686,0.92525,0
3.55326,-0.57027,0
2.55219,1.36214,0
0.02165,-1.32902,0
1.99737,1.30696,0
2.42423,1.27415,0
-0.56727,0.56147,0
3.53608,-0.28395,0
2.71181,1.2601,0
-0.51951,0.96095,0
2.70623,1.37147,0
2.71958,1.3751,0
-0.25294,-1.25935,0
3.10945,1.30801,0
3.52291,-0.58534,0
-0.52147,0.19366,0
2.35406,1.33508,0
3.56329,-0.80805,0
-0.3445,-1.39541,0
-0.54545,0.54593,0
3.30121,1.40409,0
-0.54952,0.80602,0
2.98289,1.38336,0
-0.50106,1.01159,0
-0.51663,0.62336,0
-0.19713,-1.34788,0
3.55342,-0.7904,0
0.26516,-1.32755,0
3.30932,1.41869,0
3.12473,1.31586,0
3.52753,-0.13596,0
3.58176,-0.67365,0
0.96436,-1.2768,0
0.5347,-1.36478,0
3.5478,-0.68814,0
2.06977,1.28823,0
1.23228,-1.2698,0
3.21446,1.25284,0
-0.07885,-1.29154,0
3.34053,1.3331,0
3.56855,-0.80708,0
3.13402,1.3368,0
0.93598,-1.30798,0
3.55791,-0.90371,0
0.37306,-1.35444,0
-0.25638,-1.42563,0
-0.54096,0.79011,0
0.83253,-1.29593,0
0.32124,-1.30662,0
-0.14581,-1.2906,0
2.62155,1.38321,0
2.83985,1.30437,0
1.65941,1.25368,0
3.50658,-0.34496,0
3.11199,1.394,0
2.98211,1.34076,0
-0.24278,-1.41349,0
0.02861,-1.41531,0
3.10416,1.30446,0
2.08658,1.25021,0
3.547,-0.45981,0
0.96419,-1.26286,0
-0.51004,0.33876,0
2.42603,1.35252,0
2.86127,1.31158,0
3.28384,1.43085,0
-0.29848,-1.45569,0
0.31913,-1.29744,0
0.09075,-1.374,0
1.11832,-1.2508,0
2.75894,1.39787,0
0.02881,-1.37821,0
2.60564,1.3126,0
3.54496,-0.22826,0
2.4273,1.35331,0
-0.31788,-1.2779,0
-0.174,-1.40306,0
-0.50301,0.23516,0
0.20515,-1.3682,0
0.92508,-1.32081,0
-0.0934,-1.34772,0
-0.51262,1.00889,0
0.0174,-1.3371,0
3.52994,-0.29953,0
-0.29991,-1.34643,0
1.38196,-1.27214,0
3.58393,-0.72658,0
0.32016,-1.28616,0
-0.58713,0.95961,0
-0.17621,-1.40483,0
3.31238,1.34,0
-0.52109,1.007,0
2.87578,1.30712,0
2.52131,1.30504,0
3.23329,1.30477,0
2.01182,1.25989,0
2.56431,1.26608,0
0.24913,-1.29166,0
-0.00205,-1.35344,0
-0.52735,0.79337,0
0.23595,-1.25939,0
3.22245,1.30612,0
3.61433,-0.8399,0
0.64958,-1.2753,0
2.50503,1.26974,0
-0.12938,-1.37281,0
3.25129,1.43164,0
2.49539,1.36544,0
2.81215,1.40357,0
0.92703,-1.29119,0
-0.08813,-1.32423,0
2.31113,1.3318,0
3.30887,1.44354,0
0.31379,-1.2892,0
-0.32445,-1.31525,0
1.80865,1.27941,0
3.50104,-0.72329,0
2.6144,1.25489,0
3.55923,-0.7264,0
3.55881,-0.98025,0
3.33599,1.37862,0
-0.5279,0.69195,0
3.34258,1.38096,0
0.10725,-1.40025,0
0.91446,-1.31082,0
2.86296,1.32812,0
1.09935,-1.30336,0
-0.35171,-1.26466,0
2.62496,1.35973,0
0.18985,-1.25744,0
0.55362,-1.25021,0
3.56447,-0.62612,0
3.08505,1.30343,0
0.70329,-1.28808,0
2.55574,1.33076,0
3.04967,1.40118,0
-0.28902,-1.38963,0
2.96159,1.34787,0
-0.2594,-1.34519,0
0.40659,-1.256,0
2.61763,1.36668,0
0.73403,-1.2574,0
2.51969,1.32866,0
0.07968,-1.324,0
1.81417,1.2883,0
0.73838,-1.32919,0
-0.00986,-1.32916,0
3.01578,1.2638,0
3.53411,-0.31933,0
2.41112,1.29292,0
-0.22372,-1.30459,0
2.85924,1.40332,0
-0.50276,0.54469,0
2.07397,1.27895,0
0.57323,-1.29216,0
-0.29933,-1.45703,0
3.60273,-0.93013,0
-0.52513,0.61848,0
0.19681,-1.32506,0
-0.52373,0.93305,0
0.18804,-1.25325,0
1.27563,-1.26358,0
3.22772,1.29733,0
2.63903,1.29695,0
-0.04076,-1.27625,0
3.53137,-0.99679,0
3.15932,1.38622,0
-0.08506,-1.29345,0
0.56853,-1.34471,0
-0.59946,0.95706,0
0.29993,-1.30145,0
-0.2866,-1.29448,0
0.14105,-1.39181,0
2.86879,1.3763,0
3.34076,1.28228,0
3.15907,1.37171,0
3.50497,-0.39692,0
3.50637,-0.90398,0
1.24926,-1.25108,0
3.3124,1.45337,0
2.24414,1.28989,0
0.04224,-1.33667,0
3.62242,-0.98749,0
0.63176,-1.33438,0
3.3621,1.32663,0
3.06329,1.32339,0
3.53214,-0.83147,0
-0.56127,0.60962,0
3.25483,1.27061,0
3.35964,1.42942,0
3.51997,-0.30253,0
-0.04411,-1.37177,0
2.34824,1.30881,0
2.72012,1.36783,0
3.15932,1.31013,0
-0.5031,0.42995,0
3.50828,-0.46104,0
3.53669,-0.98029,0
3.29727,1.33613,0
2.9052,1.29046,0
2.91383,1.32564,0
2.0716,1.26654,0
3.50327,0.14179,0
3.56972,-0.68915,0
0.20591,-1.27441,0
0.13787,-1.36343,0
0.89125,-1.25167,0
0.83795,-1.27763,0
0.72359,-1.28002,0
3.52577,-0.807,0
3.03058,1.41593,0
3.23645,1.3492,0
-0.58608,0.84943,0
3.54457,-0.97166,0
2.64528,1.35222,0
-0.14667,-1.42894,0
2.25754,1.3368,0
3.52414,-0.9716,0
3.55667,-0.60931,0
3.54916,-0.8018,0
2.85005,1.25504,0
2.54068,1.298,0
3.32768,1.38369,0
-0.50154,1.01794,0
0.06253,-1.31204,0
-0.54997,0.75173,0
0.01909,-1.39492,0
0.95901,-1.31956,0
-0.50703,0.96494,0
-0.18292,-1.38032,0
3.54625,-0.54293,0
1.04972,-1.28925,0
3.50651,-0.95927,0
2.58322,1.28918,0
3.00034,1.34321,0
3.53236,-0.97772,0
-0.60121,0.99443,0
1.91513,1.28739,0
3.2738,1.33383,0
0.03294,-1.31673,0
3.16056,1.39176,0
3.51175,-0.98183,0
0.47073,-1.3347,0
-0.16624,-1.4144,0
0.98163,-1.3138,0
1.05144,-1.26963,0
-0.53383,0.73358,0
-0.54234,0.7061,0
1.53626,1.25626,0
-0.294,-1.4369,0
0.16685,-1.30641,0
-0.28297,-1.36394,0
0.13048,-1.36746,0
-0.32818,-1.34328,0
-0.50997,0.85874,0
2.58989,1.27341,0
0.71881,-1.33981,0
3.59713,-0.74787,0
-0.52941,0.45048,0
3.17296,1.33049,0
3.53191,-1.01276,0
-0.57585,0.635,0
3.57244,-0.75401,0
3.05294,1.35633,0
-0.27263,-1.27926,0
-0.51932,0.5175,0
-0.56176,0.63656,0
1.27271,-1.268,0
3.6052,-0.79487,0
0.00047,-1.32692,0
2.4077,1.27948,0
0.95,-1.25677,0
-0.50815,0.68466,0
-0.55762,0.69449,0
-0.53463,0.97628,0
0.71951,-1.27518,0
0.01866,-1.35466,0
3.14562,1.3853,0
3.54588,-0.6663,0
3.50762,-0.58391,0
0.73449,-1.34389,0
3.52094,-0.03797,0
0.23382,-1.37644,0
0.03392,-1.28263,0
0.65782,-1.26013,0
3.54442,-0.43853,0
2.71362,1.30396,0
3.50075,-0.59039,0
-0.28956,-1.36344,0
1.27189,-1.27933,0
3.06303,1.3244,0
2.52125,1.26186,0
3.52474,-0.67288,0
3.32342,1.39064,0
-0.52746,0.71618,0
0.40714,-1.32347,0
0.23287,-1.31526,0
-0.50493,0.12729,0
0.79507,-1.30274,0
1.30138,-1.26567,0
3.34733,1.37299,0
0.02646,-1.2607,0
1.17525,-1.27223,0
3.55311,-0.33187,0
0.18488,-1.29108,0
2.98752,1.25557,0
0.80887,-1.32608,0
-0.29066,-1.33278,0
-0.59445,0.98159,0
3.52335,-0.69971,0
-0.15851,-1.38442,0
0.2727,-1.25529,0
3.56466,-0.61658,0
-0.58842,0.81621,0
2.75818,1.37747,0
3.04057,1.29456,0
1.00438,-1.30694,0
3.30232,1.33577,0
2.04123,1.31268,0
0.18804,-1.36077,0
1.82982,1.2709,0
2.82262,1.26991,0
-0.52773,0.69093,0
-0.59246,0.8788,0
0.93736,-1.3125,0
-0.33142,-1.45215,0
-0.55971,0.83954,0
3.53451,-0.86243,0
-0.53797,0.37625,0
2.89454,1.34866,0
0.05262,-1.28944,0
-0.24714,-1.29124,0
2.50243,1.32916,0
3.34417,1.42795,0
3.28613,1.38607,0
2.80261,1.37687,0
1.38152,-1.25929,0
3.53978,-0.17477,0
-0.02223,-1.29395,0
3.14699,1.27128,0
-0.04962,-1.27072,0
3.51315,-0.85105,0
3.26488,1.28146,0
3.05812,1.37242,0
-0.51331,0.3588,0
3.52477,-0.67819,0
2.20412,1.27108,0
-0.51703,0.28827,0
-0.20004,-1.36133,0
0.37229,-1.27151,0
0.82736,-1.31791,0
2.88893,1.35637,0
0.66649,-1.31405,0
-0.60123,0.91931,0
1.03827,-1.29093,0
-0.50815,1.00621,0
3.5638,-0.94544,0
3.54911,-0.54596,0
2.66749,1.29081,0
1.99125,1.25341,0
3.13287,1.35933,0
2.55064,1.34422,0
0.50105,-1.30042,0
3.27601,1.26222,0
3.14674,1.38356,0
-0.52986,0.59761,0
2.35829,1.3341,0
-0.54259,0.45101,0
-0.26912,-1.26823,0
3.35165,1.30246,0
-0.05892,-1.38362,0
3.55325,-0.88629,0
-0.08855,-1.43192,0
-0.24245,-1.39339,0
1.81355,1.27431,0
3.58708,-0.95077,0
1.7103,1.27627,0
0.04283,-1.28588,0
3.35626,1.37026,0
1.62046,1.26894,0
-0.25514,-1.40066,0
0.31123,-1.26555,0
-0.30874,-1.38331,0
1.88475,1.27068,0
0.96455,-1.27151,0
3.00624,1.27016,0
0.39376,-1.2561,0
2.858,1.34937,0
-0.53948,0.50962,0
-0.51542,0.79339,0
1.225,-1.28542,0
3.0958,1.43128,0
3.2508,1.44907,0
-0.10179,-1.34779,0
3.5973,-0.89046,0
3.56922,-0.71817,0
1.05276,-1.2612,0
3.19572,1.26707,0
3.51171,-0.82986,0
-0.50807,0.37324,0
2.12914,1.28764,0
2.38426,1.25508,0
0.93022,-1.30797,0
1.77818,1.28485,0
0.0992,-1.25221,0
2.97409,1.40629,0
2.8235,1.31178,0
3.55366,-0.29018,0
0.02763,-1.40653,0
2.98005,1.37117,0
2.82851,1.25176,0
3.53413,-0.44954,0
0.63005,-1.28422,0
0.0315,-1.39237,0
0.51415,-1.3559,0
2.75222,1.26457,0
2.57355,1.27886,0
3.27741,1.33071,0
3.53055,-1.0292,0
1.06875,-1.26648,0
-0.53011,0.41549,0
3.29368,1.44343,0
3.51394,-0.29372,0
-0.5602,0.89148,0
2.58188,1.31018,0
3.52727,-0.26766,0
3.60784,-0.8011,0
0.16262,-1.29368,0
-0.55439,0.68692,0
0.82962,-1.30529,0
2.37764,1.34363,0
1.93862,1.26831,0
2.48511,1.34944,0
3.29714,1.26109,0
-0.5295,0.40473,0
2.43533,1.36043,0
0.05245,-1.40498,0
-0.51616,1.02809,0
-0.54518,0.85501,0
-0.24319,-1.27479,0
0.449,-1.28055,0
0.39845,-1.33699,0
2.79194,1.30569,0
2.73901,1.2975,0
0.40841,-1.27255,0
3.01237,1.36486,0
3.16193,1.30886,0
-0.51197,0.47327,0
-0.54865,0.39809,0
3.07024,1.3033,0
2.48277,1.29404,0
3.00806,1.28653,0
2.45966,1.3488,0
2.22061,1.30079,0
-0.08513,-1.40523,0
3.54847,-0.85589,0
2.72221,1.35933,0
2.26657,1.32762,0
0.30181,-1.35666,0
3.27169,1.31914,0
-0.17575,-1.33232,0
-0.03996,-1.38756,0
2.73988,1.38569,0
-0.1976,-1.3784,0
2.341,1.26216,0
3.2117,1.39889,0
2.04167,1.27181,0
0.06026,-1.25114,0
3.60308,-0.94739,0
0.44751,-1.37716,0
0.58137,-1.31248,0
0.56542,-1.30144,0
-0.53892,0.92698,0
1.9335,1.29268,0
2.92083,1.37584,0
-0.26548,-1.42825,0
3.55876,-0.44395,0
1.749,1.28457,0
2.8951,1.26598,0
2.73007,1.25319,0
0.8006,-1.33676,0
3.52795,-0.88214,0
3.52379,-0.23382,0
3.62473,-0.957,0
0.16804,-1.38487,0
3.54697,-0.89202,0
3.13685,1.32767,0
2.09931,1.31114,0
0.65082,-1.32834,0
3.19685,1.36344,0
3.55845,-0.61074,0
3.62209,-0.93436,0
-0.54994,0.57004,0
3.08136,1.38853,0
-0.54768,0.84808,0
-0.15549,-1.40569,0
0.4561,-1.33394,0
0.60018,-1.30259,0
-0.50576,0.18631,0
3.51939,-1.01613,0
-0.26613,-1.4546,0
3.16627,1.30716,0
3.5346,-0.94023,0
3.18114,1.39073,0
-0.53355,0.71443,0
3.53474,-0.87722,0
2.90366,1.3286,0
-0.52727,0.27226,0
0.86215,-1.28173,0
2.65847,1.29964,0
-0.51742,0.79677,0
1.77891,1.26265,0
2.64294,1.38244,0
0.25262,-1.31526,0
0.01789,-1.38801,0
3.52174,-0.37377,0
0.94341,-1.30284,0
2.99644,1.32412,0
0.54138,-1.3151,0
2.80146,1.33911,0
0.59776,-1.27748,0
1.14187,-1.26733,0
0.11083,-1.2529,0
2.99159,1.34145,0
-0.53862,0.49803,0
0.69685,-1.26358,0
-0.50724,0.80748,0
0.2343,-1.33586,0
-0.33013,-1.35964,0
3.55482,-0.304,0
3.06638,1.29314,0
-0.54509,0.98412,0
0.229,-1.30871,0
-0.61187,0.9671,0
0.89319,-1.31836,0
0.60945,-1.30111,0
2.84065,1.2716,0
3.52866,-0.89432,0
0.76657,-1.27836,0
0.43729,-1.32421,0
3.3436,1.31871,0
3.56473,-0.56463,0
-0.52276,0.55928,0
1.72968,1.27483,0
3.55451,-0.30662,0
2.79526,1.28189,0
3.16364,1.43585,0
3.0414,1.32658,0
-0.11533,-1.28253,0
3.54138,-0.95965,0
1.33031,-1.2518,0
3.51923,-0.17521,0
3.5426,-0.38149,0
2.64496,1.26324,0
-0.03361,-1.30297,0
3.50429,-0.49675,0
2.62736,1.27651,0
3.08082,1.27946,0
1.9685,1.28957,0
-0.30246,-1.44096,0
3.52637,-0.52378,0
3.52828,-0.89626,0
-0.55165,0.91198,0
0.24673,-1.38686,0
1.81808,1.27665,0
2.10292,1.26297,0
0.48574,-1.27446,0
3.18218,1.39142,0
0.4479,-1.26433,0
2.42785,1.252,0
0.53802,-1.26183,0
3.10549,1.29343,0
3.32714,1.45575,0
2.21037,1.32341,0
0.34316,-1.25768,0
2.42486,1.35188,0
1.64931,1.27307,0
0.49053,-1.28906,0
3.5488,-0.87326,0
3.23198,1.32778,0
2.36322,1.32202,0
0.28714,-1.33374,0
1.12656,-1.28338,0
3.54011,-0.4258,0
2.93293,1.27878,0
2.37675,1.26801,0
3.50176,-1.01418,0
0.20922,-1.32624,0
-0.26293,-1.36092,0
2.56902,1.25893,0
-0.52291,0.49269,0
-0.23367,-1.33489,0
0.89045,-1.2969,0
0.25944,-1.28847,0
-0.50483,0.70934,0
2.67811,1.28596,0
3.29615,1.37457,0
0.10947,-1.29521,0
0.64774,-1.29649,0
1.22854,-1.27652,0
-0.34669,-1.33824,0
3.3562,1.29575,0
0.56082,-1.30488,0
-0.05926,-1.36377,0
3.5488,-0.72283,0
0.86086,-1.27131,0
2.98697,1.26555,0
-0.2192,-1.33121,0
0.02446,-1.36406,0
0.97595,-1.2977,0
3.24032,1.40175,0
3.0905,1.40701,0
2.29091,1.30649,0
-0.23889,-1.42595,0
2.62319,1.29516,0
1.29047,-1.27669,0
-0.51217,0.10308,0
0.42938,-1.32482,0
0.15857,-1.30143,0
3.05504,1.37748,0
0.63372,-1.33032,0
3.56542,-0.92082,0
0.77794,-1.32243,0
-0.56386,0.92492,0
-0.5175,0.47465,0
2.86838,1.30944,0
-0.30793,-1.35004,0
-0.17915,-1.37537,0
2.87425,1.38217,0
0.31699,-1.26128,0
3.53724,-0.40164,0
3.57373,-0.94856,0
2.74653,1.35749,0
-0.05454,-1.37617,0
3.5656,-0.45571,0
1.92201,1.2693,0
-0.26569,-1.36401,0
2.27621,1.33102,0
3.0638,1.32045,0
2.33937,1.27092,0
3.27099,1.39814,0
-0.53146,0.96397,0
3.50781,-0.24809,0
-0.22325,-1.39889,0
3.55844,-0.59296,0
3.50295,-0.07595,0
-0.1794,-1.4214,0
0.86938,-1.29736,0
0.58411,-1.28028,0
-0.50657,0.93394,0
-0.51795,0.63787,0
3.33817,1.39834,0
-0.31035,-1.25574,0
3.53471,-0.82582,0
0.01149,-1.25295,0
0.01308,-1.34233,0
-0.22516,-1.32648,0
0.25216,-1.36305,0
3.2148,1.2681,0
0.80499,-1.31401,0
-0.54309,0.82986,0
-0.58365,0.84873,0
2.59138,1.30004,0
3.57735,-0.63407,0
2.2595,1.25023,0
-0.59006,0.8603,0
3.22297,1.35273,0
0.56945,-1.28154,0
0.88659,-1.26199,0
-0.52055,0.51854,0
3.5057,-0.68185,0
3.50312,-0.68326,0
1.9763,1.27682,0
1.13708,-1.25339,0
3.06668,1.40604,0
-0.02872,-1.41646,0
-0.50603,0.08271,0
-0.23935,-1.33909,0
-0.16458,-1.32911,0
2.7119,1.26824,0
2.60495,1.33515,0
0.09719,-1.37937,0
0.36,-1.25719,0
0.8092,-1.30191,0
2.93486,1.35348,0
-0.53548,0.33207,0
3.53569,-0.92772,0
3.0278,1.35467,0
3.59833,-0.85613,0
0.20352,-1.37038,0
0.31101,-1.26836,0
2.37965,1.26685,0
3.21595,1.29682,0
3.5597,-0.78148,0
0.10024,-1.32039,0
0.9527,-1.29653,0
2.75525,1.27296,0
2.93197,1.25679,0
0.5871,-1.31398,0
0.79123,-1.25396,0
2.9256,1.3626,0
1.07283,-1.25142,0
3.20113,1.3751,0
2.46807,1.31222,0
2.21864,1.32816,0
3.51403,-0.10252,0
0.76489,-1.33958,0
0.61913,-1.25147,0
0.67622,-1.2886,0
3.51656,-0.02368,0
-0.22713,-1.30193,0
1.07736,-1.27971,0
3.28923,1.41151,0
-0.54225,1.0041,0
1.18803,-1.28745,0
0.13379,-1.27323,0
0.67464,-1.34162,0
-0.30108,-1.25923,0
3.35789,1.26624,0
-0.3043,-1.28148,0
2.93713,1.32251,0
-0.53875,0.30669,0
3.1955,1.41348,0
-0.55287,0.43545,0
-0.5344,0.6919,0
0.23194,-1.26391,0
3.56104,-0.62977,0
1.9046,1.25783,0
3.57781,-0.65779,0
0.9982,-1.30184,0
3.59415,-0.68513,0
0.15415,-1.28704,0
1.83671,1.27876,0
2.05982,1.30874,0
1.32468,-1.27114,0
2.43817,1.35007,0
-0.05678,-1.43119,0
0.46869,-1.26076,0
0.93229,-1.28851,0
3.51916,-0.55326,0
2.74051,1.29214,0
1.10873,-1.28432,0
3.06848,1.39926,0
-0.5228,0.62222,0
2.90075,1.41128,0
0.03634,-1.34787,0
3.56492,-0.96021,0
3.16381,1.41863,0
-0.53851,0.63086,0
3.54273,-0.73759,0
-0.17328,-1.26683,0
2.90835,1.37712,0
3.56815,-0.9352,0
0.01166,-1.26994,0
-0.23516,-1.29624,0
0.59942,-1.32309,0
0.2612,-1.3563,0
3.51449,-0.52221,0
3.05303,1.36893,0
2.03681,1.27787,0
3.21181,1.37896,0
-0.50647,0.88633,0
3.57768,-0.50376,0
2.45628,1.29283,0
0.32229,-1.34384,0
-0.19689,-1.36594,0
3.0162,1.32643,0
3.54437,-0.68391,0
1.89339,1.25248,0
3.27288,1.25733,0
0.11306,-1.31599,0
3.1011,1.26254,0
-0.52962,0.68675,0
2.84116,1.26429,0
3.1777,1.3137,0
3.50972,-0.36166,0
-0.16114,-1.41501,0
0.21348,-1.38478,0
-0.07774,-1.27021,0
2.9731,1.26763,0
3.51873,-0.03054,0
1.99978,1.26569,0
1.7553,1.28047,0
3.54532,-0.54253,0
2.95987,1.29237,0
1.99279,1.26912,0
2.10168,1.27986,0
0.51727,-1.28573,0
3.57824,-0.76543,0
3.087,1.25253,0
2.90479,1.29699,0
0.59823,-1.36029,0
3.27984,1.27206,0
3.00591,1.2899,0
3.53467,-0.99123,0
3.52264,-0.94937,0
-0.12454,-1.3471,0
3.14909,1.41125,0
0.04353,-1.30778,0
2.67328,1.25038,0
-0.12049,-1.25477,0
-0.32623,-1.33054,0
1.68298,1.27221,0
2.88947,1.34788,0
3.58137,-0.82407,0
-0.52279,0.92217,0
3.00781,1.34656,0
-0.53799,0.80474,0
0.24078,-1.30736,0
0.62402,-1.2749,0
0.77739,-1.32505,0
1.9516,1.26207,0
2.75764,1.33086,0
0.09547,-1.33743,0
2.46126,1.33032,0
-0.57861,0.98011,0
3.31292,1.42545,0
3.50895,-0.0257,0
3.15779,1.40247,0
3.55181,-0.86398,0
-0.35853,-1.25011,0
3.20436,1.38067,0
0.43524,-1.33029,0
2.56701,1.33884,0
3.57915,-0.69948,0
-0.31481,-1.40182,0
3.5054,-0.19362,0
-0.23539,-1.29281,0
1.33877,-1.27687,0
3.03596,1.42525,0
2.72448,1.29551,0
3.20434,1.4029,0
1.14129,-1.27274,0
2.52198,1.31784,0
-0.1708,-1.4053,0
-0.04485,-1.31202,0
2.79856,1.2745,0
-0.51536,0.17773,0
2.94662,1.41298,0
-0.54337,0.7514,0
1.77738,1.27155,0
-0.32979,-1.41054,0
1.93436,1.29167,0
2.89444,1.36353,0
1.91938,1.3018,0
1.95822,1.29917,0
-0.53469,0.82771,0
3.53143,-0.44846,0
3.1783,1.26715,0
3.25962,1.29292,0
-0.57585,0.87447,0
3.31393,1.32759,0
-0.02161,-1.42238,0
0.20549,-1.39418,0
0.81625,-1.31954,0
-0.51541,0.26399,0
-0.04172,-1.38079,0
-0.23874,-1.36348,0
-0.10023,-1.37585,0
1.77177,1.27487,0
2.70201,1.35603,0
0.57181,-1.32893,0
-0.57892,0.67522,0
-0.56092,0.52321,0
0.56691,-1.34576,0
3.52429,-0.77663,0
3.05163,1.39931,0
-0.11903,-1.29432,0
0.44965,-1.26216,0
3.31753,1.40445,0
-0.25393,-1.31468,0
3.54521,-0.97773,0
0.28851,-1.36474,0
3.25824,1.36577,0
2.54257,1.31685,0
3.08569,1.27059,0
3.3038,1.4068,0
3.55592,-0.36568,0
-0.52664,0.41005,0
3.55872,-0.66978,0
3.50638,-0.76898,0
0.26935,-1.31308,0
3.55444,-0.37972,0
0.62776,-1.29361,0
3.627,-0.94797,0
-0.50167,0.165,0
0.80956,-1.29549,0
-0.52417,0.26898,0
3.50492,-0.3508,0
3.0866,1.26762,0
2.46441,1.33952,0
-0.30496,-1.3207,0
3.13729,1.37648,0
0.07427,-1.29468,0
0.72839,-1.28415,0
2.3598,1.35178,0
0.03791,-1.40545,0
2.87096,1.34165,0
1.61828,1.25086,0
2.86674,1.31776,0
-0.52045,0.99204,0
2.77176,1.26724,0
2.45478,1.29084,0
2.79655,1.29089,0
1.26409,-1.26445,0
2.86232,1.40974,0
0.24473,-1.28914,0
0.30474,-1.34088,0
2.19334,1.26622,0
-0.11861,-1.27921,0
2.98269,1.29048,0
0.32345,-1.35228,0
0.12131,-1.38441,0
1.61725,1.25177,0
3.06563,1.28526,0
3.11825,1.38771,0
-0.07405,-1.31811,0
-0.28008,-1.32168,0
3.52748,-0.42394,0
2.38204,1.28416,0
2.72868,1.39398,0
0.39656,-1.37066,0
3.13203,1.27814,0
3.5239,-0.77452,0
0.62132,-1.35038,0
1.8416,1.26914,0
0.46538,-1.32502,0
-0.52456,0.44892,0
2.47828,1.3186,0
-0.27296,-1.31762,0
0.76932,-1.3302,0
3.51507,-0.89124,0
3.55545,-0.81869,0
3.56744,-0.57904,0
3.13728,1.40136,0
3.5682,-0.87046,0
3.33467,1.25033,0
0.0203,-1.34267,0
1.24041,-1.27175,0
0.19706,-1.38545,0
3.50878,-0.25633,0
0.90257,-1.26817,0
2.99011,1.33052,0
0.33757,-1.28055,0
3.02839,1.36418,0
1.02385,-1.30198,0
3.35094,1.36551,0
-0.33798,-1.30266,0
2.87333,1.32291,0
0.9761,-1.26822,0
0.0764,-1.37728,0
2.98289,1.37632,0
0.44009,-1.27043,0
3.24585,1.30659,0
3.02304,1.36408,0
-0.53129,0.34736,0
1.84639,1.26324,0
1.56556,1.25386,0
1.91093,1.29022,0
2.76301,1.33068,0
0.28643,-1.3582,0
0.00596,-1.35183,0
2.69732,1.37019,0
-0.18767,-1.38918,0
-0.53569,0.64685,0
0.03393,-1.26872,0
3.57365,-0.56381,0
-0.14029,-1.39257,0
3.05109,1.41543,0
0.2257,-1.26477,0
3.53197,-0.26379,0
0.93285,-1.26288,0
1.09582,-1.26637,0
2.82143,1.3335,0
3.02963,1.35076,0
3.56242,-0.73971,0
-0.50474,0.01638,0
2.93938,1.32677,0
3.22457,1.43957,0
3.57791,-0.51898,0
3.07677,1.38885,0
2.96853,1.40385,0
2.02614,1.26141,0
3.00866,1.39433,0
2.90597,1.3786,0
-0.16911,-1.26898,0
2.16516,1.26374,0
2.51595,1.35928,0
3.28384,1.32067,0
2.10231,1.26315,0
2.04922,1.33047,0
0.7497,-1.47642,0
0.49799,-1.54686,0
1.68507,1.29724,0
0.72074,-1.52646,0
0.58354,-1.49839,0
-0.54927,0.35766,0
0.55995,-1.51762,0
2.26621,1.41435,0
2.49647,1.38816,0
3.67788,-0.37124,0
2.28519,1.50747,0
0.5131,-1.59632,0
-0.65159,0.442,0
-0.55266,0.2644,0
-0.51637,-0.09254,0
2.21379,1.40347,0
2.48123,1.4665,0
0.12676,-1.54092,0
0.67756,-1.53068,0
-0.52565,0.03407,0
0.73596,-1.34811,0
3.53528,-0.1032,0
-0.70445,0.58802,0
3.71625,-0.59539,0
0.37145,-1.4374,0
2.83024,1.56745,0
-0.60779,0.55476,0
3.72839,-0.63312,0
3.56843,-0.18752,0
2.20385,1.34043,0
0.93948,-1.44793,0
3.56962,-0.28833,0
2.61296,1.51485,0
2.54677,1.51144,0
2.51401,1.48965,0
2.72339,1.60925,0
3.64432,-0.23811,0
1.2289,-1.38413,0
1.90038,1.35532,0
2.61766,1.59598,0
1.20425,-1.35111,0
3.0478,1.66821,0
-0.67832,0.57443,0
1.42566,-1.28953,0
2.22388,1.46937,0
0.54431,-1.36862,0
2.7592,1.52645,0
2.2625,1.42988,0
0.09154,-1.72311,0
0.16015,-1.5488,0
2.67594,1.42294,0
3.55452,0.16359,0
-0.68005,0.42963,0
2.5209,1.5354,0
-0.59755,0.33406,0
0.10959,-1.68543,0
2.63356,1.44972,0
0.61548,-1.40409,0
2.22557,1.46182,0
0.44646,-1.54913,0
2.90388,1.62334,0
0.33003,-1.5325,0
2.13904,1.39071,0
2.97495,1.55395,0
1.39608,-1.31212,0
0.92394,-1.47723,0
0.03396,-1.49265,0
1.17571,-1.38036,0
0.35252,-1.56922,0
3.69158,-0.64462,0
0.67918,-1.4275,0
-0.51736,0.05598,0
0.2926,-1.58057,0
2.55713,1.55532,0
3.60583,-0.68022,0
0.43649,-1.48281,0
1.41262,-1.26918,0
3.59051,-0.14199,0
3.60456,-0.60105,0
-0.67299,0.53926,0
0.24295,-1.49041,0
1.27642,-1.34965,0
2.44938,1.47619,0
0.36153,-1.45387,0
3.0971,1.57034,0
3.65169,-0.27997,0
0.57434,-1.50245,0
0.37815,-1.47366,0
-0.60872,0.43548,0
2.28339,1.4898,0
0.15415,-1.54082,0
-0.54555,0.17911,0
2.44432,1.48301,0
0.48605,-1.59457,0
1.58638,-1.27438,0
0.59175,-1.56401,0
2.20467,1.36976,0
3.17587,1.44858,0
-0.62048,0.65785,0
0.58159,-1.50612,0
3.0404,1.68188,0
3.04896,1.61422,0
2.33211,1.44685,0
3.50814,0.25335,0
0.6441,-1.38635,0
2.86539,1.64508,0
2.81118,1.42201,0
3.5093,0.15639,0
2.40466,1.40831,0
2.94367,1.63169,0
1.40485,-1.32508,0
3.03517,1.45961,0
-0.66013,0.34877,0
0.81089,-1.33903,0
0.73554,-1.46029,0
1.0163,-1.4394,0
1.24407,-1.32782,0
-0.64706,0.35026,0
3.02745,1.5842,0
3.06259,1.49765,0
3.13415,1.54256,0
-0.5622,0.23825,0
2.43653,1.45104,0
2.50183,1.54678,0
3.02723,1.5622,0
-0.70164,0.60914,0
0.07411,-1.65416,0
2.94042,1.54568,0
2.55486,1.4212,0
0.24992,-1.63326,0
-0.60423,0.55726,0
0.22654,-1.46775,0
0.13543,-1.51733,0
1.03465,-1.41952,0
1.76456,1.33314,0
-0.64615,0.65187,0
-0.56098,0.34035,0
-0.6655,0.36756,0
0.22849,-1.63855,0
-0.07271,-1.52656,0
2.88438,1.46916,0
2.53017,1.50473,0
0.49131,-1.37896,0
-0.51231,0.05201,0
1.30321,-1.33143,0
-0.09707,-1.46258,0
-0.06685,-1.53805,0
2.99159,1.51837,0
0.16464,-1.6718,0
0.24895,-1.60148,0
0.55593,-1.46662,0
-0.66189,0.56829,0
2.9274,1.43038,0
3.58493,-0.39652,0
3.04154,1.62678,0
1.47625,-1.28027,0
0.09078,-1.70327,0
1.74326,1.34957,0
0.35073,-1.52028,0
0.43578,-1.602,0
-0.04936,-1.60285,0
2.48398,1.54728,0
1.00765,-1.31622,0
-0.67938,0.48579,0
2.5005,1.3788,0
0.38043,-1.5556,0
3.01916,1.4559,0
2.5473,1.41576,0
0.45279,-1.39794,0
0.63951,-1.42056,0
1.11484,-1.38584,0
2.99747,1.61498,0
0.20354,-1.55511,0
-0.04417,-1.43737,0
3.58707,-0.3865,0
1.23067,-1.29646,0
0.28056,-1.42445,0
0.45678,-1.55676,0
3.65582,-0.4099,0
2.59911,1.4793,0
-0.05199,-1.72754,0
2.93829,1.6512,0
1.15527,-1.34356,0
0.96325,-1.45402,0
2.75763,1.40215,0
3.5485,-0.16191,0
3.09306,1.6493,0
1.42058,-1.27762,0
3.57327,-0.22371,0
1.17654,-1.38199,0
3.0375,1.48771,0
-0.58435,0.11146,0
3.06924,1.72143,0
0.957,-1.4294,0
0.18603,-1.44464,0
1.09962,-1.38122,0
0.56771,-1.40682,0
3.70422,-0.46831,0
-0.55214,0.21929,0
2.62605,1.38698,0
-0.57283,0.37534,0
3.06605,1.73505,0
2.51223,1.55039,0
0.59792,-1.45154,0
-0.10036,-1.56219,0
2.7479,1.54049,0
1.27991,-1.3135,0
0.41834,-1.53063,0
2.499,1.57039,0
3.68922,-0.3642,0
0.58367,-1.42418,0
1.29448,-1.2859,0
2.78398,1.64248,0
-0.0092,-1.64283,0
2.79085,1.57037,0
2.57909,1.4188,0
2.02905,1.43012,0
2.69377,1.49996,0
1.4636,-1.30176,0
2.15437,1.46272,0
0.7992,-1.43048,0
1.49304,1.27047,0
2.88322,1.56643,0
0.54941,-1.46605,0
2.08647,1.44698,0
1.3892,-1.30699,0
0.42241,-1.51423,0
2.76758,1.48037,0
0.69256,-1.49321,0
3.52547,0.24512,0
2.9949,1.64954,0
1.3873,-1.27312,0
3.62225,-0.1698,0
3.59213,-0.30725,0
3.55225,-0.25174,0
0.10825,-1.45309,0
-0.59696,0.20839,0
1.45804,-1.32452,0
2.18846,1.4738,0
-0.05123,-1.66556,0
0.65519,-1.5317,0
-0.6435,0.54514,0
0.14455,-1.56696,0
0.16676,-1.47395,0
2.90067,1.5277,0
-0.0952,-1.60208,0
2.88789,1.48186,0
2.86574,1.62584,0
3.08199,1.5759,0
2.40933,1.52029,0
0.47988,-1.56118,0
0.07182,-1.52864,0
-0.58557,0.30261,0
0.59979,-1.49152,0
3.67147,-0.31472,0
0.05696,-1.50396,0
3.65322,-0.43804,0
0.74037,-1.47089,0
0.10721,-1.59451,0
2.78116,1.6136,0
2.6226,1.41532,0
0.6709,-1.46982,0
0.15686,-1.62064,0
1.34288,-1.34944,0
1.95354,1.41595,0
0.51961,-1.56911,0
3.01727,1.66622,0
2.56506,1.42476,0
-0.70144,0.46629,0
2.8026,1.66611,0
3.5367,0.11019,0
2.45283,1.51647,0
0.84199,-1.43046,0
1.80462,1.30213,0
2.04633,1.4199,0
1.40187,-1.31403,0
2.60997,1.58576,0
2.01003,1.43758,0
0.74528,-1.39777,0
3.74404,-0.49902,0
0.23694,-1.44972,0
0.09912,-1.51026,0
3.52614,0.18634,0
3.61765,-0.1358,0
2.91008,1.62136,0
3.04147,1.62235,0
0.37457,-1.55765,0
-0.55355,0.40414,0
2.9582,1.62454,0
3.04506,1.74286,0
-0.01289,-1.51931,0
2.93446,1.69737,0
0.61043,-1.56784,0
2.07385,1.45081,0
3.60694,-0.61209,0
3.54877,0.1767,0
1.34308,-1.27763,0
1.98044,1.35543,0
-0.06345,-1.52037,0
-0.0309,-1.60672,0
2.34219,1.46302,0
2.0419,1.37209,0
1.73767,1.34241,0
3.67559,-0.34005,0
1.72673,1.30371,0
2.65392,1.6164,0
2.94436,1.46789,0
3.10811,1.53855,0
0.07282,-1.50285,0
1.00996,-1.36968,0
-0.03985,-1.55058,0
0.45223,-1.47325,0
3.02299,1.51171,0
2.63055,1.43502,0
-0.53541,0.10627,0
0.53711,-1.47126,0
-0.05729,-1.51216,0
3.6063,-0.36401,0
2.67985,1.47026,0
2.99657,1.71531,0
2.57798,1.56023,0
3.71281,-0.49781,0
0.82746,-1.39017,0
1.52275,1.28867,0
0.1589,-1.52817,0
-0.55507,0.27724,0
3.54202,0.19223,0
2.9978,1.47584,0
3.69219,-0.40306,0
3.68011,-0.43316,0
2.9349,1.55109,0
0.55103,-1.38605,0
-0.63931,0.54143,0
-0.00107,-1.7297,0
0.34495,-1.65208,0
3.09067,1.73376,0
0.66128,-1.41177,0
2.69018,1.44717,0
2.10701,1.44406,0
0.44149,-1.42202,0
0.48723,-1.44488,0
0.69523,-1.53458,0
1.81481,1.3399,0
0.88374,-1.33158,0
-0.02727,-1.7286,0
2.10629,1.41269,0
0.68226,-1.43907,0
3.7004,-0.38746,0
1.14608,-1.30014,0
2.72336,1.61468,0
0.01593,-1.74623,0
-0.63397,0.27206,0
-0.04253,-1.66922,0
0.42738,-1.53315,0
2.63918,1.59609,0
2.94427,1.44536,0
3.53609,0.21264,0
-0.68087,0.40998,0
3.07098,1.66102,0
-0.65267,0.37793,0
2.40911,1.41608,0
2.63261,1.40668,0
-0.50521,-0.09702,0
1.87891,1.38481,0
0.71075,-1.38118,0
0.45571,-1.48385,0
0.87855,-1.39134,0
3.05555,1.47623,0
0.27703,-1.43654,0
1.13965,-1.41958,0
2.26857,1.41118,0
1.21859,-1.32458,0
0.3865,-1.57746,0
0.01309,-1.69163,0
3.51834,0.25002,0
0.43539,-1.44443,0
0.75034,-1.46842,0
0.03639,-1.68206,0
-0.07329,-1.4594,0
1.00907,-1.41291,0
-0.54206,0.08425,0
2.89838,1.68636,0
0.38285,-1.63018,0
-0.63971,0.4443,0
0.94734,-1.32198,0
0.20405,-1.52266,0
3.13752,1.468,0
1.72976,1.29777,0
1.51079,-1.30935,0
0.14418,-1.56022,0
0.50344,-1.50077,0
0.1279,-1.70729,0
-0.58251,0.41353,0
0.83002,-1.45663,0
-0.04565,-1.43472,0
0.25601,-1.4412,0
-0.52017,0.11454,0
3.60548,-0.21063,0
0.33916,-1.49652,0
0.83867,-1.36692,0
3.01717,1.46343,0
1.206,-1.30315,0
2.98755,1.55029,0
2.64429,1.53086,0
1.08743,-1.36119,0
2.94593,1.53378,0
2.49196,1.51869,0
3.57187,-0.10747,0
0.77246,-1.36751,0
0.18479,-1.45173,0
2.67787,1.48038,0
3.72916,-0.58774,0
3.05467,1.50912,0
1.82289,1.29814,0
0.22214,-1.59223,0
2.23974,1.34261,0
3.531,0.03282,0
0.01469,-1.67031,0
3.57589,0.05299,0
-0.56989,0.55582,0
0.71046,-1.47543,0
0.83381,-1.47903,0
3.62225,-0.60388,0
2.73851,1.64774,0
2.1686,1.41531,0
0.36381,-1.60483,0
3.65412,-0.56096,0
0.47429,-1.56784,0
3.60129,-0.21479,0
0.31918,-1.4973,0
0.10653,-1.44272,0
2.61725,1.40101,0
1.92432,1.3061,0
0.38184,-1.54268,0
3.60234,-0.66529,0
3.5483,0.16611,0
2.76892,1.49213,0
2.9789,1.62119,0
-0.57642,0.25332,0
1.89387,1.32666,0
1.56066,1.30705,0
3.73885,-0.5612,0
2.29091,1.51113,0
-0.53007,0.10635,0
2.73457,1.47809,0
0.74061,-1.41851,0
1.80773,1.31262,0
0.15658,-1.61095,0
0.24794,-1.63603,0
-0.57688,0.31651,0
-0.6938,0.45856,0
-0.59915,0.53745,0
0.80963,-1.36771,0
-0.55898,0.33269,0
2.27735,1.48685,0
2.39612,1.43547,0
2.7587,1.49246,0
0.18527,-1.47323,0
-0.55693,0.0418,0
1.96424,1.40571,0
3.53423,0.2134,0
1.5932,1.31456,0
3.67102,-0.52403,0
-0.72228,0.62262,0
-0.53776,-0.02522,0
1.12432,-1.41656,0
2.86352,1.55108,0
0.75117,-1.51006,0
1.18384,-1.33768,0
3.65184,-0.36896,0
3.12282,1.46373,0
2.46005,1.51393,0
2.12386,1.34206,0
-0.65855,0.57966,0
2.25363,1.35702,0
3.02345,1.58567,0
0.23715,-1.67659,0
-0.68975,0.61286,0
2.36352,1.40543,0
3.73107,-0.46537,0
0.0405,-1.71123,0
0.45379,-1.55933,0
3.70372,-0.47807,0
1.35739,-1.29262,0
2.86326,1.53071,0
2.09869,1.4116,0
-0.69586,0.44539,0
2.65428,1.54327,0
0.34031,-1.45789,0
3.54619,0.18395,0
2.19441,1.432,0
0.8705,-1.35783,0
0.71618,-1.50166,0
2.953,1.67382,0
0.27482,-1.63175,0
2.49327,1.39537,0
2.6066,1.40645,0
3.78988,-0.63849,0
0.65703,-1.46368,0
2.48918,1.37838,0
0.60479,-1.5386,0
1.04955,-1.37225,0
0.72656,-1.42599,0
2.46685,1.50258,0
0.81201,-1.49473,0
0.36928,-1.47286,0
0.56259,-1.51505,0
1.58724,-1.26297,0
0.31606,-1.42617,0
1.24385,-1.29123,0
-0.00349,-1.56178,0
0.28383,-1.5959,0
0.44658,-1.42219,0
0.52297,-1.38031,0
1.42338,-1.33242,0
3.7328,-0.49884,0
-0.04699,-1.49705,0
0.76207,-1.39896,0
3.75535,-0.63612,0
2.78058,1.66506,0
2.70814,1.5908,0
2.53123,1.4069,0
1.52019,-1.28089,0
0.09761,-1.61574,0
0.01671,-1.62179,0
3.06172,1.5772,0
2.10924,1.41589,0
0.14526,-1.5666,0
3.07134,1.50045,0
-0.63174,0.63747,0
0.82798,-1.44584,0
3.6592,-0.58963,0
0.88081,-1.36083,0
1.72776,1.3387,0
0.45059,-1.42128,0
2.93397,1.48289,0
3.65881,-0.48266,0
1.31779,-1.34051,0
0.07804,-1.72958,0
-0.70024,0.51937,0
2.19564,1.46496,0
0.04119,-1.50254,0
3.093,1.59378,0
3.67491,-0.48608,0
0.54189,-1.52914,0
0.15328,-1.64479,0
2.04154,1.43629,0
1.19906,-1.35604,0
1.8588,1.30373,0
2.2909,1.41076,0
1.34845,-1.33693,0
3.63022,-0.37608,0
1.36779,1.25256,0
0.42563,-1.57488,0
3.13838,1.55079,0
3.59928,-0.5986,0
3.58066,-0.41283,0
2.72709,1.54791,0
0.42755,-1.58855,0
0.27463,-1.50792,0
0.695,-1.45541,0
-0.71317,0.52192,0
1.26763,-1.33066,0
2.5875,1.53115,0
-0.64604,0.45629,0
3.55788,-0.0275,0
3.72348,-0.48865,0
3.04996,1.48956,0
2.62781,1.61093,0
2.9566,1.56498,0
0.80264,-1.3719,0
-0.73669,0.60696,0
3.65833,-0.63898,0
3.67061,-0.42393,0
0.38049,-1.52282,0
2.07085,1.45551,0
3.10699,1.47041,0
2.67842,1.52636,0
-0.62712,0.53992,0
2.637,1.55061,0
0.73584,-1.43618,0
3.11141,1.47335,0
2.6185,1.41973,0
3.59805,-0.38826,0
2.85596,1.6171,0
1.90296,1.35951,0
2.12056,1.44732,0
0.33768,-1.63659,0
0.29316,-1.44789,0
2.82609,1.58463,0
0.07759,-1.49535,0
2.9272,1.62386,0
1.41412,1.25919,0
-0.68171,0.56641,0
0.27198,-1.41462,0
3.65196,-0.29012,0
-0.06089,-1.50339,0
-0.67979,0.56387,0
0.40147,-1.49561,0
3.67534,-0.31344,0
2.56894,1.45787,0
2.24395,1.34898,0
-0.65975,0.60887,0
2.99383,1.51012,0
3.58532,-0.376,0
3.05206,1.47568,0
0.10251,-1.61867,0
1.24451,-1.34209,0
-0.68093,0.4551,0
2.2704,1.39003,0
0.69905,-1.36046,0
0.81838,-1.51361,0
3.60848,-0.189,0
0.94467,-1.34953,0
0.22591,-1.53495,0
0.55508,-1.47921,0
1.86731,1.3094,0
1.02813,-1.36898,0
0.47649,-1.54587,0
0.23564,-1.45817,0
2.0713,1.32768,0
0.48,-1.61019,0
2.67353,1.45048,0
2.91777,1.47399,0
3.10461,1.66728,0
2.38632,1.51962,0
1.71882,1.33254,0
0.0834,-1.66784,0
0.88516,-1.43457,0
2.19142,1.38759,0
1.74606,1.30839,0
2.68648,1.44673,0
2.83387,1.52532,0
0.94776,-1.34287,0
0.88492,-1.34761,0
2.18068,1.39207,0
2.68286,1.45468,0
1.92469,1.40123,0
0.65421,-1.39444,0
0.32231,-1.49175,0
0.68003,-1.55252,0
2.99077,1.71551,0
2.18296,1.44495,0
-0.60784,0.15359,0
2.19258,1.46726,0
1.14553,-1.34949,0
3.57901,-0.03463,0
2.647,1.51766,0
-0.59183,0.09879,0
3.77173,-0.63417,0
-0.64968,0.47586,0
0.40253,-1.52342,0
-0.07262,-1.60543,0
0.19844,-1.56016,0
3.69412,-0.66666,0
-0.57534,0.56999,0
3.66134,-0.3751,0
2.10865,1.41372,0
-0.10635,-1.55773,0
-0.07972,-1.63074,0
1.06218,-1.43454,0
2.71231,1.59364,0
0.43476,-1.50406,0
1.93389,1.33211,0
2.21669,1.47793,0
3.05344,1.43888,0
1.68077,1.31216,0
0.16186,-1.67209,0
0.94267,-1.36541,0
1.02574,-1.327,0
0.36359,-1.43856,0
2.40851,1.53908,0
3.65585,-0.57921,0
0.65205,-1.45707,0
0.12367,-1.6898,0
-0.63788,0.40638,0
2.63544,1.50221,0
2.33487,1.43428,0
-0.53776,0.02437,0
0.5511,-1.41711,0
0.10837,-1.55693,0
3.56102,-0.31185,0
0.11889,-1.52304,0
0.47916,-1.38029,0
1.95726,1.40356,0
1.49467,1.26821,0
-0.05017,-1.64909,0
-0.55341,0.26878,0
2.85572,1.62697,0
-0.58435,0.29212,0
3.61051,-0.22488,0
3.00602,1.64763,0
2.80829,1.67053,0
3.55054,-0.03701,0
-0.66853,0.5699,0
2.44855,1.52804,0
-0.10023,-1.55923,0
3.65751,-0.19243,0
1.03399,-1.42199,0
0.32652,-1.64507,0
0.42207,-1.49937,0
0.60791,-1.43761,0
2.86077,1.59215,0
3.10359,1.68225,0
-0.54185,0.09208,0
1.27005,-1.33001,0
0.64918,-1.37962,0
3.62795,-0.2372,0
2.96598,1.55767,0
1.98396,1.43206,0
3.65008,-0.41584,0
-0.62959,0.50725,0
2.6189,1.54492,0
1.90161,1.31563,0
-0.60371,0.20441,0
2.89969,1.6251,0
0.14142,-1.5306,0
-0.05403,-1.61116,0
1.69498,1.31946,0
2.87392,1.45218,0
-0.50015,-0.22056,0
0.47327,-1.50595,0
-0.09083,-1.57531,0
2.70695,1.60309,0
-0.00969,-1.57214,0
1.83705,1.38382,0
-0.67305,0.38286,0
0.36061,-1.45471,0
3.12206,1.45798,0
2.16493,1.44956,0
1.42542,-1.32632,0
-0.55978,0.17634,0
2.69077,1.40357,0
0.74662,-1.4176,0
-0.66321,0.34035,0
0.25904,-1.488,0
3.59341,-0.18137,0
-0.51503,0.05881,0
-0.07971,-1.54966,0
0.66997,-1.55484,0
0.35626,-1.62642,0
-0.50957,-0.17015,0
1.50441,1.26547,0
2.90693,1.64667,0
2.26732,1.477,0
3.57793,-0.30858,0
3.58696,-0.33747,0
0.81966,-1.38862,0
-0.60729,0.64523,0
0.35051,-1.52275,0
0.54979,-1.45444,0
0.15945,-1.69754,0
2.92795,1.64034,0
1.11026,-1.30446,0
-0.67774,0.4176,0
2.41711,1.5189,0
1.11145,-1.33883,0
3.59893,-0.03699,0
2.96684,1.58283,0
-0.60977,0.21106,0
0.07986,-1.66089,0
1.1596,-1.39956,0
2.99134,1.51161,0
1.42443,-1.31653,0
0.02383,-1.65721,0
0.412,-1.52814,0
3.58762,-0.26955,0
0.11061,-1.51581,0
-0.6568,0.38021,0
3.67627,-0.46866,0
3.54514,-0.19472,0
2.95294,1.48025,0
0.63575,-1.45708,0
0.13396,-1.70073,0
-0.58301,0.08283,0
0.92486,-1.35141,0
1.11939,-1.34343,0
-0.08685,-1.47964,0
2.71038,1.53748,0
-0.04373,-1.49464,0
2.46275,1.50984,0
3.68166,-0.35526,0
2.6833,1.51008,0
3.00443,1.67847,0
-0.01051,-1.7105,0
-0.5655,0.01164,0
2.96057,1.45649,0
3.57028,-0.17712,0
1.91958,1.33425,0
0.60576,-1.43634,0
-0.54806,0.20992,0
1.91928,1.40777,0
2.70445,1.41584,0
3.10339,1.68975,0
2.91743,1.6248,0
3.01176,1.56104,0
2.44801,1.37203,0
2.10846,1.39913,0
0.20562,-1.62643,0
2.57785,1.37924,0
0.90152,-1.32783,0
3.57708,-0.12611,0
-0.02248,-1.73095,0
2.24039,1.37761,0
2.62374,1.61026,0
-0.60877,0.62968,0
0.47485,-1.60619,0
0.48817,-1.48615,0
0.77504,-1.4638,0
2.58685,1.5987,0
2.94616,1.434,0
2.95879,1.62647,0
1.75596,1.29049,0
-0.04018,-1.6713,0
0.62826,-1.46762,0
0.24257,-1.48162,0
3.59031,-0.37738,0
0.7211,-1.36309,0
0.00399,-1.696,0
2.52306,1.49325,0
0.4001,-1.43031,0
0.69541,-1.47781,0
2.94135,1.44098,0
3.62505,-0.29437,0
3.57746,0.0639,0
0.34242,-1.45607,0
3.04615,1.59559,0
3.15972,1.48308,0
3.07552,1.61905,0
0.89233,-1.48897,0
0.63287,-1.43887,0
3.03351,1.51633,0
3.63212,-0.31534,0
3.06659,1.54749,0
-0.50023,-0.09458,0
-0.53434,0.17488,0
1.47601,-1.31045,0
0.19909,-1.42037,0
0.60239,-1.45839,0
0.93282,-1.40989,0
2.31876,1.42854,0
0.69337,-1.48777,0
0.0851,-1.58919,0
2.76571,1.62624,0
0.26383,-1.45326,0
0.57427,-1.56182,0
-0.11499,-1.48395,0
0.35027,-1.39909,0
0.70089,-1.52642,0
2.49924,1.44489,0
0.20192,-1.59609,0
3.56687,-0.17776,0
-0.70581,0.50467,0
-0.73004,0.59509,0
0.58003,-1.55005,0
1.4164,-1.28327,0
-0.64836,0.3371,0
0.03838,-1.48987,0
-0.54953,0.30777,0
0.70405,-1.39143,0
-0.02561,-1.68777,0
1.84481,1.3447,0
3.03876,1.64005,0
1.02801,-1.38644,0
3.51878,0.21069,0
0.28443,-1.49564,0
2.13746,1.39038,0
0.23292,-1.55568,0
3.09577,1.62084,0
0.21306,-1.51173,0
2.26742,1.49968,0
-0.54238,-0.05322,0
2.36004,1.5001,0
-0.7273,0.57936,0
2.42497,1.4903,0
0.39451,-1.61302,0
2.46706,1.44707,0
3.56955,0.0278,0
-0.55439,0.15053,0
0.34474,-1.52522,0
0.88495,-1.40514,0
-0.688,0.59489,0
-0.67065,0.62291,0
1.47314,-1.28085,0
0.29392,-1.49177,0
2.84408,1.56961,0
-0.53151,-0.07822,0
0.8028,-1.47506,0
3.55505,-0.14892,0
0.37213,-1.51556,0
0.17583,-1.45126,0
1.97827,1.42899,0
0.14268,-1.44007,0
2.22386,1.34108,0
0.1403,-1.42741,0
0.25385,-1.51283,0
3.60834,-0.05338,0
2.72646,1.40987,0
-0.70855,0.62357,0
1.40914,-1.28374,0
3.58626,-0.5765,0
-0.02777,-1.46226,0
2.72806,1.54667,0
3.63545,-0.17426,0
3.62814,-0.60053,0
0.47111,-1.54496,0
2.84256,1.63243,0
0.03637,-1.67276,0
-0.6759,0.59555,0
2.29894,1.35339,0
0.89276,-1.47425,0
2.92521,1.64124,0
-0.67155,0.40502,0
-0.55197,0.41701,0
0.05927,-1.5238,0
2.00668,1.38616,0
3.68647,-0.37379,0
2.89837,1.41551,0
2.89236,1.67667,0
2.67016,1.51302,0
2.52772,1.50228,0
-0.58181,0.19145,0
3.58816,-0.53415,0
2.90237,1.66289,0
2.94418,1.62011,0
2.80909,1.5556,0
-0.6205,0.37324,0
1.95983,1.34766,0
-0.05957,-1.43565,0
-0.5873,0.51858,0
2.76323,1.44385,0
1.93904,1.31685,0
0.60137,-1.46992,0
3.57036,-0.4161,0
2.90237,1.53376,0
-0.5381,0.19799,0
2.24049,1.44077,0
2.26915,1.47384,0
2.11848,1.4319,0
3.09252,1.69051,0
0.60927,-1.39084,0
0.02606,-1.43772,0
0.498,-1.45583,0
2.78662,1.44948,0
1.41863,-1.33236,0
-0.57973,0.06092,0
0.86295,-1.3859,0
1.15535,-1.33361,0
2.75887,1.57224,0
2.39288,1.48108,0
2.80676,1.46927,0
-0.53287,-0.09204,0
-0.52434,0.02813,0
2.48655,1.41643,0
2.90352,1.6183,0
0.21949,-1.42975,0
0.46254,-1.38105,0
-0.58071,0.08947,0
2.51416,1.43561,0
3.0512,1.7336,0
3.03813,1.59728,0
-0.59209,0.54301,0
2.67853,1.55305,0
2.68534,1.50322,0
3.65712,-0.23768,0
3.06742,1.49956,0
-0.61507,0.55047,0
-0.10969,-1.52299,0
1.03378,-1.31273,0
2.39888,1.42451,0
0.33532,-1.55102,0
0.61437,-1.46804,0
3.15234,1.52654,0
2.88965,1.58797,0
3.01325,1.65382,0
2.32577,1.4191,0
0.9749,-1.39727,0
2.56059,1.55905,0
1.23665,-1.38836,0
2.89652,1.66715,0
2.76804,1.51272,0
2.01139,1.41304,0
2.65987,1.45565,0
3.09514,1.68441,0
2.57952,1.50169,0
1.03596,-1.4019,0
3.53963,-0.01536,0
2.57875,1.58929,0
3.57604,-0.24786,0
0.34057,-1.49123,0
0.24362,-1.42129,0
-0.67761,0.64345,0
2.94037,1.64427,0
2.45292,1.44517,0
0.29272,-1.55139,0
1.44411,-1.29644,0
2.37318,1.44235,0
0.60192,-1.38476,0
-0.5083,-0.09721,0
-0.60319,0.19577,0
2.25754,1.49259,0
3.01398,1.50767,0
0.20636,-1.43569,0
2.09845,1.34673,0
2.96483,1.70625,0
2.29495,1.38648,0
2.33568,1.44224,0
3.5398,0.18849,0
3.0643,1.46159,0
2.41326,1.45261,0
0.21405,-1.68135,0
2.22995,1.3451,0
3.58953,-0.11488,0
-0.5581,-0.00724,0
3.67008,-0.3196,0
0.01667,-1.71524,0
2.31515,1.45267,0
-0.66224,0.61615,0
0.87247,-1.45198,0
-0.51029,-0.18708,0
2.59446,1.42809,0
0.23108,-1.51323,0
1.66621,1.29237,0
0.42341,-1.47993,0
3.57179,-0.38695,0
1.34239,-1.28046,0
-0.01054,-1.45048,0
2.5366,1.43946,0
0.14168,-1.47752,0
3.61231,-0.24563,0
3.58231,0.00595,0
2.10508,1.3929,0
1.24072,-1.33076,0
0.17561,-1.54812,0
0.27294,-1.54078,0
3.03303,1.62475,0
2.09623,1.46632,0
2.24949,1.40753,0
3.13456,1.48868,0
3.53664,0.01351,0
1.69054,1.34451,0
1.5006,-1.28628,0
0.55445,-1.47914,0
1.45428,1.27092,0
3.57745,-0.21235,0
2.73302,1.48692,0
3.00385,1.53088,0
1.59668,-1.25969,0
3.0033,1.44471,0
-0.51299,-0.09933,0
2.71905,1.46951,0
1.41819,1.26505,0
2.02185,1.31628,0
-0.53169,0.12736,0
2.76817,1.53267,0
3.06095,1.50373,0
-0.03451,-1.66773,0
1.17127,-1.37769,0
2.6574,1.47387,0
2.52879,1.44853,0
3.64067,-0.44637,0
0.76357,-1.4605,0
1.11442,-1.37001,0
0.56521,-1.56357,0
0.01886,-1.67031,0
1.17693,-1.3421,0
0.05092,-1.71602,0
0.14374,-1.43013,0
0.35178,-1.64491,0
2.33796,1.47278,0
2.98436,1.47735,0
-0.56576,0.27072,0
1.79456,1.33276,0
2.33344,1.40689,0
0.33729,-1.46625,0
3.64303,-0.22847,0
2.96616,1.60846,0
1.10347,-1.31955,0
-0.01536,-1.5115,0
0.21153,-1.49021,0
1.9867,1.31273,0
2.19198,1.42555,0
-0.02829,-1.64153,0
1.12848,-1.3497,0
3.58274,-0.13727,0
0.33759,-1.46806,0
1.12621,-1.41557,0
0.1711,-1.68714,0
-0.00405,-1.6639,0
0.84314,-1.49065,0
0.71822,-1.35727,0
3.58896,-0.54049,0
0.34683,-1.56573,0
-0.63419,0.23738,0
1.50551,1.25847,0
0.24722,-1.51087,0
0.77304,-1.41476,0
-0.54448,0.12896,0
2.93538,1.67903,0
2.25266,1.38964,0
2.61661,1.47156,0
-0.00969,-1.74385,0
1.66253,1.32339,0
0.92367,-1.43047,0
2.74306,1.65284,0
2.1259,1.39771,0
1.11024,-1.33025,0
3.68761,-0.32738,0
0.34625,-1.52279,0
0.34757,-1.55863,0
-0.53645,0.00316,0
-0.60705,0.63733,0
0.3283,-1.59808,0
0.45749,-1.53898,0
-0.59678,0.56542,0
2.88527,1.61349,0
1.98565,1.35182,0
0.43301,-1.47059,0
-0.68336,0.47235,0
1.34549,-1.33061,0
-0.06198,-1.69144,0
0.38448,-1.4829,0
0.01268,-1.62426,0
1.24798,-1.34387,0
2.06197,1.32762,0
-0.59975,0.41714,0
1.4279,-1.28792,0
2.49737,1.48054,0
0.32518,-1.51126,0
2.96508,1.58056,0
2.98062,1.65165,0
3.01949,1.49781,0
0.22044,-1.67054,0
0.31214,-1.43125,0
2.309,1.51026,0
3.59739,-0.23832,0
0.15258,-1.62369,0
3.52425,0.26711,0
-0.57394,0.54461,0
-0.64082,0.62747,0
-0.02026,-1.64015,0
3.06664,1.68922,0
3.5126,0.16906,0
2.46799,1.39341,0
-0.73965,0.59366,0
2.18494,1.49004,0
3.60979,-0.45463,0
0.43408,-1.44115,0
0.55497,-1.51036,0
1.01807,-1.31955,0
-0.59484,0.27166,0
0.10301,-1.59733,0
3.6308,-0.39232,0
1.39477,-1.30918,0
1.5494,1.28511,0
3.12931,1.50968,0
0.4901,-1.53832,0
0.05141,-1.70659,0
0.27094,-1.67144,0
0.54299,-1.54991,0
2.71789,1.47203,0
1.08285,-1.42674,0
2.77084,1.65349,0
0.05992,-1.56298,0
0.77885,-1.48982,0
3.75224,-0.59486,0
0.89865,-1.42799,0
0.20978,-1.43187,0
0.77141,-1.41869,0
2.99054,1.43128,0
3.06316,1.70186,0
3.59006,-0.3468,0
0.33879,-1.63439,0
3.11562,1.46187,0
2.7559,1.47172,0
2.71552,1.52897,0
-0.0432,-1.68168,0
0.00888,-1.62826,0
0.6588,-1.37639,0
0.89493,-1.35491,0
0.2561,-1.51069,0
-0.69836,0.57528,0
-0.65471,0.31332,0
3.53161,-0.00261,0
0.53025,-1.5894,0
0.34652,-1.58406,0
2.99141,1.67825,0
2.57991,1.46132,0
1.91556,1.32959,0
0.9589,-1.34979,0
0.05634,-1.47464,0
1.41978,-1.31697,0
1.42997,-1.31866,0
2.82437,1.51858,0
1.95943,1.38247,0
2.23805,1.44307,0
2.27797,1.50561,0
0.98428,-1.46487,0
-0.65709,0.38278,0
2.65609,1.49297,0
3.58278,0.02925,0
1.24926,-1.36115,0
0.35961,-1.5899,0
1.85237,1.39082,0
-0.02655,-1.72192,0
0.19258,-1.49365,0
-0.58734,0.42726,0
0.03933,-1.68436,0
1.0362,-1.40769,0
2.0641,1.36074,0
3.64948,-0.67532,0
3.64249,-0.38945,0
0.55667,-1.53035,0
1.88116,1.33922,0
-0.59314,0.31877,0
0.9048,-1.46671,0
2.26857,1.3858,0
0.45905,-1.38626,0
0.07015,-1.64051,0
3.1146,1.49935,0
1.62803,1.3195,0
1.89075,1.38113,0
2.87807,1.57717,0
2.8773,1.58798,0
0.17735,-1.5309,0
3.5923,-0.17342,0
0.77221,-1.43215,0
2.84288,1.41354,0
3.1115,1.55664,0
1.17975,-1.31265,0
3.63442,-0.38219,0
3.74968,-0.58465,0
2.69746,1.47342,0
3.70673,-0.63351,0
2.13235,1.43473,0
1.90764,1.40421,0
-0.52849,-0.01927,0
3.0985,1.44513,0
3.12514,1.58428,0
-0.59772,0.27645,0
2.89848,1.58297,0
1.91195,1.3884,0
0.87533,-1.40226,0
-0.65637,0.43669,0
2.96388,1.6156,0
3.14492,1.45098,0
2.17683,1.33635,0
2.51674,1.42962,0
0.48376,-1.43508,0
0.24276,-1.54678,0
2.71288,1.55409,0
1.03182,-1.44881,0
2.6725,1.39443,0
2.123,1.36405,0
3.6845,-0.44538,0
1.99323,1.32688,0
3.53601,0.22267,0
2.29779,1.4609,0
0.17284,-1.67196,0
3.5395,0.00206,0
0.75568,-1.4063,0
3.57568,-0.18389,0
3.63947,-0.36078,0
0.3968,-1.39727,0
3.67837,-0.52261,0
2.99105,1.66247,0
3.58078,-0.31904,0
2.65463,1.58851,0
0.22799,-1.63436,0
2.67607,1.44131,0
2.50458,1.43674,0
2.96703,1.69766,0
0.10144,-1.68755,0
-0.05216,-1.59371,0
3.6427,-0.3244,0
2.9051,1.52536,0
2.98909,1.68717,0
0.06863,-1.5024,0
2.26123,1.48159,0
3.66254,-0.26162,0
3.5595,-0.03267,0
-0.66223,0.35167,0
1.31832,-1.29802,0
2.44518,1.48679,0
3.53751,0.06989,0
0.70845,-1.37257,0
-0.0426,-1.60362,0
1.12358,-1.33597,0
-0.5874,0.45717,0
2.81226,1.45423,0
1.17597,-1.30334,0
2.63722,1.52712,0
1.7372,1.35823,0
2.53494,1.48412,0
0.68264,-1.46641,0
0.6028,-1.57741,0
1.58522,-1.28041,0
3.5644,-0.15472,0
1.15666,-1.30756,0
2.22832,1.37699,0
0.08801,-1.45937,0
1.22694,-1.38335,0
1.90269,1.32636,0
2.37638,1.53126,0
-0.03199,-1.64547,0
2.69347,1.39255,0
-0.54021,0.13285,0
-0.62248,0.40716,0
0.44741,-1.50853,0
1.12381,-1.34937,0
2.08814,1.44587,0
2.62447,1.42063,0
0.53226,-1.57547,0
0.53262,-1.51081,0
3.6843,-0.60108,0
-0.63445,0.24027,0
-0.04042,-1.60452,0
-0.61066,0.31714,0
0.56883,-1.39967,0
0.07014,-1.64247,0
3.54313,-0.05966,0
0.01982,-1.53839,0
1.90733,1.39538,0
2.8923,1.53298,0
3.52042,0.11244,0
3.59199,-0.10309,0
2.32875,1.42753,0
-0.57333,0.60897,0
0.81426,-1.34483,0
2.56048,1.51737,0
3.68814,-0.61357,0
0.99657,-1.43134,0
3.57296,0.08331,0
2.92386,1.70129,0
0.28902,-1.49178,0
0.88532,-1.4199,0
3.55705,0.09797,0
3.08778,1.56309,0
3.09722,1.68667,0
2.22912,1.37079,0
2.62093,1.50442,0
0.19349,-1.54979,0
-0.53362,0.23516,0
-0.07104,-1.65241,0
-0.04148,-1.55795,0
0.49941,-1.56161,0
2.89045,1.58273,0
3.56322,-0.18136,0
3.09247,1.73378,0
1.90216,1.38988,0
1.86691,1.37055,0
2.30624,1.42156,0
0.68513,-1.46746,0
2.45501,1.44146,0
2.94396,1.67234,0
1.48267,1.27034,0
0.32465,-1.45218,0
2.94274,1.68883,0
-0.59071,0.4491,0
2.88772,1.50922,0
2.26198,1.40354,0
0.1459,-1.58591,0
1.09482,-1.42901,0
0.55798,-1.49308,0
1.1465,-1.382,0
1.82081,1.31124,0
0.40433,-1.40749,0
-0.69425,0.60987,0
3.61178,-0.21944,0
3.07395,1.53009,0
2.8598,1.58855,0
-0.04223,-1.61111,0
-0.61673,0.31931,0
-0.08557,-1.61877,0
3.07656,1.71376,0
0.78622,-1.42407,0
0.70202,-1.48392,0
2.93441,1.58443,0
2.61565,1.46157,0
-0.65967,0.44772,0
0.69018,-1.35899,0
0.50238,-1.4096,0
3.59998,-0.11889,0
-0.54031,0.15106,0
1.99589,1.37407,0
2.75342,1.4594,0
0.28577,-1.49575,0
0.00598,-1.74969,0
-0.0632,-1.66231,0
0.87022,-1.43704,0
3.71849,-0.54383,0
2.64874,1.41124,0
0.81704,-1.49926,0
0.22566,-1.53893,0
3.63983,-0.22737,0
2.91159,1.69621,0
0.51185,-1.37482,0
2.78621,1.66785,0
2.64248,1.39958,0
1.16832,-1.34076,0
3.58592,-0.02281,0
2.759,1.63068,0
0.43895,-1.55246,0
-0.64717,0.51204,0
-0.62044,0.23175,0
0.30945,-1.65381,0
-0.05705,-1.7254,0
1.3741,-1.31234,0
-0.05123,-1.57371,0
3.12621,1.58251,0
0.81765,-1.42301,0
0.04956,-1.44164,0
1.0447,-1.43778,0
0.85905,-1.41611,0
0.35139,-1.57646,0
2.73391,1.54854,0
0.62457,-1.52675,0
0.06259,-1.63212,0
1.64654,1.29805,0
1.45066,-1.31837,0
2.99698,1.52684,0
-0.61744,0.54737,0
-0.61408,0.65817,0
2.07356,1.40712,0
-0.67156,0.58889,0
3.61498,-0.28155,0
-0.09905,-1.49747,0
2.61366,1.53694,0
0.96951,-1.35536,0
-0.59271,0.35337,0
1.59987,-1.28298,0
0.70057,-1.43274,0
3.09302,1.6678,0
2.8018,1.56065,0
3.14056,1.54933,0
2.57828,1.57621,0
2.09582,1.46124,0
-0.63481,0.62057,0
3.74666,-0.49648,0
-0.05639,-1.66618,0
0.2649,-1.66007,0
1.69556,-1.25584,0
0.85504,-1.45731,0
0.0017,-1.62817,0
0.15861,-1.42344,0
0.62259,-1.43054,0
-0.58506,0.49079,0
3.00615,1.49791,0
3.61906,-0.47078,0
1.13681,-1.37096,0
-0.64365,0.38501,0
1.67978,1.29797,0
2.13626,1.34844,0
0.30539,-1.60589,0
3.59728,-0.65753,0
0.12297,-1.4177,0
1.40396,-1.29015,0
0.58088,-1.50064,0
2.84194,1.41769,0
1.89419,1.30603,0
3.58844,-0.06461,0
-0.01124,-1.50977,0
-0.64434,0.53259,0
2.55965,1.44896,0
-0.7244,0.61909,0
0.48465,-1.44473,0
0.66357,-1.41224,0
-0.62312,0.46807,0
-0.05586,-1.46421,0
0.5173,-1.47592,0
0.60368,-1.41355,0
-0.00885,-1.72355,0
2.91384,1.6835,0
3.53374,0.23461,0
1.85324,1.29864,0
0.3454,-1.41932,0
2.40383,1.45557,0
2.91244,1.55261,0
2.6191,1.38655,0
2.83744,1.50669,0
1.10054,-1.3412,0
0.26499,-1.52041,0
3.11946,1.55602,0
1.4444,-1.2888,0
2.44942,1.45224,0
1.39012,1.25791,0
-0.55904,0.40525,0
0.735,-1.47272,0
1.07957,-1.30922,0
0.59763,-1.51159,0
0.44495,-1.61322,0
0.43878,-1.48231,0
3.07573,1.55593,0
0.47448,-1.39121,0
3.58884,-0.14606,0
-0.008,-1.63207,0
0.64068,-1.4568,0
0.42006,-1.43144,0
1.96003,1.4215,0
0.3056,-1.53136,0
1.12619,-1.377,0
0.53587,-1.57885,0
2.26044,1.40719,0
-0.62031,0.49826,0
0.64474,-1.52627,0
2.9715,1.55845,0
2.57178,1.4448,0
0.66557,-1.44511,0
2.97673,1.5143,0
3.52159,0.08524,0
0.87676,-1.34824,0
3.11875,1.52905,0
-0.08923,-1.5569,0
0.60548,-1.41192,0
0.1185,-1.71609,0
2.85983,1.67565,0
-0.57928,0.11515,0
3.61248,-0.5621,0
3.0892,1.50895,0
0.3731,-1.57834,0
2.93356,1.54851,0
0.00694,-1.65724,0
2.04313,1.34587,0
3.65446,-0.44495,0
-0.52275,-0.04553,0
2.94519,1.51573,0
3.02762,1.46162,0
2.3575,1.52436,0
2.3295,1.52958,0
3.07978,1.72171,0
3.72971,-0.49032,0
2.81783,1.61785,0
0.99776,-1.40848,0
1.98952,1.42072,0
0.36855,-1.45863,0
-0.5422,0.26207,0
-0.59579,0.39293,0
-0.61231,0.37451,0
2.9973,1.57434,0
3.6521,-0.53583,0
1.48154,-1.29297,0
0.10733,-1.62861,0
2.62886,1.38932,0
3.69738,-0.57988,0
2.21401,1.4995,0
0.4242,-1.4315,0
0.22319,-1.53778,0
2.86182,1.6286,0
3.54236,0.1539,0
1.09116,-1.40586,0
0.20249,-1.46473,0
2.45921,1.42909,0
1.32279,-1.3373,0
2.80961,1.51674,0
0.24298,-1.62261,0
1.11747,-1.37672,0
2.36962,1.40275,0
1.5447,1.29107,0
3.0215,1.57195,0
2.08818,1.42635,0
1.87385,1.33714,0
2.20543,1.47468,0
-0.63996,0.3056,0
-0.63001,0.26928,0
-0.06873,-1.57364,0
2.93521,1.46968,0
2.98438,1.55699,0
1.5469,-1.25968,0
2.74701,1.43333,0
0.56725,-1.54402,0
2.78014,1.54537,0
2.92392,1.42827,0
0.68227,-1.39203,0
3.05274,1.5282,0
0.19616,-1.41087,0
0.0796,-1.45143,0
2.71232,1.45136,0
2.05116,1.44332,0
3.58484,-0.10522,0
2.51207,1.5,0
2.36898,1.42223,0
3.61526,-0.6157,0
-0.02958,-1.65731,0
0.86854,-1.38761,0
2.86874,1.50894,0
2.29421,1.45025,0
-0.58616,0.32947,0
0.66413,-1.3672,0
2.0128,1.39685,0
3.09253,1.47846,0
1.85462,1.31007,0
1.23277,-1.38185,0
0.2072,-1.65299,0
0.25743,-1.42835,0
0.49903,-1.43293,0
3.02144,1.72424,0
1.93852,1.32641,0
-0.56309,0.25318,0
2.82336,1.67003,0
2.60382,1.41063,0
0.04979,-1.49716,0
0.49892,-1.55829,0
1.63605,1.28336,0
2.43976,1.41209,0
0.10432,-1.67705,0
-0.66946,0.64846,0
3.59547,-0.31104,0
0.08495,-1.58295,0
2.74072,1.64616,0
2.7414,1.47077,0
0.0978,-1.66515,0
-0.61092,0.60705,0
-0.70561,0.63259,0
3.53896,0.03671,0
1.97558,1.33815,0
1.4252,1.26869,0
0.2929,-1.54911,0
0.63768,-1.47871,0
-0.63518,0.49014,0
2.50905,1.42541,0
2.67246,1.5945,0
3.09308,1.67672,0
-0.65995,0.45771,0
2.30332,1.44655,0
0.30215,-1.59399,0
3.53124,0.23395,0
0.20568,-1.66524,0
-0.59228,0.47102,0
-0.56713,0.22426,0
1.48,-1.30751,0
0.16494,-1.6699,0
0.48061,-1.44531,0
3.70503,-0.61781,0
-0.09674,-1.45831,0
3.73512,-0.55372,0
0.15838,-1.43466,0
1.70463,1.28441,0
0.04524,-1.57413,0
3.15303,1.44455,0
0.00588,-1.6808,0
0.05681,-1.47383,0
2.3178,1.35879,0
3.58465,-0.2195,0
0.84847,-1.43908,0
3.60396,-0.3227,0
0.7224,-1.51455,0
1.80595,1.3361,0
2.72454,1.54749,0
0.76893,-1.45596,0
-0.03701,-1.6553,0
3.65464,-0.52204,0
2.55734,1.40304,0
0.03036,-1.55402,0
3.72074,-0.49599,0
1.37975,-1.33127,0
2.77856,1.55689,0
0.37952,-1.55872,0
3.00873,1.63669,0
1.4994,-1.30791,0
1.8706,1.38313,0
2.58516,1.45649,0
3.01812,1.62203,0
3.70858,-0.50075,0
2.96228,1.66529,0
0.2097,-1.66582,0
2.90903,1.61829,0
2.73477,1.57355,0
0.26064,-1.59311,0
2.97225,1.63131,0
3.13012,1.52153,0
3.57887,0.05251,0
2.29236,1.42822,0
2.69638,1.39674,0
0.37474,-1.47911,0
-0.50343,-0.05193,0
2.2884,1.47824,0
0.7331,-1.51863,0
1.74084,1.28899,0
0.95669,-1.35734,0
2.32207,1.37683,0
0.75239,-1.41378,0
-0.59711,0.34954,0
1.13018,-1.4117,0
2.25861,1.51271,0
0.42258,-1.54059,0
2.25444,1.38477,0
-0.6118,0.64497,0
0.34447,-1.63371,0
2.49445,1.48488,0
1.86819,1.37171,0
0.01389,-1.71801,0
2.27132,1.48955,0
0.28774,-1.5197,0
2.25023,1.3522,0
3.61681,-0.49597,0
0.58075,-1.46299,0
-0.56722,0.2834,0
0.74899,-1.38421,0
3.60282,-0.6655,0
1.13905,-1.33013,0
0.58084,-1.55033,0
0.11455,-1.70346,0
1.65212,1.30899,0
0.29275,-1.56167,0
1.56758,-1.28464,0
2.20696,1.49796,0
0.03495,-1.71492,0
3.5659,-0.25348,0
3.55127,-0.04465,0
0.32653,-1.53766,0
2.36206,1.47141,0
3.73868,-0.56187,0
-0.00834,-1.6884,0
-0.58351,0.48481,0
3.11976,1.50071,0
2.84112,1.45099,0
0.50179,-1.40751,0
0.96542,-1.34158,0
3.54481,0.00144,0
3.14712,1.49406,0
2.91399,1.52278,0
0.48472,-1.38867,0
3.58089,-0.11073,0
1.69128,1.31986,0
3.53397,0.14188,0
0.4023,-1.44435,0
3.55472,0.11028,0
-0.64239,0.27686,0
3.58228,-0.11912,0
0.38596,-1.41035,0
-0.01531,-1.43785,0
2.90269,1.51975,0
0.45775,-1.51486,0
1.77402,1.35421,0
1.60871,-1.27187,0
0.49282,-1.50772,0
1.57984,-1.25385,0
0.15809,-1.56085,0
2.02111,1.34376,0
-0.11245,-1.48293,0
0.2456,-1.56529,0
-0.72916,0.57288,0
3.68222,-0.65203,0
2.40722,1.39544,0
2.01198,1.44101,0
-0.67516,0.43683,0
2.42316,1.50688,0
0.36265,-1.62232,0
2.59905,1.51826,0
1.18426,-1.34529,0
2.83752,1.55699,0
-0.58333,0.65019,0
3.65697,-0.2754,0
2.52226,1.46066,0
2.99207,1.51166,0
1.16259,-1.32176,0
0.20404,-1.43602,0
-0.63181,0.31836,0
-0.592,0.15304,0
-0.03527,-1.65756,0
1.31305,-1.31019,0
2.83976,1.5449,0
3.03281,1.69932,0
2.94192,1.55878,0
-0.65958,0.50502,0
3.71579,-0.58116,0
0.87252,-1.46826,0
0.46461,-1.59044,0
1.01787,-1.33342,0
1.57812,1.2832,0
3.58996,-0.51757,0
0.75567,-1.41662,0
0.49004,-1.39386,0
2.41004,1.54327,0
0.13232,-1.65954,0
2.51723,1.41755,0
1.62784,1.32428,0
-0.6122,0.55564,0
3.6487,-0.28059,0
2.18554,1.47196,0
0.07221,-1.5404,0
3.62111,-0.64141,0
0.8882,-1.34522,0
3.58014,-0.465,0
-0.05421,-1.47649,0
0.00204,-1.47985,0
1.95198,1.33016,0
0.34494,-1.52868,0
2.52094,1.38516,0
-0.71132,0.56785,0
2.34562,1.52324,0
2.98979,1.56341,0
-0.55206,0.36295,0
0.21698,-1.52168,0
0.12983,-1.63863,0
2.49481,1.57335,0
0.55585,-1.39056,0
3.63362,-0.47491,0
0.31512,-1.60534,0
2.25113,1.51055,0
2.77635,1.43372,0
0.93962,-1.32768,0
2.69259,1.56557,0
3.56799,-0.08532,0
1.60514,1.30555,0
1.88885,1.3899,0
3.00903,1.487,0
1.20949,-1.32342,0
-0.60752,0.25916,0
2.99255,1.42591,0
3.60616,-0.19514,0
3.63597,-0.19075,0
1.29132,-1.32417,0
3.00771,1.6358,0
1.20898,-1.34565,0
-0.53261,-0.03282,0
-0.59693,0.36649,0
3.02443,1.57242,0
0.87306,-1.46138,0
0.34997,-1.47647,0
2.47196,1.50225,0
-0.58694,0.6116,0
3.69527,-0.57551,0
3.62285,-0.2742,0
3.58477,0.01846,0
-0.03564,-1.54698,0
-0.61646,0.66416,0
2.56404,1.42625,0
0.85298,-1.43771,0
2.594,1.40123,0
2.15676,1.41826,0
2.33502,1.35562,0
0.51272,-1.4816,0
2.02706,1.39067,0
3.65408,-0.61954,0
3.61822,-0.21357,0
0.7337,-1.48769,0
2.32836,1.52256,0
3.10411,1.45402,0
0.26714,-1.61143,0
3.54473,-0.12839,0
2.10773,1.33184,0
3.52202,0.08957,0
2.97621,1.6127,0
2.28918,1.37897,0
2.45533,1.49918,0
1.95928,1.31681,0
3.56638,-0.19165,0
2.09972,1.43624,0
2.21458,1.35177,0
3.62098,-0.26891,0
2.03548,1.39595,0
1.13263,-1.32397,0
2.48034,1.56052,0
-0.64664,0.38939,0
-0.63168,0.40262,0
1.88865,1.37676,0
0.17508,-1.50071,0
2.52538,1.50059,0
0.29193,-1.60856,0
2.45229,1.5503,0
2.80684,1.61289,0
0.4479,-1.62127,0
-0.59055,0.29095,0
0.08426,-1.52602,0
-0.64397,0.36738,0
3.65678,-0.27682,0
1.99091,1.41018,0
3.60136,-0.0318,0
2.74817,1.46967,0
3.57491,-0.03713,0
3.70975,-0.63916,0
2.45326,1.44258,0
0.33184,-1.50633,0
2.2916,1.35231,0
0.37238,-1.51056,0
2.45874,1.56606,0
2.99416,1.66932,0
-0.60352,0.64422,0
2.38169,1.50203,0
2.64683,1.45032,0
2.17552,1.47335,0
2.57489,1.43761,0
0.56193,-1.49538,0
2.96193,1.47009,0
2.79765,1.62181,0
3.5566,-0.12955,0
3.61105,-0.47852,0
0.17082,-1.66106,0
2.54274,1.43263,0
2.68325,1.56393,0
0.1467,-1.69194,0
3.62859,-0.68751,0
3.10482,1.55858,0
3.6096,-0.44689,0
0.19878,-1.56989,0
3.59105,-0.59069,0
2.54875,1.54223,0
0.16107,-1.55429,0
0.65513,-1.48861,0
0.19761,-1.6833,0
0.62542,-1.40878,0
0.16112,-1.43425,0
3.70183,-0.51841,0
-0.58194,0.33923,0
3.62139,-0.4511,0
3.03327,1.6481,0
2.71018,1.54843,0
-0.06442,-1.45579,0
0.07781,-1.60741,0
2.40238,1.48303,0
0.00648,-1.55426,0
2.99909,1.55767,0
2.93117,1.46453,0
3.12437,1.59768,0
0.02352,-1.53605,0
3.03147,1.64116,0
3.72031,-0.43293,0
3.58083,-0.34742,0
0.01803,-1.50737,0
0.24005,-1.47712,0
3.63234,-0.33814,0
1.7704,1.35207,0
-0.5808,0.2065,0
-0.05557,-1.6115,0
3.57483,-0.00395,0
3.58116,-0.27421,0
0.23021,-1.53913,0
0.45045,-1.61748,0
0.10181,-1.63006,0
1.61626,1.32523,0
0.05493,-1.44373,0
2.09901,1.3553,0
2.38921,1.3839,0
0.80151,-1.39972,0
0.51639,-1.55568,0
0.5148,-1.43519,0
0.17562,-1.6904,0
2.81986,1.48747,0
0.73506,-1.37808,0
0.55024,-1.37089,0
-0.50476,-0.0572,0
2.09102,1.40369,0
2.8727,1.51402,0
1.36508,-1.2923,0
-0.07323,-1.65494,0
2.72087,1.46223,0
3.51607,0.06973,0
0.47956,-1.48927,0
0.17896,-1.54994,0
3.52916,0.21683,0
3.51344,0.08198,0
3.15476,1.4725,0
0.17798,-1.43705,0
2.88714,1.53491,0
-0.05267,-1.57131,0
0.04201,-1.5653,0
0.1723,-1.49309,0
3.10772,1.62655,0
0.26347,-1.53936,0
1.52978,-1.26451,0
2.88808,1.56981,0
2.93848,1.45025,0
2.66831,1.47326,0
-0.54678,0.24748,0
2.67353,1.56424,0
0.72317,-1.48157,0
-0.56767,0.02907,0
2.57331,1.42871,0
1.07868,-1.38118,0
2.32521,1.50987,0
2.24465,1.46228,0
2.68704,1.40223,0
2.52315,1.53361,0
0.49502,-1.51,0
2.07399,1.43021,0
0.0493,-1.59701,0
0.4228,-1.42568,0
1.94982,1.40868,0
0.37906,-1.62352,0
-0.58196,0.32076,0
2.50353,1.56586,0
3.5684,-0.09891,0
-0.53381,0.23545,0
2.37769,1.38058,0
-0.67757,0.61044,0
0.84836,-1.41692,0
0.38627,-1.58404,0
2.79291,1.54251,0
2.92071,1.56676,0
-0.01649,-1.43923,0
0.84631,-1.38048,0
0.11899,-1.60326,0
2.89387,1.47747,0
3.63452,-0.49659,0
3.02576,1.70433,0
1.5294,1.27902,0
1.14969,-1.3835,0
1.37457,-1.34899,0
2.90989,1.60034,0
0.72364,-1.46547,0
3.07606,1.66996,0
3.11888,1.58797,0
2.67311,1.5445,0
3.66891,-0.26579,0
1.39377,-1.31214,0
1.1691,-1.33218,0
-0.05681,-1.64226,0
1.06448,-1.38673,0
3.68368,-0.63205,0
3.73435,-0.61693,0
3.59166,-0.32643,0
-0.66151,0.58716,0
-0.02772,-1.5452,0
0.11589,-1.66627,0
3.74323,-0.64335,0
2.40452,1.40414,0
2.7481,1.4639,0
3.7272,-0.6338,0
0.48015,-1.46091,0
0.35153,-1.63205,0
0.02326,-1.50784,0
3.68668,-0.35336,0
0.52304,-1.44956,0
1.37468,-1.34858,0
2.19317,1.44162,0
1.09525,-1.30862,0
-0.00292,-1.67816,0
2.36737,1.44026,0
2.40517,1.55224,0
1.45066,-1.3093,0
2.17602,1.48588,0
1.59803,-1.27636,0
3.62508,-0.32914,0
3.65962,-0.37077,0
-0.60611,0.2394,0
2.78903,1.49965,0
2.69404,1.51785,0
2.98918,1.50111,0
2.92299,1.65168,0
3.56628,-0.16244,0
0.90303,-1.34808,0
2.35431,1.4145,0
3.56974,-0.15754,0
2.53824,1.53626,0
2.85861,1.54454,0
2.87947,1.58648,0
0.14582,-1.53734,0
2.68302,1.45819,0
3.64463,-0.3493,0
3.57179,-0.13784,0
0.30664,-1.65052,0
-0.59786,0.21886,0
2.87527,1.56996,0
0.3768,-1.47587,0
1.78146,1.35217,0
0.56257,-1.50188,0
3.0794,1.49514,0
1.01136,-1.38937,0
0.12524,-1.67402,0
0.76119,-1.40667,0
2.08072,1.42185,0
3.61193,-0.31181,0
1.44685,-1.32894,0
0.09138,-1.67878,0
-0.56731,0.31363,0
3.08263,1.48113,0
0.43502,-1.58914,0
2.85516,1.56001,0
-0.67713,0.61902,0
3.60008,-0.54188,0
1.10805,-1.31801,0
3.10205,1.44522,0
2.52403,1.49566,0
3.50986,0.22649,0
2.06017,1.36056,0
-0.56451,0.24513,0
2.22174,1.43444,0
2.8755,1.61477,0
0.01961,-1.70633,0
3.63908,-0.13574,0
2.9598,1.67837,0
-0.11603,-1.48261,0
0.7692,-1.34878,0
-0.09416,-1.51231,0
2.52558,1.38827,0
0.18572,-1.63547,0
2.21282,1.40571,0
1.64306,1.27774,0
3.71526,-0.41461,0
1.98026,1.40017,0
1.49382,-1.2839,0
3.73538,-0.51009,0
2.62612,1.48479,0
3.74732,-0.56807,0
-0.62794,0.30789,0
1.88367,1.39521,0
3.04662,1.55083,0
0.21426,-1.67521,0
0.53558,-1.47941,0
1.95148,1.39839,0
3.75656,-0.59887,0
3.72179,-0.6075,0
0.25402,-1.52732,0
-0.07081,-1.63912,0
-0.62601,0.34851,0
2.99137,1.57153,0
3.70748,-0.42154,0
2.91353,1.57571,0
0.28367,-1.51389,0
1.55018,1.26343,0
1.96338,1.35667,0
0.16358,-1.4534,0
2.59895,1.6048,0
-0.57602,0.4595,0
0.59044,-1.54239,0
2.53829,1.5884,0
1.25738,-1.30214,0
-0.52895,0.07656,0
3.04412,1.4675,0
3.54602,-0.01878,0
2.7982,1.51193,0
1.40361,-1.32919,0
2.32803,1.48109,0
-0.0056,-1.72167,0
2.66193,1.63004,0
2.32453,1.39037,0
-0.62092,0.24676,0
1.95847,1.38715,0
0.32217,-1.56137,0
2.82262,1.62195,0
0.50197,-1.47478,0
0.70591,-1.49388,0
1.13725,-1.38102,0
0.94514,-1.32208,0
3.53595,-0.06177,0
1.8164,1.36667,0
1.74306,1.31351,0
2.18704,1.40185,0
2.07684,1.34568,0
2.08447,1.39939,0
-0.61635,0.63784,0
1.14993,-1.3209,0
2.03349,1.41827,0
2.65375,1.54945,0
0.97516,-1.38867,0
0.64963,-1.53334,0
0.53702,-1.52174,0
-0.59657,0.28029,0
3.59257,-0.15961,0
0.84574,-1.44286,0
2.93057,1.51759,0
1.61801,1.28223,0
-0.68362,0.54347,0
1.9976,1.3649,0
0.804,-1.33832,0
-0.01446,-1.64436,0
2.95468,1.44357,0
0.03378,-1.43158,0
0.25419,-1.53426,0
-0.62694,0.60098,0
3.04792,1.4524,0
0.06603,-1.42402,0
3.7478,-0.55796,0
-0.6717,0.60799,0
1.28306,-1.36197,0
0.04924,-1.56339,0
2.77284,1.55417,0
2.24931,1.3447,0
3.6864,-0.63484,0
-0.01903,-1.65299,0
-0.57074,0.11806,0
0.13056,-1.41911,0
2.48978,1.5352,0
3.54993,0.1802,0
2.7752,1.41447,0
0.9268,-1.47713,0
-0.52663,-0.03639,0
0.29592,-1.56169,0
2.68148,1.43575,0
-0.51323,-0.07763,0
3.66079,-0.58701,0
-0.54954,0.0637,0
0.63694,-1.41806,0
2.12533,1.43742,0
0.24208,-1.55878,0
2.82306,1.50634,0
2.93671,1.53994,0
3.67954,-0.40344,0
2.94421,1.56839,0
3.54198,0.20491,0
3.57946,0.0593,0
-0.62987,0.57446,0
0.46815,-1.46705,0
-0.71607,0.57948,0
2.39443,1.47198,0
-0.63131,0.42366,0
0.09494,-1.46151,0
0.24148,-1.50382,0
1.00533,-1.35545,0
2.05451,1.43203,0
0.76288,-1.44219,0
0.64896,-1.53693,0
3.05043,1.54124,0
3.76853,-0.60766,0
3.02243,1.62605,0
2.29663,1.36399,0
0.24634,-1.56721,0
0.02271,-1.57479,0
3.54007,-0.02438,0
0.95577,-1.39663,0
-0.56298,0.3965,0
0.13521,-1.62648,0
3.66066,-0.26273,0
3.01169,1.52458,0
0.32774,-1.48665,0
0.44991,-1.44142,0
2.97553,1.63518,0
0.19915,-1.51571,0
3.63852,-0.22446,0
1.98548,1.39638,0
-0.03186,-1.70587,0
2.75551,1.42051,0
3.6736,-0.53742,0
2.77155,1.63387,0
3.62135,-0.64698,0
2.30749,1.48886,0
-0.52057,-0.13407,0
1.00722,-1.34803,0
0.94992,-1.36326,0
2.07408,1.33001,0
3.54152,-0.10058,0
0.14839,-1.47129,0
2.71227,1.57142,0
0.14267,-1.42578,0
2.37921,1.3778,0
2.81414,1.45325,0
1.03239,-1.43738,0
0.40433,-1.44791,0
3.13472,1.51123,0
2.87121,1.61418,0
-0.63446,0.6398,0
3.64688,-0.58571,0
-0.633,0.63686,0
0.37218,-1.64146,0
0.30363,-1.40745,0
2.82775,1.51156,0
2.48872,1.43587,0
0.76556,-1.51514,0
3.63592,-0.16304,0
2.86018,1.46838,0
3.60533,-0.25472,0
0.41757,-1.42295,0
0.29901,-1.64803,0
-0.5685,0.44768,0
1.04385,-1.44179,0
2.45093,1.49294,0
3.5819,-0.09253,0
-0.01087,-1.6493,0
2.62692,1.45049,0
2.28882,1.42783,0
-0.62869,0.22733,0
2.61399,1.4229,0
0.73476,-1.50655,0
0.09191,-1.71766,0
-0.60115,0.28017,0
0.45491,-1.46619,0
0.00217,-1.71865,0
0.98112,-1.45516,0
0.60059,-1.36433,0
3.06054,1.60681,0
2.9953,1.50381,0
0.63644,-1.39361,0
3.54127,-0.01947,0
0.28919,-1.58475,0
0.68964,-1.48989,0
2.96162,1.57453,0
0.31359,-1.58008,0
0.96803,-1.34259,0
3.6709,-0.55509,0
1.14021,-1.38699,0
-0.73639,0.5869,0
-0.53714,0.23292,0
2.7852,1.41515,0
0.8677,-1.36307,0
0.7279,-1.36055,0
1.99813,1.33773,0
0.78643,-1.43962,0
0.44564,-1.56571,0
3.67391,-0.46872,0
3.62361,-0.19214,0
3.05805,1.58034,0
0.15553,-1.63786,0
0.37305,-1.58171,0
2.00168,1.33082,0
-0.00303,-1.73115,0
0.4591,-1.48287,0
2.78364,1.47257,0
2.05674,1.33491,0
1.95984,1.38697,0
-0.57702,0.47297,0
0.08078,-1.42673,0
1.45689,-1.31125,0
1.15687,-1.40363,0
2.70411,1.40755,0
0.3088,-1.65068,0
3.56559,-0.04191,0
0.21849,-1.441,0
1.85334,1.38459,0
2.73822,1.64167,0
0.16188,-1.61071,0
3.62812,-0.13508,0
2.76251,1.53149,0
0.45568,-1.55595,0
-0.38699,-1.25989,0
3.4368,1.29484,0
3.51345,-1.04525,0
3.41443,1.25901,0
3.39741,1.28019,0
3.50236,0.3808,0
-0.53393,1.12416,0
3.42252,1.26776,0
3.58155,-1.04975,0
-0.37935,-1.27855,0
-0.50342,1.05331,0
3.58945,-1.04753,0
-0.53393,1.10022,0
3.44581,1.33799,0
-0.54057,1.0809,0
3.56105,-1.03772,0
3.5861,-1.08974,0
3.58302,-1.08109,0
3.58296,-1.02975,0
3.55452,-1.08217,0
-0.50338,1.11,0
3.38298,1.34186,0
3.40889,1.30284,0
3.55483,-1.03274,0
3.50446,-1.08794,0
3.5632,-1.04707,0
3.55406,-1.10485,0
3.42387,1.30296,0
3.5932,-1.08142,0
3.4456,1.31513,0
-0.39278,-1.32671,0
3.53521,-1.10844,0
-0.50054,1.0831,0
-0.51646,1.04335,0
3.53161,-1.11325,0
-0.54297,1.1195,0
3.39152,1.3401,0
3.57614,-1.02776,0
3.50276,-1.06705,0
3.52048,-1.07578,0
3.54625,-1.07999,0
3.53276,-1.10039,0
3.50201,-1.10909,0
3.44344,1.30319,0
3.4412,1.31981,0
-0.53219,1.11522,0
3.57048,-1.07288,0
-0.37058,-1.36187,0
3.38142,1.3525,0
-0.3931,-1.29032,0
3.55222,-1.0731,0
3.43047,1.29109,0
3.37985,1.29158,0
3.53397,-1.12117,0
3.3978,1.26266,0
-0.39239,-1.33003,0
3.39211,1.31734,0
-0.52077,1.0462,0
3.43055,1.26359,0
3.43591,1.30605,0
-0.53565,1.06413,0
3.38173,1.35702,0
3.37585,1.3495,0
3.43576,1.2814,0
-0.50951,1.06428,0
3.38032,1.35163,0
3.39966,1.33545,0
-0.38873,-1.28127,0
-0.3755,-1.31883,0
-0.39237,-1.35931,0
3.51678,-1.10603,0
3.52201,-1.06432,0
3.54225,-1.10162,0
-0.53273,1.12338,0
-0.38225,-1.33236,0
3.43423,1.28051,0
3.54055,-1.12912,0
3.54353,-1.12673,0
3.51136,-1.12634,0
3.57524,-1.0826,0
3.41713,1.35328,0
3.55004,-1.04911,0
3.43477,1.3352,0
3.40017,1.31075,0
0.17618,-1.83343,0
2.7506,1.67469,0
1.96005,1.44946,0
-0.70695,0.43427,0
0.31137,-1.715,0
0.70102,-1.54976,0
3.76601,-0.24402,0
-0.76872,0.41827,0
2.17451,1.59258,0
0.87045,-1.51766,0
2.82374,1.84012,0
2.64901,1.65341,0
1.96474,1.47855,0
2.80772,1.67631,0
0.55003,-1.66621,0
2.92233,1.88955,0
0.65406,-1.63283,0
2.75316,1.6656,0
0.46761,-1.75886,0
1.66162,1.3901,0
3.61405,0.12085,0
2.37894,1.64024,0
1.37547,-1.3938,0
1.57471,1.34848,0
2.89556,1.8428,0
0.85636,-1.6029,0
0.39663,-1.68834,0
2.91502,1.78333,0
1.01207,-1.49395,0
2.73243,1.69499,0
2.09187,1.56878,0
3.59855,0.20224,0
0.39249,-1.68464,0
3.60908,0.10913,0
0.6914,-1.65686,0
1.12124,-1.4715,0
2.98455,1.76418,0
1.14031,-1.47956,0
0.63148,-1.56923,0
1.70718,-1.25691,0
-0.6472,0.26727,0
0.67979,-1.59817,0
1.77716,1.39344,0
0.60701,-1.61317,0
3.53846,0.37261,0
3.69281,-0.27185,0
2.45033,1.65022,0
3.55027,0.18165,0
0.47003,-1.63595,0
2.40142,1.66846,0
1.66544,1.39762,0
0.4497,-1.76254,0
3.5246,0.27559,0
2.42379,1.61094,0
0.93297,-1.5465,0
0.50442,-1.65163,0
2.12843,1.5396,0
0.48126,-1.64514,0
0.28101,-1.82237,0
-0.60264,0.11426,0
1.61493,1.37194,0
0.76581,-1.54016,0
3.78061,-0.38644,0
0.2353,-1.69911,0
3.53487,0.35392,0
3.51392,0.3065,0
2.7013,1.69585,0
3.65594,0.02457,0
2.16974,1.58988,0
2.43075,1.57254,0
1.16802,-1.4697,0
2.86508,1.78493,0
0.69397,-1.60431,0
1.18284,-1.41061,0
0.39537,-1.72398,0
2.70523,1.70644,0
3.64696,-0.04606,0
0.89938,-1.50964,0
3.73104,-0.41117,0
-0.66411,0.33178,0
1.8112,1.44143,0
0.19692,-1.71288,0
3.75849,-0.30708,0
2.85852,1.75463,0
1.85165,1.40751,0
2.02897,1.48904,0
1.39064,-1.35407,0
2.68568,1.73306,0
2.21577,1.58436,0
0.82322,-1.58212,0
0.23461,-1.70659,0
1.7033,1.38133,0
0.9809,-1.48692,0
0.51581,-1.64282,0
2.51604,1.70474,0
3.63231,-0.06768,0
2.84882,1.74658,0
2.74794,1.73439,0
2.53744,1.74037,0
0.86088,-1.58833,0
1.1215,-1.44463,0
2.45687,1.61226,0
3.53207,0.35821,0
2.5695,1.69353,0
2.72169,1.75288,0
2.05422,1.5212,0
1.7044,1.36445,0
2.5159,1.67414,0
2.88416,1.81147,0
1.93146,1.48061,0
3.7576,-0.18826,0
3.7487,-0.20364,0
0.22466,-1.77481,0
1.45687,1.30957,0
-0.5948,-0.02475,0
0.53856,-1.60008,0
0.77574,-1.61079,0
1.67167,1.40192,0
2.42002,1.68695,0
2.96002,1.79111,0
0.59659,-1.69096,0
3.69725,-0.206,0
2.46101,1.65415,0
0.29071,-1.78956,0
3.73629,-0.22362,0
1.67427,1.35776,0
0.25544,-1.70762,0
1.55494,-1.31828,0
1.63033,1.37051,0
2.75821,1.72838,0
1.65647,1.34571,0
2.92962,1.79635,0
0.32447,-1.81256,0
1.45558,-1.36359,0
2.24829,1.51795,0
2.29808,1.60133,0
0.65215,-1.63274,0
0.51055,-1.614,0
1.03672,-1.51208,0
3.69996,-0.04096,0
0.41792,-1.73666,0
3.79982,-0.36913,0
-0.64934,0.13917,0
2.5434,1.74335,0
0.1348,-1.83961,0
2.10015,1.55953,0
0.99392,-1.51254,0
1.26691,-1.44151,0
1.50473,-1.33704,0
2.05819,1.55357,0
1.72208,1.39313,0
2.16338,1.52595,0
2.69881,1.81042,0
1.00732,-1.48729,0
3.74573,-0.36199,0
1.46849,-1.35727,0
1.91927,1.41894,0
2.1373,1.55406,0
2.58012,1.71534,0
2.21189,1.57111,0
-0.5536,-0.06959,0
0.27142,-1.83445,0
0.37121,-1.65099,0
-0.73216,0.42612,0
1.0559,-1.51413,0
0.76684,-1.58703,0
2.08754,1.492,0
-0.55717,-0.11018,0
2.95094,1.73195,0
3.72041,-0.12723,0
-0.60436,0.07514,0
-0.53907,-0.12689,0
1.83859,1.45701,0
2.62466,1.69068,0
0.79766,-1.62457,0
3.65582,-0.17562,0
2.76602,1.74182,0
0.42176,-1.64014,0
2.41199,1.57447,0
0.41858,-1.76909,0
2.80703,1.77199,0
-0.63687,0.20363,0
3.69348,-0.14825,0
2.01505,1.48923,0
3.74986,-0.39125,0
3.68976,-0.06104,0
0.60769,-1.69094,0
3.58307,0.11761,0
-0.60333,-0.01095,0
0.49888,-1.63942,0
1.18831,-1.41274,0
0.59044,-1.60719,0
3.75732,-0.4358,0
2.61876,1.64563,0
0.18968,-1.81382,0
0.65519,-1.56618,0
0.80886,-1.55753,0
1.61953,1.37744,0
2.90093,1.87415,0
0.38197,-1.76249,0
2.30554,1.64999,0
2.02304,1.52617,0
0.82326,-1.60651,0
2.90662,1.70849,0
-0.71473,0.37728,0
0.22567,-1.82319,0
3.8189,-0.4007,0
0.50891,-1.67509,0
2.40181,1.64796,0
0.74877,-1.62164,0
2.17673,1.57329,0
3.6649,0.01449,0
0.411,-1.72422,0
2.68527,1.70727,0
2.57725,1.61445,0
0.40785,-1.72581,0
0.90756,-1.57791,0
2.85743,1.86541,0
1.00322,-1.51514,0
2.00701,1.50224,0
3.51183,0.43794,0
0.78544,-1.59546,0
-0.59612,0.09646,0
0.24533,-1.76935,0
2.33994,1.57231,0
0.4797,-1.71268,0
1.63927,-1.28364,0
2.61425,1.67621,0
2.7274,1.80853,0
2.60182,1.62902,0
2.11761,1.50907,0
1.7285,1.42343,0
3.77088,-0.39343,0
1.47739,-1.34646,0
2.15151,1.54424,0
1.83317,1.43269,0
2.44823,1.66591,0
3.63106,-0.0765,0
-0.71486,0.31213,0
2.04011,1.49153,0
3.72565,-0.41321,0
-0.56028,-0.09334,0
1.1327,-1.47112,0
0.36562,-1.64973,0
2.05896,1.46244,0
1.88762,1.46329,0
2.79229,1.82776,0
2.50109,1.63549,0
1.92231,1.4191,0
1.13405,-1.47255,0
2.36871,1.62023,0
0.42134,-1.74478,0
1.85495,1.44319,0
2.89914,1.81601,0
-0.75226,0.37866,0
-0.76171,0.39775,0
0.55606,-1.60288,0
1.87041,1.40635,0
0.49483,-1.61927,0
0.79115,-1.56367,0
3.57968,0.26974,0
2.394,1.67963,0
-0.71067,0.41347,0
0.11842,-1.81897,0
2.92942,1.87787,0
3.78327,-0.29829,0
1.30314,-1.39388,0
1.28747,-1.38428,0
3.71995,-0.22531,0
3.83801,-0.3929,0
2.78766,1.83886,0
1.52811,-1.33644,0
2.868,1.80231,0
0.71798,-1.54606,0
0.48695,-1.72546,0
1.41672,-1.38033,0
1.48958,1.29672,0
1.99083,1.48207,0
2.26605,1.61951,0
2.59238,1.72806,0
3.65912,-0.17103,0
-0.54054,-0.15118,0
0.39127,-1.67388,0
0.776,-1.53799,0
1.45887,1.29641,0
2.26234,1.55908,0
-0.68166,0.35785,0
3.7514,-0.26768,0
2.24945,1.62154,0
0.62108,-1.59932,0
0.39761,-1.65902,0
0.58538,-1.65386,0
-0.6658,0.17069,0
-0.72681,0.3307,0
0.50021,-1.64088,0
-0.60054,0.03745,0
0.69732,-1.64575,0
1.62741,1.33695,0
0.12143,-1.83801,0
2.89153,1.71519,0
0.2908,-1.70707,0
2.8958,1.81035,0
1.12921,-1.4585,0
0.84654,-1.52653,0
3.73808,-0.14341,0
2.12694,1.56806,0
-0.67524,0.24704,0
2.62649,1.68059,0
-0.74208,0.35104,0
0.20025,-1.70784,0
1.70306,1.40429,0
1.54629,1.32308,0
0.46445,-1.63506,0
1.20851,-1.45835,0
-0.63169,0.13527,0
3.70256,-0.13742,0
1.65935,1.37982,0
-0.5466,-0.11201,0
1.87209,1.4019,0
0.95997,-1.50913,0
2.65517,1.71564,0
0.28528,-1.80231,0
3.82246,-0.41089,0
2.50509,1.70874,0
0.15769,-1.72297,0
2.37869,1.67969,0
1.51232,1.31817,0
2.402,1.57825,0
2.19363,1.50015,0
0.85096,-1.59014,0
3.59174,0.19506,0
1.92166,1.49248,0
-0.6453,0.14059,0
2.30468,1.52853,0
0.58048,-1.65994,0
2.89477,1.72905,0
0.30675,-1.72465,0
1.16245,-1.43831,0
1.89591,1.45036,0
1.14388,-1.49191,0
1.21174,-1.46193,0
2.01165,1.5253,0
0.24092,-1.83931,0
0.81726,-1.55121,0
0.51779,-1.72936,0
-0.70347,0.34,0
0.46533,-1.64058,0
-0.77081,0.43455,0
0.17495,-1.72108,0
1.6568,1.38941,0
1.90435,1.4449,0
0.70556,-1.56883,0
0.14018,-1.73359,0
2.52713,1.60405,0
3.79453,-0.35689,0
0.80433,-1.57979,0
3.77426,-0.40307,0
1.35744,1.27685,0
2.18717,1.52767,0
0.26962,-1.73563,0
3.75439,-0.32676,0
1.6761,1.38577,0
1.64768,-1.28017,0
0.55035,-1.67508,0
2.22659,1.53423,0
0.69459,-1.56079,0
1.88628,1.41452,0
2.04853,1.53369,0
-0.72176,0.43306,0
-0.62844,0.19892,0
2.67167,1.68214,0
3.80797,-0.36512,0
1.29993,1.25341,0
3.68408,-0.18933,0
1.80139,1.43419,0
0.1291,-1.80089,0
0.53771,-1.66932,0
3.60297,0.09885,0
2.90335,1.84658,0
2.78463,1.74506,0
3.53519,0.29522,0
1.31512,-1.41395,0
2.94029,1.72853,0
3.70004,-0.17726,0
3.66929,-0.13157,0
0.85418,-1.53754,0
0.33142,-1.81246,0
-0.60966,0.07775,0
2.4516,1.64423,0
1.01255,-1.47005,0
2.61955,1.70797,0
0.19558,-1.7034,0
0.23513,-1.8319,0
3.56037,0.15529,0
-0.50619,-0.26422,0
2.71313,1.68969,0
-0.56998,-0.07808,0
0.87036,-1.50797,0
0.46091,-1.73979,0
2.26691,1.6359,0
1.86772,1.43009,0
3.73644,-0.429,0
0.95994,-1.55636,0
0.85183,-1.51235,0
3.66195,0.07037,0
2.30198,1.5716,0
3.75489,-0.44874,0
2.66839,1.69758,0
1.7023,1.39514,0
2.66303,1.68052,0
0.87351,-1.53145,0
-0.57586,-0.0896,0
3.59907,0.05896,0
2.47309,1.62694,0
1.67173,1.37149,0
1.49353,1.3147,0
1.24792,-1.39439,0
-0.68755,0.41239,0
1.69174,1.35679,0
2.70303,1.79707,0
0.37408,-1.77982,0
2.49987,1.64399,0
0.4895,-1.61335,0
3.756,-0.24336,0
0.5448,-1.60461,0
2.74262,1.68826,0
2.51165,1.69237,0
-0.69839,0.25456,0
-0.55116,-0.13445,0
2.87566,1.84221,0
2.76386,1.77424,0
0.30881,-1.74166,0
1.56286,1.36368,0
2.92156,1.74261,0
2.68206,1.70894,0
0.37922,-1.65385,0
1.75136,1.42229,0
0.17911,-1.86092,0
2.4777,1.67815,0
1.67552,1.36747,0
1.48974,-1.3253,0
1.22353,-1.42185,0
0.30955,-1.73419,0
0.19527,-1.78503,0
-0.68196,0.24216,0
-0.63425,0.11531,0
0.79083,-1.62657,0
0.11082,-1.75308,0
1.35306,1.25043,0
0.50901,-1.64498,0
2.28378,1.59176,0
0.56315,-1.67388,0
0.17726,-1.81789,0
2.92116,1.79811,0
3.63045,0.09318,0
-0.62217,0.1755,0
2.89235,1.72924,0
2.62626,1.72108,0
0.22852,-1.8278,0
3.75408,-0.3922,0
2.14919,1.52119,0
3.66839,0.02993,0
0.27301,-1.68876,0
2.89005,1.70097,0
0.19819,-1.85899,0
-0.73029,0.44986,0
0.31438,-1.74988,0
0.2888,-1.73093,0
-0.67318,0.22967,0
1.84941,1.42469,0
1.43949,-1.35952,0
1.16355,-1.47236,0
2.83853,1.77668,0
0.91397,-1.51857,0
2.17884,1.53721,0
2.94067,1.83101,0
1.38982,-1.36232,0
2.24238,1.63276,0
2.72017,1.73331,0
0.37783,-1.74919,0
1.92138,1.50239,0
0.12402,-1.74707,0
0.15514,-1.85836,0
1.01287,-1.52605,0
2.308,1.60209,0
2.85285,1.80561,0
1.16351,-1.46384,0
-0.60915,0.10285,0
2.84093,1.81839,0
2.44258,1.59398,0
-0.70801,0.45875,0
3.70716,-0.25516,0
2.98598,1.73497,0
0.65939,-1.62029,0
3.56941,0.18895,0
0.38138,-1.77276,0
1.93783,1.50988,0
2.56637,1.62643,0
3.7211,-0.31842,0
2.33258,1.63807,0
-0.66981,0.28729,0
2.3949,1.67309,0
2.95117,1.81989,0
0.67565,-1.67776,0
1.51921,1.34574,0
2.69408,1.76518,0
1.8946,1.424,0
1.65935,1.35654,0
2.26454,1.63169,0
3.63008,-0.0259,0
3.73592,-0.32337,0
1.97265,1.43173,0
0.68037,-1.6618,0
2.00716,1.47202,0
3.66636,0.05652,0
3.59836,0.2168,0
2.95144,1.82972,0
2.84476,1.78976,0
1.14867,-1.42167,0
2.16449,1.57201,0
2.6934,1.7015,0
3.63789,0.11067,0
2.48173,1.71525,0
0.77898,-1.53722,0
3.62102,0.13912,0
2.55548,1.70524,0
-0.56181,-0.08497,0
2.58682,1.63882,0
2.63557,1.68944,0
0.38956,-1.74402,0
2.71933,1.69747,0
1.13467,-1.47786,0
2.54822,1.60986,0
0.3961,-1.73269,0
2.72773,1.71012,0
0.5074,-1.61827,0
3.5808,0.10435,0
2.92965,1.8174,0
2.50537,1.6072,0
2.73187,1.76843,0
2.42125,1.69191,0
2.70643,1.7265,0
1.46325,-1.35702,0
2.59244,1.65425,0
-0.74047,0.32966,0
2.59523,1.72675,0
-0.57747,-0.07472,0
2.70272,1.6631,0
1.66595,1.39414,0
2.32652,1.56437,0
1.06508,-1.46038,0
2.18203,1.50512,0
3.73614,-0.35068,0
2.7046,1.71391,0
3.78031,-0.27402,0
2.75665,1.66605,0
3.52291,0.29229,0
1.39787,-1.36443,0
0.52544,-1.63757,0
1.09692,-1.44542,0
1.03495,-1.53495,0
2.80498,1.81088,0
-0.58009,-0.00734,0
1.02121,-1.48049,0
-0.74037,0.32161,0
2.65469,1.645,0
2.34363,1.62457,0
3.83306,-0.41005,0
3.54151,0.3293,0
2.08814,1.55295,0
2.83409,1.70952,0
1.37166,-1.35633,0
0.40178,-1.66916,0
3.58865,0.11688,0
1.26825,-1.39639,0
1.22243,-1.40831,0
0.76891,-1.53562,0
2.05866,1.52271,0
2.62528,1.77214,0
-0.63907,0.0687,0
0.72654,-1.60543,0
0.58163,-1.68165,0
0.25398,-1.75258,0
2.8312,1.81137,0
2.44904,1.68477,0
-0.69339,0.20369,0
2.21458,1.51885,0
1.43105,1.30365,0
1.70513,-1.26703,0
0.62484,-1.60628,0
3.55581,0.165,0
0.19501,-1.78339,0
-0.59345,0.08166,0
0.21027,-1.85496,0
2.71186,1.749,0
1.79966,1.43327,0
-0.74998,0.42365,0
2.53618,1.67191,0
0.2632,-1.79793,0
-0.52093,-0.21226,0
2.93908,1.73014,0
0.32102,-1.67893,0
3.70233,-0.31532,0
3.71612,-0.31379,0
3.77038,-0.38963,0
2.86367,1.8581,0
0.18472,-1.76699,0
3.77923,-0.4108,0
2.34859,1.6482,0
2.17951,1.55568,0
3.64144,-0.08593,0
3.60702,0.07809,0
2.8366,1.74092,0
-0.59185,0.05876,0
-0.66354,0.32681,0
0.36978,-1.69745,0
1.84028,1.39857,0
-0.61265,0.0274,0
3.57946,0.10426,0
3.68914,-0.07226,0
1.88236,1.42722,0
0.59132,-1.61809,0
0.88695,-1.53986,0
1.57975,1.32023,0
3.7533,-0.34827,0
-0.61812,0.04429,0
1.48981,1.32692,0
2.17555,1.52212,0
1.17944,-1.44096,0
3.70289,-0.24042,0
0.46089,-1.73769,0
1.88197,1.43599,0
0.20707,-1.72752,0
2.86891,1.77397,0
2.167,1.54117,0
0.23722,-1.80806,0
3.65269,0.0314,0
1.44921,-1.3672,0
1.02396,-1.5103,0
2.43561,1.57225,0
0.78298,-1.5935,0
2.51553,1.70043,0
0.25995,-1.78836,0
0.81784,-1.56267,0
0.46382,-1.7456,0
3.74121,-0.31969,0
3.6321,-0.05054,0
3.69523,-0.20829,0
3.53742,0.30245,0
-0.50914,-0.20114,0
1.62438,-1.28839,0
2.80438,1.84765,0
-0.70335,0.42727,0
1.10481,-1.47341,0
3.73721,-0.43464,0
1.74783,1.37759,0
0.66258,-1.64161,0
2.10875,1.50085,0
0.16694,-1.75909,0
2.67494,1.64972,0
0.08614,-1.7353,0
-0.61429,0.06626,0
1.43961,-1.34477,0
3.72037,-0.1629,0
2.92164,1.80043,0
-0.63648,0.10208,0
0.18419,-1.8691,0
2.83619,1.70924,0
0.46678,-1.72254,0
0.18188,-1.71879,0
-0.66789,0.30567,0
3.71377,-0.07873,0
1.23849,-1.41057,0
0.28845,-1.74221,0
3.52968,0.35041,0
2.9477,1.817,0
3.58498,0.1438,0
0.21528,-1.7648,0
2.85983,1.71919,0
0.22748,-1.70905,0
3.56163,0.28636,0
1.11476,-1.43703,0
2.29269,1.55923,0
2.63976,1.78004,0
0.16411,-1.85296,0
3.65448,0.00058,0
3.59487,0.07474,0
1.08041,-1.44296,0
-0.78097,0.4303,0
2.66517,1.69877,0
0.64694,-1.64129,0
2.3416,1.63635,0
1.16586,-1.47073,0
2.05048,1.5334,0
2.421,1.69101,0
0.24042,-1.78518,0
2.01184,1.52574,0
0.99259,-1.53995,0
2.59064,1.7698,0
3.83457,-0.37373,0
2.15637,1.49491,0
-0.7433,0.37726,0
3.69474,-0.27651,0
2.48829,1.63412,0
-0.65826,0.12951,0
2.82381,1.69763,0
0.79579,-1.52677,0
2.61033,1.689,0
0.9468,-1.50566,0
1.94645,1.49601,0
0.88713,-1.56271,0
3.74245,-0.31407,0
-0.58841,-0.03721,0
0.72762,-1.55718,0
2.02543,1.52817,0
2.902,1.88576,0
0.12391,-1.74227,0
0.56842,-1.63164,0
0.36335,-1.73561,0
0.60833,-1.69304,0
2.90981,1.74654,0
3.50689,0.44059,0
0.22449,-1.71639,0
1.10421,-1.48827,0
2.16788,1.56994,0
2.7529,1.66344,0
1.31832,1.25757,0
2.56773,1.62964,0
0.24308,-1.74123,0
0.77006,-1.61172,0
1.04475,-1.46902,0
2.39251,1.66655,0
1.71573,1.35906,0
2.64646,1.65339,0
-0.69584,0.37694,0
-0.61767,0.13292,0
0.43748,-1.77064,0
2.73528,1.73245,0
1.22549,-1.45586,0
1.52055,1.31763,0
3.60505,0.17424,0
3.73694,-0.13252,0
1.82478,1.42835,0
3.64304,0.02183,0
3.82969,-0.39228,0
1.42377,1.30331,0
2.44668,1.61106,0
-0.60367,0.03616,0
-0.68704,0.23443,0
3.71203,-0.25687,0
2.34356,1.65162,0
0.98561,-1.50347,0
-0.60638,0.06211,0
1.83321,1.43229,0
3.75876,-0.33635,0
2.16847,1.59079,0
0.51437,-1.66545,0
3.79055,-0.30819,0
1.45915,1.32152,0
0.49246,-1.73689,0
3.68761,-0.16883,0
0.26999,-1.82247,0
0.28937,-1.72433,0
2.48084,1.63442,0
0.53361,-1.71534,0
0.42072,-1.66161,0
1.11973,-1.45543,0
2.62795,1.77791,0
1.6284,-1.28828,0
0.2464,-1.7655,0
2.89019,1.72608,0
0.4737,-1.67642,0
-0.70522,0.24758,0
2.4571,1.62718,0
-0.66595,0.15179,0
3.5684,0.26405,0
3.50617,0.44665,0
2.34605,1.5997,0
2.6624,1.66972,0
2.93621,1.85246,0
0.97888,-1.48597,0
2.97873,1.7521,0
2.81641,1.77975,0
0.37204,-1.67064,0
1.52388,-1.33796,0
1.88196,1.47015,0
2.73802,1.81402,0
-0.70189,0.35113,0
0.76705,-1.57596,0
1.49172,-1.31941,0
-0.68949,0.28015,0
3.54511,0.21564,0
2.40575,1.63345,0
2.92539,1.77166,0
0.47223,-1.6228,0
2.02974,1.52993,0
0.72041,-1.61773,0
0.17174,-1.71977,0
2.42977,1.68086,0
3.69824,-0.31399,0
2.51318,1.71212,0
1.87959,1.41193,0
1.3172,1.25295,0
0.15257,-1.71324,0
1.81446,1.43013,0
-0.73159,0.32973,0
2.64017,1.76412,0
1.60837,-1.28407,0
1.69919,1.39945,0
0.35051,-1.78899,0
0.42606,-1.71734,0
0.55348,-1.63397,0
1.19568,-1.46698,0
1.91971,1.44157,0
3.54674,0.30149,0
0.52118,-1.61526,0
0.34616,-1.66054,0
0.51664,-1.69912,0
2.65917,1.75448,0
1.81387,1.44689,0
1.90115,1.49441,0
0.13499,-1.81123,0
2.74077,1.69874,0
3.76401,-0.22278,0
2.82576,1.79171,0
0.08706,-1.73842,0
2.11174,1.4791,0
1.25344,-1.44314,0
2.49959,1.66361,0
2.01257,1.47171,0
2.64689,1.67277,0
2.51201,1.64468,0
0.38699,-1.79039,0
2.23025,1.52461,0
2.7992,1.79573,0
2.24439,1.53035,0
3.75723,-0.43412,0
0.53336,-1.66148,0
-0.63681,0.20794,0
3.79985,-0.38194,0
1.05127,-1.45407,0
1.70239,1.40161,0
0.51917,-1.67277,0
-0.65715,0.29717,0
1.24812,-1.3917,0
1.02084,-1.53536,0
2.42484,1.59892,0
1.70471,1.38259,0
2.58785,1.70777,0
3.69365,-0.25802,0
2.80945,1.70921,0
3.62487,0.12798,0
0.23949,-1.77381,0
-0.55012,-0.09294,0
3.79997,-0.41414,0
2.89275,1.82665,0
0.63392,-1.57772,0
2.30098,1.59164,0
-0.75175,0.36982,0
3.70463,-0.32004,0
2.7092,1.79686,0
0.59419,-1.69475,0
1.10404,-1.5042,0
0.77895,-1.54509,0
2.44123,1.66184,0
2.74403,1.66722,0
0.2293,-1.76858,0
1.53226,1.34578,0
2.5083,1.69821,0
2.58013,1.64547,0
1.66501,1.36291,0
2.17295,1.5657,0
-0.51829,-0.21981,0
0.6366,-1.58628,0
0.32589,-1.66093,0
0.09701,-1.76406,0
2.90805,1.73277,0
2.34766,1.62869,0
2.24521,1.57392,0
1.58909,1.36479,0
1.13159,-1.44024,0
3.52738,0.27125,0
0.34164,-1.70071,0
1.58152,1.32297,0
0.50409,-1.7278,0
0.66526,-1.61437,0
2.60412,1.7536,0
2.65913,1.74272,0
2.91966,1.74948,0
3.64563,0.03347,0
0.40379,-1.64699,0
2.8546,1.72993,0
2.32327,1.6136,0
3.67379,-0.18432,0
2.0438,1.54011,0
3.66604,-0.12867,0
1.94872,1.42977,0
0.50078,-1.69388,0
-0.62387,0.12348,0
3.65071,0.05068,0
1.30071,-1.39147,0
2.89678,1.88327,0
2.02113,1.52939,0
3.61214,0.07423,0
2.0909,1.47815,0
1.10913,-1.48388,0
-0.76723,0.42219,0
2.76403,1.69781,0
0.90165,-1.58575,0
0.91169,-1.4983,0
2.72323,1.76348,0
3.67809,-0.13086,0
1.24718,-1.45088,0
0.33131,-1.73758,0
3.71134,-0.22916,0
0.13443,-1.72978,0
2.88778,1.72673,0
0.83114,-1.56684,0
2.77847,1.78944,0
2.00523,1.44608,0
0.54417,-1.60763,0
2.69395,1.70743,0
2.79114,1.69829,0
0.59312,-1.697,0
0.1832,-1.75347,0
3.68766,-0.20844,0
0.6509,-1.59189,0
0.80623,-1.61498,0
1.87286,1.43898,0
1.97361,1.43806,0
0.55341,-1.70372,0
2.8214,1.72005,0
0.59943,-1.6798,0
1.43011,1.2922,0
0.25853,-1.81351,0
3.64837,0.10243,0
2.95179,1.80984,0
0.15251,-1.78934,0
0.93204,-1.49703,0
0.53401,-1.72739,0
1.57619,1.32097,0
0.65028,-1.63323,0
0.61114,-1.65951,0
3.66344,0.03239,0
0.30312,-1.66826,0
2.68417,1.65694,0
0.18456,-1.74903,0
1.44597,-1.35568,0
1.27778,-1.38715,0
2.95426,1.84699,0
3.77045,-0.33504,0
0.99067,-1.53443,0
2.80475,1.69836,0
1.39659,-1.35302,0
0.81406,-1.61049,0
2.00279,1.44833,0
2.17764,1.59781,0
2.44435,1.70856,0
2.52407,1.67546,0
0.44313,-1.68445,0
1.99947,1.44085,0
0.67094,-1.57116,0
2.93983,1.73052,0
2.80372,1.80241,0
2.20852,1.56212,0
2.72434,1.66002,0
2.69415,1.74189,0
1.76093,1.43849,0
3.63747,-0.06872,0
-0.56006,-0.13228,0
3.74215,-0.31085,0
2.88712,1.84357,0
1.86674,1.41207,0
0.65071,-1.60532,0
1.16013,-1.4822,0
2.59891,1.74074,0
2.15279,1.5135,0
1.31143,-1.39092,0
-0.69127,0.29135,0
-0.6347,0.13935,0
0.74282,-1.59119,0
2.33088,1.57871,0
1.97478,1.52698,0
0.33672,-1.74252,0
-0.51798,-0.22618,0
1.31207,-1.37242,0
2.99471,1.74086,0
3.74135,-0.44747,0
3.79882,-0.36001,0
2.10687,1.554,0
3.69977,-0.08722,0
1.78674,1.40906,0
1.3088,-1.3948,0
0.9781,-1.50629,0
0.25703,-1.77048,0
1.74158,1.36253,0
2.79869,1.80321,0
2.69568,1.783,0
0.36196,-1.71249,0
0.22448,-1.8091,0
1.61978,1.38305,0
3.66465,0.01459,0
2.27434,1.53157,0
3.74164,-0.2388,0
0.87375,-1.58759,0
1.38041,-1.36505,0
3.79172,-0.30112,0
1.46865,1.28478,0
2.60693,1.65907,0
0.21865,-1.85798,0
3.6081,0.16312,0
3.62678,-0.04985,0
1.61855,-1.29227,0
2.53557,1.72884,0
2.84293,1.8509,0
2.34605,1.55233,0
0.71815,-1.62008,0
2.36917,1.62607,0
3.57589,0.24044,0
2.59847,1.62268,0
2.75579,1.72714,0
2.68712,1.67695,0
3.62059,0.0308,0
-0.74946,0.41319,0
1.34353,1.25391,0
0.5832,-1.70631,0
2.53905,1.61689,0
3.7088,-0.07879,0
1.57194,1.33197,0
2.09525,1.54478,0
3.74962,-0.30219,0
2.76716,1.71078,0
0.58298,-1.65864,0
0.29954,-1.7677,0
3.57605,0.1237,0
0.51814,-1.7234,0
3.67278,0.03038,0
2.80673,1.6776,0
0.53946,-1.59738,0
0.43831,-1.71001,0
3.63774,0.03624,0
0.40395,-1.68623,0
2.93034,1.80748,0
-0.70742,0.37864,0
3.66557,-0.14628,0
1.92498,1.50269,0
2.85658,1.76652,0
1.00428,-1.49643,0
3.70922,-0.09969,0
-0.61095,0.0493,0
2.05211,1.47509,0
3.51525,0.3953,0
-0.59287,0.05219,0
0.64068,-1.65599,0
3.66692,-0.15373,0
3.83255,-0.41082,0
0.81544,-1.5259,0
2.30018,1.61562,0
0.42545,-1.66399,0
0.86347,-1.55552,0
0.53785,-1.6293,0
2.72668,1.69504,0
0.53038,-1.71994,0
-0.75769,0.3935,0
2.78561,1.68541,0
-0.54251,-0.08493,0
-0.66046,0.23393,0
1.53713,1.3495,0
0.90088,-1.56472,0
1.86546,1.47394,0
0.66979,-1.67258,0
1.59291,1.32851,0
2.85442,1.80047,0
0.34631,-1.65492,0
-0.70934,0.42467,0
1.76829,1.41646,0
3.69072,-0.29147,0
2.84964,1.7887,0
0.6145,-1.63114,0
1.74218,1.41209,0
0.42347,-1.74928,0
1.36045,1.25902,0
1.71521,1.39208,0
2.90317,1.73922,0
2.64879,1.68082,0
0.3505,-1.74619,0
0.65969,-1.65444,0
0.30012,-1.81875,0
1.75066,1.41884,0
3.63597,0.01426,0
0.88301,-1.5643,0
3.69357,-0.10618,0
3.56552,0.26777,0
0.19085,-1.85949,0
3.70816,-0.0538,0
0.87317,-1.51422,0
2.85546,1.77473,0
0.71302,-1.55364,0
1.53653,1.32094,0
0.20554,-1.73487,0
1.958,1.46288,0
2.44771,1.66745,0
0.12838,-1.78819,0
1.92882,1.42811,0
2.6971,1.8113,0
2.63511,1.73073,0
2.71383,1.7198,0
0.31885,-1.79584,0
0.3428,-1.77992,0
1.18787,-1.41265,0
0.71747,-1.56811,0
0.99437,-1.49197,0
3.68083,-0.25246,0
0.1736,-1.75049,0
2.86241,1.78258,0
2.23598,1.62832,0
1.25955,-1.39206,0
3.70591,-0.13398,0
2.08488,1.51931,0
3.70397,-0.20438,0
3.70777,-0.29391,0
0.42713,-1.69413,0
0.27665,-1.70623,0
3.7281,-0.25811,0
-0.69821,0.25494,0
2.83814,1.85806,0
0.6708,-1.63175,0
0.41758,-1.73651,0
2.67664,1.70653,0
-0.66716,0.28188,0
1.06324,-1.48532,0
2.83031,1.86466,0
-0.63311,0.15521,0
2.84562,1.82411,0
0.26121,-1.76184,0
0.75944,-1.63028,0
2.34724,1.61774,0
2.89887,1.77797,0
0.961,-1.50749,0
-0.71136,0.36783,0
3.62456,0.05742,0
1.14161,-1.47408,0
2.44171,1.66932,0
2.53129,1.68784,0
2.38354,1.61725,0
2.76289,1.81817,0
0.38698,-1.75604,0
0.38281,-1.67142,0
3.70747,-0.13994,0
3.5602,0.30233,0
1.43984,1.29108,0
1.47947,1.32651,0
2.85833,1.84203,0
0.11429,-1.74344,0
1.69711,-1.27095,0
1.23236,-1.40233,0
0.39963,-1.73835,0
0.12617,-1.76249,0
2.51699,1.60087,0
0.44225,-1.71002,0
1.81995,1.42724,0
0.38616,-1.69344,0
1.91357,1.50305,0
0.79242,-1.54732,0
0.80628,-1.53854,0
0.59769,-1.70019,0
3.68739,-0.23716,0
2.63758,1.67899,0
1.46455,1.31235,0
1.90776,1.47464,0
0.28675,-1.78538,0
2.42106,1.64052,0
0.90114,-1.52225,0
-0.64411,0.24558,0
2.4934,1.67979,0
2.62784,1.75168,0
2.4477,1.61491,0
0.14871,-1.88577,0
2.01916,1.52427,0
1.02955,-1.5173,0
0.46143,-1.75882,0
2.06674,1.48315,0
2.02385,1.54003,0
2.71352,1.68781,0
2.89845,1.86627,0
1.37305,1.26089,0
0.34978,-1.74789,0
0.22188,-1.83028,0
2.47585,1.72311,0
0.289,-1.80008,0
3.71137,-0.15578,0
2.88594,1.8388,0
1.16455,-1.47149,0
2.17129,1.5857,0
1.45765,1.28117,0
2.83709,1.70205,0
-0.75338,0.41425,0
0.98704,-1.50421,0
1.25957,-1.39213,0
0.85651,-1.56588,0
3.74161,-0.43659,0
2.89647,1.75581,0
2.31541,1.64612,0
2.35444,1.63899,0
0.19035,-1.80755,0
2.01149,1.47808,0
2.88886,1.85693,0
3.61489,0.16815,0
-0.62505,0.13871,0
0.80307,-1.56827,0
2.22179,1.60909,0
0.40858,-1.71871,0
2.71535,1.80676,0
2.71783,1.71848,0
2.926,1.89526,0
0.8964,-1.58046,0
2.51907,1.70781,0
-0.54221,-0.11303,0
0.89821,-1.5176,0
1.92877,1.49573,0
1.60716,1.33405,0
1.37862,-1.3588,0
2.82075,1.75129,0
2.91531,1.79008,0
2.11987,1.5329,0
1.3313,-1.38406,0
-0.69928,0.37288,0
3.63565,-0.0213,0
0.20412,-1.76869,0
2.55535,1.73151,0
2.25256,1.57013,0
0.5966,-1.70884,0
2.34045,1.60889,0
2.27123,1.59083,0
2.22209,1.55793,0
0.24314,-1.72186,0
2.94538,1.74341,0
3.70921,-0.12987,0
-0.57047,-0.01387,0
0.37104,-1.77467,0
-0.56502,-0.08267,0
2.10934,1.50367,0
3.75226,-0.26762,0
0.21772,-1.75497,0
2.34896,1.56307,0
3.60737,0.06933,0
2.97183,1.73647,0
-0.73688,0.37482,0
2.19504,1.60794,0
2.37004,1.67926,0
3.67073,-0.04627,0
1.97427,1.43347,0
0.46105,-1.69002,0
3.67199,-0.12858,0
0.68298,-1.62484,0
1.00222,-1.50363,0
1.9461,1.50419,0
2.40519,1.59748,0
3.75371,-0.16647,0
2.84441,1.76387,0
2.21682,1.51199,0
2.09564,1.54699,0
2.24821,1.51387,0
2.92923,1.75447,0
0.27773,-1.69834,0
2.91353,1.87155,0
0.92384,-1.50504,0
3.69988,-0.12467,0
2.61787,1.66279,0
3.69968,-0.1446,0
1.01815,-1.5092,0
2.89211,1.88599,0
0.50837,-1.64419,0
-0.52124,-0.22649,0
0.26381,-1.79222,0
2.18577,1.51788,0
-0.7209,0.27513,0
2.50244,1.63627,0
2.84169,1.83548,0
1.30645,-1.39267,0
2.46381,1.72105,0
0.36288,-1.67382,0
2.09368,1.54417,0
2.92286,1.73696,0
2.02793,1.44751,0
1.31492,1.25781,0
3.66469,-0.05456,0
3.76832,-0.53887,0
3.78584,-0.57156,0
3.79383,-0.52193,0
3.16187,1.5116,0
0.02527,-1.76685,0
3.81793,-0.57251,0
3.79962,-0.56494,0
2.99792,1.7623,0
3.80035,-0.53302,0
3.80817,-0.53873,0
3.01342,1.76035,0
3.15525,1.52595,0
3.07933,1.7847,0
3.05468,1.78277,0
3.79324,-0.57268,0
3.81843,-0.55503,0
3.17664,1.4822,0
0.06873,-1.7403,0
3.77329,-0.56106,0
0.00933,-1.75352,0
3.82203,-0.57781,0
3.79997,-0.52125,0
3.77431,-0.56141,0
3.02966,1.76712,0
3.75781,-0.50835,0
3.78495,-0.59821,0
0.01977,-1.77399,0
0.0266,-1.75712,0
3.0841,1.77288,0
3.03517,1.75422,0
3.06779,1.76109,0
3.7797,-0.58121,0
3.77417,-0.49297,0
0.07351,-1.76288,0
3.17675,1.4868,0
3.80637,-0.54831,0
3.77971,-0.58513,0
3.80614,-0.55971,0
3.06721,1.77152,0
3.75154,-0.47525,0
0.03165,-1.77925,0
3.75944,-0.51484,0
0.07319,-1.76318,0
3.80454,-0.52715,0
3.7757,-0.58095,0
3.80799,-0.57025,0
3.81054,-0.5442,0
3.12283,1.65991,0
3.17829,1.4887,0
3.77832,-0.59165,0
3.79093,-0.56845,0
0.02972,-1.7902,0
0.08412,-1.76374,0
3.82199,-0.56417,0
0.07466,-1.7688,0
3.80464,-0.47024,0
3.82716,-0.57355,0
3.81154,-0.52787,0
3.83093,-0.58099,0
3.78931,-0.4529,0
0.03489,-1.78623,0
3.80281,-0.5026,0
3.82645,-0.56167,0
3.8257,-0.56865,0
3.52192,0.46007,0
3.52799,0.42574,0
2.99943,1.84133,0
3.84739,-0.428,0
3.50935,0.50581,0
3.65385,0.11393,0
2.97345,1.85207,0
3.75804,-0.16595,0
2.99346,1.86345,0
2.97079,1.82004,0
3.55219,0.35807,0
2.98778,1.83529,0
3.57229,0.31727,0
3.81636,-0.47769,0
1.73634,-1.25753,0
-0.71768,0.47163,0
3.58365,0.29337,0
3.80749,-0.43718,0
3.8416,-0.42589,0
3.00432,1.85483,0
3.58987,0.28793,0
3.83963,-0.44463,0
3.82439,-0.46463,0
3.66382,0.07818,0
3.82778,-0.44036,0
3.81673,-0.46505,0
3.50918,0.51141,0
3.50937,0.47992,0
3.00411,1.78605,0
3.01589,1.78583,0
3.58484,0.29992,0
3.50297,0.48568,0
3.6412,0.13727,0
3.00871,1.81677,0
3.54375,0.40926,0
3.65433,0.11824,0
2.97457,1.85515,0
2.98269,1.79078,0
3.01738,1.80391,0
3.52514,0.4339,0
3.01119,1.78164,0
3.65339,0.09679,0
3.58768,0.28059,0
3.68814,0.02773,0
3.17443,1.58452,0
3.14877,1.64095,0
3.13992,1.66502,0
3.15963,1.64847,0
3.09998,1.75984,0
3.84048,-0.59009,0
3.13142,1.70059,0
3.2091,1.45902,0
3.18029,1.52509,0
3.20728,1.49625,0
3.12398,1.71903,0
3.15792,1.57555,0
3.10046,1.75916,0
3.80174,-0.61179,0
3.18508,1.53966,0
3.81479,-0.59591,0
3.09198,1.78061,0
3.82749,-0.53253,0
3.13973,1.67125,0
3.17781,1.56326,0
3.11377,1.76047,0
3.16242,1.5777,0
3.13541,1.68949,0
3.19204,1.52602,0
3.8226,-0.51877,0
3.17411,1.57199,0
3.13241,1.67399,0
3.13623,1.66615,0
3.16473,1.58398,0
3.18086,1.50207,0
3.17779,1.52212,0
3.16581,1.61567,0
3.79251,-0.61135,0
3.12939,1.72017,0
3.81585,-0.60573,0
3.1881,1.4721,0
3.10616,1.73291,0
3.13607,1.64553,0
3.84327,-0.58168,0
3.18645,1.48644,0
3.18834,1.52197,0
3.13474,1.64799,0
3.13523,1.71174,0
3.17408,1.54756,0
3.13237,1.66239,0
3.20765,1.47635,0
3.17779,1.55089,0
3.18113,1.50006,0
1.90683,1.54793,0
3.8028,-0.08568,0
2.41846,1.77967,0
3.61021,0.40152,0
3.78558,0.00189,0
2.68282,1.83228,0
1.76083,1.4705,0
0.48451,-1.92636,0
3.62277,0.36487,0
3.79309,-0.19597,0
1.15662,-1.57098,0
0.75859,-1.76115,0
0.41629,-1.89161,0
3.72805,-0.01516,0
0.37644,-1.81732,0
2.81649,1.95399,0
1.438,1.32277,0
-0.5815,-0.08233,0
2.81503,1.95354,0
3.60274,0.3063,0
1.17183,-1.52843,0
0.78544,-1.67625,0
0.4368,-1.81493,0
0.47912,-1.7676,0
1.60023,-1.35887,0
1.5097,1.35821,0
1.78354,1.45331,0
2.25398,1.70852,0
0.70904,-1.69001,0
0.69621,-1.68509,0
2.41906,1.72003,0
3.75113,-0.04946,0
0.43841,-1.94874,0
0.34504,-1.97363,0
0.36572,-1.90998,0
2.11375,1.59365,0
1.06706,-1.5466,0
3.90319,-0.18324,0
2.43297,1.75387,0
2.64868,1.81622,0
0.905,-1.67679,0
3.81286,-0.04335,0
2.13587,1.66272,0
2.67904,1.84888,0
0.70571,-1.78305,0
3.81855,-0.2178,0
2.79687,1.92714,0
-0.67827,0.13926,0
1.49559,-1.35728,0
-0.71262,0.19714,0
2.66225,1.88324,0
3.79122,-0.18691,0
2.62601,1.85732,0
1.0367,-1.64701,0
0.77907,-1.75508,0
2.12121,1.6307,0
2.05053,1.59923,0
1.78852,1.47911,0
0.919,-1.61151,0
1.36757,-1.45699,0
2.46448,1.82476,0
3.86816,-0.18344,0
1.30621,-1.43297,0
1.15106,-1.59789,0
3.58641,0.30971,0
1.91315,1.52289,0
1.45529,-1.38972,0
3.85643,-0.11368,0
0.68783,-1.68664,0
0.54777,-1.79286,0
3.73714,0.01601,0
0.67958,-1.74026,0
3.82069,-0.15566,0
1.06573,-1.59739,0
2.80318,1.93008,0
2.82345,1.94181,0
-0.62686,0.00663,0
2.63752,1.92015,0
1.39028,-1.41967,0
1.88738,1.55085,0
1.06812,-1.63766,0
0.68864,-1.74761,0
0.52744,-1.76879,0
1.80046,1.50656,0
2.77103,1.91311,0
1.30205,-1.49322,0
3.84921,-0.22791,0
0.49701,-1.79056,0
3.69857,0.02795,0
0.64124,-1.75871,0
0.88749,-1.62492,0
0.65526,-1.74871,0
1.67,1.4295,0
3.68393,0.16816,0
2.60324,1.80749,0
-0.72294,0.23751,0
3.53391,0.54304,0
-0.64084,0.06542,0
1.09243,-1.61615,0
2.75296,1.94878,0
1.16586,-1.55545,0
2.25927,1.72726,0
1.67577,-1.31355,0
1.2869,-1.45186,0
0.51007,-1.78046,0
0.70954,-1.72173,0
0.49473,-1.79169,0
0.424,-1.89526,0
2.77856,1.99167,0
3.6547,0.31873,0
2.17233,1.61548,0
3.6341,0.18721,0
0.67442,-1.6866,0
2.23969,1.68039,0
2.52116,1.76786,0
1.15113,-1.54404,0
2.62195,1.90472,0
-0.5954,-0.0853,0
2.37999,1.74766,0
2.38619,1.70269,0
0.77618,-1.71148,0
0.4206,-1.85955,0
-0.65646,0.05903,0
1.00661,-1.60595,0
3.686,0.20276,0
1.34072,-1.50737,0
1.126,-1.52085,0
2.704,1.83508,0
0.69374,-1.70453,0
0.65474,-1.75778,0
0.88292,-1.66819,0
3.88421,-0.15004,0
-0.64638,0.07212,0
-0.52747,-0.21777,0
2.66601,1.93114,0
1.69414,-1.29654,0
3.61844,0.2956,0
-0.71473,0.21068,0
2.72772,1.90026,0
3.5099,0.52425,0
-0.63034,-0.0178,0
3.83968,-0.25251,0
2.56564,1.85946,0
3.63952,0.17777,0
0.7944,-1.72595,0
3.81351,-0.07605,0
1.13161,-1.61055,0
3.59844,0.35465,0
2.51434,1.86032,0
0.90236,-1.64703,0
1.29362,-1.48337,0
2.55482,1.85819,0
3.80163,-0.09075,0
0.8768,-1.71456,0
2.63114,1.83602,0
0.43993,-1.89041,0
0.29465,-1.85384,0
1.41539,-1.4279,0
-0.68294,0.12834,0
3.69583,0.1226,0
3.77726,0.0658,0
0.6092,-1.83181,0
2.28523,1.69863,0
2.23887,1.70871,0
2.29065,1.65568,0
1.5426,-1.38594,0
3.66051,0.16153,0
3.76881,-0.07296,0
-0.75363,0.22215,0
0.371,-1.98599,0
2.67234,1.83472,0
3.63006,0.28063,0
3.66772,0.28587,0
1.51148,-1.4072,0
2.78235,1.99055,0
2.53217,1.80751,0
1.52179,-1.39002,0
2.09315,1.60578,0
3.72982,-0.06394,0
0.48013,-1.85316,0
1.22479,-1.52494,0
0.62421,-1.76761,0
1.85829,1.52686,0
3.61126,0.35902,0
3.79151,-0.2478,0
3.67042,0.22798,0
1.60485,1.39199,0
2.78743,1.92946,0
1.11878,-1.51206,0
0.98174,-1.56492,0
3.52892,0.48428,0
3.8053,-0.16166,0
1.09442,-1.5865,0
2.30599,1.74776,0
2.65848,1.81007,0
1.49069,-1.4155,0
0.40339,-1.96453,0
1.05388,-1.59747,0
2.59645,1.85759,0
3.73467,0.03028,0
0.82134,-1.72315,0
2.20895,1.6474,0
2.47842,1.77517,0
0.39766,-1.97187,0
-0.72885,0.2193,0
2.82,1.96449,0
3.83552,-0.25833,0
0.53015,-1.85196,0
2.57007,1.87666,0
1.98307,1.56603,0
3.68943,0.24491,0
2.81115,1.9296,0
3.67149,0.08393,0
0.30908,-1.85955,0
-0.68904,0.14709,0
0.30398,-1.83922,0
0.82221,-1.67282,0
3.83082,-0.27022,0
0.71488,-1.7798,0
2.58442,1.79659,0
1.24503,-1.53409,0
2.77546,1.92157,0
1.3138,-1.4325,0
1.69888,-1.33041,0
1.70257,1.43037,0
1.64147,-1.34269,0
3.85377,-0.18734,0
1.73607,-1.26798,0
1.50322,-1.35021,0
1.47458,-1.4018,0
1.22116,-1.5593,0
0.50684,-1.75403,0
1.43313,-1.4462,0
2.12035,1.58567,0
2.35931,1.74684,0
2.72647,1.94273,0
0.39962,-1.91377,0
0.96528,-1.63496,0
2.03187,1.55341,0
0.83657,-1.67217,0
0.92441,-1.70905,0
0.77526,-1.75634,0
-0.73067,0.17109,0
0.80917,-1.67435,0
0.6749,-1.68166,0
3.82451,-0.21282,0
0.63731,-1.78163,0
1.03254,-1.61988,0
0.46341,-1.79783,0
-0.66866,0.06885,0
0.98412,-1.68279,0
-0.51222,-0.264,0
2.58895,1.77557,0
1.61851,-1.33297,0
-0.56539,-0.14669,0
-0.59908,-0.08286,0
1.05786,-1.63209,0
1.30076,-1.49278,0
0.65301,-1.68745,0
0.40052,-1.96819,0
3.71665,0.04701,0
3.78529,-0.18727,0
2.0579,1.57943,0
1.74794,-1.27778,0
1.58844,-1.3497,0
1.20762,-1.56845,0
2.4776,1.82595,0
0.81183,-1.76229,0
2.03348,1.60379,0
2.41612,1.71501,0
3.76451,0.04922,0
3.80276,-0.01577,0
2.25419,1.72004,0
1.40954,-1.41209,0
0.92703,-1.60093,0
1.88991,1.53934,0
1.52857,-1.34751,0
1.99743,1.53716,0
1.53393,1.36771,0
0.38552,-1.97563,0
2.80322,1.89799,0
0.38679,-1.91903,0
0.88818,-1.67055,0
1.08428,-1.59321,0
0.52453,-1.88816,0
2.73913,1.88694,0
0.86519,-1.72836,0
-0.63527,0.01631,0
2.42071,1.71018,0
0.75337,-1.76002,0
0.50021,-1.76379,0
0.79405,-1.77202,0
-0.61015,-0.01926,0
1.29448,-1.43635,0
1.38796,-1.46428,0
-0.66854,0.07546,0
1.91037,1.5405,0
3.72538,0.05749,0
2.85393,1.90076,0
1.3607,-1.49317,0
0.62434,-1.84541,0
-0.59526,-0.08832,0
3.80664,-0.19078,0
3.88857,-0.23816,0
1.52199,1.3654,0
3.86659,-0.20645,0
3.50324,0.58877,0
2.71962,1.95696,0
2.70251,1.9169,0
0.6978,-1.6719,0
3.60815,0.36181,0
3.63156,0.36155,0
1.37888,-1.47131,0
3.50596,0.58912,0
0.42372,-1.84554,0
1.31791,-1.5122,0
3.77278,-0.10443,0
2.79522,1.91976,0
1.34764,-1.41834,0
3.74703,-0.10656,0
0.54329,-1.76288,0
2.14646,1.61976,0
1.57409,-1.36256,0
0.7767,-1.71519,0
0.67523,-1.71534,0
0.70508,-1.67848,0
1.8191,1.4841,0
3.63249,0.23338,0
0.67936,-1.80907,0
3.88464,-0.17648,0
1.70764,-1.27139,0
0.65677,-1.76367,0
3.58298,0.31401,0
0.96386,-1.67311,0
0.85098,-1.66263,0
1.01362,-1.62498,0
1.22064,-1.51247,0
0.41005,-1.93465,0
3.64017,0.29716,0
1.85583,1.51139,0
3.8137,-0.04686,0
1.83091,1.51309,0
0.6631,-1.71347,0
-0.74321,0.20343,0
1.05565,-1.55141,0
3.80463,-0.18136,0
1.09414,-1.55078,0
1.97669,1.54203,0
3.81872,-0.23544,0
3.74837,0.03863,0
0.76957,-1.67224,0
1.54523,1.37428,0
1.69223,1.43984,0
2.34535,1.72174,0
3.63787,0.24122,0
3.76553,-0.16389,0
1.59399,-1.36731,0
1.93876,1.57743,0
0.54481,-1.73457,0
2.72036,1.83098,0
3.67364,0.07879,0
0.59859,-1.71781,0
1.79006,-1.25756,0
0.91214,-1.63811,0
2.00594,1.5499,0
3.90346,-0.21693,0
3.51262,0.55768,0
3.84016,-0.22418,0
3.73501,0.01312,0
0.46351,-1.93349,0
1.12792,-1.55126,0
1.69623,-1.32831,0
0.7725,-1.68106,0
3.90911,-0.23122,0
3.61476,0.33926,0
2.83858,1.90977,0
1.59106,-1.37679,0
0.31774,-1.95575,0
-0.67332,0.08813,0
-0.72979,0.22638,0
2.30908,1.73268,0
0.60701,-1.73094,0
1.54131,-1.3811,0
2.48864,1.79562,0
1.4563,-1.41823,0
3.55927,0.42725,0
0.91672,-1.65451,0
2.3502,1.77318,0
0.52293,-1.77003,0
1.23617,-1.49411,0
1.76073,1.46172,0
1.0066,-1.57135,0
0.615,-1.75725,0
3.7682,0.07147,0
2.17184,1.65487,0
1.23852,-1.46515,0
0.93957,-1.63234,0
1.14921,-1.56352,0
2.52317,1.75367,0
0.68236,-1.81474,0
0.71861,-1.78796,0
2.4049,1.7398,0
0.71023,-1.67059,0
3.63334,0.3115,0
0.33842,-1.8798,0
2.20364,1.69473,0
3.6633,0.12567,0
2.70038,1.85792,0
0.82615,-1.68694,0
0.53374,-1.86595,0
3.63084,0.36346,0
3.87388,-0.19318,0
3.86672,-0.13778,0
1.70632,1.45048,0
1.48475,1.34675,0
3.79733,0.00197,0
1.00406,-1.58593,0
1.05187,-1.59949,0
1.1275,-1.52692,0
2.26933,1.67005,0
2.1853,1.65703,0
0.50464,-1.8592,0
0.48055,-1.92719,0
1.17833,-1.5549,0
0.95988,-1.58734,0
3.77574,-0.15549,0
2.68245,1.84102,0
1.56609,1.38606,0
1.91037,1.5417,0
3.50759,0.56846,0
0.4687,-1.87296,0
0.4402,-1.92485,0
0.57286,-1.8487,0
2.12376,1.65254,0
2.41727,1.78854,0
1.87844,1.54209,0
3.7307,0.06442,0
0.79055,-1.65829,0
2.82621,1.89248,0
1.34305,-1.47471,0
1.22753,-1.51298,0
0.71064,-1.68704,0
1.77743,1.48168,0
0.47584,-1.77266,0
3.83917,-0.16066,0
1.97711,1.53507,0
1.18422,-1.48874,0
2.83835,1.91836,0
1.79785,-1.27734,0
1.66104,1.42022,0
1.75817,1.47385,0
2.11145,1.62371,0
2.23969,1.63639,0
2.55275,1.78133,0
2.06085,1.57086,0
1.25564,-1.46169,0
0.48267,-1.78735,0
3.80422,-0.17985,0
1.22209,-1.51756,0
2.6882,1.86901,0
1.48649,-1.38503,0
0.86787,-1.65816,0
0.4621,-1.79683,0
1.12995,-1.60267,0
2.57285,1.76988,0
1.86226,1.5343,0
1.98637,1.56452,0
1.75137,-1.29099,0
-0.59927,-0.04986,0
2.65945,1.91288,0
-0.59219,-0.10688,0
1.3343,-1.45909,0
3.81311,-0.19912,0
3.79559,-0.13794,0
1.31717,-1.47432,0
2.57022,1.87987,0
2.28066,1.68811,0
0.37915,-1.85672,0
2.83425,1.92806,0
2.82136,1.91126,0
2.67499,1.90268,0
2.36798,1.70695,0
3.79063,-0.13002,0
0.83353,-1.66097,0
1.95374,1.54826,0
1.01043,-1.61738,0
1.03043,-1.62289,0
3.5277,0.51168,0
0.80018,-1.6536,0
3.50586,0.59486,0
3.91484,-0.21408,0
0.54304,-1.78704,0
3.89497,-0.20545,0
0.54217,-1.85159,0
3.58875,0.44363,0
1.31235,-1.44317,0
1.02144,-1.5759,0
0.74691,-1.65012,0
0.48842,-1.77656,0
0.98815,-1.62907,0
2.19248,1.61598,0
2.2635,1.72776,0
2.702,1.9531,0
1.69645,-1.31199,0
-0.68456,0.1734,0
1.29315,-1.51448,0
1.95686,1.53345,0
1.40475,-1.40027,0
2.23052,1.63515,0
-0.71602,0.20364,0
2.48062,1.75397,0
1.51244,-1.40153,0
1.07457,-1.53831,0
0.32219,-1.86861,0
3.79432,-0.22297,0
1.33882,-1.49973,0
1.80051,1.50257,0
3.67277,0.27765,0
3.86048,-0.24908,0
1.10439,-1.61506,0
3.74879,0.06122,0
2.78629,1.8738,0
3.8177,-0.04513,0
3.54674,0.41509,0
1.03092,-1.54041,0
0.95627,-1.60402,0
3.77717,-0.01495,0
3.76924,-0.10148,0
0.60547,-1.80121,0
1.31234,-1.49993,0
0.74696,-1.71454,0
1.40776,-1.46207,0
-0.52261,-0.22709,0
2.86504,1.90299,0
3.70653,0.06396,0
2.07042,1.59963,0
0.50212,-1.84313,0
1.63515,-1.3269,0
3.75398,-0.13734,0
1.92976,1.5517,0
0.92324,-1.58466,0
2.41244,1.72354,0
3.75656,-0.12548,0
3.70637,0.06109,0
3.66841,0.08774,0
1.38777,-1.48344,0
0.63453,-1.81513,0
-0.697,0.12552,0
0.63254,-1.69714,0
2.23674,1.70058,0
3.90537,-0.23369,0
0.40748,-1.82816,0
1.24841,-1.51761,0
1.0496,-1.56615,0
3.70247,0.21166,0
0.68941,-1.68304,0
2.83083,1.93887,0
0.52454,-1.77878,0
1.51635,-1.39763,0
0.87673,-1.70384,0
1.25078,-1.46293,0
2.80848,1.88648,0
0.45612,-1.85383,0
1.28752,-1.45919,0
2.28889,1.70459,0
-0.62616,-0.01503,0
0.47557,-1.85307,0
-0.58211,-0.09179,0
0.82522,-1.66841,0
0.73635,-1.67175,0
0.56167,-1.76003,0
0.50036,-1.87511,0
1.23545,-1.55523,0
2.31835,1.69577,0
0.64717,-1.73672,0
1.87012,1.52286,0
2.4115,1.79489,0
3.88893,-0.24213,0
1.29183,-1.50556,0
1.55162,-1.35447,0
3.55458,0.49562,0
-0.73378,0.24337,0
1.07607,-1.57269,0
2.81514,1.90192,0
1.30618,-1.44617,0
3.55493,0.51525,0
3.70187,0.09842,0
1.79869,-1.26833,0
3.71491,0.13835,0
3.75915,-0.075,0
0.40616,-1.93937,0
1.5476,-1.37724,0
3.82231,-0.09089,0
0.97339,-1.5869,0
0.83403,-1.71524,0
3.74945,-0.00335,0
1.13585,-1.51321,0
0.48079,-1.90398,0
0.85045,-1.66506,0
2.25228,1.67619,0
0.51044,-1.82532,0
3.51677,0.55014,0
1.50769,1.36215,0
0.63887,-1.75403,0
1.1675,-1.50005,0
1.31853,-1.45831,0
1.32865,-1.42729,0
3.8004,-0.10593,0
2.06197,1.60686,0
2.46888,1.77812,0
1.27315,-1.48845,0
1.32749,-1.46222,0
0.55826,-1.81397,0
-0.6617,0.07375,0
0.52965,-1.73903,0
0.77196,-1.69787,0
1.66138,-1.30718,0
1.12262,-1.60733,0
1.42064,-1.44674,0
0.99554,-1.62578,0
0.52318,-1.79035,0
1.96899,1.53423,0
2.39507,1.79322,0
2.33371,1.70882,0
0.65838,-1.8245,0
1.53262,1.3664,0
0.37931,-1.96808,0
3.83074,-0.25259,0
-0.65712,0.01672,0
0.65985,-1.77952,0
2.17558,1.62771,0
2.53202,1.8365,0
0.93479,-1.59878,0
0.40884,-1.86133,0
0.55384,-1.86638,0
3.74443,-0.11101,0
3.63501,0.17234,0
1.6658,-1.32141,0
3.85114,-0.09473,0
2.43546,1.82195,0
1.44705,-1.3817,0
2.79142,1.92539,0
1.74765,-1.27985,0
1.34323,-1.4485,0
0.69964,-1.75824,0
3.73289,0.02689,0
2.53822,1.85586,0
2.4503,1.7639,0
3.67794,0.10932,0
1.98231,1.56183,0
2.78344,1.8503,0
0.542,-1.87206,0
2.07098,1.58935,0
2.6074,1.89881,0
3.77542,0.00975,0
2.67162,1.9012,0
3.52806,0.49273,0
1.7536,-1.2865,0
2.11783,1.60215,0
1.65063,1.43354,0
1.10385,-1.57684,0
2.6243,1.85112,0
2.04616,1.56174,0
3.84329,-0.16893,0
1.27445,-1.49545,0
2.53515,1.85443,0
2.41847,1.79341,0
2.66638,1.93039,0
-0.61813,-0.06227,0
-0.72279,0.20689,0
0.70749,-1.77366,0
0.82947,-1.73444,0
3.8351,-0.24191,0
0.94242,-1.68723,0
2.53917,1.81431,0
2.00798,1.5434,0
1.65906,-1.3072,0
0.5895,-1.8764,0
2.67028,1.84433,0
2.74067,1.96946,0
2.44217,1.77134,0
3.58524,0.45234,0
3.78382,0.01291,0
2.10881,1.66156,0
2.77261,1.92657,0
-0.73696,0.19664,0
0.83459,-1.68364,0
2.66307,1.85089,0
0.68536,-1.69046,0
3.66529,0.2059,0
0.79449,-1.67333,0
1.43483,-1.42532,0
2.53457,1.77909,0
2.78511,1.97177,0
1.16554,-1.50064,0
0.46634,-1.8025,0
1.99161,1.59925,0
3.76412,-0.04653,0
3.77795,0.0447,0
3.87818,-0.23326,0
0.82166,-1.67608,0
2.69032,1.94442,0
2.14143,1.64589,0
2.69942,1.93859,0
1.24657,-1.49315,0
1.83262,1.4875,0
3.83859,-0.23155,0
0.71416,-1.70681,0
2.39739,1.74431,0
2.09062,1.59783,0
0.44433,-1.84451,0
3.76282,0.01212,0
0.44092,-1.86163,0
1.54617,-1.40139,0
1.17162,-1.48554,0
1.35021,-1.48192,0
3.76306,-0.17355,0
3.66805,0.11736,0
3.77423,0.01422,0
0.48818,-1.86621,0
-0.70869,0.13058,0
0.76678,-1.66784,0
1.76118,1.46355,0
1.69201,1.4512,0
-0.66247,0.07133,0
0.39753,-1.93311,0
3.87306,-0.18767,0
2.28343,1.71231,0
-0.7577,0.2242,0
0.52065,-1.81238,0
2.0923,1.64488,0
1.63768,1.40553,0
0.3515,-1.90861,0
2.14645,1.64343,0
1.89202,1.50821,0
0.80778,-1.76316,0
1.04268,-1.59086,0
2.09674,1.61982,0
0.30065,-1.86914,0
0.93433,-1.65127,0
3.86345,-0.112,0
2.72958,1.90953,0
0.38679,-1.80516,0
0.49396,-1.9213,0
1.12406,-1.54474,0
1.81577,-1.25821,0
1.50573,-1.41076,0
1.18363,-1.49284,0
1.75744,-1.25566,0
0.57054,-1.79007,0
1.6558,1.40355,0
1.17981,-1.48837,0
0.62126,-1.8161,0
-0.58769,-0.07034,0
0.3055,-1.82573,0
1.3265,-1.48502,0
-0.66891,0.10097,0
3.73024,0.14873,0
0.75309,-1.68254,0
1.45202,-1.37421,0
0.74651,-1.7293,0
2.2096,1.69821,0
0.35357,-1.94497,0
2.57685,1.82227,0
3.78845,-0.23475,0
0.46918,-1.85759,0
0.54997,-1.87303,0
0.68894,-1.77375,0
0.84598,-1.65236,0
1.93531,1.52444,0
2.84066,1.94686,0
0.43097,-1.7989,0
0.86206,-1.6488,0
1.2547,-1.46352,0
1.56443,-1.33103,0
2.68407,1.84053,0
0.63414,-1.70546,0
3.72382,0.09259,0
0.65145,-1.77045,0
1.73614,-1.27822,0
1.38702,-1.4334,0
3.80277,-0.20832,0
-0.68855,0.15839,0
2.27035,1.66969,0
2.62384,1.81483,0
0.90559,-1.63878,0
3.82985,-0.06045,0
2.36436,1.71719,0
0.44787,-1.86102,0
2.49173,1.83648,0
1.5411,-1.36351,0
1.84241,1.51929,0
1.31796,-1.4617,0
2.65049,1.90538,0
1.02401,-1.59554,0
1.89383,1.52397,0
0.82544,-1.67467,0
0.33782,-1.86583,0
0.55679,-1.76327,0
2.1077,1.64487,0
3.69693,0.12032,0
3.55191,0.49612,0
0.68754,-1.82765,0
3.56116,0.46106,0
0.43267,-1.86593,0
1.82083,1.47197,0
2.823,1.912,0
1.26182,-1.52737,0
2.3629,1.71647,0
0.34545,-1.98084,0
3.59373,0.4083,0
0.43024,-1.89454,0
0.33019,-1.82746,0
1.20693,-1.49524,0
0.61904,-1.83832,0
3.66783,0.13408,0
1.62719,1.41024,0
0.88593,-1.68871,0
2.0759,1.61298,0
0.56782,-1.83098,0
1.39454,-1.40914,0
-0.66948,0.09829,0
1.09895,-1.52126,0
0.63116,-1.78099,0
0.71594,-1.71781,0
2.12472,1.58851,0
3.68708,0.12474,0
3.79009,-0.10597,0
3.54272,0.4784,0
2.14014,1.64873,0
3.84058,-0.06198,0
1.9291,1.56689,0
3.81594,-0.12728,0
0.31133,-1.83064,0
0.29275,-1.84501,0
1.79783,1.5054,0
2.23402,1.64635,0
2.56274,1.76124,0
1.07824,-1.56284,0
1.52384,1.35367,0
0.71574,-1.70896,0
3.69169,0.11236,0
1.60486,-1.34119,0
-0.59817,-0.07248,0
0.72475,-1.80665,0
1.65461,-1.35136,0
2.65054,1.80765,0
2.12286,1.60554,0
1.39143,-1.45122,0
3.70259,0.07903,0
1.40008,-1.42536,0
1.01617,-1.54725,0
1.57017,-1.33622,0
2.28676,1.65446,0
3.79598,0.0205,0
3.77497,0.02888,0
1.30899,-1.48771,0
2.43511,1.75089,0
2.3816,1.72509,0
2.41938,1.74453,0
0.45324,-1.80056,0
0.89464,-1.59452,0
2.35696,1.78257,0
1.92457,1.54848,0
0.35151,-1.97355,0
2.55739,1.76491,0
0.90699,-1.62712,0
0.90532,-1.63413,0
3.64658,0.29133,0
2.0931,1.63068,0
3.76684,-0.08841,0
2.28078,1.69177,0
-0.71383,0.17096,0
3.61748,0.36891,0
0.50768,-1.85399,0
3.72219,-0.0229,0
3.77079,-0.19452,0
0.55099,-1.86302,0
2.57249,1.85504,0
3.73902,-0.01098,0
2.66964,1.80495,0
0.66203,-1.82008,0
2.32185,1.73885,0
3.6824,0.22122,0
2.82912,1.95096,0
3.72044,0.1334,0
2.81429,1.98897,0
0.30267,-1.86677,0
1.46705,-1.36725,0
1.32194,-1.46875,0
0.59451,-1.84156,0
1.06685,-1.6288,0
-0.63674,0.05105,0
1.49813,1.34444,0
3.83635,-0.07061,0
0.94885,-1.59521,0
0.41955,-1.85146,0
0.3447,-1.95833,0
2.44325,1.81136,0
2.26647,1.72352,0
3.88054,-0.23313,0
2.68598,1.83439,0
1.30853,-1.44997,0
2.77741,1.96377,0
3.69422,0.12766,0
1.62006,-1.31131,0
3.64496,0.15861,0
2.80114,1.90107,0
3.63182,0.33082,0
0.46572,-1.8738,0
0.80102,-1.71109,0
-0.60681,-0.07139,0
3.78641,-0.19716,0
2.23665,1.67082,0
0.78281,-1.69821,0
1.13318,-1.54219,0
0.74456,-1.77323,0
3.75985,-0.07359,0
1.34661,-1.46417,0
2.75987,1.94564,0
1.2458,-1.54902,0
0.54017,-1.82197,0
1.01891,-1.5938,0
2.65402,1.8606,0
0.44091,-1.8168,0
1.59391,1.39306,0
0.62549,-1.77569,0
1.49476,1.34376,0
2.56641,1.7923,0
1.57991,1.371,0
1.61822,-1.35289,0
1.99707,1.54821,0
3.68805,0.24864,0
0.33676,-1.85192,0
0.43098,-1.82758,0
0.84168,-1.67202,0
2.8118,1.89292,0
2.46389,1.73064,0
1.55967,-1.37354,0
2.78565,1.89485,0
3.71793,0.0627,0
0.54955,-1.86777,0
1.69873,-1.30905,0
3.67636,0.24505,0
-0.68826,0.17171,0
1.64586,-1.29621,0
1.77511,-1.28243,0
3.80134,-0.24616,0
1.27303,-1.5002,0
0.99659,-1.58515,0
0.57377,-1.87907,0
1.12009,-1.5047,0
2.74975,1.97801,0
2.60306,1.87889,0
3.635,0.24749,0
0.53517,-1.7825,0
1.18801,-1.49019,0
-0.52063,-0.24926,0
0.77361,-1.78834,0
1.40518,1.30185,0
1.08944,-1.52857,0
2.81713,1.94241,0
0.81013,-1.73309,0
3.73902,-0.0514,0
2.69464,1.9118,0
1.29858,1.2594,0
1.0674,-1.52933,0
0.78476,-1.67659,0
2.65522,1.87313,0
0.98793,-1.60393,0
1.13113,-1.59563,0
3.7397,0.0514,0
2.73,1.94124,0
2.24136,1.63884,0
0.51066,-1.91601,0
2.61856,1.85988,0
3.85688,-0.2009,0
2.42364,1.81544,0
2.46697,1.80631,0
3.65804,0.28433,0
-0.62035,-0.01752,0
1.2682,-1.542,0
2.01383,1.60614,0
2.81067,1.94316,0
0.43837,-1.81131,0
0.40493,-1.86732,0
-0.67242,0.1461,0
3.69068,0.10551,0
2.39201,1.78798,0
1.43732,-1.44051,0
0.47393,-1.86899,0
3.67597,0.11103,0
1.64997,-1.30114,0
3.70468,0.12116,0
3.57501,0.47461,0
3.62608,0.30839,0
2.59549,1.82793,0
0.59134,-1.78463,0
1.16145,-1.5793,0
3.70658,0.12958,0
1.06355,-1.52956,0
-0.73699,0.18877,0
1.00075,-1.61093,0
1.28315,-1.53588,0
1.06866,-1.55769,0
1.54126,1.36445,0
0.33004,-1.94644,0
1.2514,-1.45372,0
3.78143,-0.04581,0
2.43344,1.78556,0
0.80155,-1.63078,0
0.5703,-1.84776,0
1.49783,-1.42439,0
0.30537,-1.86168,0
1.07891,-1.57322,0
1.45112,-1.44552,0
0.37579,-1.91319,0
0.38024,-1.89209,0
0.75001,-1.6608,0
2.61024,1.86729,0
1.20385,-1.47686,0
0.97558,-1.58566,0
1.63353,1.39642,0
1.1519,-1.54116,0
0.77178,-1.65975,0
-0.6063,-0.03817,0
2.47448,1.81523,0
-0.74298,0.19073,0
0.35807,-1.87096,0
1.01321,-1.64224,0
0.70113,-1.77357,0
2.53375,1.84482,0
1.10964,-1.53274,0
-0.56258,-0.17048,0
3.59488,0.38907,0
0.46521,-1.88056,0
2.32874,1.72556,0
2.51731,1.77352,0
2.57792,1.85006,0
-0.73582,0.20774,0
1.53849,-1.36963,0
3.77975,-0.13671,0
1.96702,1.57042,0
0.81051,-1.67593,0
-0.56244,-0.14675,0
1.59964,-1.37787,0
0.43565,-1.93898,0
3.77693,-0.18749,0
1.84411,1.49209,0
3.68617,0.09108,0
-0.58923,0.70239,0
3.24422,1.55468,0
-0.63966,0.71519,0
3.69757,-0.72882,0
3.23902,1.60024,0
3.24754,1.49225,0
3.2552,1.46355,0
3.22054,1.56106,0
3.17269,1.62864,0
3.2441,1.48551,0
3.26774,1.50024,0
3.6545,-0.70557,0
3.17463,1.6145,0
3.60581,-0.70032,0
3.65798,-0.68859,0
-0.58601,0.6826,0
3.81466,-0.63166,0
3.21788,1.6532,0
3.23622,1.48195,0
3.77221,-0.65254,0
3.27054,1.50311,0
3.2479,1.46948,0
3.78781,-0.68556,0
3.74933,-0.72443,0
3.72035,-0.69468,0
3.6398,-0.72121,0
3.25698,1.52369,0
3.70228,-0.73604,0
3.77458,-0.69622,0
3.23245,1.51453,0
3.19946,1.53169,0
3.26683,1.46557,0
3.73049,-0.68505,0
3.7465,-0.67993,0
3.78251,-0.65761,0
-0.60166,0.7171,0
3.21788,1.62696,0
3.20784,1.53091,0
3.26956,1.4747,0
3.25753,1.47784,0
3.22806,1.62435,0
3.21253,1.50509,0
3.78618,-0.70859,0
3.76384,-0.70025,0
-0.59803,0.70296,0
3.63141,-0.70543,0
3.77572,-0.71467,0
3.21743,1.66737,0
-0.63653,0.67357,0
3.81739,-0.68091,0
3.795,-0.71542,0
3.67813,-0.73479,0
3.21375,1.48724,0
3.78304,-0.68068,0
-0.61378,0.69593,0
3.73497,-0.70174,0
3.22551,1.63302,0
-0.59218,0.68461,0
3.62264,-0.71854,0
3.62339,-0.7276,0
-0.61967,0.67172,0
3.20136,1.69828,0
3.80752,-0.6705,0
3.74636,-0.70842,0
3.22804,1.63888,0
3.21268,1.56106,0
3.24518,1.5971,0
-0.58846,0.72894,0
3.68367,-0.74146,0
3.80691,-0.6318,0
3.16315,1.69757,0
3.23187,1.48235,0
3.83476,-0.68538,0
3.20188,1.6018,0
3.64495,-0.73361,0
3.77128,-0.7035,0
3.20155,1.54838,0
3.79634,-0.62358,0
-0.61746,0.70096,0
3.75612,-0.71218,0
3.79316,-0.67891,0
-0.6355,0.69144,0
3.19679,1.70675,0
3.6721,-0.74611,0
3.1952,1.64025,0
3.18112,1.69627,0
3.81871,-0.64019,0
3.21011,1.62929,0
3.7459,-0.67417,0
3.75995,-0.70277,0
3.73191,-0.69292,0
3.21321,1.6476,0
-0.61536,0.72076,0
3.62122,-0.72439,0
3.21946,1.6878,0
3.73195,-0.69261,0
3.63917,-0.74445,0
3.22428,1.59075,0
3.17191,1.62411,0
0.2213,1.36205,0
2.96976,-1.53051,0
2.62154,-1.28877,0
0.8721,1.39038,0
2.68975,-1.37691,0
0.72995,1.44439,0
3.20843,-1.46483,0
0.12818,1.40036,0
3.17508,-1.33121,0
2.56277,-1.29781,0
0.10161,1.61339,0
0.70289,1.36527,0
3.69111,0.42158,0
0.5381,1.48518,0
0.4797,1.54325,0
0.30618,1.35568,0
0.68495,1.42622,0
3.24671,-1.66164,0
2.54797,-1.48817,0
1.97939,-1.27091,0
0.97301,1.25535,0
3.6281,0.6201,0
3.22612,-1.46124,0
0.92659,1.43644,0
2.21935,-1.30682,0
0.0332,1.61567,0
1.33582,1.33686,0
0.32004,1.43061,0
-0.07649,1.50538,0
0.69337,1.46492,0
3.32332,-1.33469,0
-0.53683,-0.66861,0
3.0943,-1.35867,0
2.63892,-1.27123,0
0.3687,1.49092,0
0.82799,1.3297,0
3.17793,-1.64123,0
3.23122,-1.62542,0
3.62066,0.41407,0
1.11564,1.32039,0
3.27394,-1.39849,0
-0.61086,-0.7182,0
0.17808,1.45253,0
2.27591,-1.4178,0
0.47322,1.39112,0
0.42034,1.28362,0
3.0336,-1.58127,0
3.10034,-1.3978,0
3.0983,-1.38499,0
0.66619,1.46416,0
0.1295,1.41224,0
3.20579,-1.66677,0
2.94241,-1.47882,0
3.54391,0.63956,0
0.30178,1.30657,0
2.67946,-1.3984,0
0.08957,1.26959,0
0.14143,1.53985,0
0.00131,1.33848,0
0.12221,1.27749,0
0.09123,1.54208,0
1.88136,-1.26938,0
3.15824,-1.66777,0
0.57583,1.36159,0
0.06306,1.4785,0
3.59217,0.61985,0
0.91027,1.39459,0
2.67278,-1.52435,0
1.00731,1.28711,0
0.38276,1.34807,0
0.40906,1.52033,0
2.51888,-1.46762,0
0.456,1.43752,0
0.02646,1.29544,0
3.06924,-1.29082,0
0.42609,1.49313,0
2.57724,-1.26382,0
-0.02211,1.323,0
3.08212,-1.44877,0
0.46833,1.25564,0
3.72323,0.66887,0
2.65052,-1.26225,0
0.57235,1.30216,0
-0.50293,-0.60229,0
-0.50017,-0.5837,0
2.70522,-1.35106,0
0.9848,1.39174,0
0.92532,1.25186,0
3.7264,0.68443,0
2.75053,-1.54939,0
0.53317,1.49763,0
0.7412,1.31974,0
3.10053,-1.43146,0
3.22172,-1.65215,0
3.11151,-1.44019,0
1.19886,1.25479,0
-0.06122,1.61228,0
-0.05556,1.35916,0
3.66986,0.56574,0
1.84718,-1.34637,0
0.40854,1.32993,0
2.90983,-1.50111,0
2.14371,-1.34641,0
3.63683,0.65532,0
3.30035,-1.40606,0
0.66014,1.28042,0
0.12033,1.48775,0
-0.57999,-0.66664,0
2.42657,-1.37716,0
-0.57229,-0.70406,0
3.68516,0.57914,0
0.8508,1.44873,0
3.27132,-1.39597,0
3.53372,0.69539,0
2.91074,-1.30706,0
0.483,1.46423,0
3.68323,0.32165,0
1.31912,1.31993,0
2.76598,-1.33082,0
3.67642,0.28382,0
2.87428,-1.47873,0
2.73032,-1.41443,0
2.88753,-1.55585,0
0.16579,1.33813,0
0.17308,1.44678,0
-0.53002,-0.7666,0
0.48067,1.50532,0
2.74443,-1.4881,0
-0.09933,1.39304,0
2.16212,-1.25309,0
0.09705,1.53935,0
0.19494,1.59883,0
1.40944,1.32392,0
2.60848,-1.34443,0
3.25875,-1.6302,0
0.27257,1.56774,0
2.12933,-1.39086,0
0.41767,1.48364,0
1.0252,1.27903,0
0.53532,1.40664,0
2.80348,-1.46109,0
1.88885,-1.30012,0
0.70754,1.35869,0
2.99932,-1.30373,0
0.72453,1.41373,0
3.16544,-1.38346,0
2.4771,-1.39074,0
3.80157,0.64561,0
0.58008,1.25773,0
3.56853,0.69761,0
3.72755,0.32133,0
3.80466,0.70582,0
-0.07485,1.48193,0
0.6329,1.45414,0
3.68085,0.41528,0
2.59002,-1.34995,0
0.50659,1.45119,0
3.04287,-1.28748,0
0.23894,1.44784,0
2.20066,-1.39571,0
3.66211,0.66395,0
3.24782,-1.52735,0
2.32088,-1.25413,0
1.1698,1.3218,0
-0.00536,1.43379,0
3.00079,-1.29398,0
2.98376,-1.62735,0
0.27398,1.42627,0
2.55386,-1.45627,0
3.6359,0.66205,0
0.35076,1.55472,0
0.52964,1.39603,0
0.51003,1.45244,0
3.14864,-1.45249,0
2.99636,-1.54393,0
2.15107,-1.40978,0
1.87994,-1.27997,0
3.07338,-1.40827,0
0.32716,1.31528,0
2.6394,-1.5197,0
3.27774,-1.27913,0
2.73404,-1.44577,0
3.10768,-1.54404,0
0.08445,1.56236,0
2.72974,-1.42307,0
3.18782,-1.26087,0
3.12719,-1.65571,0
2.73336,-1.48706,0
1.74223,-1.32127,0
3.50751,0.65642,0
0.3206,1.36243,0
0.64157,1.43236,0
2.79348,-1.53813,0
0.1327,1.48493,0
2.85737,-1.51203,0
2.92155,-1.56936,0
2.19816,-1.3121,0
0.23025,1.39157,0
3.50423,0.71175,0
3.50263,0.73112,0
2.47842,-1.47413,0
3.09429,-1.64859,0
2.99064,-1.61683,0
2.75245,-1.26105,0
2.23448,-1.36867,0
0.38982,1.39918,0
0.79722,1.27465,0
0.09352,1.63938,0
-0.11663,1.30201,0
0.26544,1.33898,0
0.82511,1.32914,0
3.69504,0.45532,0
2.76036,-1.54499,0
0.37795,1.50936,0
0.39077,1.33366,0
2.82066,-1.51198,0
3.52355,0.63747,0
2.79498,-1.50151,0
0.82686,1.45888,0
0.86215,1.36668,0
0.4085,1.54239,0
3.12306,-1.33799,0
2.73073,-1.50812,0
3.04879,-1.40583,0
2.1639,-1.42434,0
2.34417,-1.29644,0
2.44191,-1.25924,0
3.1887,-1.65216,0
3.13635,-1.52406,0
3.17294,-1.2576,0
2.91273,-1.27101,0
0.50823,1.4314,0
0.8079,1.3123,0
3.30957,-1.39044,0
2.96335,-1.53471,0
0.24302,1.41564,0
2.40043,-1.43675,0
0.50338,1.35406,0
-0.57729,-0.66434,0
0.22846,1.33878,0
0.37932,1.42889,0
0.49753,1.3071,0
-0.02053,1.6515,0
2.65994,-1.50995,0
0.21988,1.392,0
2.41081,-1.44158,0
-0.05055,1.55519,0
2.82537,-1.3174,0
2.18459,-1.36733,0
2.14919,-1.34492,0
0.0545,1.55837,0
0.97968,1.3169,0
3.5324,0.6086,0
-0.56646,-0.51943,0
2.21608,-1.2896,0
3.17352,-1.53499,0
3.65384,0.59025,0
3.71243,0.51901,0
0.91474,1.41048,0
0.28886,1.56822,0
2.87272,-1.49306,0
2.41276,-1.46688,0
3.04764,-1.28909,0
2.78702,-1.57836,0
2.47954,-1.48158,0
2.46804,-1.30076,0
-0.06278,1.2738,0
2.70126,-1.25912,0
2.57687,-1.25976,0
2.63742,-1.42178,0
3.63751,0.60222,0
2.54443,-1.36212,0
1.97905,-1.2608,0
0.3829,1.34458,0
2.47564,-1.25562,0
3.27557,-1.36524,0
2.88446,-1.25113,0
2.30435,-1.44533,0
1.19728,1.3202,0
-0.57072,-0.46771,0
3.50762,0.68845,0
0.33368,1.48146,0
2.82045,-1.50395,0
3.23374,-1.35743,0
0.45162,1.52191,0
2.69934,-1.30316,0
3.05133,-1.31112,0
0.6256,1.2861,0
-0.10947,1.32625,0
2.48035,-1.29128,0
2.61879,-1.38829,0
0.37366,1.38963,0
3.57056,0.78298,0
3.25891,-1.51935,0
0.54893,1.39782,0
3.63596,0.75783,0
3.24971,-1.30634,0
3.5456,0.55921,0
3.11931,-1.33721,0
3.08858,-1.28521,0
0.07108,1.49684,0
3.75466,0.57328,0
1.08591,1.39398,0
0.08167,1.43506,0
0.60854,1.49991,0
0.43088,1.37948,0
2.67409,-1.50191,0
0.30999,1.329,0
2.66763,-1.27907,0
3.76462,0.74698,0
1.87621,-1.30745,0
1.22494,1.33528,0
0.21975,1.39618,0
0.26827,1.42048,0
2.93817,-1.27255,0
1.85368,-1.33805,0
3.56787,0.77401,0
3.81269,0.67114,0
2.97862,-1.39223,0
2.15702,-1.34495,0
2.5912,-1.51564,0
2.2532,-1.31458,0
2.78731,-1.41956,0
0.74131,1.39113,0
2.1805,-1.35446,0
0.02404,1.5395,0
-0.03642,1.6406,0
-0.5475,-0.69242,0
2.99102,-1.34973,0
3.68444,0.54047,0
0.56042,1.34753,0
3.30174,-1.27703,0
3.78545,0.5658,0
0.72035,1.43431,0
-0.09095,1.34855,0
3.06473,-1.43296,0
3.1803,-1.44919,0
1.13533,1.31894,0
3.1693,-1.30624,0
0.02746,1.50933,0
3.05671,-1.63813,0
0.88354,1.27139,0
0.72043,1.41992,0
0.83935,1.28244,0
0.29023,1.4219,0
2.26509,-1.32326,0
0.26333,1.45981,0
0.39923,1.4386,0
0.94346,1.40041,0
-0.56915,-0.52373,0
0.05557,1.45417,0
2.6588,-1.31597,0
3.67587,0.66404,0
0.10227,1.64228,0
1.40278,1.31754,0
2.889,-1.35196,0
0.23947,1.29906,0
0.30155,1.3103,0
0.73773,1.46752,0
3.16559,-1.57104,0
0.55809,1.26768,0
3.72152,0.60449,0
1.98594,-1.27431,0
0.0106,1.61839,0
1.87854,-1.33518,0
3.29152,-1.35189,0
-0.51612,-0.74013,0
2.80527,-1.29454,0
0.58179,1.52433,0
0.33861,1.524,0
0.83764,1.41059,0
3.25886,-1.36374,0
3.22398,-1.6752,0
2.57225,-1.52347,0
2.04149,-1.33822,0
0.3008,1.26998,0
0.38705,1.52295,0
-0.5334,-0.33768,0
3.70681,0.63403,0
3.70429,0.24371,0
0.55716,1.45136,0
3.64049,0.61635,0
2.96738,-1.41374,0
2.49468,-1.49118,0
2.74242,-1.48993,0
2.32441,-1.43231,0
3.51144,0.70515,0
-0.03322,1.57364,0
2.91809,-1.56569,0
3.64116,0.60388,0
3.68231,0.72871,0
3.0909,-1.43116,0
2.99738,-1.41221,0
0.61885,1.4099,0
2.44872,-1.35145,0
0.1893,1.41896,0
3.22154,-1.49079,0
3.25654,-1.27236,0
3.69865,0.48094,0
-0.5232,-0.58745,0
2.97473,-1.59078,0
2.15671,-1.26455,0
3.16075,-1.32912,0
0.66862,1.46197,0
3.01188,-1.36097,0
3.51534,0.67312,0
3.59354,0.74798,0
0.67447,1.30403,0
2.48969,-1.48913,0
0.35969,1.45271,0
2.11635,-1.40749,0
2.88928,-1.36154,0
0.55312,1.48411,0
0.31835,1.59407,0
0.14328,1.36593,0
2.87811,-1.40426,0
3.23012,-1.46765,0
3.72701,0.44742,0
1.90239,-1.27138,0
3.25529,-1.47992,0
-0.05369,1.40502,0
1.30113,1.33638,0
2.53262,-1.25963,0
0.10018,1.2871,0
0.92573,1.38138,0
3.24229,-1.42847,0
0.22332,1.58624,0
0.90682,1.26926,0
0.03632,1.41784,0
-0.00926,1.53141,0
0.05441,1.59496,0
-0.03431,1.44879,0
1.17568,1.27944,0
0.027,1.35249,0
2.56451,-1.31825,0
0.31762,1.54305,0
2.823,-1.41587,0
3.14745,-1.27363,0
3.23491,-1.42894,0
-0.00652,1.42495,0
3.6709,0.60294,0
0.17499,1.36053,0
0.26904,1.5962,0
2.27564,-1.35503,0
0.93375,1.39809,0
3.02368,-1.34723,0
0.40521,1.35007,0
3.18221,-1.63405,0
0.62022,1.41818,0
3.09031,-1.41153,0
1.05557,1.32884,0
1.00884,1.39284,0
2.50155,-1.29414,0
2.55236,-1.27054,0
2.23468,-1.35216,0
0.04818,1.28304,0
2.0081,-1.32157,0
0.48275,1.54414,0
0.42009,1.38804,0
0.04623,1.42585,0
3.21408,-1.41823,0
0.75862,1.41654,0
0.06446,1.55132,0
1.22376,1.36764,0
3.17301,-1.55712,0
3.57668,0.58846,0
2.1766,-1.34466,0
3.01713,-1.35746,0
0.58773,1.31343,0
3.55675,0.62931,0
2.09727,-1.3483,0
2.74482,-1.5689,0
2.81096,-1.30826,0
2.89052,-1.528,0
0.50797,1.39864,0
2.07475,-1.26443,0
3.74793,0.3958,0
2.77164,-1.53717,0
0.74243,1.25948,0
2.84161,-1.4303,0
2.92751,-1.58599,0
3.76656,0.50598,0
0.09278,1.54099,0
2.9667,-1.29032,0
0.33992,1.29915,0
3.75664,0.7442,0
0.42903,1.47064,0
-0.59045,-0.55895,0
3.24381,-1.42028,0
3.25964,-1.3755,0
3.81558,0.70621,0
-0.58506,-0.75203,0
0.70916,1.30244,0
-0.56317,-0.68796,0
0.13055,1.60431,0
2.55206,-1.32362,0
3.09383,-1.3596,0
2.87402,-1.50754,0
-0.52709,-0.38589,0
0.91679,1.33708,0
3.65018,0.50349,0
0.72782,1.43762,0
-0.01334,1.58149,0
-0.09117,1.44414,0
2.44162,-1.31803,0
2.89029,-1.32144,0
-0.0432,1.54786,0
1.87988,-1.25458,0
-0.03197,1.52157,0
2.42798,-1.32544,0
2.72701,-1.41844,0
3.20065,-1.44133,0
-0.53484,-0.74306,0
0.571,1.27116,0
-0.09735,1.25846,0
2.03148,-1.38946,0
-0.52309,-0.74728,0
1.04639,1.32779,0
1.87121,-1.26858,0
2.49261,-1.30115,0
0.53507,1.43076,0
2.36294,-1.42156,0
2.62829,-1.29914,0
3.10432,-1.51005,0
3.21836,-1.59181,0
2.63827,-1.47241,0
0.25444,1.39926,0
2.78114,-1.33351,0
2.82806,-1.35339,0
2.99832,-1.61442,0
0.09832,1.36005,0
-0.05847,1.35286,0
0.91545,1.25165,0
0.06495,1.63118,0
0.66254,1.38556,0
0.83823,1.27435,0
1.79918,-1.33386,0
2.28792,-1.25854,0
3.26962,-1.54805,0
0.00498,1.26007,0
1.88707,-1.27759,0
0.3434,1.39136,0
1.12505,1.3694,0
0.13539,1.35154,0
3.6484,0.71121,0
2.79742,-1.4679,0
0.31893,1.36032,0
2.7558,-1.3207,0
0.5658,1.42086,0
3.14344,-1.59571,0
3.02642,-1.4298,0
3.55763,0.57795,0
3.18883,-1.34376,0
2.99003,-1.36876,0
2.61848,-1.52708,0
2.37064,-1.32307,0
2.41213,-1.26771,0
2.24902,-1.41008,0
1.17195,1.32586,0
1.24767,1.33216,0
-0.56329,-0.44264,0
-0.13845,1.26752,0
0.59172,1.33242,0
0.406,1.29906,0
0.1255,1.39676,0
2.8917,-1.44928,0
0.74229,1.41561,0
0.23934,1.38944,0
0.90008,1.38607,0
0.56855,1.43747,0
3.19141,-1.38033,0
0.01555,1.64956,0
0.52673,1.36656,0
0.37289,1.45156,0
3.69911,0.70852,0
2.41231,-1.41209,0
1.33707,1.29519,0
3.04315,-1.3488,0
2.29698,-1.2934,0
0.66505,1.39658,0
0.12707,1.49599,0
3.01765,-1.26142,0
0.21968,1.36785,0
2.84899,-1.44277,0
0.68764,1.30852,0
0.90562,1.3989,0
-0.53055,-0.75797,0
-0.09243,1.47011,0
2.62983,-1.27792,0
2.34882,-1.31377,0
3.77,0.53115,0
-0.58419,-0.73916,0
1.09459,1.39796,0
1.90532,-1.34649,0
3.19061,-1.37495,0
0.42247,1.33234,0
3.26767,-1.25794,0
1.11193,1.38498,0
3.72874,0.44673,0
2.59773,-1.27334,0
2.57553,-1.27666,0
0.1125,1.32498,0
-0.50281,-0.72693,0
2.56841,-1.29094,0
1.87698,-1.2701,0
-0.5745,-0.75321,0
-0.59002,-0.59808,0
2.49861,-1.50022,0
1.83696,-1.2974,0
2.73313,-1.38722,0
2.29599,-1.26194,0
3.54046,0.59519,0
3.73785,0.46051,0
3.71893,0.47736,0
3.16639,-1.44459,0
3.00617,-1.50216,0
0.53364,1.51321,0
0.24452,1.50588,0
0.09236,1.45287,0
1.25058,1.35013,0
0.50548,1.27189,0
1.03843,1.30794,0
2.40729,-1.486,0
1.24962,1.33912,0
3.24741,-1.47559,0
3.03342,-1.30989,0
2.91771,-1.30908,0
-0.00871,1.50864,0
0.31109,1.31233,0
0.69162,1.48515,0
2.93688,-1.27089,0
0.65854,1.2822,0
0.13892,1.34975,0
3.69302,0.54205,0
0.16894,1.36737,0
3.51111,0.65491,0
3.73728,0.4706,0
0.53439,1.44677,0
3.76102,0.49263,0
0.84314,1.26208,0
2.81353,-1.25126,0
-0.13296,1.30732,0
3.55806,0.54857,0
0.42596,1.29963,0
3.29818,-1.40851,0
2.01799,-1.28856,0
0.58909,1.43319,0
3.18259,-1.51568,0
2.24254,-1.25406,0
2.63669,-1.31212,0
2.90364,-1.60257,0
0.89338,1.28516,0
2.44118,-1.41748,0
0.01445,1.46125,0
2.54279,-1.44302,0
-0.58187,-0.58533,0
0.25466,1.34118,0
2.4981,-1.25195,0
3.71705,0.63743,0
1.30386,1.28908,0
3.70354,0.7131,0
3.13559,-1.60527,0
1.06585,1.32551,0
0.4548,1.40686,0
0.51153,1.54516,0
0.26442,1.37458,0
3.24606,-1.53981,0
0.87461,1.3687,0
3.27416,-1.53824,0
3.59978,0.78181,0
3.2459,-1.40919,0
1.0357,1.29688,0
3.69231,0.7097,0
1.95289,-1.25355,0
3.30468,-1.29993,0
3.64979,0.67949,0
2.98793,-1.46922,0
2.88679,-1.4735,0
3.74545,0.46181,0
0.83273,1.43477,0
3.2864,-1.27629,0
0.82116,1.3289,0
3.66146,0.73978,0
2.39398,-1.38986,0
3.57294,0.77222,0
-0.53491,-0.60002,0
3.69486,0.62579,0
0.81579,1.30756,0
0.01419,1.59883,0
2.87524,-1.41685,0
3.15162,-1.57406,0
0.15551,1.60445,0
-0.0601,1.44036,0
3.68105,0.31936,0
1.17523,1.25572,0
3.1184,-1.34314,0
3.51328,0.69906,0
3.60964,0.64084,0
0.59726,1.29743,0
3.63924,0.49337,0
1.80699,-1.30693,0
3.12336,-1.45511,0
3.7607,0.70679,0
3.66996,0.45717,0
3.34084,-1.29299,0
1.14552,1.3038,0
0.39419,1.26926,0
0.49806,1.43676,0
2.21407,-1.41745,0
0.38507,1.35046,0
0.83393,1.43902,0
2.34249,-1.38527,0
2.78769,-1.54853,0
3.14154,-1.60009,0
1.20217,1.3659,0
3.04448,-1.49652,0
0.77838,1.35725,0
0.23225,1.55334,0
0.27199,1.55452,0
2.85152,-1.59508,0
3.03218,-1.39276,0
3.62136,0.56719,0
3.67845,0.5163,0
0.60233,1.29227,0
3.16589,-1.53419,0
0.73449,1.48141,0
-0.55353,-0.71295,0
2.11291,-1.3154,0
2.66262,-1.36183,0
2.90093,-1.25989,0
1.18748,1.37308,0
2.34112,-1.3067,0
2.64998,-1.25954,0
0.9583,1.34442,0
1.12598,1.28724,0
2.84415,-1.50096,0
0.09747,1.44013,0
2.88266,-1.51502,0
2.8177,-1.57669,0
2.6016,-1.52219,0
2.75959,-1.37846,0
1.06273,1.32272,0
2.61447,-1.30082,0
3.2293,-1.48736,0
2.72386,-1.46575,0
0.6608,1.4985,0
3.2173,-1.42898,0
3.24171,-1.4496,0
0.91317,1.40781,0
3.69535,0.62939,0
2.8598,-1.3531,0
0.20565,1.58542,0
0.19762,1.45175,0
3.67691,0.531,0
2.92553,-1.37015,0
2.81582,-1.55143,0
0.40282,1.41358,0
0.68207,1.28545,0
2.39928,-1.25126,0
0.28809,1.50075,0
3.70566,0.25781,0
-0.02047,1.26696,0
0.2232,1.5035,0
-0.03226,1.67131,0
3.6845,0.60638,0
0.59888,1.45276,0
3.09998,-1.38914,0
0.94996,1.28409,0
0.26616,1.36625,0
3.06951,-1.29598,0
0.29534,1.45161,0
3.55953,0.70402,0
3.76278,0.5463,0
0.38306,1.45775,0
3.05602,-1.29428,0
0.25185,1.48155,0
3.72083,0.59039,0
2.87046,-1.56122,0
2.69672,-1.34074,0
3.75183,0.55374,0
3.56864,0.55881,0
0.28937,1.57086,0
2.81649,-1.25482,0
3.10136,-1.59306,0
2.30198,-1.36706,0
2.20424,-1.3312,0
0.42659,1.34584,0
3.71642,0.25879,0
0.07732,1.58676,0
0.73884,1.25641,0
0.49623,1.52008,0
2.72857,-1.39428,0
0.75918,1.29271,0
1.79347,-1.2947,0
3.55843,0.77458,0
3.00998,-1.55875,0
1.31715,1.30631,0
0.36208,1.32225,0
0.40702,1.51814,0
0.44931,1.50809,0
0.04894,1.54488,0
0.18186,1.5292,0
1.17747,1.26894,0
0.31645,1.44836,0
3.65671,0.67809,0
2.72039,-1.32284,0
0.71481,1.37933,0
2.36412,-1.42029,0
2.19596,-1.42576,0
2.99459,-1.41791,0
2.07134,-1.28611,0
2.82159,-1.3484,0
3.6542,0.72958,0
2.82928,-1.38748,0
2.96355,-1.33683,0
0.27511,1.52571,0
0.29156,1.48302,0
2.97221,-1.4302,0
2.96041,-1.59655,0
0.32952,1.56163,0
3.04612,-1.47276,0
2.68322,-1.52956,0
2.90415,-1.60329,0
0.25141,1.47141,0
3.61577,0.57022,0
3.18129,-1.40938,0
2.41046,-1.27973,0
3.04515,-1.49981,0
1.17681,1.30595,0
2.36869,-1.42279,0
3.04119,-1.50647,0
0.05355,1.47103,0
0.42534,1.46594,0
2.59652,-1.25467,0
3.74895,0.61083,0
3.70096,0.60878,0
2.46042,-1.36286,0
-0.00694,1.48252,0
3.23852,-1.41697,0
0.1673,1.25222,0
3.58748,0.73332,0
3.03786,-1.26199,0
2.5913,-1.5246,0
1.20513,1.28422,0
3.28016,-1.41653,0
3.21147,-1.67946,0
3.75707,0.60039,0
2.3187,-1.28785,0
0.82679,1.29489,0
3.5133,0.78363,0
0.20618,1.34847,0
2.66922,-1.30053,0
3.32732,-1.34608,0
2.92357,-1.27467,0
2.85868,-1.4042,0
2.14332,-1.38625,0
-0.01881,1.51145,0
2.15974,-1.34474,0
2.45773,-1.37511,0
2.60603,-1.34087,0
0.06009,1.52712,0
0.54369,1.28252,0
3.5992,0.58375,0
0.12164,1.37484,0
3.53802,0.60014,0
0.87072,1.38959,0
0.05763,1.28414,0
0.51473,1.251,0
2.69392,-1.35908,0
0.31637,1.37362,0
2.8416,-1.41885,0
0.75024,1.30957,0
3.24005,-1.35747,0
0.66615,1.26936,0
2.52961,-1.44138,0
3.23378,-1.53293,0
0.67619,1.43545,0
-0.03616,1.2871,0
0.99206,1.28388,0
2.80944,-1.46674,0
0.08707,1.35793,0
0.06282,1.44499,0
2.35579,-1.40809,0
3.24737,-1.36685,0
-0.08839,1.49956,0
3.53642,0.75635,0
2.50887,-1.46375,0
2.89559,-1.53765,0
3.22097,-1.63859,0
2.98384,-1.33077,0
3.01872,-1.41241,0
2.89924,-1.25921,0
0.37054,1.51184,0
2.44885,-1.34661,0
1.83864,-1.30092,0
3.17748,-1.498,0
0.6352,1.5133,0
2.55054,-1.42394,0
0.17834,1.48811,0
2.17496,-1.27545,0
2.85747,-1.59293,0
3.08636,-1.48152,0
1.07488,1.37736,0
3.5525,0.73102,0
0.21741,1.53215,0
2.92062,-1.31734,0
0.06531,1.48328,0
2.56777,-1.27392,0
2.30245,-1.41754,0
0.05832,1.28928,0
1.97742,-1.28951,0
0.61208,1.46161,0
2.6758,-1.47039,0
3.30078,-1.27162,0
2.19636,-1.3505,0
2.6126,-1.48007,0
3.64774,0.75468,0
0.28938,1.35239,0
-0.5561,-0.43419,0
0.45211,1.33402,0
1.34828,1.31791,0
1.82934,-1.30848,0
2.77041,-1.42652,0
0.15625,1.4078,0
-0.01674,1.26398,0
0.7373,1.29443,0
3.53468,0.58244,0
-0.10549,1.27141,0
0.67463,1.38741,0
3.6762,0.58573,0
3.53522,0.66768,0
3.75856,0.6437,0
0.96706,1.37324,0
3.63351,0.4095,0
2.62789,-1.29149,0
2.89609,-1.26393,0
0.82976,1.39801,0
1.20635,1.35482,0
1.21918,1.3054,0
2.58381,-1.45182,0
2.75519,-1.41374,0
-0.5271,-0.3478,0
3.02412,-1.63468,0
1.26985,1.30263,0
3.6259,0.6314,0
1.22062,1.25686,0
3.29699,-1.37766,0
3.13466,-1.34094,0
1.17274,1.32405,0
2.11721,-1.40715,0
3.64632,0.65071,0
2.8329,-1.58191,0
2.02174,-1.37735,0
2.27884,-1.30954,0
2.66671,-1.48124,0
2.8869,-1.60185,0
0.49392,1.28587,0
3.18801,-1.66797,0
1.23332,1.26551,0
0.9931,1.37097,0
2.38747,-1.48223,0
3.15702,-1.42931,0
-0.11209,1.32292,0
3.11155,-1.47061,0
0.38357,1.26523,0
3.70378,0.38729,0
-0.54835,-0.4414,0
3.16526,-1.65886,0
2.55197,-1.33954,0
0.7742,1.45411,0
2.89567,-1.39318,0
0.23126,1.51442,0
3.01921,-1.57059,0
2.29492,-1.43386,0
3.66384,0.46567,0
0.56627,1.38992,0
0.59296,1.3817,0
-0.01662,1.47276,0
3.29076,-1.48879,0
0.62231,1.51116,0
3.58664,0.62689,0
0.43538,1.50176,0
3.067,-1.4425,0
1.95115,-1.30761,0
2.75549,-1.29692,0
0.658,1.43789,0
3.57846,0.70151,0
2.76779,-1.34226,0
0.12199,1.42613,0
0.85574,1.38672,0
3.236,-1.61509,0
2.48576,-1.44437,0
2.96548,-1.42638,0
1.2402,1.27543,0
3.01127,-1.31451,0
0.34042,1.35922,0
1.01304,1.28655,0
-0.02888,1.60229,0
2.74755,-1.4329,0
0.91752,1.41832,0
3.09586,-1.65445,0
3.63202,0.48992,0
0.69299,1.47655,0
3.02902,-1.32305,0
0.46125,1.26162,0
2.57056,-1.36688,0
0.32911,1.58158,0
2.99426,-1.46694,0
2.79009,-1.47209,0
0.3392,1.33302,0
3.30792,-1.41796,0
2.51037,-1.49835,0
0.12746,1.38285,0
3.3231,-1.26798,0
0.33712,1.44139,0
0.71014,1.43815,0
-0.03009,1.38904,0
0.41885,1.52434,0
0.18014,1.53649,0
0.35168,1.33491,0
1.89599,-1.25706,0
0.08189,1.53271,0
0.23839,1.26517,0
2.47414,-1.43442,0
0.67203,1.43725,0
0.94595,1.28963,0
2.00125,-1.31667,0
0.19653,1.41258,0
2.43219,-1.31236,0
3.06528,-1.56632,0
3.14686,-1.25419,0
3.65116,0.54238,0
0.35108,1.48775,0
2.70869,-1.41656,0
0.30441,1.41042,0
2.75103,-1.46088,0
3.19633,-1.65918,0
1.24559,1.27618,0
2.68908,-1.43714,0
3.65186,0.70931,0
2.80213,-1.54884,0
3.16861,-1.51366,0
3.04953,-1.50347,0
3.04012,-1.2695,0
-0.57392,-0.52865,0
3.72792,0.53633,0
2.42333,-1.36194,0
1.18355,1.33668,0
2.79012,-1.29354,0
3.70459,0.63637,0
0.04075,1.51968,0
2.50895,-1.50141,0
3.13239,-1.42368,0
1.9518,-1.26433,0
0.47651,1.45424,0
2.16041,-1.38562,0
3.03273,-1.33662,0
0.57991,1.52269,0
1.86088,-1.33896,0
-0.00737,1.63087,0
2.97287,-1.42249,0
2.85308,-1.38509,0
0.90397,1.25971,0
-0.07466,1.53282,0
0.00547,1.5051,0
2.82226,-1.25104,0
1.27634,1.31416,0
-0.04003,1.41311,0
0.92905,1.43009,0
0.0942,1.39283,0
2.95447,-1.26479,0
3.04756,-1.58442,0
0.05814,1.32299,0
3.67682,0.33615,0
2.43844,-1.25716,0
2.12252,-1.36875,0
0.53897,1.32686,0
0.77707,1.36698,0
3.11188,-1.25992,0
0.48071,1.30234,0
0.07218,1.40451,0
3.20227,-1.35875,0
2.01815,-1.26012,0
0.83582,1.39127,0
2.95254,-1.37969,0
0.14146,1.59516,0
1.19458,1.31002,0
0.4438,1.32265,0
0.28621,1.35388,0
-0.56949,-0.47441,0
3.69967,0.38906,0
2.22619,-1.41845,0
2.85353,-1.33114,0
3.01385,-1.33389,0
1.34699,1.33922,0
3.1679,-1.60906,0
-0.04954,1.65419,0
-0.09854,1.32074,0
-0.09186,1.35686,0
2.76486,-1.51729,0
1.9043,-1.3392,0
3.74908,0.43632,0
3.14625,-1.47052,0
3.21618,-1.656,0
1.97124,-1.2751,0
2.60424,-1.45219,0
-0.00234,1.2879,0
3.27876,-1.31058,0
0.81449,1.44494,0
2.24872,-1.27773,0
0.52739,1.46199,0
2.61628,-1.27803,0
0.67733,1.49387,0
2.56689,-1.35238,0
0.67011,1.36903,0
0.98031,1.28414,0
2.25224,-1.44049,0
2.39159,-1.43494,0
2.5177,-1.2806,0
2.20037,-1.41583,0
0.00415,1.66359,0
2.85282,-1.48427,0
-0.60226,-0.71202,0
3.58562,0.50448,0
2.62723,-1.5152,0
0.51848,1.36522,0
2.10897,-1.38916,0
0.48596,1.31114,0
3.24651,-1.34547,0
3.69509,0.41937,0
2.31996,-1.3454,0
3.75038,0.58626,0
0.62402,1.33064,0
3.21277,-1.52756,0
0.09971,1.56253,0
3.12786,-1.54832,0
2.75777,-1.51943,0
0.82552,1.39189,0
0.18393,1.40207,0
-0.51084,-0.57501,0
1.01967,1.38242,0
2.39501,-1.31679,0
0.16505,1.46216,0
3.56796,0.55209,0
1.85791,-1.33098,0
-0.5436,-0.42791,0
2.60921,-1.29812,0
2.73767,-1.55056,0
2.14804,-1.29666,0
2.64025,-1.46488,0
3.1545,-1.33004,0
-0.07467,1.40383,0
0.30153,1.53097,0
-0.57177,-0.56265,0
2.35772,-1.34222,0
2.66768,-1.48746,0
3.53728,0.67482,0
0.22923,1.59382,0
2.58883,-1.2699,0
0.95036,1.31926,0
3.17133,-1.62445,0
0.42035,1.33585,0
2.49788,-1.28114,0
0.73859,1.33009,0
0.7093,1.43128,0
2.23931,-1.36974,0
0.27753,1.51964,0
2.79832,-1.37901,0
0.8316,1.44264,0
0.05355,1.27615,0
0.26161,1.36508,0
-0.52108,-0.43949,0
0.28404,1.34204,0
0.31943,1.27028,0
0.40887,1.27131,0
1.04048,1.40564,0
3.09295,-1.26746,0
2.84826,-1.33113,0
2.78619,-1.36709,0
1.27558,1.3061,0
0.66106,1.45606,0
3.69494,0.47806,0
-0.55902,-0.47477,0
-0.05833,1.26989,0
0.07171,1.52752,0
2.5506,-1.34276,0
3.65276,0.49114,0
1.17332,1.2777,0
3.15913,-1.53264,0
1.21292,1.37293,0
3.20396,-1.37426,0
0.45294,1.35595,0
0.20252,1.61267,0
0.60287,1.2747,0
2.27879,-1.44755,0
0.36734,1.26463,0
3.52738,0.60114,0
-0.55555,-0.4834,0
1.07011,1.27714,0
3.64657,0.67902,0
-0.52431,-0.50113,0
0.41659,1.30665,0
3.05164,-1.26635,0
0.93693,1.42759,0
2.64492,-1.32491,0
0.84626,1.44885,0
3.78201,0.52586,0
0.72587,1.4774,0
0.33662,1.56762,0
2.80411,-1.51486,0
3.09741,-1.29239,0
2.09076,-1.38968,0
0.15621,1.46251,0
0.69989,1.36245,0
3.1582,-1.41331,0
0.87862,1.33952,0
0.26958,1.55877,0
2.04717,-1.32355,0
2.36631,-1.3294,0
1.26216,1.28503,0
2.88854,-1.34165,0
2.41884,-1.46651,0
3.11863,-1.622,0
0.67284,1.27055,0
0.40214,1.4832,0
2.30872,-1.39385,0
2.36499,-1.31151,0
3.77589,0.65048,0
3.22173,-1.39574,0
2.51425,-1.27831,0
2.20984,-1.33489,0
-0.13857,1.30071,0
0.87031,1.30341,0
0.80894,1.27355,0
3.78381,0.53697,0
-0.0366,1.49789,0
3.57186,0.72303,0
2.21998,-1.27297,0
-0.07202,1.46123,0
0.50164,1.36805,0
2.78338,-1.37414,0
0.36191,1.39731,0
0.59983,1.43779,0
0.00011,1.54323,0
2.87544,-1.58789,0
-0.5741,-0.65535,0
3.5463,0.5581,0
0.7202,1.25455,0
0.93614,1.31158,0
3.67593,0.54879,0
3.71143,0.44363,0
2.34805,-1.32938,0
1.82529,-1.2921,0
1.13223,1.38788,0
2.0527,-1.31,0
0.82484,1.43192,0
0.45336,1.27389,0
0.17127,1.41021,0
3.07297,-1.30248,0
3.12785,-1.50683,0
3.26351,-1.27842,0
1.17898,1.2613,0
-0.0175,1.66222,0
3.72223,0.35381,0
0.18707,1.35652,0
0.13064,1.48947,0
0.99363,1.29092,0
2.3072,-1.29173,0
0.71241,1.29409,0
3.56803,0.64181,0
0.94588,1.28856,0
0.1143,1.56661,0
2.52566,-1.43617,0
0.5387,1.30382,0
-0.62218,-0.69259,0
3.00879,-1.51762,0
0.7915,1.44613,0
2.66917,-1.40088,0
3.24081,-1.52174,0
0.95841,1.41326,0
2.62855,-1.49958,0
2.54496,-1.43401,0
3.60033,0.43297,0
0.29462,1.26619,0
0.59953,1.29294,0
0.3459,1.34807,0
3.76968,0.55355,0
1.05806,1.26936,0
2.57515,-1.44558,0
-0.02333,1.50363,0
3.72771,0.46427,0
1.97972,-1.31128,0
2.29229,-1.4419,0
0.10544,1.50767,0
3.24911,-1.65559,0
2.55314,-1.35617,0
0.40914,1.51391,0
2.08806,-1.25321,0
2.45258,-1.35186,0
0.79406,1.43239,0
2.9482,-1.53064,0
2.79979,-1.28756,0
0.84466,1.41298,0
0.38598,1.42726,0
2.179,-1.34866,0
2.76005,-1.32217,0
2.2355,-1.27834,0
2.50243,-1.50911,0
3.69315,0.55411,0
0.05096,1.55796,0
2.86766,-1.56162,0
2.86634,-1.32965,0
0.64937,1.46938,0
1.96998,-1.3264,0
0.40834,1.32887,0
3.16799,-1.53707,0
2.77552,-1.43087,0
0.24788,1.57388,0
3.70643,0.49741,0
2.68316,-1.33834,0
-0.09083,1.30428,0
1.86583,-1.27892,0
2.15732,-1.36419,0
0.51904,1.49654,0
3.25483,-1.27327,0
2.27978,-1.35387,0
2.59511,-1.39856,0
1.12703,1.27546,0
2.89087,-1.28355,0
-0.06017,1.30798,0
3.76871,0.65288,0
2.83226,-1.56896,0
3.17969,-1.63132,0
0.53911,1.25585,0
2.85242,-1.45464,0
3.00754,-1.52741,0
2.54632,-1.47517,0
3.16569,-1.4282,0
2.27206,-1.25652,0
0.39396,1.35583,0
2.70853,-1.27561,0
0.54687,1.46409,0
1.20102,1.31293,0
0.13975,1.44269,0
1.04703,1.35685,0
3.18704,-1.33345,0
-0.56947,-0.5395,0
0.94061,1.28706,0
2.59963,-1.49309,0
0.1793,1.41245,0
-0.61144,-0.73593,0
1.37447,1.30287,0
2.9369,-1.57822,0
-0.51806,-0.59003,0
-0.00959,1.64959,0
3.11142,-1.37305,0
1.95003,-1.27258,0
0.47996,1.32019,0
2.24515,-1.39476,0
0.19308,1.45847,0
0.16034,1.45328,0
2.44987,-1.37826,0
0.6001,1.27862,0
3.62794,0.74989,0
2.85504,-1.26443,0
0.05344,1.62497,0
0.65374,1.30222,0
0.0736,1.60337,0
0.01977,1.33582,0
0.07682,1.49728,0
2.55808,-1.42354,0
3.75094,0.45514,0
2.72918,-1.30954,0
0.51563,1.54132,0
0.90164,1.36693,0
0.31137,1.50057,0
3.66206,0.6255,0
0.74547,1.36059,0
0.08252,1.39798,0
3.62711,0.40401,0
2.01104,-1.25935,0
0.40953,1.54503,0
3.17668,-1.38524,0
3.62516,0.63027,0
2.72921,-1.34698,0
0.65004,1.29256,0
3.08069,-1.26808,0
-0.60458,-0.75411,0
0.13726,1.38579,0
-0.0779,1.51701,0
0.06099,1.62986,0
2.3792,-1.46553,0
2.71619,-1.4783,0
3.21016,-1.59552,0
2.55733,-1.25002,0
3.24976,-1.65483,0
2.894,-1.52914,0
3.31486,-1.41246,0
0.08273,1.62524,0
1.29734,1.28901,0
0.05657,1.27468,0
3.68101,0.64018,0
2.65973,-1.49215,0
0.70071,1.40804,0
0.51898,1.34897,0
3.25456,-1.45328,0
2.44545,-1.30861,0
2.95097,-1.34296,0
0.44157,1.25978,0
3.13976,-1.27985,0
3.08416,-1.34235,0
0.34361,1.56891,0
2.28775,-1.42691,0
0.54639,1.45221,0
0.12078,1.25874,0
2.60811,-1.28128,0
0.45715,1.54167,0
3.07484,-1.57049,0
0.9345,1.25739,0
3.14103,-1.55346,0
0.37621,1.49161,0
2.99153,-1.35924,0
0.61187,1.27139,0
2.69212,-1.52302,0
3.67545,0.66099,0
3.14431,-1.25259,0
0.1388,1.31528,0
0.63939,1.4036,0
0.09175,1.6052,0
2.98993,-1.38736,0
2.3177,-1.41694,0
1.23533,1.32529,0
2.33118,-1.34438,0
0.32028,1.30556,0
-0.02071,1.53863,0
3.68724,0.348,0
2.52174,-1.46061,0
3.78037,0.55344,0
2.71092,-1.50732,0
2.11447,-1.3046,0
2.40859,-1.35788,0
3.08172,-1.49118,0
3.17446,-1.43894,0
1.09102,1.37736,0
2.7067,-1.41665,0
2.33692,-1.42904,0
3.71247,0.44031,0
2.99823,-1.55597,0
0.30086,1.47222,0
0.05997,1.32182,0
0.17627,1.56035,0
2.4768,-1.47062,0
-0.56287,-0.70498,0
0.26998,1.49709,0
2.41329,-1.30485,0
0.01946,1.25635,0
2.59224,-1.51165,0
2.36527,-1.4284,0
3.03995,-1.39703,0
3.54915,0.80155,0
0.46982,1.43899,0
3.19656,-1.52913,0
2.25672,-1.28252,0
0.01714,1.40352,0
0.56795,1.49268,0
3.15567,-1.34136,0
2.85083,-1.35335,0
3.75573,0.49398,0
2.48737,-1.29507,0
-0.02794,1.60821,0
3.06831,-1.51114,0
1.84007,-1.27215,0
0.41658,1.33853,0
1.84354,-1.29284,0
3.02794,-1.6046,0
0.07955,1.36696,0
2.84118,-1.51784,0
-0.13372,1.27952,0
3.16685,-1.37832,0
0.31572,1.34636,0
1.15921,1.34972,0
3.71644,0.26822,0
3.53653,0.66358,0
3.29444,-1.49166,0
0.08508,1.36075,0
0.09305,1.3232,0
0.6401,1.27538,0
0.98342,1.30833,0
2.25576,-1.28139,0
1.04834,1.41568,0
3.01087,-1.33549,0
2.00002,-1.34398,0
3.63392,0.43042,0
3.17946,-1.31966,0
3.15076,-1.41911,0
0.21034,1.487,0
3.67458,0.762,0
0.01422,1.25671,0
2.70065,-1.5546,0
1.20748,1.27269,0
2.26787,-1.36025,0
0.46832,1.5468,0
3.55668,0.78389,0
3.17861,-1.59896,0
2.15322,-1.25289,0
0.46806,1.31053,0
0.99778,1.35192,0
3.28487,-1.32848,0
0.46156,1.55349,0
0.19319,1.59549,0
3.1937,-1.58342,0
3.57393,0.68099,0
3.16881,-1.6309,0
2.15934,-1.30841,0
-0.54446,-0.50445,0
3.12363,-1.65012,0
0.77228,1.44987,0
0.16079,1.45577,0
0.64965,1.31718,0
0.82213,1.32882,0
3.69709,0.64367,0
2.44674,-1.43103,0
0.50466,1.47723,0
2.87083,-1.37524,0
2.48145,-1.25149,0
0.03246,1.35707,0
2.29127,-1.43313,0
2.96208,-1.28341,0
3.57912,0.7807,0
0.31921,1.41755,0
2.46175,-1.26091,0
3.19914,-1.28364,0
0.88257,1.28198,0
2.63091,-1.49913,0
2.9912,-1.61142,0
3.0257,-1.49646,0
2.60551,-1.31681,0
3.73063,0.56478,0
2.59724,-1.45496,0
3.77064,0.53821,0
0.67692,1.38918,0
2.79619,-1.27523,0
2.65081,-1.4672,0
3.19383,-1.54295,0
-0.51026,-0.75926,0
3.70413,0.30763,0
3.25068,-1.55433,0
2.66322,-1.46915,0
3.24297,-1.522,0
2.9319,-1.28817,0
2.02389,-1.29731,0
2.75358,-1.57032,0
1.19879,1.25946,0
2.08165,-1.37365,0
0.91072,1.25641,0
3.54398,0.69652,0
0.89014,1.30437,0
0.1245,1.59191,0
0.03397,1.44345,0
2.95337,-1.25582,0
3.78361,0.56392,0
3.1581,-1.29822,0
3.71013,0.31749,0
3.00858,-1.58332,0
3.70801,0.51766,0
3.06596,-1.6155,0
0.49708,1.37563,0
0.77957,1.46149,0
0.42477,1.31324,0
3.0307,-1.58945,0
3.65679,0.39346,0
3.83336,0.73784,0
3.20933,-1.40499,0
3.28159,-1.26385,0
0.04758,1.51706,0
3.64324,0.41697,0
3.25254,-1.30736,0
0.39952,1.33311,0
0.76731,1.47939,0
0.10293,1.44066,0
0.21583,1.6179,0
3.09067,-1.2718,0
3.20968,-1.50684,0
0.24482,1.2809,0
2.9289,-1.39318,0
-0.5364,-0.49385,0
0.85873,1.33263,0
2.60056,-1.44222,0
-0.5011,-0.58321,0
0.99667,1.27894,0
3.18854,-1.28547,0
0.20602,1.57588,0
3.26059,-1.29289,0
2.19255,-1.26069,0
0.5676,1.25188,0
2.83999,-1.30667,0
2.39292,-1.26344,0
0.35952,1.44129,0
3.68643,0.66409,0
1.13452,1.27083,0
-0.5391,-0.72743,0
2.4599,-1.43134,0
0.86889,1.36376,0
2.33716,-1.37265,0
3.25765,-1.3967,0
0.61022,1.29012,0
0.00024,1.30209,0
0.01119,1.60749,0
3.54957,0.7725,0
0.93738,1.3334,0
2.93949,-1.55919,0
2.36771,-1.32753,0
2.71381,-1.31338,0
3.64118,0.46997,0
2.82842,-1.37368,0
0.13876,1.56534,0
0.30049,1.53544,0
0.8576,1.34814,0
0.73239,1.37819,0
0.66894,1.28136,0
-0.56082,-0.6711,0
0.27316,1.43197,0
0.5457,1.51057,0
3.53501,0.5765,0
1.27218,1.29163,0
0.21026,1.47761,0
2.76621,-1.34004,0
2.84143,-1.3805,0
-0.50031,-0.60672,0
3.51056,0.65264,0
0.60611,1.35225,0
3.57315,0.58776,0
0.5328,1.40718,0
2.90913,-1.44317,0
2.77541,-1.40157,0
0.22591,1.3363,0
3.61648,0.64669,0
2.37511,-1.39065,0
0.37471,1.33502,0
2.92317,-1.27472,0
0.86473,1.33217,0
2.23335,-1.3003,0
2.66881,-1.45969,0
3.26095,-1.60674,0
0.35385,1.34414,0
-0.04612,1.68096,0
-0.05204,1.6305,0
0.32407,1.54525,0
2.90683,-1.32857,0
3.57059,0.73805,0
3.20996,-1.64235,0
-0.00858,1.48386,0
1.16146,1.26868,0
0.81747,1.25663,0
3.64633,0.34325,0
3.6805,0.56766,0
2.19636,-1.40164,0
0.35291,1.489,0
2.21353,-1.30602,0
3.02649,-1.31645,0
0.00687,1.3371,0
2.43248,-1.39365,0
0.42426,1.49667,0
0.30073,1.30422,0
3.04819,-1.44323,0
1.31548,1.34472,0
0.20893,1.2736,0
2.96449,-1.46063,0
0.39611,1.40221,0
0.54158,1.38754,0
1.89458,-1.27836,0
1.07271,1.33176,0
0.71291,1.4151,0
-0.12335,1.28206,0
2.58416,-1.34644,0
0.45235,1.44697,0
2.9041,-1.34237,0
3.72476,0.6811,0
0.22157,1.3201,0
0.30619,1.33459,0
3.13762,-1.37406,0
0.00373,1.52511,0
-0.1154,1.37198,0
0.4098,1.46193,0
3.75007,0.5005,0
0.22852,1.42905,0
3.78119,0.57954,0
3.05588,-1.60115,0
3.72759,0.35989,0
0.14841,1.398,0
3.26062,-1.36935,0
0.87284,1.32853,0
2.78897,-1.27041,0
0.32234,1.45488,0
0.14875,1.27545,0
0.43142,1.28306,0
0.15615,1.49737,0
0.43301,1.32561,0
3.66742,0.53112,0
0.72042,1.39982,0
0.24001,1.44668,0
0.16272,1.59605,0
0.44229,1.54214,0
2.63038,-1.35041,0
2.40238,-1.28676,0
2.32197,-1.44,0
0.4336,1.55881,0
2.00251,-1.25934,0
3.25963,-1.2956,0
0.53417,1.42449,0
2.86538,-1.35126,0
2.09977,-1.29042,0
2.87732,-1.48658,0
3.52428,0.59394,0
-0.53295,-0.59028,0
0.55781,1.292,0
-0.09605,1.41815,0
-0.05196,1.50978,0
3.60917,0.74331,0
2.85939,-1.52573,0
1.81423,-1.3077,0
2.00664,-1.25948,0
0.54669,1.30056,0
0.19771,1.54268,0
1.87302,-1.3323,0
-0.53964,-0.47029,0
2.90013,-1.57667,0
0.11534,1.44421,0
0.54543,1.50292,0
0.73188,1.33169,0
0.46299,1.37894,0
3.17144,-1.59051,0
0.46313,1.26232,0
3.17695,-1.50442,0
0.33831,1.366,0
2.91506,-1.3699,0
-0.59033,-0.68055,0
2.67381,-1.33099,0
0.68434,1.28786,0
2.80263,-1.30478,0
0.46586,1.37107,0
-0.61572,-0.75044,0
1.90916,-1.33699,0
2.83373,-1.26817,0
0.53522,1.44287,0
-0.08915,1.35098,0
-0.55309,-0.57693,0
3.25877,-1.49817,0
3.19098,-1.44257,0
0.78467,1.27746,0
-0.04008,1.47481,0
0.78941,1.38364,0
3.6364,0.53518,0
3.76078,0.48115,0
3.67651,0.33159,0
3.17862,-1.5585,0
2.71932,-1.29691,0
3.04831,-1.64108,0
0.25364,1.35522,0
0.03435,1.5366,0
2.87345,-1.42142,0
2.77492,-1.41438,0
2.63251,-1.30796,0
2.25343,-1.38512,0
3.25724,-1.58062,0
3.58112,0.65786,0
3.32026,-1.37793,0
0.92449,1.31668,0
3.0726,-1.50317,0
-0.5885,-0.6818,0
3.67173,0.50655,0
3.01147,-1.617,0
0.18056,1.28599,0
2.68526,-1.36329,0
3.22599,-1.52099,0
3.11122,-1.64631,0
3.12612,-1.41604,0
0.9216,1.27701,0
-0.5781,-0.64109,0
0.53424,1.44738,0
2.58072,-1.33459,0
-0.04051,1.65084,0
-0.54553,-0.70934,0
2.64542,-1.38773,0
0.00406,1.38797,0
3.12798,-1.58226,0
3.27968,-1.51323,0
0.61223,1.50001,0
0.00936,1.50112,0
0.02783,1.50608,0
3.16881,-1.5512,0
3.2258,-1.3797,0
0.25911,1.28708,0
0.75992,1.42972,0
2.87665,-1.55286,0
0.21003,1.51191,0
3.61041,0.42879,0
0.68387,1.35282,0
2.1567,-1.3877,0
2.96088,-1.46428,0
3.07881,-1.44429,0
1.21876,1.25424,0
0.25035,1.37841,0
0.22946,1.46422,0
3.06904,-1.45708,0
3.77045,0.54283,0
2.24824,-1.38709,0
1.28665,1.31653,0
3.08297,-1.6146,0
0.26161,1.25274,0
2.31931,-1.36713,0
2.98679,-1.49676,0
3.62367,0.4727,0
2.95189,-1.5961,0
2.29597,-1.37568,0
1.12175,1.33643,0
2.90384,-1.37387,0
2.65126,-1.39761,0
1.01935,1.26134,0
2.63208,-1.53307,0
0.34575,1.54011,0
1.17081,1.30352,0
-0.01132,1.27382,0
0.7428,1.42281,0
3.13459,-1.49862,0
0.0719,1.37706,0
3.08219,-1.54477,0
3.7731,0.62206,0
2.89474,-1.50349,0
3.78464,0.63134,0
2.38065,-1.28162,0
0.82753,1.34945,0
2.42721,-1.29619,0
3.69466,0.3681,0
2.28914,-1.35632,0
1.12477,1.38792,0
-0.53917,-0.60572,0
2.81306,-1.51515,0
-0.55812,-0.46016,0
2.15796,-1.38876,0
0.9253,1.37058,0
0.28631,1.58865,0
3.67862,0.38536,0
1.8951,-1.31613,0
0.50071,1.45768,0
1.8763,-1.27149,0
0.51183,1.30359,0
3.15599,-1.33089,0
0.16744,1.61732,0
1.04549,1.35561,0
2.55812,-1.38989,0
0.33213,1.40382,0
2.4309,-1.46701,0
2.39962,-1.29389,0
3.79035,0.59074,0
-0.03934,1.40606,0
3.20877,-1.66542,0
2.35457,-1.45318,0
2.55304,-1.28356,0
0.09527,1.44513,0
0.4346,1.38322,0
0.08077,1.3198,0
2.47792,-1.30964,0
2.62023,-1.51735,0
0.15505,1.31261,0
3.55992,0.75421,0
0.13347,1.4839,0
2.43063,-1.46837,0
0.13689,1.53507,0
2.41851,-1.34542,0
1.08173,1.36798,0
3.61173,0.73002,0
3.18501,-1.62209,0
0.67755,1.27988,0
-0.50395,-0.75554,0
-0.02002,1.6323,0
-0.04085,1.57662,0
2.77286,-1.37794,0
2.90997,-1.4669,0
0.68009,1.33902,0
-0.55252,-0.55533,0
2.72222,-1.33933,0
2.15796,-1.39499,0
0.37252,1.30947,0
0.29523,1.48172,0
0.20082,1.39947,0
2.55566,-1.27954,0
3.76136,0.65202,0
0.14668,1.62137,0
3.67378,0.61738,0
0.19279,1.59483,0
3.67631,0.29943,0
2.75762,-1.50886,0
3.73963,0.40712,0
3.00155,-1.34319,0
3.14115,-1.41526,0
0.52256,1.34761,0
2.85647,-1.57208,0
0.90195,1.30493,0
1.02663,1.27479,0
2.16306,-1.35061,0
3.20403,-1.60882,0
3.78947,0.70585,0
0.44494,1.50453,0
3.02365,-1.49194,0
3.14793,-1.54851,0
1.12109,1.26356,0
0.18514,1.53984,0
2.70569,-1.45476,0
3.13776,-1.63826,0
3.08019,-1.45427,0
-0.07332,1.5187,0
-0.59576,-0.7087,0
0.84502,1.26415,0
3.50263,0.81368,0
0.02008,1.54359,0
1.05184,1.25294,0
-0.01538,1.6546,0
0.6434,1.32287,0
0.87445,1.31175,0
3.14469,-1.57855,0
3.14661,-1.56881,0
3.28437,-1.48346,0
0.81485,1.46086,0
3.2361,-1.53602,0
-0.0411,1.5402,0
3.10351,-1.47652,0
0.11928,1.62677,0
2.64907,-1.31643,0
0.03485,1.49236,0
3.65621,0.40987,0
0.00255,1.51279,0
3.66375,0.43694,0
2.41383,-1.47734,0
3.7831,0.7267,0
3.06314,-1.35655,0
0.6399,1.43134,0
3.26275,-1.52433,0
-0.08542,1.37086,0
0.68955,1.41242,0
0.51315,1.52667,0
2.98564,-1.60993,0
0.10321,1.44811,0
2.61506,-1.26058,0
0.58423,1.37201,0
2.64038,-1.42965,0
0.8143,1.25454,0
2.66365,-1.31042,0
0.80442,1.27157,0
2.14894,-1.35635,0
3.6291,0.67059,0
3.64875,0.68135,0
3.04732,-1.48491,0
3.73869,0.63856,0
2.50923,-1.50482,0
3.8242,0.70445,0
3.33097,-1.3031,0
3.26885,-1.59987,0
-0.54742,-0.70031,0
-0.54629,-0.71516,0
-0.03757,1.6014,0
2.75037,-1.38597,0
0.18857,1.33517,0
-0.1281,1.31537,0
0.5698,1.36405,0
0.28436,1.51042,0
2.98645,-1.55979,0
2.61969,-1.31867,0
1.13526,1.25063,0
0.62033,1.38416,0
2.77995,-1.35385,0
0.20321,1.38967,0
3.06661,-1.49878,0
1.2104,1.27398,0
3.17147,-1.55253,0
3.818,0.71826,0
3.11877,-1.3438,0
3.62559,0.45445,0
0.82015,1.35707,0
3.62582,0.73206,0
0.55806,1.41207,0
3.75976,0.67806,0
0.12048,1.32039,0
3.63397,0.63814,0
2.45887,-1.36606,0
1.96224,-1.3671,0
3.23061,-1.57724,0
3.54186,0.56344,0
-0.07133,1.32209,0
3.7263,0.47256,0
1.24602,1.3165,0
3.65411,0.39691,0
3.74119,0.47098,0
2.55333,-1.3904,0
3.229,-1.58504,0
3.06174,-1.40781,0
0.43217,1.5504,0
0.94958,1.30236,0
2.03559,-1.29095,0
3.77232,0.59308,0
0.30784,1.40819,0
0.03919,1.27163,0
3.75984,0.61727,0
1.94741,-1.26695,0
3.64573,0.36843,0
1.03534,1.41921,0
0.03123,1.60637,0
0.46339,1.25977,0
3.03122,-1.37346,0
0.35256,1.53444,0
2.66261,-1.46625,0
0.45869,1.46655,0
2.52756,-1.30767,0
0.65138,1.46232,0
3.69295,0.62058,0
3.27948,-1.54964,0
-0.0857,1.3709,0
2.2354,-1.34564,0
3.10539,-1.2666,0
3.26612,-1.37461,0
2.59289,-1.44414,0
1.82937,-1.29976,0
3.0301,-1.26381,0
0.19216,1.61766,0
-0.0493,1.62908,0
3.73512,0.53429,0
-0.59186,-0.56123,0
2.82964,-1.57095,0
3.66334,0.57549,0
2.28451,-1.27939,0
1.04195,1.29781,0
0.14094,1.44655,0
2.19461,-1.2864,0
3.66294,0.67024,0
0.03628,1.42044,0
2.26572,-1.40208,0
1.07379,1.25068,0
3.71176,0.2703,0
2.10309,-1.27295,0
0.49149,1.4604,0
3.5923,0.72293,0
0.13076,1.37207,0
3.24212,-1.29686,0
0.10967,1.39216,0
3.22002,-1.53394,0
2.6171,-1.31405,0
0.04325,1.60283,0
0.50959,1.32952,0
0.04531,1.2909,0
-0.13875,1.26959,0
2.11564,-1.35988,0
3.03653,-1.38524,0
3.70802,0.65236,0
0.24746,1.29406,0
3.63806,0.75039,0
0.05534,1.44841,0
-0.08667,1.27332,0
1.01037,1.3275,0
3.18593,-1.39875,0
3.18662,-1.26735,0
2.9447,-1.27407,0
0.15954,1.62471,0
1.04686,1.37104,0
2.40934,-1.44437,0
3.25338,-1.60841,0
2.16782,-1.27162,0
3.15424,-1.49431,0
0.36395,1.27092,0
0.92995,1.28567,0
2.83674,-1.36077,0
2.04072,-1.39701,0
0.62482,1.2708,0
3.15646,-1.45099,0
3.82211,0.67955,0
2.05432,-1.28102,0
0.05886,1.61738,0
3.28011,-1.41242,0
0.92767,1.4398,0
0.33391,1.46525,0
0.76951,1.37496,0
0.93629,1.40465,0
1.40577,1.31961,0
0.32665,1.55822,0
2.12734,-1.25112,0
3.66594,0.55932,0
2.82909,-1.4427,0
0.26159,1.25803,0
0.85885,1.36733,0
1.81558,-1.33814,0
0.62628,1.46017,0
0.68224,1.47519,0
2.26021,-1.35831,0
2.34652,-1.37333,0
2.19641,-1.43019,0
2.34929,-1.40458,0
0.20629,1.30846,0
1.918,-1.32914,0
2.96916,-1.25088,0
3.00389,-1.61946,0
0.59313,1.29111,0
3.24154,-1.57857,0
-0.10688,1.25919,0
2.39245,-1.42273,0
1.996,-1.38524,0
2.90514,-1.42348,0
0.23597,1.5596,0
2.37409,-1.46156,0
2.60025,-1.51452,0
0.39746,1.5248,0
2.50255,-1.41171,0
3.12784,-1.47766,0
-0.10267,1.35737,0
2.66395,-1.26004,0
2.77894,-1.29547,0
-0.50664,-0.6204,0
2.60038,-1.35403,0
0.66557,1.48497,0
1.23765,1.36964,0
0.51167,1.32846,0
2.36609,-1.3766,0
0.52396,1.41802,0
2.41272,-1.36821,0
3.15742,-1.52129,0
0.71459,1.481,0
3.07455,-1.58885,0
0.01405,1.33904,0
0.29019,1.27873,0
0.5606,1.49463,0
0.40016,1.57045,0
2.4926,-1.32286,0
1.77613,-1.31085,0
2.47865,-1.42195,0
0.04235,1.4539,0
2.9998,-1.34157,0
1.98044,-1.37259,0
0.50706,1.41562,0
3.68445,0.76422,0
3.71193,0.47469,0
3.56334,0.59015,0
3.74733,0.51825,0
3.75472,0.56109,0
3.76189,0.60771,0
3.59517,0.60848,0
2.92122,-1.26199,0
3.65336,0.71667,0
-0.07983,1.37734,0
0.94301,1.28599,0
-0.5359,-0.69649,0
2.97081,-1.37493,0
2.82638,-1.28827,0
-0.5542,-0.46263,0
2.26373,-1.25932,0
3.20589,-1.55165,0
3.68531,0.54135,0
3.18907,-1.48495,0
3.20498,-1.6757,0
3.72381,0.42204,0
2.24922,-1.37986,0
2.51306,-1.37263,0
2.81666,-1.43674,0
2.93416,-1.57296,0
2.26886,-1.3137,0
2.83203,-1.29364,0
3.75839,0.51895,0
0.21339,1.42615,0
1.01538,1.41143,0
1.18446,1.25499,0
2.12289,-1.28618,0
2.36976,-1.41962,0
0.09923,1.48479,0
3.14623,-1.62399,0
-0.5314,-0.70094,0
0.25378,1.57254,0
0.08243,1.52286,0
0.99186,1.33344,0
0.59304,1.39011,0
0.88662,1.28868,0
3.19302,-1.31573,0
0.41206,1.50627,0
3.03701,-1.41291,0
3.00331,-1.60724,0
3.50597,0.69184,0
0.92526,1.38528,0
2.68677,-1.2945,0
1.01819,1.36443,0
2.70316,-1.34373,0
3.27104,-1.44294,0
2.51722,-1.42004,0
2.79397,-1.34696,0
0.65751,1.45109,0
2.87192,-1.52711,0
2.62885,-1.36656,0
1.25454,1.3505,0
0.93809,1.36096,0
2.93987,-1.36665,0
2.46362,-1.36101,0
1.89064,-1.26778,0
0.94677,1.43591,0
3.11692,-1.50934,0
2.82933,-1.34588,0
0.24497,1.49613,0
1.01661,1.3534,0
2.74381,-1.35919,0
3.68807,0.5112,0
2.9892,-1.41998,0
2.16178,-1.32463,0
0.34293,1.40313,0
2.69703,-1.37655,0
-0.13248,1.3027,0
3.03024,-1.47285,0
-0.54271,-0.59832,0
3.26458,-1.42484,0
2.85558,-1.50978,0
2.11915,-1.41642,0
3.7179,0.35723,0
2.89789,-1.49325,0
-0.56158,-0.72372,0
2.57173,-1.34052,0
2.64246,-1.35739,0
0.02774,1.33326,0
2.74297,-1.5603,0
-0.07684,1.48288,0
0.62294,1.28984,0
3.65588,0.65797,0
2.95721,-1.35872,0
2.58017,-1.49655,0
0.14947,1.60359,0
3.54191,0.70982,0
1.99898,-1.31392,0
0.03903,1.34735,0
2.8916,-1.49738,0
2.99514,-1.35194,0
0.75374,1.31397,0
0.47102,1.36557,0
3.61122,0.53216,0
2.8349,-1.36908,0
2.91692,-1.34897,0
3.172,-1.41922,0
0.85902,1.37066,0
2.54934,-1.38064,0
3.69856,0.24044,0
2.07376,-1.32649,0
3.75894,0.64637,0
2.97619,-1.46647,0
0.61642,1.46084,0
3.1311,-1.45744,0
3.10335,-1.39136,0
0.62321,1.44561,0
2.68745,-1.54039,0
0.35543,1.56029,0
-0.56861,-0.74442,0
2.12774,-1.36775,0
3.04099,-1.39919,0
0.71829,1.42331,0
2.78208,-1.32778,0
2.8174,-1.52054,0
2.8684,-1.43189,0
0.09866,1.50643,0
0.18914,1.58115,0
3.14107,-1.53542,0
0.50205,1.40204,0
-0.04623,1.67677,0
3.06243,-1.41564,0
-0.07284,1.32584,0
0.20951,1.37916,0
0.65536,1.39566,0
0.874,1.35183,0
2.81329,-1.30369,0
3.15932,-1.48777,0
-0.50417,-0.63967,0
2.59151,-1.29899,0
0.50021,1.31732,0
0.27841,1.42667,0
-0.06896,1.28649,0
0.42393,1.32744,0
0.72062,1.41058,0
2.20297,-1.33095,0
3.12215,-1.29856,0
0.02213,1.58051,0
2.94587,-1.61448,0
3.22325,-1.63345,0
1.03657,1.4079,0
3.04499,-1.3738,0
0.66665,1.48303,0
3.74152,0.64287,0
0.39265,1.28755,0
3.64479,0.70774,0
0.30304,1.43531,0
3.29441,-1.47389,0
2.31888,-1.31437,0
3.07108,-1.29107,0
1.0095,1.35063,0
0.19737,1.29196,0
0.97135,1.29151,0
3.10859,-1.48178,0
2.45596,-1.33415,0
3.23016,-1.56966,0
3.67258,0.70905,0
-0.10997,1.37292,0
1.20651,1.34689,0
0.11528,1.42618,0
2.93996,-1.25653,0
2.38168,-1.36229,0
0.48299,1.4861,0
0.27618,1.31285,0
2.21672,-1.25338,0
0.917,1.37835,0
0.16083,1.49685,0
3.51633,0.72047,0
0.71978,1.32072,0
0.91064,1.42797,0
0.27395,1.53953,0
0.68998,1.41595,0
3.64248,0.34663,0
0.15246,1.42184,0
3.63478,0.74563,0
3.00844,-1.52677,0
1.9168,-1.26446,0
0.36825,1.51689,0
3.74955,0.75503,0
2.96773,-1.4614,0
2.90477,-1.51987,0
3.2038,-1.37118,0
0.91898,1.35675,0
0.42268,1.33108,0
3.56708,0.55134,0
2.87409,-1.42935,0
0.00538,1.5462,0
3.1273,-1.63612,0
-0.57345,-0.52702,0
2.79511,-1.34497,0
2.592,-1.43221,0
0.06704,1.38266,0
3.60636,0.48817,0
-0.52207,-0.7598,0
0.6673,1.37396,0
2.98374,-1.27771,0
0.45445,1.26661,0
3.3042,-1.35369,0
0.87827,1.42938,0
0.17934,1.53334,0
0.20668,1.5177,0
0.35311,1.46673,0
2.2515,-1.44834,0
0.48762,1.40069,0
0.14044,1.46857,0
2.84781,-1.43116,0
3.58062,0.5775,0
-0.52979,-0.55901,0
3.70157,0.41564,0
2.51821,-1.27587,0
-0.50024,-0.68746,0
3.25707,-1.29563,0
3.21179,-1.42542,0
0.21523,1.46388,0
3.0199,-1.5268,0
2.77457,-1.57308,0
0.6639,1.47488,0
2.55911,-1.27847,0
3.71951,0.49535,0
3.74427,0.66544,0
0.17733,1.55636,0
2.68206,-1.45541,0
3.03143,-1.53204,0
2.98063,-1.62304,0
1.03502,1.40402,0
0.77553,1.45657,0
0.50875,1.27804,0
0.54619,1.53021,0
0.65265,1.40903,0
0.0211,1.32147,0
1.07329,1.32204,0
3.24121,-1.47308,0
3.80033,0.60105,0
0.29455,1.50528,0
0.52874,1.3901,0
3.5283,0.66335,0
0.00112,1.65825,0
2.90139,-1.43778,0
0.15613,1.40382,0
3.58246,0.46926,0
0.46097,1.42355,0
-0.00118,1.33994,0
0.07414,1.32786,0
-0.05265,1.37266,0
-0.57557,-0.59547,0
3.17523,-1.64192,0
0.53596,1.43468,0
2.86406,-1.2694,0
-0.57636,-0.57793,0
2.34991,-1.45886,0
0.0857,1.27756,0
3.14438,-1.59011,0
2.74569,-1.52412,0
0.17752,1.56971,0
0.3382,1.34235,0
0.02481,1.36316,0
0.24184,1.44408,0
3.70311,0.58501,0
3.0191,-1.57967,0
3.6154,0.41273,0
3.17511,-1.26182,0
2.31153,-1.32119,0
0.63793,1.45832,0
0.40829,1.3827,0
2.98779,-1.35294,0
2.56972,-1.52387,0
0.58206,1.37267,0
-0.01142,1.5678,0
0.21441,1.35522,0
3.1695,-1.5006,0
0.84673,1.40733,0
3.09163,-1.57377,0
2.63895,-1.46384,0
2.75182,-1.34135,0
3.62411,0.44759,0
2.78894,-1.26174,0
2.8277,-1.51937,0
2.65714,-1.4719,0
2.82904,-1.25863,0
2.56143,-1.28877,0
-0.03344,1.5261,0
3.05683,-1.31879,0
-0.04706,1.60662,0
3.59882,0.59842,0
3.17661,-1.4395,0
0.06355,1.41229,0
1.1236,1.35911,0
0.42989,1.38843,0
2.94347,-1.26765,0
2.27599,-1.30057,0
1.2686,1.34285,0
2.47343,-1.34836,0
3.53636,0.73271,0
0.32506,1.46574,0
2.50973,-1.4718,0
-0.0272,1.56395,0
3.23646,-1.5792,0
2.34724,-1.36515,0
2.90137,-1.603,0
2.2245,-1.25039,0
0.8713,1.36493,0
1.87186,-1.27653,0
2.82537,-1.27647,0
0.74739,1.35524,0
2.33604,-1.39241,0
0.33188,1.29305,0
3.205,-1.63686,0
3.67678,0.4765,0
2.84149,-1.42095,0
-0.52,-0.35124,0
2.61495,-1.49087,0
3.18118,-1.37706,0
0.75396,1.27355,0
0.32559,1.41125,0
0.38611,1.50004,0
0.38304,1.27917,0
3.61867,0.66928,0
2.90934,-1.586,0
2.02766,-1.2627,0
0.09351,1.58485,0
0.18379,1.36867,0
3.68635,0.44331,0
2.61472,-1.43437,0
3.30436,-1.27289,0
2.44982,-1.47541,0
1.18495,1.36827,0
2.50653,-1.45701,0
3.06214,-1.50899,0
3.06571,-1.40998,0
2.68137,-1.30943,0
0.73173,1.45233,0
3.10851,-1.55991,0
2.51739,-1.41241,0
0.0059,1.37244,0
2.48239,-1.27681,0
1.09998,1.31,0
1.27344,1.32877,0
2.98599,-1.28232,0
0.25818,1.38501,0
0.39737,1.33358,0
-0.59006,-0.65538,0
3.1501,-1.60967,0
0.26493,1.53438,0
2.45856,-1.3331,0
2.22414,-1.3237,0
0.21934,1.50732,0
3.01099,-1.525,0
0.33133,1.36555,0
0.39867,1.52633,0
0.11363,1.56922,0
0.92783,1.40303,0
0.70002,1.40645,0
2.53195,-1.39237,0
2.05258,-1.35066,0
-0.08336,1.34025,0
3.70301,0.56176,0
3.05763,-1.45743,0
1.97809,-1.33412,0
3.61587,0.4112,0
0.81364,1.33221,0
0.55392,1.50139,0
3.21023,-1.26555,0
3.21928,-1.49456,0
0.06011,1.26177,0
1.07822,1.34129,0
3.54593,0.62938,0
3.5754,0.76971,0
3.73848,0.52524,0
2.9229,-1.59546,0
-0.05366,1.33651,0
0.82019,1.36687,0
2.26134,-1.43587,0
1.06961,1.27652,0
0.17195,1.47298,0
0.55674,1.38436,0
3.64039,0.63289,0
0.47267,1.34256,0
0.44638,1.44865,0
0.6447,1.33106,0
0.19499,1.33986,0
0.60095,1.3443,0
3.0115,-1.49042,0
1.76346,-1.3286,0
2.35804,-1.27109,0
2.76403,-1.48884,0
3.67903,0.71855,0
3.14543,-1.31069,0
2.92395,-1.36523,0
0.64563,1.2552,0
2.50458,-1.35906,0
2.76239,-1.52044,0
2.71743,-1.31166,0
3.0633,-1.38204,0
3.1722,-1.51468,0
3.75403,0.74736,0
1.09635,1.27307,0
2.24486,-1.25116,0
1.87343,-1.2952,0
0.11301,1.37491,0
0.73277,1.33678,0
2.87512,-1.36486,0
1.21786,1.25636,0
3.21927,-1.54738,0
3.09331,-1.53962,0
0.61355,1.50971,0
-0.04425,1.37348,0
0.04447,1.48951,0
1.00063,1.25416,0
2.54306,-1.32765,0
0.96199,1.38032,0
2.82923,-1.30899,0
-0.54551,-0.50503,0
0.13473,1.45706,0
1.16917,1.38565,0
2.61881,-1.42528,0
0.19493,1.54712,0
3.22528,-1.44872,0
0.7473,1.38782,0
0.52949,1.28454,0
2.92656,-1.51397,0
0.20528,1.55747,0
3.24448,-1.4152,0
0.5291,1.44655,0
2.13333,-1.36158,0
3.71642,0.24028,0
3.20554,-1.65507,0
2.7399,-1.47628,0
0.52151,1.44701,0
3.5445,0.70109,0
3.61083,0.56618,0
-0.03364,1.48171,0
0.12918,1.2941,0
2.84945,-1.27105,0
2.85869,-1.50218,0
0.72756,1.46298,0
0.30475,1.39391,0
3.17777,-1.50587,0
0.30639,1.54567,0
2.67633,-1.26332,0
0.26497,1.26157,0
0.47763,1.44705,0
1.85046,-1.27009,0
2.45792,-1.37859,0
2.61883,-1.33196,0
3.63858,0.60302,0
0.26401,1.53753,0
0.04546,1.44875,0
-0.50172,-0.53173,0
-0.03864,1.47723,0
2.52777,-1.2588,0
2.51227,-1.4685,0
3.2527,-1.43354,0
1.04915,1.28486,0
0.84284,1.29586,0
2.87516,-1.52338,0
0.48144,1.36627,0
3.13775,-1.30649,0
2.75235,-1.32302,0
-0.60297,-0.62645,0
0.46631,1.52596,0
3.65319,0.62976,0
3.23371,-1.43936,0
-0.03024,1.53793,0
2.16681,-1.29007,0
-0.51266,-0.37719,0
0.36697,1.3816,0
1.12598,1.31314,0
2.73793,-1.53878,0
2.74092,-1.3554,0
3.60363,0.78984,0
2.56101,-1.27314,0
0.65452,1.44045,0
-0.03595,1.4355,0
0.27783,1.53801,0
1.33922,1.33685,0
0.22823,1.27909,0
3.10267,-1.48656,0
0.6872,1.30303,0
3.00318,-1.36878,0
3.31827,-1.37968,0
3.82732,0.7301,0
0.50309,1.45194,0
0.00525,1.40628,0
3.0621,-1.64314,0
0.27639,1.28632,0
0.33009,1.30183,0
1.11961,1.34213,0
1.2893,1.28364,0
3.23741,-1.66529,0
0.02438,1.62397,0
2.92954,-1.54789,0
1.13067,1.27889,0
-0.56389,-0.65423,0
0.22809,1.42651,0
-0.01703,1.39416,0
2.90614,-1.42347,0
2.70211,-1.35668,0
3.20731,-1.54619,0
0.58178,1.40147,0
-0.00599,1.35007,0
0.96419,1.29032,0
2.64841,-1.27816,0
-0.59072,-0.65358,0
3.27634,-1.41925,0
2.61309,-1.38079,0
0.30361,1.5375,0
-0.09688,1.46682,0
3.23596,-1.66847,0
1.05581,1.27883,0
3.19781,-1.43215,0
-0.59337,-0.64962,0
2.66388,-1.36945,0
0.80908,1.31535,0
2.6325,-1.36592,0
3.1261,-1.28809,0
2.35834,-1.44229,0
2.15026,-1.31775,0
2.69025,-1.31955,0
3.02589,-1.52724,0
0.30063,1.45531,0
-0.57563,-0.64784,0
3.24718,-1.38125,0
2.51637,-1.4681,0
-0.53143,-0.58906,0
0.41793,1.27063,0
2.41512,-1.4355,0
2.07063,-1.38296,0
3.68366,0.75259,0
2.10595,-1.32318,0
0.48357,1.4596,0
0.34537,1.3048,0
-0.06478,1.33375,0
3.73269,0.21943,0
0.29328,1.72744,0
0.97873,1.61395,0
2.12969,-1.62205,0
1.06859,1.41562,0
3.76128,0.27252,0
0.50097,1.67834,0
1.47835,1.38851,0
-0.67276,-0.31182,0
1.09957,1.41565,0
2.91236,-1.80267,0
2.44481,-1.65482,0
2.35822,-1.74796,0
1.25914,1.46697,0
2.10896,-1.59109,0
2.60744,-1.85152,0
0.98853,1.60164,0
0.65037,1.66276,0
2.7415,-1.59477,0
2.63459,-1.64255,0
3.77528,0.27433,0
2.16386,-1.63033,0
1.07581,1.4237,0
-0.56284,-0.32638,0
0.4986,1.61803,0
2.73629,-1.82426,0
2.09142,-1.58051,0
0.41834,1.58516,0
2.48694,-1.72157,0
2.33039,-1.60591,0
3.71789,0.23096,0
2.8479,-1.60541,0
0.42429,1.75207,0
2.5453,-1.60891,0
0.3333,1.80062,0
-0.68,-0.31414,0
0.43411,1.5962,0
-0.56091,-0.31223,0
1.51662,1.36891,0
-0.63364,-0.19861,0
2.88192,-1.93921,0
1.91718,-1.48841,0
0.38353,1.67894,0
3.7778,0.21998,0
0.54415,1.81871,0
2.52784,-1.84174,0
2.32681,-1.51348,0
2.71297,-1.65544,0
1.02855,1.60624,0
0.81113,1.62617,0
0.29184,1.62253,0
2.92195,-1.6462,0
0.78372,1.52354,0
2.02661,-1.40776,0
2.36693,-1.53087,0
2.44499,-1.59625,0
0.73887,1.56338,0
3.79813,0.05187,0
2.73607,-1.68351,0
1.8801,-1.38028,0
2.04637,-1.41631,0
2.74064,-1.90443,0
2.0927,-1.43396,0
-0.58909,-0.21586,0
2.5768,-1.81886,0
0.46512,1.64244,0
2.22377,-1.53557,0
2.43871,-1.59231,0
3.89589,0.26183,0
0.48577,1.76989,0
0.88544,1.57872,0
2.0699,-1.55424,0
2.82834,-1.74556,0
2.823,-1.6202,0
0.85208,1.67757,0
2.8579,-1.93904,0
2.78803,-1.77811,0
2.86186,-1.68268,0
2.97079,-1.71237,0
0.79399,1.53086,0
2.76421,-1.87958,0
3.90326,0.15863,0
0.76582,1.51526,0
2.41886,-1.55627,0
0.32956,1.83223,0
2.82107,-1.76393,0
2.64749,-1.60077,0
0.63524,1.73309,0
1.07831,1.57902,0
2.19013,-1.53899,0
-0.6214,-0.09452,0
2.64431,-1.84656,0
2.67174,-1.72794,0
0.48647,1.62431,0
2.4252,-1.77559,0
0.36555,1.78754,0
2.93958,-1.79939,0
0.45425,1.56398,0
1.93743,-1.54026,0
2.71853,-1.82844,0
0.90506,1.65692,0
2.60845,-1.65979,0
-0.70754,-0.31199,0
0.78544,1.61061,0
2.51819,-1.68529,0
1.34522,1.44953,0
-0.68509,-0.3395,0
1.22586,1.41988,0
1.98224,-1.52608,0
1.0367,1.55485,0
2.3877,-1.7078,0
2.22117,-1.65114,0
2.93624,-1.65111,0
2.65255,-1.63824,0
3.78161,0.28236,0
2.73244,-1.75085,0
2.82204,-1.97644,0
2.53014,-1.54603,0
1.17071,1.48239,0
1.13689,1.44374,0
1.04782,1.44634,0
3.86383,0.20555,0
0.79511,1.56842,0
1.43505,1.34084,0
-0.61798,-0.12597,0
3.01169,-1.69068,0
0.29314,1.79512,0
0.65479,1.68265,0
2.34572,-1.57404,0
2.13523,-1.45779,0
-0.61587,-0.17994,0
1.37039,1.40401,0
2.58725,-1.80629,0
2.61211,-1.87157,0
0.97888,1.61112,0
1.72655,-1.32709,0
0.43343,1.59404,0
-0.61233,-0.22526,0
0.88119,1.65799,0
2.93295,-1.77824,0
2.26894,-1.50223,0
3.80594,0.11717,0
3.73659,0.23934,0
0.5492,1.58672,0
1.91993,-1.54458,0
0.66145,1.65744,0
2.32738,-1.52928,0
2.47306,-1.70706,0
1.47465,1.39851,0
0.93886,1.46191,0
0.30359,1.74044,0
1.26181,1.50901,0
0.22484,1.68065,0
1.89147,-1.50021,0
1.71261,-1.41124,0
0.44639,1.62262,0
2.9474,-1.77268,0
2.55482,-1.58628,0
-0.65026,-0.31976,0
0.4788,1.74151,0
1.89532,-1.4306,0
2.93786,-1.86324,0
2.9064,-1.90477,0
1.49471,1.36318,0
0.69055,1.5279,0
2.34438,-1.53185,0
0.79949,1.55471,0
2.91347,-1.88256,0
1.34009,1.42682,0
2.59677,-1.57634,0
2.11574,-1.64602,0
2.97601,-1.70223,0
1.09573,1.57944,0
0.2478,1.7442,0
2.59434,-1.75226,0
2.34646,-1.48141,0
2.70513,-1.6255,0
2.79922,-1.73405,0
-0.56773,-0.31117,0
0.6588,1.61196,0
3.82513,0.12586,0
2.3904,-1.50619,0
0.92446,1.46099,0
2.53132,-1.81913,0
1.00417,1.59727,0
1.95947,-1.56518,0
2.89489,-1.89226,0
-0.62233,-0.11036,0
0.96831,1.46118,0
2.09999,-1.46826,0
1.8265,-1.51229,0
2.05473,-1.60119,0
1.81066,-1.50481,0
2.6135,-1.5897,0
0.24814,1.65494,0
2.74817,-1.78928,0
0.81844,1.54246,0
3.8078,0.1746,0
0.83864,1.66786,0
0.76505,1.65259,0
2.49982,-1.67038,0
2.9097,-1.79274,0
1.68436,-1.34515,0
1.98712,-1.52559,0
2.56077,-1.53385,0
2.95166,-1.77703,0
0.75077,1.73383,0
2.87825,-1.85025,0
1.9241,-1.4887,0
2.19525,-1.51508,0
2.55042,-1.66176,0
1.33431,1.37978,0
0.46321,1.82578,0
2.9763,-1.67744,0
2.41982,-1.67811,0
2.28513,-1.7161,0
-0.70383,-0.3305,0
1.91903,-1.42791,0
0.97425,1.5725,0
2.52632,-1.73016,0
3.8523,0.07036,0
0.52978,1.56846,0
2.62244,-1.61949,0
2.57438,-1.53807,0
2.33249,-1.6757,0
3.93475,0.24892,0
1.12801,1.54024,0
2.84007,-1.76104,0
-0.58466,-0.18588,0
-0.63358,-0.11574,0
1.12541,1.51993,0
1.27665,1.37264,0
0.38594,1.73673,0
0.85999,1.51792,0
2.1922,-1.67593,0
1.85502,-1.3947,0
2.51555,-1.52164,0
3.82592,0.09797,0
-0.70073,-0.32809,0
0.25211,1.72421,0
2.43562,-1.57746,0
0.88331,1.49417,0
2.83848,-1.84609,0
0.66618,1.67274,0
2.07837,-1.61832,0
2.58056,-1.75572,0
2.49947,-1.70189,0
1.90415,-1.44051,0
2.88533,-1.61112,0
2.61393,-1.62471,0
0.87225,1.49115,0
1.87364,-1.3904,0
0.53621,1.68105,0
1.81526,-1.36701,0
1.22268,1.44093,0
0.81853,1.50093,0
1.80004,-1.50116,0
0.63435,1.68922,0
2.46999,-1.74466,0
0.90624,1.45458,0
2.82363,-1.66286,0
2.62349,-1.8407,0
0.36928,1.8148,0
1.7462,-1.38139,0
3.80802,0.07645,0
0.39969,1.84103,0
0.9393,1.50592,0
1.88334,-1.45313,0
2.01996,-1.51645,0
2.39338,-1.75185,0
0.50303,1.63475,0
0.30495,1.77795,0
2.17989,-1.64676,0
1.71634,-1.44996,0
2.91023,-1.68285,0
2.1677,-1.61333,0
1.2442,1.43457,0
1.64019,-1.41706,0
1.84519,-1.36249,0
2.94208,-1.62675,0
0.41712,1.79116,0
0.81262,1.62392,0
3.74455,0.21529,0
2.81559,-1.96834,0
1.1275,1.45126,0
0.85078,1.51349,0
-0.60117,-0.26706,0
0.59105,1.80426,0
2.31418,-1.46904,0
0.27183,1.6472,0
1.1904,1.49022,0
2.65258,-1.72273,0
2.06043,-1.49503,0
2.23183,-1.60574,0
0.89783,1.58731,0
2.49194,-1.64929,0
2.00835,-1.48065,0
2.28106,-1.71525,0
2.26059,-1.46994,0
0.5704,1.80176,0
0.36725,1.8542,0
2.57657,-1.54586,0
0.63649,1.69828,0
2.80493,-1.81709,0
2.43335,-1.76803,0
2.28586,-1.64594,0
2.38081,-1.56606,0
2.57024,-1.62523,0
0.64876,1.53726,0
2.989,-1.75805,0
2.73514,-1.60141,0
-0.67136,-0.34189,0
0.59244,1.7848,0
2.8591,-1.7527,0
3.72265,0.24401,0
0.77855,1.6813,0
0.29479,1.7103,0
2.43679,-1.61121,0
2.49902,-1.81439,0
1.86418,-1.51445,0
3.77122,0.22919,0
0.24045,1.67623,0
2.0376,-1.50346,0
0.22833,1.69684,0
-0.57002,-0.30624,0
-0.58557,-0.1849,0
0.76579,1.64815,0
0.51005,1.5524,0
0.46298,1.79516,0
0.68074,1.64044,0
2.4961,-1.66718,0
1.24662,1.42662,0
0.78804,1.51046,0
2.74307,-1.93163,0
2.86488,-1.96767,0
-0.6363,-0.35896,0
-0.59004,-0.24288,0
2.63188,-1.84672,0
0.72053,1.6684,0
1.76748,-1.37061,0
2.96131,-1.82348,0
2.76196,-1.92094,0
2.89568,-1.84684,0
2.0707,-1.46945,0
1.11432,1.49356,0
1.7773,-1.40728,0
1.17166,1.45491,0
1.16055,1.53413,0
-0.6598,-0.25926,0
2.72212,-1.83175,0
0.43422,1.80066,0
1.94293,-1.47224,0
2.7247,-1.73823,0
0.28001,1.76577,0
-0.56524,-0.23454,0
2.97235,-1.8147,0
2.73015,-1.58923,0
2.3013,-1.49297,0
2.89428,-1.97736,0
0.4838,1.76592,0
2.11921,-1.46783,0
2.95296,-1.84397,0
2.63154,-1.7721,0
2.90186,-1.81146,0
0.73558,1.57328,0
2.44157,-1.55714,0
3.91998,0.25231,0
2.37633,-1.56606,0
2.70454,-1.59247,0
2.9411,-1.75721,0
2.85137,-1.9007,0
-0.5392,-0.24743,0
0.65962,1.51274,0
1.27907,1.36581,0
0.54595,1.80844,0
2.44066,-1.69005,0
-0.66363,-0.20428,0
1.45777,1.35042,0
3.8667,0.16234,0
0.60544,1.65594,0
2.21405,-1.58193,0
1.59085,-1.39311,0
-0.67058,-0.26306,0
0.52961,1.698,0
2.84997,-1.96391,0
0.82563,1.58189,0
3.815,0.31165,0
-0.69794,-0.27439,0
2.4122,-1.58963,0
3.74278,0.30305,0
2.47835,-1.52974,0
0.50661,1.7232,0
2.07271,-1.52538,0
2.84905,-1.89183,0
1.44369,1.34206,0
2.58032,-1.64896,0
2.31952,-1.6546,0
2.47454,-1.77594,0
0.82082,1.61022,0
2.75991,-1.73853,0
2.49218,-1.75334,0
2.26554,-1.46214,0
0.77665,1.64128,0
0.52717,1.61227,0
3.74383,0.2058,0
2.945,-1.79466,0
-0.62138,-0.25226,0
2.9926,-1.67374,0
1.00413,1.5449,0
0.80174,1.53465,0
2.37624,-1.58419,0
2.76975,-1.9476,0
0.81458,1.66631,0
0.59109,1.61738,0
0.66378,1.56222,0
2.39238,-1.61651,0
0.82692,1.59688,0
2.12421,-1.57012,0
2.29468,-1.69398,0
2.68261,-1.6031,0
0.35809,1.73598,0
2.36207,-1.70754,0
1.94086,-1.48766,0
0.46687,1.87467,0
2.84805,-1.74683,0
0.88038,1.58313,0
2.87709,-1.89049,0
-0.60474,-0.30102,0
1.90801,-1.40953,0
2.47818,-1.5761,0
0.89697,1.66222,0
2.07901,-1.54278,0
2.41237,-1.78615,0
2.33099,-1.73349,0
2.34898,-1.53954,0
2.54165,-1.75158,0
1.99577,-1.41361,0
2.85414,-1.75445,0
1.69895,-1.34742,0
2.06236,-1.45715,0
1.8318,-1.35,0
2.71633,-1.83911,0
1.32719,1.44728,0
2.14247,-1.42934,0
2.14733,-1.51322,0
1.03521,1.58622,0
0.68103,1.64121,0
0.57766,1.80246,0
-0.69529,-0.26247,0
2.47078,-1.65847,0
0.62624,1.76197,0
2.91641,-1.66929,0
2.31224,-1.53373,0
2.23712,-1.45149,0
2.90969,-1.82369,0
0.32829,1.60681,0
0.42727,1.85575,0
1.97692,-1.54371,0
2.35293,-1.52458,0
2.74087,-1.69124,0
2.43831,-1.62213,0
1.13516,1.56119,0
2.21096,-1.50101,0
2.26648,-1.5791,0
2.62169,-1.7223,0
2.95568,-1.66489,0
2.36897,-1.5802,0
1.76646,-1.35151,0
0.76126,1.55338,0
2.84025,-1.83304,0
2.04293,-1.42667,0
0.61084,1.56218,0
1.38739,1.39606,0
0.88056,1.56937,0
2.26754,-1.5322,0
0.89015,1.5293,0
2.1755,-1.65682,0
-0.60851,-0.12764,0
3.7559,0.14033,0
1.2599,1.37586,0
2.54887,-1.77582,0
0.49426,1.58974,0
2.11,-1.50499,0
0.97857,1.61042,0
1.02483,1.50238,0
2.52048,-1.64209,0
0.26951,1.66358,0
2.92317,-1.87018,0
1.26604,1.45186,0
1.28257,1.48869,0
2.95106,-1.6885,0
2.01963,-1.40149,0
0.8553,1.51379,0
3.89455,0.20353,0
2.52966,-1.77382,0
2.52271,-1.54043,0
0.96438,1.48652,0
1.98315,-1.53776,0
2.32102,-1.6147,0
2.47332,-1.75858,0
2.28153,-1.626,0
0.56779,1.60117,0
2.17475,-1.44927,0
2.43829,-1.76702,0
2.66711,-1.66017,0
2.59046,-1.77094,0
0.78844,1.67617,0
0.67012,1.67757,0
0.50006,1.79815,0
1.70172,-1.41365,0
2.90772,-1.67474,0
1.10768,1.54976,0
2.87274,-1.7168,0
0.98401,1.47414,0
1.10192,1.42564,0
-0.62224,-0.32071,0
0.61966,1.64205,0
1.96278,-1.39759,0
-0.56894,-0.30366,0
0.89847,1.50492,0
1.94124,-1.37928,0
3.78435,0.27102,0
2.25893,-1.6003,0
0.77591,1.59442,0
1.01827,1.60916,0
0.91499,1.45136,0
1.32798,1.45782,0
0.38848,1.88303,0
2.8106,-1.78309,0
1.62381,-1.37009,0
2.63624,-1.5665,0
0.93297,1.58218,0
2.37953,-1.73609,0
2.2335,-1.65463,0
0.77594,1.52755,0
2.90049,-1.81007,0
3.87438,0.18491,0
0.68797,1.74168,0
2.36478,-1.69641,0
0.70211,1.53393,0
3.73577,0.25668,0
1.31446,1.45726,0
2.05032,-1.42635,0
2.93097,-1.6342,0
2.34306,-1.7298,0
2.21596,-1.65916,0
2.56415,-1.60277,0
0.29404,1.64848,0
0.76538,1.73542,0
2.20434,-1.55349,0
2.66949,-1.83229,0
1.95635,-1.51717,0
2.08717,-1.54013,0
1.46909,1.35722,0
2.42398,-1.68716,0
2.61712,-1.85676,0
2.58738,-1.80424,0
3.82738,-0.00192,0
0.37208,1.72043,0
1.17802,1.44608,0
2.84493,-1.69263,0
2.23381,-1.63189,0
1.33448,1.4405,0
2.81968,-1.93857,0
1.87107,-1.53316,0
0.30687,1.88274,0
0.19646,1.63774,0
0.42849,1.69408,0
2.87944,-1.73085,0
1.96201,-1.38374,0
1.13381,1.50794,0
2.0944,-1.49291,0
-0.63106,-0.12787,0
3.79771,0.15656,0
1.99754,-1.50947,0
-0.72512,-0.3146,0
1.07316,1.56369,0
1.99706,-1.45535,0
0.93677,1.60833,0
0.6353,1.73739,0
1.13977,1.39696,0
0.31502,1.6991,0
1.12942,1.49677,0
0.37077,1.71003,0
0.36948,1.86062,0
0.57965,1.59341,0
1.2944,1.49004,0
2.47984,-1.52714,0
2.90412,-1.88092,0
2.64414,-1.86164,0
1.86698,-1.4713,0
0.48433,1.5927,0
0.4767,1.84618,0
0.57878,1.55818,0
3.83189,0.01954,0
-0.66566,-0.34749,0
1.03586,1.52163,0
2.10491,-1.61314,0
1.16983,1.52946,0
1.94598,-1.4982,0
2.72859,-1.70331,0
3.81656,0.23944,0
2.5473,-1.54716,0
0.90646,1.52215,0
-0.56784,-0.36405,0
2.5981,-1.55631,0
3.86099,0.14555,0
1.20389,1.52366,0
2.78154,-1.85974,0
2.24134,-1.44944,0
0.84975,1.4888,0
0.40584,1.89885,0
2.47579,-1.66294,0
0.80795,1.66891,0
1.93114,-1.50097,0
2.98487,-1.77658,0
0.58999,1.60055,0
1.36674,1.4426,0
2.77208,-1.81032,0
2.21296,-1.45379,0
0.24448,1.68495,0
1.08253,1.4445,0
1.84059,-1.44875,0
0.58909,1.73371,0
0.63243,1.55394,0
0.91409,1.46569,0
2.43249,-1.75294,0
2.52697,-1.59669,0
-0.60366,-0.22263,0
0.43782,1.67295,0
2.77232,-1.78401,0
1.9126,-1.51216,0
0.91168,1.51003,0
2.65617,-1.89118,0
2.10486,-1.43848,0
2.7132,-1.61867,0
1.0752,1.462,0
0.75544,1.5941,0
-0.6044,-0.32881,0
2.31127,-1.61896,0
2.74233,-1.91806,0
2.73993,-1.89771,0
2.89806,-1.75227,0
0.73959,1.59535,0
1.67452,-1.39562,0
0.39382,1.71293,0
1.2211,1.50741,0
2.41887,-1.68181,0
2.28975,-1.55791,0
2.60425,-1.67252,0
1.94523,-1.43892,0
2.72271,-1.58882,0
2.83958,-1.9096,0
2.80379,-1.61907,0
2.86204,-1.9836,0
0.73131,1.49796,0
0.64789,1.75874,0
2.28106,-1.47401,0
0.32891,1.83432,0
3.89608,0.20007,0
0.71252,1.71156,0
3.88806,0.27008,0
2.70622,-1.58808,0
2.44715,-1.55908,0
0.50257,1.79457,0
0.98227,1.60552,0
2.64468,-1.85424,0
1.01114,1.51406,0
2.80836,-1.71492,0
1.10714,1.54311,0
2.30534,-1.481,0
2.66042,-1.65168,0
3.02651,-1.69809,0
2.17491,-1.49939,0
2.2553,-1.46062,0
2.27476,-1.51537,0
2.57093,-1.86054,0
3.83642,0.16177,0
1.0539,1.57912,0
2.49202,-1.66336,0
2.65543,-1.88271,0
0.34677,1.62873,0
1.96047,-1.4791,0
2.52969,-1.72672,0
2.45811,-1.73937,0
-0.60441,-0.15508,0
2.81347,-1.93279,0
0.53974,1.78178,0
0.93518,1.60366,0
0.59089,1.7274,0
2.54156,-1.65644,0
3.78913,0.28766,0
1.59512,-1.40441,0
1.17447,1.47545,0
3.83825,0.19442,0
2.25152,-1.62276,0
2.74221,-1.80556,0
0.23562,1.72476,0
0.922,1.52065,0
2.04336,-1.56894,0
0.8646,1.51261,0
2.20738,-1.68104,0
3.78237,0.09511,0
3.82613,0.28347,0
0.39671,1.7107,0
1.6849,-1.42514,0
2.4419,-1.54049,0
2.09772,-1.4878,0
1.10275,1.56797,0
1.23994,1.37357,0
1.57637,-1.3952,0
2.12788,-1.45968,0
-0.63125,-0.30339,0
1.19994,1.49009,0
2.20263,-1.50771,0
2.35141,-1.47824,0
2.21509,-1.64472,0
2.08662,-1.50461,0
0.84982,1.52362,0
1.08807,1.59012,0
1.21709,1.44569,0
2.26868,-1.67511,0
2.30273,-1.54561,0
2.12598,-1.50311,0
1.23171,1.51364,0
2.51185,-1.72974,0
2.65053,-1.74154,0
-0.57401,-0.17042,0
0.77096,1.54912,0
0.95257,1.47451,0
0.88358,1.49717,0
1.09746,1.49661,0
1.70181,-1.38627,0
2.80002,-1.89086,0
1.78286,-1.3731,0
0.45,1.78744,0
0.46486,1.69069,0
2.39372,-1.72681,0
2.28702,-1.48026,0
2.17356,-1.46401,0
2.71823,-1.63333,0
1.64882,-1.37303,0
0.34192,1.63281,0
0.91428,1.46401,0
2.5573,-1.68327,0
0.71247,1.62395,0
0.77895,1.69076,0
2.77974,-1.95274,0
1.7427,-1.36426,0
3.0127,-1.67576,0
0.44828,1.56865,0
1.40955,1.35514,0
0.71782,1.58355,0
0.95605,1.47104,0
2.42251,-1.58703,0
2.47408,-1.58501,0
0.71969,1.50669,0
3.81787,0.18733,0
0.6863,1.5382,0
2.59348,-1.7305,0
2.64212,-1.68984,0
2.85254,-1.81409,0
2.54419,-1.69919,0
2.67781,-1.63901,0
2.94092,-1.77626,0
2.88326,-1.88087,0
0.76622,1.71731,0
0.25329,1.63764,0
0.54884,1.79688,0
-0.63796,-0.29572,0
2.7775,-1.74057,0
0.61916,1.60637,0
1.14141,1.43324,0
0.5274,1.83845,0
2.30226,-1.61429,0
2.65551,-1.70272,0
2.34291,-1.72059,0
3.80553,0.09433,0
-0.67546,-0.33975,0
3.84043,0.1828,0
1.06802,1.56877,0
2.82995,-1.72442,0
-0.59541,-0.28137,0
1.04068,1.47894,0
1.30619,1.38733,0
0.35549,1.89739,0
2.8067,-1.66226,0
3.83302,0.13021,0
0.86182,1.4996,0
2.03027,-1.4857,0
0.49144,1.56074,0
0.98432,1.63227,0
0.4157,1.60564,0
1.0545,1.51796,0
2.71674,-1.63128,0
2.02798,-1.47258,0
2.73677,-1.81318,0
2.46516,-1.57997,0
2.46554,-1.57774,0
0.39533,1.60835,0
2.30231,-1.71812,0
0.72355,1.75358,0
3.80485,0.31715,0
0.84764,1.67892,0
0.73179,1.52008,0
3.79102,0.26323,0
1.38201,1.34381,0
0.73334,1.69783,0
2.88279,-1.99502,0
0.55089,1.59458,0
1.05325,1.60588,0
0.5173,1.55802,0
1.03835,1.5,0
0.72328,1.57324,0
-0.61871,-0.15416,0
2.94253,-1.8074,0
2.33944,-1.68285,0
2.22211,-1.46609,0
3.00993,-1.64006,0
0.76629,1.61019,0
0.3798,1.68719,0
1.13168,1.42368,0
1.21619,1.52465,0
2.23646,-1.60845,0
2.13705,-1.59758,0
2.7779,-1.91383,0
0.24146,1.72229,0
0.80681,1.57436,0
2.72147,-1.89982,0
2.58598,-1.63487,0
2.78557,-1.92178,0
2.77502,-1.71863,0
2.35931,-1.5645,0
0.78439,1.48824,0
2.42984,-1.63984,0
0.32391,1.72298,0
2.77101,-1.71213,0
2.60649,-1.72044,0
2.84244,-1.62033,0
1.87052,-1.45764,0
0.79376,1.56024,0
1.06803,1.43853,0
0.28376,1.81059,0
0.42523,1.65224,0
2.99685,-1.68723,0
0.55514,1.75782,0
2.42285,-1.51916,0
2.75825,-1.92943,0
2.35382,-1.61453,0
2.50575,-1.64146,0
0.78854,1.64608,0
2.63513,-1.86196,0
2.17525,-1.63539,0
1.77593,-1.46942,0
1.05172,1.52837,0
0.4173,1.82263,0
2.0317,-1.40932,0
2.67295,-1.71481,0
2.41126,-1.70208,0
1.83364,-1.39255,0
2.46762,-1.75315,0
2.10709,-1.52499,0
-0.57072,-0.34319,0
1.09288,1.56427,0
0.71918,1.50248,0
0.40644,1.85891,0
0.38634,1.82228,0
0.97949,1.43798,0
2.92492,-1.89171,0
2.2954,-1.56551,0
2.68127,-1.89578,0
2.37403,-1.75896,0
-0.64298,-0.35701,0
2.64761,-1.55246,0
-0.63002,-0.16003,0
2.89294,-1.67663,0
2.39739,-1.55819,0
0.93995,1.58847,0
2.58002,-1.70558,0
0.95459,1.58921,0
1.19211,1.47418,0
2.81603,-1.68723,0
1.41321,1.40059,0
0.47256,1.63843,0
2.5268,-1.52467,0
-0.62997,-0.23277,0
2.65845,-1.66565,0
2.14856,-1.64149,0
2.04991,-1.50368,0
2.19907,-1.57069,0
0.67182,1.68189,0
2.07976,-1.48635,0
1.80257,-1.40473,0
2.29183,-1.58685,0
2.33584,-1.59938,0
2.80212,-1.92662,0
0.74206,1.54497,0
2.92669,-1.79881,0
0.73769,1.49819,0
2.14245,-1.48172,0
-0.58295,-0.35413,0
-0.59721,-0.1397,0
1.38462,1.37653,0
0.93891,1.49909,0
0.80204,1.70343,0
0.52872,1.6494,0
1.58939,-1.38924,0
2.89653,-1.86125,0
2.40335,-1.5312,0
2.72316,-1.84203,0
2.0388,-1.4536,0
3.84534,0.17054,0
0.36068,1.82015,0
1.91725,-1.45839,0
2.82331,-1.87104,0
-0.59328,-0.12776,0
2.5674,-1.61269,0
2.46237,-1.73488,0
2.51946,-1.82922,0
3.86432,0.10998,0
2.40454,-1.65602,0
2.04092,-1.55845,0
3.79851,0.29565,0
2.39421,-1.76417,0
1.1272,1.43644,0
0.53416,1.83422,0
1.44166,1.40258,0
1.92895,-1.39386,0
1.01225,1.52127,0
0.47343,1.75349,0
2.87366,-1.6337,0
0.43358,1.86354,0
2.56729,-1.84294,0
3.78619,0.13469,0
1.51552,1.37496,0
0.58462,1.82218,0
0.82251,1.6876,0
0.32619,1.66886,0
2.42356,-1.62741,0
2.6508,-1.67973,0
2.71536,-1.62118,0
3.85293,0.19536,0
0.63869,1.5826,0
1.97718,-1.40609,0
2.681,-1.8148,0
0.3171,1.77625,0
1.06015,1.49354,0
2.39935,-1.6635,0
2.26426,-1.68983,0
0.64289,1.79383,0
2.39794,-1.50798,0
0.86316,1.51721,0
1.30201,1.43414,0
2.2254,-1.49771,0
0.3303,1.71109,0
2.84381,-1.60508,0
2.9735,-1.79751,0
2.60981,-1.61383,0
2.45193,-1.52816,0
3.80426,0.30531,0
0.44873,1.85273,0
0.45386,1.77784,0
0.41149,1.85368,0
3.81924,0.10558,0
2.49464,-1.76366,0
2.79686,-1.63582,0
0.83821,1.54068,0
2.74754,-1.93214,0
2.496,-1.55799,0
3.75486,0.28664,0
1.17695,1.53776,0
0.7841,1.62371,0
2.89225,-1.86272,0
0.70679,1.70269,0
1.37767,1.45095,0
2.58651,-1.75975,0
3.02601,-1.68124,0
2.47662,-1.79275,0
0.49734,1.69043,0
2.35718,-1.50598,0
1.98519,-1.56375,0
0.41834,1.85632,0
2.85257,-1.99203,0
2.51028,-1.79605,0
-0.60215,-0.35374,0
2.4769,-1.53673,0
2.57121,-1.56548,0
0.30428,1.76378,0
2.29079,-1.6565,0
-0.61704,-0.12102,0
-0.5526,-0.289,0
2.06379,-1.56996,0
2.76569,-1.86923,0
2.27856,-1.46121,0
0.77998,1.63522,0
3.86523,0.13893,0
2.19256,-1.54081,0
1.0461,1.60141,0
0.61362,1.75009,0
1.8512,-1.51297,0
2.578,-1.56524,0
2.32644,-1.74743,0
3.0223,-1.66435,0
-0.64184,-0.32222,0
2.73354,-1.5774,0
0.31572,1.89315,0
2.65541,-1.58982,0
0.87668,1.55747,0
1.79249,-1.39606,0
0.33291,1.60842,0
1.8187,-1.47888,0
2.93628,-1.76437,0
2.88845,-1.98093,0
1.61942,-1.40958,0
3.75905,0.28587,0
2.91261,-1.61287,0
1.70304,-1.43597,0
2.71517,-1.79958,0
2.64231,-1.66657,0
2.19284,-1.58953,0
-0.54823,-0.26432,0
2.37442,-1.54453,0
-0.53959,-0.30012,0
0.97303,1.61328,0
2.18285,-1.49606,0
0.67268,1.72812,0
3.83755,0.23254,0
0.40205,1.7914,0
3.88694,0.21206,0
3.8166,0.09995,0
0.84035,1.54311,0
2.4016,-1.6738,0
2.62266,-1.60471,0
1.80086,-1.45491,0
2.91881,-1.83341,0
2.8929,-1.70959,0
1.95728,-1.4355,0
1.16566,1.40589,0
0.45347,1.64429,0
0.628,1.77379,0
0.75005,1.68254,0
-0.59125,-0.28081,0
1.93758,-1.50383,0
2.55186,-1.72217,0
2.8725,-1.94663,0
2.39224,-1.49168,0
2.85842,-1.95892,0
0.6838,1.5142,0
0.80382,1.57759,0
0.38416,1.6095,0
2.84875,-1.90584,0
1.12964,1.39829,0
0.95505,1.52126,0
0.24485,1.71143,0
-0.55572,-0.22987,0
2.57604,-1.59272,0
1.45888,1.40354,0
2.64655,-1.8251,0
2.67047,-1.75012,0
0.89247,1.52034,0
2.08152,-1.47833,0
2.60748,-1.70409,0
2.79515,-1.58229,0
2.51548,-1.71552,0
1.19111,1.45927,0
2.82654,-1.9323,0
2.80295,-1.65936,0
0.2132,1.64589,0
1.11953,1.43364,0
-0.65352,-0.21238,0
2.88152,-1.87263,0
0.87144,1.66492,0
0.58351,1.63381,0
2.3094,-1.50159,0
0.60289,1.64313,0
2.19493,-1.62189,0
2.53051,-1.65848,0
0.77042,1.52607,0
2.54856,-1.56006,0
1.7509,-1.47861,0
1.07115,1.54041,0
0.9143,1.45159,0
1.35252,1.42426,0
0.29852,1.74824,0
2.22783,-1.48301,0
2.17489,-1.61834,0
2.59234,-1.55634,0
-0.54204,-0.26235,0
1.13344,1.51839,0
0.24961,1.68301,0
0.31053,1.78466,0
1.89389,-1.53756,0
2.78014,-1.76245,0
2.80668,-1.77827,0
1.38172,1.42185,0
-0.54236,-0.21993,0
3.83652,0.07167,0
0.43677,1.65114,0
-0.59579,-0.16921,0
3.83037,0.21174,0
1.77972,-1.44035,0
1.66512,-1.4206,0
1.31966,1.40709,0
0.93413,1.44918,0
1.04447,1.5085,0
-0.55766,-0.26528,0
1.46933,1.40333,0
2.65638,-1.69733,0
0.45877,1.81064,0
1.45343,1.34121,0
1.31309,1.38856,0
2.75745,-1.66993,0
0.75408,1.72569,0
0.46283,1.63673,0
2.53452,-1.7358,0
1.78001,-1.35344,0
1.98433,-1.54103,0
2.21425,-1.51492,0
2.34526,-1.64618,0
1.96299,-1.57837,0
1.07242,1.55641,0
2.50355,-1.81791,0
3.77413,0.18705,0
1.24066,1.51926,0
0.38592,1.83866,0
2.90304,-1.6314,0
-0.60414,-0.28049,0
0.66359,1.51405,0
1.85598,-1.42544,0
2.24492,-1.45303,0
0.79305,1.68666,0
3.91821,0.24299,0
2.30801,-1.56863,0
2.6721,-1.61355,0
1.23466,1.38736,0
1.77,-1.43834,0
2.58951,-1.76121,0
2.90348,-1.89668,0
0.29056,1.8686,0
2.46038,-1.62794,0
0.58459,1.79665,0
0.75726,1.74207,0
0.34651,1.81788,0
0.98792,1.59615,0
2.94984,-1.69139,0
1.46107,1.36054,0
0.20837,1.67442,0
2.87792,-1.92595,0
2.50375,-1.53372,0
2.85805,-1.73551,0
2.35831,-1.59937,0
2.93247,-1.76023,0
0.31984,1.88888,0
2.47648,-1.7602,0
1.0723,1.54571,0
2.7588,-1.8602,0
2.60958,-1.77591,0
2.31184,-1.50857,0
-0.68283,-0.23998,0
1.91301,-1.54701,0
0.40128,1.90509,0
2.91053,-1.93258,0
2.54967,-1.59953,0
0.86425,1.68759,0
-0.56467,-0.2319,0
2.76969,-1.84229,0
2.16971,-1.63855,0
1.03939,1.43364,0
2.92564,-1.92246,0
0.73886,1.55517,0
2.5328,-1.56312,0
2.50956,-1.6607,0
1.73786,-1.45364,0
0.46622,1.593,0
2.75184,-1.90872,0
-0.56099,-0.25056,0
1.14783,1.43236,0
1.62254,-1.39047,0
0.98708,1.45675,0
3.75306,0.14371,0
1.02645,1.58945,0
0.46863,1.86793,0
0.32556,1.68646,0
1.83205,-1.47259,0
0.51995,1.73051,0
1.42835,1.39571,0
3.79424,0.23992,0
1.02483,1.54602,0
1.95242,-1.48778,0
2.26341,-1.58898,0
0.70749,1.67266,0
2.94877,-1.69528,0
-0.5747,-0.15355,0
2.01794,-1.43646,0
3.73223,0.20667,0
2.64067,-1.64444,0
0.57892,1.7442,0
0.7416,1.50287,0
1.97537,-1.38413,0
3.82591,0.16571,0
2.51299,-1.72709,0
0.62423,1.58757,0
0.25182,1.63623,0
1.1324,1.49629,0
2.89589,-1.86652,0
-0.62279,-0.08539,0
2.04967,-1.57943,0
0.3018,1.85209,0
2.557,-1.6853,0
0.52927,1.67369,0
2.76555,-1.63893,0
2.48889,-1.53632,0
2.1662,-1.56024,0
0.36739,1.80003,0
2.79798,-1.67525,0
2.19822,-1.53233,0
2.38086,-1.58172,0
3.88013,0.1307,0
2.08033,-1.4591,0
0.40718,1.68676,0
0.69379,1.68968,0
1.09366,1.43819,0
1.83146,-1.47288,0
0.45809,1.79524,0
0.75934,1.54076,0
0.85153,1.49249,0
1.8024,-1.39992,0
2.55671,-1.72172,0
2.80085,-1.82989,0
2.79102,-1.64741,0
2.7982,-1.73413,0
2.57249,-1.55873,0
0.95155,1.62442,0
3.84965,0.18643,0
-0.65019,-0.2021,0
2.80053,-1.84355,0
2.77424,-1.73757,0
3.83742,0.20799,0
2.19781,-1.46164,0
0.37113,1.88291,0
2.50777,-1.81575,0
2.72475,-1.69884,0
1.04699,1.43771,0
2.2646,-1.71027,0
0.50074,1.68243,0
0.71176,1.67314,0
2.42321,-1.71081,0
2.08882,-1.54269,0
1.32898,1.44766,0
3.88887,0.25696,0
0.67674,1.52557,0
1.23576,1.3942,0
2.63036,-1.61689,0
1.40195,1.39589,0
0.61794,1.72975,0
0.29829,1.68821,0
1.8466,-1.47745,0
1.89087,-1.4619,0
3.83802,0.11162,0
0.84011,1.69212,0
0.48892,1.77254,0
1.03738,1.52085,0
1.10353,1.54123,0
2.71043,-1.84886,0
0.45646,1.63696,0
0.86237,1.68885,0
3.90066,0.25052,0
2.82687,-1.7226,0
0.37642,1.77682,0
2.63911,-1.60477,0
0.96814,1.50766,0
2.25966,-1.48508,0
3.72891,0.23686,0
2.69935,-1.84202,0
3.80506,0.16307,0
2.27483,-1.46427,0
2.88431,-1.68545,0
0.44679,1.83767,0
1.09051,1.40692,0
2.86224,-1.72893,0
0.5542,1.60596,0
0.99829,1.47874,0
0.50304,1.65645,0
0.53991,1.69826,0
0.75329,1.66225,0
2.43809,-1.68365,0
2.20158,-1.5604,0
0.37123,1.83765,0
2.49897,-1.72724,0
2.34768,-1.52151,0
2.76866,-1.85236,0
0.53328,1.84003,0
2.60481,-1.68721,0
2.64314,-1.87319,0
2.00521,-1.4836,0
0.68645,1.74724,0
1.8399,-1.41345,0
2.8034,-1.75016,0
1.83644,-1.47045,0
1.01381,1.44552,0
2.87395,-1.6033,0
1.27375,1.48067,0
2.90953,-1.61607,0
0.23878,1.71409,0
0.9476,1.44316,0
1.23231,1.47009,0
3.78879,0.19224,0
2.38799,-1.72943,0
2.05862,-1.48748,0
-0.65592,-0.19893,0
2.62838,-1.781,0
1.20941,1.47158,0
2.24479,-1.5462,0
2.24613,-1.66896,0
0.64848,1.67925,0
1.77108,-1.47173,0
0.36477,1.73604,0
0.24982,1.76552,0
2.30105,-1.5087,0
0.71301,1.5763,0
2.04491,-1.55692,0
0.47243,1.86249,0
-0.67244,-0.18522,0
1.79986,-1.41869,0
0.48933,1.83767,0
0.73091,1.51142,0
2.23147,-1.59134,0
0.45413,1.681,0
2.64342,-1.71344,0
2.15665,-1.51891,0
1.31983,1.46408,0
0.25943,1.65212,0
2.14383,-1.49763,0
3.89402,0.2426,0
3.77948,0.27227,0
0.31712,1.74344,0
2.80131,-1.71916,0
1.09834,1.50804,0
0.68689,1.76368,0
3.83233,0.24089,0
1.20483,1.43903,0
1.02846,1.49027,0
2.00169,-1.49311,0
2.90355,-1.75236,0
0.88798,1.58117,0
0.23055,1.71999,0
0.38315,1.70256,0
0.47745,1.74756,0
2.88734,-1.93557,0
2.44594,-1.70041,0
0.29925,1.69023,0
2.51813,-1.8198,0
0.71272,1.72875,0
0.69733,1.52696,0
0.18101,1.63842,0
2.66792,-1.59811,0
2.85449,-1.69554,0
2.85932,-1.70604,0
2.37321,-1.60387,0
2.02442,-1.56172,0
0.9418,1.55422,0
1.44134,1.40395,0
3.88614,0.14581,0
2.41409,-1.72548,0
3.72582,0.19109,0
1.82674,-1.4321,0
2.10249,-1.57224,0
2.00108,-1.44668,0
0.33845,1.74244,0
0.39187,1.86535,0
2.7209,-1.65018,0
0.58567,1.53248,0
2.95136,-1.82914,0
2.68119,-1.72616,0
1.82301,-1.43873,0
1.65675,-1.42644,0
0.53153,1.57976,0
2.42035,-1.73465,0
0.68805,1.53675,0
2.32953,-1.64738,0
0.89456,1.63081,0
2.29985,-1.67336,0
2.03111,-1.58308,0
0.66511,1.51856,0
0.77208,1.62514,0
3.76037,0.33612,0
0.99049,1.50788,0
1.17849,1.50187,0
2.883,-1.87883,0
3.83101,0.24306,0
2.76335,-1.73033,0
3.8479,0.14578,0
2.19297,-1.44355,0
-0.61709,-0.07485,0
2.69219,-1.70092,0
0.70298,1.64059,0
1.28563,1.42495,0
0.27141,1.71645,0
0.57826,1.63318,0
1.11488,1.44958,0
1.70416,-1.37992,0
0.43451,1.85673,0
0.72464,1.54955,0
1.07843,1.51797,0
3.74435,0.16365,0
3.82329,0.06552,0
2.83321,-1.66743,0
2.90726,-1.90794,0
1.703,-1.4458,0
-0.57415,-0.15902,0
2.85564,-1.61115,0
0.82098,1.5362,0
2.31834,-1.69015,0
3.83576,0.23627,0
1.65851,-1.38223,0
0.80859,1.68043,0
2.3546,-1.50728,0
0.38462,1.59496,0
2.81602,-1.82806,0
0.63174,1.75499,0
0.494,1.67697,0
2.45796,-1.5066,0
0.2286,1.68358,0
2.56751,-1.65027,0
0.76833,1.65262,0
0.32737,1.80242,0
0.64455,1.64305,0
2.60091,-1.63932,0
1.70025,-1.41137,0
2.85626,-1.88421,0
3.92758,0.22644,0
2.52591,-1.57284,0
0.60892,1.60341,0
2.54688,-1.63637,0
3.80889,0.16861,0
1.08231,1.47477,0
1.31953,1.40218,0
1.9201,-1.37052,0
3.87665,0.14838,0
0.28689,1.82741,0
2.65224,-1.6694,0
2.47663,-1.67475,0
1.74985,-1.45307,0
0.71458,1.66078,0
0.2363,1.66818,0
2.44894,-1.69883,0
0.6165,1.75492,0
0.77401,1.50568,0
0.67212,1.72494,0
0.47061,1.60892,0
1.98704,-1.51364,0
2.37834,-1.68729,0
0.62363,1.66382,0
3.83488,0.10854,0
0.53996,1.69657,0
0.76094,1.59414,0
3.89111,0.15504,0
2.55006,-1.73555,0
0.404,1.65361,0
2.6343,-1.68477,0
-0.68552,-0.2432,0
0.37238,1.86856,0
1.89402,-1.53655,0
0.78964,1.69511,0
3.82417,0.24824,0
1.93877,-1.43857,0
3.85238,0.24327,0
1.89381,-1.39814,0
0.36344,1.79233,0
3.82544,0.24681,0
1.70054,-1.33535,0
0.51809,1.84743,0
3.92279,0.25829,0
2.77509,-1.70479,0
0.47152,1.85752,0
2.51801,-1.62889,0
2.56004,-1.66849,0
1.10323,1.51598,0
2.88718,-1.90933,0
2.89747,-1.79149,0
0.66575,1.77367,0
2.64651,-1.75335,0
3.02206,-1.71946,0
-0.6582,-0.2703,0
0.39401,1.59768,0
1.68878,-1.39744,0
2.94889,-1.87913,0
0.32126,1.62067,0
1.02834,1.4587,0
0.38655,1.76029,0
2.70889,-1.59502,0
1.75568,-1.41756,0
2.12701,-1.41978,0
2.80763,-1.77044,0
2.77066,-1.82071,0
3.75532,0.26308,0
3.77336,0.19389,0
2.43665,-1.63376,0
1.19928,1.48027,0
0.34066,1.74392,0
2.60452,-1.60717,0
2.62005,-1.61699,0
0.80142,1.5217,0
0.36092,1.86725,0
2.05429,-1.44784,0
2.66934,-1.8522,0
3.79858,0.2094,0
3.87657,0.17815,0
0.50039,1.64502,0
2.6046,-1.64342,0
2.75461,-1.83485,0
2.90551,-1.68439,0
3.73493,0.19955,0
2.83502,-1.75607,0
2.45077,-1.6857,0
-0.62538,-0.31641,0
1.86055,-1.49113,0
0.843,1.67695,0
2.24724,-1.56499,0
2.72656,-1.91861,0
1.26326,1.4363,0
2.3095,-1.54672,0
2.61135,-1.6388,0
0.50242,1.78266,0
0.2229,1.66585,0
1.28272,1.3806,0
1.88689,-1.39534,0
2.80044,-1.87465,0
0.3766,1.90999,0
2.80462,-1.91912,0
3.79742,0.25436,0
0.53912,1.80389,0
0.60088,1.57341,0
2.51634,-1.54041,0
2.53863,-1.67054,0
2.80501,-1.95019,0
0.96415,1.57575,0
2.49018,-1.66207,0
0.3315,1.7844,0
2.09067,-1.62655,0
2.01125,-1.59315,0
0.62931,1.77044,0
0.48022,1.60862,0
2.4699,-1.5651,0
0.40521,1.83434,0
3.84979,0.24421,0
2.46636,-1.69592,0
2.77452,-1.64905,0
0.63072,1.68369,0
0.62663,1.80319,0
2.3732,-1.64785,0
2.84078,-1.7305,0
1.71698,-1.39839,0
2.01851,-1.50665,0
2.81432,-1.94615,0
0.39957,1.85678,0
3.83363,0.17357,0
-0.55813,-0.23047,0
2.60072,-1.66584,0
2.88691,-1.80092,0
0.44694,1.71264,0
3.77155,0.2711,0
2.56706,-1.74682,0
2.20179,-1.55504,0
2.55689,-1.75012,0
0.3692,1.79896,0
2.93826,-1.82074,0
0.80121,1.60911,0
0.73404,1.71428,0
2.44021,-1.54538,0
1.10148,1.42226,0
2.91311,-1.81539,0
2.96039,-1.82194,0
1.39532,1.38881,0
1.87786,-1.45688,0
2.68962,-1.57819,0
2.14197,-1.59683,0
1.89818,-1.48077,0
0.51648,1.6494,0
-0.54966,-0.21311,0
-0.58763,-0.2108,0
2.83956,-1.62284,0
-0.58226,-0.14391,0
3.85891,0.15578,0
1.16997,1.45996,0
2.78175,-1.73119,0
3.73089,0.21723,0
1.76934,-1.39433,0
1.36525,1.39786,0
1.9841,-1.54462,0
3.76956,0.16877,0
2.15707,-1.53418,0
2.54897,-1.70274,0
-0.64911,-0.19139,0
0.34689,1.83361,0
0.50638,1.66397,0
2.07019,-1.4635,0
3.81724,0.19042,0
0.43501,1.60568,0
2.34911,-1.48399,0
0.72788,1.5739,0
2.66587,-1.6287,0
2.72618,-1.65188,0
1.87431,-1.38749,0
2.6591,-1.85204,0
2.51781,-1.74654,0
3.00856,-1.68438,0
0.46709,1.58566,0
3.7374,0.25559,0
0.28649,1.80373,0
-0.62537,-0.21369,0
0.96331,1.47751,0
2.29005,-1.49654,0
0.97883,1.49961,0
2.79989,-1.79567,0
1.30651,1.42165,0
2.86282,-1.97249,0
2.94845,-1.84463,0
1.99732,-1.58413,0
2.11919,-1.63505,0
2.05244,-1.43708,0
0.46455,1.85951,0
1.26496,1.46691,0
2.71225,-1.71606,0
0.64679,1.54521,0
0.68817,1.6568,0
1.10431,1.44201,0
0.55594,1.69092,0
3.87798,0.11686,0
0.97161,1.50553,0
-0.66535,-0.31338,0
2.14363,-1.55967,0
0.30582,1.83168,0
0.33456,1.77561,0
3.86543,0.18717,0
2.11697,-1.49902,0
2.33162,-1.73592,0
2.41313,-1.673,0
1.23598,1.37875,0
0.79146,1.51712,0
0.63964,1.55107,0
2.34891,-1.66693,0
1.78373,-1.43262,0
2.64644,-1.86263,0
0.5144,1.78465,0
2.97605,-1.7,0
0.9909,1.54184,0
2.88103,-1.71691,0
1.80135,-1.42379,0
1.18982,1.43702,0
2.27577,-1.4594,0
3.00304,-1.73896,0
2.72613,-1.79207,0
2.69828,-1.86065,0
3.80084,0.30529,0
1.72146,-1.45798,0
0.42399,1.70338,0
1.03835,1.48247,0
0.54153,1.71555,0
1.28745,1.49095,0
-0.64136,-0.17876,0
2.31123,-1.51402,0
0.98197,1.51693,0
0.41089,1.88652,0
1.75033,-1.42545,0
0.69464,1.69701,0
-0.60901,-0.09236,0
2.48723,-1.58663,0
2.2415,-1.56219,0
0.70239,1.69394,0
2.70483,-1.62335,0
2.95345,-1.62876,0
0.85365,1.64417,0
0.32458,1.76256,0
3.85122,0.16087,0
2.52315,-1.72148,0
3.03316,-1.64918,0
2.01422,-1.54101,0
2.31835,-1.51193,0
2.16976,-1.65917,0
1.68327,-1.35227,0
3.84198,0.24852,0
0.72794,1.70876,0
0.30797,1.88465,0
0.32536,1.69861,0
2.13696,-1.48661,0
2.51104,-1.56188,0
0.55102,1.71956,0
2.62178,-1.67581,0
2.7095,-1.66457,0
0.36476,1.76931,0
0.4564,1.58511,0
0.46032,1.83095,0
2.79779,-1.72429,0
0.75911,1.66524,0
1.24008,1.44482,0
2.67364,-1.86075,0
0.37446,1.90403,0
0.49997,1.69536,0
2.0697,-1.52714,0
2.61805,-1.72594,0
0.24971,1.71811,0
1.88381,-1.51787,0
1.71625,-1.36134,0
2.91199,-1.85077,0
0.90222,1.46144,0
0.84464,1.57324,0
0.67754,1.72845,0
0.38324,1.81577,0
1.08164,1.54669,0
1.69653,-1.4349,0
1.11491,1.50798,0
2.60797,-1.61553,0
0.90017,1.45477,0
1.88958,-1.45287,0
0.48426,1.86713,0
1.37701,1.34168,0
0.78239,1.54027,0
0.32096,1.7958,0
0.84094,1.59393,0
1.8086,-1.4877,0
2.87383,-1.77891,0
0.85574,1.56188,0
2.18999,-1.65125,0
1.72699,-1.4241,0
1.68049,-1.38204,0
0.25693,1.78467,0
0.23557,1.68345,0
-0.5405,-0.32519,0
0.48776,1.86439,0
0.47417,1.62898,0
2.1526,-1.6569,0
0.28253,1.79302,0
2.77,-1.90007,0
2.80589,-1.74339,0
2.95582,-1.64396,0
2.5014,-1.79417,0
2.74944,-1.87244,0
2.80005,-1.85183,0
2.803,-1.63849,0
1.45133,1.35682,0
2.36279,-1.60011,0
0.99081,1.62426,0
1.07661,1.45588,0
0.84208,1.57466,0
1.19349,1.48936,0
0.29259,1.82791,0
1.21931,1.47108,0
2.4149,-1.67898,0
2.81268,-1.81594,0
0.82656,1.48963,0
1.29192,1.44852,0
1.09267,1.57847,0
2.67115,-1.61333,0
2.97412,-1.71833,0
2.66396,-1.80947,0
0.45577,1.81387,0
-0.59007,-0.29835,0
3.74834,0.31051,0
0.87578,1.63571,0
0.56339,1.81635,0
0.9565,1.46152,0
2.27332,-1.45997,0
0.46745,1.5973,0
2.28337,-1.61578,0
3.84072,0.11589,0
0.28827,1.80128,0
1.76009,-1.45056,0
2.97877,-1.65451,0
2.04605,-1.59805,0
2.91427,-1.94523,0
2.89091,-1.97262,0
2.58246,-1.73383,0
1.85547,-1.52049,0
1.25716,1.42756,0
0.99503,1.62712,0
0.36369,1.67856,0
2.90184,-1.95907,0
2.97022,-1.7259,0
0.30255,1.78332,0
0.86724,1.61602,0
1.63624,-1.39931,0
2.85683,-1.88411,0
0.5182,1.57423,0
0.26019,1.63213,0
2.82465,-1.65501,0
-0.67809,-0.27657,0
-0.65409,-0.34675,0
0.95631,1.47017,0
0.63671,1.64945,0
0.62679,1.58309,0
3.78029,0.14401,0
0.56994,1.61853,0
2.62829,-1.74734,0
0.48048,1.60221,0
0.8604,1.5654,0
1.2073,1.4857,0
1.92539,-1.44829,0
0.31932,1.84992,0
0.49899,1.66961,0
2.38002,-1.59866,0
-0.55715,-0.25071,0
0.72833,1.54009,0
2.86091,-1.7936,0
2.34967,-1.705,0
2.92691,-1.8541,0
3.80797,0.1617,0
3.76936,0.13304,0
2.81449,-1.7344,0
0.80709,1.54239,0
1.22924,1.46114,0
3.76689,0.21543,0
2.55705,-1.82479,0
2.95818,-1.77671,0
2.93903,-1.88251,0
0.31655,1.63362,0
2.36012,-1.62364,0
3.79175,0.15001,0
0.47693,1.67938,0
2.53556,-1.69094,0
0.70207,1.76975,0
1.08898,1.44823,0
0.45806,1.82763,0
2.61399,-1.81105,0
0.45013,1.58981,0
3.87085,0.26535,0
1.02523,1.42542,0
0.71249,1.52982,0
2.75255,-1.59216,0
0.41934,1.86492,0
1.02238,1.59756,0
0.35866,1.91613,0
2.70557,-1.60838,0
0.63687,1.55138,0
0.21685,1.71699,0
0.48742,1.74531,0
3.82984,0.2585,0
1.06491,1.47418,0
2.8841,-1.83669,0
2.26984,-1.53623,0
2.4942,-1.70986,0
0.96344,1.56245,0
2.95357,-1.85648,0
2.75267,-1.57865,0
0.3195,1.60854,0
1.87749,-1.49763,0
2.2062,-1.50477,0
1.96402,-1.46307,0
2.52015,-1.58155,0
2.97501,-1.66526,0
2.24982,-1.53977,0
0.35118,1.72482,0
2.59483,-1.65254,0
2.75415,-1.66149,0
2.26757,-1.59807,0
2.53785,-1.57733,0
3.86248,0.23071,0
0.91413,1.64367,0
0.3394,1.83375,0
1.92671,-1.50931,0
2.16238,-1.44933,0
2.21668,-1.57295,0
0.41619,1.88434,0
2.71488,-1.73884,0
2.66647,-1.79374,0
2.06746,-1.45183,0
1.72413,-1.46021,0
1.85769,-1.44251,0
-0.5253,-0.26367,0
0.37075,1.7729,0
0.93592,1.45611,0
0.20857,1.67208,0
0.63005,1.58904,0
2.61262,-1.5411,0
0.77774,1.63828,0
0.50855,1.72586,0
1.9018,-1.3923,0
2.63283,-1.85681,0
1.18152,1.38885,0
2.16534,-1.54719,0
0.9926,1.43207,0
0.7697,1.59534,0
2.32811,-1.67012,0
0.24264,1.62581,0
0.64611,1.63153,0
2.79175,-1.8132,0
2.322,-1.51102,0
1.27561,1.49125,0
2.81068,-1.91656,0
2.56953,-1.61864,0
2.48969,-1.58952,0
1.67546,-1.41515,0
1.3285,1.47421,0
0.83956,1.48908,0
0.65697,1.62595,0
0.72737,1.58365,0
1.71174,-1.38488,0
0.84497,1.68891,0
3.00282,-1.64613,0
0.61474,1.81213,0
1.05434,1.57076,0
0.32349,1.8475,0
2.53816,-1.7036,0
0.38102,1.91782,0
2.79363,-1.76612,0
0.4851,1.63778,0
1.77486,-1.35634,0
2.34444,-1.55225,0
2.75122,-1.75561,0
3.90925,0.21695,0
1.07115,1.47032,0
1.7864,-1.36324,0
-0.57715,-0.17604,0
2.83491,-1.86748,0
0.52965,1.60196,0
-0.62545,-0.33198,0
2.61028,-1.7829,0
1.06352,1.50674,0
1.99434,-1.48079,0
2.86306,-1.98493,0
0.71857,1.49818,0
2.7512,-1.73054,0
2.18028,-1.59012,0
2.34322,-1.73363,0
0.58168,1.67025,0
1.28525,1.46984,0
3.83157,0.24019,0
2.20241,-1.51394,0
2.38231,-1.72695,0
1.9442,-1.43458,0
0.88431,1.56713,0
2.8989,-1.76175,0
2.62381,-1.64624,0
1.88325,-1.50621,0
1.71448,-1.37548,0
2.93425,-1.63234,0
2.91971,-1.71787,0
2.64033,-1.80159,0
-0.6902,-0.24721,0
2.03058,-1.43659,0
2.87436,-1.79403,0
2.93446,-1.76183,0
1.41944,1.36363,0
3.9126,0.23779,0
3.82986,0.1388,0
-0.53177,-0.25953,0
2.44869,-1.6113,0
2.43167,-1.65424,0
1.32515,1.36499,0
0.72352,1.72393,0
2.68167,-1.64211,0
1.73455,-1.37793,0
2.45807,-1.77532,0
0.48987,1.77337,0
2.30947,-1.72248,0
2.56732,-1.6025,0
2.66182,-1.66066,0
1.85045,-1.37983,0
0.9586,1.52292,0
0.65548,1.62064,0
1.0426,1.51373,0
0.33761,1.8967,0
2.81759,-1.90363,0
2.97626,-1.80829,0
2.15176,-1.51343,0
2.22016,-1.65504,0
-0.58704,-0.25779,0
0.8099,1.5335,0
0.73129,1.68834,0
1.32197,1.4501,0
0.38956,1.61013,0
3.81851,0.26611,0
3.74321,0.32359,0
2.57893,-1.56757,0
3.02563,-1.6957,0
2.99197,-1.75238,0
0.85983,1.69652,0
0.47982,1.74378,0
0.57694,1.54989,0
0.55305,1.81919,0
0.67582,1.71075,0
1.12185,1.5305,0
2.89579,-1.66464,0
2.81788,-1.595,0
0.64075,1.52596,0
1.33278,1.35784,0
0.28839,1.64967,0
2.89006,-1.7369,0
1.85383,-1.48242,0
2.54809,-1.71407,0
2.16581,-1.63173,0
0.65455,1.60637,0
0.51523,1.62135,0
2.06241,-1.59838,0
1.93432,-1.45683,0
0.54121,1.79468,0
0.58964,1.76214,0
1.96239,-1.46609,0
1.78249,-1.48435,0
2.47229,-1.80703,0
1.79659,-1.38124,0
0.81192,1.55019,0
1.00819,1.60703,0
1.08337,1.50683,0
3.847,0.22024,0
2.47522,-1.70156,0
0.95156,1.45972,0
2.71959,-1.86221,0
2.87959,-1.77194,0
0.2379,1.65267,0
2.16538,-1.45717,0
0.30947,1.6576,0
1.2314,1.48148,0
0.37518,1.69311,0
2.95073,-1.8724,0
2.65453,-1.69939,0
0.56291,1.60136,0
3.90559,0.19969,0
0.68037,1.51613,0
3.81993,0.01806,0
2.97017,-1.6919,0
0.66936,1.59894,0
2.94507,-1.69466,0
2.91667,-1.73531,0
1.91572,-1.40268,0
2.59105,-1.81187,0
3.85091,0.24631,0
3.73287,0.1779,0
0.55032,1.69853,0
1.23584,1.49074,0
1.95756,-1.51117,0
0.4932,1.83367,0
2.36223,-1.63895,0
1.89457,-1.52286,0
0.41983,1.75329,0
0.80497,1.5024,0
1.02418,1.55298,0
0.36548,1.59062,0
0.83743,1.56996,0
1.3965,1.36622,0
2.14557,-1.58061,0
2.50158,-1.63815,0
1.06721,1.56605,0
0.7723,1.52687,0
2.80341,-1.83692,0
-0.61582,-0.19019,0
2.27506,-1.67556,0
2.01644,-1.44223,0
0.67323,1.72571,0
2.97745,-1.7996,0
1.96836,-1.4687,0
0.32936,1.64229,0
-0.63762,-0.45315,0
3.08166,-1.65913,0
0.22359,1.81272,0
3.00055,-1.89737,0
3.03656,-1.7731,0
-0.63456,-0.36793,0
3.88324,0.29313,0
-0.57747,-0.43352,0
2.97155,-1.93133,0
0.20449,1.7549,0
3.02883,-1.78083,0
0.26561,1.8231,0
-0.68747,-0.44419,0
3.78603,0.40586,0
3.83126,0.35313,0
3.07019,-1.69364,0
3.07909,-1.65341,0
3.01722,-1.77316,0
-0.6477,-0.46676,0
3.88362,0.34543,0
-0.59992,-0.39479,0
0.18894,1.74165,0
2.99584,-1.79926,0
2.98437,-1.87226,0
-0.56557,-0.42687,0
0.19957,1.73507,0
3.04563,-1.79822,0
-0.63322,-0.47512,0
2.9815,-1.83941,0
-0.67123,-0.39875,0
3.06441,-1.72577,0
3.00109,-1.84024,0
3.84457,0.31591,0
-0.68137,-0.41197,0
-0.62094,-0.42057,0
3.7949,0.38792,0
0.19007,1.6954,0
3.03096,-1.77546,0
3.84559,0.36841,0
3.87698,0.35216,0
0.19847,1.70274,0
3.81375,0.35334,0
0.21035,1.82035,0
-0.65878,-0.44979,0
2.94632,-1.91341,0
2.9512,-1.9177,0
2.94465,-1.89771,0
3.0333,-1.80516,0
0.1715,1.69742,0
-0.65817,-0.45154,0
2.98356,-1.86496,0
2.97919,-1.95118,0
3.01766,-1.81142,0
3.83043,0.34717,0
3.06682,-1.67863,0
2.96566,-1.91782,0
-0.64774,-0.42308,0
2.931,-1.93458,0
0.17123,1.70109,0
0.25101,1.8342,0
-0.59347,-0.39488,0
3.83535,0.34262,0
3.85062,0.33317,0
-0.69749,-0.4241,0
-0.68808,-0.39622,0
3.84191,0.30858,0
0.20969,1.79451,0
-0.69551,-0.44501,0
0.18395,1.74135,0
0.1867,1.71006,0
2.96461,-1.86722,0
-0.60538,-0.48182,0
-0.62887,-0.40899,0
0.20244,1.77084,0
-0.62534,-0.37026,0
3.04901,-1.76477,0
2.99415,-1.81039,0
0.19423,1.69158,0
3.01977,-1.80833,0
3.05033,-1.79571,0
-0.62987,-0.37108,0
0.23016,1.80707,0
-0.58658,-0.4416,0
2.93927,-1.9166,0
-0.63344,-0.38446,0
0.17726,1.73014,0
-0.64881,-0.44803,0
3.89962,0.29007,0
2.95553,-1.93376,0
0.19042,1.72213,0
0.21903,1.74568,0
-0.59859,-0.45743,0
-0.70181,-0.42902,0
0.24389,1.82711,0
-0.56259,-0.3976,0
3.02495,-1.81118,0
2.97315,-1.86066,0
-0.61857,-0.48423,0
0.16126,1.6841,0
3.84595,0.35256,0
2.9388,-1.91257,0
-0.57238,-0.46358,0
3.8719,0.3585,0
3.01198,-1.8427,0
3.06534,-1.68637,0
-0.58587,-0.41446,0
-0.65383,-0.38335,0
-0.63491,-0.47924,0
0.2555,1.85174,0
2.99455,-1.84864,0
2.97651,-1.89038,0
3.81878,0.39293,0
3.00591,-1.89919,0
3.90129,0.29917,0
3.06505,-1.67906,0
-0.63624,-0.44342,0
-0.61789,-0.39605,0
0.22691,1.84466,0
3.76815,0.36221,0
3.01215,-1.78389,0
0.1686,1.67675,0
0.1945,1.71922,0
0.22041,1.76545,0
-0.6011,-0.38742,0
2.9908,-1.86368,0
0.21143,1.74973,0
-0.6431,-0.40789,0
0.22374,1.81392,0
0.20175,1.76027,0
3.79658,0.33457,0
2.95979,-1.91691,0
3.84993,0.35128,0
3.8558,0.38232,0
-0.62621,-0.38254,0
2.99052,-1.80845,0
2.97606,-1.85495,0
3.85986,0.36468,0
3.8347,0.37631,0
2.94266,-1.9424,0
3.01526,-1.82578,0
0.19581,1.70908,0
3.785,0.37788,0
0.16757,1.70205,0
3.04134,-1.73719,0
0.239,1.77768,0
0.19114,1.72444,0
-0.66107,-0.41855,0
3.06309,-1.745,0
-0.62226,-0.3978,0
2.99693,-1.907,0
3.88901,0.3671,0
-0.68666,-0.42502,0
3.84658,0.33001,0
0.26832,1.8315,0
2.96054,-1.89262,0
3.80814,0.40066,0
3.00743,-1.88912,0
-0.60057,-0.44869,0
-0.6887,-0.45869,0
-0.62108,-0.42609,0
0.22056,1.81774,0
-0.64097,-0.37101,0
3.00771,-1.88888,0
2.94903,-1.92141,0
2.71561,-2.02005,0
-0.64703,-0.02339,0
2.44441,-1.86084,0
1.66233,-1.53424,0
1.28546,1.50291,0
2.63207,-1.91391,0
0.75453,1.8193,0
1.29435,1.53795,0
2.61007,-2.10817,0
2.08596,-1.76046,0
0.88813,1.76778,0
2.17092,-1.84021,0
1.50959,-1.48861,0
1.80074,-1.52507,0
0.81424,1.74398,0
1.26087,1.59671,0
1.12848,1.64545,0
2.4952,-1.87102,0
2.29177,-1.94529,0
3.89968,-0.10548,0
2.07661,-1.72119,0
2.09498,-1.79941,0
1.92193,-1.59746,0
2.45548,-2.08813,0
1.56965,-1.41058,0
1.21759,1.56086,0
2.28073,-1.73757,0
2.05405,-1.84242,0
0.75676,1.95785,0
2.34848,-1.99514,0
1.55441,-1.45256,0
2.19209,-1.71381,0
0.70671,1.97264,0
2.37573,-1.88908,0
2.32345,-1.92313,0
0.96004,1.66699,0
1.63054,-1.53457,0
1.76824,-1.54539,0
-0.65037,-0.03366,0
-0.65765,0.00888,0
2.56316,-2.13105,0
2.20102,-1.78954,0
2.37819,-2.00824,0
0.9751,1.78062,0
2.6624,-2.0762,0
3.91517,-0.13438,0
0.6862,1.90296,0
1.33698,1.57356,0
1.11468,1.6796,0
2.35016,-1.87597,0
3.87925,-0.05946,0
2.3092,-1.7454,0
1.5214,1.4371,0
1.70586,-1.52878,0
1.79876,-1.53561,0
0.88644,1.89151,0
1.54804,1.45648,0
1.79691,-1.53229,0
2.39011,-1.80353,0
1.29091,1.49615,0
2.0075,-1.68101,0
2.36322,-1.94519,0
1.06592,1.63636,0
0.7777,1.83089,0
1.8149,-1.58365,0
0.81185,1.79848,0
0.78675,1.90141,0
2.6545,-2.03163,0
1.51729,1.45556,0
2.18954,-1.88315,0
1.55061,-1.44898,0
1.46595,1.45336,0
2.3994,-1.86588,0
0.7358,1.92967,0
0.6421,1.92582,0
0.92732,1.68292,0
1.55847,1.39049,0
0.74055,1.97827,0
2.62357,-2.0829,0
0.69883,1.78379,0
1.37327,1.51516,0
1.08313,1.65945,0
0.96453,1.7633,0
2.08376,-1.78989,0
2.44582,-1.81989,0
1.14753,1.59674,0
1.99424,-1.7309,0
1.47886,1.46455,0
2.11065,-1.71582,0
-0.64284,-0.04583,0
2.4215,-1.99531,0
2.07042,-1.85031,0
2.07297,-1.7285,0
2.41565,-1.85446,0
0.71349,1.95372,0
2.66687,-1.94157,0
0.71119,1.87154,0
1.62657,-1.46295,0
1.30338,1.58612,0
0.84922,1.82216,0
1.49932,-1.46369,0
2.37493,-1.81354,0
2.4035,-2.02109,0
1.91985,-1.63604,0
2.09228,-1.83162,0
2.36589,-1.82505,0
2.29712,-1.90016,0
2.65404,-2.09476,0
1.23897,1.56247,0
1.80135,-1.52343,0
2.065,-1.76316,0
1.54279,-1.46446,0
2.54684,-1.91934,0
0.80514,1.89976,0
0.89378,1.86974,0
1.74999,-1.6192,0
1.70097,-1.55174,0
-0.63357,-0.06145,0
3.85546,-0.28161,0
0.99256,1.82342,0
2.38112,-1.88442,0
1.20166,1.64609,0
0.94716,1.71958,0
1.90384,-1.56812,0
0.6112,2.0567,0
2.60886,-1.90794,0
2.25498,-1.82314,0
1.63456,-1.51352,0
1.84967,-1.69438,0
1.91037,-1.68363,0
2.71865,-1.99004,0
1.80116,-1.62477,0
2.57113,-2.01433,0
2.31904,-1.74788,0
2.26875,-1.89808,0
0.96965,1.6589,0
2.10663,-1.67192,0
0.64413,2.01799,0
2.2197,-1.94131,0
0.81812,1.90264,0
0.8204,1.7698,0
2.62563,-1.94693,0
2.61058,-2.1236,0
1.34766,1.58917,0
1.13568,1.71321,0
2.58323,-1.89012,0
2.02033,-1.61219,0
2.58505,-2.15125,0
0.90251,1.7377,0
3.9092,-0.13314,0
1.95913,-1.66047,0
0.53088,1.93322,0
2.3795,-1.97965,0
2.33844,-1.84247,0
2.34335,-1.99435,0
3.86496,-0.06755,0
1.15765,1.58368,0
1.58768,-1.51128,0
1.11475,1.61218,0
0.91178,1.77537,0
1.92123,-1.66256,0
1.53963,-1.43867,0
0.62337,2.02976,0
2.65795,-2.11701,0
3.87162,-0.26412,0
0.7551,1.82457,0
0.91774,1.81991,0
1.99621,-1.64526,0
2.58329,-2.07847,0
2.31539,-1.80175,0
1.23449,1.5542,0
2.42264,-1.80393,0
1.20688,1.57467,0
1.32199,1.50494,0
2.04954,-1.64675,0
2.1426,-1.75388,0
1.98224,-1.66612,0
2.46721,-2.00782,0
0.69819,2.02138,0
0.96963,1.83867,0
2.60854,-2.13073,0
1.95907,-1.58172,0
1.36554,1.52866,0
0.63246,1.83593,0
0.91075,1.88067,0
1.12754,1.57523,0
1.99161,-1.65658,0
2.5862,-2.00074,0
0.98077,1.75659,0
0.73433,1.84461,0
0.86086,1.91278,0
1.07841,1.60511,0
2.56579,-1.9806,0
2.44703,-2.03411,0
0.69466,1.86994,0
2.26734,-1.84365,0
2.03537,-1.62899,0
2.02432,-1.72906,0
1.02566,1.62492,0
1.28711,1.50934,0
2.5082,-2.09384,0
0.74697,1.78531,0
1.56524,-1.51334,0
0.64045,1.90995,0
2.68452,-1.96257,0
1.29731,1.62704,0
2.1461,-1.72694,0
2.2773,-1.9847,0
1.8324,-1.62834,0
2.04246,-1.75321,0
1.0229,1.77677,0
0.59941,1.95297,0
2.10163,-1.70676,0
0.64484,1.91529,0
1.43383,1.45605,0
0.57916,1.90882,0
0.87384,1.89804,0
0.68282,2.03129,0
1.39323,1.4672,0
2.21745,-1.72052,0
0.71558,1.88212,0
0.9493,1.82491,0
2.46557,-1.89018,0
2.64175,-1.90547,0
1.32146,1.54467,0
1.04091,1.63089,0
0.53931,1.87913,0
2.11467,-1.70209,0
1.54795,-1.42558,0
0.98388,1.66099,0
0.6826,1.96619,0
2.67029,-1.99549,0
1.99029,-1.68144,0
-0.7145,-0.02715,0
1.31424,1.51698,0
2.539,-2.16264,0
1.50598,-1.43544,0
1.9546,-1.75782,0
2.31044,-1.9454,0
1.5412,-1.43771,0
2.0739,-1.75648,0
2.55897,-1.96793,0
1.28349,1.57015,0
1.29529,1.63412,0
2.48438,-2.0648,0
2.4351,-1.98729,0
1.0484,1.66972,0
1.56451,1.4382,0
2.57243,-2.00368,0
2.48735,-1.88788,0
1.65373,-1.49613,0
2.40925,-1.98921,0
2.25349,-1.75273,0
1.66213,-1.48084,0
2.13155,-1.88504,0
2.41782,-2.01372,0
0.97723,1.66827,0
2.42136,-2.0354,0
3.90812,-0.13204,0
0.79642,1.7441,0
2.1706,-1.69421,0
2.4476,-2.02513,0
0.91817,1.80388,0
0.86758,1.69679,0
2.13739,-1.78953,0
2.49351,-2.05768,0
0.66436,1.89791,0
3.88496,-0.06172,0
2.58148,-1.92484,0
1.16563,1.70477,0
2.43823,-1.87219,0
0.62251,2.07211,0
2.50199,-2.11329,0
2.36393,-1.98105,0
2.39016,-1.95708,0
0.81893,1.80431,0
1.79268,-1.63792,0
1.39681,1.5105,0
0.9048,1.69345,0
1.95815,-1.76,0
0.65398,2.05586,0
2.01144,-1.70949,0
2.33135,-2.01857,0
2.15738,-1.7545,0
2.11981,-1.81103,0
2.00432,-1.677,0
0.66403,1.87823,0
2.65927,-2.00447,0
3.86971,-0.07476,0
1.19188,1.68067,0
2.68523,-1.92885,0
1.90083,-1.65532,0
2.51063,-2.10536,0
2.36062,-1.97479,0
1.93798,-1.57031,0
1.67135,-1.48678,0
0.83454,1.80535,0
2.35998,-1.77696,0
0.77349,1.79764,0
1.10962,1.72322,0
1.3721,1.48401,0
1.54765,-1.46162,0
0.57574,1.8726,0
1.8304,-1.57151,0
0.64791,2.0335,0
0.80218,1.76637,0
1.62636,-1.56095,0
2.45996,-2.02397,0
2.40758,-1.84154,0
2.55572,-1.98219,0
1.02058,1.69233,0
0.95266,1.73927,0
2.30834,-1.88622,0
2.30724,-1.82999,0
1.74395,-1.55073,0
1.6966,-1.53796,0
1.09845,1.59193,0
2.23892,-1.73335,0
2.46117,-1.97482,0
2.16442,-1.79576,0
1.77631,-1.50513,0
2.18939,-1.81701,0
1.94905,-1.6919,0
3.89382,-0.11025,0
2.47274,-1.89034,0
2.48299,-2.10885,0
-0.66058,-0.05763,0
2.36959,-1.78812,0
1.6012,-1.42221,0
0.88183,1.74183,0
2.35712,-1.91189,0
1.82908,-1.60274,0
1.91987,-1.6564,0
2.19009,-1.82048,0
2.60807,-2.18029,0
2.0174,-1.71941,0
1.51497,-1.48539,0
2.02617,-1.76595,0
0.60581,2.03818,0
1.74895,-1.62935,0
-0.68014,-0.027,0
2.58981,-1.97158,0
0.94412,1.67052,0
2.69214,-1.95673,0
1.42689,1.5406,0
1.76432,-1.63503,0
1.96035,-1.62846,0
0.80762,1.81237,0
2.15496,-1.84171,0
1.98931,-1.63277,0
2.1059,-1.78254,0
0.97246,1.68665,0
0.61862,1.96425,0
1.8828,-1.70682,0
2.64397,-2.02012,0
-0.66453,-0.00142,0
0.70456,1.80303,0
1.82161,-1.53839,0
0.54871,1.9152,0
1.98256,-1.6018,0
1.91986,-1.75262,0
1.8963,-1.72962,0
2.57894,-2.11296,0
2.24617,-1.85565,0
2.56109,-2.01633,0
1.05762,1.73286,0
3.88525,-0.09564,0
0.842,1.72717,0
1.85368,-1.67284,0
0.61711,1.8462,0
0.81488,1.76315,0
1.67015,-1.44324,0
0.90666,1.80438,0
2.54864,-1.94259,0
1.11183,1.75686,0
1.21456,1.66081,0
2.02488,-1.64919,0
2.70816,-1.99245,0
1.53779,1.43658,0
1.201,1.67435,0
1.11979,1.72194,0
2.50989,-1.9286,0
1.22289,1.55773,0
0.74006,1.92796,0
0.60784,1.95212,0
2.71647,-1.96445,0
1.12103,1.67393,0
2.69842,-2.02388,0
1.08217,1.7455,0
-0.66455,-0.05436,0
2.51563,-2.07479,0
0.5816,1.93581,0
1.17109,1.57274,0
2.02496,-1.62841,0
0.66567,1.97429,0
2.36247,-2.0325,0
2.61308,-2.01103,0
1.00663,1.67834,0
1.67278,-1.58947,0
1.39797,1.46006,0
1.99696,-1.66868,0
1.91458,-1.64601,0
2.43943,-2.06556,0
2.60492,-1.8902,0
0.71461,1.80387,0
1.60333,-1.45946,0
0.98341,1.8034,0
2.58771,-2.15965,0
2.33947,-1.93348,0
1.90935,-1.60544,0
1.93263,-1.56521,0
1.63306,-1.50737,0
1.09726,1.59338,0
1.89828,-1.56824,0
1.87129,-1.62086,0
2.39029,-1.84161,0
1.69524,-1.60471,0
0.84408,1.7482,0
2.00401,-1.74465,0
0.76341,1.75926,0
2.47138,-1.94996,0
1.00372,1.69511,0
3.96108,-0.12395,0
1.92277,-1.63921,0
1.74392,-1.62371,0
1.82463,-1.67605,0
0.67713,1.79928,0
1.45234,1.48865,0
1.06902,1.77607,0
0.52144,1.90521,0
2.71542,-1.97657,0
1.22426,1.52919,0
2.1295,-1.7167,0
2.58134,-2.01073,0
1.42654,1.44966,0
1.4005,1.55004,0
1.84232,-1.52741,0
1.84142,-1.53983,0
2.35904,-1.99979,0
0.73519,1.91904,0
1.07087,1.70776,0
1.21575,1.63249,0
1.69495,-1.53015,0
1.16108,1.66684,0
0.82162,1.85915,0
1.49981,1.4279,0
2.37625,-1.82242,0
2.58559,-2.13934,0
2.38097,-1.83097,0
0.56163,1.88816,0
1.75081,-1.61294,0
1.28032,1.56533,0
2.53882,-1.92942,0
2.15894,-1.86976,0
1.83777,-1.5336,0
1.11991,1.66157,0
0.84241,1.77086,0
2.73234,-1.95469,0
2.29326,-1.77657,0
2.55546,-1.98643,0
1.9835,-1.68774,0
1.86784,-1.71223,0
1.91263,-1.65625,0
1.23805,1.63691,0
1.16953,1.57158,0
2.15608,-1.67845,0
2.45169,-2.09998,0
1.04057,1.70882,0
1.91477,-1.67269,0
0.96547,1.65434,0
1.449,1.44778,0
1.23822,1.60341,0
2.67413,-1.98405,0
1.639,-1.54995,0
0.72447,1.88918,0
2.62022,-2.13619,0
2.31309,-1.81056,0
2.35214,-1.87851,0
2.61394,-1.97329,0
2.25038,-1.75302,0
2.59076,-2.13518,0
0.82903,1.89193,0
0.51405,1.88823,0
2.36734,-1.94373,0
0.89446,1.76427,0
0.58769,1.853,0
2.21568,-1.84481,0
2.30044,-1.9098,0
0.70466,1.90992,0
2.07246,-1.77936,0
0.64819,1.85091,0
1.74233,-1.47694,0
2.38968,-1.98018,0
2.4281,-1.80512,0
1.83523,-1.65302,0
1.35703,1.50161,0
1.32097,1.5932,0
1.01588,1.7161,0
2.12874,-1.6943,0
1.81082,-1.55485,0
1.45053,1.51975,0
0.72888,1.77507,0
1.53019,1.42937,0
1.03448,1.67053,0
1.09593,1.60976,0
0.79561,1.79919,0
2.23964,-1.8714,0
0.90806,1.75809,0
0.8961,1.76222,0
1.90949,-1.62953,0
1.36533,1.54104,0
0.69923,1.83532,0
1.11704,1.64053,0
1.5679,-1.40217,0
0.92617,1.73602,0
0.85345,1.73637,0
2.51759,-1.98142,0
0.64465,2.04937,0
2.63315,-2.06004,0
1.85218,-1.63129,0
2.701,-1.99994,0
1.28835,1.51189,0
2.26296,-1.9129,0
2.49869,-1.88794,0
1.41004,1.54009,0
2.46955,-2.05432,0
1.63191,-1.4718,0
1.54928,-1.4574,0
0.61239,1.89238,0
2.08019,-1.782,0
2.52981,-1.90482,0
0.58486,1.94559,0
0.68379,1.80653,0
0.93868,1.75583,0
1.38711,1.46629,0
0.61104,1.99315,0
2.45257,-1.9112,0
2.37879,-1.85356,0
0.58717,1.83873,0
1.89099,-1.60108,0
2.09491,-1.76361,0
2.52689,-2.07471,0
2.50204,-1.93649,0
2.08305,-1.65568,0
2.57188,-2.18041,0
2.55236,-2.02386,0
1.79593,-1.56925,0
1.23946,1.57314,0
1.97709,-1.6165,0
2.74222,-1.98739,0
2.47807,-1.98266,0
2.53954,-1.87171,0
2.1338,-1.86635,0
2.47107,-2.0644,0
2.58893,-2.04279,0
0.903,1.77682,0
2.67164,-1.92677,0
1.62806,-1.53149,0
2.34238,-1.95656,0
1.15006,1.60886,0
2.14666,-1.78928,0
1.4337,1.50528,0
1.52066,1.4218,0
2.63248,-1.91564,0
2.04762,-1.74084,0
1.95669,-1.64327,0
1.43501,1.49536,0
0.78548,1.9435,0
2.23691,-1.78489,0
3.91668,-0.1291,0
1.78144,-1.66694,0
2.37691,-1.78658,0
1.65837,-1.51957,0
2.62548,-2.10283,0
3.87643,-0.11195,0
2.52659,-1.95158,0
2.74262,-1.96459,0
0.89944,1.69792,0
1.07511,1.75186,0
0.76541,1.80323,0
1.7076,-1.56733,0
1.552,-1.50827,0
1.23384,1.63183,0
2.31459,-1.98988,0
1.99167,-1.67877,0
1.04597,1.755,0
1.79922,-1.60004,0
2.54555,-1.89955,0
1.44513,1.48135,0
1.0787,1.61234,0
0.68134,1.95234,0
2.44985,-1.84765,0
1.88787,-1.58528,0
0.65013,1.97071,0
1.63465,-1.5131,0
2.34275,-1.97209,0
3.894,-0.07723,0
0.66122,1.91259,0
1.18776,1.66272,0
1.12178,1.71513,0
2.46512,-1.95597,0
1.30572,1.5957,0
2.67679,-2.05036,0
1.77173,-1.64202,0
1.35077,1.55877,0
1.81137,-1.59729,0
0.68965,1.99248,0
0.66762,1.98907,0
0.91942,1.86677,0
3.94882,-0.10949,0
1.29381,1.50149,0
0.5232,1.90761,0
0.71772,1.8285,0
1.66873,-1.56285,0
2.30391,-1.76582,0
1.01205,1.77172,0
1.99597,-1.68065,0
-0.68527,-0.01468,0
1.34292,1.58287,0
2.46914,-1.97891,0
2.62576,-2.01826,0
2.48964,-2.10854,0
0.93106,1.80591,0
2.17682,-1.7367,0
1.23835,1.56749,0
2.14042,-1.83233,0
1.01163,1.76574,0
1.65144,-1.53744,0
0.6562,1.82866,0
1.29734,1.50056,0
2.24839,-1.96366,0
0.81667,1.85687,0
1.60999,-1.41767,0
2.10193,-1.82184,0
1.40884,1.46131,0
1.50579,-1.4431,0
-0.65498,8e-05,0
0.68964,1.782,0
1.86608,-1.59109,0
1.95405,-1.69822,0
0.514,1.90398,0
2.2038,-1.88591,0
2.00791,-1.79177,0
2.26586,-1.81145,0
1.05232,1.79311,0
0.69005,2.02033,0
1.67209,-1.53183,0
2.40431,-1.88351,0
2.06551,-1.82626,0
2.63509,-1.99535,0
1.80025,-1.56703,0
1.40999,1.49434,0
0.86667,1.88921,0
2.2736,-1.96474,0
1.65154,-1.58132,0
1.99228,-1.64219,0
2.3779,-1.97501,0
2.59217,-1.99244,0
1.40163,1.51399,0
1.88451,-1.63532,0
2.58196,-2.16042,0
1.3335,1.48359,0
-0.6434,-0.03121,0
1.95685,-1.78042,0
0.97949,1.65767,0
2.36562,-2.04901,0
2.14294,-1.66489,0
1.00715,1.77437,0
0.55262,1.91299,0
2.70886,-1.96305,0
2.29276,-1.83492,0
2.03007,-1.77279,0
1.98805,-1.65656,0
1.46564,1.46589,0
0.93189,1.81107,0
1.42791,1.486,0
2.71927,-1.9441,0
2.65036,-2.06014,0
1.74296,-1.51149,0
1.55614,1.39113,0
1.8336,-1.54387,0
1.64846,-1.43601,0
1.10638,1.68579,0
2.5412,-2.08481,0
2.28045,-1.82778,0
0.83819,1.8688,0
2.57482,-2.09811,0
1.15928,1.59971,0
1.08029,1.62874,0
1.53688,1.41814,0
0.61906,2.00881,0
0.91783,1.75451,0
2.27815,-1.82371,0
2.59195,-2.16516,0
2.46922,-1.84242,0
2.37553,-1.80147,0
0.93349,1.68655,0
2.69133,-1.92335,0
2.57254,-2.1822,0
1.20346,1.66859,0
0.91853,1.70895,0
2.5432,-1.95845,0
2.29812,-1.97395,0
2.20295,-1.84332,0
1.36036,1.58632,0
2.51732,-1.87182,0
1.98406,-1.7981,0
3.92078,-0.12436,0
2.61445,-2.17529,0
3.89116,-0.11168,0
2.54518,-2.13532,0
0.88322,1.80785,0
0.72758,1.99351,0
1.00921,1.69205,0
2.61052,-2.05694,0
1.98058,-1.69655,0
2.63088,-2.14755,0
2.18021,-1.91791,0
3.89743,-0.07583,0
2.06733,-1.76288,0
2.5552,-1.99258,0
2.40053,-1.91288,0
1.97421,-1.7458,0
2.28961,-1.93469,0
1.65589,-1.53237,0
0.60449,1.90336,0
1.51408,1.47352,0
1.60144,-1.47947,0
2.07939,-1.67395,0
1.22616,1.57617,0
1.66784,-1.45654,0
2.53701,-1.98627,0
0.5898,1.85533,0
1.01383,1.70578,0
1.6826,-1.57954,0
2.23855,-1.94585,0
2.42864,-1.95373,0
0.71381,1.87923,0
2.62532,-2.10415,0
1.42041,1.51973,0
2.5886,-1.9325,0
1.1222,1.74116,0
2.50896,-1.90605,0
0.69116,1.92296,0
2.61334,-1.92638,0
-0.68063,-0.04072,0
2.52933,-1.99941,0
2.04381,-1.75195,0
1.19093,1.64496,0
0.71892,1.78642,0
1.61276,-1.50013,0
2.61759,-1.9535,0
2.16331,-1.87019,0
2.32663,-1.92365,0
1.52228,1.46318,0
2.35171,-1.79242,0
2.35515,-1.76248,0
0.81182,1.83714,0
2.59947,-1.9676,0
2.5666,-2.08725,0
3.84869,-0.26724,0
1.03252,1.68765,0
0.66239,1.79304,0
2.04661,-1.65093,0
2.68172,-2.05267,0
0.91401,1.69707,0
2.65354,-2.11695,0
0.54673,1.8492,0
2.45233,-1.93661,0
1.39076,1.51714,0
2.24643,-1.71799,0
0.71785,1.83878,0
0.88979,1.82946,0
0.98625,1.7471,0
1.58025,1.44655,0
0.87689,1.89732,0
1.95154,-1.66849,0
2.52419,-1.84947,0
2.55378,-2.11799,0
1.41379,1.53966,0
2.33651,-1.9973,0
1.80899,-1.56319,0
0.66763,1.99527,0
1.06269,1.67145,0
0.59391,2.01194,0
0.5546,1.92817,0
1.74067,-1.61187,0
0.83224,1.74062,0
0.80997,1.77861,0
2.18941,-1.76585,0
0.7137,1.96208,0
0.7681,1.92399,0
0.86741,1.85722,0
1.35356,1.55424,0
1.01833,1.64922,0
3.92234,-0.14824,0
3.92203,-0.08852,0
3.84487,-0.27013,0
2.45683,-1.86737,0
2.16717,-1.78622,0
0.57622,1.84782,0
2.67401,-2.08107,0
1.29116,1.57797,0
0.72491,1.9502,0
1.84748,-1.61112,0
0.77853,1.77845,0
2.36401,-1.93916,0
2.60218,-2.19769,0
1.12463,1.57683,0
2.13504,-1.86138,0
2.28743,-1.97149,0
1.12725,1.63602,0
1.59491,-1.4996,0
2.00125,-1.69804,0
2.43417,-1.9431,0
0.77073,1.96542,0
2.12222,-1.86488,0
1.12202,1.63881,0
1.26424,1.61472,0
2.36916,-1.81373,0
1.5451,1.39656,0
2.32225,-1.79382,0
2.05055,-1.74153,0
0.96571,1.81522,0
0.54713,1.89075,0
3.87601,-0.09174,0
1.09533,1.74988,0
0.66663,1.94488,0
0.55011,1.84554,0
1.50412,-1.44201,0
1.86042,-1.68712,0
1.88554,-1.6138,0
0.76266,1.75974,0
2.00095,-1.79308,0
2.19429,-1.89167,0
2.58597,-2.17857,0
0.86636,1.80726,0
2.02807,-1.82155,0
1.07052,1.64418,0
3.8512,-0.04962,0
0.65278,1.83641,0
2.30219,-1.88565,0
0.92099,1.87328,0
1.82096,-1.56229,0
0.94832,1.7818,0
2.49209,-1.9177,0
0.62643,2.04944,0
3.91683,-0.11364,0
1.89727,-1.69394,0
1.23288,1.58302,0
1.5477,1.40011,0
1.69053,-1.57521,0
1.49414,1.44863,0
1.01221,1.73251,0
1.46713,1.45524,0
0.87892,1.69506,0
2.24368,-1.72892,0
1.84668,-1.62166,0
1.35094,1.56627,0
3.86724,-0.04981,0
1.5067,-1.47383,0
2.49823,-2.13671,0
0.96,1.834,0
0.68772,1.83465,0
0.84662,1.87577,0
0.58936,1.87216,0
1.74556,-1.60444,0
2.08849,-1.66199,0
2.13575,-1.84939,0
1.97321,-1.58681,0
2.68264,-1.98632,0
0.69066,1.97666,0
2.56697,-2.13592,0
2.45969,-2.08222,0
2.53094,-1.98465,0
2.55843,-2.01297,0
2.1009,-1.76035,0
0.7909,1.78619,0
0.95061,1.79782,0
2.5959,-2.10171,0
2.46876,-1.94509,0
0.58278,1.98369,0
1.92299,-1.59429,0
2.11239,-1.67478,0
1.88112,-1.64098,0
0.87877,1.88495,0
1.07715,1.75307,0
1.54242,1.40891,0
1.93717,-1.68653,0
0.64877,2.02146,0
2.55312,-2.07206,0
2.403,-1.87283,0
0.84297,1.72099,0
0.89126,1.88444,0
2.10343,-1.86363,0
2.47523,-1.92847,0
0.92935,1.86895,0
2.35211,-2.01876,0
0.77071,1.74597,0
0.96574,1.79494,0
2.49601,-2.13156,0
2.50537,-1.98786,0
2.20347,-1.88125,0
-0.64701,-0.04837,0
1.10833,1.58932,0
2.13313,-1.66644,0
0.63674,1.86359,0
1.82138,-1.56664,0
2.56904,-1.96862,0
2.46787,-1.8688,0
2.55379,-1.93027,0
2.5345,-1.87969,0
1.18353,1.69288,0
2.01729,-1.77939,0
1.69231,-1.5239,0
2.34745,-1.97017,0
2.30029,-1.80667,0
3.92254,-0.12728,0
2.12884,-1.75507,0
3.89859,-0.08755,0
-0.6936,0.03311,0
1.83516,-1.65289,0
1.84072,-1.54192,0
0.67534,1.86694,0
1.96103,-1.65512,0
0.91892,1.84022,0
2.34203,-1.96226,0
2.08682,-1.73441,0
2.2208,-1.85953,0
0.84834,1.91749,0
1.40312,1.51249,0
0.58979,1.92896,0
-0.64382,-0.05669,0
0.56166,1.87696,0
1.82113,-1.65665,0
1.42236,1.4769,0
2.25976,-1.74699,0
0.8165,1.76516,0
2.42306,-2.04719,0
2.62387,-1.9499,0
2.32574,-1.79241,0
2.05667,-1.7215,0
2.54027,-2.12383,0
1.95136,-1.59236,0
2.0712,-1.64578,0
2.4951,-2.09696,0
1.57095,-1.48979,0
0.75502,1.79491,0
0.68136,1.78807,0
2.59926,-2.00978,0
0.94709,1.80925,0
2.62992,-2.13135,0
1.10814,1.74111,0
2.26286,-1.84861,0
2.13088,-1.82765,0
2.68163,-2.04977,0
2.49242,-1.9187,0
2.42329,-1.92988,0
1.25782,1.55494,0
2.03287,-1.66667,0
0.94016,1.73191,0
2.29624,-1.95173,0
0.70434,1.9348,0
0.68892,1.86335,0
2.58724,-2.16933,0
2.44062,-2.09658,0
2.24659,-1.91128,0
2.68204,-1.98813,0
1.53406,-1.41495,0
1.28069,1.50188,0
2.1339,-1.8339,0
2.61839,-1.92517,0
2.66639,-2.02577,0
0.93421,1.7219,0
1.91927,-1.56818,0
0.65867,1.80404,0
2.51088,-1.87478,0
1.67291,-1.57232,0
0.81322,1.87885,0
2.08004,-1.85511,0
1.73614,-1.51686,0
3.84379,-0.05619,0
2.39932,-2.06343,0
1.44182,1.50651,0
2.68955,-1.99277,0
1.69783,-1.50851,0
2.31286,-1.87425,0
1.60836,-1.43299,0
1.22948,1.66607,0
0.94204,1.80622,0
2.28013,-1.92986,0
1.72379,-1.62357,0
1.94471,-1.77264,0
2.51272,-1.85739,0
0.97655,1.71763,0
2.2228,-1.92822,0
0.93479,1.74494,0
2.51628,-2.06046,0
0.74842,1.87983,0
2.63653,-2.0181,0
1.25708,1.52384,0
0.91548,1.85707,0
3.87559,-0.05353,0
2.65081,-1.96224,0
0.93986,1.66534,0
1.28718,1.59171,0
2.49356,-1.89643,0
0.65343,1.92776,0
1.80685,-1.61708,0
0.68753,1.83783,0
0.5539,1.89496,0
0.67671,1.99045,0
0.80867,1.76914,0
1.52053,1.38954,0
2.25104,-1.89649,0
0.87172,1.86424,0
2.59068,-1.88236,0
2.43559,-1.95848,0
0.50935,1.88884,0
2.22881,-1.75044,0
1.62015,-1.50179,0
0.82419,1.80784,0
0.9504,1.66453,0
2.3339,-1.83413,0
-0.70174,-0.01379,0
1.18291,1.62964,0
1.28187,1.5248,0
1.21126,1.61008,0
2.42364,-2.03516,0
0.90111,1.76181,0
1.99873,-1.77192,0
1.56923,-1.40814,0
0.55953,1.90766,0
2.52421,-1.88575,0
2.60941,-1.94795,0
2.61008,-2.04233,0
1.1704,1.60356,0
1.71569,-1.48984,0
0.61872,1.90532,0
1.50697,1.40026,0
-0.70296,0.02799,0
1.21835,1.67409,0
1.87457,-1.62577,0
3.90961,-0.13536,0
1.61983,-1.433,0
1.39489,1.52181,0
1.95773,-1.63768,0
0.78139,1.93358,0
0.89283,1.74043,0
0.53861,1.88074,0
1.13766,1.71532,0
0.63951,1.86471,0
2.49574,-2.01062,0
2.10584,-1.86094,0
0.58797,1.965,0
2.05768,-1.83006,0
1.44757,1.46955,0
2.04549,-1.83585,0
2.55281,-1.98248,0
1.18733,1.56914,0
1.38914,1.50261,0
2.61015,-2.16374,0
3.95136,-0.11867,0
1.44502,1.51156,0
2.51339,-2.11604,0
2.09334,-1.73903,0
0.86576,1.70296,0
2.51719,-2.1008,0
1.72755,-1.51584,0
2.40323,-1.85138,0
2.67587,-2.01877,0
2.12337,-1.79498,0
0.742,1.975,0
2.50113,-1.89951,0
1.78663,-1.65266,0
2.49682,-2.03587,0
-0.68572,0.01322,0
2.15301,-1.78213,0
1.26496,1.50961,0
3.87956,-0.11905,0
2.46222,-1.83673,0
2.38761,-1.91021,0
2.21223,-1.74742,0
1.60712,1.41856,0
0.5792,1.98668,0
2.63809,-1.94051,0
2.68538,-2.00246,0
2.51517,-2.01844,0
2.0835,-1.69761,0
1.89808,-1.6982,0
2.19173,-1.85148,0
0.98667,1.68252,0
2.44666,-1.88132,0
1.66315,-1.50545,0
2.12855,-1.81134,0
3.91037,-0.13104,0
3.88007,-0.10104,0
-0.69668,-0.01856,0
3.83486,-0.2913,0
1.56335,1.45932,0
2.2788,-1.86269,0
2.65368,-1.90776,0
2.22924,-1.70616,0
1.03554,1.66644,0
2.23581,-1.86307,0
2.4099,-1.86937,0
0.54016,1.86419,0
0.65791,1.93055,0
2.34115,-1.82371,0
2.30565,-1.75396,0
2.08042,-1.73148,0
0.7735,1.93334,0
2.3397,-1.84216,0
1.01336,1.78745,0
2.35047,-1.97771,0
0.82064,1.77945,0
0.94358,1.72022,0
2.59552,-2.12615,0
1.22177,1.67398,0
1.02094,1.79509,0
1.18745,1.63384,0
2.53799,-2.05229,0
0.72374,1.77206,0
0.64941,1.81471,0
2.18131,-1.75835,0
1.75733,-1.61246,0
1.32768,1.61129,0
1.77921,-1.51144,0
2.54752,-2.14496,0
1.81917,-1.66923,0
0.58869,1.92232,0
1.11241,1.65917,0
2.3801,-1.83741,0
2.49374,-2.05424,0
1.82121,-1.61605,0
2.06128,-1.76409,0
2.36508,-1.78493,0
1.15627,1.6839,0
1.10355,1.627,0
2.3439,-1.99934,0
1.15837,1.562,0
1.49513,1.40743,0
2.6011,-1.95411,0
1.19374,1.67984,0
2.63481,-1.98294,0
2.18268,-1.82329,0
2.71211,-1.99553,0
2.61008,-2.01721,0
2.4763,-2.03045,0
2.32991,-1.90091,0
1.08595,1.62169,0
1.70929,-1.5284,0
1.08013,1.66365,0
0.84329,1.82724,0
1.05159,1.60877,0
0.71879,1.95559,0
0.64257,1.86651,0
2.09012,-1.79788,0
0.66096,1.99799,0
2.34449,-1.81983,0
1.86544,-1.59042,0
0.60383,1.92406,0
2.55729,-1.89495,0
2.25824,-1.89236,0
1.08065,1.74699,0
2.24934,-1.73802,0
0.54532,1.86442,0
2.6739,-2.00363,0
1.31781,1.5266,0
1.18674,1.68577,0
1.86695,-1.58563,0
2.06591,-1.69117,0
2.58873,-2.05027,0
0.65773,1.87492,0
1.83868,-1.55263,0
1.46845,1.44409,0
0.62531,2.00666,0
0.67822,1.80345,0
2.17266,-1.80425,0
2.38035,-1.86053,0
1.8356,-1.6599,0
0.89507,1.76238,0
1.76445,-1.54964,0
1.72302,-1.5843,0
1.0293,1.7245,0
2.57319,-1.90091,0
2.09943,-1.69514,0
2.14996,-1.71811,0
0.93278,1.75658,0
2.41697,-1.94958,0
1.89422,-1.61385,0
0.63863,1.99175,0
1.29777,1.5886,0
0.66187,1.98325,0
2.0476,-1.69953,0
2.11622,-1.77258,0
1.90488,-1.57646,0
2.56847,-1.95617,0
2.60812,-2.1295,0
1.88717,-1.64233,0
0.61078,1.99672,0
0.69255,2.02683,0
0.87859,1.79704,0
2.04712,-1.64441,0
1.81031,-1.63362,0
0.60158,1.81899,0
0.7256,1.76308,0
1.26174,1.60881,0
1.79117,-1.63143,0
1.5466,1.46762,0
1.68186,-1.51857,0
1.15114,1.68362,0
2.35687,-1.98159,0
3.82667,-0.29661,0
2.15785,-1.88873,0
2.44194,-2.0067,0
-0.71321,0.02843,0
1.44921,1.44141,0
2.6257,-1.89996,0
-0.65067,-0.06574,0
2.07632,-1.77554,0
2.68032,-2.03842,0
2.50235,-2.06799,0
0.62244,1.95984,0
0.59333,1.86612,0
0.93832,1.74416,0
2.14691,-1.70342,0
0.75744,1.81742,0
2.65274,-2.04528,0
0.57059,1.94953,0
0.72226,1.96407,0
0.75061,1.9569,0
1.50479,1.39883,0
0.81905,1.90923,0
2.05529,-1.69473,0
2.33184,-1.90506,0
1.80409,-1.57892,0
2.49371,-1.83736,0
0.97803,1.65856,0
2.12249,-1.65345,0
1.74674,-1.5879,0
0.58936,1.93178,0
1.19731,1.56242,0
1.02296,1.80602,0
2.18287,-1.85002,0
0.61953,1.93033,0
0.88516,1.77764,0
1.43515,1.43142,0
0.8229,1.77212,0
1.56514,1.39618,0
2.33774,-1.83066,0
1.25413,1.5874,0
1.78773,-1.5753,0
0.84249,1.77707,0
2.09468,-1.70976,0
0.65973,1.88492,0
1.5044,1.4211,0
2.65824,-1.96996,0
2.00973,-1.69159,0
2.15011,-1.86528,0
0.98456,1.70501,0
2.3297,-1.77696,0
2.65661,-1.93525,0
1.40346,1.55563,0
1.80373,-1.62355,0
2.59612,-1.9889,0
2.72091,-1.9663,0
0.86752,1.835,0
1.8745,-1.56705,0
-0.67904,0.03217,0
1.96586,-1.66222,0
0.94782,1.70263,0
2.32683,-1.86569,0
-0.63479,-0.06655,0
1.73492,-1.47918,0
1.52926,1.38934,0
0.76091,1.92148,0
1.97802,-1.68122,0
2.49456,-1.96059,0
2.14813,-1.78586,0
2.44442,-1.92748,0
2.37813,-1.95423,0
2.43703,-1.96701,0
2.62547,-2.13466,0
2.26671,-1.9755,0
2.60498,-2.15739,0
1.64763,-1.49039,0
0.89342,1.75818,0
1.34279,1.50469,0
1.74802,-1.62621,0
2.61673,-2.11956,0
0.70188,1.92596,0
2.08727,-1.78075,0
2.39945,-1.80727,0
2.4632,-1.81931,0
1.19608,1.65696,0
2.38817,-2.05447,0
1.54564,-1.42539,0
1.55442,-1.47634,0
2.34561,-1.80456,0
0.69794,2.0208,0
1.4982,-1.46777,0
2.20767,-1.91177,0
0.82433,1.80824,0
1.40676,1.52701,0
1.86731,-1.59722,0
1.71625,-1.49528,0
1.7975,-1.64754,0
0.96931,1.80524,0
0.68401,2.03404,0
2.25499,-1.90503,0
2.37102,-1.97655,0
0.63045,2.04479,0
0.85226,1.82592,0
0.73001,1.91409,0
0.74239,1.93093,0
2.0126,-1.67602,0
2.28056,-1.95668,0
0.5252,1.90645,0
2.2975,-1.85711,0
2.15415,-1.80696,0
2.52811,-1.86292,0
1.274,1.53598,0
0.91706,1.78802,0
2.59362,-2.13051,0
2.06995,-1.69987,0
0.71211,1.93822,0
1.94819,-1.65225,0
2.6238,-2.09025,0
1.79832,-1.62934,0
0.68279,1.79166,0
1.21528,1.54787,0
2.69542,-1.95202,0
1.98045,-1.69404,0
1.12735,1.68995,0
2.43607,-1.94427,0
1.36217,1.58679,0
0.79624,1.95508,0
2.22529,-1.85141,0
1.82285,-1.58653,0
2.58427,-1.92182,0
1.22515,1.54116,0
1.55704,-1.43114,0
0.58444,1.87552,0
2.04636,-1.67659,0
2.54155,-2.0112,0
2.51244,-1.84087,0
1.09434,1.62752,0
0.6838,1.90845,0
0.83976,1.91753,0
1.55081,-1.41735,0
2.317,-1.7502,0
1.73438,-1.47778,0
1.03865,1.65932,0
2.53222,-1.98173,0
1.80526,-1.63211,0
0.87829,1.74253,0
2.20525,-1.6945,0
1.53794,1.46184,0
1.51167,1.42243,0
2.2716,-1.73375,0
2.59878,-2.05539,0
2.46598,-2.00186,0
1.10963,1.73834,0
0.63871,1.85636,0
-0.69563,-0.01509,0
2.55153,-2.09549,0
2.48068,-2.12023,0
1.09712,1.74076,0
1.11164,1.64054,0
1.51515,1.47971,0
0.97676,1.65755,0
1.89508,-1.70151,0
1.682,-1.56508,0
1.65236,-1.53912,0
2.56545,-1.91468,0
2.6286,-1.99562,0
1.92465,-1.61866,0
1.74886,-1.63247,0
0.85618,1.75029,0
2.43609,-2.01669,0
1.6595,-1.57351,0
0.91205,1.85115,0
0.82232,1.79408,0
1.03008,1.71902,0
1.69599,-1.46005,0
1.28684,1.58828,0
2.11183,-1.82316,0
2.78297,-1.97433,0
3.94368,0.20158,0
2.8957,-2.01587,0
3.8934,0.12845,0
2.92778,-1.9796,0
2.93236,-1.96504,0
3.84275,0.01995,0
3.8568,0.0239,0
3.88096,0.09559,0
3.8815,0.10415,0
2.81471,-1.99687,0
2.92199,-1.99183,0
2.80597,-1.992,0
3.89391,0.09073,0
3.84375,-0.02079,0
3.85144,0.01384,0
3.94558,0.22387,0
2.86747,-2.01579,0
2.9194,-1.96238,0
3.90576,0.10759,0
2.88704,-2.01792,0
3.86005,0.04482,0
3.92945,0.1582,0
3.89025,0.08719,0
3.91341,0.11962,0
-0.69401,-0.36651,0
3.90257,0.1473,0
3.82964,-0.01077,0
3.86245,0.06805,0
3.86149,0.01765,0
3.89588,0.09161,0
2.90638,-2.00031,0
3.92649,0.15005,0
-0.70443,-0.33304,0
3.91251,0.14832,0
3.92277,0.14401,0
3.94384,0.20682,0
2.76179,-2.05364,0
2.70272,-2.07235,0
3.88101,0.03747,0
2.73366,-2.06681,0
2.72477,-2.06664,0
2.68549,-2.07947,0
3.89688,-0.02713,0
0.46248,1.89781,0
2.76927,-2.04594,0
3.92607,0.00949,0
0.5254,1.96506,0
0.55237,1.97823,0
-0.70783,-0.13958,0
2.74542,-2.13128,0
2.77145,-2.05682,0
3.91747,-0.02414,0
3.96117,0.02181,0
0.46431,1.8855,0
-0.68493,-0.12195,0
3.96753,0.03531,0
0.5053,1.92463,0
2.70231,-2.08983,0
0.54056,1.96235,0
3.9376,-0.01189,0
-0.67018,-0.15411,0
2.75211,-2.08844,0
2.77851,-2.02022,0
0.49241,1.95501,0
3.90185,0.06819,0
3.93407,-0.0254,0
2.75733,-2.08631,0
3.97015,0.00727,0
3.89825,0.04632,0
2.75139,-2.0386,0
2.75963,-1.98314,0
2.72866,-2.06511,0
2.73939,-2.06644,0
3.89818,-0.01404,0
2.72147,-2.08874,0
3.95454,0.00238,0
-0.66339,-0.08094,0
-0.66951,-0.14758,0
0.47694,1.90893,0
2.75936,-2.05603,0
3.91901,0.02612,0
2.70544,-2.0678,0
2.77638,-2.06881,0
0.49845,1.97316,0
0.48643,1.93345,0
3.86931,-0.00342,0
0.49835,1.96307,0
2.75529,-2.00394,0
0.48811,1.93428,0
0.51406,1.97365,0
2.78141,-2.02129,0
3.95128,0.02241,0
3.93138,0.00476,0
2.80063,-2.03817,0
0.51885,2.00053,0
0.4936,1.908,0
-0.66218,-0.07438,0
0.51993,1.91992,0
0.52353,1.94149,0
3.94634,-0.03437,0
-0.67614,-0.08954,0
0.47957,1.88372,0
3.949,0.0115,0
-0.68679,-0.13309,0
3.91641,0.03773,0
3.93017,-0.02364,0
2.68683,-2.0826,0
-0.65742,-0.07911,0
3.92132,0.04937,0
2.75746,-2.07562,0
-0.6783,-0.1703,0
3.90515,9e-05,0
0.49134,1.93513,0
-0.66551,-0.10087,0
3.86172,-0.04082,0
3.90659,-0.06114,0
-0.68773,-0.15607,0
0.4712,1.91278,0
0.5062,1.94213,0
2.71303,-2.07356,0
-0.70009,-0.14877,0
2.75942,-2.05127,0
0.4886,1.93917,0
0.49533,1.925,0
0.51273,1.92749,0
-0.63671,-0.10324,0
0.50717,1.98073,0
3.90112,0.07114,0
2.75348,-2.10164,0
2.76037,-2.05037,0
2.72729,-2.06055,0
-0.7189,-0.16468,0
-0.66648,-0.11828,0
3.90623,-0.05155,0
0.51264,1.9374,0
3.90654,-0.00707,0
3.8939,-0.02161,0
0.5256,1.97935,0
2.77334,-2.07567,0
3.91087,-0.04237,0
2.73551,-2.11043,0
2.78473,-2.01416,0
3.92119,0.02489,0
3.89694,-0.0354,0
2.7589,-2.09654,0
3.88709,-0.01041,0
0.50842,1.9208,0
2.79196,-2.06259,0
0.4955,1.96974,0
3.89016,0.04995,0
3.96219,-0.03701,0
2.77522,-2.11445,0
2.75351,-2.14336,0
3.98112,-0.01211,0
2.82212,-2.02435,0
3.98607,0.01046,0
2.79978,-2.07502,0
3.95707,-0.03822,0
3.96777,-0.01596,0
3.94288,-0.06729,0
3.98727,0.01952,0
2.76473,-2.13417,0
3.99395,0.00827,0
3.98028,-0.01084,0
2.77315,-2.12521,0
3.93767,0.06238,0
2.68506,-2.11257,0
3.96774,-0.08789,0
3.99907,-0.03346,0
2.73656,-2.15291,0
0.57854,2.01277,0
3.99658,-0.04488,0
3.98021,-0.0356,0
3.95996,-0.10571,0
2.70992,-2.13279,0
0.57897,2.0113,0
3.95476,-0.09684,0
3.97529,-0.07614,0
2.70355,-2.13672,0
2.721,-2.14271,0
3.98004,-0.05953,0
3.98988,-0.05502,0
3.98094,-0.03454,0
0.5796,2.01899,0
0.56686,2.00567,0
2.70658,-2.13217,0
2.79483,-2.1259,0
2.81331,-2.07819,0
2.80808,-2.07254,0
2.82232,-2.0952,0
2.79985,-2.09504,0
3.99493,0.04053,0
4.01207,0.01364,0
4.00708,0.01497,0
2.83038,-2.07676,0
2.82558,-2.08224,0
2.86762,-2.0343,0
2.79945,-2.11435,0
2.84094,-2.03407,0
3.92915,0.07454,0
2.80275,-2.14676,0
2.78944,-2.12001,0
4.00744,0.00221,0
4.0069,-0.00462,0
3.92815,0.08404,0
2.81994,-2.07721,0
2.84335,-2.04095,0
2.82012,-2.07498,0
2.79807,-2.12185,0
2.81206,-2.08762,0
3.99839,0.04295,0
3.91988,0.08636,0
3.96125,0.06491,0
2.79649,-2.14472,0
3.89663,-0.28473,0
1.24414,1.7065,0
3.9136,-0.34488,0
3.924,-0.30115,0
1.30342,1.64995,0
3.88038,-0.29164,0
1.18331,1.72303,0
1.55341,1.49611,0
3.86201,-0.37552,0
1.41828,1.55724,0
0.73833,2.03607,0
1.103,1.81276,0
1.44868,1.54592,0
2.51422,-2.1564,0
0.92815,1.88118,0
1.23246,1.68677,0
0.79674,2.03818,0
2.60315,-2.21575,0
1.08138,1.79742,0
1.1126,1.82146,0
1.51042,1.54746,0
1.62546,1.45688,0
3.8803,-0.36183,0
3.99467,-0.18372,0
1.54439,1.48398,0
0.80811,2.01843,0
1.14255,1.75311,0
0.8323,2.01461,0
4.02214,-0.20152,0
1.13641,1.77018,0
2.38849,-2.07125,0
1.43994,1.59367,0
0.73164,2.04916,0
1.11532,1.76109,0
0.81721,1.95223,0
1.11571,1.75479,0
0.88399,1.94179,0
2.6296,-2.2085,0
1.02598,1.88336,0
3.94183,-0.23136,0
1.94867,-1.78217,0
1.41804,1.5842,0
2.37874,-2.06249,0
1.33258,1.66301,0
3.85388,-0.29437,0
0.94923,1.88191,0
0.93583,1.88414,0
1.56115,1.51625,0
3.88069,-0.27858,0
1.05873,1.80909,0
1.15886,1.7706,0
1.27461,1.67001,0
0.94911,1.87726,0
3.99363,-0.1699,0
0.87681,1.9136,0
2.53043,-2.17715,0
0.88553,1.96824,0
3.86545,-0.39595,0
1.53324,1.50761,0
1.37797,1.64111,0
3.94872,-0.22423,0
3.91437,-0.2831,0
1.49041,1.51035,0
0.76032,2.05598,0
1.51628,1.5096,0
1.52642,1.50908,0
0.75397,2.04921,0
3.95344,-0.23801,0
3.86591,-0.40798,0
1.47999,1.54935,0
2.59643,-2.20529,0
0.7765,2.05068,0
1.43816,1.56286,0
1.30027,1.64072,0
0.85791,1.99132,0
0.77517,2.03552,0
0.77975,1.97957,0
0.87496,1.92927,0
2.40385,-2.09222,0
0.93214,1.88664,0
0.91598,1.91673,0
3.89945,-0.32454,0
1.20505,1.75941,0
0.99753,1.86344,0
0.98766,1.90084,0
1.18558,1.72212,0
1.14125,1.746,0
1.31654,1.67689,0
2.66883,-2.14874,0
0.95846,1.90586,0
1.51117,1.50839,0
1.27005,1.65406,0
1.6009,1.48173,0
1.1254,1.76201,0
3.96116,-0.25999,0
1.93915,-1.77276,0
1.35076,1.61244,0
1.28885,1.65917,0
4.00457,-0.20031,0
0.8443,1.97041,0
2.28145,-2.01059,0
3.86409,-0.29037,0
1.12726,1.78943,0
1.48822,1.52221,0
1.48485,1.55005,0
0.94659,1.87521,0
0.80554,1.99823,0
2.08527,-1.87355,0
1.12034,1.77612,0
0.72147,2.03028,0
1.05815,1.84025,0
1.13626,1.74963,0
3.97042,-0.22184,0
3.89607,-0.33544,0
1.60643,1.46116,0
3.90471,-0.28423,0
1.61674,1.45201,0
1.38511,1.59326,0
0.99161,1.9082,0
1.44528,1.56813,0
1.24874,1.71972,0
1.35573,1.65881,0
2.24849,-1.98421,0
2.38389,-2.08053,0
3.90336,-0.25994,0
3.93809,-0.22335,0
1.57227,1.46476,0
1.03471,1.82279,0
1.04393,1.84055,0
3.85754,-0.3895,0
2.58412,-2.20519,0
0.8957,1.91193,0
2.61274,-2.23233,0
2.60019,-2.22385,0
1.59914,1.47901,0
0.77024,2.05178,0
3.87745,-0.27891,0
1.11995,1.77307,0
1.13932,1.76756,0
1.44383,1.57985,0
1.16974,1.73471,0
0.94684,1.91525,0
1.0893,1.79613,0
2.42651,-2.09435,0
3.9639,-0.22329,0
0.88921,1.93842,0
1.36095,1.65103,0
1.14737,1.76219,0
0.96724,1.91872,0
1.20776,1.72531,0
0.96976,1.85903,0
1.47924,1.5639,0
2.61821,-2.23409,0
0.74649,2.06322,0
1.37532,1.64509,0
0.8722,1.92082,0
3.90396,-0.33807,0
3.97436,-0.1571,0
0.9752,1.8472,0
3.95945,-0.14342,0
3.90578,-0.32409,0
1.15695,1.76031,0
0.72824,2.03135,0
3.88247,-0.32783,0
1.0334,1.87108,0
3.90504,-0.36766,0
1.51486,1.50689,0
3.96965,-0.2269,0
1.08511,1.81886,0
0.93515,1.93806,0
2.4246,-2.09938,0
0.79346,1.99943,0
0.80298,2.03637,0
2.32898,-2.03819,0
1.35333,1.64765,0
1.07185,1.85028,0
3.90801,-0.28438,0
2.62615,-2.17979,0
0.78183,1.99403,0
4.01868,-0.1786,0
0.81305,1.97415,0
3.98033,-0.2355,0
1.15627,1.77254,0
3.97204,-0.18201,0
0.98638,1.85383,0
0.97113,1.87623,0
3.96861,-0.22522,0
2.40183,-2.08934,0
3.93074,-0.18846,0
0.803,1.95976,0
3.8652,-0.38557,0
1.05974,1.86152,0
0.78391,2.03209,0
1.61101,1.47514,0
2.36441,-2.06108,0
1.01897,1.86808,0
1.43527,1.58679,0
1.10641,1.7764,0
3.93691,-0.20589,0
1.44759,1.54312,0
1.11565,1.808,0
1.1113,1.8226,0
1.01239,1.8669,0
3.90687,-0.36198,0
1.2995,1.66247,0
1.30655,1.63916,0
1.13194,1.8032,0
0.76289,2.04361,0
0.82906,2.01317,0
0.93413,1.87993,0
2.6806,-2.13708,0
1.55074,1.48803,0
0.94422,1.88081,0
1.15249,1.78235,0
1.56349,1.46952,0
1.60309,1.45671,0
0.9634,1.86418,0
3.8355,-0.35837,0
2.57193,-2.19066,0
3.96004,-0.28113,0
0.84063,1.94924,0
0.75983,2.0041,0
1.58256,1.48402,0
1.62116,1.45554,0
0.99817,1.90505,0
1.09672,1.8122,0
3.62497,-0.77954,0
2.5024,-2.14502,0
1.60916,1.48263,0
0.74724,1.99596,0
1.25412,1.72183,0
1.01354,1.83349,0
2.39483,-2.07502,0
4.01427,-0.19701,0
1.43681,1.58738,0
1.13246,1.7965,0
3.88439,-0.35967,0
1.3098,1.63301,0
0.88333,1.90854,0
2.32664,-2.02987,0
1.52965,1.53425,0
1.34459,1.66476,0
3.83384,-0.3359,0
1.46791,1.55495,0
0.92199,1.89004,0
2.41066,-2.08261,0
3.98809,-0.21028,0
1.08541,1.80373,0
2.51673,-2.16614,0
0.94181,1.91996,0
3.91816,-0.26683,0
1.89621,-1.74622,0
4.0044,-0.22198,0
0.94369,1.87239,0
2.63894,-2.15366,0
0.96532,1.86565,0
1.05606,1.84219,0
2.66046,-2.17814,0
0.7127,2.03281,0
1.42466,1.59882,0
1.20011,1.71057,0
1.56573,1.51407,0
2.45937,-2.12367,0
1.46178,1.58033,0
2.09613,-1.87926,0
1.49238,1.54019,0
1.41874,1.56234,0
3.90546,-0.34871,0
0.70744,2.03318,0
3.88995,-0.30681,0
1.49197,1.5214,0
1.24673,1.69784,0
2.63387,-2.18048,0
3.83321,-0.35172,0
1.95684,-1.78418,0
1.57585,1.45418,0
3.98766,-0.20075,0
3.85702,-0.38276,0
1.22738,1.68507,0
0.8487,1.96656,0
1.22874,1.71758,0
2.39017,-2.07767,0
3.89469,-0.32691,0
1.62207,1.45835,0
1.50547,1.50188,0
3.93368,-0.29279,0
1.52179,1.49372,0
2.23166,-1.96623,0
2.19459,-1.94419,0
0.89637,1.95694,0
1.20669,1.75502,0
2.56773,-2.20324,0
0.8659,1.94764,0
0.90828,1.91356,0
2.13333,-1.92667,0
1.16366,1.80894,0
0.87867,2.01052,0
2.55841,-2.22789,0
1.85998,-1.74596,0
0.95094,1.9464,0
1.46975,1.5859,0
4.00733,-0.26693,0
3.93383,-0.35662,0
2.59363,-2.2411,0
2.22125,-1.99118,0
1.5734,-1.53441,0
2.1555,-1.95772,0
1.35463,1.68405,0
1.07149,1.85867,0
3.99468,-0.25677,0
2.2757,-2.03646,0
2.0475,-1.86044,0
3.87436,-0.42994,0
1.71449,-1.63474,0
1.42048,1.62005,0
1.48481,1.58506,0
0.82377,2.03507,0
0.81107,2.07251,0
2.13795,-1.9146,0
2.20144,-1.9896,0
0.84521,2.01888,0
0.84082,2.01395,0
1.41791,1.62546,0
1.06173,1.86284,0
2.08927,-1.90949,0
1.29846,1.72567,0
1.0204,1.90371,0
0.93431,1.96133,0
2.24344,-2.01435,0
2.23765,-2.00191,0
1.68917,-1.61621,0
1.39632,1.64866,0
1.53865,1.54824,0
0.81469,2.03521,0
1.13463,1.81658,0
1.78146,-1.67956,0
1.41728,1.62106,0
2.2678,-2.01419,0
1.37465,1.66253,0
2.31267,-2.0455,0
2.23168,-1.98132,0
1.29406,1.70541,0
0.82189,2.06787,0
1.9798,-1.82069,0
1.20184,1.7666,0
2.18914,-1.96301,0
0.93601,1.95453,0
2.55797,-2.21349,0
2.30892,-2.03663,0
2.52414,-2.19715,0
1.4648,1.59094,0
0.88103,2.00573,0
2.18782,-1.97515,0
4.02213,-0.25611,0
2.12024,-1.92769,0
2.38232,-2.08652,0
2.10661,-1.90769,0
1.06227,1.87301,0
2.22093,-1.9741,0
1.18306,1.7855,0
1.07515,1.87999,0
2.26909,-2.02129,0
2.53686,-2.20779,0
1.30959,1.70529,0
4.01322,-0.26257,0
3.87105,-0.42709,0
0.97071,1.94702,0
0.87525,2.00474,0
0.95453,1.9489,0
3.94426,-0.35639,0
2.40444,-2.11408,0
1.12557,1.84008,0
1.90638,-1.7774,0
1.68806,-1.62014,0
1.9534,-1.78675,0
1.62325,1.47563,0
2.06834,-1.86843,0
2.26849,-2.01285,0
1.095,1.8699,0
3.9512,-0.32696,0
3.6458,-0.75882,0
1.42798,1.61361,0
0.91369,1.99404,0
1.33234,1.70194,0
0.94176,1.95656,0
0.87289,2.01021,0
1.19545,1.7954,0
0.93157,1.97253,0
2.06819,-1.86527,0
1.72909,-1.65185,0
1.57433,1.50915,0
3.91865,-0.3536,0
0.81253,2.04789,0
2.58611,-2.22561,0
1.12309,1.83183,0
1.73982,-1.65734,0
1.46317,1.6034,0
2.58564,-2.224,0
1.20554,1.7806,0
1.08841,1.86706,0
1.02747,1.90031,0
2.15813,-1.95243,0
2.2577,-2.0013,0
2.14269,-1.9185,0
1.25947,1.74614,0
2.46746,-2.15135,0
1.52404,1.56008,0
3.63611,-0.76772,0
3.98013,-0.27512,0
0.95563,1.95567,0
1.22156,1.76115,0
3.94568,-0.3237,0
4.02718,-0.24336,0
1.20142,1.77459,0
1.52051,1.56322,0
3.94556,-0.32442,0
2.16201,-1.93092,0
2.06306,-1.88764,0
1.15465,1.82906,0
2.0832,-1.90321,0
1.30395,1.70642,0
4.02443,-0.22734,0
0.79146,2.06378,0
1.59687,1.50068,0
3.92649,-0.35892,0
1.3469,1.67999,0
1.1889,1.80258,0
2.44606,-2.13956,0
1.82807,-1.72329,0
2.4705,-2.14397,0
3.92702,-0.36418,0
2.45606,-2.16508,0
1.14345,1.82109,0
1.30664,1.71932,0
3.92729,-0.36175,0
3.88855,-0.40521,0
1.34127,1.6724,0
1.54809,1.52709,0
1.34876,1.67662,0
1.31266,1.69846,0
0.99299,1.91636,0
1.94104,-1.79874,0
1.46331,1.59565,0
1.59344,-1.54721,0
3.89966,-0.39091,0
1.82839,-1.70915,0
1.31981,1.6889,0
0.98998,1.94331,0
0.78515,2.06882,0
2.04608,-1.87616,0
3.93349,-0.37397,0
2.471,-2.17887,0
3.83834,-0.48809,0
2.25493,-2.02219,0
1.6825,1.45129,0
3.917,-0.40172,0
2.10363,-1.89864,0
2.31743,-2.0442,0
2.56386,-2.22747,0
3.64516,-0.7791,0
0.82964,2.04317,0
1.43842,1.6194,0
2.3449,-2.08852,0
1.4716,1.5831,0
1.73509,-1.64693,0
1.15986,1.80561,0
1.90608,-1.7575,0
1.28193,1.73936,0
2.08438,-1.8984,0
1.38232,1.65715,0
1.94228,-1.78195,0
4.00692,-0.27588,0
1.89825,-1.7711,0
0.82223,2.06162,0
2.01302,-1.84592,0
2.02068,-1.85375,0
2.37811,-2.10878,0
2.44582,-2.13736,0
2.07336,-1.87963,0
2.33035,-2.06945,0
4.013,-0.16797,0
4.0204,-0.20559,0
2.65506,-2.22026,0
2.65842,-2.20386,0
4.03796,-0.18765,0
2.6521,-2.24857,0
3.6331,-0.80505,0
2.63918,-2.22372,0
2.65675,-2.19734,0
2.66433,-2.22575,0
2.70675,-2.15149,0
2.66139,-2.20645,0
2.65831,-2.22365,0
2.66043,-2.22514,0
4.02378,-0.2111,0
4.03046,-0.17609,0
2.69556,-2.14842,0
3.64602,-0.78479,0
3.09079,-1.74729,0
3.98338,0.12008,0
3.02275,-1.88453,0
2.95614,-1.95682,0
2.86903,-2.07458,0
2.92044,-2.06876,0
4.01976,0.0969,0
3.94113,0.10839,0
3.09331,-1.72959,0
3.96935,0.10433,0
2.93597,-1.99732,0
2.90861,-2.10131,0
4.02454,0.09346,0
3.96267,0.12475,0
3.99718,0.09176,0
3.03385,-1.84761,0
3.99361,0.08241,0
3.01458,-1.90462,0
3.05546,-1.79618,0
2.8667,-2.07317,0
4.03441,0.09881,0
3.93861,0.16082,0
2.96244,-1.96947,0
3.09235,-1.75667,0
3.10802,-1.72243,0
2.92432,-2.0632,0
2.90409,-2.08905,0
2.94935,-2.01508,0
4.0033,0.08185,0
2.96317,-1.9935,0
4.02367,0.08035,0
3.04452,-1.83952,0
3.00933,-1.90817,0
2.91335,-2.10355,0
2.88747,-2.07422,0
4.00008,0.14321,0
3.10616,-1.7121,0
3.05071,-1.81938,0
3.04816,-1.82251,0
3.0747,-1.75291,0
3.98089,0.11837,0
2.87177,-2.0835,0
2.88371,-2.04982,0
2.94194,-1.96923,0
3.06125,-1.77935,0
4.01316,0.09613,0
3.1124,-1.6629,0
2.95268,-1.9848,0
3.07579,-1.77746,0
3.99826,0.14343,0
2.92721,-2.04618,0
3.9447,0.17428,0
3.96581,0.16272,0
2.92926,-1.99963,0
4.0237,0.11662,0
3.95983,0.16371,0
3.02836,-1.8681,0
2.91429,-2.07596,0
2.91028,-2.08536,0
3.7699,0.43246,0
3.31236,-1.52443,0
3.28731,-1.76174,0
3.41967,-1.45119,0
3.33954,-1.69265,0
3.38646,-1.55435,0
3.34094,-1.4912,0
3.82348,0.56156,0
3.26081,-1.67892,0
3.31966,-1.51994,0
3.88656,0.45937,0
3.88977,0.53546,0
3.83589,0.61967,0
3.87148,0.61319,0
3.9014,0.44039,0
3.19683,-1.73699,0
3.87402,0.58951,0
3.42092,-1.35239,0
3.8455,0.49846,0
3.88968,0.45358,0
3.37247,-1.28228,0
3.28591,-1.69904,0
3.40646,-1.44833,0
3.81176,0.57277,0
3.91538,0.60824,0
3.30944,-1.53148,0
3.35476,-1.28478,0
3.33704,-1.34389,0
3.42605,-1.30032,0
3.40397,-1.45386,0
3.34,-1.35801,0
3.3678,-1.6453,0
3.83824,0.42339,0
3.13524,-1.70275,0
3.32901,-1.42593,0
3.86392,0.60578,0
3.84959,0.50423,0
3.83313,0.58938,0
3.8918,0.48492,0
3.36333,-1.67571,0
3.90613,0.49953,0
3.82621,0.61124,0
3.38237,-1.3094,0
3.78935,0.45997,0
3.84998,0.57914,0
3.40679,-1.49933,0
3.42364,-1.28758,0
3.87081,0.57023,0
3.17633,-1.69932,0
3.79101,0.41516,0
3.40079,-1.2598,0
3.8861,0.53726,0
3.34782,-1.49291,0
3.322,-1.662,0
3.1969,-1.69307,0
3.87734,0.44485,0
3.4422,-1.30537,0
3.31286,-1.52703,0
3.41625,-1.27465,0
3.86183,0.50021,0
3.90913,0.56689,0
3.37637,-1.44783,0
3.79952,0.4478,0
3.89369,0.39625,0
3.26731,-1.73825,0
3.93601,0.54807,0
3.96142,0.63481,0
3.42942,-1.33684,0
3.82242,0.61741,0
3.83885,0.59948,0
3.40613,-1.36573,0
3.82504,0.64764,0
3.14176,-1.72057,0
3.36251,-1.311,0
3.36336,-1.41065,0
3.27388,-1.64872,0
3.78904,0.41904,0
3.46855,-1.25086,0
3.39332,-1.58961,0
3.88073,0.42437,0
3.24293,-1.69508,0
3.38745,-1.38268,0
3.31504,-1.42139,0
3.36799,-1.41381,0
3.31356,-1.7702,0
3.3488,-1.5723,0
3.42545,-1.42218,0
3.81663,0.45525,0
3.89542,0.50792,0
3.36921,-1.29049,0
3.35046,-1.37616,0
3.42987,-1.32052,0
3.79195,0.48741,0
3.80382,0.43487,0
3.36213,-1.38832,0
3.3232,-1.73254,0
3.42838,-1.30044,0
3.3896,-1.53997,0
3.83336,0.62074,0
3.35659,-1.33379,0
3.33451,-1.42445,0
3.86652,0.55693,0
3.31894,-1.59501,0
3.83861,0.5955,0
3.81064,0.51106,0
3.35557,-1.40103,0
3.26839,-1.65085,0
3.89278,0.4388,0
3.86617,0.63641,0
3.27418,-1.70198,0
3.40784,-1.30472,0
3.86432,0.56648,0
3.28798,-1.67379,0
3.90708,0.44691,0
3.4624,-1.25686,0
3.43614,-1.35758,0
3.39706,-1.42234,0
3.90072,0.59139,0
3.28921,-1.55806,0
-0.5115,-0.77732,0
3.39885,-1.33632,0
3.92871,0.49074,0
3.82048,0.58919,0
3.37816,-1.35179,0
3.93361,0.55908,0
3.79847,0.55277,0
3.35801,-1.56766,0
3.90459,0.41291,0
3.26666,-1.75841,0
3.16296,-1.72944,0
3.34574,-1.42165,0
3.77717,0.45332,0
3.79665,0.52832,0
3.90921,0.54346,0
3.40848,-1.47176,0
3.2874,-1.65973,0
3.29672,-1.7543,0
3.31557,-1.54489,0
3.9004,0.5686,0
3.35722,-1.43343,0
3.83048,0.4396,0
3.379,-1.59076,0
3.76636,0.42519,0
3.37763,-1.28907,0
3.36341,-1.67315,0
3.36992,-1.48933,0
3.36194,-1.52183,0
3.78437,0.43925,0
3.38226,-1.42134,0
3.1336,-1.70238,0
3.89213,0.55509,0
3.33444,-1.6174,0
3.36073,-1.34579,0
3.30428,-1.60721,0
3.8331,0.60753,0
3.33988,-1.33428,0
3.83842,0.42152,0
3.78983,0.46437,0
3.37753,-1.36842,0
3.37771,-1.2768,0
3.21165,-1.70016,0
3.26762,-1.65314,0
3.89455,0.59098,0
3.34312,-1.68655,0
3.83725,0.56659,0
3.37708,-1.4735,0
3.37929,-1.27083,0
3.34575,-1.64417,0
3.45681,-1.33206,0
3.35546,-1.71814,0
3.91268,0.47609,0
3.37041,-1.58693,0
3.1593,-1.67571,0
3.90841,0.47798,0
3.43427,-1.40322,0
3.29093,-1.56882,0
3.82909,0.47107,0
3.31532,-1.70121,0
3.13665,-1.6944,0
3.92401,0.56439,0
3.91401,0.58274,0
3.87996,0.4065,0
3.83547,0.48134,0
3.34214,-1.72716,0
3.87835,0.58389,0
3.37101,-1.49065,0
3.37175,-1.65901,0
3.87953,0.60657,0
3.26694,-1.7353,0
3.85086,0.65256,0
3.288,-1.73609,0
3.84431,0.59583,0
3.38472,-1.25316,0
3.37295,-1.58788,0
3.91807,0.58443,0
3.2731,-1.72699,0
3.36086,-1.54367,0
3.20177,-1.72233,0
3.38746,-1.49949,0
3.17147,-1.73526,0
3.41695,-1.37153,0
3.81762,0.59207,0
3.3405,-1.36165,0
3.34361,-1.72131,0
3.34287,-1.60311,0
3.82426,0.40723,0
3.4303,-1.42561,0
3.37064,-1.46305,0
3.90063,0.61874,0
3.39906,-1.44601,0
3.36297,-1.64719,0
3.80574,0.44264,0
3.26126,-1.72833,0
3.42606,-1.36955,0
3.24702,-1.71425,0
3.34226,-1.45264,0
3.3345,-1.76674,0
3.87358,0.48547,0
3.89491,0.62763,0
3.29226,-1.51094,0
3.88686,0.37431,0
3.7851,0.48326,0
3.38583,-1.41536,0
3.34887,-1.664,0
3.26013,-1.75468,0
3.81891,0.61174,0
3.24569,-1.71508,0
3.40914,-1.38274,0
3.33434,-1.51741,0
3.3736,-1.49955,0
3.41707,-1.41685,0
3.47234,-1.25201,0
3.28398,-1.74951,0
3.77077,0.4241,0
3.85618,0.45925,0
3.30736,-1.57635,0
3.26928,-1.65556,0
3.45069,-1.2753,0
3.40455,-1.46007,0
3.3344,-1.70819,0
3.17319,-1.70046,0
3.26221,-1.67559,0
3.28673,-1.64727,0
3.84315,0.61019,0
3.92784,0.58407,0
3.88409,0.50985,0
3.36986,-1.47751,0
3.32165,-1.66592,0
3.4377,-1.33214,0
3.8421,0.48825,0
3.30636,-1.5322,0
3.8539,0.49734,0
3.39323,-1.49729,0
3.87494,0.38978,0
3.8971,0.63571,0
3.3385,-1.32442,0
3.33604,-1.51913,0
3.86445,0.44379,0
3.41998,-1.4096,0
3.31318,-1.60058,0
3.3064,-1.76582,0
3.36498,-1.33247,0
3.86085,0.40114,0
3.37725,-1.2567,0
3.41652,-1.49573,0
3.81318,0.40122,0
3.21075,-1.73025,0
3.34352,-1.77216,0
3.31104,-1.58417,0
3.90233,0.5557,0
3.88247,0.53778,0
3.79038,0.47987,0
3.44421,-1.2676,0
3.87045,0.58271,0
3.41813,-1.26038,0
3.87106,0.64472,0
3.38175,-1.32244,0
3.4226,-1.31714,0
3.8404,0.39488,0
3.38307,-1.56458,0
3.84867,0.43725,0
3.35474,-1.65748,0
3.14848,-1.71958,0
3.36027,-1.38572,0
3.81629,0.5973,0
3.82646,0.56419,0
3.32683,-1.75122,0
3.35127,-1.44384,0
3.8873,0.57005,0
3.36975,-1.63477,0
3.43701,-1.41709,0
3.80367,0.4952,0
3.3507,-1.3645,0
3.835,0.58073,0
3.90522,0.62213,0
3.31415,-1.51856,0
3.8414,0.43741,0
3.86665,0.39871,0
3.9071,0.41695,0
3.82161,0.44429,0
3.26007,-1.66403,0
3.44033,-1.27574,0
3.23101,-1.7634,0
3.15121,-1.74401,0
3.11508,-1.73628,0
3.24952,-1.81542,0
3.14288,-1.80647,0
3.97417,0.46693,0
3.11372,-1.74704,0
3.93587,0.39106,0
3.11256,-1.73219,0
3.90354,0.37973,0
3.19629,-1.82121,0
3.9442,0.54331,0
3.92585,0.46223,0
3.1936,-1.79384,0
3.95448,0.38042,0
3.15665,-1.77765,0
3.93656,0.30555,0
3.14593,-1.74223,0
3.26158,-1.77287,0
3.16526,-1.77237,0
3.13377,-1.75449,0
3.1741,-1.78809,0
3.95102,0.41092,0
3.27825,-1.78182,0
3.24837,-1.81098,0
3.20628,-1.76624,0
3.96201,0.39543,0
3.95174,0.4779,0
3.18045,-1.77374,0
3.93319,0.45958,0
3.94996,0.41898,0
3.11261,-1.80842,0
3.11696,-1.8075,0
3.22116,-1.84326,0
3.9571,0.35503,0
3.93063,0.41401,0
3.92367,0.27254,0
3.11532,-1.76473,0
3.24404,-1.84458,0
3.24535,-1.80942,0
3.13246,-1.76457,0
3.21226,-1.82082,0
3.99884,0.50087,0
3.9192,0.28025,0
3.94002,0.37232,0
3.90255,0.3813,0
3.17717,-1.77116,0
3.96227,0.46589,0
3.26467,-1.77695,0
3.90149,0.37357,0
3.95038,0.34917,0
3.94156,0.49608,0
3.95234,0.39093,0
3.94236,0.49928,0
3.15605,-1.79614,0
3.21374,-1.77006,0
3.15475,-1.75726,0
3.92327,0.44765,0
3.22609,-1.8188,0
3.17879,-1.80825,0
3.90799,0.3619,0
3.111,-1.77967,0
3.22741,-1.76862,0
3.17716,-1.80277,0
3.19668,-1.77336,0
3.91762,0.38334,0
3.16698,-1.78948,0
3.95039,0.5372,0
3.93338,0.35364,0
3.93896,0.49901,0
3.14754,-1.82039,0
3.12963,-1.74444,0
3.23277,-1.80946,0
3.97619,0.46096,0
3.15147,-1.78557,0
3.1881,-1.83103,0
3.93315,0.39166,0
3.95192,0.38805,0
3.97619,0.48463,0
3.94455,0.22698,0
3.96058,0.20436,0
3.10941,-1.86008,0
3.074,-1.89015,0
3.9653,0.32906,0
3.96483,0.2593,0
3.97184,0.22438,0
3.08371,-1.83919,0
4.02462,0.319,0
3.06854,-1.88343,0
3.11642,-1.87367,0
3.958,0.18302,0
3.97107,0.37328,0
3.08679,-1.81837,0
4.0169,0.36525,0
4.00524,0.24945,0
3.15308,-1.8337,0
4.0237,0.31806,0
3.09404,-1.90614,0
3.12002,-1.86019,0
3.07656,-1.85736,0
3.13864,-1.90429,0
3.07521,-1.93556,0
4.00304,0.37747,0
3.96596,0.31379,0
3.08551,-1.86813,0
3.09585,-1.82916,0
3.11696,-1.90477,0
3.12209,-1.84543,0
3.1343,-1.93358,0
3.97763,0.37851,0
3.99074,0.2086,0
4.00381,0.3035,0
3.02732,-1.91628,0
4.02796,0.29285,0
3.15651,-1.86313,0
3.08292,-1.93379,0
3.14544,-1.91844,0
3.94852,0.29252,0
4.00883,0.24592,0
3.96699,0.30452,0
3.98344,0.34863,0
3.10025,-1.84641,0
3.12721,-1.91772,0
3.05519,-1.9074,0
3.98603,0.27101,0
3.97502,0.20253,0
3.97766,0.32611,0
3.95714,0.26264,0
4.00878,0.35049,0
3.0891,-1.92665,0
3.06529,-1.82978,0
3.11132,-1.87578,0
3.10915,-1.81086,0
3.17489,-1.83745,0
3.98597,0.23858,0
3.12714,-1.92772,0
3.0624,-1.91457,0
3.13908,-1.91548,0
4.02732,0.35375,0
3.09644,-1.82311,0
3.99788,0.38184,0
3.99785,0.22295,0
3.07399,-1.85912,0
4.0036,0.26633,0
3.13927,-1.89812,0
3.98219,0.21508,0
3.02925,-1.89342,0
3.11326,-1.91288,0
3.96945,0.19821,0
3.03932,-1.91542,0
3.12676,-1.88421,0
3.14261,-1.91904,0
3.05779,-1.86105,0
3.99272,0.28056,0
3.13577,-1.95628,0
3.98132,0.25017,0
3.98769,0.36819,0
3.07286,-1.89568,0
4.04254,0.35118,0
3.99224,0.24631,0
3.97573,0.2979,0
3.07795,-1.85163,0
3.97867,0.25408,0
3.99717,0.37035,0
3.02922,-1.8842,0
3.97316,0.32391,0
4.02997,0.33966,0
3.98505,0.16123,0
2.96282,-2.04836,0
3.99942,0.19935,0
3.99972,0.17522,0
4.0509,0.1433,0
4.04156,0.18507,0
3.02688,-1.96269,0
3.02104,-1.96833,0
3.01345,-2.00345,0
4.06435,0.13159,0
4.08634,0.16165,0
4.02869,0.1343,0
2.97382,-2.03655,0
3.99667,0.18791,0
4.04911,0.15385,0
2.94718,-2.05075,0
2.95785,-2.0291,0
2.9641,-2.04855,0
3.0133,-1.958,0
4.07247,0.12883,0
4.03138,0.17213,0
2.96213,-2.04141,0
3.01434,-1.95693,0
2.9872,-2.03966,0
4.04164,0.18249,0
4.01537,0.17419,0
3.01215,-1.97639,0
3.00893,-2.01491,0
3.01823,-1.93193,0
3.01247,-2.01864,0
3.00674,-1.99225,0
2.98877,-1.99576,0
4.024,0.19787,0
3.01428,-1.94141,0
2.94703,-2.05257,0
2.98378,-2.02362,0
3.03232,-1.95303,0
3.01159,-1.97506,0
3.00364,-2.01928,0
3.00358,-1.98297,0
4.00882,0.15418,0
3.01856,-1.9457,0
3.04313,-1.95498,0
4.08331,0.15832,0
4.03997,0.15017,0
3.02962,-1.95428,0
3.00189,-1.93581,0
3.01617,-2.00332,0
4.06095,0.17846,0
4.06571,0.15654,0
4.07167,0.12614,0
3.99505,0.18153,0
4.08881,-0.04329,0
4.06572,-0.0909,0
3.99408,-0.12689,0
4.04603,-0.08956,0
2.82362,-2.13549,0
4.065,-0.08253,0
4.0041,-0.09188,0
2.83867,-2.10648,0
4.07447,-0.07628,0
4.03215,-0.15067,0
3.99755,-0.06815,0
4.00146,-0.11099,0
2.832,-2.14775,0
4.08392,-0.04376,0
4.03277,-0.05615,0
4.01659,-0.14393,0
4.03799,-0.04666,0
2.84987,-2.09654,0
4.10323,-0.02655,0
4.06918,-0.01069,0
2.84666,-2.11456,0
4.00193,-0.09673,0
2.80405,-2.1597,0
4.05604,-0.04506,0
4.00176,-0.13106,0
3.62206,-0.84018,0
2.81771,-2.1474,0
4.03236,-0.13653,0
4.06098,-0.00552,0
4.01984,-0.03953,0
4.09999,-0.04648,0
3.6212,-0.84239,0
3.9759,-0.10068,0
4.07286,-0.05666,0
4.05446,-0.11245,0
3.98387,-0.07823,0
4.02692,-0.14367,0
2.82613,-2.11566,0
4.06544,-0.05183,0
4.04609,-0.04135,0
4.0369,-0.05023,0
4.06785,-0.0479,0
3.97951,-0.11402,0
4.07006,-0.13194,0
2.80384,-2.1692,0
2.7812,-2.15381,0
4.08182,-0.1107,0
4.11482,-0.07195,0
3.6799,-0.77789,0
4.10347,-0.08168,0
4.08259,-0.12067,0
4.06178,-0.15191,0
2.79294,-2.1649,0
4.09141,-0.09137,0
4.05126,-0.17087,0
2.76682,-2.15633,0
3.6915,-0.7557,0
4.05136,0.2855,0
4.03126,0.20204,0
3.09301,-1.95026,0
3.20256,-1.88874,0
4.06584,0.32523,0
3.1835,-1.90573,0
4.06425,0.2616,0
4.06127,0.2958,0
3.17932,-1.892,0
4.08957,0.33649,0
3.16308,-1.89075,0
4.03826,0.1977,0
4.02613,0.23817,0
4.05411,0.24071,0
4.03716,0.29356,0
4.0254,0.21435,0
3.17751,-1.93271,0
4.05905,0.31579,0
3.18408,-1.84051,0
4.05643,0.35286,0
4.0395,0.20663,0
3.17994,-1.87018,0
3.18584,-1.85564,0
4.03298,0.25894,0
4.04283,0.20968,0
4.05615,0.32965,0
4.06023,0.34061,0
3.18801,-1.91798,0
4.08763,0.32613,0
4.07856,0.34542,0
3.18573,-1.9004,0
4.08574,0.32525,0
4.02799,0.22196,0
3.19296,-1.87485,0
4.07167,0.3015,0
3.18765,-1.84559,0
3.19574,-1.87179,0
4.02186,0.25876,0
4.02887,0.25071,0
3.15199,-1.93314,0
4.01697,0.22243,0
4.03207,0.2502,0
3.21644,-1.84394,0
4.02972,0.22903,0
4.03638,0.25253,0
4.0604,0.26756,0
3.19536,-1.91572,0
3.18407,-1.95564,0
4.09325,0.34154,0
4.07679,0.35038,0
3.23689,-1.85282,0
4.07022,0.26184,0
4.04938,0.21263,0
3.20304,-1.9192,0
4.09572,0.3377,0
4.08593,0.31128,0
3.22255,-1.86124,0
3.23015,-1.85085,0
4.09277,0.31904,0
4.08131,0.21316,0
4.07452,0.25904,0
3.13754,-1.98659,0
3.14564,-2.01428,0
4.08998,0.23207,0
3.06242,-1.94162,0
3.04825,-1.97849,0
3.0636,-1.95224,0
3.14193,-1.99037,0
4.07991,0.18975,0
4.07955,0.19827,0
3.10326,-1.97678,0
4.09485,0.20834,0
4.09764,0.21256,0
3.12011,-1.99102,0
4.08107,0.20623,0
3.09756,-1.97816,0
4.09378,0.20152,0
4.05338,0.19679,0
3.63142,-0.86688,0
3.08792,-1.95866,0
3.08867,-1.97733,0
3.04969,-1.96214,0
3.14278,-1.98074,0
3.06816,-1.99031,0
4.10091,0.22765,0
4.11607,0.24817,0
4.10381,0.2449,0
3.12452,-2.00972,0
3.06019,-1.97543,0
3.10892,-2.00682,0
3.08422,-1.97688,0
4.07032,0.19538,0
3.14137,-1.99473,0
3.14507,-2.00948,0
3.04149,-1.96941,0
3.22709,-1.90118,0
3.63962,-0.86526,0
4.10991,0.32482,0
4.1179,0.31614,0
3.52748,-1.14336,0
3.51001,-1.17131,0
4.11447,0.30758,0
4.10616,0.30487,0
3.47989,-1.27327,0
3.24021,-1.86112,0
3.53321,-1.14582,0
3.51019,-1.1861,0
3.5286,-1.15998,0
3.62928,-0.89809,0
3.64591,-0.85416,0
3.20203,-1.96627,0
3.21828,-1.91817,0
3.84922,0.95627,0
3.6776,-0.98215,0
3.70442,-1.45641,0
3.81219,0.75003,0
3.55885,1.01188,0
3.75324,0.92873,0
3.61353,0.98481,0
3.59385,0.87324,0
3.67242,-1.06813,0
3.69221,1.01877,0
3.55249,0.88372,0
3.6017,-1.15897,0
3.63342,-1.29032,0
3.69249,-0.85143,0
3.53258,-1.33561,0
3.55701,0.98827,0
3.66965,-1.25363,0
3.54987,0.97913,0
3.69179,-1.42474,0
3.60827,0.82482,0
3.54989,-1.37146,0
3.65664,-1.36933,0
3.68633,0.92897,0
3.61217,0.87326,0
3.73585,-1.01943,0
3.69496,0.92894,0
3.71966,0.96595,0
3.64368,-0.97113,0
3.7286,-0.77669,0
3.56219,-1.30335,0
3.55242,-1.41315,0
3.52298,-1.28821,0
3.57224,0.83198,0
3.64871,-1.32745,0
3.72078,-1.07026,0
3.73167,0.87245,0
3.71127,-1.29639,0
3.55855,0.90375,0
3.5495,0.81177,0
3.67814,-1.42212,0
3.73439,-1.22452,0
3.59203,-1.23854,0
3.62695,-1.1899,0
3.83026,0.81104,0
3.67873,0.81605,0
3.59804,-1.36791,0
3.56126,1.02268,0
3.76257,0.94214,0
3.74594,0.92878,0
3.5048,-1.42346,0
3.66735,0.93671,0
3.58806,-1.25699,0
3.58738,0.88501,0
3.82827,0.97682,0
3.70786,-0.97978,0
3.83981,0.93398,0
3.56566,-1.36288,0
3.73743,0.9367,0
3.56003,-1.29953,0
3.7379,0.7868,0
3.55823,1.00629,0
3.60643,-1.1858,0
3.67498,-0.95107,0
3.71288,-1.19937,0
3.61855,1.02802,0
3.71867,-1.21882,0
3.67039,0.93141,0
3.54285,1.00463,0
3.62411,-1.06263,0
3.58161,-1.34895,0
3.59304,0.80044,0
3.63086,-1.22554,0
3.87557,0.7792,0
3.70709,-0.87206,0
3.576,1.02604,0
3.62526,-1.10657,0
3.65063,-0.94926,0
3.51706,1.01183,0
3.80583,1.0169,0
3.63413,-1.31519,0
3.71361,-0.73915,0
3.74743,-0.9211,0
3.88069,0.97721,0
3.71424,0.91611,0
3.70961,0.91684,0
3.67063,-1.1031,0
3.72912,0.96227,0
3.82683,1.00284,0
3.73115,-1.08664,0
3.82082,0.76129,0
3.61506,0.96756,0
3.52829,-1.19264,0
3.79157,0.89354,0
3.59835,-1.13012,0
3.61096,-1.3653,0
3.65271,0.8944,0
3.43634,-1.44015,0
3.62889,-1.08265,0
3.63792,0.98827,0
3.78052,0.7662,0
3.58275,0.8328,0
3.73838,-0.91179,0
3.6789,0.869,0
3.70524,-1.38186,0
3.54255,-1.18249,0
3.67519,0.79715,0
3.7316,0.95959,0
3.65858,1.00568,0
3.63121,-1.05274,0
3.64939,-1.17249,0
3.69049,0.78866,0
3.69417,0.90136,0
3.61629,-1.19276,0
3.6491,0.84853,0
3.69711,-1.00723,0
3.82381,0.83913,0
3.69315,0.77573,0
3.83466,0.83351,0
3.76439,0.78318,0
3.53026,0.93536,0
3.57721,0.81977,0
3.5081,-1.411,0
3.62157,-1.06444,0
3.57368,-1.2506,0
3.74241,-1.1599,0
3.56599,0.86763,0
3.5978,0.99487,0
3.58949,-1.3435,0
3.63765,-1.3387,0
3.53471,-1.34237,0
3.52209,-1.34871,0
3.75431,0.78903,0
3.79579,0.94675,0
3.7184,-1.42206,0
3.45374,-1.39752,0
3.80617,0.98628,0
3.78518,1.01909,0
3.82747,0.91118,0
3.67044,-1.06657,0
3.71704,-1.15585,0
3.51346,-1.27197,0
3.71841,-1.35631,0
3.71664,-1.27082,0
3.63194,-1.39269,0
3.72158,-0.97272,0
3.72773,-0.98401,0
3.87945,0.93452,0
3.59981,-1.27922,0
3.49314,-1.31715,0
3.83817,1.01776,0
3.68368,-0.80198,0
3.57136,-1.22855,0
3.6813,-1.47392,0
3.69915,0.9598,0
3.75965,0.9834,0
3.52975,-1.44027,0
3.63055,-1.43887,0
3.50645,0.87452,0
3.57494,-1.29539,0
3.72499,-1.09713,0
3.57191,-1.42633,0
3.79431,1.01655,0
3.67302,-1.26468,0
3.62847,-1.16762,0
3.52224,0.81632,0
3.61552,0.86515,0
3.56845,-1.21344,0
3.72728,-0.81425,0
3.71336,-0.8999,0
3.50122,-1.40182,0
3.72744,-1.14134,0
3.62225,-1.23625,0
3.67581,-1.19693,0
3.54271,-1.31729,0
3.76227,-0.75133,0
3.54674,-1.17593,0
3.54909,-1.23801,0
3.56228,-1.45978,0
3.88053,0.81526,0
3.65812,-1.22367,0
3.7184,-1.38662,0
3.64412,1.01979,0
3.7432,0.98319,0
3.51017,0.85429,0
3.65237,-0.98734,0
3.76928,0.96059,0
3.70832,-0.76592,0
3.53911,-1.44829,0
3.69329,-1.05103,0
3.65203,-0.87056,0
3.75823,0.75715,0
3.6983,0.79251,0
3.60812,-1.40087,0
3.52438,0.99955,0
3.70677,-0.91986,0
3.70947,0.7896,0
3.63862,-1.03375,0
3.65735,-1.02417,0
3.75962,-0.94649,0
3.65246,-1.29404,0
3.61698,1.03442,0
3.79496,0.95059,0
3.68705,-1.01692,0
3.53572,-1.20525,0
3.70789,1.0117,0
3.6974,-1.27552,0
3.60212,0.9597,0
3.65782,-1.16324,0
3.86917,0.90887,0
3.74608,0.93365,0
3.64018,-1.11767,0
3.58825,-1.31312,0
3.55529,-1.20087,0
3.55835,0.95876,0
3.75839,-0.73017,0
3.65706,-1.41434,0
3.61417,0.94215,0
3.74719,-0.95563,0
3.48225,-1.42469,0
3.5701,-1.39336,0
3.67395,0.85919,0
3.8474,0.81467,0
3.56329,-1.19854,0
3.87165,0.84968,0
3.71861,-1.14493,0
3.74197,-1.15769,0
3.48969,-1.29211,0
3.5579,0.93434,0
3.85163,0.80507,0
3.71922,-0.76894,0
3.63028,0.86321,0
3.55315,0.94377,0
3.69364,-1.26819,0
3.59535,0.89717,0
3.65243,-1.15822,0
3.72428,-1.38956,0
3.77101,0.85768,0
3.77863,0.98359,0
3.60711,0.8004,0
3.66993,1.01948,0
3.86074,0.98016,0
3.72615,0.87234,0
3.72175,-1.13559,0
3.77284,0.76857,0
3.71537,0.81549,0
3.58749,-1.19982,0
3.76509,0.77939,0
3.70638,-1.24115,0
3.79826,0.98998,0
3.78389,0.96448,0
3.64322,-1.21444,0
3.52112,-1.34919,0
3.85428,0.85868,0
3.83498,0.92349,0
3.52804,-1.21615,0
3.549,-1.44117,0
3.86156,0.91339,0
3.74993,-1.08633,0
3.72984,-0.84378,0
3.71514,-1.12757,0
3.85522,0.89024,0
3.72622,-1.07022,0
3.73098,-0.87763,0
3.61601,-1.43818,0
3.83908,0.74095,0
3.59243,1.02555,0
3.72767,0.95777,0
3.66348,-1.05558,0
3.6728,-0.86157,0
3.65214,-1.06053,0
3.70879,-0.9222,0
3.58402,-1.17175,0
3.7327,-1.1835,0
3.67122,-1.316,0
3.62065,-1.19458,0
3.71448,-0.89836,0
3.70402,-1.03555,0
3.61962,-1.06098,0
3.74362,-0.8179,0
3.62243,-1.41489,0
3.56264,-1.18344,0
3.71511,-0.99553,0
3.6548,0.9961,0
3.70734,-1.33902,0
3.53695,0.87408,0
3.79575,0.80012,0
3.50333,0.82539,0
3.66742,-1.02705,0
3.57033,0.94075,0
3.74738,-0.73404,0
3.71058,-0.95264,0
3.58563,-1.19981,0
3.85343,1.0142,0
3.61512,-1.33738,0
3.6965,-1.47059,0
3.76831,0.78275,0
3.72035,-0.81977,0
3.61659,0.85439,0
3.56444,-1.13941,0
3.55009,-1.34469,0
3.57141,-1.15329,0
3.84175,0.87812,0
3.89676,0.99881,0
3.58323,-1.30478,0
3.70794,-1.26029,0
3.58066,0.93453,0
3.55866,-1.27553,0
3.54765,1.0157,0
3.58733,-1.12769,0
3.65531,-1.13871,0
3.6346,-1.03666,0
3.8159,0.90782,0
3.7192,-1.16249,0
3.68374,-0.93733,0
3.81657,0.80729,0
3.58465,0.83091,0
3.50497,-1.30866,0
3.73457,-1.29018,0
3.65816,-1.42484,0
3.61657,1.02391,0
3.58908,-1.32059,0
3.70069,-0.98526,0
3.73459,-1.0624,0
3.63967,-0.94433,0
3.69918,-1.09026,0
3.81501,0.92871,0
3.62585,0.98012,0
3.72628,0.8131,0
3.67969,0.84184,0
3.51049,0.91508,0
3.87416,1.00029,0
3.55331,-1.42897,0
3.68123,-1.03843,0
3.51241,-1.27038,0
3.68432,-1.31235,0
3.52565,0.97693,0
3.77427,1.00063,0
3.56199,0.97568,0
3.72975,-0.90273,0
3.63018,0.95425,0
3.73913,-0.83404,0
3.69021,0.84623,0
3.56144,-1.30689,0
3.61236,0.94269,0
3.53521,0.82928,0
3.70366,0.95982,0
3.57348,0.95689,0
3.57469,-1.14655,0
3.88434,0.96024,0
3.75399,0.7991,0
3.8259,0.98141,0
3.53963,-1.30174,0
3.69228,1.02312,0
3.70886,0.96251,0
3.5953,-1.44495,0
3.82007,0.88963,0
3.55819,-1.42888,0
3.57657,-1.39944,0
3.53874,-1.42314,0
3.6415,1.01334,0
3.76001,0.89452,0
3.69461,-1.20923,0
3.80671,0.80043,0
3.76351,0.84912,0
3.72878,-1.38696,0
3.61377,0.93306,0
3.7485,-0.88851,0
3.80128,0.80454,0
3.67741,0.90624,0
3.51533,-1.33262,0
3.69565,-1.36457,0
3.78468,0.88317,0
3.53397,0.85833,0
3.56506,-1.16431,0
3.66781,-1.24896,0
3.68226,-1.09787,0
3.58169,-1.24371,0
3.62888,-1.39729,0
3.56068,0.94854,0
3.75906,-0.77009,0
3.6142,0.88166,0
3.89406,0.97288,0
3.59971,1.01744,0
3.60952,0.96907,0
3.74618,-1.05111,0
3.67046,0.86642,0
3.56818,-1.34692,0
3.6439,-0.88825,0
3.55424,-1.3977,0
3.58533,-1.22772,0
3.69936,-0.9961,0
3.66142,0.87689,0
3.65261,-1.1784,0
3.63037,-1.28937,0
3.52548,0.9458,0
3.53917,0.82622,0
3.55105,-1.27902,0
3.85801,0.68462,0
3.8672,1.01133,0
3.57479,0.98576,0
3.74179,-0.86771,0
3.69467,-0.96159,0
3.76035,0.84539,0
3.6607,-1.09428,0
3.50208,0.82267,0
3.51583,-1.33876,0
3.64845,0.92764,0
3.61167,0.8124,0
3.6208,-1.42772,0
3.70709,-1.29622,0
3.59058,0.9192,0
3.62153,-1.14042,0
3.73068,-0.78672,0
3.66216,-1.17596,0
3.62086,0.99077,0
3.57209,0.81266,0
3.8322,0.88281,0
3.806,0.76883,0
3.85499,0.71593,0
3.60466,-1.03838,0
3.60879,0.92991,0
3.51513,-1.32584,0
3.78764,0.9042,0
3.5644,-1.42108,0
3.55426,-1.14299,0
3.46011,-1.45803,0
3.68302,-0.9422,0
3.72377,-1.20734,0
3.7897,0.85352,0
3.78148,0.98828,0
3.69863,-1.42164,0
3.87197,0.7086,0
3.64937,-0.9828,0
3.87248,0.83654,0
3.69503,-1.11299,0
3.75662,-0.89854,0
3.50256,-1.27,0
3.73586,-1.06492,0
3.71568,0.78713,0
3.46703,-1.44593,0
3.63497,-0.94445,0
3.80729,0.88455,0
3.58126,-1.42256,0
3.70815,-1.09355,0
3.84974,0.71857,0
3.75323,0.76455,0
3.64095,-1.45531,0
3.55769,0.90643,0
3.56353,1.03302,0
3.67896,-0.97848,0
3.67229,-1.30757,0
3.69997,-1.33285,0
3.62127,-1.02343,0
3.65877,-1.05063,0
3.68009,-1.27406,0
3.52486,-1.46202,0
3.64238,-1.33619,0
3.59801,-1.35105,0
3.70486,-0.89588,0
3.46382,-1.33666,0
3.51936,-1.43593,0
3.65828,0.88519,0
3.68268,0.96918,0
3.59457,-1.19125,0
3.77232,0.97691,0
3.51538,-1.38015,0
3.53793,-1.18278,0
3.74097,0.91264,0
3.74756,0.81809,0
3.74299,-1.15302,0
3.55636,-1.23773,0
3.47619,-1.35439,0
3.71676,-0.81615,0
3.68268,-1.36516,0
3.68113,-1.42225,0
3.82525,0.99298,0
3.73416,-1.1777,0
3.63097,-1.21225,0
3.55622,0.91423,0
3.60644,-1.3486,0
3.70478,-0.78382,0
3.71554,1.02859,0
3.6956,-1.09969,0
3.73059,0.99392,0
3.58568,-1.32067,0
3.56586,-1.29033,0
3.85155,0.7106,0
3.77527,0.98921,0
3.74666,0.95162,0
3.64627,-1.07211,0
3.78582,0.90265,0
3.77303,0.86532,0
3.67932,-0.98363,0
3.56788,-1.25034,0
3.61897,0.89145,0
3.77843,1.02366,0
3.64648,-0.96455,0
3.72656,-0.87302,0
3.55636,-1.13014,0
3.62655,0.9805,0
3.66024,-1.32149,0
3.66578,0.9154,0
3.58405,-1.17355,0
3.85707,0.67704,0
3.67302,0.82948,0
3.71757,-1.40973,0
3.80543,0.83355,0
3.64369,-1.274,0
3.65361,0.98227,0
3.67977,-0.8761,0
3.82927,0.85691,0
3.68996,-0.97444,0
3.75616,0.95727,0
3.70767,0.80738,0
3.61807,0.84335,0
3.59581,0.93001,0
3.72902,-0.76827,0
3.65085,-1.3634,0
3.67889,1.00274,0
3.72921,-0.90581,0
3.72427,-1.33373,0
3.69742,-1.1144,0
3.48378,-1.28174,0
3.57069,-1.18861,0
3.70081,0.9341,0
3.73891,-0.85276,0
3.51521,-1.39806,0
3.66499,0.78374,0
3.69279,-1.17355,0
3.55826,0.929,0
3.75941,-0.92048,0
3.6732,-1.33153,0
3.87725,1.00091,0
3.65426,-0.93605,0
3.7479,0.90846,0
3.73423,-1.06896,0
3.67932,-0.81982,0
3.70263,0.89617,0
3.69942,-0.93144,0
3.68091,-1.26828,0
3.60663,-1.26778,0
3.56476,0.98777,0
3.76298,-0.76008,0
3.61457,-1.18622,0
3.66934,-0.82886,0
3.60479,1.02339,0
3.77036,-0.73464,0
3.65498,-1.31116,0
3.70737,0.99727,0
3.70388,-1.10445,0
3.69329,-1.06099,0
3.68447,-0.80817,0
3.71687,-0.8729,0
3.48377,-1.37109,0
3.60362,0.97778,0
3.69021,-1.46321,0
3.70298,-1.45677,0
3.46376,-1.44621,0
3.6901,-0.85413,0
3.74987,0.76789,0
3.48335,-1.30599,0
3.72566,-1.38328,0
3.57071,-1.28587,0
3.73574,-0.81926,0
3.67862,0.86295,0
3.86566,1.01016,0
3.73948,-1.11744,0
3.88209,0.96831,0
3.68661,-1.13631,0
3.67129,0.83413,0
3.70554,-1.29227,0
3.73041,-0.98662,0
3.57345,0.99162,0
3.56995,0.95643,0
3.67575,-1.20806,0
3.86406,0.86316,0
3.55308,-1.33755,0
3.82432,0.77496,0
3.59532,0.83028,0
3.66915,0.81623,0
3.6132,-1.31504,0
3.65591,-1.08036,0
3.54084,1.03381,0
3.74075,-1.09986,0
3.61296,-1.25335,0
3.8822,0.81375,0
3.79372,0.86196,0
3.7249,-1.32068,0
3.77147,0.96995,0
3.68324,0.81637,0
3.7249,-0.93693,0
3.69614,-1.45016,0
3.67311,1.00598,0
3.64618,-1.10213,0
3.56783,-1.41156,0
3.47402,-1.34319,0
3.8811,0.74229,0
3.65386,-0.86541,0
3.73913,-0.98221,0
3.71928,0.93942,0
3.4795,-1.30366,0
3.65165,-1.33814,0
3.7953,0.79793,0
3.69802,-0.99846,0
3.63281,-1.19757,0
3.57125,-1.39919,0
3.70361,-1.3341,0
3.67324,0.92762,0
3.69162,-1.01041,0
3.71439,-0.91493,0
3.71082,-1.24064,0
3.50848,-1.22892,0
3.671,0.93952,0
3.72185,-1.20535,0
3.71112,0.7846,0
3.65072,-1.23314,0
3.63687,0.94348,0
3.52502,-1.20099,0
3.63879,-1.44037,0
3.65527,-1.27859,0
3.63207,-1.18257,0
3.77144,0.95145,0
3.63186,-1.22701,0
3.67766,-0.83603,0
3.49001,-1.29289,0
3.6221,-1.20236,0
3.59849,0.96479,0
3.68535,0.85037,0
3.69387,-1.11704,0
3.75831,0.9161,0
3.74654,-0.94687,0
3.80081,0.85884,0
3.67503,-1.36412,0
3.5406,-1.42562,0
3.89297,0.94622,0
3.87388,0.84576,0
3.60561,-1.28975,0
3.87811,0.90436,0
3.6193,-1.2337,0
3.59233,-1.32297,0
3.85062,0.79902,0
3.71114,-1.05528,0
3.71154,0.92179,0
3.7275,-0.80078,0
3.61823,0.93523,0
3.53907,-1.42102,0
3.72825,-1.17928,0
3.8456,0.8801,0
3.43982,-1.42249,0
3.70893,-1.42816,0
3.6539,-1.13021,0
3.6588,-1.10588,0
3.66725,-1.31845,0
3.61051,1.00088,0
3.88208,0.97928,0
3.52808,-1.19353,0
4.08962,0.46319,0
4.06371,0.40701,0
3.27414,-1.85195,0
3.27049,-1.82949,0
4.03516,0.3859,0
4.01539,0.42905,0
3.33766,-1.81495,0
3.38934,-1.64303,0
3.36091,-1.75905,0
3.43702,-1.54244,0
4.06489,0.46229,0
3.43932,-1.53034,0
3.30036,-1.80238,0
3.38507,-1.6893,0
3.36708,-1.80921,0
4.03267,0.51544,0
4.02868,0.52296,0
4.08956,0.46752,0
3.30067,-1.7908,0
3.40023,-1.70592,0
3.41373,-1.52388,0
3.35589,-1.83688,0
3.45126,-1.52011,0
3.30709,-1.77943,0
4.0159,0.49231,0
3.32366,-1.78827,0
3.31157,-1.79356,0
3.39782,-1.71444,0
3.33845,-1.81411,0
3.33983,-1.80663,0
3.99846,0.38854,0
3.38631,-1.64029,0
3.33858,-1.81379,0
4.05182,0.39216,0
3.33493,-1.85797,0
3.33036,-1.8696,0
4.01557,0.51675,0
4.0185,0.49093,0
3.40885,-1.55613,0
3.39281,-1.68493,0
3.30741,-1.78297,0
4.06299,0.45601,0
3.43111,-1.4863,0
3.39103,-1.72015,0
3.29688,-1.83223,0
3.32418,-1.85478,0
3.40639,-1.68425,0
4.06508,0.45826,0
4.03794,0.50357,0
3.44052,-1.47387,0
3.43475,-1.57246,0
4.0224,0.51994,0
3.33067,-1.81267,0
4.06782,0.50002,0
4.02641,0.44047,0
4.03726,0.43653,0
3.31977,-1.83915,0
4.04866,0.51068,0
3.33419,-1.82152,0
3.36337,-1.82123,0
3.28545,-1.79333,0
3.99674,0.46482,0
4.00948,0.53111,0
4.08719,0.46007,0
3.99467,0.44921,0
3.35003,-1.76437,0
4.03478,0.47024,0
4.04151,0.47425,0
3.4302,-1.5724,0
3.41029,-1.55625,0
4.06125,0.49417,0
4.05712,0.45859,0
4.02614,0.39612,0
4.03454,0.36927,0
3.45881,-1.49082,0
3.3923,-1.66766,0
3.41556,-1.56262,0
3.37206,-1.69422,0
4.07897,0.44702,0
3.3647,-1.80994,0
3.42379,-1.53356,0
3.34289,-1.85502,0
3.31781,-1.82112,0
3.32117,-1.78288,0
3.43013,-1.51942,0
4.0186,0.4272,0
3.33875,-1.84753,0
3.45838,-1.47026,0
3.42744,-1.47657,0
3.38177,-1.75232,0
4.02861,0.49231,0
3.41442,-1.52553,0
4.0579,0.4575,0
3.39497,-1.59562,0
4.02875,0.44236,0
4.05188,0.42761,0
3.27739,-1.80146,0
3.41132,-1.62593,0
3.30406,-1.86298,0
3.41981,-1.5161,0
4.01896,0.4411,0
3.42728,-1.54018,0
3.42754,-1.56806,0
3.38852,-1.72885,0
3.28046,-1.83717,0
3.44186,-1.55157,0
4.08733,0.44097,0
4.09828,0.48285,0
3.27988,-1.86,0
3.41526,-1.66693,0
4.10677,0.48399,0
3.3896,-1.74321,0
3.47076,-1.48787,0
4.08688,0.43818,0
4.10251,0.49727,0
4.08353,0.42986,0
4.07848,0.40251,0
3.37274,-1.80866,0
4.01184,0.55438,0
3.43452,-1.68846,0
3.40952,-1.75209,0
3.39068,-1.77751,0
3.47495,-1.49939,0
3.40611,-1.73989,0
4.06406,0.5201,0
4.039,0.53715,0
3.46888,-1.53599,0
4.09385,0.5412,0
3.46187,-1.56837,0
4.00908,0.55995,0
3.38014,-1.82791,0
3.45361,-1.60977,0
3.48575,-1.46611,0
3.39785,-1.77053,0
4.00182,0.55195,0
3.42871,-1.65343,0
4.01877,0.55162,0
3.39924,-1.8047,0
3.45178,-1.59116,0
3.9512,0.56047,0
3.95819,0.55293,0
4.00615,0.54262,0
4.01737,0.56102,0
3.47675,-1.48945,0
3.99778,0.55135,0
3.99597,0.56329,0
3.40749,-1.73021,0
3.40841,-1.72713,0
3.99593,0.56751,0
4.08493,0.51603,0
4.00039,0.53645,0
4.03042,0.53861,0
3.41549,-1.68063,0
4.03122,0.53923,0
4.04806,0.52632,0
3.4246,-1.67951,0
3.36153,-1.84682,0
3.45155,-1.612,0
3.48602,-1.50676,0
3.41305,-1.73657,0
3.54932,-1.59773,0
3.53678,-1.57243,0
3.91628,0.74619,0
3.49892,-1.6434,0
3.49906,-1.57031,0
4.00942,0.64862,0
3.5341,-1.48178,0
4.00035,0.71211,0
3.96525,0.6277,0
4.01454,0.59026,0
3.53574,-1.48905,0
3.88488,0.72861,0
3.51086,-1.6136,0
3.99578,0.70483,0
3.53933,-1.55446,0
3.53293,-1.60859,0
3.56902,-1.49579,0
3.93345,0.71879,0
3.99408,0.63436,0
3.50338,-1.46797,0
4.00265,0.59712,0
3.98534,0.60409,0
4.03201,0.67789,0
3.55111,-1.51471,0
3.99219,0.58451,0
3.93279,0.66878,0
3.50283,-1.69405,0
3.54981,-1.59159,0
3.49333,-1.57873,0
4.04507,0.72291,0
4.00686,0.59231,0
3.96568,0.64626,0
3.5324,-1.69823,0
3.53639,-1.54386,0
3.9895,0.72348,0
3.97761,0.73406,0
3.48652,-1.5313,0
3.51963,-1.49177,0
3.48126,-1.60254,0
3.99469,0.71143,0
3.94536,0.64864,0
3.94494,0.64244,0
3.5048,-1.5597,0
3.49347,-1.62593,0
3.97901,0.59933,0
3.9635,0.73754,0
3.97956,0.67524,0
4.0043,0.72049,0
3.52504,-1.69494,0
3.99416,0.61798,0
4.04018,0.69111,0
3.52141,-1.52316,0
3.5283,-1.70821,0
3.51833,-1.56092,0
3.57062,-1.47134,0
4.04056,0.70089,0
3.48669,-1.65982,0
3.47885,-1.66848,0
3.51549,-1.68967,0
3.50035,-1.52543,0
3.90334,0.73075,0
3.52229,-1.68106,0
3.52366,-1.66363,0
3.47503,-1.62082,0
3.55129,-1.47111,0
3.54484,-1.52569,0
4.02747,0.69217,0
3.90456,0.70007,0
3.54509,-1.57164,0
3.52579,-1.65721,0
3.49574,-1.67519,0
4.02626,0.63291,0
3.95281,0.64794,0
3.4727,-1.61846,0
3.45391,-1.67408,0
4.01916,0.7008,0
3.89234,0.73124,0
3.46171,-1.655,0
3.50453,-1.65443,0
3.98857,0.71391,0
3.55845,-1.46706,0
3.51581,-1.70721,0
4.01637,0.70378,0
3.91864,0.67834,0
4.03064,0.66486,0
3.88536,0.68097,0
3.98321,0.6678,0
3.5346,-1.59761,0
3.50252,-1.68029,0
3.55479,-1.54323,0
3.95036,0.65687,0
3.8963,0.68166,0
3.48214,-1.5806,0
3.50669,-1.68047,0
3.55615,-1.52541,0
3.51216,-1.65393,0
3.49053,-1.70751,0
4.03255,0.67029,0
3.98872,0.69158,0
3.51649,-1.49237,0
3.92087,0.72068,0
4.00024,0.70429,0
3.49483,-1.62652,0
3.51612,-1.67684,0
3.99937,0.67322,0
3.5107,-1.47024,0
3.94241,0.65406,0
3.93598,0.66168,0
3.57053,-1.49797,0
3.55405,-1.50276,0
3.96832,0.62688,0
3.96269,0.64313,0
3.93967,0.73002,0
3.46369,-1.67569,0
3.88694,0.76105,0
3.97013,0.58758,0
3.96452,0.66595,0
3.90892,0.75255,0
3.98536,0.64992,0
4.00652,0.56991,0
3.8824,0.69323,0
3.93345,0.72024,0
3.47854,-1.64878,0
3.95029,0.64565,0
4.01523,0.75958,0
3.58372,-1.61602,0
3.57825,-1.6091,0
3.93589,0.78903,0
4.02014,0.79222,0
3.9501,0.74885,0
3.91919,0.76527,0
3.89159,0.79583,0
3.60094,-1.55028,0
3.60591,-1.60568,0
3.88582,0.7875,0
3.60054,-1.52437,0
3.62195,-1.57079,0
3.5819,-1.61533,0
3.58333,-1.51856,0
3.63014,-1.52336,0
3.5898,-1.54132,0
4.00621,0.77341,0
3.98401,0.79539,0
3.59893,-1.52877,0
3.57164,-1.58218,0
3.59955,-1.60121,0
3.95306,0.78169,0
3.5825,-1.57439,0
3.93417,0.81275,0
3.89092,0.77039,0
3.61375,-1.51648,0
3.93307,0.79505,0
3.61411,-1.60068,0
4.02236,0.7992,0
3.99084,0.7502,0
3.92326,0.76872,0
3.59914,-1.58735,0
3.6069,-1.52817,0
3.57084,-1.55198,0
3.60165,-1.46983,0
3.58875,-1.52047,0
3.89923,0.78249,0
3.5843,-1.51907,0
3.96118,0.8109,0
3.61191,-1.52686,0
3.94275,0.75958,0
3.96812,0.75793,0
3.96938,0.79678,0
3.58743,-1.59995,0
3.93843,0.79899,0
3.91445,0.76408,0
3.60758,-1.56511,0
3.61023,-1.47434,0
3.91266,0.7863,0
3.58938,-1.49458,0
3.92432,0.78849,0
3.57578,-1.50979,0
4.01336,0.77832,0
3.59201,-1.49014,0
3.57475,-1.55043,0
3.90932,0.77677,0
3.57856,-1.64448,0
3.91865,0.80548,0
3.95365,0.79633,0
3.90521,0.77915,0
3.90687,0.82107,0
4.03489,0.6479,0
4.04657,0.64284,0
4.05592,0.62156,0
4.02469,0.58741,0
4.04869,0.60122,0
3.46782,-1.70877,0
4.05495,0.57877,0
4.03655,0.64646,0
3.49412,-1.71103,0
3.44966,-1.72644,0
4.07372,0.65429,0
3.47695,-1.73993,0
4.03727,0.59368,0
4.06703,0.67241,0
3.47892,-1.71877,0
3.49357,-1.7251,0
4.05224,0.65383,0
3.43663,-1.72387,0
4.04168,0.59234,0
4.05972,0.66881,0
4.03743,0.65088,0
4.05362,0.61552,0
4.04419,0.61771,0
4.05837,0.64016,0
3.48854,-1.71573,0
3.51729,-1.72493,0
3.45277,-1.70511,0
4.01918,0.57124,0
4.1124,0.41412,0
4.09641,0.42804,0
3.40939,-1.8171,0
4.1269,0.47283,0
3.42136,-1.75552,0
4.07841,0.38307,0
3.40403,-1.82267,0
4.10323,0.42413,0
3.42719,-1.74878,0
4.07521,0.3732,0
4.09412,0.41129,0
3.39993,-1.83449,0
4.09969,0.43639,0
4.10331,0.39627,0
4.11133,0.48301,0
3.37978,-1.86679,0
3.40565,-1.79101,0
4.11667,0.44716,0
4.09221,0.42489,0
4.08266,0.40734,0
4.11065,0.42521,0
3.44981,-1.75404,0
4.06149,0.57693,0
3.4383,-1.77531,0
3.44834,-1.78692,0
3.46036,-1.78191,0
3.44584,-1.80416,0
3.4641,-1.79716,0
4.07175,0.56624,0
4.07254,0.57261,0
3.45905,-1.79751,0
4.09085,0.5863,0
4.10388,0.56946,0
3.47579,-1.76994,0
3.46023,-1.7487,0
4.08559,0.55868,0
4.09699,0.56329,0
4.06692,0.56097,0
4.09494,0.59082,0
3.45667,-1.75129,0
4.10282,0.62568,0
3.51332,-1.7561,0
4.1007,0.63284,0
3.48582,-1.75652,0
4.07548,0.64273,0
4.07205,0.60427,0
4.09301,0.62858,0
3.49837,-1.78462,0
4.08151,0.61423,0
3.50869,-1.7624,0
4.09299,0.61119,0
3.50701,-1.75522,0
3.66547,-1.48581,0
3.9733,0.82617,0
3.66267,-1.54972,0
3.99598,0.8158,0
4.01556,0.82664,0
3.91001,0.83004,0
3.99658,0.81128,0
3.65289,-1.48788,0
3.78059,-0.73635,0
3.66213,-1.48175,0
3.65792,-1.50681,0
3.63574,-1.58867,0
3.6443,-1.5452,0
3.64829,-1.611,0
3.64468,-1.58357,0
3.65507,-1.49421,0
4.02832,0.82506,0
3.63782,-1.60537,0
3.66558,-1.49673,0
3.98797,0.81433,0
4.01331,0.82082,0
3.64948,-1.53644,0
3.66119,-1.55554,0
3.6643,-1.54649,0
3.61941,-1.61359,0
3.62873,-1.56933,0
3.65538,-1.47818,0
3.98237,0.82048,0
4.02758,0.81581,0
3.99672,0.81777,0
3.62837,-1.55468,0
3.66533,-1.55525,0
4.0183,0.80381,0
3.63673,-1.61035,0
3.63598,-1.62836,0
3.64879,-1.55511,0
3.63521,-1.5783,0
3.66182,-1.50439,0
3.77662,-0.75448,0
3.66141,-1.57371,0
3.65841,-1.60421,0
3.92532,0.84399,0
3.77917,-0.75822,0
3.62069,-1.61296,0
3.64848,-1.50834,0
3.99801,0.8092,0
3.78322,-0.73451,0
3.66489,-1.5363,0
3.65148,-1.49201,0
3.77456,-0.78919,0
3.94804,0.84007,0
3.64554,-1.59324,0
3.99931,0.83326,0
3.64911,-1.60102,0
3.76773,-0.9058,0
3.9585,0.8181,0
3.91853,0.84027,0
3.76711,-0.85609,0
4.00198,0.82024,0
4.0232,0.80469,0
4.17127,0.13392,0
4.10718,0.19372,0
4.08651,0.01406,0
4.11035,0.11151,0
4.16035,0.23588,0
4.06247,-0.00014,0
3.89752,-0.44243,0
4.14202,0.12045,0
4.13181,0.11242,0
4.09028,0.13843,0
3.09261,-2.01153,0
4.16912,0.2118,0
4.07882,0.12673,0
3.24156,-1.90884,0
3.20572,-2.00273,0
4.09051,0.00557,0
4.18848,0.19664,0
3.20733,-1.97812,0
3.18305,-2.05857,0
3.23021,-1.90738,0
4.09674,0.10837,0
4.09256,0.09956,0
3.16004,-2.0504,0
3.19884,-1.99741,0
3.18357,-2.03392,0
3.85063,-0.53308,0
4.13756,0.07887,0
3.15621,-1.99807,0
4.08265,0.05904,0
4.1378,0.23419,0
3.18405,-2.04805,0
4.16946,0.14704,0
3.83922,-0.60649,0
3.22128,-1.9486,0
3.20237,-1.9988,0
4.08805,-0.00606,0
3.23935,-1.92538,0
3.18402,-2.0031,0
4.13347,0.14285,0
4.12113,0.04281,0
4.03344,0.02419,0
4.03932,0.0517,0
3.92634,-0.41341,0
3.18218,-2.0345,0
4.10857,0.0812,0
4.04139,0.02414,0
4.10982,0.20608,0
4.04044,0.01573,0
4.12382,0.24409,0
3.8698,-0.52413,0
3.19928,-1.98571,0
4.10844,0.13482,0
4.03498,0.04815,0
4.15784,0.2253,0
4.1366,0.19022,0
4.08959,0.13698,0
4.07795,0.11404,0
3.21842,-1.97517,0
4.11544,0.18137,0
3.22325,-1.93036,0
3.0879,-2.0152,0
4.1377,0.18894,0
4.14531,0.12831,0
3.84023,-0.53491,0
3.82673,-0.63068,0
3.84113,-0.52544,0
3.18509,-2.00758,0
4.17496,0.20254,0
4.08916,0.17502,0
3.89452,-0.45017,0
3.25441,-1.86577,0
4.08242,0.06468,0
3.1471,-2.01445,0
4.05865,0.0192,0
4.11898,0.12686,0
4.15152,0.10508,0
3.10759,-2.01665,0
3.82458,-0.63524,0
3.1307,-2.02879,0
3.23791,-1.88536,0
4.18461,0.19644,0
4.14006,0.15,0
3.20551,-1.96907,0
4.05914,0.06346,0
4.05228,0.07335,0
3.20083,-2.00464,0
3.1399,-2.03285,0
4.0735,0.03411,0
4.08084,0.00419,0
3.14694,-2.03907,0
4.11571,0.03949,0
4.13565,0.08412,0
4.10748,0.21967,0
3.93005,-0.39592,0
4.08617,0.02012,0
4.11803,0.01277,0
3.24689,-1.86299,0
4.07915,0.02794,0
4.11536,0.07125,0
3.19565,-2.03263,0
4.16175,0.19266,0
4.14273,0.16709,0
4.13195,0.14775,0
3.19702,-2.01463,0
4.12383,0.12966,0
4.0682,0.09995,0
4.05636,0.0843,0
3.16031,-2.03855,0
4.15258,0.20952,0
4.13884,0.23581,0
4.0754,0.11731,0
3.19345,-2.02537,0
3.23636,-1.90149,0
3.13868,-2.03109,0
4.1496,0.1572,0
3.92811,-0.40317,0
4.11096,0.05669,0
4.09712,0.1594,0
4.1309,0.20369,0
3.2326,-1.93855,0
4.05447,0.74065,0
4.05432,0.69554,0
4.05965,0.69817,0
4.05984,0.76954,0
3.54644,-1.66093,0
4.04535,0.73851,0
4.04701,0.72026,0
4.05498,0.69918,0
4.04784,0.70412,0
4.04772,0.68762,0
4.13161,0.30258,0
4.13857,0.25117,0
3.29546,-1.94729,0
4.14316,0.35462,0
3.29139,-1.91687,0
4.14763,0.37446,0
3.28796,-1.92451,0
3.30624,-1.92079,0
4.14775,0.28747,0
4.12284,0.3932,0
4.12467,0.38836,0
4.1463,0.31351,0
3.32507,-1.93729,0
4.16763,0.35403,0
4.19054,0.37333,0
3.32104,-1.92777,0
3.30457,-1.89444,0
4.15558,0.28381,0
4.17696,0.32302,0
4.1228,0.27725,0
3.32019,-1.94455,0
4.14578,0.30323,0
3.27194,-1.92134,0
3.2714,-1.91519,0
4.15295,0.38768,0
4.11656,0.27963,0
3.33465,-1.93121,0
4.18258,0.37658,0
3.29842,-1.94503,0
3.26468,-1.93932,0
4.12394,0.38287,0
4.13541,0.2959,0
4.14479,0.33265,0
4.16911,0.385,0
4.12262,0.3088,0
3.32844,-1.90323,0
3.27637,-1.88729,0
4.14552,0.34782,0
4.1515,0.33124,0
3.53826,-1.69733,0
3.51365,-1.79181,0
4.11048,0.54158,0
4.12404,0.62736,0
3.52364,-1.75538,0
4.11891,0.60365,0
3.55198,-1.68337,0
4.11463,0.54402,0
4.12983,0.61064,0
3.51601,-1.75615,0
4.112,0.53303,0
4.10354,0.60942,0
4.12274,0.60047,0
3.52882,-1.7573,0
4.14667,0.40876,0
3.36025,-1.90301,0
4.1245,0.43621,0
4.1836,0.41289,0
4.18011,0.41199,0
4.12918,0.41315,0
4.15648,0.39378,0
3.36721,-1.91938,0
4.14553,0.42938,0
3.37664,-1.90433,0
4.15645,0.42441,0
4.16959,0.42328,0
4.19474,0.39117,0
4.13769,0.43289,0
4.18051,0.40886,0
3.36153,-1.93879,0
3.40441,-1.85936,0
4.14007,0.44979,0
4.14421,0.47219,0
3.83156,-0.64034,0
4.14304,0.46123,0
3.42443,-1.85863,0
3.42134,-1.86303,0
3.41409,-1.84193,0
4.13868,0.46809,0
4.17646,0.46898,0
3.4068,-1.87622,0
4.17266,0.43685,0
3.40446,-1.90192,0
4.13153,0.46229,0
3.39553,-1.90121,0
4.14578,0.44097,0
4.16202,0.45752,0
3.41106,-1.84916,0
3.39572,-1.8684,0
4.16531,0.46558,0
4.1538,0.47387,0
4.15982,0.47224,0
3.79305,-0.76094,0
3.28897,-1.97509,0
4.1635,0.26153,0
4.2039,0.28271,0
3.25026,-1.94584,0
3.88809,-0.51723,0
3.30377,-1.9855,0
4.18304,0.29519,0
3.86109,-0.59086,0
4.2046,0.30282,0
3.83195,-0.64421,0
3.87414,-0.55633,0
4.18931,0.28685,0
4.18389,0.26228,0
3.904,-0.4872,0
3.24002,-1.94199,0
3.95362,-0.36091,0
3.24052,-1.94609,0
3.86156,-0.56941,0
3.27543,-1.98023,0
4.16466,0.28342,0
4.17919,0.26508,0
3.91435,-0.44863,0
3.3036,-1.98712,0
4.18847,0.24865,0
3.86678,-0.54932,0
4.17487,0.3157,0
4.17142,0.26269,0
4.17138,0.27763,0
4.19355,0.27768,0
4.1702,0.26846,0
3.88088,-0.52995,0
4.21213,0.30548,0
3.27566,-1.98679,0
3.24683,-1.93815,0
3.87286,-0.53687,0
3.87335,-0.56474,0
3.40216,-1.91583,0
3.39227,-1.9153,0
3.78904,-0.78438,0
3.3934,-1.91708,0
3.94178,-0.39248,0
3.22975,-1.97767,0
3.87425,-0.58514,0
4.22012,0.22049,0
3.98627,-0.3335,0
3.78338,-0.81143,0
3.25081,-1.99892,0
4.20912,0.24563,0
4.17558,0.11956,0
3.93509,-0.41254,0
3.2442,-2.02627,0
4.10656,-0.04202,0
3.26008,-2.01959,0
3.94327,-0.43121,0
4.14367,0.05609,0
4.17188,0.11364,0
3.22417,-1.98255,0
3.25055,-1.99548,0
3.84699,-0.64155,0
3.96907,-0.33691,0
4.18896,0.1538,0
3.97362,-0.32604,0
3.88585,-0.5491,0
3.91531,-0.46679,0
3.97748,-0.35459,0
3.94033,-0.41745,0
3.22899,-2.00507,0
3.89827,-0.51263,0
4.19159,0.2278,0
3.90693,-0.51893,0
4.12978,0.00942,0
3.93775,-0.44059,0
3.89282,-0.51863,0
3.97115,-0.3612,0
4.14925,0.05371,0
3.25138,-2.0122,0
3.23801,-2.02028,0
4.20217,0.18099,0
3.81533,-0.72293,0
3.95773,-0.40543,0
3.79539,-0.78583,0
3.88971,-0.56483,0
3.83798,-0.68965,0
3.279,-2.02501,0
3.87385,-0.6074,0
3.87679,-0.59893,0
3.91976,-0.49413,0
3.27789,-2.00808,0
4.23075,0.27647,0
4.20104,0.37319,0
3.34538,-1.95528,0
3.3793,-1.92586,0
3.37433,-1.93727,0
3.78786,-0.83509,0
3.81486,-0.75268,0
4.19376,0.44527,0
3.77967,-0.84729,0
3.47704,-1.80279,0
3.46851,-1.82,0
4.12489,0.50114,0
3.76979,-0.89813,0
3.43174,-1.87529,0
3.43977,-1.86626,0
4.17227,0.48322,0
1.64122,1.48859,0
4.18614,-0.1761,0
4.22619,-0.09859,0
4.13207,0.00467,0
2.99945,-2.05244,0
3.88218,-0.67428,0
4.06502,-0.26143,0
3.95249,-0.56041,0
4.12228,-0.1601,0
3.0053,-2.16623,0
3.93809,-0.56712,0
4.06449,-0.22532,0
2.94817,-2.10389,0
4.15844,0.03852,0
4.04408,-0.26979,0
4.13505,-0.00204,0
4.07685,-0.36837,0
4.15611,0.00205,0
4.14372,-0.06418,0
3.78476,-0.88246,0
4.04785,-0.25155,0
3.10659,-2.04009,0
4.06341,-0.27745,0
3.96307,-0.45709,0
4.06621,-0.26269,0
2.92308,-2.12491,0
3.8575,-0.68184,0
4.23306,-0.08619,0
3.01668,-2.01313,0
4.1308,-0.05226,0
3.80062,-0.85058,0
4.12519,-0.21568,0
3.9613,-0.54159,0
4.16626,-0.10067,0
4.02779,-0.25967,0
4.12351,-0.11136,0
2.96877,-2.15205,0
3.95747,-0.52542,0
4.03116,-0.27309,0
3.93373,-0.54265,0
4.08659,-0.26583,0
3.01775,-2.07585,0
3.77756,-0.88305,0
3.05323,-2.09906,0
3.9488,-0.53626,0
3.98753,-0.33814,0
3.86284,-0.65968,0
4.04903,-0.3014,0
4.12268,-0.25653,0
4.14783,-0.19116,0
4.12642,-0.25571,0
4.10412,-0.13895,0
4.11166,-0.31671,0
4.10004,-0.27698,0
3.03157,-2.01513,0
4.07828,-0.28298,0
3.87622,-0.60789,0
3.95948,-0.50771,0
4.15555,0.01902,0
3.81386,-0.78064,0
4.1681,-0.06546,0
4.01753,-0.46606,0
3.88595,-0.70489,0
4.12128,-0.16954,0
2.95157,-2.11753,0
4.20714,-0.00661,0
2.97111,-2.12955,0
4.23852,-0.05353,0
4.07229,-0.15412,0
4.22953,-0.04772,0
4.18488,-0.06194,0
4.19147,-0.0775,0
4.14796,-0.0829,0
4.21486,0.0008,0
3.98425,-0.38783,0
2.99366,-2.15153,0
4.09407,-0.34108,0
2.96803,-2.15517,0
3.92186,-0.58692,0
3.96554,-0.52705,0
3.85697,-0.74,0
4.06107,-0.34116,0
3.98578,-0.37875,0
4.15279,-0.24558,0
4.22727,-0.00345,0
4.066,-0.33874,0
4.19712,-0.02438,0
3.01722,-2.03287,0
4.09948,-0.18513,0
3.00485,-2.17531,0
4.13766,-0.24084,0
3.94593,-0.60032,0
4.08687,-0.2865,0
3.02171,-2.04737,0
2.93866,-2.11121,0
4.18914,0.01927,0
3.93672,-0.59766,0
4.07148,-0.34801,0
4.02605,-0.40695,0
4.19639,-0.12825,0
4.05804,-0.24293,0
4.03886,-0.4244,0
3.02252,-2.07218,0
4.19813,-0.05885,0
4.10946,-0.31137,0
4.00245,-0.43991,0
3.08101,-2.10083,0
2.88338,-2.09389,0
4.07802,-0.18968,0
3.92831,-0.49692,0
4.1517,-0.14623,0
3.98074,-0.49304,0
4.10043,-0.18436,0
3.91131,-0.6219,0
4.12133,-0.26552,0
3.88909,-0.61654,0
3.99314,-0.335,0
3.05176,-2.09979,0
4.11967,-0.16374,0
4.18641,-0.09967,0
4.0539,-0.35803,0
3.91501,-0.63788,0
4.07388,-0.21192,0
3.92426,-0.55655,0
4.18876,-0.08325,0
3.95276,-0.43028,0
3.93485,-0.52454,0
4.19184,-0.07958,0
3.0518,-2.02806,0
4.17687,-0.1971,0
2.97532,-2.07064,0
1.68763,1.45918,0
3.91869,-0.51894,0
2.95618,-2.11475,0
4.17826,-0.07985,0
4.24211,-0.05496,0
3.95678,-0.54883,0
3.926,-0.55926,0
3.83564,-0.72401,0
3.90041,-0.64773,0
3.09394,-2.02785,0
4.22052,-0.04327,0
3.03237,-2.09416,0
3.88629,-0.64485,0
4.19229,-0.03896,0
4.0555,-0.29746,0
3.99349,-0.4053,0
3.79758,-0.85455,0
4.19219,-0.10523,0
3.0337,-2.06881,0
3.03875,-2.01543,0
2.99851,-2.08328,0
4.24122,-0.05004,0
3.90533,-0.67599,0
4.01956,-0.31779,0
4.20273,-0.01493,0
4.06794,-0.35801,0
4.0933,-0.23621,0
4.11379,-0.23743,0
3.0279,-2.05448,0
3.86743,-0.69104,0
4.21737,-0.06455,0
4.10672,-0.2545,0
2.99458,-2.1004,0
4.1702,-0.15069,0
4.23173,-0.09054,0
4.15314,-0.21778,0
3.08555,-2.04622,0
4.13574,-0.0857,0
4.04821,-0.25174,0
4.15756,-0.0276,0
2.99028,-2.15115,0
1.66943,1.46763,0
2.96285,-2.07195,0
3.03946,-2.04812,0
4.02463,-0.35861,0
2.98161,-2.11615,0
2.96482,-2.15214,0
4.21385,-0.12061,0
4.15405,-0.24176,0
2.96579,-2.1132,0
4.12582,-0.05026,0
4.14598,-0.08395,0
4.13844,-0.12027,0
4.12469,-0.09137,0
3.94245,-0.50451,0
4.18643,-0.12623,0
4.13164,-0.13146,0
2.94017,-2.05894,0
3.93281,-0.58707,0
4.04053,-0.26415,0
3.87444,-0.64763,0
4.23114,-0.06728,0
3.95413,-0.50682,0
3.95988,-0.52495,0
4.17275,0.02809,0
4.1361,-0.10563,0
3.85543,-0.76265,0
4.03017,-0.28994,0
3.01221,-2.0521,0
4.16829,-0.21671,0
4.0341,-0.29986,0
3.0926,-2.05396,0
2.93598,-2.12931,0
4.08048,-0.17577,0
3.94386,-0.60226,0
4.171,-0.05765,0
2.9347,-2.06825,0
3.87315,-0.69472,0
3.79128,-0.8632,0
3.89422,-0.68043,0
3.85612,-0.68029,0
4.05653,-0.19734,0
3.93365,-0.5673,0
3.95747,-0.58234,0
4.10002,-0.33145,0
4.17394,-0.13032,0
3.93857,-0.46049,0
4.11927,-0.13874,0
2.93692,-2.10927,0
4.22548,-0.00154,0
4.0371,-0.4262,0
4.22503,-0.03386,0
3.90758,-0.66653,0
3.95816,-0.42328,0
3.79036,-0.86101,0
4.15773,0.02504,0
4.14628,-0.08605,0
4.12235,-0.08384,0
3.84756,-0.71409,0
4.21942,-0.03205,0
4.01315,-0.32781,0
4.12178,-0.26644,0
3.92483,-0.59324,0
2.9881,-2.15964,0
3.92766,-0.52032,0
4.16478,-0.17682,0
4.04693,-0.20796,0
4.1732,-0.01511,0
3.83505,-0.71405,0
3.96989,-0.56485,0
3.84942,-0.75093,0
3.05852,-2.04181,0
4.12575,-0.29112,0
3.01312,-2.16474,0
4.18844,-0.04278,0
4.15089,0.00195,0
3.98795,-0.46344,0
4.09405,-0.23828,0
4.04393,-0.31071,0
3.0364,-2.06391,0
3.02002,-2.13586,0
4.11407,-0.03843,0
4.16815,-0.15698,0
4.1281,-0.05716,0
2.97325,-2.09048,0
3.99907,-0.40332,0
4.18042,-0.01122,0
2.92982,-2.13177,0
3.07459,-2.08053,0
3.86588,-0.64116,0
2.94731,-2.11396,0
4.12621,-0.03149,0
4.26543,-0.02804,0
4.02206,-0.44882,0
3.07722,-2.03681,0
3.90688,-0.61821,0
3.87819,-0.60349,0
3.91808,-0.61133,0
3.95753,-0.50155,0
3.98804,-0.40329,0
3.92575,-0.57272,0
3.00955,-2.09255,0
4.17135,-0.14158,0
4.10433,-0.20052,0
3.99546,-0.37592,0
3.99404,-0.37808,0
3.85079,-0.69641,0
4.16256,-0.12227,0
3.84813,-0.73038,0
3.92204,-0.57656,0
4.01072,-0.4757,0
3.90482,-0.56143,0
4.07465,-0.33549,0
4.01656,-0.28396,0
4.07154,-0.25513,0
4.17535,0.0208,0
4.04976,-0.25019,0
2.93694,-2.12412,0
4.14787,-0.186,0
3.03253,-2.14498,0
3.90719,-0.62267,0
4.08963,-0.30894,0
3.85802,-0.75738,0
4.17386,0.02968,0
4.11257,-0.17683,0
4.21494,-0.00077,0
3.83868,-0.74629,0
3.91826,-0.56845,0
3.94094,-0.50223,0
4.03917,-0.35923,0
3.05074,-2.0092,0
3.95286,-0.52371,0
3.97447,-0.41326,0
3.91891,-0.64068,0
4.20593,-0.14603,0
4.0826,-0.36936,0
3.05986,-2.01347,0
3.98166,-0.38736,0
3.03666,-2.04677,0
4.08342,-0.13598,0
4.05504,-0.40748,0
3.93561,-0.58396,0
3.84103,-0.74758,0
3.84416,-0.68532,0
3.01784,-2.16564,0
4.19045,0.01962,0
3.92394,-0.53746,0
4.08729,-0.20515,0
3.92168,-0.65234,0
4.22842,0.0011,0
3.10808,-2.08453,0
4.24206,0.00241,0
3.08806,-2.11033,0
4.20663,0.01436,0
3.06423,-2.1576,0
3.05661,-2.16377,0
3.0946,-2.10556,0
4.1844,0.02651,0
3.12129,-2.04468,0
4.17958,0.02709,0
3.09693,-2.10757,0
3.90307,-0.68223,0
3.12257,-2.06591,0
3.05817,-2.14942,0
4.23806,-0.00348,0
3.96061,-0.58264,0
4.09882,-0.34346,0
3.97552,-0.56051,0
3.0498,-2.17931,0
3.97017,-0.56533,0
4.17974,0.09479,0
3.1462,-2.08072,0
3.17093,-2.06569,0
4.21146,0.0846,0
4.23632,0.07306,0
3.13351,-2.08456,0
3.13626,-2.07098,0
4.27355,0.0563,0
4.18624,0.05415,0
3.11789,-2.14029,0
4.18314,0.08659,0
3.15342,-2.05652,0
3.12155,-2.09087,0
4.174,0.10225,0
3.12072,-2.09235,0
3.17312,-2.06342,0
4.25625,0.00887,0
4.19288,0.0574,0
3.1185,-2.09599,0
3.13401,-2.06096,0
4.26408,0.03187,0
4.24316,0.07319,0
3.11775,-2.11384,0
3.10319,-2.13207,0
4.21138,0.03146,0
4.20873,0.06148,0
4.18925,0.10293,0
4.16268,0.05454,0
4.19859,-0.21963,0
3.94679,-0.64881,0
4.19503,-0.22733,0
4.05565,-0.46574,0
3.95565,-0.60499,0
4.22344,-0.14148,0
1.65526,1.49205,0
3.99218,-0.56893,0
4.06202,-0.43137,0
3.85753,-0.78036,0
4.25702,-0.13075,0
3.99354,-0.55434,0
1.54993,1.55402,0
2.94701,-2.15187,0
3.86911,-0.75597,0
3.8792,-0.74214,0
4.08522,-0.40697,0
2.93165,-2.15903,0
3.95847,-0.59845,0
3.8332,-0.8149,0
2.99613,-2.18795,0
4.207,-0.19126,0
3.97382,-0.56801,0
4.06309,-0.45922,0
3.9484,-0.62675,0
3.94683,-0.6312,0
4.08131,-0.4046,0
2.93512,-2.14306,0
3.87101,-0.77379,0
4.11986,-0.34923,0
4.10214,-0.37142,0
1.58432,1.52425,0
4.1475,-0.30896,0
4.22797,-0.12881,0
4.27251,-0.09156,0
4.26803,-0.07648,0
3.96383,-0.5925,0
2.89431,-2.12777,0
3.96141,-0.62686,0
4.21373,-0.19973,0
3.00907,-2.19191,0
3.91672,-0.67968,0
4.03319,-0.50675,0
4.18959,-0.19273,0
4.22706,-0.15202,0
1.59582,1.52175,0
4.26366,-0.09221,0
4.01981,-0.51084,0
1.54524,1.55454,0
4.13066,-0.29834,0
4.19278,-0.20032,0
4.0065,-0.52342,0
4.19094,-0.22653,0
2.89054,-2.12618,0
4.00148,-0.52357,0
4.09796,-0.34758,0
4.10133,-0.35285,0
2.91402,-2.13192,0
3.79294,-0.91222,0
4.06543,-0.44259,0
4.15597,-0.24559,0
4.06155,-0.4368,0
3.80281,-0.89948,0
3.99622,-0.5576,0
3.87757,-0.75266,0
3.8951,-0.72037,0
4.24063,-0.12365,0
4.28345,-0.0825,0
4.20432,-0.18737,0
4.20981,-0.15266,0
2.8698,-2.11024,0
3.91099,-0.69757,0
3.02081,-2.1923,0
4.0558,-0.42102,0
3.98803,-0.54689,0
4.09479,-0.38594,0
4.00833,-0.51941,0
2.92087,-2.13943,0
2.99512,-2.2004,0
4.14094,-0.28477,0
4.11081,-0.36276,0
2.95309,-2.17502,0
3.82986,-0.83197,0
3.9361,-0.65487,0
4.13389,-0.30733,0
4.1938,-0.20378,0
4.16693,-0.26005,0
4.29062,-0.06356,0
3.98016,-0.60188,0
3.07995,-2.14972,0
4.11898,-0.36771,0
3.75804,-0.98575,0
4.04116,-0.50229,0
3.98801,-0.58943,0
4.00566,-0.55983,0
4.27744,-0.00119,0
4.28852,-0.01579,0
3.08438,-2.14739,0
3.76095,-0.98525,0
3.18061,-2.07313,0
4.20169,0.1098,0
3.19508,-2.08333,0
4.25519,0.07653,0
3.13874,-2.1464,0
3.16063,-2.09556,0
3.17563,-2.08393,0
4.21002,0.1041,0
3.21266,-2.03988,0
3.1547,-2.10133,0
4.2085,0.10579,0
3.16673,-2.12374,0
3.16898,-2.10248,0
4.2137,0.17707,0
3.2015,-2.07897,0
4.20127,0.15436,0
3.23923,-2.03347,0
4.23816,0.18492,0
3.23925,-2.06159,0
4.21845,0.1704,0
4.26739,0.11404,0
4.1955,0.12225,0
3.22429,-2.04749,0
4.28015,0.16716,0
4.26906,0.16621,0
4.2325,0.15037,0
4.20775,0.15303,0
4.22666,0.16754,0
4.2586,0.15803,0
4.24809,0.15556,0
3.23933,-2.0494,0
3.20613,-2.06408,0
4.22537,0.12403,0
4.20415,0.13824,0
4.25405,0.09149,0
4.26904,0.11479,0
4.2023,0.14959,0
3.20982,-2.06268,0
4.19364,0.1502,0
3.2188,-2.10088,0
3.23775,-2.10566,0
4.27864,0.08706,0
3.23379,-2.10953,0
4.26959,0.10006,0
3.20308,-2.08881,0
3.22635,-2.11986,0
3.21215,-2.10828,0
4.27569,0.08273,0
3.7572,-1.00795,0
4.24021,0.21545,0
3.32218,-1.99762,0
3.29184,-2.06739,0
4.24661,0.18985,0
4.26172,0.21277,0
3.32135,-2.00585,0
4.23768,0.1972,0
3.31957,-2.01182,0
3.31708,-2.00353,0
3.7593,-1.01698,0
3.3283,-1.97354,0
3.32321,-1.9868,0
3.33476,-1.96194,0
4.28407,0.18899,0
3.2796,-2.07616,0
3.28987,-2.04269,0
4.23959,0.20994,0
4.30127,0.09064,0
3.80858,-0.90973,0
3.20332,-2.1132,0
3.18542,-2.14066,0
3.82455,-0.87998,0
3.79334,-0.94305,0
3.876,-0.81488,0
3.89529,-0.77863,0
3.12255,-2.18007,0
3.89232,-0.78538,0
4.31559,-0.02727,0
4.30545,-0.04374,0
3.85136,-0.84069,0
3.90505,-0.75984,0
3.77772,-1,0
3.13536,-2.15538,0
4.3049,-0.01351,0
3.83874,-0.87693,0
4.06756,-0.46376,0
4.05833,-0.48235,0
3.77437,-1.00298,0
3.90114,-0.76287,0
3.86934,-0.81779,0
4.11129,-0.39336,0
4.14569,-0.32435,0
3.95365,-0.65695,0
3.84977,-0.86458,0
3.76707,-1.01196,0
3.85618,-0.84104,0
3.76754,-1.0049,0
3.99344,-0.60772,0
4.00685,-0.56665,0
3.78891,-0.97903,0
4.29924,-0.00919,0
4.11478,-0.39155,0
3.88575,-0.79235,0
4.28609,-0.0026,0
4.2846,0.01975,0
3.83284,-0.90467,0
3.15311,-2.16606,0
4.28655,0.02286,0
4.30039,0.00395,0
3.16333,-2.14631,0
3.75717,-1.04663,0
3.1439,-2.16025,0
4.30436,0.01585,0
4.30422,0.01854,0
4.29339,0.03696,0
3.77252,-1.02059,0
3.2069,-2.12969,0
3.81198,-1.05359,0
3.62667,-1.72343,0
3.65004,-1.64366,0
3.83364,-0.91301,0
3.64214,-1.72232,0
3.60274,-1.75024,0
3.74647,-1.23402,0
3.68663,-1.47623,0
3.69695,-1.47729,0
3.83656,-0.93922,0
3.78902,-1.11432,0
3.80324,-1.09204,0
3.58082,-1.84118,0
3.64731,-1.68122,0
3.78115,-1.0251,0
3.74563,-1.19776,0
3.78571,-1.00377,0
3.60897,-1.68998,0
3.83173,-0.95231,0
3.7355,-1.33532,0
4.21515,0.51194,0
4.18704,0.48398,0
3.68623,-1.5192,0
3.58505,-1.69309,0
4.177,0.49579,0
3.60538,-1.73301,0
3.58819,-1.79249,0
3.7796,-1.1686,0
4.12908,0.53424,0
3.60181,-1.78662,0
4.20572,0.54726,0
3.6006,-1.81277,0
3.85173,-0.90041,0
3.58047,-1.76352,0
3.63346,-1.65328,0
3.54987,-1.80876,0
3.77129,-1.12809,0
3.56068,-1.80329,0
3.73148,-1.35497,0
3.61595,-1.73608,0
3.6089,-1.73057,0
3.59425,-1.73066,0
4.19638,0.51461,0
3.58281,-1.75834,0
4.18477,0.53653,0
3.83994,-0.93021,0
4.17816,0.5803,0
3.68297,-1.5185,0
3.7587,-1.13152,0
3.67773,-1.53115,0
3.59563,-1.77043,0
3.49395,-1.79919,0
4.17102,0.57176,0
3.68839,-1.5286,0
3.76466,-1.14477,0
3.77159,-1.16957,0
4.19334,0.50786,0
3.55476,-1.77882,0
3.588,-1.69868,0
3.62613,-1.68025,0
4.19071,0.49146,0
3.79346,-1.04134,0
4.14282,0.58425,0
3.68426,-1.53907,0
3.64479,-1.66418,0
3.56287,-1.81775,0
3.79732,-1.00781,0
3.61418,-1.71444,0
3.85268,-0.89907,0
3.80146,-0.99421,0
3.65622,-1.6348,0
4.22602,0.53739,0
3.78263,-1.09106,0
3.78926,-1.10477,0
3.63455,-1.72568,0
3.58379,-1.79773,0
3.56926,-1.83859,0
3.77614,-1.09929,0
3.80805,-0.96373,0
3.58408,-1.8306,0
3.53177,-1.82553,0
3.78562,-1.04578,0
3.56581,-1.75266,0
3.54771,-1.75336,0
4.15132,0.53924,0
3.59808,-1.6897,0
3.75284,-1.23225,0
3.807,-1.0131,0
4.1709,0.58593,0
4.20895,0.56373,0
4.21611,0.57609,0
3.50168,-1.79304,0
3.55681,-1.74725,0
3.61007,-1.82899,0
3.56113,-1.82261,0
3.75649,-1.17633,0
3.63592,-1.66233,0
3.54771,-1.71781,0
3.52162,-1.80326,0
4.15468,0.52876,0
4.13104,0.54845,0
4.19086,0.53034,0
3.66959,-1.57521,0
3.83876,-0.93095,0
3.60776,-1.73496,0
4.17966,0.49178,0
3.74158,-1.27654,0
3.7932,-1.00207,0
4.16835,0.58624,0
3.61405,-1.73066,0
4.22077,0.53951,0
4.1371,0.58432,0
3.56269,-1.77602,0
4.17718,0.55508,0
3.69102,-1.5078,0
3.57039,-1.76457,0
4.22036,0.56806,0
3.79702,-1.06211,0
3.7672,-1.19302,0
3.55661,-1.69477,0
4.17954,0.55706,0
3.61607,-1.76345,0
3.64919,-1.70269,0
4.1424,0.52328,0
4.16228,0.49999,0
3.52559,-1.82386,0
3.55886,-1.77281,0
3.84298,-0.90538,0
3.64693,-1.69312,0
1.36398,2.00195,0
1.28353,1.80689,0
1.78926,1.60309,0
1.55281,1.88163,0
1.42792,1.69278,0
1.24523,2.02225,0
1.59753,1.77284,0
4.15,-0.63902,0
3.98626,-0.78724,0
3.97462,-0.66205,0
3.89995,-0.90765,0
1.21141,1.88074,0
1.47484,1.61485,0
2.71072,-2.29502,0
1.79446,1.519,0
1.63145,1.69776,0
3.95529,-0.8995,0
2.7244,-2.16984,0
1.1802,1.8626,0
1.56436,1.68427,0
1.3459,1.72463,0
4.09805,-0.57905,0
1.60536,1.58216,0
1.60592,1.63635,0
1.54666,1.8081,0
1.74972,1.57587,0
1.46981,1.73159,0
1.75925,1.62445,0
1.44445,1.80932,0
4.03578,-0.5676,0
1.25255,1.86857,0
3.88823,-0.83991,0
4.16815,-0.61341,0
1.81719,1.6663,0
3.96523,-0.75441,0
2.56062,-2.27329,0
1.26197,1.84847,0
3.94492,-0.86152,0
1.32203,1.82337,0
1.30378,1.738,0
1.24749,1.83387,0
1.4953,1.98195,0
4.07477,-0.57258,0
1.37737,2.04842,0
1.19216,1.95682,0
1.49226,1.84475,0
2.53265,-2.25715,0
2.53683,-2.26678,0
2.75732,-2.20465,0
2.26462,-2.07108,0
2.2979,-2.09885,0
4.10565,-0.57988,0
1.88171,1.56518,0
1.80435,1.62001,0
2.51519,-2.27461,0
1.17649,1.87003,0
1.7144,1.60877,0
1.56462,1.87794,0
1.67662,1.58607,0
1.46103,1.78925,0
3.92266,-0.8253,0
3.9122,-0.93612,0
1.63051,1.72137,0
1.30565,1.90862,0
1.72284,1.55084,0
1.57176,1.83853,0
1.51184,1.59707,0
3.84975,-1.05202,0
4.18123,-0.49951,0
4.13509,-0.53447,0
4.26039,-0.53542,0
1.73566,1.7643,0
1.6064,1.57446,0
1.31629,1.92589,0
2.68518,-2.22868,0
1.40453,1.78953,0
4.02324,-0.76194,0
3.95357,-0.83105,0
1.55093,1.81461,0
1.43223,1.88174,0
1.84172,1.62546,0
4.1034,-0.52747,0
4.08576,-0.52987,0
1.78642,1.5799,0
2.44184,-2.16581,0
1.57764,1.72675,0
1.40094,2.00521,0
1.5382,1.62737,0
1.31518,1.72853,0
2.74473,-2.24291,0
2.64019,-2.37076,0
4.03932,-0.55216,0
4.09321,-0.59079,0
3.91926,-0.93994,0
3.90122,-0.94555,0
4.05089,-0.8228,0
3.83622,-1.01224,0
1.6961,1.71783,0
4.13002,-0.52939,0
1.3114,1.73674,0
1.5293,1.93085,0
1.5166,1.6105,0
1.61477,1.70628,0
1.7881,1.62389,0
1.37452,1.77873,0
1.83795,1.65072,0
1.52479,1.78964,0
1.30642,1.9363,0
1.42201,1.89801,0
2.67926,-2.21644,0
3.90414,-0.85639,0
1.39717,1.82652,0
1.69198,1.66041,0
3.90859,-0.95352,0
1.23684,1.82465,0
1.39874,1.71506,0
1.33528,1.8919,0
1.19637,1.90416,0
3.88463,-0.87052,0
1.41087,1.67844,0
1.84762,1.66185,0
1.55652,1.78366,0
4.13354,-0.45986,0
4.12634,-0.41497,0
3.88095,-0.83851,0
1.69439,1.71519,0
4.19036,-0.63844,0
1.22909,1.84709,0
1.38994,1.81509,0
4.04729,-0.77073,0
1.50746,1.88779,0
1.19291,1.89678,0
1.64948,1.61611,0
1.77914,1.68592,0
2.25733,-2.03481,0
1.39586,1.81421,0
4.00049,-0.85823,0
1.58587,1.61816,0
2.75401,-2.23911,0
1.16677,1.91757,0
1.48473,1.63358,0
4.23071,-0.59566,0
2.49654,-2.20218,0
2.63448,-2.25632,0
1.41903,1.99039,0
1.64163,1.82096,0
1.28977,1.97911,0
4.07426,-0.79217,0
2.29295,-2.09195,0
1.64169,1.78572,0
1.69386,1.65176,0
1.45015,1.93733,0
2.54526,-2.25575,0
1.75934,1.73719,0
2.73388,-2.22348,0
1.37039,2.07099,0
2.68507,-2.28479,0
4.02132,-0.69992,0
4.11348,-0.62499,0
3.99884,-0.62001,0
1.41177,1.89365,0
1.46232,1.69597,0
3.89696,-0.93017,0
4.02301,-0.81866,0
1.21683,1.88839,0
1.70601,1.7393,0
4.06445,-0.65976,0
3.96437,-0.7342,0
1.36605,1.72112,0
2.64665,-2.32989,0
1.83095,1.58967,0
1.55477,1.64239,0
2.32666,-2.08283,0
1.39912,1.71269,0
2.46225,-2.17771,0
4.13205,-0.49433,0
3.86743,-0.98671,0
1.28486,1.86215,0
2.66642,-2.31573,0
4.06454,-0.48479,0
1.87284,1.55719,0
1.38828,1.85222,0
1.67368,1.63295,0
3.91943,-0.949,0
4.12149,-0.67238,0
3.84673,-0.97605,0
1.71323,1.76116,0
2.52367,-2.29117,0
3.93857,-0.9371,0
1.30631,2.01304,0
1.81475,1.55418,0
1.56456,1.78841,0
3.8621,-0.89339,0
1.43202,1.93963,0
4.15392,-0.52721,0
1.80368,1.51274,0
3.9966,-0.7095,0
1.53682,1.92343,0
3.84599,-1.01298,0
1.64074,1.51967,0
1.53207,1.90495,0
1.87542,1.62727,0
1.58788,1.55535,0
4.00611,-0.79555,0
4.05617,-0.59724,0
1.25893,1.97464,0
2.60278,-2.28005,0
1.7191,1.67409,0
1.4763,1.88166,0
2.77643,-2.18159,0
1.72236,1.63639,0
4.18947,-0.50122,0
2.24191,-2.033,0
4.20003,-0.60702,0
4.04247,-0.73062,0
1.5574,1.73369,0
2.57392,-2.27633,0
1.22892,1.99469,0
1.6788,1.78417,0
1.54982,1.7645,0
1.53759,1.82187,0
1.25352,1.79513,0
1.50959,1.59035,0
2.64216,-2.32872,0
2.6202,-2.35269,0
2.45802,-2.18336,0
1.70512,1.709,0
3.94997,-0.84745,0
1.58275,1.73364,0
1.36812,2.09428,0
1.78462,1.61806,0
1.27662,1.80519,0
1.52366,1.80986,0
1.3867,1.83548,0
4.04033,-0.83797,0
1.62705,1.79197,0
1.84018,1.58009,0
4.14569,-0.56573,0
2.42058,-2.20689,0
3.97354,-0.70195,0
1.65682,1.7773,0
1.41998,1.84546,0
4.00611,-0.65554,0
1.54564,1.86252,0
3.96905,-0.73373,0
1.57607,1.88275,0
1.31972,1.94942,0
4.13939,-0.563,0
1.64727,1.55056,0
4.13276,-0.47224,0
3.92525,-0.95027,0
1.30798,1.76803,0
1.41904,2.0394,0
2.51252,-2.29753,0
2.76307,-2.19588,0
1.40436,1.96432,0
1.44494,1.99041,0
1.63174,1.75783,0
2.67128,-2.35493,0
4.11304,-0.41174,0
1.47336,1.8544,0
4.02788,-0.61839,0
3.966,-0.73842,0
1.79042,1.64888,0
2.5137,-2.22432,0
2.45202,-2.22872,0
1.32753,2.08302,0
1.35723,1.9705,0
1.56047,1.73275,0
1.47888,1.85937,0
1.57471,1.64268,0
2.63323,-2.26265,0
1.64055,1.59517,0
2.45154,-2.21513,0
1.86357,1.60668,0
1.37064,1.92426,0
3.93937,-0.76799,0
1.58866,1.67781,0
1.4611,1.71216,0
1.63068,1.66128,0
3.96206,-0.8623,0
1.53196,1.72147,0
1.4092,1.68255,0
1.3513,1.71395,0
1.52736,1.60946,0
1.52451,1.94332,0
1.3642,2.09932,0
1.73358,1.63062,0
1.30127,1.77828,0
2.63342,-2.36836,0
2.22972,-2.02234,0
1.74333,1.60034,0
4.02468,-0.85371,0
3.94271,-0.90921,0
2.65142,-2.38375,0
1.4502,1.94408,0
1.53525,1.85125,0
2.73435,-2.22818,0
1.41989,1.90089,0
3.9287,-0.82234,0
1.5941,1.60957,0
4.10719,-0.45741,0
1.69481,1.55417,0
1.22628,1.94409,0
1.31223,1.7385,0
3.94733,-0.84445,0
4.19028,-0.52207,0
1.32741,2.04237,0
1.29611,1.82067,0
1.58244,1.61405,0
1.50152,1.93293,0
4.06484,-0.48535,0
4.1286,-0.62343,0
1.43066,1.82825,0
4.16733,-0.66025,0
1.42229,1.68184,0
1.33139,1.87287,0
3.90377,-0.80335,0
4.14192,-0.48064,0
2.49283,-2.24355,0
1.19278,1.955,0
1.4553,1.9219,0
4.01875,-0.60735,0
1.22972,1.85404,0
1.19705,1.90214,0
4.20298,-0.48842,0
1.52731,1.8289,0
4.13407,-0.48039,0
3.97255,-0.76104,0
1.7236,1.50284,0
1.48023,1.6747,0
1.73975,1.58933,0
1.50895,1.88767,0
3.94478,-0.85454,0
4.04953,-0.715,0
2.74445,-2.1913,0
4.10107,-0.62956,0
4.19145,-0.61907,0
1.3338,1.7892,0
1.23897,1.87855,0
4.10847,-0.68591,0
1.54153,1.89217,0
2.72425,-2.28295,0
2.63522,-2.39307,0
1.45703,1.70848,0
1.73057,1.71724,0
1.8505,1.58123,0
1.16781,1.87546,0
2.23594,-2.02021,0
4.18992,-0.639,0
2.73264,-2.17836,0
1.57384,1.54849,0
1.66954,1.76099,0
1.56423,1.76597,0
4.07614,-0.61703,0
1.77611,1.61215,0
2.56196,-2.29893,0
1.32604,1.82895,0
1.63576,1.54521,0
1.38376,1.77497,0
3.85578,-1.03039,0
4.20297,-0.59379,0
1.39197,1.89868,0
1.44022,1.68619,0
1.58817,1.5461,0
2.65458,-2.36229,0
1.39239,2.07318,0
3.97812,-0.68729,0
4.15579,-0.69202,0
1.5623,1.73149,0
1.4713,1.81878,0
1.21755,1.92895,0
1.26785,1.80524,0
1.49722,1.70586,0
4.05684,-0.75508,0
1.39059,1.82159,0
1.53646,1.71123,0
1.44751,1.80129,0
1.78722,1.52171,0
1.71574,1.78242,0
4.03528,-0.71718,0
4.04248,-0.6912,0
1.58603,1.80619,0
2.64058,-2.25213,0
4.15912,-0.61599,0
2.46467,-2.22905,0
1.22836,1.98796,0
1.36331,1.96746,0
1.53004,1.70661,0
2.71001,-2.21081,0
4.09029,-0.78811,0
4.2495,-0.53513,0
3.85793,-0.93632,0
1.83509,1.5702,0
1.84621,1.65554,0
2.70043,-2.31293,0
1.15905,1.86019,0
1.25081,1.76361,0
1.15506,1.86236,0
1.32332,2.01708,0
2.63573,-2.36288,0
3.96436,-0.87866,0
1.55535,1.90486,0
1.41779,2.04775,0
1.60068,1.7975,0
4.07883,-0.59222,0
3.92388,-0.9318,0
2.54246,-2.28925,0
3.94516,-0.75378,0
4.18598,-0.62636,0
1.5201,1.91018,0
2.80211,-2.2076,0
3.91563,-0.8456,0
1.51543,1.81703,0
4.08942,-0.77691,0
1.60954,1.83923,0
2.13628,-1.94928,0
4.22871,-0.59925,0
1.35181,1.73977,0
4.18655,-0.50743,0
2.62783,-2.23561,0
2.77746,-2.23739,0
1.68746,1.75443,0
1.20465,1.91266,0
1.58827,1.6424,0
2.62736,-2.25785,0
3.96233,-0.82849,0
2.33384,-2.11583,0
1.47272,1.91401,0
1.31314,2.08104,0
4.24265,-0.59771,0
2.3088,-2.09565,0
4.08996,-0.59268,0
1.61462,1.83015,0
3.90194,-0.8238,0
1.72023,1.60216,0
2.72516,-2.26307,0
2.60976,-2.36856,0
1.34571,1.71823,0
1.34267,1.8765,0
1.57477,1.90212,0
1.69332,1.75075,0
1.31171,2.01961,0
4.18666,-0.48824,0
1.72922,1.48542,0
4.13953,-0.59326,0
1.3899,2.06263,0
1.36094,1.68965,0
1.36145,1.98193,0
2.69986,-2.31863,0
2.44474,-2.22766,0
1.62858,1.73981,0
3.96283,-0.83913,0
1.56259,1.81984,0
4.13099,-0.4804,0
1.45392,1.73942,0
1.30822,1.99139,0
1.74847,1.56082,0
1.44414,1.9242,0
4.14322,-0.56196,0
1.39192,1.68951,0
1.85727,1.60478,0
1.5572,1.86927,0
1.64955,1.63012,0
1.67985,1.63152,0
2.54012,-2.28868,0
1.26133,1.86624,0
1.72644,1.49949,0
4.03348,-0.79961,0
1.33421,2.03687,0
3.96686,-0.86939,0
1.73635,1.60893,0
3.89245,-0.81118,0
1.54394,1.87642,0
1.67726,1.56293,0
1.46751,1.99862,0
1.35077,1.85321,0
1.59571,1.63964,0
1.55234,1.78399,0
3.82919,-1.02682,0
1.17208,1.88866,0
1.35963,1.84726,0
1.20978,1.87004,0
2.59281,-2.32231,0
4.15633,-0.70811,0
1.38614,1.72378,0
1.58833,1.73148,0
4.18956,-0.47888,0
1.31761,1.84423,0
1.59006,1.61455,0
2.23387,-2.01448,0
1.52652,1.93656,0
1.68355,1.48835,0
4.08357,-0.45056,0
1.62994,1.65068,0
2.3447,-2.13414,0
1.62867,1.65132,0
1.362,1.93435,0
1.77973,1.58667,0
2.61771,-2.31098,0
1.55551,1.62159,0
1.42847,1.67921,0
4.19391,-0.53049,0
4.11321,-0.45779,0
1.31372,1.76739,0
2.13476,-1.96033,0
1.48923,1.61953,0
4.25536,-0.54395,0
1.81766,1.65242,0
3.98254,-0.88212,0
4.12186,-0.6913,0
3.82749,-1.06767,0
1.50363,1.78341,0
1.62802,1.72762,0
1.29185,1.82582,0
1.73106,1.5579,0
1.80418,1.69028,0
1.72595,1.6858,0
1.44516,1.68952,0
2.77024,-2.19096,0
4.00088,-0.85105,0
1.43569,2.02257,0
4.14324,-0.63894,0
4.14417,-0.61718,0
1.51521,1.84318,0
1.7615,1.57981,0
1.37406,1.94399,0
1.15817,1.87522,0
2.4824,-2.20808,0
1.56437,1.61436,0
1.76255,1.5753,0
1.75888,1.70258,0
1.70362,1.79176,0
2.33076,-2.0862,0
1.29422,1.83773,0
1.62514,1.63777,0
2.40092,-2.14075,0
3.99379,-0.75971,0
1.3597,1.87089,0
1.67001,1.70058,0
3.95656,-0.69682,0
4.02965,-0.70987,0
1.34624,1.97958,0
4.11131,-0.48955,0
1.84904,1.59101,0
1.42676,1.77126,0
1.62848,1.83392,0
4.19566,-0.55853,0
4.1415,-0.44202,0
4.14658,-0.50102,0
1.47594,1.91956,0
2.72448,-2.25972,0
4.16512,-0.64482,0
1.7463,1.49912,0
1.65601,1.58731,0
1.35308,1.89092,0
1.67966,1.79071,0
1.52758,1.65984,0
1.46882,1.64643,0
1.53497,1.84544,0
2.78009,-2.22709,0
1.38702,1.71677,0
4.00454,-0.65612,0
3.81982,-1.05142,0
1.48081,1.9548,0
1.4022,1.69635,0
2.85898,-2.14777,0
1.56394,1.81648,0
1.61749,1.53988,0
1.19487,1.9423,0
2.70462,-2.28523,0
1.48718,1.6837,0
1.47309,1.77887,0
1.35964,2.00708,0
1.51304,1.89443,0
2.56935,-2.35358,0
1.36091,2.09049,0
1.53307,1.76833,0
4.0114,-0.81644,0
2.64005,-2.24668,0
2.60338,-2.34509,0
1.5274,1.57835,0
4.0856,-0.46275,0
2.46898,-2.21735,0
3.9368,-0.92548,0
1.73493,1.75862,0
3.99102,-0.62847,0
1.22631,1.88877,0
2.44772,-2.22638,0
1.75144,1.60599,0
3.87774,-0.98258,0
1.30426,2.016,0
1.72533,1.64688,0
1.24672,1.86092,0
4.20246,-0.48104,0
4.00746,-0.84415,0
4.06769,-0.61556,0
2.54321,-2.26736,0
2.5523,-2.28045,0
2.28341,-2.07519,0
1.19325,1.84677,0
1.46915,1.87355,0
2.86463,-2.13813,0
3.90607,-0.9814,0
1.81233,1.68611,0
1.79956,1.66594,0
1.74476,1.57963,0
1.55803,1.65729,0
3.89244,-0.97833,0
3.87224,-0.90382,0
1.42188,1.86401,0
1.17772,1.89731,0
4.13289,-0.55021,0
2.24255,-2.03881,0
1.27751,1.87754,0
1.83802,1.55221,0
3.98265,-0.77758,0
2.85905,-2.13459,0
1.34541,1.80897,0
2.60915,-2.35507,0
4.1696,-0.45902,0
4.21463,-0.48381,0
1.58839,1.7705,0
3.99227,-0.67195,0
3.97875,-0.74628,0
1.52794,1.92641,0
4.03005,-0.66137,0
4.07134,-0.67293,0
2.45102,-2.18971,0
1.32708,1.89955,0
1.38526,1.77373,0
1.41106,1.88394,0
1.33123,1.86926,0
4.19552,-0.53962,0
1.37508,2.00839,0
1.42587,1.87803,0
1.49744,1.8951,0
4.03785,-0.63899,0
1.34281,2.00949,0
1.29183,1.76209,0
1.52309,1.58691,0
1.73848,1.49202,0
1.32499,1.81427,0
1.81057,1.66444,0
1.54268,1.72553,0
1.24536,1.9148,0
2.46352,-2.25191,0
1.19666,1.82572,0
1.75657,1.633,0
1.44867,1.77354,0
1.2904,1.94588,0
1.39083,1.82268,0
2.79299,-2.2277,0
1.30135,1.78493,0
1.43289,1.81509,0
4.14475,-0.52847,0
1.22465,1.97082,0
1.34297,2.07059,0
2.56064,-2.34443,0
3.94327,-0.80262,0
3.93286,-0.77153,0
1.49329,1.93044,0
3.90762,-0.91544,0
3.94624,-0.77144,0
4.04774,-0.58949,0
1.57962,1.75973,0
3.9973,-0.83015,0
1.66962,1.80977,0
1.50323,1.88049,0
1.58518,1.55306,0
3.9209,-0.88079,0
4.11169,-0.73903,0
1.63096,1.6252,0
1.7876,1.61638,0
1.49728,1.64625,0
2.64297,-2.33436,0
1.75942,1.56664,0
1.22663,1.99811,0
2.49164,-2.2841,0
4.18287,-0.48378,0
3.90136,-0.80027,0
1.40783,1.97833,0
1.1915,1.91323,0
1.45584,1.9099,0
1.2239,1.85696,0
1.63508,1.77521,0
1.20605,1.84776,0
1.40325,1.73696,0
4.08225,-0.71717,0
1.65403,1.72622,0
2.18937,-1.99981,0
1.78274,1.532,0
1.72022,1.50563,0
1.59696,1.85554,0
1.26831,1.98051,0
1.29566,1.78262,0
2.59185,-2.26149,0
3.90333,-0.79548,0
2.59819,-2.27475,0
1.42179,1.88857,0
4.13396,-0.61665,0
1.77829,1.54507,0
3.97194,-0.78745,0
4.08024,-0.79904,0
3.90219,-0.8037,0
1.59463,1.62034,0
3.94512,-0.88009,0
4.01634,-0.65079,0
4.18051,-0.53177,0
4.1943,-0.50166,0
1.46572,1.85438,0
1.17467,1.83792,0
1.38412,1.78074,0
4.19931,-0.51293,0
3.83952,-1.04361,0
1.43486,1.92547,0
1.55135,1.86381,0
1.75236,1.50481,0
4.07689,-0.57929,0
1.53576,1.66472,0
1.15303,1.88112,0
1.28996,1.82317,0
1.85549,1.53712,0
1.89382,1.5992,0
1.63714,1.60255,0
4.15007,-0.56292,0
1.23516,1.79227,0
4.24777,-0.57828,0
2.76869,-2.19239,0
1.37508,1.79917,0
2.64385,-2.29005,0
1.73239,1.64677,0
4.29828,-0.5531,0
1.61402,1.71872,0
1.66303,1.72936,0
1.86529,1.63192,0
1.77646,1.53131,0
1.33765,1.81984,0
3.87945,-1.02245,0
1.50719,1.66419,0
1.74959,1.73024,0
1.78725,1.69109,0
2.52101,-2.30304,0
1.38163,1.78715,0
3.87023,-1.00695,0
2.53527,-2.28813,0
1.38582,1.78643,0
1.30963,2.0259,0
3.9764,-0.73415,0
1.81621,1.61579,0
3.93036,-0.88936,0
1.55931,1.58022,0
1.3853,1.81412,0
3.98551,-0.8033,0
4.04564,-0.78604,0
1.42153,1.97814,0
1.5172,1.89002,0
1.7261,1.53337,0
4.13681,-0.44931,0
1.27815,2.00633,0
1.56453,1.5979,0
4.11718,-0.61802,0
1.34335,2.06033,0
1.29301,1.85118,0
1.44124,1.78941,0
1.33969,1.84329,0
4.16125,-0.70798,0
1.26231,1.77721,0
2.50447,-2.23444,0
1.65279,1.69957,0
1.36011,1.86277,0
1.65326,1.73791,0
1.72079,1.6247,0
2.76174,-2.23542,0
1.36087,1.83797,0
4.10937,-0.66962,0
1.15534,1.87886,0
1.43785,2.01167,0
1.83546,1.57428,0
1.34686,1.88434,0
1.1857,1.88332,0
1.65523,1.49917,0
1.59571,1.68989,0
3.97559,-0.71052,0
2.68856,-2.22382,0
1.71267,1.52762,0
4.10915,-0.54041,0
1.79124,1.6216,0
1.65216,1.64844,0
1.79243,1.65521,0
1.40072,1.80681,0
1.7127,1.46903,0
3.87186,-0.94541,0
2.66997,-2.35218,0
4.14285,-0.45578,0
1.39133,1.83789,0
1.48479,1.61514,0
1.3737,2.00737,0
1.65394,1.69473,0
3.91017,-0.77462,0
1.82518,1.53588,0
1.6598,1.62076,0
4.132,-0.55052,0
1.37884,1.84098,0
3.91057,-0.78471,0
2.6639,-2.35704,0
1.75744,1.60841,0
2.63273,-2.38372,0
1.54285,1.82889,0
4.15414,-0.42307,0
1.75043,1.60337,0
4.16581,-0.6312,0
1.42652,1.75268,0
4.08311,-0.55963,0
1.51229,1.84456,0
1.29027,1.78388,0
1.24538,1.86996,0
3.94899,-0.88377,0
4.0643,-0.63017,0
1.2483,1.96389,0
2.28505,-2.08876,0
1.17309,1.94345,0
1.55401,1.70864,0
3.96407,-0.74564,0
4.20076,-0.50787,0
1.46339,1.8847,0
1.62054,1.61395,0
1.44605,1.75922,0
1.83473,1.64345,0
1.27243,1.82699,0
4.0721,-0.7493,0
1.65647,1.5284,0
1.64038,1.7698,0
1.81194,1.60137,0
1.35165,1.97219,0
1.50015,1.79843,0
2.35231,-2.12147,0
4.19993,-0.66216,0
2.66557,-2.25696,0
3.93131,-0.8987,0
1.55725,1.78949,0
2.70441,-2.30119,0
4.12905,-0.74719,0
4.18677,-0.6105,0
1.4641,1.82451,0
3.93514,-0.82037,0
1.70699,1.78935,0
1.42587,1.72949,0
1.68272,1.51049,0
4.06652,-0.5024,0
4.20435,-0.52403,0
1.32444,1.89566,0
1.5289,1.68685,0
1.6866,1.80516,0
1.29228,1.83236,0
1.2796,1.79329,0
1.68576,1.80602,0
2.52109,-2.27113,0
1.38866,2.00921,0
4.17604,-0.60012,0
1.59737,1.80031,0
1.73151,1.62842,0
1.81876,1.5517,0
1.49538,1.84828,0
1.54668,1.68916,0
2.69255,-2.27449,0
1.85381,1.60191,0
2.72437,-2.19637,0
4.08168,-0.69273,0
4.08395,-0.51592,0
4.01019,-0.67882,0
4.02386,-0.62281,0
3.88903,-0.99706,0
2.78448,-2.19722,0
2.56003,-2.26885,0
4.00521,-0.67281,0
3.93063,-0.88792,0
2.68268,-2.31899,0
4.00294,-0.83616,0
3.99213,-0.6561,0
1.47985,1.92324,0
2.73451,-2.20085,0
1.33807,2.07243,0
1.25627,1.92966,0
3.99999,-0.6731,0
4.07998,-0.78104,0
1.62891,1.77162,0
3.95201,-0.74716,0
1.52168,1.67545,0
2.71222,-2.24492,0
1.25608,1.97101,0
4.21144,-0.54461,0
4.07487,-0.78562,0
1.54253,1.83573,0
2.64551,-2.27193,0
2.51846,-2.28535,0
2.42407,-2.20348,0
4.18539,-0.59359,0
2.5635,-2.25401,0
3.92614,-0.93682,0
1.81739,1.62198,0
1.72744,1.52255,0
1.33011,2.03293,0
1.67918,1.78982,0
2.7337,-2.2782,0
1.57331,1.88894,0
1.46388,1.8144,0
2.72218,-2.22979,0
2.64912,-2.32714,0
1.66901,1.61943,0
1.19624,1.92694,0
2.72656,-2.28008,0
1.28642,1.92744,0
3.92642,-0.96198,0
1.47258,1.73714,0
4.25292,-0.53711,0
2.71242,-2.29854,0
1.44754,1.69887,0
4.15698,-0.65331,0
4.15822,-0.56658,0
3.95603,-0.87776,0
1.42087,1.76332,0
3.94621,-0.72671,0
1.2093,1.93801,0
1.16195,1.83731,0
1.50196,1.8285,0
4.12727,-0.60637,0
1.69252,1.51894,0
1.67969,1.80253,0
1.31471,2.01767,0
1.33317,1.73082,0
3.8341,-1.02068,0
4.12139,-0.68623,0
4.19859,-0.56402,0
1.70747,1.49281,0
4.03748,-0.80692,0
1.54802,1.70826,0
1.38519,2.05398,0
1.66432,1.61497,0
4.23113,-0.51486,0
1.34576,1.9236,0
1.32706,1.92385,0
1.47432,1.82926,0
1.52841,1.59368,0
3.8676,-0.96423,0
4.12485,-0.67047,0
1.50986,1.8066,0
1.80358,1.69873,0
4.16727,-0.70042,0
1.70824,1.49916,0
1.76829,1.49525,0
1.4781,1.92482,0
3.95655,-0.91632,0
1.34048,1.91168,0
4.1851,-0.58584,0
4.10163,-0.62569,0
1.71501,1.67738,0
3.89855,-0.83094,0
1.33266,1.93578,0
4.08197,-0.79437,0
1.47231,1.81233,0
3.91613,-0.96418,0
1.60844,1.79613,0
1.25209,1.76761,0
4.13882,-0.40977,0
2.30966,-2.07369,0
4.15528,-0.47669,0
1.34878,1.9583,0
3.92362,-0.78921,0
1.75854,1.62552,0
1.67354,1.49115,0
4.00568,-0.6848,0
3.93653,-0.81759,0
2.60432,-2.36383,0
1.81961,1.61666,0
1.80407,1.53044,0
1.28379,1.78074,0
1.50438,1.89118,0
4.1592,-0.64902,0
1.46202,1.71431,0
1.47193,1.81895,0
1.43989,1.83277,0
4.07537,-0.49818,0
2.7142,-2.17695,0
1.3923,1.97213,0
3.83919,-0.99263,0
4.08028,-0.62577,0
3.88931,-0.86163,0
2.71414,-2.22011,0
1.6141,1.65688,0
1.64992,1.57009,0
2.61422,-2.26593,0
1.49152,1.80812,0
1.70036,1.68742,0
3.91044,-0.8958,0
1.34043,2.10542,0
1.4661,1.80564,0
4.1345,-0.43441,0
1.24429,1.7836,0
1.73243,1.51054,0
4.07771,-0.4973,0
1.32728,2.09879,0
4.07408,-0.53102,0
2.41359,-2.15278,0
4.05559,-0.71349,0
1.5329,1.94664,0
1.49705,1.73178,0
4.23419,-0.6284,0
1.26264,2.02393,0
1.37235,2.07739,0
1.34001,1.9348,0
4.05926,-0.74405,0
3.92566,-0.75379,0
1.57304,1.60384,0
4.25964,-0.53391,0
2.4961,-2.25749,0
1.46517,1.92604,0
1.31792,2.0991,0
1.25282,1.77863,0
4.0109,-0.83531,0
2.6401,-2.2976,0
3.97557,-0.73449,0
2.29485,-2.0865,0
4.03934,-0.66518,0
3.93525,-0.79712,0
4.14288,-0.45822,0
1.23068,2.00691,0
1.79796,1.54114,0
1.55073,1.76136,0
4.11672,-0.72417,0
4.0277,-0.64885,0
1.30194,1.73234,0
4.12439,-0.61233,0
3.86216,-1.013,0
2.746,-2.23464,0
4.01567,-0.60587,0
1.53266,1.78288,0
1.47375,1.62422,0
3.93898,-0.71903,0
1.53137,1.83055,0
2.52515,-2.27041,0
1.25802,1.8544,0
1.41455,1.95856,0
1.60785,1.55375,0
1.37052,1.74698,0
1.64544,1.65218,0
1.18212,1.83034,0
3.93545,-0.75852,0
4.17265,-0.48475,0
1.63331,1.57271,0
1.47758,1.68917,0
1.35165,1.78824,0
1.32429,1.7765,0
1.30082,1.93179,0
1.49534,1.64056,0
3.91193,-0.81831,0
1.41347,1.78306,0
1.38167,1.78954,0
1.546,1.78184,0
2.66152,-2.28293,0
4.05448,-0.6602,0
3.92939,-0.86281,0
4.1345,-0.68635,0
2.46433,-2.22058,0
4.09414,-0.58839,0
4.03751,-0.54436,0
3.97968,-0.76683,0
1.52798,1.81144,0
3.88926,-0.99162,0
1.33157,1.90158,0
1.68835,1.68769,0
1.59626,1.71382,0
1.64363,1.72528,0
1.55453,1.63256,0
4.27392,-0.56358,0
1.54208,1.86565,0
4.07928,-0.49955,0
1.51533,1.80357,0
2.79189,-2.20127,0
1.45865,1.76256,0
1.73542,1.63198,0
1.36801,1.90435,0
1.3789,1.9354,0
3.93956,-0.91617,0
1.44802,1.63236,0
1.32765,1.9884,0
3.87693,-1.02454,0
1.37568,1.69938,0
1.8932,1.60892,0
1.42224,1.67759,0
4.04332,-0.6634,0
1.36903,1.68033,0
3.86132,-0.90325,0
2.71772,-2.19425,0
1.67271,1.7284,0
1.5981,1.74341,0
1.77886,1.57458,0
1.34346,1.91774,0
1.28748,2.0074,0
3.94562,-0.85153,0
4.19392,-0.52031,0
1.53842,1.93443,0
1.33048,1.72322,0
1.59996,1.59207,0
4.0805,-0.77395,0
1.71397,1.66433,0
2.61076,-2.37968,0
1.33545,1.753,0
1.68554,1.5451,0
1.8878,1.58116,0
1.58384,1.57109,0
1.23149,1.83307,0
4.09168,-0.59887,0
1.65034,1.57332,0
1.43349,1.67383,0
1.34437,1.83794,0
2.73065,-2.25085,0
1.39203,1.90334,0
1.41174,2.04174,0
1.45999,1.66156,0
1.75821,1.61572,0
2.44166,-2.19999,0
1.26459,1.89491,0
1.34613,2.10191,0
3.90884,-0.81204,0
1.34771,1.82259,0
1.66793,1.71511,0
1.66732,1.5609,0
1.21363,1.89155,0
4.12404,-0.46911,0
4.12647,-0.45015,0
1.34015,1.75287,0
1.60547,1.6475,0
1.40064,1.80256,0
1.66644,1.80709,0
2.64219,-2.37903,0
1.37217,2.0368,0
4.05781,-0.75214,0
3.95923,-0.72049,0
1.56386,1.77585,0
1.16911,1.838,0
1.54503,1.60474,0
1.43785,2.02076,0
4.10464,-0.6155,0
1.26003,1.92743,0
4.06038,-0.66923,0
1.51438,1.69209,0
4.10753,-0.7002,0
4.13409,-0.46425,0
2.82417,-2.18569,0
2.71738,-2.21819,0
1.21761,1.89671,0
1.42962,1.84815,0
1.78903,1.65404,0
1.57849,1.87248,0
1.2185,1.91339,0
1.74098,1.69293,0
1.14886,1.91578,0
4.1112,-0.56286,0
1.75548,1.5836,0
1.77742,1.64628,0
1.51256,1.59471,0
2.38812,-2.14211,0
1.55048,1.91243,0
1.76323,1.53125,0
4.21558,-0.60832,0
1.29092,1.94647,0
4.03636,-0.69134,0
1.85561,-2.30313,0
1.68276,1.89866,0
2.28774,1.95757,0
2.06441,1.77375,0
2.1223,2.04468,0
2.14801,-2.15709,0
1.71075,-2.04647,0
1.75391,-2.34993,0
1.93122,-1.85781,0
2.23511,1.8506,0
2.05284,1.98036,0
1.88384,-1.78897,0
2.11232,1.98657,0
3.77185,-1.26545,0
2.15227,-1.98515,0
2.05273,-2.05613,0
2.12461,-2.06004,0
1.61807,-2.23353,0
1.59591,-1.59019,0
1.8737,-2.03022,0
1.64705,-1.88661,0
1.97379,-2.24923,0
1.45546,-1.72967,0
1.46813,-1.50128,0
2.03687,-1.98931,0
2.20243,1.92871,0
1.56898,-1.64398,0
2.09539,-2.17363,0
1.92179,1.9593,0
3.75986,-1.32466,0
3.75229,-1.51631,0
1.7069,-1.78809,0
2.12779,1.89512,0
1.87774,-2.14429,0
2.03395,-2.04733,0
1.97424,-1.90422,0
1.6004,-1.67814,0
1.29233,-1.5563,0
1.45186,-1.8066,0
2.04127,-2.27904,0
2.01704,1.75983,0
1.9266,-2.12325,0
1.42911,-1.80087,0
1.49709,-1.91634,0
1.93366,-2.23615,0
1.52835,-1.59101,0
1.96309,1.63259,0
1.83472,1.93496,0
1.83117,-1.84893,0
2.0024,-2.15881,0
1.66637,-2.10329,0
1.94889,-1.83858,0
2.00445,2.00576,0
3.96402,-1.37181,0
2.16444,2.11846,0
1.84667,1.83667,0
2.07535,2.0333,0
1.78325,1.85452,0
1.81324,1.81087,0
1.84392,-2.1862,0
1.46661,-1.68488,0
1.81396,-2.11738,0
1.79591,1.74959,0
1.81972,-2.10955,0
1.93514,1.68205,0
1.72477,1.8876,0
1.71881,1.78356,0
1.79364,1.84425,0
1.98453,1.86502,0
3.83068,-1.47819,0
2.17588,2.0459,0
1.77965,-1.86343,0
1.66103,-1.65228,0
2.05492,1.65006,0
2.07225,1.68028,0
1.70078,-2.39696,0
1.91374,1.99287,0
1.85986,-2.33801,0
1.80193,1.94801,0
1.56266,-1.62772,0
1.52216,-2.01505,0
1.6761,-1.84229,0
2.10606,2.04717,0
3.8369,-1.19554,0
1.92568,1.68781,0
2.25155,1.75031,0
1.6514,-2.14148,0
2.14292,2.0357,0
1.89134,1.6535,0
1.87437,1.97746,0
1.83285,-1.97282,0
1.75051,1.8946,0
2.15921,2.13605,0
2.09732,1.71615,0
2.17078,-2.02174,0
1.5382,-1.83748,0
1.99113,-2.0384,0
1.59767,-1.64721,0
2.1472,1.99639,0
2.08798,-2.11412,0
2.06216,-2.22653,0
1.75844,-2.09615,0
2.1123,-2.12295,0
1.72329,1.89314,0
1.76538,-2.04214,0
1.7259,1.90852,0
2.05957,1.72892,0
1.95009,1.78556,0
1.61011,-2.21534,0
1.69815,-2.02554,0
1.76433,-1.89877,0
1.52513,-1.60358,0
1.78079,-2.00855,0
2.13102,-2.27724,0
2.32672,-2.17263,0
1.98022,-2.32877,0
1.86575,-2.21694,0
1.99283,1.899,0
2.11794,1.77157,0
1.97353,1.64331,0
1.38953,-1.68558,0
3.84661,-1.24351,0
2.31814,-2.1421,0
2.11316,-2.05451,0
2.13853,-2.24153,0
1.53052,-1.62766,0
1.86791,-2.02121,0
2.16358,-2.28804,0
3.96441,-1.41337,0
1.37498,-1.52516,0
1.93016,-1.83894,0
3.75482,-1.49004,0
1.71668,1.84349,0
2.06054,1.72951,0
3.84436,-1.26564,0
2.07042,1.82377,0
1.77378,-1.74453,0
2.14671,-2.01891,0
1.66772,-1.75792,0
1.77527,-2.20615,0
3.88128,-1.19096,0
3.83138,-1.30158,0
1.83831,1.95059,0
1.91525,1.63161,0
2.15658,1.85234,0
3.79732,-1.2961,0
2.1905,-2.08642,0
1.60338,-1.75483,0
1.65359,-1.86268,0
2.33928,-2.19358,0
1.7402,-1.79665,0
2.15712,1.77035,0
1.79565,-2.03447,0
1.549,-1.71578,0
2.30251,1.76002,0
1.64814,-1.94036,0
1.80164,1.85364,0
2.08493,-2.00296,0
2.02145,-2.10561,0
1.82472,-2.18717,0
2.15965,-2.069,0
2.22499,1.81685,0
1.93223,-1.80898,0
2.06259,-1.94337,0
1.82185,1.92551,0
1.86898,-1.94904,0
2.27242,-2.24108,0
1.69219,-1.84614,0
1.79469,-2.39118,0
2.08883,2.03978,0
1.67203,-2.08523,0
1.78291,-2.14422,0
1.6218,-1.98568,0
1.69803,-1.90983,0
1.95177,-2.34284,0
1.58042,-1.73722,0
2.17824,1.84114,0
1.76246,-2.05124,0
2.03647,-2.35643,0
2.2042,-2.0358,0
2.06733,-1.93629,0
2.25331,1.83111,0
2.15365,-2.09954,0
1.57855,-1.92932,0
1.94033,1.6683,0
1.86646,-2.37984,0
2.12639,2.00643,0
2.05439,1.90733,0
1.71257,-2.40842,0
1.6923,-2.26777,0
1.32987,-1.57533,0
1.98834,1.73025,0
2.17132,1.77263,0
2.16114,-2.04006,0
1.68331,-2.15582,0
1.5399,-1.59581,0
1.83826,1.94109,0
2.17195,-2.11559,0
3.8558,-1.19597,0
1.84413,-1.98069,0
2.02579,1.68034,0
1.80782,1.92608,0
1.88538,-2.23803,0
1.36372,-1.68481,0
1.74064,-1.80482,0
1.89829,-2.2573,0
2.21199,1.86022,0
1.72874,-2.13675,0
1.98483,1.66629,0
1.94147,-2.11142,0
2.23557,1.92147,0
1.46094,-1.56687,0
3.84953,-1.22958,0
2.1188,-1.97526,0
1.50476,-1.7981,0
1.93275,-2.09959,0
3.86508,-1.17476,0
1.74467,-2.09686,0
2.19982,-2.09157,0
1.80726,-2.35803,0
1.80816,1.93859,0
2.23535,1.80637,0
1.97902,1.76665,0
1.54194,-1.7368,0
2.05404,2.09074,0
1.78888,-2.36291,0
1.969,-1.98621,0
2.2568,1.92797,0
2.11481,1.79261,0
1.54284,-1.78957,0
2.15893,2.07625,0
1.76986,1.78006,0
1.77554,-1.91755,0
1.78034,1.87969,0
1.79162,-2.01941,0
2.22023,1.87814,0
2.05122,-2.0015,0
1.87061,-2.38507,0
1.9758,2.02297,0
3.91827,-1.32647,0
1.44971,-1.87652,0
1.76209,-2.09924,0
1.51843,-1.72832,0
1.93685,1.75962,0
1.85281,1.75902,0
1.63435,-2.0806,0
1.43249,-1.70211,0
1.71906,-1.82837,0
2.03506,-2.34279,0
1.89127,-2.39828,0
3.7388,-1.43595,0
2.05864,-2.08605,0
3.79729,-1.20228,0
1.84497,-2.28739,0
2.00265,-1.99495,0
2.15978,1.87471,0
1.5948,-1.58588,0
1.88063,-2.31362,0
1.44422,-1.7594,0
1.83023,1.96688,0
2.1635,2.11044,0
1.44713,-1.8595,0
1.6042,-2.16526,0
1.59679,-2.18715,0
1.73889,1.83846,0
1.89802,1.85111,0
2.37803,1.89967,0
3.77939,-1.38164,0
1.81283,-2.15288,0
2.22781,1.99134,0
1.88392,1.9132,0
1.76225,-1.96954,0
1.44918,-1.6266,0
1.53589,-1.67698,0
1.98602,-2.28928,0
1.67987,1.82499,0
1.50284,-1.82162,0
2.04657,-1.88814,0
1.99112,-1.96377,0
2.13774,1.80251,0
1.84266,-1.97997,0
2.2195,2.07682,0
2.24669,1.81397,0
2.13437,1.94188,0
1.6841,-2.32113,0
1.54132,-1.77149,0
2.06745,1.70573,0
2.15795,-1.99199,0
1.91598,-1.91032,0
2.03771,1.90945,0
1.9046,-2.16691,0
1.79041,1.7693,0
1.68682,1.82778,0
1.741,-2.2408,0
1.91304,1.7649,0
2.15202,-2.00332,0
1.87677,-1.90496,0
2.22115,1.97808,0
1.80486,1.93265,0
1.79758,-2.19188,0
1.86978,1.88618,0
1.92836,1.90706,0
1.74626,-1.7549,0
2.31811,1.82509,0
1.86846,-2.12859,0
1.89605,1.76293,0
1.64469,-1.90062,0
1.77477,-1.81602,0
1.5095,-1.64767,0
2.02745,-2.15448,0
1.78394,-2.45727,0
2.05384,1.96715,0
3.83721,-1.4736,0
2.05195,1.93735,0
1.56101,-1.8765,0
2.19896,2.08015,0
1.47309,-1.52283,0
1.68566,-2.14407,0
2.12098,-1.95836,0
2.10547,-2.2003,0
1.9514,-2.39592,0
1.32884,-1.64083,0
2.13882,1.73066,0
2.21578,2.15369,0
1.73068,-1.81671,0
1.79984,-2.13946,0
1.99104,-2.05525,0
3.86658,-1.45699,0
2.19918,-2.21246,0
1.80623,1.86278,0
2.3096,1.77965,0
1.45534,-1.45851,0
1.95665,-2.21248,0
1.52226,-1.74035,0
1.96423,1.98422,0
1.41793,-1.62,0
2.03717,-2.12642,0
1.94049,1.66083,0
1.88898,-2.38901,0
2.18998,-2.10917,0
2.27509,1.80562,0
2.26398,2.03217,0
1.34715,-1.58092,0
1.70989,-1.64019,0
2.12586,1.83163,0
2.16436,2.04407,0
1.91519,-1.83753,0
2.05678,-2.18323,0
1.85134,-2.1323,0
1.54357,-1.6597,0
1.79816,1.90865,0
1.41078,-1.69241,0
2.04152,-2.3347,0
1.75648,-1.83527,0
2.15816,1.91394,0
1.63568,-1.65499,0
1.59821,-2.11163,0
1.64247,-1.67845,0
2.03505,-2.21251,0
1.67592,-1.71234,0
1.78678,-2.36162,0
2.10356,1.9256,0
1.43306,-1.49523,0
1.44752,-1.47991,0
1.56957,-1.81508,0
1.80456,-1.89409,0
2.29375,-2.15901,0
1.43441,-1.67422,0
3.86858,-1.27399,0
1.90269,1.64,0
1.57613,-2.04326,0
1.6326,-2.04289,0
1.62895,-1.63896,0
2.1053,1.95545,0
2.03896,1.76905,0
2.2021,-2.14485,0
1.77731,-2.10055,0
1.55017,-1.72383,0
2.23076,1.7475,0
3.74467,-1.40999,0
1.82438,1.85394,0
2.28718,-2.18484,0
1.85674,1.78483,0
1.95499,1.64009,0
1.53074,-2.03668,0
1.88383,-2.30397,0
2.05498,1.96861,0
2.13544,-2.3061,0
1.88698,-2.06467,0
1.78852,-1.70917,0
1.97465,1.92167,0
1.92627,1.62115,0
1.72626,-2.32765,0
1.97275,1.59631,0
1.83479,-2.35785,0
2.01977,1.68817,0
1.59315,-2.0797,0
1.92746,-2.22881,0
1.90775,-2.34874,0
2.0545,-2.23,0
2.23801,2.04738,0
2.03633,1.88299,0
1.76474,-2.40781,0
1.96137,-2.08157,0
1.79703,-1.81376,0
1.77782,-2.00306,0
1.79781,1.78905,0
1.65018,-2.28127,0
1.38978,-1.70075,0
3.83682,-1.47132,0
1.37488,-1.60247,0
2.0682,2.09423,0
2.35735,1.88914,0
1.77169,-2.25364,0
1.55448,-1.63418,0
1.77103,-2.28877,0
1.46147,-1.48049,0
1.44028,-1.67536,0
1.59369,-1.77622,0
1.71412,-2.07789,0
1.38302,-1.55486,0
1.34157,-1.55668,0
1.49692,-1.85954,0
1.91579,-1.90645,0
2.15318,2.04513,0
1.77668,-1.91526,0
1.7454,1.86753,0
2.07444,-2.3252,0
2.02149,1.87666,0
1.98234,1.83756,0
1.87514,1.742,0
1.39774,-1.76912,0
1.86048,-2.11699,0
3.85473,-1.25664,0
1.81122,-2.43492,0
1.88283,-2.26596,0
2.15416,1.71557,0
1.481,-1.89454,0
2.14272,2.06181,0
1.68732,-1.82176,0
1.66491,-2.22503,0
2.08344,2.08511,0
2.22713,-2.15227,0
3.76205,-1.49027,0
2.00611,1.90432,0
1.52326,-1.98637,0
2.23197,-2.18693,0
1.95974,-2.01353,0
1.99352,-2.26929,0
1.82813,1.93414,0
2.3823,1.84254,0
1.7049,-2.36584,0
1.78141,-2.28905,0
1.73465,-2.26754,0
3.83764,-1.11275,0
1.78978,-2.33775,0
1.99766,2.02162,0
2.38265,1.86048,0
2.18397,1.71097,0
1.95374,1.60614,0
1.78936,-1.78941,0
1.52509,-1.56868,0
1.9176,-1.81991,0
1.28974,-1.5529,0
2.2451,-2.20241,0
1.40341,-1.58761,0
2.19965,-2.15989,0
1.90928,1.70012,0
1.35044,-1.53902,0
1.66176,-2.00309,0
1.4742,-1.92087,0
1.79964,1.92782,0
1.89434,-1.98457,0
2.16087,2.08283,0
1.75221,-1.77032,0
1.77827,-1.98287,0
3.86724,-1.40916,0
2.14216,2.05151,0
1.79249,-2.18039,0
1.84675,-1.75137,0
1.82264,-2.16611,0
1.572,-1.78785,0
2.03973,2.02667,0
3.76809,-1.27253,0
2.05222,-1.95913,0
1.80742,1.79279,0
1.43607,-1.78841,0
2.12359,1.97642,0
1.82628,-1.78717,0
3.84003,-1.19578,0
1.62638,-1.91885,0
1.53903,-1.63109,0
1.78184,-2.44809,0
1.71461,-2.36273,0
2.21221,2.06753,0
1.77079,-2.17229,0
2.23511,2.116,0
1.6822,-2.015,0
1.76038,-1.79829,0
1.69558,-1.97951,0
1.9903,1.80566,0
1.9053,-2.06996,0
1.34297,-1.50678,0
2.19085,-2.07618,0
1.78518,-1.88582,0
2.20916,1.74737,0
3.8486,-1.37989,0
1.88896,1.65396,0
2.00853,-2.20862,0
1.69198,-1.94206,0
1.89276,-2.09915,0
1.97314,-1.8468,0
1.39034,-1.75412,0
2.02561,-1.98639,0
2.17504,1.91607,0
2.2284,-2.18251,0
1.75578,-1.77437,0
2.13388,1.87206,0
1.98351,-2.12505,0
3.78194,-1.28624,0
1.89954,1.76946,0
2.22825,1.86252,0
2.26837,1.76574,0
1.56092,-1.58279,0
1.77055,1.82782,0
3.87142,-1.21378,0
2.12054,2.06162,0
2.08557,-2.16951,0
1.75667,-2.46206,0
1.73376,-1.97026,0
1.90004,-2.32669,0
1.87595,1.73661,0
1.43278,-1.61733,0
2.15428,1.87322,0
2.0603,1.94928,0
1.76355,-1.97154,0
3.88155,-1.34873,0
1.56852,-1.72837,0
2.07514,-2.06642,0
1.8955,-1.9231,0
1.57987,-2.02444,0
2.16989,1.77773,0
1.6434,-2.08417,0
1.35657,-1.52933,0
1.56533,-1.97573,0
1.90386,1.94342,0
1.77654,-2.47958,0
1.93887,-2.14295,0
3.84549,-1.37711,0
2.26512,-2.23258,0
1.9955,-2.21183,0
2.17703,-2.00733,0
1.99924,1.62961,0
1.90897,1.662,0
1.73343,-1.83715,0
2.16971,2.04499,0
2.04838,1.6738,0
1.42287,-1.80843,0
1.70056,-2.20541,0
1.60272,-1.58648,0
1.94212,1.99349,0
1.86973,-2.06579,0
1.83795,1.74724,0
2.01859,2.02352,0
1.88595,-2.12986,0
1.83585,-2.16545,0
2.14821,1.8268,0
1.57589,-1.76026,0
2.03637,-2.32356,0
3.96217,-1.37166,0
1.91493,-2.12038,0
1.38978,-1.5527,0
2.32929,1.91943,0
1.99216,1.88257,0
1.72421,-2.18748,0
1.57869,-1.91807,0
1.49703,-1.5244,0
3.88659,-1.41856,0
1.53228,-1.82884,0
1.92628,-2.31794,0
1.97615,1.88855,0
1.40171,-1.6357,0
1.80838,1.82611,0
1.69201,-2.39019,0
2.10993,1.71265,0
1.62474,-1.74748,0
1.60822,-1.71638,0
3.8556,-1.42352,0
1.94,-2.1219,0
1.86175,-2.40994,0
1.82667,1.69928,0
1.29798,-1.54197,0
1.74552,1.80154,0
1.769,1.95702,0
1.64753,-1.75507,0
2.17443,1.9094,0
1.87061,-2.42384,0
1.72597,-1.78994,0
2.24065,-2.19743,0
1.67611,-1.76468,0
3.76944,-1.27042,0
1.87151,-2.40132,0
1.89483,-2.00516,0
1.87692,2.00035,0
1.28999,-1.55262,0
1.88156,-1.79895,0
2.25887,-2.17884,0
2.03446,-1.90658,0
1.95483,1.64696,0
1.65305,-2.2405,0
3.94195,-1.42123,0
1.81654,-1.73026,0
2.20335,2.01548,0
1.7105,-2.38895,0
1.90723,-2.18779,0
1.74062,-2.40423,0
2.23397,1.7367,0
1.64055,-2.15975,0
3.83501,-1.44274,0
1.42815,-1.83554,0
1.91602,-1.79284,0
3.82093,-1.42821,0
2.27056,-2.23407,0
2.05182,1.86182,0
3.72832,-1.44917,0
1.4307,-1.76887,0
1.82091,-2.16288,0
1.45249,-1.74736,0
2.24261,1.9569,0
1.55561,-1.98005,0
1.89524,-2.04682,0
2.07586,-1.96919,0
1.95403,1.79025,0
2.04649,-2.19446,0
2.10189,1.98145,0
1.48656,-1.90561,0
1.79739,-2.44296,0
1.47982,-1.61296,0
2.01459,-2.01111,0
1.75758,1.79219,0
1.36266,-1.65175,0
1.82823,-2.28431,0
2.32215,1.9758,0
1.72669,-2.10853,0
2.29487,1.90259,0
2.2635,2.11342,0
2.19663,2.03614,0
1.75121,-1.68688,0
1.96486,-2.31915,0
1.72921,-2.07444,0
1.81522,1.86814,0
1.66814,-2.17004,0
1.98897,-1.9572,0
1.61248,-1.81042,0
1.73131,-1.87015,0
1.72557,-2.44744,0
2.26673,-2.13714,0
1.98763,-2.17057,0
1.80435,-2.26807,0
1.81006,-1.96626,0
2.24959,-2.25326,0
1.58253,-2.14004,0
1.69566,-1.93074,0
3.86459,-1.42393,0
1.59415,-1.94105,0
1.99781,-1.98388,0
1.70679,-2.01187,0
2.22114,1.88033,0
1.95759,-2.21017,0
1.43582,-1.68123,0
1.71082,-1.77825,0
1.84391,-2.27396,0
2.11261,1.91406,0
2.10927,1.67587,0
1.67192,-2.22388,0
1.76149,-1.78071,0
2.14254,-2.24797,0
2.14043,1.73806,0
1.60266,-2.1765,0
2.14153,-2.19532,0
2.12582,1.95333,0
1.87295,-2.04885,0
2.03952,1.7436,0
1.75931,-2.46957,0
1.74644,1.94829,0
1.99478,1.94439,0
2.12493,-2.06228,0
2.3209,1.95216,0
2.23951,1.99052,0
1.44585,-1.70063,0
1.70654,-1.68664,0
2.23899,2.07042,0
2.21238,2.16163,0
3.76973,-1.46499,0
1.5698,-1.76247,0
1.91972,1.98926,0
1.74969,-1.7434,0
2.13002,1.75772,0
2.16229,1.91322,0
2.01999,-2.23962,0
1.83183,1.72901,0
2.11622,-2.13028,0
1.66677,-2.134,0
3.83823,-1.22851,0
1.55364,-1.58207,0
1.72632,-1.67121,0
1.48427,-1.6967,0
1.96223,-2.33527,0
1.98921,1.82836,0
1.93309,-2.3259,0
1.61253,-1.76589,0
1.69791,-2.21426,0
2.11093,-1.96246,0
1.89459,1.75506,0
1.94752,-2.31193,0
1.85137,1.9976,0
2.15309,1.78327,0
1.95356,1.77567,0
1.73472,-2.24941,0
1.89291,-2.15137,0
2.18967,2.15486,0
1.56551,-1.59656,0
2.14762,1.76118,0
2.29704,1.83715,0
1.85437,1.93701,0
1.30205,-1.58445,0
1.83544,-1.89997,0
1.63501,-1.78591,0
1.5155,-1.57589,0
1.80552,-2.00121,0
1.75366,-2.22149,0
1.77298,-2.32662,0
1.81481,-2.11585,0
2.12376,1.9412,0
2.22335,-2.2245,0
2.06772,1.83973,0
1.95217,1.94779,0
2.18476,-2.15004,0
1.79054,1.72499,0
1.80865,-2.43428,0
1.37635,-1.55182,0
1.83344,-2.18424,0
3.85483,-1.26398,0
2.00633,-2.35755,0
2.30283,2.0457,0
1.95659,-1.82754,0
1.96929,1.89792,0
1.51469,-1.69792,0
2.25407,-2.14295,0
2.21726,1.9373,0
2.16636,1.69665,0
2.01708,-2.10572,0
1.803,-1.83172,0
1.75313,-2.39231,0
2.29438,1.95289,0
1.93381,-1.88449,0
2.11041,-2.12667,0
2.15062,1.7763,0
2.08742,1.97692,0
1.41345,-1.56888,0
2.02005,1.90233,0
1.59181,-1.79277,0
1.66828,-2.24393,0
1.83932,-1.80115,0
1.65898,-2.01455,0
3.84682,-1.3959,0
1.31437,-1.61057,0
1.79136,1.73414,0
2.1894,2.05998,0
1.77016,-2.07563,0
1.77084,-2.2777,0
1.98012,1.97656,0
1.40269,-1.76902,0
2.00665,-2.34107,0
3.77845,-1.50787,0
2.04331,1.82912,0
1.72274,-1.7937,0
2.00852,-1.86537,0
2.24861,2.13025,0
1.38962,-1.53322,0
2.1208,-2.30086,0
1.58202,-1.68878,0
1.95079,-2.29339,0
2.01854,1.8636,0
1.9316,-1.96787,0
1.55427,-1.67278,0
2.35173,1.7941,0
2.29402,1.87346,0
1.69851,-1.65813,0
1.39543,-1.6358,0
3.926,-1.34295,0
2.04151,1.71081,0
1.37922,-1.58155,0
1.91439,-2.26396,0
2.12096,1.76487,0
1.88524,1.83784,0
2.3561,1.82366,0
1.7748,-2.46093,0
3.71589,-1.53113,0
1.68002,1.84262,0
1.75951,-2.35475,0
3.83427,-1.45557,0
1.97722,1.80742,0
1.47289,-1.51239,0
1.85537,1.83583,0
2.22365,2.0507,0
1.69932,-1.82738,0
1.65597,-1.76638,0
1.52949,-1.66544,0
1.75121,-2.32119,0
2.08195,2.09264,0
1.9221,-2.01478,0
2.26976,-2.2284,0
3.92775,-1.36352,0
1.48005,-1.84865,0
3.7385,-1.40261,0
2.00665,-2.27876,0
1.54878,-1.91061,0
1.89379,1.847,0
1.7501,-2.47346,0
1.5866,-2.0367,0
3.80718,-1.37434,0
1.4986,-1.54511,0
1.66076,-1.65367,0
1.8361,-1.85526,0
2.1789,1.91649,0
1.71922,-2.14548,0
1.99632,-2.0766,0
2.3648,1.91074,0
2.00393,-2.27179,0
1.78912,-1.70046,0
1.79614,-2.46307,0
2.11654,-2.08784,0
2.18062,-2.15039,0
3.91484,-1.33224,0
2.34723,1.93418,0
1.52753,-1.5644,0
1.93514,1.73135,0
1.38256,-1.55886,0
1.47179,-1.92268,0
1.80568,-1.86804,0
1.33843,-1.56204,0
1.57642,-1.89704,0
1.92485,-2.09654,0
2.03798,1.69326,0
1.96095,1.77678,0
1.74115,-1.92074,0
3.70308,-1.53056,0
1.98437,1.64074,0
2.14652,-2.23386,0
2.03621,-1.97658,0
1.66968,-1.99238,0
2.02627,1.86194,0
1.66855,1.86929,0
1.48241,-1.68071,0
1.79632,1.84236,0
1.95142,-1.90725,0
2.28264,2.06276,0
1.59851,-2.12597,0
2.22874,2.00897,0
2.30044,2.06134,0
1.88625,1.66518,0
1.7749,1.89653,0
1.49697,-1.52335,0
2.06523,1.89981,0
3.78479,-1.3322,0
2.15669,-2.28513,0
1.65335,1.86617,0
2.02475,2.06273,0
1.85418,-2.04529,0
2.28664,1.80107,0
1.94554,-1.88246,0
1.72675,1.79654,0
1.89093,-1.83178,0
3.76223,-1.37945,0
2.3317,1.80332,0
2.20029,1.99541,0
1.65485,-2.14569,0
2.03601,1.75689,0
1.84438,1.91293,0
1.69078,-1.89646,0
1.65982,-2.09902,0
2.03567,-2.20105,0
2.05949,2.0087,0
2.05003,1.66722,0
2.24297,1.82089,0
1.82094,-1.81244,0
1.3159,-1.58855,0
1.88301,1.79124,0
1.58497,-1.81409,0
3.84907,-1.42407,0
2.06505,-2.32238,0
1.67115,-2.29102,0
1.85746,-2.42954,0
1.8568,-2.01302,0
1.78901,-2.41555,0
1.64353,-1.81066,0
1.90408,-1.89309,0
1.89831,1.62511,0
3.81478,-1.3674,0
2.16333,-2.18574,0
1.86038,-1.88837,0
2.03017,1.77471,0
2.09622,-2.06685,0
2.10583,1.82568,0
1.79364,-2.21204,0
1.7727,-2.35859,0
1.97912,1.89333,0
2.01416,-2.10595,0
1.90688,1.99516,0
2.09691,1.70804,0
1.88055,1.79065,0
1.9315,1.93706,0
1.95869,2.03633,0
1.91523,-2.22083,0
2.22409,1.76893,0
1.78207,-1.83563,0
1.65699,1.8468,0
2.34085,1.89865,0
1.86621,-1.87669,0
1.79438,-1.88246,0
2.22284,1.76481,0
2.27159,1.89309,0
1.92055,-2.09985,0
1.89247,1.90683,0
1.65279,-1.87057,0
2.04734,-1.96192,0
2.09897,1.97871,0
1.50099,-1.95895,0
2.10043,1.81286,0
1.71339,-2.33703,0
1.47837,-1.6519,0
1.82057,1.75588,0
2.04536,-2.05072,0
2.03246,1.80694,0
1.75985,-1.90065,0
1.67641,-1.95486,0
1.99743,1.63391,0
3.79328,-1.40301,0
1.73791,-1.90343,0
2.29852,1.97866,0
1.89418,1.72032,0
2.10305,1.79711,0
1.74461,-2.39455,0
2.26195,2.0971,0
2.28522,1.81656,0
2.36374,1.88477,0
2.22638,2.12182,0
2.12056,-2.07398,0
1.77506,-2.0002,0
1.76207,-1.87258,0
2.02475,-1.89892,0
2.02724,1.97579,0
2.06982,-2.19661,0
3.8672,-1.322,0
2.07158,-1.98133,0
1.63121,-1.59842,0
3.94538,-1.42338,0
1.55804,-1.79687,0
1.88781,1.8652,0
1.49946,-1.98334,0
1.98966,-2.30748,0
1.51397,-1.97685,0
2.06574,1.85237,0
1.93814,-2.20251,0
1.78398,-1.71608,0
1.64516,-1.81961,0
1.71339,-2.42571,0
2.00442,-1.94997,0
1.93092,-2.34011,0
1.76444,-1.75692,0
1.77067,-1.90566,0
2.05219,2.09319,0
1.97453,2.04489,0
2.09069,1.72819,0
2.2247,1.99509,0
1.75478,1.8888,0
1.72921,-1.90177,0
2.22871,-2.06865,0
1.72364,-1.73507,0
1.77876,-2.10397,0
1.62691,-2.10102,0
1.88194,1.85019,0
1.9114,1.66725,0
1.6223,-1.72985,0
1.93317,1.61701,0
2.24558,2.07559,0
1.95164,2.02482,0
3.94976,-1.35238,0
1.69052,-2.14037,0
1.90305,-2.39796,0
3.81023,-1.35976,0
1.69714,-2.31581,0
1.62225,-2.04529,0
2.29308,1.96273,0
2.04761,1.92506,0
2.10282,-2.02244,0
1.68783,-2.13985,0
1.55535,-1.76086,0
3.84353,-1.29418,0
1.89603,-2.01594,0
2.11857,-1.99382,0
1.97995,-1.99792,0
2.15118,2.13948,0
1.89392,-2.36695,0
1.80302,1.92514,0
1.66422,-1.823,0
1.72003,-1.84274,0
1.74408,-2.46729,0
1.99863,-2.06386,0
2.07921,-2.13658,0
1.75182,-1.94629,0
2.1564,-2.09718,0
1.69815,-1.9888,0
2.22498,2.14332,0
2.23902,1.96467,0
1.76943,-2.28027,0
2.0543,-2.22688,0
1.59554,-1.795,0
2.06271,2.04289,0
1.89943,1.81743,0
1.51244,-1.90752,0
1.38742,-1.72954,0
1.7404,1.85078,0
3.70387,-1.51858,0
1.38125,-1.54166,0
2.04414,-2.22334,0
3.85158,-1.19778,0
1.86276,-2.26391,0
1.91612,1.9369,0
2.24123,-2.09946,0
3.89288,-1.40295,0
2.30956,1.81521,0
1.94049,-2.01045,0
1.89215,1.64038,0
1.8687,-1.84711,0
2.13883,2.01098,0
1.89948,1.68004,0
2.06779,1.68861,0
1.53301,-1.64319,0
3.80565,-1.38378,0
2.26904,-2.19387,0
1.71267,1.80351,0
1.45026,-1.5125,0
1.80777,1.87938,0
1.80105,-2.45982,0
2.35137,1.91663,0
1.97254,2.03681,0
3.81263,-1.20583,0
1.91988,1.71548,0
1.70544,-1.68487,0
1.69983,-1.94121,0
1.99994,-2.2946,0
1.6686,-2.29093,0
2.1288,2.03763,0
1.81672,-2.11061,0
1.67949,1.817,0
1.89673,-1.89073,0
3.83111,-1.12121,0
2.26256,2.03543,0
1.87301,1.78644,0
2.11426,-2.01095,0
1.72956,-2.12593,0
1.87174,-1.99351,0
1.94274,1.6786,0
1.51547,-1.56797,0
2.33672,1.84201,0
2.29387,1.9944,0
2.31947,1.96015,0
1.62344,-2.18408,0
2.11232,-2.12192,0
1.84093,-2.35478,0
1.78215,1.88137,0
2.24974,1.82845,0
2.12711,1.83358,0
2.09759,1.80292,0
1.42594,-1.4716,0
2.28505,2.08703,0
1.8808,1.63661,0
2.05691,-2.2604,0
2.20221,1.91321,0
1.96718,1.64136,0
1.9157,1.99888,0
1.77665,-1.79671,0
2.2739,-2.17946,0
1.4964,-1.57336,0
1.46472,-1.57232,0
2.0058,2.04848,0
1.52784,-1.96714,0
1.6312,-2.02858,0
1.80012,-1.87352,0
1.99004,-2.02177,0
1.82832,-1.89106,0
1.86496,-2.09473,0
1.85121,-1.94057,0
1.98808,1.74963,0
1.67026,-1.84767,0
2.21776,1.88206,0
1.36873,-1.58718,0
2.0132,-1.88913,0
1.93948,-2.37151,0
1.95059,-2.24762,0
1.47975,-1.55297,0
2.09763,-2.19342,0
1.75961,-1.95006,0
2.21628,2.16602,0
2.28402,1.80639,0
1.99983,-1.9598,0
1.56022,-1.74476,0
2.06776,1.78012,0
1.54963,-1.99421,0
1.87276,-2.40931,0
2.06722,2.01597,0
1.74258,-2.2066,0
1.99549,1.81048,0
1.41184,-1.76658,0
2.21822,1.84177,0
1.93899,-2.34615,0
1.89372,-1.96487,0
1.9387,1.91231,0
1.94183,-1.86121,0
1.77291,-2.43212,0
2.00982,1.82383,0
2.01952,1.98232,0
1.95707,-2.37822,0
3.81955,-1.15814,0
1.99373,2.05678,0
1.66402,-1.89591,0
1.84374,-2.33327,0
1.81633,-2.26857,0
1.83983,-2.13934,0
2.06674,2.01026,0
2.32908,1.92912,0
2.24777,1.78389,0
1.56222,-1.60318,0
1.74092,-2.09245,0
1.50119,-1.57035,0
1.57088,-2.10942,0
3.90989,-1.44349,0
1.87819,-1.83318,0
1.88435,1.95483,0
1.94665,-2.36889,0
1.76058,-1.77981,0
1.48128,-1.75681,0
1.84441,-2.03267,0
1.57462,-1.67428,0
3.88135,-1.42527,0
1.96519,-1.99419,0
1.71738,1.81405,0
1.61826,-1.92874,0
1.59741,-1.81495,0
1.86403,1.86248,0
1.91192,-2.08028,0
1.45182,-1.51424,0
2.06362,-1.91008,0
1.75105,-1.76376,0
2.14982,-2.10194,0
2.10902,-1.97948,0
1.81548,-1.85117,0
1.96035,-2.16539,0
3.84489,-1.21323,0
1.75104,-1.91087,0
2.31267,2.02094,0
1.9805,-2.09489,0
2.26706,-2.17642,0
2.04133,-2.35361,0
1.78979,-1.97393,0
1.56456,-1.68702,0
1.68032,-1.85721,0
1.84696,-2.2799,0
1.44476,-1.58859,0
1.98844,-2.33195,0
3.86639,-1.19803,0
1.45567,-1.6885,0
2.1108,1.88176,0
3.78998,-1.46689,0
1.57393,-1.93199,0
1.79717,1.90787,0
1.85608,-2.22907,0
1.80632,-2.2783,0
2.09766,1.94468,0
3.74883,-1.36368,0
2.17202,-2.08795,0
1.75496,-1.87755,0
1.87855,-2.32492,0
1.88475,-2.02044,0
2.3158,1.80227,0
2.35796,1.82029,0
1.88055,1.93521,0
2.21067,2.0719,0
1.48793,-1.5734,0
1.60234,-1.77071,0
1.78842,1.83543,0
1.92086,1.66748,0
2.24695,1.92746,0
2.16818,1.91064,0
1.71321,-2.12193,0
1.63039,-1.84476,0
1.64784,-1.91102,0
1.84474,-2.26044,0
1.8017,1.82553,0
1.43146,-1.54637,0
1.69852,-1.83819,0
1.92944,-2.15055,0
1.9029,-2.36171,0
1.51756,-1.61558,0
1.96476,1.85712,0
1.66414,-2.27721,0
2.01113,-2.12409,0
1.62187,-2.18062,0
1.50203,-1.7276,0
1.42452,-1.64455,0
1.90745,-2.35567,0
2.00545,1.87372,0
1.89373,-2.01956,0
1.5704,-1.66463,0
1.95155,-2.37793,0
1.86154,1.93648,0
1.39408,-1.64643,0
2.01327,-1.96321,0
2.04872,1.63742,0
1.98486,1.75226,0
2.01739,-2.02215,0
1.91516,-2.1616,0
1.79044,-2.1056,0
1.80712,-1.9887,0
3.75587,-1.3391,0
1.3469,-1.62424,0
2.28203,1.96831,0
1.46226,-1.67103,0
1.65093,-1.8239,0
2.05472,-1.95529,0
2.06835,1.84833,0
2.19104,-2.2623,0
2.02589,1.67838,0
1.45073,-1.69625,0
1.94997,2.00479,0
3.77294,-1.22906,0
2.1415,1.69224,0
2.05211,1.89662,0
1.99825,-2.34692,0
1.36906,-1.61735,0
2.1312,2.09895,0
1.64508,-1.88623,0
1.94739,1.69022,0
2.00416,1.95746,0
2.06233,-2.13391,0
2.161,1.73889,0
2.03312,-2.07361,0
2.25156,1.95842,0
2.28966,1.82077,0
2.2255,2.14982,0
1.62961,-1.88087,0
2.24065,-2.19826,0
1.94146,1.80075,0
2.32765,1.93646,0
2.08817,2.02898,0
2.34378,1.80235,0
1.86447,-2.24265,0
1.75548,-2.47732,0
1.99977,-2.13622,0
1.87771,-2.41382,0
1.90683,1.84735,0
3.79082,-1.33281,0
1.49611,-1.96821,0
1.72694,-1.76101,0
2.19653,1.87668,0
1.82761,-2.00718,0
2.03022,1.94536,0
1.72674,-1.68078,0
1.71107,-1.7538,0
2.01165,1.62391,0
1.75705,1.78958,0
1.79465,-1.97541,0
1.93051,-1.97272,0
1.44937,-1.76169,0
1.66043,-1.72675,0
2.1758,1.73382,0
3.89386,-1.42991,0
2.10715,1.8376,0
2.22126,2.01492,0
1.48884,-1.7958,0
1.60505,-1.77064,0
2.07004,-1.93514,0
2.0539,-2.20617,0
1.93206,1.89308,0
1.62354,-2.13019,0
1.42709,-1.46804,0
2.01288,1.90759,0
3.93715,-1.37756,0
2.05772,-1.99211,0
1.70153,-2.39698,0
1.84299,-1.84632,0
1.60989,-2.01555,0
1.85732,1.83994,0
2.17622,-2.2093,0
2.23784,2.01756,0
1.85741,1.81862,0
1.72034,1.81889,0
2.04046,1.70556,0
1.93602,-1.9787,0
1.91698,-2.00472,0
1.4562,-1.54392,0
2.34169,1.83662,0
2.28289,1.8751,0
1.80198,-1.75651,0
1.87174,1.82187,0
1.49177,-1.90564,0
2.26978,-2.14847,0
1.94737,1.90008,0
1.84475,-2.34,0
3.84347,-1.45613,0
2.19965,-2.056,0
1.82966,1.79487,0
2.27835,1.77318,0
1.72055,-2.31741,0
3.79623,-1.46382,0
2.26896,1.75644,0
2.03731,-1.94538,0
2.1753,-2.23888,0
2.04977,2.04491,0
2.29433,2.02391,0
2.22536,2.155,0
1.96379,-2.02228,0
1.94168,1.99537,0
1.91175,-2.33932,0
1.84236,-2.3595,0
1.50292,-1.72202,0
1.86615,1.69826,0
1.70495,-2.32337,0
2.13031,-2.21004,0
1.76889,-2.10068,0
2.31123,2.00831,0
1.77257,-2.28432,0
2.04597,2.0459,0
1.8833,-1.96399,0
1.55154,-1.57031,0
1.74136,-2.35057,0
1.34322,-1.54615,0
1.67032,-2.11042,0
1.94248,1.82118,0
2.11779,-2.09448,0
2.07387,-2.12761,0
2.28419,1.79495,0
1.50973,-1.99431,0
1.89894,1.7917,0
1.97151,-2.13185,0
1.60807,-1.99687,0
1.5688,-2.11125,0
1.76506,-2.45224,0
1.89524,2.00067,0
1.91546,-1.93271,0
1.55279,-1.62287,0
1.56596,-1.90902,0
1.62499,-2.12969,0
2.36233,1.88734,0
3.83058,-1.13024,0
1.70866,-2.05076,0
1.7776,1.89635,0
1.83121,-1.90505,0
2.16227,1.78224,0
3.92132,-1.35225,0
2.09428,2.05914,0
1.75474,-1.95478,0
1.69666,-1.71182,0
2.05898,2.01717,0
1.77863,-1.70257,0
1.84843,-2.16122,0
1.93179,-2.38874,0
1.95319,-1.86603,0
1.99693,-1.90787,0
1.83706,-2.43052,0
3.82718,-1.11092,0
1.7275,1.77848,0
1.76619,-2.0041,0
1.97934,-1.84952,0
1.90737,1.61866,0
1.90247,-1.7993,0
1.79225,-2.28245,0
1.57992,-1.68119,0
1.62749,-1.91671,0
3.96554,-1.37688,0
2.13568,2.10871,0
1.8274,1.94585,0
1.7109,-2.19228,0
1.71633,-2.0526,0
1.66699,-1.84509,0
2.19005,-2.15352,0
2.37324,1.8734,0
1.82644,-2.23409,0
1.45414,-1.6482,0
1.9997,1.94253,0
1.69269,-2.06239,0
1.94257,-2.15713,0
1.41481,-1.53293,0
1.49485,-1.52739,0
2.06918,2.10597,0
1.96717,2.01833,0
3.75133,-1.44822,0
1.4828,-1.92056,0
1.55703,-1.86577,0
1.51811,-1.70708,0
1.8244,-1.83297,0
1.99655,1.97949,0
1.67016,-2.06725,0
2.07888,-2.16023,0
3.84431,-1.21079,0
1.77153,-1.83648,0
1.74946,-2.15152,0
2.31585,1.88486,0
2.08606,1.67884,0
2.28528,2.03322,0
1.82341,-2.18462,0
2.00368,1.7166,0
1.8096,-2.05176,0
2.17428,-2.23594,0
1.9597,-2.10539,0
1.84576,-2.12661,0
1.62176,-1.6013,0
1.83309,-1.89137,0
2.20286,1.80703,0
2.12245,-2.31116,0
1.55462,-1.74916,0
3.77037,-1.36794,0
1.66798,-1.86556,0
2.15048,-2.03176,0
3.85517,-1.21996,0
1.85204,-2.298,0
1.89504,-2.13689,0
1.86962,-2.34174,0
3.82815,-1.30659,0
2.32335,1.87882,0
1.60811,-1.92924,0
2.128,2.13263,0
3.82154,-1.34372,0
2.16544,1.97027,0
1.88395,-1.95409,0
2.27376,2.0716,0
2.01013,1.65233,0
2.15174,-2.25832,0
3.82767,-1.17341,0
1.87849,-2.35753,0
2.2437,1.83265,0
3.823,-1.20042,0
2.11522,-2.3106,0
1.64607,-1.736,0
1.7562,-1.88594,0
1.64008,-1.66072,0
3.77178,-1.26492,0
3.81894,-1.27518,0
1.9973,1.76363,0
2.11472,1.92263,0
1.7055,-1.76643,0
1.65662,-2.08211,0
1.94991,1.59495,0
1.60487,-2.06527,0
1.77391,-1.94542,0
2.17884,1.97543,0
1.58687,-1.77067,0
1.63711,-2.26791,0
2.00326,1.71462,0
2.19767,2.16896,0
2.01399,-2.32716,0
1.3129,-1.53214,0
2.30583,2.05948,0
2.03469,-2.30274,0
1.90254,1.90019,0
1.51562,-1.90374,0
2.34465,1.92964,0
2.34086,-2.15505,0
1.49677,-1.53831,0
2.34878,1.96386,0
1.55037,-1.98966,0
1.98302,-2.23869,0
1.87549,1.99176,0
1.69427,-2.10636,0
2.06456,-2.2439,0
2.13855,-1.99136,0
1.68808,-1.84078,0
1.42528,-1.66396,0
2.11767,-2.19778,0
2.09812,2.0611,0
1.74228,-1.823,0
1.59592,-1.797,0
2.04361,1.70799,0
3.83922,-1.23627,0
3.9419,-1.31265,0
1.68655,-2.25265,0
1.52014,-1.89471,0
3.89617,-1.28973,0
2.20591,-2.06863,0
1.82355,-2.01768,0
3.80448,-1.42422,0
1.93157,1.61214,0
2.2042,-2.17504,0
1.64323,-2.22963,0
1.64462,-2.16352,0
2.07455,-2.29189,0
1.91824,-2.18368,0
2.23911,-2.19229,0
2.29185,-2.20559,0
1.91684,1.63343,0
2.13578,1.87778,0
1.70306,-2.02515,0
1.99489,-2.32666,0
1.89453,-1.82231,0
1.62479,-2.23717,0
1.92976,-2.34027,0
1.56883,-1.96039,0
1.84375,-1.97995,0
2.01328,-1.9252,0
1.54342,-1.90152,0
1.77832,-2.46622,0
1.65013,-2.23855,0
1.68767,-1.68028,0
1.71406,-1.95785,0
1.93745,-1.83132,0
1.91589,-2.40504,0
1.53064,-1.68885,0
1.4257,-1.73705,0
2.06836,-1.97943,0
2.0416,1.68057,0
1.52047,-1.90583,0
2.1474,1.84516,0
1.55637,-1.87701,0
1.60339,-2.08378,0
1.54632,-1.85832,0
1.93808,1.82514,0
1.88828,1.92895,0
2.11418,1.88163,0
1.89935,1.80414,0
2.06467,2.02279,0
2.17753,-2.26147,0
1.58961,-1.91727,0
1.76168,-2.14541,0
1.98772,1.91477,0
1.88465,-1.83584,0
1.70061,-2.31643,0
1.85268,-2.23548,0
2.13564,-2.17188,0
3.81848,-1.26732,0
1.70309,1.8819,0
3.70683,-1.49227,0
1.82422,-1.75951,0
2.11462,-2.29685,0
1.75679,-1.82385,0
1.47599,-1.89219,0
1.84071,-2.23054,0
1.70734,-1.91038,0
1.54868,-1.70001,0
3.82273,-1.10221,0
1.88684,1.8993,0
1.72108,1.89127,0
2.19622,1.70899,0
2.28325,2.0387,0
3.71882,-1.50916,0
1.90624,1.98101,0
2.10721,2.06098,0
1.97341,1.87367,0
2.15147,-2.03139,0
1.45823,-1.90254,0
1.66703,-2.18994,0
3.71708,-1.48989,0
1.83237,1.89599,0
2.02147,1.72214,0
2.27968,1.75539,0
2.07614,-2.07813,0
1.75156,-1.7529,0
1.93299,-1.88987,0
1.87817,1.8296,0
2.21117,-2.05362,0
1.97591,1.85918,0
1.43026,-1.71314,0
2.16724,-2.26042,0
1.93875,-2.22854,0
1.46844,-1.89777,0
2.25008,-2.22357,0
3.8707,-1.31435,0
1.39858,-1.7352,0
1.47418,-1.54272,0
2.20704,1.71084,0
1.39894,-1.67981,0
1.7424,-2.26531,0
1.56511,-1.71308,0
1.85512,-2.03573,0
1.55324,-1.63692,0
1.78983,1.75938,0
3.91666,-1.2804,0
1.47955,-1.74028,0
1.74939,-2.13248,0
2.20745,2.15504,0
2.16148,-2.06703,0
1.908,-2.39141,0
3.8352,-1.37351,0
1.54623,-1.98527,0
2.05367,-2.33639,0
1.87426,1.87151,0
1.99882,-2.26543,0
1.66507,-1.87026,0
1.71232,-1.96899,0
2.24256,2.03244,0
1.87012,-2.22524,0
1.5315,-1.60819,0
2.09616,-1.98502,0
2.1004,-2.17487,0
2.31779,1.77324,0
1.56545,-1.95335,0
1.97187,1.90142,0
1.93884,1.69542,0
1.9351,-1.9247,0
1.58888,-1.81176,0
3.95256,-1.35051,0
2.23187,1.91375,0
2.10799,-2.32082,0
1.39551,-1.58365,0
1.48549,-1.94546,0
2.10969,-2.02838,0
1.62376,-2.04123,0
1.5865,-1.88155,0
1.56311,-1.82202,0
2.04168,1.93902,0
2.14312,1.96641,0
1.92097,1.75316,0
1.97065,1.76158,0
3.70822,-1.52374,0
1.97376,-2.01848,0
1.8739,-2.15704,0
1.93299,1.84427,0
2.24805,1.84256,0
2.08176,-2.26695,0
1.65607,-2.24244,0
1.57589,-2.0245,0
1.91135,-2.36782,0
1.99328,-2.18107,0
1.81664,-2.40389,0
2.14257,1.80606,0
1.46045,-1.53845,0
1.82081,-1.90826,0
2.31597,1.91206,0
3.77228,-1.27128,0
2.12918,1.89819,0
1.50576,-1.73912,0
1.88632,1.78769,0
1.80658,-2.02776,0
1.93713,2.00977,0
1.56252,-1.93014,0
1.69471,-2.03019,0
1.35279,-1.63841,0
1.91746,-2.23096,0
2.26872,-2.23886,0
2.14508,-2.00312,0
1.90699,-1.92793,0
2.07501,1.97131,0
1.9931,2.02399,0
2.31383,1.78394,0
1.97358,-2.1926,0
1.70164,-2.14468,0
2.05043,1.8488,0
2.33377,1.87102,0
1.76099,-2.02059,0
1.81426,-2.22361,0
1.75241,-1.71209,0
1.40568,-1.53528,0
1.52341,-1.53146,0
1.87794,-2.10927,0
1.59377,-1.73796,0
1.95321,1.63844,0
1.7206,-1.86105,0
3.89689,-1.40551,0
1.52088,-1.61537,0
1.62739,-1.59962,0
1.85745,-2.08806,0
2.23024,-2.19166,0
3.79367,-1.24172,0
2.34957,1.84518,0
1.90048,1.66381,0
2.08445,-2.04395,0
1.85824,-2.04855,0
2.01441,-2.02734,0
1.96214,-2.31338,0
2.13192,2.10848,0
1.72905,-2.35315,0
3.78797,-1.35645,0
2.03218,-2.30026,0
1.9339,-2.2475,0
1.50783,-1.74514,0
2.19837,2.04747,0
3.88937,-1.42541,0
3.78146,-1.24379,0
2.03684,1.86338,0
2.06594,1.93696,0
1.6005,-1.57706,0
1.92446,1.81382,0
1.94745,1.82702,0
3.83503,-1.14341,0
1.92233,-2.23478,0
2.30302,-2.18648,0
2.10589,-2.1932,0
1.53323,-1.81647,0
1.6745,-2.10095,0
2.02379,1.85477,0
1.70711,-2.34176,0
2.00162,-2.00736,0
1.90307,-1.89499,0
1.67493,-1.88105,0
1.44133,-1.64401,0
3.89202,-1.44078,0
3.74246,-1.50495,0
2.20008,-2.04121,0
2.18997,-2.07464,0
1.72751,-1.81766,0
2.04064,1.68829,0
1.9655,2.03649,0
1.88423,1.63633,0
2.0382,1.97159,0
2.11451,1.99062,0
1.93605,1.832,0
1.88208,1.76482,0
3.76305,-1.4813,0
1.79214,-2.37854,0
1.99668,1.93491,0
2.1964,1.9836,0
1.49707,-1.89981,0
1.91757,-2.0424,0
3.9268,-1.38499,0
1.77879,-2.46818,0
2.00255,-2.19593,0
1.42258,-1.76294,0
1.87709,-1.90281,0
2.27917,2.00258,0
1.93687,-2.33579,0
1.42618,-1.66839,0
1.91004,-1.99119,0
1.30335,-1.54119,0
1.45886,-1.53617,0
1.82944,-1.99695,0
2.04927,-1.93486,0
2.21225,1.75222,0
2.15607,-2.03347,0
2.17502,1.81743,0
2.28288,1.99231,0
1.92984,1.90341,0
2.39378,1.83423,0
1.5911,-1.74924,0
1.61374,-1.95557,0
1.89679,-2.18242,0
2.01827,1.66295,0
1.8685,-2.32138,0
1.4603,-1.65554,0
1.89592,-1.82738,0
1.44917,-1.54529,0
2.1331,1.95644,0
1.76027,1.78486,0
2.35857,1.87771,0
2.20232,1.82301,0
1.88198,-2.42321,0
1.6567,-1.75719,0
3.70819,-1.52676,0
1.88437,-2.11979,0
1.58463,-1.91169,0
2.08426,1.84517,0
3.8551,-1.18596,0
2.36933,1.90039,0
1.58005,-1.94247,0
2.15657,1.73196,0
3.87093,-1.23156,0
1.69194,1.88852,0
1.75679,-2.15802,0
1.93498,1.72154,0
1.35376,-1.59172,0
1.75421,1.82757,0
1.80906,-1.86687,0
2.32418,1.80363,0
2.07696,-2.07512,0
1.69859,1.80918,0
2.07175,-2.23344,0
1.38627,-1.50391,0
2.18114,1.97352,0
1.70403,-2.17332,0
2.14953,2.10627,0
3.77025,-1.44303,0
1.67858,1.82921,0
1.63898,-2.12104,0
2.15519,1.72945,0
3.82882,-1.3322,0
2.13713,-2.12806,0
1.59646,-2.08787,0
1.64184,-2.05872,0
1.46084,-1.50399,0
1.87468,-2.07562,0
2.15747,1.772,0
1.55723,-1.75556,0
1.88645,1.67132,0
1.94067,1.85104,0
1.50431,-1.68432,0
2.02129,-2.2879,0
2.03135,-2.08964,0
1.64644,-2.03715,0
1.9381,-2.11033,0
2.09088,-2.1487,0
3.97128,-1.38123,0
1.92606,1.77752,0
1.64948,-2.10171,0
1.72316,-2.2566,0
1.82683,-2.08776,0
2.03717,2.01199,0
1.84751,-2.23977,0
2.07362,-1.90841,0
1.58941,-1.72787,0
1.58776,-1.65847,0
2.22149,-2.09669,0
1.7105,-2.19194,0
1.7447,1.85981,0
1.97517,1.78175,0
1.84804,1.80402,0
1.80177,-1.75091,0
1.6836,-2.16376,0
1.74011,-2.04221,0
2.3172,1.89493,0
1.93164,1.84743,0
1.78177,-1.86007,0
2.36037,1.82468,0
1.63543,-2.00751,0
1.91319,-2.15568,0
1.88386,1.93008,0
1.59335,-1.83188,0
1.8701,-2.04725,0
3.92514,-1.36786,0
2.18168,2.02375,0
2.05945,1.99363,0
1.68013,-1.96082,0
2.07218,2.07179,0
2.02615,-2.20279,0
1.65677,-1.87002,0
1.78868,-2.2271,0
2.06811,1.98491,0
2.22801,-2.18457,0
1.83701,-1.8437,0
1.82412,-2.29043,0
2.23021,1.75931,0
1.44586,-1.58288,0
2.19711,1.71066,0
1.6,-2.17174,0
1.36046,-1.50898,0
1.95546,-2.19753,0
1.88701,2.00083,0
3.83427,-1.12082,0
1.61954,-2.17197,0
1.82134,-2.30339,0
2.0666,-2.0475,0
1.84625,1.98433,0
1.82906,1.83556,0
2.05914,-2.1287,0
1.69937,-2.0271,0
1.4838,-1.66861,0
2.03097,1.88238,0
2.27512,1.93222,0
1.8733,1.75805,0
1.74838,-1.69613,0
1.91524,1.85847,0
1.7228,-2.17609,0
1.39553,-1.54759,0
1.76776,-2.27782,0
1.48542,-1.92684,0
1.6962,-1.84442,0
1.89801,1.99809,0
2.09768,1.95899,0
1.44503,-1.55684,0
1.8286,-2.22512,0
2.09198,2.05568,0
2.01625,-2.22418,0
3.76239,-1.30357,0
1.9059,2.01087,0
2.00048,2.01849,0
1.95747,-1.91641,0
1.87515,1.96971,0
1.98482,1.97871,0
1.31132,-1.58395,0
1.84361,-1.79137,0
2.39761,1.8698,0
2.35472,-2.17791,0
1.49698,-1.61418,0
1.78412,-2.32515,0
1.52068,-1.90875,0
1.72269,1.78054,0
1.81048,1.88891,0
2.36285,1.91559,0
1.89904,-2.40756,0
1.89736,-2.27496,0
3.80272,-1.26337,0
1.73097,-1.77508,0
1.60127,-1.75534,0
2.06784,2.07657,0
2.08724,1.88791,0
3.77912,-1.2798,0
1.43887,-1.84638,0
2.15962,-2.29051,0
1.71662,-1.69,0
1.75939,-2.09064,0
1.96036,1.70909,0
1.41201,-1.54773,0
2.1339,1.81191,0
1.75383,-2.43086,0
2.24522,1.89216,0
1.80119,1.78669,0
1.93099,-2.27692,0
2.27323,-2.10235,0
1.77842,-2.29522,0
2.14929,1.80466,0
1.46241,-1.8549,0
2.1865,2.08422,0
1.67739,-1.68455,0
2.02557,2.03249,0
3.8154,-1.19599,0
2.24255,-2.13652,0
1.94977,1.7546,0
2.05829,1.93214,0
1.96141,-2.00253,0
2.15512,1.80876,0
1.76643,1.79421,0
1.52092,-1.63752,0
1.57644,-1.83396,0
1.44641,-1.60229,0
1.48113,-1.78028,0
1.5359,-1.74646,0
2.22558,-2.04821,0
2.18189,2.09115,0
2.05322,-2.08708,0
3.85695,-1.4395,0
1.68109,-1.72374,0
1.89941,1.92935,0
3.86136,-1.21523,0
1.50774,-1.75791,0
2.00164,1.62017,0
2.02353,-2.28825,0
1.74756,-1.6972,0
1.4355,-1.80502,0
1.33587,-1.63391,0
1.68935,-1.75974,0
2.36393,1.78801,0
1.79943,-2.06519,0
2.23232,-2.19691,0
1.92198,-2.21209,0
1.74776,-2.36438,0
2.07096,-2.05058,0
1.57485,-1.55045,0
1.95209,1.93597,0
1.75128,1.85745,0
1.95086,2.01176,0
2.21967,-2.0515,0
3.87904,-1.37954,0
2.24613,1.94289,0
2.1355,-2.26429,0
1.95453,-2.27164,0
1.41112,-1.55721,0
1.69594,-1.83589,0
2.34661,1.89628,0
1.7513,-1.70274,0
1.82072,1.97033,0
3.81999,-1.42086,0
1.56701,-1.64067,0
2.03415,-2.29981,0
1.88403,-1.95438,0
1.84556,-2.27632,0
1.91086,-2.04113,0
1.71317,-2.33549,0
3.84514,-1.26292,0
1.78675,-1.82701,0
1.84142,-2.08837,0
1.83459,-1.88888,0
3.79332,-1.41643,0
1.91779,1.69213,0
2.12828,1.78861,0
1.67487,-2.25481,0
3.90175,-1.36504,0
1.80412,-1.76845,0
2.13385,1.82938,0
2.06221,1.90034,0
1.48322,-1.80446,0
1.82694,-1.80834,0
1.93676,-2.36942,0
1.99773,1.75097,0
1.88754,-2.19525,0
2.01589,1.62912,0
1.55907,-2.08976,0
1.98617,-2.10092,0
2.10139,-2.04233,0
1.66459,-1.8693,0
1.6667,-2.06564,0
1.97555,1.78817,0
2.28848,-2.12163,0
1.69494,-1.86772,0
1.75255,-2.1961,0
1.91679,1.77235,0
1.58386,-1.6071,0
1.78812,-1.70575,0
1.87225,-2.43365,0
2.24178,1.86815,0
2.07074,-2.09602,0
1.69514,-1.74191,0
1.92764,-2.15801,0
3.82869,-1.09076,0
2.04597,-2.09957,0
1.58835,-1.65001,0
1.79953,-2.22268,0
1.80176,1.84459,0
2.02754,-2.21951,0
1.55633,-1.74767,0
1.69796,-2.01535,0
1.80045,-1.76965,0
1.51298,-1.92212,0
3.78777,-1.44215,0
2.05976,-2.34039,0
1.75258,-1.67002,0
1.81631,-2.18611,0
1.63794,-1.76977,0
2.11709,1.94618,0
2.07828,1.67568,0
2.01803,-2.35697,0
1.93326,-1.98307,0
1.66052,-2.28939,0
2.2595,2.15293,0
3.88782,-1.39805,0
1.72566,-2.19442,0
1.40829,-1.80579,0
2.01042,-1.87598,0
2.18942,1.88645,0
1.6661,-2.22276,0
1.84964,1.86651,0
1.98921,1.71985,0
1.70838,-2.42211,0
1.80785,-2.33078,0
1.79164,-2.24043,0
2.26316,-2.23525,0
1.62954,-2.04245,0
2.12551,1.94248,0
1.75352,1.81722,0
3.82228,-1.41501,0
1.78555,-2.17356,0
1.94208,-2.37143,0
3.87718,-1.4181,0
1.4463,-1.55418,0
1.72629,-2.25144,0
2.17862,-2.07664,0
2.12303,-2.29758,0
1.83782,1.82427,0
2.34129,1.78994,0
1.73192,-2.20133,0
3.90008,-1.2791,0
1.77535,-1.98833,0
1.54347,-1.86324,0
2.11062,1.84795,0
2.0696,-2.07723,0
1.749,-1.96395,0
1.84896,1.88915,0
1.85654,-2.21066,0
1.42272,-1.49081,0
2.01451,-2.13707,0
1.71361,1.86436,0
1.87172,-2.32586,0
1.41304,-1.80019,0
1.96791,1.85263,0
1.90932,-2.34243,0
1.65255,-1.83718,0
1.77911,-1.88244,0
2.13765,1.77343,0
2.29945,1.76652,0
1.87082,1.64646,0
2.33133,1.83761,0
2.10904,-2.27967,0
1.77885,1.90927,0
2.28201,-2.21226,0
2.10809,1.97024,0
1.8099,-1.93849,0
2.25035,1.94701,0
1.86183,-1.93884,0
1.90188,1.77422,0
2.091,2.10656,0
2.34771,1.88227,0
1.6741,-1.90236,0
1.72743,-1.87526,0
2.02003,1.75798,0
1.43198,-1.81356,0
1.66475,-2.31676,0
2.03204,1.6549,0
3.78755,-1.3361,0
3.76149,-1.39554,0
1.71957,-1.67404,0
3.84598,-1.34112,0
1.63303,-2.26002,0
1.83239,-1.92241,0
3.73488,-1.51808,0
1.76603,-1.72629,0
1.69171,-2.28764,0
1.66518,-2.24988,0
2.12613,1.94084,0
1.31946,-1.62689,0
2.08502,-1.99021,0
1.5167,-1.60045,0
1.83955,1.70933,0
2.18719,2.0746,0
2.01193,1.93358,0
1.80415,-2.20151,0
2.0574,-1.97474,0
2.00547,-2.16834,0
1.57217,-1.89011,0
1.42825,-1.49451,0
1.93361,-2.03507,0
2.34125,1.88626,0
1.8135,-2.40477,0
1.47936,-1.7083,0
1.86237,1.88024,0
2.27967,1.88722,0
1.32721,-1.59577,0
1.58756,-2.15655,0
1.81043,-1.91673,0
1.79771,-1.75443,0
1.92161,1.70086,0
1.90312,-2.12068,0
2.01845,-2.17926,0
2.02712,-2.03764,0
1.82557,1.93688,0
1.81891,-1.77585,0
2.38306,1.88138,0
1.85887,-2.02308,0
2.18525,-2.24492,0
1.80456,-2.3771,0
2.03872,-2.08895,0
1.69906,-2.04931,0
2.07687,1.77818,0
1.9681,-2.12278,0
2.12112,-2.12848,0
2.1951,-2.25673,0
1.79544,-1.90892,0
1.8259,1.91405,0
1.83659,-1.92374,0
1.9769,-2.0853,0
1.65564,-2.20559,0
1.87734,-2.09906,0
1.7982,-2.25095,0
1.6098,-1.63867,0
1.60873,-1.90383,0
1.73962,-1.86951,0
1.43132,-1.5579,0
1.4838,-1.52974,0
2.12297,1.73885,0
1.82066,1.87178,0
1.92047,-2.01837,0
1.73115,-1.78904,0
1.96956,2.04966,0
3.8025,-1.39829,0
1.44973,-1.58068,0
1.75617,-2.06365,0
1.65489,-2.14297,0
1.81763,1.79898,0
1.68046,-2.02399,0
2.37314,1.83828,0
1.38567,-1.60558,0
1.74792,1.88675,0
1.51568,-1.83601,0
1.56938,-2.02068,0
3.91396,-1.34883,0
1.53117,-1.90765,0
1.70148,1.90828,0
3.79534,-1.47132,0
1.69274,-2.21302,0
1.86918,-2.0132,0
2.22366,1.90364,0
1.58404,-2.14716,0
3.89525,-1.28869,0
1.97896,-2.05345,0
2.25892,1.94922,0
1.84851,-2.41626,0
1.99431,-1.90068,0
1.84945,-2.4138,0
1.90553,-2.1235,0
2.24441,-2.20225,0
1.9338,-1.85628,0
2.17885,-2.00994,0
1.61234,-1.72248,0
1.71122,-1.82631,0
1.76849,1.95776,0
1.97795,1.70195,0
2.26,1.85468,0
1.90977,-2.34757,0
2.28949,2.02576,0
1.97902,-2.2331,0
2.18266,-2.09653,0
1.88121,-2.00502,0
2.34783,1.83953,0
2.04371,-2.16362,0
1.78673,-2.26371,0
1.50125,-1.7524,0
2.14483,-2.302,0
1.92623,1.70731,0
1.84711,-2.31266,0
1.93764,-1.9618,0
1.91415,-1.86922,0
1.89518,-1.99422,0
1.96484,1.87053,0
2.09418,1.78407,0
1.73127,-2.15488,0
1.9575,-2.04932,0
1.86627,-2.418,0
2.26792,2.02129,0
1.71677,-2.36483,0
1.82105,1.79662,0
2.26766,1.80385,0
1.896,1.81478,0
2.02431,-1.99562,0
2.23808,1.99885,0
1.76959,1.91734,0
1.75143,-1.68724,0
2.25365,2.00579,0
2.30872,-2.2065,0
1.67016,-1.83174,0
1.76505,1.91425,0
3.85755,-1.2412,0
2.0297,-2.07689,0
1.86487,-2.39814,0
1.54478,-1.55823,0
1.96476,-2.38246,0
1.92717,-2.31524,0
2.0577,-1.97729,0
1.47502,-1.79938,0
2.0233,-1.8779,0
2.11498,1.83673,0
1.88457,-2.04864,0
2.10694,1.8914,0
1.70144,-1.81936,0
2.03303,2.02665,0
2.22218,-2.23542,0
2.21858,1.79098,0
1.9043,-2.13677,0
2.0838,-2.0189,0
3.84646,-1.15981,0
1.89854,1.97164,0
3.93972,-1.34106,0
1.69062,1.88713,0
1.83217,-1.90812,0
1.64531,-2.12885,0
1.35809,-1.49988,0
1.71931,-2.07146,0
1.46444,-1.55015,0
2.20165,-2.06084,0
1.70689,-2.03701,0
1.79937,1.73462,0
3.83176,-1.35545,0
2.08564,-1.97264,0
1.73476,-1.94117,0
2.20954,2.07311,0
1.99062,-2.30052,0
1.63022,-1.99942,0
2.30096,1.76805,0
2.04748,-2.22621,0
2.14831,2.03029,0
1.80536,-1.82509,0
3.8534,-1.17802,0
1.51075,-1.56419,0
2.01157,-2.3602,0
1.9994,1.82189,0
1.70324,-2.34733,0
3.95777,-1.35319,0
1.97546,1.88657,0
2.10093,-2.1007,0
1.99155,1.62602,0
1.99006,-1.97038,0
1.76991,1.81682,0
1.74165,-2.29622,0
1.85845,1.73489,0
1.71924,-2.33482,0
2.01561,-2.35842,0
1.79267,-2.39394,0
1.88064,1.74988,0
1.61426,-1.95666,0
1.37078,-1.63128,0
1.90479,-2.0959,0
1.91871,-2.09475,0
2.28896,1.88804,0
2.18169,1.87377,0
4.08915,-0.84582,0
1.44564,2.11416,0
4.12125,-0.81844,0
4.18252,-0.73657,0
2.48946,-2.31725,0
3.98833,-0.93593,0
4.06388,-0.86969,0
1.55093,2.0202,0
1.54684,2.06723,0
4.1938,-0.73605,0
2.55273,-2.39576,0
4.20177,-0.72213,0
1.61265,1.92568,0
2.53915,-2.40838,0
2.48479,-2.35347,0
4.07782,-0.81206,0
1.64139,1.95916,0
2.51479,-2.31352,0
3.84664,-1.08466,0
1.53373,2.00442,0
1.55219,1.96218,0
4.18219,-0.77265,0
2.45496,-2.25599,0
2.38052,-2.27023,0
1.58464,1.99417,0
4.13726,-0.81476,0
1.61534,1.97472,0
1.47013,2.04129,0
1.45723,2.09111,0
3.87218,-1.04405,0
1.52914,2.03442,0
1.44407,2.11295,0
1.56245,2.0549,0
4.14002,-0.81201,0
1.46652,2.12441,0
2.37439,-2.24212,0
4.24369,-0.70207,0
2.35686,-2.2064,0
3.92369,-1.02728,0
1.47108,2.00646,0
4.01732,-0.8882,0
4.14703,-0.76951,0
2.3918,-2.19737,0
3.89106,-1.06186,0
2.54293,-2.4248,0
4.12654,-0.79846,0
2.5056,-2.38965,0
2.40568,-2.23618,0
4.22069,-0.68475,0
2.34872,-2.21508,0
1.45397,2.12348,0
2.34027,-2.22632,0
4.15943,-0.7301,0
4.1241,-0.82167,0
3.93511,-0.96836,0
3.88622,-1.06271,0
2.42073,-2.24551,0
4.22316,-0.74938,0
1.58839,1.9618,0
2.37433,-2.23674,0
3.91098,-1.02553,0
1.55437,2.0605,0
3.89114,-1.01436,0
3.92088,-0.9927,0
1.48905,2.05405,0
1.56361,2.01975,0
3.87738,-1.04601,0
1.55462,1.99628,0
1.58297,1.99446,0
1.54018,2.07392,0
2.54034,-2.35697,0
1.61291,2.00776,0
4.20223,-0.75452,0
4.22203,-0.65643,0
2.39208,-2.24085,0
4.14344,-0.75036,0
4.18287,-0.75232,0
1.63769,1.92731,0
2.44094,-2.24375,0
2.40951,-2.23167,0
2.35946,-2.25201,0
1.6514,1.96696,0
1.45988,2.01841,0
3.99466,-0.93656,0
2.52845,-2.41171,0
1.62282,1.99788,0
4.07149,-0.89288,0
1.60276,1.9207,0
1.53833,2.02271,0
2.53641,-2.38436,0
4.21302,-0.72318,0
1.63515,1.89661,0
1.6086,1.95309,0
4.22261,-0.67218,0
1.56075,1.94953,0
3.98192,-0.98063,0
4.28923,-0.66628,0
4.22185,-0.74226,0
1.52343,2.09255,0
4.24178,-0.67976,0
4.0841,-0.82561,0
4.05873,-0.91844,0
4.24284,-0.67779,0
2.52142,-2.40522,0
3.92577,-1.01962,0
4.28715,-0.66811,0
2.36322,-2.2587,0
1.55512,2.03464,0
1.64286,1.94886,0
4.01016,-0.90878,0
1.6195,1.90394,0
3.88989,-1.0708,0
1.46127,2.10589,0
2.5003,-2.37227,0
4.1894,-0.73441,0
4.12648,-0.8097,0
1.59593,1.90735,0
4.05899,-0.85289,0
2.45941,-2.32919,0
3.89036,-1.02713,0
4.0278,-0.86186,0
3.91125,-1.00167,0
4.22959,-0.67212,0
4.2542,-0.6216,0
1.59201,1.91129,0
1.61005,1.9762,0
2.50928,-2.40732,0
4.1486,-0.75556,0
4.23238,-0.6813,0
1.58203,1.96742,0
1.59683,1.93018,0
3.99428,-0.91801,0
2.52662,-2.33947,0
3.94474,-0.98624,0
2.49037,-2.29062,0
4.19561,-0.77301,0
4.24706,-0.70798,0
4.15678,-0.79726,0
1.48022,2.10855,0
4.21086,-0.7298,0
4.11422,-0.77524,0
4.2513,-0.65898,0
2.45834,-2.26554,0
1.49939,2.11735,0
4.21745,-0.6729,0
1.61432,1.90731,0
3.93364,-1.00292,0
2.58742,-2.38596,0
3.99692,-0.96945,0
4.03223,-0.85711,0
3.97586,-0.94255,0
2.42349,-2.26816,0
2.45272,-2.27734,0
4.09317,-0.84796,0
4.13748,-0.82489,0
1.58454,1.98954,0
2.51221,-2.34907,0
1.50875,2.05587,0
4.0476,-0.89553,0
2.54051,-2.38849,0
4.26441,-0.71107,0
4.1779,-0.70283,0
4.23535,-0.66631,0
3.97263,-0.9611,0
4.23054,-0.71641,0
1.48333,2.09899,0
2.56301,-2.41695,0
4.25469,-0.67511,0
2.37707,-2.21389,0
3.90875,-1.03745,0
1.56373,2.02551,0
2.58391,-2.38103,0
4.18371,-0.73927,0
4.16701,-0.71542,0
3.99393,-0.93602,0
1.62383,1.8975,0
2.56145,-2.36272,0
4.19234,-0.69165,0
1.50703,1.99016,0
1.56792,1.99957,0
4.03415,-0.87786,0
3.96501,-0.97351,0
3.97171,-0.99684,0
1.66501,1.93836,0
1.64574,1.93367,0
3.91163,-1.04144,0
2.57851,-2.37897,0
1.42839,2.0882,0
4.12916,-0.79942,0
3.93178,-1.01922,0
3.90969,-1.05645,0
3.86473,-1.07808,0
4.12323,-0.77307,0
1.57374,1.95991,0
3.96906,-0.95459,0
1.64041,1.96466,0
4.22809,-0.72754,0
4.05702,-0.85676,0
1.4354,2.09093,0
3.92074,-1.02919,0
1.40936,2.07259,0
4.18167,-0.69748,0
1.45423,2.12578,0
2.48138,-2.34889,0
1.59309,1.98598,0
3.96586,-0.9423,0
1.66388,1.93192,0
1.54885,1.98035,0
4.14708,-0.78974,0
1.6321,1.98047,0
1.46452,2.13501,0
1.59373,1.9679,0
2.45902,-2.27342,0
2.53839,-2.37365,0
2.3401,-2.22188,0
1.45217,2.09361,0
4.17954,-0.77235,0
3.90256,-1.01776,0
4.24427,-0.70735,0
1.56855,1.97184,0
1.62785,1.99181,0
4.14294,-0.8023,0
2.52726,-2.34811,0
4.11996,-0.84628,0
1.62558,1.91563,0
4.03906,-0.87435,0
3.89573,-1.02511,0
1.52114,2.00553,0
2.53736,-2.36997,0
1.60311,1.93211,0
1.56308,2.03079,0
1.48415,2.03278,0
2.56522,-2.353,0
1.55085,2.05285,0
3.91607,-1.00762,0
4.18368,-0.73871,0
3.88604,-1.08792,0
3.90817,-1.06152,0
4.24951,-0.69283,0
2.44848,-2.27704,0
2.42118,-2.23468,0
1.45647,2.1319,0
2.52434,-2.31754,0
1.55333,1.96192,0
3.90555,-1.041,0
4.04425,-0.91756,0
2.39194,-2.24634,0
1.46659,2.11915,0
4.14445,-0.7581,0
1.62355,1.95507,0
4.0794,-0.82467,0
4.14334,-0.74075,0
4.02418,-0.94468,0
2.50179,-2.34152,0
4.2127,-0.70331,0
3.99393,-0.9248,0
1.55164,2.03635,0
1.49858,2.0769,0
1.44938,2.03326,0
1.49814,2.11442,0
2.47395,-2.30252,0
2.45045,-2.31292,0
4.19569,-0.78104,0
4.00563,-0.92055,0
2.44726,-2.2843,0
3.89743,-1.03029,0
4.1293,-0.77043,0
3.89117,-1.04633,0
2.51431,-2.31706,0
3.96302,-0.93893,0
2.56295,-2.37636,0
4.18559,-0.78803,0
4.28887,-0.68333,0
3.88434,-1.09795,0
4.04835,0.90849,0
3.92933,0.89696,0
4.10965,0.83827,0
4.06345,0.89122,0
4.05794,0.80408,0
4.03653,0.90629,0
4.09093,0.65051,0
3.86425,-1.13943,0
3.87455,-1.11229,0
3.90266,-1.2145,0
4.10445,0.70633,0
4.06705,0.90116,0
3.88322,-1.10364,0
4.03272,0.85789,0
3.79003,-1.53279,0
3.88578,-1.16753,0
4.01786,0.86138,0
3.88235,-1.15431,0
4.04753,0.87848,0
4.09211,0.89625,0
3.90302,0.91011,0
3.98383,0.84287,0
3.86506,-1.50631,0
3.90189,-1.15976,0
4.02044,0.90556,0
3.90849,0.93837,0
3.99694,0.86754,0
3.79491,-1.54344,0
4.0785,0.80049,0
4.06652,0.70444,0
4.06323,0.89159,0
3.92062,0.86712,0
3.86349,-1.52316,0
3.95033,0.92774,0
4.11328,0.90534,0
3.80848,-1.50356,0
3.75105,-1.53387,0
4.01203,0.91462,0
3.81112,-1.55044,0
3.92223,0.85177,0
3.99165,0.85908,0
3.88598,-1.154,0
4.08193,0.6438,0
3.90657,-1.11664,0
3.86743,-1.55325,0
4.02595,0.83146,0
3.71501,-1.54218,0
4.05634,0.92187,0
4.09131,0.75397,0
4.01841,0.89104,0
3.89181,-1.1963,0
3.9402,0.89552,0
3.86699,-1.13638,0
3.98979,0.92489,0
3.9541,0.8623,0
4.08633,0.67546,0
3.92195,0.86711,0
4.08446,0.88585,0
4.05932,0.85271,0
4.09562,0.74015,0
3.98786,0.90134,0
4.09297,0.82663,0
4.01121,0.92057,0
4.08684,0.88122,0
3.90479,-1.12129,0
4.07869,0.71348,0
4.0108,0.89716,0
3.90574,0.87053,0
4.08412,0.82736,0
3.91195,-1.13965,0
4.09219,0.74166,0
3.9268,0.88463,0
4.01379,0.87729,0
3.955,0.89749,0
4.05053,0.88432,0
4.05212,0.82566,0
4.08614,0.64635,0
3.90006,-1.13082,0
4.05085,0.83427,0
3.82562,-1.5274,0
3.90867,-1.14882,0
3.97765,0.90362,0
4.03797,0.84194,0
4.09565,0.81058,0
4.113,0.80484,0
3.95451,0.89355,0
3.79603,-1.50506,0
4.12939,0.91373,0
4.11615,0.81636,0
3.83805,-1.50884,0
3.9183,0.86521,0
3.95537,0.87109,0
3.95244,0.87314,0
3.85213,-1.51283,0
3.90004,0.90302,0
3.86058,-1.48098,0
3.89864,0.86021,0
3.98279,0.91729,0
3.9606,0.90689,0
3.77879,-1.54899,0
3.94686,0.91214,0
3.86515,-1.1261,0
3.86276,-1.5281,0
4.07672,0.81625,0
4.09213,0.7003,0
4.0948,0.67916,0
3.94602,0.8897,0
4.07756,0.84235,0
3.85311,-1.50166,0
4.07818,0.68269,0
4.09653,0.90023,0
3.79696,-1.55436,0
3.8965,0.93541,0
4.0178,0.88066,0
4.07632,0.81512,0
3.83398,-1.52165,0
4.08069,0.70509,0
4.0942,0.89651,0
3.98471,0.88056,0
3.9083,-1.10862,0
4.03541,0.86675,0
4.02558,0.86721,0
3.91449,-1.12051,0
3.89549,-1.12682,0
4.10476,0.72957,0
3.94703,0.84991,0
4.08649,0.81917,0
3.83679,-1.54277,0
4.04334,0.83632,0
3.91155,-1.07158,0
3.91665,-1.07718,0
3.86023,-1.48638,0
4.02312,0.86653,0
4.09662,0.82142,0
3.87036,-1.48145,0
3.77525,-1.51766,0
3.86155,-1.52052,0
3.91581,0.87771,0
3.93074,0.9757,0
3.53579,1.07626,0
3.79245,1.06328,0
3.99386,1.00016,0
3.99294,-1.02805,0
3.98985,1.0179,0
3.95363,-1.26265,0
3.56868,1.04269,0
3.93492,1.03546,0
3.97565,1.06313,0
3.93797,-1.07248,0
4.01261,0.99173,0
3.69044,1.0325,0
3.94644,-1.25046,0
3.8197,1.05351,0
3.99357,0.94066,0
3.93685,-1.18385,0
3.74556,1.05128,0
3.86734,1.02947,0
3.79665,1.04478,0
3.92992,-1.0581,0
3.58659,1.08043,0
3.64766,1.05927,0
3.96192,1.05099,0
3.93773,0.95477,0
3.98414,-1.171,0
3.94473,-1.11954,0
3.94785,-1.27533,0
3.61539,1.06805,0
3.6207,1.04199,0
4.04142,0.9652,0
3.91811,-1.16398,0
3.7076,1.03917,0
3.98906,1.03323,0
3.93646,0.98645,0
3.98181,-1.29914,0
3.56006,1.08076,0
3.94905,0.99337,0
3.9262,-1.23379,0
3.97815,0.98543,0
3.66914,1.05802,0
3.97471,1.0379,0
3.92746,-1.21015,0
4.0483,0.94286,0
3.53456,1.08304,0
3.67126,1.03536,0
3.93192,-1.14679,0
3.63831,1.07752,0
3.57497,1.0765,0
3.57267,1.06221,0
4.0538,1.03141,0
3.97001,-1.02655,0
3.96544,-1.07298,0
3.72994,1.02966,0
3.91642,1.07385,0
3.74065,1.02808,0
3.9442,-1.18326,0
3.98884,-1.21784,0
3.97947,1.03368,0
4.02099,1.00364,0
3.93486,-1.22789,0
3.92488,1.03621,0
3.92483,-1.2379,0
3.67302,1.07281,0
4.05319,1.05041,0
3.98884,0.97037,0
3.7776,1.03806,0
4.04256,0.99671,0
3.94938,1.06933,0
3.96787,1.04825,0
3.981,-1.08233,0
3.73384,1.05731,0
3.92078,0.99065,0
4.01398,1.01924,0
3.95044,-1.04152,0
3.76454,1.06223,0
4.03206,1.04926,0
3.63617,1.07032,0
3.8867,1.03208,0
3.9643,-1.19795,0
3.9875,-1.02115,0
3.94484,0.97695,0
3.96532,-1.1892,0
3.80973,1.07145,0
3.95616,-1.25266,0
3.97312,0.9881,0
3.92629,-1.17842,0
3.9808,-1.10333,0
3.70706,1.0791,0
3.98812,1.06484,0
3.91854,-1.21159,0
4.02883,1.06249,0
4.03121,0.9744,0
3.86797,1.06805,0
3.98579,-1.35086,0
3.95633,-1.14571,0
3.54311,1.05729,0
3.96135,-1.11617,0
3.65644,1.06094,0
3.91962,0.94932,0
3.79949,1.04818,0
3.96384,-1.20877,0
3.9275,1.06477,0
4.00275,1.01167,0
3.60301,1.05101,0
4.00239,1.02293,0
3.78691,1.07538,0
3.9406,-1.21497,0
3.93161,-1.25785,0
3.86568,1.04375,0
3.98742,-1.11458,0
4.00538,0.95545,0
3.83977,1.02184,0
3.67165,1.07815,0
3.92489,-1.10791,0
3.52438,1.08499,0
3.98327,-1.02964,0
3.8605,1.04131,0
4.00017,1.05061,0
3.7543,1.05377,0
3.97125,1.00346,0
4.0319,0.94692,0
3.96297,0.97175,0
3.82817,1.04748,0
4.00284,0.99035,0
3.96564,-1.33044,0
3.54716,1.05709,0
3.52662,1.05074,0
3.87676,1.04207,0
3.91655,-1.19442,0
3.7211,1.04598,0
3.81517,1.02932,0
3.97268,0.95497,0
3.97071,0.93557,0
3.6496,1.06304,0
4.02343,0.97929,0
3.9633,-1.2985,0
3.7214,1.05417,0
3.93783,-1.24341,0
3.85817,1.04296,0
3.93416,-1.05934,0
3.94847,-1.25245,0
3.73253,1.02869,0
3.92338,-1.13581,0
3.9786,-1.36071,0
3.93889,-1.24735,0
3.81412,1.02836,0
3.72236,1.07316,0
3.79363,1.04883,0
3.65091,1.04875,0
3.9805,0.9458,0
3.97506,-1.23662,0
3.93862,-1.18308,0
3.93815,-1.11809,0
4.01692,0.95296,0
4.01575,0.98675,0
3.98406,-1.25108,0
3.93785,-1.1544,0
3.9499,-1.1047,0
3.5587,1.07586,0
3.90561,0.9492,0
4.00499,1.0524,0
3.95302,-1.08192,0
3.65628,1.07129,0
4.0297,1.00507,0
3.92416,-1.25429,0
3.97274,-1.05061,0
3.98828,1.04177,0
3.56807,1.05945,0
3.84785,1.03403,0
3.98755,-1.07335,0
3.94033,1.06635,0
3.82275,1.24018,0
4.04456,-1.08287,0
3.73045,1.19217,0
3.65615,1.16581,0
4.01529,-1.02296,0
3.62488,1.23175,0
4.08292,-1.00284,0
3.74088,1.19106,0
4.05903,-1.07844,0
4.03228,-1.17707,0
3.82112,1.2123,0
3.85243,1.18948,0
3.65347,1.12361,0
3.51566,1.18055,0
3.84282,1.14172,0
4.04267,-1.05178,0
3.64685,1.13924,0
3.67864,1.16772,0
3.72363,1.09679,0
3.87961,1.20391,0
3.66916,1.12289,0
3.5678,1.20662,0
3.54205,1.10708,0
3.92099,1.25237,0
3.91322,1.07884,0
3.76326,1.12518,0
3.72381,1.10175,0
3.53698,1.1265,0
3.56351,1.1934,0
3.69375,1.21826,0
4.05309,-1.19273,0
3.50313,1.22122,0
3.87404,1.23743,0
3.99879,-1.10034,0
3.93279,1.19055,0
4.08244,-1.05602,0
3.7229,1.11673,0
3.85672,1.14367,0
4.08855,-1.17011,0
3.79857,1.15643,0
4.05657,-0.95327,0
3.69579,1.16767,0
4.03074,-1.05284,0
3.59565,1.19863,0
3.59679,1.13678,0
4.05157,-1.03622,0
3.89052,1.15638,0
3.9183,1.1129,0
3.70707,1.1639,0
3.89461,1.20127,0
3.63664,1.19177,0
3.61403,1.20533,0
3.80779,1.22303,0
4.07689,-1.13951,0
3.93875,1.22182,0
3.75478,1.22679,0
4.07775,-1.07654,0
3.5175,1.1184,0
3.59986,1.09037,0
4.00954,-1.08276,0
3.77749,1.16739,0
4.04385,-1.0302,0
3.73661,1.18956,0
3.64652,1.20311,0
3.51849,1.09992,0
4.06144,-1.03128,0
4.07817,-1.0663,0
3.62969,1.22476,0
4.05571,-1.1431,0
3.65246,1.23484,0
3.87272,1.18974,0
3.94539,1.12273,0
3.812,1.18004,0
4.01849,-1.06686,0
3.57615,1.22495,0
3.57717,1.22043,0
4.08285,-1.22829,0
3.56194,1.10369,0
4.00417,-1.13645,0
3.70688,1.21667,0
3.77524,1.21191,0
3.69299,1.20881,0
3.7327,1.22692,0
3.61407,1.09239,0
3.66165,1.1069,0
3.72815,1.09721,0
3.66777,1.14248,0
3.66304,1.19149,0
3.83054,1.09643,0
3.56173,1.20844,0
3.74125,1.18555,0
3.9986,-1.0192,0
3.7529,1.17863,0
3.64915,1.18998,0
3.91865,1.21951,0
3.95094,1.12446,0
3.51709,1.22613,0
3.69637,1.21025,0
4.00133,-1.11515,0
3.65135,1.23547,0
4.06781,-0.96514,0
3.8011,1.22517,0
3.90918,1.20793,0
3.62911,1.0927,0
3.5905,1.14077,0
3.77836,1.0909,0
3.71143,1.23398,0
3.65259,1.18391,0
4.08194,-1.01055,0
3.82958,1.15365,0
3.8804,1.22583,0
4.06941,-1.10916,0
4.01248,-0.97455,0
3.92085,1.08295,0
3.92192,1.14897,0
3.6271,1.21615,0
4.0013,-1.10691,0
3.6473,1.20866,0
4.05703,-1.19498,0
4.05758,-1.16375,0
4.06892,-1.11683,0
3.74824,1.1148,0
3.53608,1.10879,0
3.64599,1.22073,0
3.83076,1.22038,0
3.51346,1.20089,0
3.79381,1.12918,0
3.65608,1.19252,0
3.74796,1.14113,0
3.67707,1.1126,0
3.5966,1.14065,0
3.88862,1.07998,0
4.03696,-0.96805,0
3.75044,1.10862,0
4.0406,-1.0216,0
3.87862,1.23132,0
4.04067,-1.01592,0
3.91918,1.23488,0
3.88117,1.18798,0
3.55378,1.18412,0
3.85987,1.0969,0
3.60394,1.20853,0
3.81142,1.11485,0
3.77771,1.1607,0
4.0148,-1.08675,0
3.73898,1.22681,0
3.67601,1.23016,0
4.09584,-1.14264,0
4.01038,-1.22452,0
3.6516,1.18088,0
3.77251,1.20841,0
3.70557,1.098,0
3.58992,1.21648,0
3.61113,1.16471,0
4.08154,-1.04906,0
4.0077,-1.15838,0
3.55309,1.10613,0
3.59153,1.16227,0
3.86052,1.17378,0
3.91122,1.0864,0
4.01305,-1.06242,0
3.83461,1.13261,0
3.74798,1.16729,0
3.59064,1.11793,0
3.94787,1.1473,0
3.78001,1.17564,0
3.70928,1.21015,0
4.03468,-1.16257,0
3.57017,1.193,0
3.92554,1.11156,0
4.02632,-1.02791,0
4.08447,-0.98229,0
3.52028,1.16376,0
3.56164,1.13536,0
3.59612,1.19213,0
3.63905,1.23351,0
3.57099,1.11727,0
4.04807,-0.97052,0
4.04881,-1.14143,0
3.91498,1.17051,0
4.03882,-1.17395,0
3.71946,1.08452,0
3.90723,1.21551,0
4.04853,-1.06759,0
3.60178,1.16436,0
3.81622,1.13429,0
3.70439,1.12685,0
3.83642,1.07719,0
3.63857,1.20725,0
4.00199,-1.2313,0
3.74982,1.14029,0
3.82626,1.12517,0
3.89261,1.17416,0
3.92864,1.18688,0
4.08552,-1.07651,0
3.86129,1.10314,0
3.76534,1.09031,0
3.69491,1.11897,0
3.85218,1.1711,0
4.05102,-1.02561,0
3.933,1.21632,0
3.68085,1.10022,0
3.83734,1.19912,0
3.80921,1.23391,0
3.68992,1.17913,0
3.86948,1.14846,0
3.98997,-1.21691,0
3.52398,1.22873,0
3.5777,1.11306,0
4.09526,-1.11433,0
3.50825,1.22256,0
3.65559,1.17497,0
4.00177,-1.08054,0
4.04082,-1.07703,0
3.90379,1.20106,0
3.67956,1.22854,0
3.79893,1.10327,0
3.52054,1.22183,0
4.04628,-1.1048,0
3.93957,1.23182,0
3.90576,1.20054,0
3.66916,1.1615,0
4.04702,-1.11707,0
3.87822,1.20814,0
3.7805,1.13429,0
3.92679,1.08825,0
3.93714,1.23629,0
3.77408,1.18776,0
4.07868,-1.12196,0
4.06405,-0.93685,0
3.94362,1.18033,0
3.66286,1.18869,0
3.60473,1.08559,0
3.86163,1.15489,0
3.86162,1.10227,0
3.78721,1.08582,0
3.78541,1.10749,0
3.63173,1.12775,0
3.69665,1.18188,0
3.50043,1.13273,0
3.80222,1.10165,0
4.07713,-1.06094,0
3.87755,1.16251,0
4.08609,-1.02424,0
3.56222,1.22376,0
3.89259,1.11013,0
3.83713,1.11965,0
3.78195,1.11163,0
4.01897,-1.12667,0
3.90582,1.09411,0
3.65952,1.10082,0
4.03882,-1.20882,0
3.60241,1.22022,0
4.02045,-1.14403,0
3.74365,1.22324,0
4.03058,-1.01323,0
4.07512,-1.17741,0
3.87514,1.09107,0
3.5411,1.12818,0
4.06245,-1.0475,0
3.69421,1.18716,0
3.91632,1.09271,0
3.77012,1.22806,0
4.046,-0.96455,0
3.79888,1.09335,0
3.78961,1.19063,0
3.87117,1.17507,0
3.65334,1.16677,0
3.82149,1.18899,0
3.74269,1.14603,0
3.80625,1.10136,0
4.00517,-1.07153,0
3.88078,1.17331,0
3.77431,1.12634,0
3.7008,1.08472,0
3.88537,1.07699,0
3.82734,1.13559,0
4.01607,-1.18076,0
4.06172,-0.98263,0
3.91681,1.1337,0
3.91233,1.22588,0
3.92974,1.15226,0
3.73759,1.1486,0
3.73905,1.22935,0
4.08602,-0.95908,0
3.50353,1.11435,0
3.52184,1.09607,0
3.54019,1.1137,0
3.81382,1.10483,0
3.78284,1.11936,0
3.73545,1.15524,0
4.05231,-1.02045,0
3.78416,1.09825,0
4.01655,-1.09228,0
4.07519,-1.19539,0
3.80691,1.08744,0
3.5045,1.18136,0
4.00667,-1.09518,0
4.01744,-1.16626,0
4.05748,-1.06311,0
3.87622,1.22722,0
3.88681,1.08095,0
3.73083,1.12736,0
3.90422,1.1818,0
4.07628,-0.96629,0
4.01098,-1.34516,0
4.01203,-1.30513,0
3.99379,-1.34911,0
3.98724,1.09339,0
3.99194,-1.24443,0
3.98996,-1.25601,0
4.00937,-1.29084,0
4.05913,0.97868,0
4.01384,-1.30375,0
4.01338,-1.26222,0
3.99099,-1.25221,0
4.00903,-1.33537,0
4.02813,1.08421,0
4.00351,-1.36015,0
4.05287,0.95822,0
3.96111,1.08716,0
4.00511,-1.38166,0
3.99287,-1.29915,0
4.00722,-1.33279,0
3.98651,-1.35696,0
4.0094,1.09485,0
4.05549,0.97322,0
4.00857,1.07756,0
4.05838,1.08569,0
4.00543,-1.24967,0
4.00375,1.08051,0
3.98839,-1.3737,0
4.24971,0.56394,0
3.64214,-1.75833,0
3.64092,-1.80286,0
3.67232,-1.75808,0
3.712,-1.61971,0
3.63204,-1.80441,0
4.22024,0.40987,0
4.23778,0.49227,0
4.20518,0.39547,0
4.20895,0.5893,0
4.21272,0.39379,0
4.2553,0.56237,0
3.70036,-1.63536,0
3.66371,-1.79033,0
4.25189,0.51593,0
4.24812,0.5185,0
3.63216,-1.78592,0
4.22789,0.36118,0
3.64172,-1.73333,0
3.6603,-1.70847,0
3.69554,-1.62221,0
4.22958,0.37462,0
3.67905,-1.63677,0
3.6926,-1.69893,0
3.69195,-1.58677,0
4.21316,0.29155,0
4.28285,0.56942,0
3.67476,-1.70046,0
3.69891,-1.64712,0
4.26131,0.50801,0
4.24082,0.36945,0
3.67438,-1.78006,0
4.22554,0.36231,0
4.22915,0.39602,0
4.24167,0.57611,0
3.6253,-1.81298,0
3.66059,-1.75032,0
3.67687,-1.71256,0
3.69889,-1.65974,0
4.2172,0.43547,0
4.13397,0.60343,0
4.24505,0.54382,0
4.27578,0.56215,0
4.24719,0.49612,0
3.67666,-1.68775,0
4.22456,0.59237,0
3.67873,-1.63255,0
3.6342,-1.81774,0
3.66644,-1.73067,0
3.63189,-1.80444,0
3.7141,-1.56465,0
4.24796,0.50032,0
3.68105,-1.67539,0
4.25152,0.47532,0
4.24314,0.42402,0
4.17125,0.59332,0
3.64967,-1.82388,0
4.20789,0.40863,0
4.2211,0.50717,0
4.22443,0.40873,0
3.70045,-1.57573,0
3.66119,-1.80665,0
3.66998,-1.69655,0
3.69533,-1.58968,0
4.20701,0.43902,0
4.24735,0.49976,0
3.69929,-1.6682,0
3.64996,-1.75615,0
4.13978,0.60435,0
4.22207,0.3983,0
4.23205,0.3704,0
4.23392,0.59018,0
4.22985,0.5486,0
4.22854,0.53068,0
3.67207,-1.67821,0
4.18477,0.59816,0
4.23688,0.47841,0
4.26005,0.57844,0
4.18437,0.60083,0
3.68001,-1.63993,0
4.21195,0.59947,0
4.23696,0.37841,0
4.17116,0.61242,0
3.89006,-1.47951,0
4.15028,0.82035,0
4.11872,0.63501,0
4.16585,0.82643,0
3.88214,-1.55049,0
4.16442,0.83181,0
3.80936,-1.59519,0
4.14774,0.73375,0
3.83301,-1.57993,0
4.13035,0.8768,0
3.8683,-1.58117,0
4.17395,0.81869,0
4.14895,0.82709,0
4.17159,0.84111,0
4.14981,0.83791,0
4.15812,0.65288,0
4.16803,0.75033,0
4.16319,0.68947,0
4.14901,0.6782,0
4.17856,0.80315,0
3.75025,-1.58292,0
3.82215,-1.59432,0
3.86707,-1.58008,0
4.14996,0.85995,0
4.16271,0.7402,0
4.13175,0.83726,0
4.13209,0.82569,0
3.76698,-1.56125,0
4.13873,0.6528,0
3.84357,-1.57284,0
4.15669,0.86973,0
4.17943,0.87294,0
4.14053,0.86726,0
4.14697,0.6482,0
4.15803,0.63083,0
4.14736,0.73895,0
3.8536,-1.58209,0
4.15969,0.65323,0
4.11177,0.65351,0
3.77506,-1.59056,0
4.13022,0.70786,0
3.78833,-1.5676,0
4.17907,0.87365,0
3.80509,-1.5938,0
4.13162,0.83105,0
4.14616,0.76362,0
3.77912,-1.58783,0
4.1326,0.69237,0
4.14753,0.71982,0
4.12682,0.84989,0
4.14577,0.64592,0
4.1504,0.62203,0
3.84151,-1.58674,0
4.13791,0.84903,0
4.11998,0.64454,0
4.1445,0.74625,0
3.75621,-1.59124,0
4.18746,0.86154,0
4.1592,0.7128,0
3.77772,-1.56217,0
4.13357,0.81316,0
3.76238,-1.56063,0
4.15344,0.77743,0
3.79743,-1.56699,0
3.88463,-1.49661,0
4.13142,0.82944,0
4.1516,0.87808,0
4.16014,0.69482,0
4.14519,0.82325,0
4.15314,0.6955,0
4.18331,0.84129,0
4.16686,0.87618,0
3.83245,-1.58927,0
3.89314,-1.52887,0
4.18619,0.88492,0
3.90569,-1.48829,0
3.89339,-1.54075,0
3.90909,-1.50282,0
3.89532,-1.52599,0
3.90928,-1.45957,0
3.91214,-1.50689,0
3.91415,-1.47258,0
4.15303,0.89125,0
3.90396,-1.50051,0
3.88777,-1.58345,0
4.17535,0.88596,0
3.90461,-1.57988,0
3.89536,-1.51408,0
3.91408,-1.4675,0
4.13279,0.88397,0
3.9948,-1.41897,0
4.11908,0.97499,0
3.99469,-1.45517,0
4.08855,0.94084,0
3.9719,-1.43217,0
4.06691,0.98369,0
3.99503,-1.41317,0
4.00243,-1.44995,0
4.07215,0.96116,0
4.08699,1.01382,0
4.12004,1.00088,0
4.08513,0.96348,0
4.08109,0.94917,0
3.97878,-1.45953,0
4.09007,1.00378,0
4.10531,1.02051,0
4.07519,0.93549,0
4.11384,0.94858,0
4.08945,0.98989,0
4.00359,-1.46267,0
3.94255,-1.44427,0
4.07531,1.02992,0
4.08704,0.99639,0
4.10929,0.96783,0
4.08142,0.98048,0
4.11015,1.01662,0
3.98833,-1.43568,0
3.94765,-1.44874,0
4.11417,1.00366,0
4.08613,0.94892,0
3.99582,-1.4338,0
3.99944,-1.44442,0
4.0024,-1.40896,0
3.85271,-1.6113,0
4.16522,0.61886,0
3.76837,-1.61793,0
4.18805,0.82029,0
3.86123,-1.61824,0
4.19312,0.78739,0
3.74977,-1.59343,0
3.72917,-1.58863,0
4.1996,0.81509,0
4.17956,0.68521,0
4.19136,0.76326,0
4.19804,0.81349,0
3.84443,-1.61404,0
3.80906,-1.61591,0
4.17205,0.71253,0
3.86569,-1.61969,0
3.79067,-1.60721,0
4.18755,0.82365,0
3.78192,-1.61234,0
4.19056,0.74265,0
3.81965,-1.61139,0
4.1833,0.63332,0
4.1807,0.73841,0
4.2103,0.84172,0
4.18864,0.6348,0
3.77032,-1.60262,0
4.21028,0.80468,0
3.77771,-1.59795,0
3.83923,-1.6247,0
4.17151,0.68922,0
3.74536,-1.5937,0
4.17111,0.62761,0
4.16822,0.62722,0
3.84192,-1.60464,0
4.1327,0.9099,0
3.93973,-1.46787,0
3.99242,-1.49313,0
3.95491,-1.46781,0
3.99327,-1.49876,0
4.13663,0.92834,0
3.9303,-1.48229,0
4.12539,0.96489,0
3.95418,-1.46748,0
4.13755,0.91245,0
3.98437,-1.4724,0
4.13093,0.98506,0
3.97366,-1.49854,0
4.14466,0.91408,0
4.13759,0.91424,0
3.92848,-1.48082,0
4.12954,0.95194,0
3.74181,-1.67742,0
3.79381,-1.62941,0
4.20904,0.62234,0
4.2784,0.68093,0
3.69833,-1.70934,0
3.78185,-1.69998,0
3.73594,-1.62913,0
4.25988,0.62181,0
4.26257,0.61658,0
3.76497,-1.64117,0
3.78617,-1.7354,0
3.77072,-1.64711,0
3.78948,-1.72992,0
3.79987,-1.6735,0
4.2116,0.61579,0
3.75169,-1.6887,0
3.79199,-1.64576,0
4.18968,0.62232,0
4.20691,0.67219,0
3.77993,-1.63687,0
4.23986,0.64399,0
3.74264,-1.71993,0
3.79886,-1.64883,0
3.72568,-1.63871,0
3.73892,-1.6763,0
3.78874,-1.66063,0
3.71693,-1.73213,0
4.25915,0.66089,0
3.73839,-1.66135,0
4.2577,0.68034,0
3.74806,-1.71351,0
3.71965,-1.69753,0
3.77203,-1.73322,0
4.2447,0.65242,0
3.77682,-1.64174,0
3.77158,-1.64441,0
3.80275,-1.66456,0
4.27055,0.62995,0
4.26551,0.6463,0
4.25335,0.6986,0
4.25448,0.64731,0
4.27461,0.60766,0
3.72943,-1.67647,0
3.71001,-1.72173,0
3.78351,-1.74305,0
4.2212,0.60151,0
3.7529,-1.68205,0
4.23604,0.69123,0
4.21392,0.70532,0
3.81312,-1.63424,0
3.72329,-1.71144,0
4.21792,0.64808,0
3.72905,-1.71757,0
3.77002,-1.72407,0
3.72576,-1.67721,0
3.78485,-1.65567,0
3.72311,-1.64409,0
3.80563,-1.65252,0
3.75234,-1.64454,0
3.72224,-1.63946,0
3.74787,-1.73957,0
3.78487,-1.71014,0
4.22746,0.68262,0
3.73202,-1.73173,0
3.73935,-1.7208,0
3.74017,-1.69315,0
4.28816,0.67136,0
4.20199,0.63056,0
3.74897,-1.61929,0
3.91074,-1.53184,0
4.16361,0.9074,0
3.94866,-1.53944,0
3.94477,-1.50443,0
3.96122,-1.50876,0
3.97289,-1.51192,0
4.18375,0.93237,0
4.18434,0.93554,0
4.15936,0.93991,0
4.18033,0.94391,0
3.94339,-1.54188,0
4.22655,0.76772,0
4.21087,0.76413,0
4.22287,0.84247,0
4.20873,0.7535,0
4.22693,0.82344,0
4.22549,0.8402,0
3.89875,-1.59732,0
4.22208,0.74622,0
4.2117,0.74995,0
4.24403,0.82636,0
4.23688,0.8308,0
4.22601,0.76647,0
4.21687,0.78726,0
4.21484,0.74877,0
3.91147,-1.55591,0
3.89633,-1.63408,0
4.23013,0.75716,0
4.29347,0.59452,0
4.28432,0.41419,0
4.29475,0.59601,0
4.25472,0.27663,0
3.73789,-1.76787,0
4.26544,0.37774,0
4.28638,0.48326,0
4.2843,0.58773,0
4.31296,0.53843,0
3.73198,-1.77467,0
4.248,0.27149,0
4.29346,0.48641,0
3.67901,-1.79441,0
4.2745,0.43879,0
3.70778,-1.77592,0
4.25115,0.30293,0
4.32954,0.6024,0
4.23529,0.30125,0
4.23447,0.28764,0
4.29551,0.54963,0
4.31813,0.56239,0
4.30004,0.58257,0
4.30215,0.47001,0
3.70677,-1.78345,0
4.2901,0.50423,0
4.23091,0.30749,0
4.24842,0.31816,0
4.28806,0.44175,0
3.73379,-1.80849,0
4.25198,0.39639,0
4.26835,0.33311,0
3.68204,-1.77581,0
4.2636,0.37519,0
4.30062,0.58897,0
4.22796,0.31971,0
4.23067,0.29034,0
4.31743,0.56694,0
4.29449,0.60868,0
4.3101,0.54872,0
4.28932,0.54269,0
4.23543,0.34785,0
3.68368,-1.76563,0
4.28393,0.59515,0
4.29989,0.52101,0
4.31517,0.5064,0
3.67744,-1.79563,0
3.75464,-1.75708,0
3.69155,-1.74979,0
4.28429,0.41667,0
4.31104,0.59962,0
4.30232,0.48029,0
3.72126,-1.80327,0
4.30246,0.489,0
3.71551,-1.75855,0
4.25863,0.37225,0
3.71106,-1.78358,0
3.74505,-1.7551,0
4.26241,0.31545,0
4.29882,0.51993,0
3.71976,-1.77893,0
4.25315,0.31517,0
4.28045,0.43241,0
4.31686,0.58072,0
3.73897,-1.77001,0
3.71788,-1.80104,0
4.35837,0.47964,0
4.28388,0.25102,0
3.61007,-1.86234,0
4.32598,0.33187,0
4.31742,0.46906,0
4.30611,0.42106,0
3.59403,-1.87229,0
4.3091,0.36925,0
3.58285,-1.85108,0
4.30297,0.29139,0
4.30685,0.32834,0
4.29643,0.39571,0
4.29403,0.25219,0
4.27014,0.27534,0
4.27879,0.34726,0
4.33299,0.44304,0
4.34599,0.40745,0
4.28219,0.34922,0
4.35193,0.49496,0
3.64003,-1.87564,0
4.31501,0.33511,0
3.54546,-1.84271,0
4.28743,0.38037,0
3.66997,-1.87531,0
3.48037,-1.8183,0
3.58459,-1.84988,0
4.35032,0.50222,0
4.29469,0.28046,0
4.28093,0.22087,0
4.31098,0.28075,0
4.29784,0.35854,0
4.34638,0.47849,0
4.31338,0.41046,0
3.52883,-1.85332,0
4.29832,0.41523,0
4.37136,0.48229,0
4.33588,0.41096,0
3.64998,-1.84517,0
3.48729,-1.84131,0
4.32191,0.40934,0
4.34615,0.4356,0
4.35149,0.44617,0
4.29198,0.23962,0
4.35045,0.45982,0
4.26399,0.25519,0
4.31162,0.40232,0
4.27909,0.22868,0
4.31545,0.34089,0
4.32703,0.37726,0
4.28391,0.28177,0
4.31279,0.3476,0
4.27412,0.2475,0
3.66608,-1.88903,0
3.58483,-1.85618,0
4.36288,0.47708,0
3.63149,-1.86878,0
4.33543,0.45543,0
3.63248,-1.85858,0
3.66832,-1.84199,0
4.32895,0.47306,0
3.6052,-1.86309,0
3.6777,-1.82175,0
4.2753,0.21955,0
3.48676,-1.82312,0
3.49621,-1.83495,0
4.2572,0.21893,0
4.28023,0.27934,0
4.28851,0.259,0
4.32298,0.46663,0
4.28771,0.26207,0
4.33139,0.41783,0
4.29932,0.40737,0
4.25663,0.23507,0
3.50696,-1.92196,0
3.52619,-1.88091,0
3.42112,-2.02645,0
3.51337,-1.90614,0
3.51978,-1.88982,0
4.36059,0.08766,0
4.34104,0.2705,0
4.36197,0.15395,0
4.29685,0.20515,0
4.30099,0.2355,0
4.38545,0.19773,0
4.13735,-0.39221,0
3.48965,-1.92386,0
4.31084,0.2174,0
4.16914,-0.34178,0
3.48669,-1.92576,0
4.31972,0.18559,0
3.4362,-1.95769,0
3.44307,-1.96098,0
4.16533,-0.3394,0
4.35822,0.20247,0
4.25143,-0.15121,0
4.32945,0.26394,0
4.17006,-0.29595,0
4.33506,0.25626,0
4.30048,0.12214,0
3.43224,-2.01486,0
3.50138,-1.97019,0
4.33249,0.09971,0
4.32507,0.25545,0
4.14919,-0.38151,0
3.38102,-1.93598,0
3.4036,-1.97238,0
4.19792,-0.29095,0
3.51291,-1.94108,0
3.48145,-1.86336,0
4.14438,-0.35194,0
3.47461,-1.9244,0
4.22177,-0.21053,0
3.46958,-2.0263,0
4.34667,0.08829,0
4.24852,-0.17303,0
4.13343,-0.37533,0
3.3884,-1.98702,0
4.33881,0.16914,0
3.5356,-1.89698,0
4.34733,0.15768,0
4.35917,0.16814,0
4.12895,-0.3844,0
3.49662,-1.95657,0
3.46775,-1.89931,0
4.21628,-0.21055,0
4.15085,-0.34049,0
4.3279,0.09431,0
3.51745,-1.85677,0
4.34125,0.0518,0
3.4336,-1.98076,0
3.49549,-2.00175,0
4.38195,0.21856,0
3.44109,-2.00145,0
3.47803,-1.8495,0
3.47295,-1.985,0
4.3824,0.13742,0
4.21235,-0.23912,0
4.33168,0.12203,0
3.47101,-2.0127,0
4.33263,0.00917,0
4.34772,0.06019,0
3.51004,-1.90477,0
4.3194,0.07757,0
4.31379,0.21424,0
3.46019,-1.87928,0
4.38132,0.1911,0
3.42996,-1.94345,0
3.42992,-1.98778,0
4.29738,0.17364,0
4.39086,0.20616,0
4.33876,0.08392,0
4.37538,0.19035,0
4.30656,0.02749,0
3.47621,-1.95817,0
4.22452,-0.1985,0
3.40383,-1.9421,0
4.37672,0.23672,0
4.29725,0.15632,0
3.40475,-2.00179,0
4.33469,0.04985,0
4.35881,0.11113,0
3.36781,-1.97729,0
4.38315,0.17572,0
3.47264,-1.87049,0
4.29615,0.15395,0
4.20524,-0.28258,0
4.35777,0.18148,0
3.50924,-1.85859,0
4.32271,0.22739,0
4.3337,0.12951,0
4.30766,0.11618,0
3.39457,-2.00538,0
4.38965,0.24785,0
4.38313,0.1494,0
4.31985,0.08235,0
4.19161,-0.29298,0
4.34427,0.15884,0
3.39627,-1.97433,0
4.35612,0.24075,0
3.39654,-1.93756,0
3.44703,-1.98577,0
4.31895,0.04392,0
4.30029,0.12739,0
3.39814,-1.94173,0
3.43935,-2.01531,0
3.42871,-1.94616,0
3.46718,-1.92993,0
3.48927,-1.97253,0
3.48275,-1.96847,0
3.4751,-2.04122,0
4.30375,0.16995,0
4.42727,0.24842,0
4.39281,0.15772,0
4.30057,-0.06561,0
3.43071,-1.92696,0
3.48729,-1.89715,0
4.34457,0.09511,0
3.34692,-1.97565,0
4.2984,0.13749,0
3.3953,-1.97227,0
3.39106,-1.96887,0
4.39361,0.27057,0
4.16612,-0.38936,0
4.18961,-0.26302,0
4.33355,0.0331,0
3.44092,-1.92045,0
4.37646,0.2676,0
3.48071,-1.9925,0
3.50893,-1.95422,0
4.21038,-0.2464,0
4.1945,-0.25127,0
3.3707,-1.99022,0
4.24167,-0.19033,0
4.21813,-0.22011,0
3.48748,-1.95344,0
3.51928,-1.85848,0
3.44837,-1.92423,0
3.46732,-2.01131,0
4.31742,0.11909,0
3.49095,-1.93521,0
3.51212,-1.94026,0
3.44682,-1.90745,0
4.14974,-0.39897,0
3.41857,-1.96227,0
3.50101,-1.94251,0
4.16935,-0.35737,0
3.52793,-1.85666,0
4.35813,0.2538,0
3.5328,-1.89195,0
3.44106,-1.90885,0
4.32097,0.18835,0
4.20228,-0.25395,0
4.35937,0.21279,0
3.41054,-1.98102,0
3.46421,-1.96065,0
4.3181,0.11443,0
3.44984,-1.96519,0
3.51604,-1.93361,0
3.38598,-1.96226,0
3.54337,-1.88386,0
4.3619,0.12147,0
4.36685,0.24885,0
3.43563,-1.94121,0
4.38163,0.15946,0
3.53485,-1.87228,0
3.4433,-1.9983,0
4.39241,0.35547,0
3.54339,-1.93227,0
4.38476,0.28083,0
3.55433,-1.91168,0
4.36342,0.34667,0
3.57392,-1.89198,0
3.57528,-1.91338,0
4.35358,0.34668,0
3.5486,-1.9847,0
3.54358,-1.95504,0
3.53053,-1.95686,0
4.35217,0.32798,0
3.5396,-1.95905,0
4.40901,0.32264,0
3.54471,-1.95043,0
3.54276,-1.90322,0
4.36037,0.32828,0
4.34385,0.32049,0
4.3792,0.30596,0
4.39844,0.35737,0
3.54244,-1.89649,0
3.55744,-1.95203,0
3.57004,-1.91171,0
3.55735,-1.92063,0
4.36925,0.28972,0
4.37838,0.3479,0
4.32972,0.32447,0
3.55146,-1.97375,0
3.5673,-1.88383,0
4.33522,0.3128,0
3.57578,-1.93215,0
4.40233,0.35417,0
3.53376,-1.96835,0
3.55919,-1.91076,0
4.41499,0.30058,0
4.41914,0.31541,0
3.5263,-1.99361,0
4.41066,0.31235,0
4.37858,0.38425,0
4.41263,0.37008,0
3.60454,-1.89596,0
4.41309,0.3687,0
3.60606,-1.90645,0
4.42251,0.34121,0
4.42397,0.3665,0
3.612,-1.90042,0
4.40659,0.37336,0
3.61711,-1.88912,0
3.83973,-1.63466,0
4.29604,0.63535,0
3.8463,-1.63042,0
4.29113,0.70253,0
3.86525,-1.66193,0
4.3285,0.64856,0
4.3353,0.6502,0
4.32513,0.66553,0
3.8264,-1.72252,0
4.26568,0.70443,0
4.29397,0.63133,0
3.83972,-1.70683,0
3.8352,-1.6949,0
4.31756,0.61879,0
3.86476,-1.64834,0
4.29397,0.66498,0
4.30422,0.64059,0
3.83751,-1.65299,0
3.82345,-1.72066,0
3.83718,-1.70058,0
3.83985,-1.64613,0
3.8334,-1.67877,0
3.84404,-1.74652,0
3.82118,-1.69291,0
3.84425,-1.70028,0
3.83955,-1.72673,0
3.84533,-1.71187,0
3.82002,-1.68567,0
3.84166,-1.62982,0
3.85726,-1.63401,0
4.32643,0.62507,0
3.83755,-1.65851,0
3.81545,-1.71377,0
4.19484,0.8548,0
4.02993,-1.45963,0
4.06598,-1.32621,0
4.05279,-1.4644,0
4.04974,-1.39531,0
4.22909,0.94352,0
4.21458,0.96592,0
4.17625,0.94725,0
4.05418,-1.30386,0
4.00635,-1.47934,0
4.2092,0.85082,0
4.05445,-1.3666,0
4.20576,0.88281,0
4.01808,-1.25912,0
4.02598,-1.32347,0
4.09244,-0.9078,0
4.06197,-1.309,0
4.20266,0.86837,0
4.09522,-0.90021,0
4.045,-1.3711,0
4.22795,0.91043,0
4.17328,0.95717,0
4.02635,-1.41335,0
4.05259,-1.26598,0
4.00454,-1.50334,0
4.0925,-1.00061,0
4.19335,0.86341,0
4.01708,-1.44167,0
4.21365,0.89296,0
4.05051,-1.2566,0
4.04078,-1.4176,0
4.08949,-0.98005,0
4.22546,0.91477,0
4.0629,-1.38098,0
4.00678,-1.51757,0
4.06072,-1.39415,0
4.03992,-1.31517,0
4.04936,-1.27714,0
4.0228,-1.4386,0
4.02074,-1.34475,0
4.03464,-1.31888,0
4.18187,0.9536,0
4.01204,-1.43794,0
4.02756,-1.473,0
4.2077,0.88345,0
3.99886,-1.51945,0
4.19957,0.94152,0
4.23527,0.92681,0
3.99727,-1.50288,0
4.21936,0.94674,0
4.09374,-0.95953,0
3.99631,-1.51189,0
4.0292,-1.45423,0
4.03406,-1.40961,0
4.20937,0.94302,0
4.01854,-1.27574,0
4.22378,0.8786,0
4.01889,-1.33576,0
4.21477,0.88484,0
4.03769,-1.33394,0
4.02951,-1.37509,0
4.01064,-1.41088,0
4.04398,-1.37456,0
4.09346,-0.97917,0
4.01132,-1.47616,0
4.20805,0.88879,0
4.19515,0.89255,0
4.01529,-1.51237,0
4.03467,-1.51312,0
4.0251,-1.40667,0
4.03249,-1.5148,0
4.04686,-1.46467,0
4.09308,-0.98913,0
4.19067,0.95568,0
4.19667,0.9432,0
4.00792,-1.41283,0
4.03863,-1.38174,0
4.02499,-1.55068,0
4.25426,0.7514,0
3.98713,-1.55306,0
4.25423,0.7887,0
3.97643,-1.52598,0
4.01921,-1.55487,0
3.99687,-1.56274,0
4.26682,0.88721,0
4.26905,0.90121,0
3.99561,-1.53407,0
4.25778,0.87287,0
3.9939,-1.5296,0
3.99888,-1.52832,0
4.23624,0.88479,0
4.0236,-1.57191,0
4.25903,0.81561,0
4.23595,0.85768,0
4.01324,-1.52894,0
4.24377,0.87809,0
4.24582,0.7474,0
4.02935,-1.53412,0
4.24398,0.73302,0
4.26163,0.88154,0
4.23508,0.72045,0
3.99904,-1.54014,0
4.13282,-1.18039,0
4.10514,-1.42246,0
4.12556,1.00904,0
4.10223,-1.01561,0
4.17732,1.00729,0
4.12598,-1.37752,0
4.1167,-1.05609,0
4.1015,-0.96223,0
4.09611,-1.06858,0
4.12548,-1.00744,0
4.12804,-1.22047,0
4.07851,-1.29762,0
4.13114,-1.34082,0
4.13674,-1.2552,0
4.09922,-1.29653,0
4.12612,-1.11693,0
4.12137,-1.11879,0
4.13884,-1.11457,0
4.10435,-1.33192,0
4.12517,-1.29285,0
4.17132,0.97292,0
4.12885,-1.1717,0
4.13197,-1.12719,0
4.10539,-1.21938,0
4.07231,-1.3198,0
4.17779,0.99398,0
4.09315,-1.01172,0
4.11677,-1.20291,0
4.1419,-1.04719,0
4.1334,-0.98961,0
4.1341,-1.315,0
4.14148,-1.0402,0
4.10155,-1.2504,0
4.09001,-1.33703,0
4.08701,-1.33537,0
4.07378,-1.29257,0
4.11773,-1.01891,0
4.13217,-1.17589,0
4.12459,-1.19415,0
4.12617,1.0163,0
4.19319,0.98273,0
4.07501,1.04792,0
4.1429,-1.0935,0
4.08614,-1.3667,0
4.06665,-1.42129,0
4.09981,-1.271,0
4.18325,0.98829,0
4.09377,-1.01275,0
4.1402,-1.15092,0
4.12672,-0.97008,0
4.13527,-1.03579,0
4.16338,1.01793,0
4.07736,-1.41368,0
4.1802,0.97351,0
4.13151,-1.2338,0
4.11064,-1.25929,0
4.19062,1.01786,0
4.12153,-0.88289,0
4.10731,-1.29589,0
4.10951,-1.29711,0
4.10518,-0.89671,0
4.1288,-1.29158,0
4.18148,1.043,0
4.14098,-1.0007,0
4.16359,1.05128,0
4.11743,-0.94786,0
4.10884,-1.03954,0
4.16063,0.99998,0
4.08548,-1.26115,0
4.09377,-1.0067,0
4.19451,1.01074,0
4.12631,-1.30426,0
4.15491,1.04338,0
4.17453,1.06623,0
4.14232,-0.8941,0
4.12288,-1.41238,0
4.1196,-0.89908,0
4.07536,1.04927,0
4.1501,1.00893,0
4.12062,-1.41234,0
4.13424,-1.15212,0
4.12377,-0.97692,0
4.13254,-1.15398,0
4.12475,-0.93574,0
4.10422,-1.07556,0
4.07338,-1.30009,0
4.1071,-1.14289,0
4.18726,0.99382,0
4.13088,-0.91986,0
4.12606,-1.06673,0
4.12049,-1.02621,0
4.08153,-1.26978,0
4.09274,-1.38359,0
4.17477,1.01908,0
4.1163,-1.30313,0
4.16532,-1.14141,0
4.02442,1.11981,0
4.14883,-1.1636,0
4.0865,1.15222,0
4.17184,-1.18476,0
4.19758,-0.92705,0
4.1933,-0.94095,0
4.10192,1.12728,0
4.18446,-1.17364,0
4.20809,-1.1382,0
4.17052,-1.28185,0
4.17789,-0.41759,0
4.1556,-0.99994,0
4.16583,-0.9541,0
4.05893,1.17024,0
3.96449,1.1001,0
4.15221,-0.99977,0
3.9638,1.09974,0
4.19863,-1.24426,0
4.01982,1.1067,0
4.15374,-1.27981,0
4.07366,1.17654,0
4.19061,-1.23097,0
4.14733,-1.07511,0
4.17204,-1.0778,0
4.1652,-1.22619,0
4.06877,1.10545,0
4.01736,1.15362,0
4.03893,1.09513,0
3.98412,1.1088,0
4.01618,1.12813,0
4.10546,1.18212,0
4.17588,-1.23248,0
4.17511,-0.98822,0
4.19614,-1.24208,0
4.17723,-0.39686,0
4.05227,1.13619,0
4.20411,-1.29383,0
4.2108,-1.28289,0
4.15544,-0.87176,0
4.20328,-0.95952,0
4.16802,-1.03175,0
4.02064,1.18333,0
4.17384,-1.19079,0
4.20685,-1.08099,0
4.15199,-1.2024,0
3.96921,1.16353,0
4.14352,-1.19005,0
4.1617,-0.40809,0
4.05747,1.15365,0
4.17832,-1.16399,0
4.16497,-1.18679,0
3.96509,1.13096,0
4.18658,-1.15153,0
4.18392,-1.23819,0
4.19405,-1.1841,0
4.08785,1.08209,0
4.19739,-0.90102,0
4.17285,-1.0113,0
4.02589,1.1085,0
4.19381,-1.28407,0
4.1157,1.08974,0
4.03108,1.13735,0
4.07311,1.14704,0
4.17313,-1.17408,0
4.05667,1.14065,0
4.20485,-1.1684,0
4.19022,-1.00708,0
4.20521,-1.15799,0
4.10391,1.09721,0
4.16368,-0.89044,0
4.17856,-0.9454,0
4.19378,-1.09043,0
4.18683,-0.94556,0
4.16017,-1.0935,0
4.16629,-0.833,0
4.08644,1.1206,0
4.20353,-1.23426,0
4.1684,-0.97247,0
4.10335,1.11024,0
4.20223,-1.30182,0
4.16727,-0.82074,0
4.17523,-1.2707,0
4.1912,-0.91929,0
4.17099,-1.05909,0
4.17794,-1.03841,0
4.18244,-0.42123,0
4.15096,-1.17363,0
4.16267,-1.20394,0
4.17409,-0.87257,0
3.97686,1.1325,0
4.21246,-1.25441,0
4.1769,-0.96978,0
4.18995,-1.01348,0
3.98377,1.14015,0
4.15063,-1.17171,0
3.96364,1.16821,0
4.03497,1.12071,0
4.16334,-1.12089,0
4.1732,-1.09741,0
4.15969,-0.98924,0
4.19549,-0.94877,0
4.01976,1.1279,0
4.03478,1.12178,0
4.18101,-1.19619,0
4.16424,-0.41307,0
4.19221,-1.27308,0
4.18418,-0.91232,0
4.05004,1.17636,0
4.03088,1.18488,0
4.14982,-1.15134,0
4.11305,1.13382,0
4.15237,-0.92715,0
4.14741,-1.24241,0
4.20167,-0.99,0
4.17848,-0.8068,0
4.15586,-1.24129,0
4.05256,1.15819,0
4.16917,-0.94794,0
4.2002,-0.98734,0
4.20045,-1.02243,0
4.03446,1.1803,0
4.17496,-1.00539,0
4.00261,1.1862,0
3.97455,1.15765,0
4.04144,1.10222,0
4.16287,-0.86339,0
3.96129,1.18072,0
4.15226,-0.83265,0
3.95769,1.14863,0
4.20021,-0.93146,0
4.19514,-1.21782,0
3.97838,1.12881,0
4.19518,-1.08795,0
4.14275,-1.11655,0
4.09156,1.16876,0
4.19532,-1.12828,0
4.20005,0.99282,0
4.24194,0.97845,0
4.22602,0.98143,0
4.06994,-1.44367,0
4.09334,-1.47183,0
4.19821,0.98823,0
4.19754,0.97294,0
4.2167,0.99352,0
4.08885,-1.49395,0
4.2259,0.99046,0
4.22187,0.99808,0
4.25096,0.96033,0
4.21977,-1.16878,0
4.20312,-0.80653,0
4.13083,1.13593,0
4.21584,-0.91122,0
4.21285,-1.20358,0
4.03287,1.19918,0
4.21623,-1.25816,0
4.21676,-0.94953,0
4.20243,-0.90351,0
4.13787,1.10262,0
4.20875,-0.98099,0
4.22546,-1.2148,0
4.2108,-1.10934,0
4.2166,-1.03459,0
4.1384,1.09377,0
4.21535,-0.89773,0
4.21648,-1.08496,0
4.13934,1.1141,0
4.21759,-1.26226,0
4.20224,-0.87639,0
4.19307,-0.41842,0
4.21997,-1.23837,0
4.1378,1.14559,0
4.22808,-1.22626,0
4.05435,1.19272,0
4.22457,-1.1639,0
4.21818,-1.07047,0
4.2205,-1.29192,0
4.21851,-1.00844,0
4.21034,-0.97782,0
4.1616,1.11308,0
4.15305,1.13404,0
4.16045,1.09715,0
4.15715,1.08085,0
4.17314,-1.32358,0
4.16577,1.0732,0
4.14051,1.14472,0
4.18723,-1.32039,0
4.14857,1.15979,0
4.24284,-0.8284,0
4.24108,-1.11202,0
4.0945,1.23369,0
4.25522,-1.0502,0
4.24036,-1.16236,0
4.07925,1.23733,0
4.25258,-1.23144,0
4.25606,-1.04531,0
4.2481,-1.02127,0
3.96526,1.22817,0
4.25239,-1.23629,0
4.24993,-1.0708,0
4.21936,-0.40183,0
4.2624,-1.13498,0
4.23672,-1.06393,0
4.02667,1.23854,0
4.24368,-0.78768,0
4.23725,-1.02501,0
4.08633,1.22637,0
4.22431,-0.47426,0
4.25252,-1.20931,0
4.237,-0.95589,0
4.25645,-1.15745,0
4.25247,-1.1813,0
4.23871,-0.80274,0
4.24074,-0.84516,0
4.21119,-0.42949,0
4.0007,1.23553,0
4.03123,1.22426,0
4.05744,1.23573,0
4.23358,-1.20632,0
4.24502,-1.01013,0
4.24773,-0.82999,0
4.20565,-0.45606,0
4.01861,1.22764,0
4.06259,1.2452,0
3.97725,1.23907,0
4.20589,-0.32197,0
4.22581,-1.12498,0
4.23098,-1.08817,0
4.24283,-1.11579,0
4.22227,-0.84733,0
4.2322,-1.24116,0
4.2408,-1.18744,0
4.25294,-1.01694,0
4.0773,1.24248,0
4.24107,-0.95135,0
4.032,1.19999,0
4.21238,-0.36343,0
4.20959,-0.43625,0
3.97198,1.21858,0
4.26423,-1.1217,0
4.24208,-0.78472,0
4.24626,-0.94098,0
4.24139,-1.16356,0
4.25264,-0.93296,0
4.25413,-1.09819,0
4.2118,-0.43737,0
4.22142,-1.01746,0
4.23026,-1.04948,0
4.20021,-0.31395,0
4.25282,-1.08457,0
4.24943,-1.17323,0
4.23341,-0.90157,0
4.24189,-0.94475,0
4.21312,-0.4587,0
4.23259,-0.96815,0
4.24131,-0.85015,0
4.11408,1.2274,0
3.9679,1.23148,0
4.23166,-1.00414,0
4.24536,-0.90954,0
4.05241,1.22193,0
4.25566,-1.04534,0
4.2241,-1.09285,0
4.24978,-0.87092,0
4.24112,-0.93457,0
4.25347,-1.01154,0
4.23568,-0.83368,0
4.24891,-1.22963,0
4.25799,-1.21193,0
3.87206,-1.69827,0
4.34475,0.66717,0
4.36606,0.72474,0
3.89387,-1.65908,0
4.38453,0.7008,0
4.34164,0.59698,0
4.34044,0.60045,0
3.90098,-1.66642,0
4.36174,0.65872,0
3.90676,-1.70914,0
3.95603,-1.57209,0
4.26234,0.74796,0
4.38592,0.6488,0
3.9189,-1.58389,0
3.90237,-1.68417,0
4.30144,0.73354,0
4.37572,0.69978,0
4.37203,0.63523,0
3.86779,-1.66954,0
3.94469,-1.61985,0
3.8741,-1.67192,0
4.29252,0.70312,0
4.34094,0.72078,0
3.93463,-1.56858,0
4.37281,0.72727,0
3.94242,-1.63184,0
4.37098,0.64858,0
3.934,-1.64428,0
4.30184,0.73744,0
3.91176,-1.65797,0
3.88672,-1.66917,0
3.88722,-1.64989,0
4.3623,0.52928,0
4.35949,0.51623,0
3.93589,-1.63891,0
3.92815,-1.68224,0
4.36509,0.57344,0
4.35601,0.62426,0
3.93089,-1.58371,0
3.92771,-1.58007,0
4.36435,0.55322,0
4.35752,0.54698,0
4.3813,0.69447,0
3.91863,-1.68094,0
3.90732,-1.71065,0
4.3673,0.58525,0
3.916,-1.62316,0
3.92184,-1.67467,0
4.36481,0.70965,0
4.27641,0.71266,0
4.37718,0.58332,0
4.37074,0.51279,0
4.35659,0.58334,0
4.36983,0.66445,0
3.91545,-1.58451,0
4.3775,0.72207,0
3.90997,-1.62239,0
3.89145,-1.70949,0
4.38165,0.69152,0
3.87208,-1.71423,0
3.90136,-1.67738,0
4.34811,0.66997,0
3.90814,-1.72434,0
3.88802,-1.66804,0
4.37142,0.5379,0
3.89949,-1.66087,0
4.30661,0.73429,0
3.89702,-1.63966,0
4.37521,0.53821,0
4.29049,0.72127,0
4.33892,0.57184,0
4.38141,0.61868,0
4.34722,0.55077,0
3.9486,-1.58604,0
3.88824,-1.68933,0
4.02827,-1.59001,0
4.01823,-1.592,0
4.30323,0.85544,0
4.32708,0.87736,0
3.99406,-1.58928,0
4.32865,0.81792,0
4.2724,0.78606,0
4.29323,0.85268,0
4.31195,0.81023,0
4.31876,0.80881,0
4.04893,-1.59075,0
4.26421,0.76738,0
4.00388,-1.57746,0
4.05376,-1.56971,0
4.27069,0.79835,0
4.30046,0.86099,0
4.29113,0.78462,0
4.32301,0.86541,0
4.29221,0.74386,0
4.34526,0.87174,0
4.26882,0.82316,0
4.32249,0.75748,0
4.28456,0.7831,0
4.04463,-1.58854,0
4.04989,-1.56145,0
4.32423,0.79703,0
4.27443,0.75225,0
4.33042,0.77118,0
4.30205,0.77422,0
4.27531,0.74719,0
4.29019,0.87839,0
4.34031,0.83306,0
4.31062,0.79317,0
4.2879,0.75116,0
4.32215,0.77592,0
4.32229,0.87395,0
4.33205,0.79287,0
3.99805,-1.57309,0
4.00476,-1.57817,0
4.05001,-1.55802,0
4.27396,0.80075,0
4.04324,-1.57561,0
4.32937,0.868,0
4.30407,0.7477,0
4.31544,0.80401,0
4.33269,0.87549,0
4.2785,0.91864,0
4.07284,-1.51035,0
4.06002,-1.53653,0
4.27253,0.9054,0
4.07656,-1.51192,0
4.26921,0.93386,0
4.32736,0.90866,0
4.32252,0.92623,0
4.25646,0.91536,0
4.29305,0.89348,0
4.29116,0.9148,0
4.29967,0.91329,0
4.22602,-0.28846,0
3.96471,-1.61005,0
4.37698,0.74915,0
4.22141,-0.27578,0
3.96663,-1.6066,0
3.98814,-1.64852,0
3.95897,-1.67647,0
3.98344,-1.60672,0
3.97382,-1.68065,0
3.9921,-1.64605,0
3.98038,-1.67993,0
3.98182,-1.64647,0
3.99496,-1.62766,0
3.98386,-1.61374,0
4.39057,0.73294,0
4.37622,0.7428,0
4.37839,0.76695,0
4.36653,0.77789,0
4.34518,0.77122,0
3.96958,-1.63142,0
3.94591,-1.65915,0
4.38976,0.77346,0
4.38037,0.73616,0
3.94781,-1.68323,0
4.32889,-0.19226,0
4.30379,-0.2064,0
4.49626,0.25519,0
4.28513,-0.22804,0
4.42185,0.11692,0
4.44544,0.11053,0
4.46218,0.19302,0
4.4441,0.18276,0
3.62949,-1.94338,0
4.37718,0.00508,0
4.35658,0.03686,0
4.5102,0.34955,0
4.25921,-0.23581,0
4.40541,0.13152,0
4.36977,0.09243,0
4.24481,-0.42466,0
3.64848,-1.96868,0
3.66789,-1.97775,0
4.47517,0.25757,0
4.27311,-0.16872,0
4.46635,0.18846,0
4.48819,0.35179,0
4.33328,-0.07511,0
4.46417,0.34958,0
3.64877,-1.89852,0
4.45054,0.24584,0
4.37092,-0.03302,0
4.3892,0.0039,0
4.46723,0.17125,0
4.40322,0.15762,0
4.49579,0.33191,0
3.70752,-1.89642,0
4.38467,0.41228,0
4.29376,-0.12949,0
4.27581,-0.17129,0
3.65676,-1.95748,0
4.48466,0.35605,0
4.28201,-0.26431,0
4.32991,-0.19633,0
4.26927,-0.27058,0
3.73275,-1.83218,0
4.45689,0.19949,0
3.62916,-1.91535,0
4.30096,-0.23295,0
3.65717,-1.8958,0
4.28475,-0.11906,0
4.24762,-0.24257,0
4.39266,-0.00728,0
3.70795,-1.88664,0
4.40603,0.10734,0
4.30052,-0.25163,0
4.49042,0.26028,0
4.28936,-0.11776,0
4.34314,-0.11735,0
4.29063,-0.25082,0
4.50949,0.3232,0
4.41292,0.10878,0
4.50432,0.29945,0
3.72649,-1.82286,0
4.35966,0.01826,0
3.65391,-1.95502,0
4.43341,0.34632,0
4.41718,0.10299,0
4.408,0.03389,0
4.25502,-0.22943,0
3.6179,-1.96174,0
4.43124,0.14281,0
4.27008,-0.37851,0
4.44265,0.18661,0
4.28478,-0.2111,0
4.24938,-0.42078,0
4.3612,0.04238,0
4.33499,-0.12794,0
4.27907,-0.31939,0
4.27851,-0.25363,0
4.44649,0.17469,0
4.48557,0.37596,0
4.31594,-0.0358,0
4.23756,-0.40978,0
3.6782,-1.97749,0
4.43601,0.27432,0
4.50506,0.27681,0
4.36878,0.01394,0
3.70513,-1.90522,0
4.48422,0.28793,0
4.42308,0.09641,0
4.43106,0.22094,0
4.38802,0.00383,0
4.40674,0.05979,0
4.40387,0.14604,0
4.23378,-0.43891,0
4.25855,-0.3043,0
4.26742,-0.24469,0
4.31352,-0.11327,0
3.69102,-1.85431,0
4.38135,-0.04865,0
4.50532,0.3542,0
4.35968,-0.07792,0
3.68827,-1.83747,0
4.46069,0.25224,0
4.32579,-0.18587,0
4.45873,0.36837,0
4.31035,-0.11194,0
4.30693,-0.17313,0
4.23408,-0.30167,0
4.30684,-0.08154,0
4.44503,0.18582,0
4.26781,-0.35011,0
4.45483,0.22062,0
4.39886,0.09281,0
4.48208,0.30935,0
4.48599,0.347,0
4.51595,0.29856,0
4.5283,0.32705,0
4.24596,-0.43283,0
4.51913,0.32261,0
4.29263,-0.16734,0
4.2486,-0.40067,0
4.22427,-0.31907,0
4.43031,0.26788,0
4.4356,0.29783,0
4.29169,-0.15159,0
4.34101,-0.18044,0
4.46471,0.31243,0
4.37628,-0.04578,0
4.4037,0.02792,0
4.42709,0.23015,0
4.25926,-0.20631,0
3.7044,-1.83268,0
4.47691,0.18353,0
4.23222,-0.33892,0
4.26768,-0.33917,0
4.49892,0.28874,0
4.33014,-0.07258,0
4.51188,0.31711,0
4.32229,-0.16322,0
4.36115,0.06575,0
4.46817,0.17324,0
4.4215,0.16031,0
4.2682,-0.18152,0
4.34268,0.00438,0
4.34829,-0.1183,0
4.5059,0.34247,0
4.40458,0.4063,0
3.634,-1.95637,0
3.69858,-1.83672,0
4.46065,0.19479,0
4.41258,0.18214,0
4.48143,0.23374,0
4.33804,-0.00322,0
4.41498,0.18172,0
4.51353,0.31696,0
3.65917,-1.90899,0
4.41458,0.16404,0
4.39166,0.12086,0
4.28371,-0.34274,0
4.494,0.26198,0
4.45188,0.25686,0
4.34005,-0.16707,0
4.24834,-0.36735,0
4.33588,-0.15636,0
4.30864,-0.26144,0
4.45226,0.30892,0
4.27005,-0.14295,0
4.37489,-0.04286,0
4.4054,0.01602,0
4.40827,0.11774,0
4.39113,-0.01531,0
4.29616,-0.19743,0
4.31623,-0.24999,0
4.41159,0.14792,0
4.31915,-0.21722,0
4.42333,0.18116,0
4.3131,-0.17701,0
4.31637,-0.24883,0
3.706,-1.81597,0
4.28079,-0.17801,0
3.65214,-1.93648,0
4.237,-0.44003,0
4.42966,0.27921,0
4.28047,-0.15267,0
4.2357,-0.39983,0
4.27105,-0.23142,0
4.47411,0.23907,0
3.62787,-1.91308,0
4.41603,0.13031,0
4.40749,0.26953,0
4.45814,0.35465,0
4.34714,0.02191,0
4.30991,-0.09524,0
4.49774,0.29797,0
4.26121,-0.30431,0
4.35206,-0.11736,0
4.28584,-0.29924,0
4.3191,-0.2134,0
4.3202,-0.20596,0
4.35904,0.00912,0
4.27502,-0.198,0
4.34782,-0.16601,0
4.33034,-0.03853,0
4.32769,-0.17596,0
4.2508,-0.28001,0
4.3385,-0.08504,0
4.43394,0.31783,0
4.40256,-0.01691,0
4.28646,-0.1429,0
4.35186,0.03193,0
4.36123,0.01503,0
4.35499,0.04561,0
4.34877,-0.02977,0
4.28518,-0.20629,0
4.32498,-0.13151,0
4.25334,-0.28488,0
4.34406,-0.15026,0
4.32233,-0.16182,0
4.28073,-0.17201,0
4.49842,0.26566,0
4.44434,0.34244,0
4.44333,0.25699,0
4.2756,-0.16757,0
4.42062,0.05619,0
4.35947,-0.10227,0
4.3679,0.05394,0
3.72447,-1.81439,0
4.44292,0.12163,0
4.28456,-0.20856,0
4.2403,-0.36599,0
4.43821,0.24752,0
4.36381,-0.12477,0
3.67029,-1.88839,0
4.24731,-0.36067,0
4.39836,0.09457,0
3.698,-1.81098,0
4.35773,-0.29113,0
4.48782,0.10983,0
4.39809,-0.19667,0
4.43008,-0.04211,0
4.33757,-0.22619,0
4.35102,-0.26934,0
3.50722,-2.06591,0
4.38481,-0.23001,0
4.51101,0.2015,0
3.36021,-2.00923,0
4.3726,-0.26199,0
4.4722,0.02013,0
3.53388,-2.01521,0
4.37791,-0.10799,0
4.56001,0.16347,0
4.39634,-0.13905,0
4.33859,-0.2163,0
4.31205,-0.30377,0
4.41996,0.01371,0
4.3098,-0.31386,0
3.53673,-2.04398,0
4.41538,-0.12662,0
4.46008,0.00793,0
4.49842,0.02056,0
3.44262,-2.03875,0
4.2605,-0.50711,0
4.40263,-0.04508,0
3.50196,-2.03129,0
3.54457,-2.01519,0
4.41905,-0.08084,0
4.25937,-0.42922,0
4.45356,0.01862,0
4.34932,-0.30557,0
4.27138,-0.40307,0
4.42586,-0.00405,0
4.40339,-0.17865,0
4.26402,-0.45756,0
4.40332,-0.06015,0
4.49396,0.06839,0
4.33389,-0.30549,0
4.47525,0.12091,0
4.33572,-0.23349,0
4.37356,-0.18551,0
3.35537,-2.01143,0
4.44115,-0.00373,0
4.27878,-0.40353,0
4.41962,-0.02431,0
4.46617,0.03913,0
4.23792,-0.48094,0
4.4896,0.10455,0
4.3208,-0.342,0
4.50254,0.04633,0
4.52494,0.1994,0
4.51903,0.12025,0
3.41663,-2.03084,0
4.38471,-0.19412,0
4.44656,-0.04012,0
4.31312,-0.38364,0
4.29862,-0.41632,0
4.29297,-0.42229,0
4.43731,-0.02388,0
4.49587,0.0303,0
4.30792,-0.37954,0
3.39206,-2.01846,0
4.34817,-0.17822,0
4.41975,-0.00243,0
4.48215,0.00018,0
4.37006,-0.22549,0
4.502,0.14264,0
4.36573,-0.25217,0
4.25839,-0.4794,0
4.47593,0.09575,0
4.37417,-0.16749,0
3.51382,-2.03512,0
4.51373,0.09754,0
4.39777,-0.09425,0
3.41549,-2.03094,0
4.3108,-0.33337,0
4.25968,-0.49747,0
4.49535,0.01418,0
4.47364,0.05791,0
4.40395,-0.13886,0
4.37759,-0.12916,0
4.5298,0.18283,0
3.55049,-2.0142,0
4.46489,0.00091,0
4.43414,0.02074,0
4.29308,-0.41697,0
4.35498,-0.2805,0
4.44534,0.07794,0
4.27748,-0.38128,0
4.47261,0.14876,0
4.55645,0.17218,0
4.40891,-0.0972,0
3.50689,-1.9982,0
4.31811,-0.3468,0
4.42967,0.03445,0
4.47255,0.08942,0
4.30848,-0.34625,0
4.26314,-0.42199,0
4.55939,0.15091,0
3.39048,-2.01751,0
4.48947,0.11587,0
4.37697,-0.22338,0
4.42054,-0.04952,0
4.44328,-0.09403,0
4.47892,0.05043,0
4.45019,-0.03828,0
4.40477,-0.06462,0
3.56113,-2.00858,0
3.50506,-2.02056,0
4.52182,0.14228,0
4.24707,-0.47867,0
4.54151,0.12109,0
4.51345,0.19637,0
3.58239,-2.00741,0
4.47845,0.08292,0
4.48161,0.17451,0
4.4562,-0.06589,0
4.36967,-0.16063,0
4.36364,-0.14338,0
4.45525,-0.02993,0
4.33585,-0.28437,0
4.41869,-0.12522,0
4.44703,0.02847,0
4.54375,0.18881,0
4.32509,-0.25052,0
4.42018,-0.06839,0
4.31593,-0.30185,0
4.44373,-0.09652,0
3.53797,-2.06844,0
4.30469,-0.39628,0
4.35149,-0.22796,0
4.49412,0.20854,0
3.54739,-2.02582,0
3.55405,-2.05515,0
4.52297,0.16603,0
4.41935,-0.02118,0
3.39419,-2.02548,0
4.55538,0.15038,0
4.52233,0.19832,0
3.49703,-2.01013,0
3.54191,-2.08911,0
4.49906,0.04429,0
4.30396,-0.40168,0
3.49687,-2.05536,0
4.49618,0.02085,0
3.54832,-2.01243,0
4.38997,-0.15888,0
4.28883,-0.41116,0
4.38342,-0.12881,0
3.54027,-2.09678,0
4.50142,0.13844,0
4.50031,0.19909,0
4.35717,-0.29364,0
4.38035,-0.20311,0
4.48943,0.1822,0
4.31481,-0.35596,0
3.37718,-2.01351,0
4.39392,-0.20167,0
3.50752,-2.05111,0
3.75605,-1.87519,0
3.73817,-1.85273,0
3.76413,-1.91355,0
3.78871,-1.8044,0
4.38962,0.44489,0
3.78494,-1.84934,0
4.38144,0.46225,0
4.38458,0.43321,0
4.49237,0.37936,0
3.81228,-1.77551,0
3.75012,-1.89629,0
4.36784,0.4267,0
4.47747,0.4036,0
3.73392,-1.87108,0
4.41663,0.42499,0
4.41321,0.44812,0
4.45862,0.41765,0
4.49382,0.43593,0
4.47291,0.41324,0
3.76512,-1.90155,0
3.76425,-1.83509,0
4.38544,0.44861,0
3.73651,-1.93215,0
3.73722,-1.86019,0
3.73937,-1.84824,0
3.7679,-1.87854,0
3.72859,-1.92434,0
3.81436,-1.75182,0
3.80529,-1.75756,0
3.76502,-1.79464,0
3.74577,-1.83158,0
3.76252,-1.79805,0
3.80641,-1.7911,0
4.47615,0.39121,0
4.4253,0.45938,0
3.76027,-1.78763,0
3.70668,-1.92812,0
4.42856,0.45786,0
3.72858,-1.89531,0
4.39597,0.45589,0
3.80124,-1.78479,0
4.51808,0.38915,0
3.75,-1.79257,0
4.45059,0.44622,0
3.79757,-1.80794,0
3.77294,-1.87774,0
3.73972,-1.8648,0
3.75153,-1.91355,0
3.75154,-1.91272,0
4.49849,0.41301,0
3.79145,-1.84171,0
3.77671,-1.86866,0
4.43535,0.45409,0
4.4444,0.4266,0
4.41127,0.44391,0
3.77953,-1.83402,0
3.75894,-1.93913,0
3.73605,-1.93411,0
4.39511,0.41312,0
3.79464,-1.78996,0
3.72031,-1.93397,0
4.42543,0.44395,0
3.70954,-1.90422,0
3.763,-1.85227,0
4.55422,0.27862,0
3.62559,-1.9722,0
4.5213,0.23538,0
3.66581,-2.03136,0
3.63086,-2.03384,0
3.62839,-2.0044,0
4.53309,0.23516,0
4.52718,0.20197,0
4.52098,0.29645,0
3.60538,-2.00771,0
3.64509,-2.03754,0
4.49524,0.2161,0
4.53474,0.235,0
4.55967,0.28398,0
4.5035,0.22214,0
4.53777,0.29,0
4.53172,0.23177,0
3.67615,-2.00041,0
4.51637,0.23245,0
3.65391,-2.00833,0
3.62423,-1.99599,0
4.53023,0.23922,0
4.53467,0.269,0
3.66714,-2.01138,0
4.50663,0.24603,0
3.65212,-1.98091,0
3.69925,-1.96088,0
4.5531,0.19245,0
4.29126,-0.44918,0
4.319,-0.38304,0
3.62048,-2.04424,0
4.26777,-0.50781,0
3.57675,-2.03065,0
4.56204,0.20865,0
3.6074,-2.05644,0
3.58849,-2.05179,0
4.33399,-0.3618,0
4.55191,0.2442,0
3.59245,-2.04421,0
4.28003,-0.48765,0
4.32113,-0.40178,0
4.30566,-0.42365,0
3.64479,-2.03978,0
4.28551,-0.49415,0
4.27005,-0.50718,0
3.61191,-2.037,0
4.30838,-0.43199,0
4.56394,0.23999,0
4.39548,-0.2206,0
4.31124,-0.43051,0
4.30369,-0.42835,0
3.629,-2.06041,0
4.55759,0.21402,0
3.62826,-2.0579,0
4.5449,0.21548,0
4.32587,-0.36864,0
4.44438,-0.1107,0
4.42611,-0.16238,0
4.45964,-0.11064,0
4.53755,0.07698,0
4.37227,-0.29248,0
4.30236,-0.47979,0
4.52795,0.03456,0
4.53146,0.05905,0
4.56739,0.14066,0
3.56631,-2.05521,0
4.46015,-0.11425,0
4.55234,0.12574,0
4.42932,-0.17138,0
4.30198,-0.48265,0
4.41121,-0.22022,0
4.33545,-0.41141,0
4.41101,-0.19535,0
4.31325,-0.47671,0
3.57004,-2.06856,0
4.46165,-0.1,0
4.51892,0.0372,0
4.29899,-0.49656,0
4.56553,0.14649,0
4.26075,-0.60394,0
4.51711,0.05287,0
4.57313,0.14276,0
4.55782,0.13331,0
4.52582,0.06126,0
4.43742,-0.14018,0
4.51828,0.00424,0
4.32775,-0.43299,0
4.33789,-0.39739,0
4.34561,-0.36982,0
4.36845,-0.32861,0
4.56388,0.13763,0
4.37096,-0.31828,0
4.4512,-0.11662,0
4.37425,-0.29813,0
4.3133,-0.46668,0
4.47016,-0.10235,0
4.50009,-0.00754,0
4.42381,-0.17861,0
4.46735,-0.08842,0
4.56385,0.14847,0
4.47579,-0.08604,0
4.43123,-0.19158,0
4.5045,-0.0253,0
4.54218,0.07837,0
3.59602,-2.07402,0
