"Points:0","Points:1","Points:2"
2.92457,0.34833,0
0.44718,-0.93756,0
0.70856,-0.77613,0
0.86335,0.33398,0
2.3094,0.60648,0
-0.10841,-0.81788,0
3.14762,-0.30524,0
1.6018,-0.37711,0
2.27487,0.91106,0
0.2586,0.19533,0
2.00731,-0.19211,0
0.85197,0.71749,0
0.21199,-0.00589,0
-0.18401,1.04079,0
0.9808,-0.70719,0
1.5411,-1.20746,0
3.24508,-0.05616,0
0.61875,0.58271,0
0.68657,-0.16365,0
0.14056,-0.73901,0
0.01305,1.06453,0
1.94852,0.13017,0
-0.17365,0.23186,0
0.97148,-1.07969,0
1.45586,0.52507,0
0.41522,0.58115,0
3.42143,-0.91004,0
2.00296,0.69239,0
1.69893,-0.58816,0
-0.3119,-0.39654,0
1.98215,0.58515,0
3.49223,1.24902,0
2.30373,0.31912,0
0.67817,0.33258,0
3.13083,-0.55587,0
1.16217,0.64094,0
3.48864,-0.52979,0
2.78551,-1.05845,0
2.35324,-0.47479,0
1.79277,-0.55061,0
2.3573,-0.77828,0
2.89583,-0.60088,0
1.32153,-0.68077,0
0.19266,-0.29738,0
1.87719,0.00867,0
2.26977,0.33273,0
0.1871,0.11542,0
-0.26998,0.05436,0
1.80474,-0.59701,0
1.16528,0.4651,0
0.41721,-0.74861,0
0.03045,0.29935,0
1.08587,-0.08439,0
2.51872,-0.02141,0
0.89193,-0.90341,0
1.60289,0.66468,0
0.08016,-0.61929,0
0.43546,-0.73799,0
-0.24386,0.13768,0
-0.49271,-0.1115,0
2.96779,0.06695,0
0.30256,1.04748,0
2.623,-1.10338,0
1.20789,0.67702,0
1.15148,-0.45639,0
1.39381,-0.81485,0
1.70327,-0.26266,0
2.22106,-0.7666,0
1.75507,-0.55178,0
2.28749,1.0739,0
2.22447,0.01437,0
0.9792,-0.15548,0
0.14417,0.04586,0
2.18698,0.59825,0
2.98171,-0.85239,0
0.06808,0.10709,0
2.8344,-0.57376,0
2.75722,1.03993,0
2.92928,0.77073,0
1.37942,0.82794,0
0.84713,0.70464,0
2.1998,0.17601,0
3.28415,0.99584,0
1.50617,0.95097,0
3.25147,-0.00975,0
3.30324,0.95288,0
0.98013,0.28716,0
1.13336,-0.44245,0
0.43621,-0.76151,0
1.06051,-0.9833,0
0.71419,0.96196,0
1.52509,0.10526,0
2.19501,-0.39832,0
2.57054,0.04821,0
2.72605,0.21877,0
-0.2754,0.68594,0
0.33831,-0.00214,0
2.89739,-0.89062,0
-0.42962,-0.35134,0
3.3504,-0.61224,0
2.73134,-0.8862,0
3.42297,-0.71202,0
0.25435,1.04553,0
3.21539,0.19093,0
1.80935,-1.06661,0
0.87674,0.15006,0
0.20881,0.29943,0
-0.37015,0.79268,0
0.76094,-0.43034,0
3.4505,-0.31771,0
2.15413,-0.27632,0
1.24812,0.71702,0
3.18505,-0.89034,0
2.07041,0.75994,0
1.89917,0.23732,0
2.69022,1.24976,0
2.5644,-0.3003,0
-0.07969,-0.01739,0
0.2067,0.32544,0
3.27285,-0.49088,0
0.96052,-0.40832,0
2.28719,-1.04579,0
-0.46751,0.43358,0
1.98191,-0.8903,0
0.64403,0.96377,0
2.77728,-1.21476,0
1.12278,-0.15458,0
-0.3375,0.33021,0
1.24876,-0.2505,0
1.73296,1.05326,0
1.31615,0.48085,0
2.52968,0.77944,0
2.10167,-0.33099,0
1.11573,0.72369,0
3.43773,0.74674,0
3.21474,-1.06064,0
0.06706,0.04514,0
-0.34657,-0.37705,0
0.2951,1.21519,0
3.33807,0.73342,0
-0.11888,0.40387,0
1.96472,-0.29001,0
3.34629,-0.16911,0
2.67171,1.06826,0
-0.31308,-1.13362,0
1.99216,-0.16277,0
-0.40443,0.31635,0
2.2547,0.49107,0
1.07034,0.29826,0
2.33007,0.07119,0
0.24297,0.4913,0
1.39199,0.37443,0
0.76596,-1.21406,0
0.35596,0.56473,0
-0.41742,-0.10863,0
1.62791,-0.4911,0
0.27705,-1.03675,0
-0.29043,-1.19041,0
3.39228,0.74464,0
2.05319,0.01163,0
-0.08082,1.06326,0
2.98136,0.6293,0
-0.05208,-0.45562,0
0.33137,0.62513,0
-0.30027,-0.51262,0
-0.09065,0.54651,0
0.92727,-0.41663,0
0.39885,-0.77449,0
2.47922,0.77968,0
-0.09038,1.03329,0
2.95181,0.24202,0
0.10737,-1.12374,0
0.81604,0.65845,0
0.2938,1.05559,0
3.21627,0.95265,0
2.02736,0.80362,0
2.65475,-0.65249,0
2.04121,-0.76054,0
0.64528,-1.11677,0
1.1919,0.01931,0
1.00272,-1.11656,0
3.14539,0.73319,0
2.97114,-0.21481,0
1.38586,-0.86021,0
1.76468,-0.38068,0
2.50431,0.9212,0
3.09605,0.28803,0
0.61066,-1.0135,0
2.89632,0.86982,0
2.73446,-1.22757,0
-0.03843,-0.87573,0
3.12421,-0.69847,0
0.84327,0.82143,0
-0.3675,0.47124,0
0.27562,-0.06303,0
1.58162,0.89206,0
1.08359,-0.36933,0
-0.28035,-0.40348,0
2.27113,0.27167,0
2.41108,0.50544,0
-0.29713,-0.0158,0
0.61705,-0.04422,0
2.23188,-1.11899,0
1.68852,-0.69951,0
2.04977,-0.79119,0
-0.38967,-0.50625,0
3.08372,0.97454,0
1.93567,0.64261,0
0.20294,-0.06085,0
0.1226,0.59242,0
-0.4841,0.07639,0
3.02066,1.18634,0
0.96114,0.603,0
1.00685,0.3882,0
1.18203,0.91681,0
3.40999,-1.20546,0
0.1495,0.91928,0
2.3325,-1.0557,0
0.35302,0.85932,0
2.83359,0.82459,0
1.47043,-0.73772,0
1.97663,1.00184,0
2.49846,0.88889,0
0.02904,-0.6901,0
2.98142,1.17946,0
0.8874,0.65883,0
2.08728,0.48842,0
1.73241,-0.0294,0
3.00551,0.73523,0
0.95683,0.57045,0
0.61325,-0.18342,0
1.72594,-0.03856,0
0.15169,0.26758,0
1.05481,0.17517,0
1.1913,-1.09188,0
2.42838,1.15702,0
2.85725,0.82149,0
1.70392,-1.03368,0
-0.13511,0.62188,0
2.63016,-1.11314,0
1.89293,-0.01418,0
0.7732,-0.4261,0
0.11623,-0.47669,0
1.30674,0.30249,0
0.2927,0.44,0
-0.29463,-0.57351,0
0.90748,-0.66088,0
2.67268,-0.18863,0
1.2791,-0.38613,0
1.77648,0.72369,0
0.91699,-1.16326,0
1.18556,1.03426,0
1.61989,-0.72847,0
2.13902,0.46736,0
0.83506,0.07515,0
1.0839,-1.19411,0
1.83941,1.03496,0
1.79762,0.16488,0
0.17401,0.13179,0
0.34692,1.11484,0
2.23527,0.63196,0
-0.00749,0.75639,0
1.22352,-0.12662,0
0.74982,-0.61329,0
2.90207,0.09347,0
2.50015,1.16058,0
2.24266,-0.68532,0
0.32756,0.59248,0
0.55528,-1.09958,0
2.4324,-0.33074,0
-0.45631,-0.35574,0
0.67454,-0.58636,0
1.71779,-0.24479,0
1.31252,-0.60452,0
1.9505,0.65899,0
0.72119,-0.73258,0
3.37037,-0.30069,0
0.13582,0.90873,0
1.72048,-0.84069,0
2.04903,-0.40559,0
3.4922,-0.68638,0
-0.45669,-0.4087,0
2.05548,-0.02744,0
2.25199,0.22458,0
0.34694,-0.14692,0
1.1116,-0.92606,0
2.66612,0.47029,0
3.01276,0.36773,0
0.33039,1.19151,0
0.74487,-0.55672,0
1.92812,0.84415,0
1.41043,0.92239,0
3.33224,-0.92988,0
-0.45323,-0.71008,0
-0.12171,1.07754,0
-0.17295,0.12878,0
3.29056,0.33333,0
2.82827,-0.43757,0
-0.02563,-1.13864,0
1.12794,0.04064,0
2.85661,0.47097,0
0.19485,0.01213,0
1.5594,1.22268,0
0.759,-0.5931,0
2.07238,-0.89622,0
0.86709,0.02606,0
-0.35444,1.05975,0
0.83617,0.64174,0
3.34813,0.65536,0
2.85699,0.56863,0
2.94719,1.21145,0
-0.32437,0.16474,0
2.57978,0.38702,0
0.59862,0.67816,0
-0.35252,-0.14374,0
2.82494,1.16246,0
1.86937,-0.46905,0
1.04487,0.47287,0
3.46022,0.63226,0
0.198,-0.15734,0
1.82186,0.41213,0
3.1613,-0.97508,0
0.8539,-0.45139,0
-0.2294,1.17785,0
0.35477,0.6805,0
1.87455,0.08399,0
1.88742,1.02066,0
2.6457,-0.24141,0
2.47511,-1.04196,0
3.22151,-1.11491,0
-0.42681,-0.94543,0
1.458,1.05864,0
3.39946,0.21075,0
-0.02625,0.45486,0
2.62733,-0.01062,0
2.09175,0.99997,0
2.24792,-0.56912,0
1.2603,0.6808,0
0.19082,0.81529,0
-0.46672,-0.01117,0
1.67629,0.42818,0
1.30725,-0.01499,0
2.46398,-0.00101,0
2.35359,0.49733,0
1.33071,0.46154,0
3.21198,0.06554,0
0.25765,0.7458,0
2.04745,-0.28026,0
0.01478,1.0908,0
2.94435,-0.20334,0
-0.22448,0.704,0
2.66352,0.10309,0
0.73434,-0.96925,0
2.68318,-0.82063,0
-0.29857,-0.61768,0
0.80061,-0.15894,0
2.39675,-0.16365,0
0.08254,-0.50056,0
1.24891,0.38058,0
1.71486,0.96291,0
0.54213,0.66579,0
3.45875,-1.22694,0
0.76451,-0.44104,0
3.09346,-0.04722,0
0.84418,0.36478,0
1.73842,-0.48385,0
0.95799,-0.08578,0
2.72756,-0.64472,0
3.45574,-0.49052,0
1.28948,-0.97626,0
1.18524,-0.32923,0
3.35253,-0.60897,0
2.78771,0.18034,0
-0.17468,-0.44946,0
-0.30355,-0.15468,0
-0.01115,0.69829,0
0.03406,-0.88173,0
-0.02107,-0.24399,0
0.69205,-0.16633,0
2.66708,0.74869,0
0.58939,0.58949,0
1.00981,-0.65881,0
2.62685,-0.01839,0
1.44365,-1.18024,0
2.75094,1.08699,0
-0.16478,-0.44883,0
3.38641,0.3839,0
1.94431,0.05636,0
1.66572,1.22169,0
0.87528,0.26536,0
0.75116,1.09521,0
1.29684,0.47979,0
1.61549,0.69608,0
3.49427,0.10629,0
0.21966,0.56752,0
3.20355,-1.23213,0
0.58147,-0.70999,0
1.3529,0.40719,0
0.35712,0.78843,0
1.09261,-0.45741,0
1.2801,-1.18587,0
3.49698,-1.01708,0
-0.05108,-0.62585,0
1.75667,-1.07212,0
2.0397,-0.58419,0
0.51858,-0.54444,0
0.39782,-0.27849,0
2.47916,-1.14625,0
0.96694,0.0016,0
1.60847,0.48715,0
1.83982,0.16497,0
3.27,-0.36465,0
-0.0983,-0.14492,0
2.78802,1.07001,0
-0.16886,0.91492,0
1.2636,-0.03015,0
-0.35801,-0.23294,0
1.06369,-0.07004,0
1.69513,-0.85417,0
0.11421,0.73666,0
3.47645,0.43125,0
2.36972,-0.7154,0
1.50534,-1.24672,0
0.61733,-0.24558,0
0.75376,0.14547,0
1.95801,-0.64141,0
0.33716,-0.38969,0
0.70079,0.30005,0
0.47414,-0.87692,0
2.0957,0.59846,0
1.78618,0.28189,0
0.14177,-0.06551,0
0.95711,-1.20202,0
2.4703,1.22434,0
3.45305,-0.73303,0
1.90946,0.7318,0
1.17971,-0.35773,0
1.85234,-1.09202,0
2.73499,-0.82691,0
3.00628,-0.40472,0
1.632,-0.08236,0
0.46884,-0.8316,0
-0.48509,0.86401,0
2.53529,-0.25719,0
3.15191,0.23858,0
-0.13713,1.19831,0
3.18438,-0.9465,0
2.86611,-0.87458,0
2.27776,0.07271,0
3.10409,0.55383,0
-0.29625,0.4248,0
0.29134,-1.02211,0
1.42994,-1.22412,0
-0.46473,1.24268,0
0.19017,1.24897,0
1.67796,0.81792,0
-0.31499,0.45349,0
1.26832,0.55829,0
1.15777,0.16214,0
3.4858,0.57856,0
2.25074,0.55806,0
0.16694,-0.76686,0
0.84449,1.22188,0
1.73469,-0.31878,0
1.53983,-1.15501,0
0.44055,-1.08202,0
2.90909,0.73541,0
2.34405,0.39534,0
0.28016,-1.09162,0
1.49749,-0.75587,0
2.00543,-0.33116,0
3.42186,1.12889,0
-0.11302,-0.72356,0
0.71039,-0.92993,0
1.41237,-1.09952,0
2.65152,-0.10009,0
-0.29722,-0.29726,0
0.38211,-0.18578,0
0.69152,1.02057,0
0.62229,0.97624,0
0.76313,-0.81484,0
0.90905,1.07225,0
0.3641,-0.34497,0
1.97916,-0.61158,0
0.28967,0.16038,0
3.47312,-0.77533,0
-0.42117,0.90881,0
3.49352,-0.56629,0
3.43593,0.14185,0
2.85259,0.15307,0
1.69777,0.88882,0
0.07532,-0.00534,0
-0.13601,0.98604,0
1.33595,1.22299,0
2.30497,0.73491,0
0.19289,-1.06746,0
2.06533,0.14989,0
1.39294,-1.06154,0
3.25472,0.69466,0
2.46811,0.56989,0
2.91757,0.79531,0
1.46456,-0.92821,0
0.3146,0.637,0
0.98895,-0.59485,0
0.92353,1.20815,0
2.97723,-0.94755,0
0.23598,-0.48677,0
2.05997,0.11757,0
2.98066,1.17021,0
0.72311,-1.19158,0
1.51658,-0.74018,0
0.39107,0.17099,0
2.08818,-0.02981,0
0.87168,1.13389,0
-0.23953,-0.16495,0
0.88961,0.67309,0
1.98129,-0.30488,0
0.56611,1.02552,0
0.94129,-0.00799,0
3.32044,-0.34223,0
2.91826,-0.39764,0
1.59889,-0.06944,0
3.10933,0.74835,0
-0.3543,1.01959,0
1.38142,0.38326,0
0.04618,-0.97207,0
-0.10128,-0.99638,0
1.98958,-0.52744,0
0.41136,-0.78291,0
1.59871,1.152,0
1.77351,-0.46453,0
-0.00871,0.57958,0
1.51858,0.91082,0
2.23899,-1.11307,0
2.4267,-0.75144,0
1.81503,-1.0378,0
-0.08501,-0.15033,0
2.1514,-1.16069,0
1.30386,-0.44711,0
1.84762,-1.00064,0
1.19619,-0.32926,0
-0.09347,-0.0324,0
2.48922,-0.84758,0
2.23923,-0.80635,0
3.31416,0.03815,0
2.5795,-0.20796,0
0.5015,-0.83796,0
0.39686,-1.04005,0
-0.15855,-0.50382,0
1.17434,0.54477,0
3.0103,1.22891,0
-0.18386,-0.00043,0
0.63209,-0.61563,0
2.41006,1.16824,0
2.50254,1.04145,0
3.01859,0.63475,0
1.13716,-0.58071,0
-0.07402,0.97887,0
3.30256,-0.0769,0
2.58973,-0.63636,0
0.01501,0.29294,0
2.85798,-0.93434,0
0.8505,-0.80733,0
0.26715,0.68536,0
3.48915,0.75237,0
0.17171,1.15066,0
-0.14999,1.08256,0
-0.49862,0.23754,0
0.20595,0.50985,0
-0.00689,0.83236,0
1.54392,0.03541,0
3.39631,0.32284,0
0.52852,0.92734,0
3.10461,0.71613,0
3.2979,-1.09986,0
2.53102,-0.3169,0
2.0605,0.52279,0
2.47213,-0.11623,0
1.89121,-0.56872,0
3.27328,0.97832,0
0.22852,-0.54119,0
2.62907,0.69116,0
0.63609,0.74047,0
2.45429,-0.13197,0
1.66932,-0.41568,0
2.14428,0.78551,0
2.98033,0.3736,0
3.36154,0.7138,0
0.78784,-0.46812,0
2.44983,-0.52231,0
1.14486,-0.58439,0
3.47806,-0.54309,0
0.97518,0.72409,0
1.55449,-0.87948,0
3.41977,-0.62479,0
1.73615,-0.27333,0
0.78011,-0.41701,0
0.01875,-0.10997,0
1.804,-0.34775,0
2.8408,-0.85887,0
1.94661,0.66609,0
1.00007,-0.73077,0
0.56549,-0.63663,0
0.51749,-0.53847,0
2.09088,0.57968,0
3.40699,-0.64522,0
2.61145,-1.15678,0
0.28354,-0.68282,0
3.12863,0.82122,0
3.12411,-1.16482,0
-0.11813,1.01137,0
2.00131,0.78295,0
0.84935,-0.52623,0
0.41777,0.54527,0
-0.2208,0.06097,0
0.96507,1.01568,0
1.7793,-0.16596,0
-0.05395,-0.36497,0
0.35673,0.63669,0
0.40947,0.23533,0
1.18525,-0.54227,0
1.90338,0.42501,0
2.43512,0.98384,0
0.08556,0.86555,0
1.27866,0.17762,0
3.39872,0.51463,0
2.23763,0.71507,0
1.58453,-0.67765,0
0.60058,1.06134,0
-0.18346,1.07709,0
2.9757,-0.32434,0
0.0293,-0.27036,0
0.88499,-1.14828,0
1.93683,-1.01847,0
1.23678,0.70732,0
3.09737,0.31667,0
3.08315,-0.01156,0
1.95685,-1.04451,0
1.45021,-0.47688,0
1.05009,0.34054,0
3.08421,0.28696,0
0.04288,1.23077,0
0.01605,-0.99185,0
3.11907,0.73089,0
0.78932,-0.40762,0
1.11202,-1.18446,0
2.58107,0.8272,0
1.10121,0.42755,0
0.65112,0.85724,0
2.40969,-0.74126,0
1.96029,0.73186,0
0.15537,0.63087,0
1.52125,-0.68219,0
0.6916,-0.03649,0
-0.17103,0.34999,0
-0.36111,-0.9789,0
1.44963,-1.00859,0
1.63746,-0.09543,0
2.42336,0.32722,0
1.1067,0.75433,0
0.55075,-0.66382,0
0.94489,1.09131,0
0.5563,0.16128,0
1.41349,-0.38375,0
0.60614,0.57883,0
0.317,0.91655,0
1.00088,0.45365,0
1.38387,-1.12149,0
3.35288,0.27288,0
2.50845,0.28907,0
1.08002,-0.00706,0
0.91855,0.35696,0
2.98034,-0.62121,0
-0.3239,-0.65542,0
2.49556,-0.49415,0
1.65553,0.76029,0
3.25384,0.27899,0
1.67809,0.83629,0
3.16976,0.02247,0
2.64582,-0.99865,0
1.51796,-1.08184,0
3.4247,-1.23002,0
-0.4172,0.54787,0
2.08472,0.5278,0
3.22402,1.13856,0
1.64293,0.54812,0
0.41051,-0.52192,0
0.87818,1.04166,0
1.81649,-0.35078,0
3.11674,0.60318,0
2.90851,0.73563,0
2.68087,-1.00385,0
3.0551,0.77101,0
1.46961,-1.09343,0
2.09607,0.03873,0
3.09944,0.62074,0
1.83264,-0.14495,0
2.59642,-0.17664,0
1.61222,0.2964,0
3.12768,0.086,0
2.21984,0.45711,0
3.38214,-0.07465,0
0.38052,-0.80892,0
0.5653,1.20071,0
1.50809,-0.80539,0
2.19986,-0.67691,0
0.81925,-0.89478,0
2.55922,-0.0337,0
-0.31763,-0.70111,0
3.26846,-0.57439,0
2.31525,-1.15687,0
-0.41637,-0.90202,0
1.2667,-0.29652,0
-0.30627,1.03452,0
2.79921,0.48514,0
3.04846,-1.16058,0
0.29907,-0.01518,0
3.16985,1.04337,0
2.47705,-0.14463,0
1.91263,0.45312,0
2.89858,-1.04735,0
1.20773,0.54274,0
-0.10099,-0.10156,0
-0.47609,0.16169,0
3.39301,-0.70989,0
1.55171,1.04054,0
0.63513,0.84495,0
0.84526,0.79959,0
3.40438,0.61039,0
-0.02457,-0.62427,0
1.01294,-0.70477,0
2.36323,1.00703,0
0.97371,-1.19117,0
0.50929,0.94795,0
2.28201,-0.5364,0
1.30348,-0.93336,0
-0.12557,0.89906,0
-0.14394,0.11803,0
2.17145,-1.11665,0
0.90986,-0.4454,0
-0.04116,-1.11679,0
1.23438,0.75038,0
3.39854,0.70876,0
0.54895,-0.93889,0
1.45135,0.42066,0
3.02263,1.13964,0
1.68178,0.63704,0
2.1114,0.64067,0
-0.35508,1.04481,0
0.50755,0.44952,0
3.24371,-0.19981,0
2.71394,-0.53144,0
-0.2756,-0.63363,0
2.26914,0.05931,0
3.2981,0.49407,0
1.02,0.20909,0
-0.42993,-0.08133,0
0.91262,-1.04284,0
1.30924,-0.48051,0
2.09481,-0.3067,0
3.30973,1.24305,0
1.84201,-0.71771,0
-0.0314,-0.82965,0
1.16159,-1.16201,0
3.28507,-0.66274,0
2.8363,-0.82301,0
-0.08753,0.25481,0
0.73938,-0.3604,0
2.37628,1.07455,0
3.43363,-1.13521,0
2.43979,-0.35518,0
0.91367,0.37578,0
1.48181,-0.68422,0
2.76613,-0.5275,0
-0.10776,1.013,0
0.83616,-0.61129,0
0.02423,0.79822,0
3.03355,-0.80967,0
1.58844,-0.4165,0
1.26461,-0.74891,0
0.01215,0.03388,0
2.99802,-0.94021,0
0.46249,1.13314,0
3.11604,0.01362,0
1.01184,0.39324,0
0.58075,-0.30796,0
1.68542,0.32263,0
1.27491,-0.40046,0
0.71447,0.74766,0
2.52756,1.08951,0
1.33578,-0.52698,0
1.13867,0.15086,0
-0.15702,0.56271,0
1.63883,0.82767,0
1.87612,0.39996,0
1.05823,-0.82208,0
2.03115,1.02534,0
3.21796,1.01634,0
-0.40234,0.98538,0
3.08345,1.04159,0
0.65963,0.29704,0
0.20857,-0.5228,0
0.12298,0.33545,0
-0.31524,0.51157,0
0.59489,1.07626,0
1.03717,-0.33337,0
1.20918,-0.6332,0
2.58584,-0.17971,0
0.24672,0.64992,0
-0.49338,-0.77249,0
3.39935,-0.27422,0
3.46956,0.31998,0
2.78309,-0.58621,0
2.25834,0.74929,0
1.29761,0.99804,0
2.7834,-0.02872,0
-0.10613,0.04693,0
2.06419,-1.21975,0
2.40185,-0.54235,0
-0.48424,0.32594,0
0.20884,0.87218,0
1.76021,0.43985,0
0.05386,-0.85577,0
3.12369,-1.0124,0
1.30805,0.44152,0
2.9673,-0.69151,0
2.19066,-0.45091,0
2.07477,1.10436,0
2.1504,0.99367,0
0.00455,-0.59671,0
3.48914,-0.53065,0
0.03669,-1.08125,0
2.94163,-0.18479,0
2.08866,0.43739,0
2.03493,0.27815,0
2.72044,-1.01847,0
0.89399,0.35492,0
1.66165,-0.93142,0
0.45419,-0.44892,0
3.23004,0.33149,0
0.41054,-0.52935,0
-0.37425,-0.03703,0
2.4893,-0.11311,0
2.12888,1.1882,0
1.97795,0.24672,0
0.39684,0.35742,0
2.10057,-1.16471,0
2.77753,-0.90248,0
0.78379,1.07774,0
1.54091,-1.01524,0
1.67707,0.99283,0
2.24522,-0.1784,0
1.79631,-0.29739,0
1.81997,0.27028,0
2.74499,-0.13622,0
1.5984,0.118,0
1.89274,-0.54355,0
2.50057,0.72557,0
-0.34541,-0.80026,0
1.84698,-0.78426,0
2.8607,0.48055,0
0.67486,0.94499,0
0.18227,-0.47088,0
1.66698,0.94802,0
-0.30313,0.38478,0
2.57203,0.42676,0
2.24297,-1.22139,0
2.86978,0.25345,0
1.19959,-0.90849,0
0.79485,1.10092,0
3.30302,0.25624,0
2.40468,0.80406,0
1.31473,1.00321,0
2.07386,0.42016,0
3.3219,1.11222,0
-0.05488,-0.86477,0
0.48481,-0.20126,0
-0.29947,-0.35798,0
0.9571,0.31961,0
1.00456,-1.24553,0
0.3782,0.80562,0
2.74675,0.75857,0
2.63159,0.70664,0
2.49284,-0.87001,0
-0.48561,1.04511,0
3.32571,-0.85604,0
0.02539,0.14593,0
0.40784,-0.49184,0
1.25567,-1.21288,0
0.48612,-0.41328,0
-0.28151,0.56293,0
0.99217,0.86445,0
2.14426,0.5836,0
1.58239,0.26038,0
2.54066,0.80375,0
1.89218,-0.9699,0
0.98758,-0.60283,0
0.7926,0.33836,0
3.26317,-0.53375,0
1.62507,-0.32516,0
2.9986,0.39839,0
-0.02705,-0.45635,0
0.94006,0.88239,0
-0.03249,1.09969,0
3.17721,0.36572,0
2.57918,1.23868,0
0.37387,-0.45676,0
1.17339,0.16318,0
-0.33092,-0.14682,0
2.55592,-0.92067,0
2.57895,-0.38503,0
1.7161,-0.26404,0
0.69996,0.37129,0
2.23912,-0.04871,0
0.08127,-0.60909,0
0.44944,0.83813,0
2.10942,0.13734,0
0.68124,-0.06824,0
2.735,-0.92783,0
0.62676,-0.66337,0
0.93253,-0.48024,0
2.39705,-0.61636,0
1.56863,0.22203,0
2.46122,1.16027,0
2.19316,-0.28788,0
3.04233,-0.26855,0
1.66086,-0.28061,0
3.4858,0.82384,0
1.1029,-0.71555,0
0.88421,-0.99512,0
2.93735,0.86314,0
0.42674,-0.9246,0
2.76821,1.15451,0
-0.00155,0.93697,0
0.65641,0.65848,0
2.70522,0.87475,0
0.19591,0.22169,0
0.65082,-0.78552,0
1.73811,0.73705,0
2.04619,0.52912,0
0.64988,0.42432,0
0.76818,0.04963,0
0.14695,1.2384,0
1.99127,0.21567,0
1.37023,0.3141,0
2.74626,0.26887,0
1.52285,1.061,0
1.64115,-0.68557,0
-0.13767,-0.12294,0
-0.18276,-0.43891,0
0.89329,1.05517,0
2.78657,-0.72156,0
2.08116,-1.09857,0
3.36601,1.21129,0
3.0376,-0.70101,0
0.18809,0.13251,0
1.99402,-0.11716,0
1.09089,-0.19696,0
2.17086,0.50146,0
-0.27463,1.17837,0
1.7002,-0.34134,0
0.38522,-1.04673,0
2.25695,0.37274,0
2.00902,0.62169,0
0.78454,0.91268,0
3.13992,-0.01286,0
2.3692,-1.05275,0
1.43009,-1.11438,0
2.0093,-1.21068,0
0.60436,-0.48811,0
-0.19801,-0.75828,0
0.32234,-1.11533,0
2.62429,1.22603,0
-0.23098,-0.81638,0
0.89743,0.17973,0
3.11928,0.58647,0
1.41894,1.0781,0
3.02314,-0.11832,0
1.90884,-0.03179,0
1.07188,-0.18059,0
1.11043,0.41194,0
0.05683,-0.13547,0
-0.09809,0.12751,0
2.40548,0.07453,0
3.28252,-0.64056,0
3.172,1.06098,0
1.2616,0.96837,0
0.96779,0.27632,0
3.4079,-0.72682,0
0.12266,1.23086,0
-0.1487,-1.18279,0
0.3628,-1.11377,0
0.28926,-0.3369,0
3.27367,0.32389,0
-0.46611,0.5846,0
0.23315,-1.08691,0
0.00146,-0.85538,0
2.99819,-0.68289,0
-0.2338,1.19347,0
3.48891,1.19769,0
3.36144,-0.30838,0
1.69878,0.2653,0
-0.28451,-1.21049,0
0.63752,1.02385,0
-0.45519,1.06871,0
3.13768,1.09697,0
2.74687,0.45336,0
3.42359,0.49498,0
2.24444,-0.9202,0
3.16265,0.22746,0
-0.20738,-1.10068,0
2.68675,-0.19005,0
1.52264,0.09034,0
2.83175,0.27424,0
1.60829,-0.9173,0
3.18356,0.40267,0
1.24817,0.4635,0
2.81086,1.00984,0
2.53517,1.16285,0
0.48971,0.51918,0
1.49533,-0.27544,0
2.33322,-0.30008,0
2.89269,0.55301,0
0.7092,-0.37995,0
0.31911,-0.73467,0
2.79027,-1.07273,0
2.30709,-0.7794,0
1.3005,1.20376,0
1.27575,1.05344,0
2.41503,-1.09553,0
2.29001,1.06722,0
2.1901,-0.20114,0
3.10474,0.56912,0
3.48878,-1.1254,0
-0.41559,-0.36645,0
2.86972,-0.23136,0
3.15619,0.81415,0
2.34698,-0.46655,0
1.81523,0.25386,0
0.22933,0.76944,0
0.48052,0.51806,0
-0.03206,-0.14161,0
-0.14066,-0.78805,0
1.9883,0.9059,0
0.14339,0.67877,0
-0.45869,-1.02471,0
1.28345,-0.60911,0
2.80178,0.8381,0
2.32399,0.67982,0
3.47359,1.0011,0
3.151,0.13243,0
3.00912,0.35051,0
0.43737,-0.04348,0
-0.15994,-0.00783,0
2.83455,0.66253,0
2.7826,0.35788,0
0.34333,0.05281,0
2.32643,-0.26826,0
1.19552,0.82093,0
2.81167,-0.86363,0
3.205,0.38026,0
0.48486,-0.94393,0
3.28073,0.40763,0
2.3532,-0.07651,0
1.04537,-0.07832,0
0.11686,0.12159,0
0.12408,0.20751,0
0.97934,0.50406,0
0.08743,1.23047,0
2.1091,-0.80589,0
3.13161,1.15713,0
1.94486,-0.44645,0
2.29177,0.36392,0
-0.29817,0.87346,0
2.13107,-0.61223,0
2.87395,-1.22025,0
0.50468,-0.72664,0
0.52196,-0.58635,0
-0.36962,-0.72766,0
3.47305,-0.82021,0
0.82358,0.04809,0
-0.3018,0.47483,0
0.14661,0.31976,0
1.41759,-0.51862,0
1.44334,-0.9148,0
2.75174,-0.47754,0
-0.39531,-0.97251,0
0.40455,-0.16773,0
0.35197,-0.69328,0
0.3294,-0.35983,0
0.64885,1.1201,0
2.5625,0.48211,0
0.31344,0.36639,0
0.60699,-0.24029,0
2.20292,1.01047,0
0.26234,-0.85794,0
1.59329,0.14238,0
0.29811,-0.11354,0
0.85562,0.17554,0
3.42119,0.0861,0
-0.38017,-0.96555,0
2.7066,0.69016,0
1.22684,0.81056,0
2.83798,1.21854,0
1.46101,0.03639,0
2.63024,-0.78966,0
2.88917,0.35302,0
2.84361,-0.87166,0
0.83108,-0.79931,0
1.3208,-0.98523,0
0.87774,-0.83124,0
1.03545,-0.03287,0
0.12383,-0.94754,0
0.66211,-0.65691,0
-0.01194,0.98519,0
3.06461,-0.2185,0
1.97651,0.34135,0
0.46253,0.94852,0
0.74883,-0.96066,0
-0.10131,-0.13861,0
0.63799,-0.66395,0
1.34004,0.97687,0
2.05116,-0.25899,0
1.83623,-0.36272,0
-0.24912,0.91849,0
-0.26019,0.0468,0
2.31579,-0.07043,0
3.35019,-0.36753,0
0.96753,-0.67602,0
2.24864,0.26408,0
2.75855,1.2317,0
-0.42963,1.06656,0
3.38283,-1.20534,0
0.86229,0.80037,0
2.06927,-0.67792,0
0.63998,0.70825,0
1.82219,1.00505,0
1.7884,-0.83911,0
1.02665,0.7684,0
0.48947,-0.89853,0
2.72886,-0.43494,0
1.33238,0.92617,0
3.30637,0.83002,0
0.27039,1.14822,0
3.46059,0.14463,0
1.77343,-0.07265,0
1.67526,-0.59232,0
3.40481,-0.49078,0
2.24629,-1.0384,0
2.03099,-0.12384,0
1.76557,0.53682,0
-0.42609,1.14763,0
0.34782,-0.8595,0
0.0254,1.09286,0
0.29372,0.61199,0
2.16059,-0.4282,0
2.06579,-0.01598,0
2.89552,-0.98786,0
3.09241,0.69284,0
0.61696,0.72243,0
-0.45084,-0.42586,0
2.50845,0.94777,0
1.90024,-0.84681,0
1.22411,0.13324,0
2.27367,0.13844,0
2.54055,0.54212,0
2.21749,-1.06907,0
3.20052,-0.03572,0
0.31727,-1.18796,0
-0.27658,-0.41394,0
2.87099,-0.10667,0
2.06652,-0.98291,0
3.41872,-0.29642,0
0.27355,-0.25567,0
1.11166,-1.06931,0
3.17792,0.68705,0
3.05543,0.07967,0
0.95775,-0.46262,0
0.42519,1.14905,0
2.85648,-0.36946,0
0.66426,-1.11414,0
0.85479,0.67671,0
0.23618,-0.71609,0
-0.07076,0.62512,0
0.29284,-0.16285,0
3.34853,0.84628,0
2.44937,-0.59796,0
2.58233,0.035,0
0.19343,-0.41649,0
1.19955,0.72059,0
2.45347,1.01287,0
2.98625,0.90386,0
3.02094,0.26848,0
3.07324,0.69716,0
0.11641,0.54699,0
0.57996,0.1055,0
0.85099,-0.74546,0
2.6772,-0.17637,0
0.81678,0.18598,0
0.85992,0.43556,0
2.31762,0.24098,0
1.59497,-0.7574,0
-0.21004,0.69793,0
0.9539,0.15304,0
-0.00553,1.15223,0
0.90322,-0.88756,0
-0.15236,-0.94235,0
1.03681,0.94358,0
1.67137,-0.70981,0
2.44291,-0.84418,0
0.23609,0.75687,0
0.52994,-0.59298,0
0.16853,-1.03001,0
0.10958,0.96487,0
0.21719,1.00732,0
0.09832,-1.1607,0
1.33005,0.19237,0
1.68479,-0.38842,0
0.50107,0.92569,0
2.08583,1.00149,0
2.56019,-0.90246,0
2.96288,0.22487,0
1.83973,-0.55972,0
0.89849,0.39143,0
2.37193,-0.41196,0
2.32286,-0.94794,0
1.44515,-0.30059,0
0.76349,-0.8824,0
1.28966,-1.04259,0
0.21066,-0.90224,0
0.23188,0.38636,0
-0.37041,0.03143,0
0.15785,-0.30088,0
3.16022,-0.09988,0
2.67573,0.2377,0
-0.36727,-0.28099,0
2.53854,-1.13029,0
0.65903,-0.64762,0
0.67622,-0.11299,0
0.23783,0.79309,0
2.54003,0.51341,0
3.20429,1.15143,0
3.37068,0.49305,0
2.17789,0.72108,0
3.4382,-1.00823,0
-0.19875,-0.13461,0
1.97674,-0.78317,0
2.51361,-0.71438,0
0.37503,1.02579,0
1.06448,-0.69186,0
1.58551,0.39783,0
3.25559,-0.10032,0
-0.42771,-0.0004,0
2.98971,-0.95849,0
-0.36832,-0.64405,0
-0.02737,-0.4871,0
1.41985,1.06856,0
0.91437,0.31411,0
0.94236,-0.40576,0
1.05194,0.62006,0
2.95004,-0.24536,0
0.68177,-0.17001,0
1.7323,-0.42492,0
2.74601,-0.96336,0
1.66362,-1.1181,0
1.05291,-0.96992,0
-0.14644,0.63937,0
0.5925,-0.47322,0
-0.27261,-0.04632,0
0.11681,-0.98918,0
0.73817,-0.33914,0
2.86822,0.40122,0
0.51876,-1.20189,0
1.17061,-0.00523,0
0.79775,0.4466,0
0.08707,0.98801,0
2.90148,-1.01878,0
0.53293,-0.18461,0
3.29658,0.48759,0
1.29823,0.58466,0
2.55667,0.90786,0
3.197,1.07267,0
3.43465,1.09434,0
0.1364,0.72148,0
0.14168,1.10491,0
-0.03844,0.70383,0
0.64276,0.29098,0
-0.01922,1.12237,0
2.33834,1.05426,0
1.53885,0.83411,0
3.33036,0.10817,0
1.84381,-0.93975,0
1.75678,0.16521,0
0.91642,-1.08166,0
1.09735,0.32029,0
2.66756,0.48545,0
2.40036,1.16844,0
0.9831,-1.2172,0
0.84086,-1.24673,0
2.9677,-0.87001,0
0.53733,-0.17646,0
2.03544,-0.79364,0
2.1797,1.21219,0
2.49159,-0.50644,0
1.58599,1.0896,0
0.35363,-0.63751,0
1.30767,1.18458,0
2.60846,-0.22684,0
2.60767,-0.48437,0
1.25381,0.02594,0
1.62446,-0.853,0
2.01754,0.54936,0
1.87576,-0.75998,0
0.12087,1.01004,0
0.68347,-1.20171,0
2.70323,0.49979,0
0.23947,-0.57226,0
-0.01103,-0.84159,0
0.81072,0.02986,0
3.02659,0.56473,0
1.53551,-0.91063,0
1.12694,-1.03452,0
1.02056,0.67792,0
2.57098,-0.69197,0
0.66226,0.17432,0
0.31326,0.66645,0
1.98424,0.93826,0
2.12871,0.91014,0
-0.29255,0.27672,0
0.29058,0.34542,0
0.58621,0.61948,0
0.91237,-0.24614,0
0.13339,-0.92424,0
1.1196,0.35204,0
2.3808,-0.74329,0
1.73184,-0.42482,0
1.27864,-0.8864,0
3.41444,-0.70953,0
1.70249,-0.29922,0
3.08174,-0.33594,0
0.36105,0.70648,0
2.92511,-0.37179,0
1.5008,-1.09516,0
3.46627,0.01814,0
0.29087,0.90297,0
1.95356,-0.97366,0
1.67894,-0.20252,0
1.9066,0.49038,0
-0.34084,-0.84797,0
1.0992,-0.22602,0
2.99719,0.93481,0
2.69777,0.56779,0
0.23411,0.64622,0
-0.48708,-1.05173,0
-0.48252,0.86226,0
1.80705,0.27665,0
2.14982,0.39766,0
3.30477,-0.53847,0
2.32097,0.25789,0
2.93949,0.55092,0
1.32816,-0.67075,0
1.60634,-0.56148,0
0.87369,0.96925,0
0.83559,-0.35719,0
2.28606,0.54762,0
1.37876,-0.76058,0
0.91873,-0.2103,0
2.64419,-1.17472,0
0.85202,-0.2862,0
2.06866,0.7978,0
1.17672,0.4206,0
0.08418,-0.3365,0
0.20236,0.30943,0
0.50192,-0.65663,0
1.93697,-0.16265,0
1.21123,-1.12563,0
1.03346,0.53919,0
0.42616,0.21305,0
2.85168,1.04988,0
3.18269,-0.5393,0
0.27586,-0.12986,0
1.44051,-0.39342,0
0.38276,0.02235,0
3.07414,0.99131,0
0.26242,0.44243,0
2.57678,-1.03537,0
1.58817,-1.14611,0
0.58538,0.9133,0
2.47555,0.23181,0
1.394,0.2927,0
0.67465,-0.64077,0
0.14281,-0.12997,0
0.43178,0.47079,0
2.15542,0.4606,0
1.70301,0.9786,0
3.06724,-0.96918,0
0.02878,-0.06779,0
1.80109,-0.22474,0
1.20647,0.97125,0
3.19084,0.10447,0
1.18496,0.95741,0
1.89303,-1.21069,0
0.66631,-0.76411,0
-0.30182,-0.9289,0
3.26798,0.14023,0
1.67989,-0.60005,0
-0.26951,0.09442,0
2.97302,1.19083,0
1.01928,0.88183,0
0.44779,0.16083,0
2.28615,-1.0669,0
2.15381,-0.38617,0
1.79574,-0.77676,0
1.18048,-0.77785,0
2.31298,0.0116,0
-0.37879,0.86375,0
3.14502,0.80559,0
2.21784,0.6703,0
0.87339,-0.36377,0
3.37164,0.5379,0
2.46771,0.32905,0
0.28185,0.02134,0
0.67301,0.141,0
0.18211,1.17378,0
2.8069,0.77407,0
3.11535,-0.71794,0
2.57605,0.08708,0
2.69886,-0.64498,0
1.80099,-0.3905,0
2.29822,0.00561,0
3.04159,0.76217,0
2.06686,0.87636,0
0.00821,-0.23029,0
1.55958,-0.02093,0
2.97271,-0.652,0
1.0172,-0.87195,0
2.36725,-1.03108,0
1.14105,-0.76033,0
1.23324,-0.39666,0
3.37196,-0.6747,0
2.09479,-0.88273,0
-0.10178,-0.16073,0
-0.29492,0.48347,0
1.25262,0.44715,0
3.28197,0.10118,0
2.08178,1.08351,0
2.62244,-0.38305,0
3.1474,0.91121,0
-0.41844,-0.90749,0
3.32325,1.18904,0
0.7362,-0.49205,0
-0.25759,-0.98203,0
-0.21355,0.42339,0
2.12234,-0.0338,0
1.36686,1.17302,0
2.16031,-0.67752,0
1.0114,-0.91862,0
2.73119,0.58233,0
3.44274,-1.20531,0
3.23273,0.69305,0
3.46021,-0.51489,0
1.68251,-0.73218,0
0.2688,-0.24041,0
2.4946,0.91516,0
2.48595,1.18832,0
2.29561,0.90453,0
1.97043,-1.17043,0
2.03998,0.90231,0
0.91611,0.94278,0
1.38064,-0.02314,0
1.10379,-1.04293,0
1.24038,0.96947,0
0.83439,0.68791,0
-0.14124,0.72381,0
1.77323,0.2758,0
-0.13038,0.99151,0
1.05525,-0.9333,0
3.2746,1.20735,0
0.53195,-0.14706,0
1.15875,-0.8258,0
2.8294,-1.09455,0
2.42863,0.07324,0
-0.37275,0.79336,0
1.83463,-0.5077,0
2.47422,0.22175,0
3.23629,1.09961,0
-0.15602,0.66504,0
0.37019,0.31197,0
2.7048,1.02977,0
2.73155,0.80753,0
2.85526,-0.7403,0
1.80577,-0.76221,0
-0.19968,0.32233,0
1.42267,0.32272,0
0.22953,0.64696,0
1.3806,1.11983,0
0.14516,0.60658,0
0.08283,-0.62032,0
0.98853,-0.13281,0
-0.30979,0.51889,0
1.5201,0.69828,0
1.85616,0.08718,0
1.17728,0.48524,0
1.09147,-0.05217,0
2.69462,-1.23372,0
2.68432,0.00728,0
0.95015,0.1695,0
2.42935,0.36483,0
2.88075,0.51607,0
0.65825,-1.23236,0
1.51769,0.7237,0
-0.07181,1.11715,0
2.71589,-1.11293,0
0.50367,-0.8333,0
-0.25862,-0.15345,0
1.56853,0.85845,0
1.16329,-0.48305,0
-0.12328,0.76659,0
0.44631,1.02522,0
1.36455,-0.45633,0
1.58389,-1.11028,0
3.25766,1.21582,0
1.3696,-1.18542,0
3.03985,1.0393,0
1.96958,-0.54116,0
0.02766,-0.81794,0
-0.38511,-0.3616,0
0.59459,-1.10502,0
1.20771,-1.11581,0
3.13379,0.21769,0
-0.29405,0.09392,0
0.71881,0.7406,0
-0.13647,-0.28595,0
-0.12883,-0.48939,0
1.25212,0.98479,0
2.28804,-0.41313,0
1.21301,-0.17957,0
1.36508,-0.75013,0
1.90719,-0.14302,0
-0.29157,-1.05322,0
0.08635,1.01189,0
1.20301,-0.07808,0
2.22319,0.87445,0
1.51991,0.72938,0
3.06244,0.6738,0
1.16173,-0.20789,0
1.81593,0.65235,0
1.4357,0.0485,0
-0.22189,0.52356,0
-0.08176,-0.67056,0
1.74895,-0.67502,0
1.34878,-0.02705,0
1.45823,0.29813,0
0.81299,-0.13126,0
3.20873,-0.03809,0
-0.21137,-1.1214,0
-0.42285,0.0916,0
1.50669,0.8685,0
2.46848,-0.7291,0
3.4644,0.93336,0
2.5834,-1.15041,0
2.27648,-0.52404,0
0.04369,-0.65924,0
1.9529,0.94147,0
-0.24485,0.96336,0
2.71259,0.37125,0
2.2589,-1.09923,0
3.25088,-0.68431,0
2.73946,-0.23678,0
2.92542,-0.14901,0
1.64844,0.80881,0
3.48968,0.83508,0
0.76787,-0.64419,0
0.47982,-0.52584,0
-0.45691,-0.7012,0
2.67857,-0.9175,0
3.42699,-0.86556,0
3.45499,-0.96171,0
3.3339,-0.27693,0
2.03357,0.9903,0
0.05907,-1.1946,0
0.13428,-1.00061,0
1.94562,-0.49272,0
1.5301,-0.25966,0
-0.30238,-0.59969,0
0.98207,-0.07019,0
1.06519,-0.77794,0
0.5503,-0.55889,0
2.40804,0.22545,0
0.70134,0.55048,0
0.02883,0.82695,0
1.48165,-0.19031,0
2.18096,-1.08455,0
3.02753,-0.97939,0
1.3355,0.80668,0
1.06975,0.13443,0
1.2612,-1.09555,0
1.0469,-1.00969,0
-0.22147,-0.07735,0
2.4715,0.17319,0
3.47216,-0.11072,0
1.57235,0.68971,0
1.41209,-0.73556,0
2.67639,-0.6802,0
2.21773,-0.45262,0
1.79635,0.49144,0
1.90927,0.51779,0
2.98487,0.35252,0
-0.39662,-0.83661,0
1.31163,-0.92881,0
3.47511,0.14389,0
2.59436,1.24311,0
0.37107,-0.73921,0
1.84873,0.36817,0
0.54429,0.09199,0
1.64362,0.68431,0
2.9384,0.91133,0
0.06184,1.17692,0
2.77469,0.49908,0
3.11871,-1.12232,0
0.07639,0.27351,0
2.92195,0.63344,0
0.81233,-0.21402,0
1.79806,-0.48769,0
2.47284,-0.27214,0
0.54431,0.47659,0
3.32701,-0.05811,0
3.14753,0.11383,0
1.55205,1.16318,0
3.45357,0.7414,0
0.23495,-0.08377,0
0.24811,1.03864,0
0.1028,-0.25864,0
3.26767,0.71904,0
0.72734,0.50058,0
-0.24219,-1.13614,0
1.56227,-0.11211,0
1.65185,-1.03859,0
3.27595,0.32147,0
0.48665,-0.21978,0
1.87378,1.07642,0
1.41157,-0.74174,0
0.78773,-0.45175,0
3.45974,1.10633,0
2.24433,0.98674,0
3.44534,0.45301,0
0.40445,-0.9767,0
0.91992,0.9912,0
-0.01818,1.06886,0
2.19032,1.05172,0
1.90551,-1.0504,0
3.48469,1.13544,0
1.22211,0.29275,0
0.79213,1.04021,0
3.20157,1.17646,0
1.21431,0.49723,0
0.03757,0.43859,0
1.4626,-0.38702,0
2.22371,0.20752,0
0.5248,-1.14687,0
0.35695,1.19799,0
2.84973,0.65996,0
-0.1435,0.39897,0
0.75325,-0.0726,0
0.28071,-0.78743,0
-0.47588,0.96911,0
2.04632,0.17342,0
1.63421,-0.12729,0
-0.21743,-0.36334,0
0.15309,-1.10331,0
0.11588,-0.66341,0
3.1776,-0.69326,0
-0.35446,-0.22122,0
2.04883,-1.17624,0
2.67192,-0.50503,0
1.61687,-0.39024,0
1.77158,-0.68181,0
1.52241,-0.2913,0
2.64458,-0.15949,0
0.87797,-0.94732,0
0.90721,0.31099,0
1.05406,0.5243,0
1.83059,0.36308,0
2.39018,0.12193,0
1.10198,-0.05275,0
1.70188,1.20497,0
0.48364,-0.58354,0
2.95231,-0.18107,0
0.38587,0.8821,0
2.99506,-1.08739,0
0.28157,-0.32869,0
1.08855,0.9734,0
0.31528,0.91093,0
0.71639,-0.14912,0
3.30109,-0.3411,0
2.42527,0.98802,0
1.75395,0.81233,0
0.31315,0.1208,0
3.43566,1.02814,0
1.04098,-0.1182,0
2.12129,0.52742,0
2.56759,-1.13021,0
0.04329,-1.12429,0
1.26606,-0.89497,0
1.33031,1.19409,0
3.34237,0.42039,0
1.94884,0.00301,0
2.1596,0.43997,0
-0.43485,-0.67342,0
2.32313,0.95244,0
-0.49135,0.45308,0
1.96886,0.86099,0
0.24565,0.14369,0
1.57492,-0.8471,0
2.24272,-0.19568,0
3.17121,0.92884,0
-0.48889,-0.31058,0
0.41449,1.09554,0
3.28293,-0.11193,0
1.77263,0.10506,0
1.58555,0.49455,0
1.08777,0.39407,0
1.69738,-0.79774,0
1.52267,-0.24844,0
1.00145,-0.9709,0
2.51998,1.17348,0
-0.17736,0.11344,0
-0.49218,0.56865,0
3.19837,0.23121,0
0.05787,0.66506,0
-0.06281,1.13886,0
1.70091,0.84337,0
2.58108,-1.09631,0
0.91341,-1.01841,0
1.30086,-1.0033,0
3.34508,0.71953,0
1.98306,0.45352,0
0.79004,-0.7833,0
3.35798,-0.15145,0
0.09861,0.34783,0
1.58248,0.09551,0
0.24592,0.56167,0
2.81914,0.29625,0
2.91267,-0.07372,0
0.12042,-0.39712,0
-0.12106,1.09894,0
0.47925,-0.78504,0
2.18729,-0.49881,0
3.19387,-0.59377,0
2.7016,0.88863,0
0.05272,0.20029,0
2.14992,0.84152,0
0.30461,-0.47958,0
1.47102,-0.16187,0
2.0938,0.3331,0
1.61917,0.0692,0
1.21636,-0.00056,0
2.57796,-1.00069,0
2.41199,-0.58489,0
0.06109,0.97692,0
0.38707,0.51085,0
2.5947,0.41194,0
1.78982,-0.05,0
-0.30038,0.24123,0
-0.47963,-0.11683,0
2.32642,-0.07877,0
0.92651,0.83712,0
0.97608,-0.9568,0
1.17976,0.77062,0
1.58721,-0.05305,0
2.14266,0.03497,0
2.03007,-0.10006,0
1.67062,-0.61334,0
-0.19899,-1.02203,0
0.43306,0.06034,0
0.42451,-0.58616,0
3.25867,0.88257,0
3.40997,-0.12784,0
0.88394,-0.74069,0
2.80933,0.84862,0
0.73671,0.91795,0
1.92649,0.15268,0
0.78799,-0.16427,0
-0.35743,-0.37839,0
3.42065,0.40858,0
2.07617,-0.25257,0
3.16303,-0.1551,0
0.9514,-1.07122,0
0.74872,0.80809,0
0.58612,1.00081,0
1.42669,0.47079,0
0.51838,0.8714,0
2.82378,0.2598,0
3.29118,-0.12836,0
3.18236,-0.27411,0
1.79194,0.28879,0
1.08899,-0.91141,0
1.33623,-0.73879,0
0.31239,-0.89425,0
1.12482,0.42509,0
0.03089,-0.98677,0
3.23184,-1.02672,0
2.55532,-1.2154,0
-0.38955,0.38706,0
2.98579,-0.21281,0
-0.39147,-0.77962,0
1.25001,-0.80855,0
-0.11387,-0.98981,0
2.06893,1.19126,0
1.57262,1.15498,0
2.47032,-0.72835,0
2.81639,-0.14661,0
1.39723,0.24317,0
2.09246,1.04053,0
2.55177,-0.54795,0
2.32529,0.15832,0
2.62525,0.44434,0
2.23,-0.65174,0
2.28842,1.24148,0
2.52251,-0.62111,0
2.99573,-0.59635,0
1.41244,0.75286,0
0.76739,-0.38264,0
3.36067,-1.13169,0
0.85107,0.69779,0
1.64933,-0.99068,0
2.79231,-0.95714,0
0.04946,-0.22311,0
0.95422,-0.11639,0
0.76935,0.04759,0
0.84901,-1.24388,0
3.17979,1.04472,0
0.32514,1.17476,0
1.73074,-0.58577,0
1.1172,0.193,0
0.94942,1.13432,0
2.70973,-0.73484,0
0.07845,-0.6772,0
1.56892,0.28926,0
0.71096,0.33782,0
2.1795,-1.01942,0
1.79404,-1.0718,0
2.73115,1.2222,0
-0.41211,-0.71127,0
3.19353,0.43199,0
-0.09091,0.61024,0
0.48081,-1.22509,0
1.61215,1.23963,0
3.48048,-0.1268,0
1.10553,0.94529,0
0.30102,0.18533,0
-0.45463,1.18466,0
2.86065,-0.4243,0
2.13324,0.68618,0
0.17972,-0.30392,0
0.04042,-0.1072,0
1.52394,-1.19105,0
1.50874,0.16195,0
1.52602,0.03572,0
2.71397,-0.10109,0
2.95183,-1.11341,0
0.96382,0.85028,0
3.36252,-1.13949,0
-0.00549,-0.24198,0
-0.03525,-0.46675,0
2.47356,0.3762,0
2.68184,0.98322,0
1.19241,0.87422,0
2.45246,0.97524,0
1.49256,0.29915,0
1.21267,0.54127,0
1.83717,0.03267,0
1.79862,-0.13449,0
-0.16609,0.45612,0
1.83663,0.67078,0
1.30482,0.13937,0
2.13483,0.00266,0
3.19464,-0.94527,0
2.07744,-0.53534,0
2.73123,-1.18008,0
1.07324,-0.5345,0
0.64781,-1.23198,0
1.732,0.31574,0
-0.33677,0.2552,0
0.47974,0.24906,0
-0.28747,-0.30212,0
0.22594,1.00214,0
2.82199,0.87685,0
2.64726,-0.89406,0
1.55808,0.17954,0
1.66044,0.14093,0
3.32962,0.66055,0
2.74307,0.66498,0
3.40805,-0.06351,0
3.4994,-1.0922,0
0.11288,-0.88564,0
0.49551,-0.47802,0
0.52875,1.16417,0
0.74818,-0.42018,0
2.72026,0.77727,0
2.32279,-0.61747,0
0.81333,-1.11302,0
0.04359,1.08834,0
2.23463,0.28789,0
0.18245,-0.00042,0
0.78697,1.06121,0
1.40931,-0.83565,0
1.24183,-0.61636,0
-0.16852,0.867,0
-0.03198,0.61944,0
-0.35405,1.11665,0
0.54975,1.10613,0
1.68145,-0.68636,0
3.12205,0.50466,0
2.591,0.44197,0
2.88695,-1.13879,0
1.82603,-1.04188,0
2.78549,-0.57438,0
0.47751,0.56638,0
1.11562,0.23644,0
0.28746,1.02317,0
1.13895,-1.14173,0
0.94357,1.12626,0
0.77608,-0.96007,0
1.65659,-0.77501,0
1.69904,-0.68473,0
1.80112,-0.1699,0
-0.44698,0.06211,0
2.38551,-1.04636,0
1.25923,0.55107,0
1.56293,-0.77895,0
0.29414,0.38515,0
0.52994,-0.64648,0
1.20996,0.46337,0
3.14294,0.68698,0
2.93473,0.7596,0
2.34814,-0.81116,0
0.39367,-0.06032,0
2.59818,1.15099,0
2.38694,-0.86965,0
0.81514,-1.12232,0
3.03275,-0.51384,0
1.54723,0.36117,0
0.18625,0.26944,0
3.00814,-0.32192,0
0.2826,0.82471,0
2.05363,-1.08553,0
1.65309,1.19782,0
2.66509,-0.26331,0
1.93251,0.49588,0
-0.17638,-0.48989,0
0.18797,-0.50832,0
-0.44294,-0.26714,0
0.07093,1.1524,0
1.00514,-0.18915,0
2.59505,0.61712,0
2.80684,0.47295,0
1.53161,0.67448,0
1.55546,0.28381,0
2.9839,-1.06926,0
0.80776,-1.09276,0
1.78477,0.76903,0
3.49022,-0.64012,0
0.77693,-0.67214,0
0.53241,0.87084,0
1.74637,-0.03897,0
-0.12531,1.12689,0
3.25146,0.44985,0
-0.00567,0.58471,0
2.79464,-1.01099,0
0.07567,0.13714,0
1.04338,0.77023,0
0.63295,-0.33946,0
-0.46763,-0.92818,0
2.71495,0.82309,0
2.1946,-0.08301,0
-0.19792,1.11716,0
0.44601,1.18813,0
0.73287,0.63535,0
0.93496,0.22323,0
2.73827,-0.21346,0
-0.39451,0.00709,0
0.66222,-0.54102,0
3.48605,1.22228,0
-0.09449,1.22181,0
1.71238,0.06704,0
1.87986,0.02373,0
2.90403,-0.76933,0
2.05014,0.02402,0
2.65433,0.3134,0
3.15833,-0.98551,0
-0.1735,-0.19094,0
2.45499,-0.72668,0
3.32265,0.54216,0
0.81481,-0.15881,0
2.50897,-0.35227,0
-0.0588,-0.77537,0
1.3399,-0.17325,0
2.97958,-1.08019,0
3.2245,-0.51975,0
2.40047,-0.92259,0
-0.29566,-1.01119,0
0.91193,-0.02385,0
0.68048,0.69048,0
2.0614,0.32804,0
2.37044,-0.77836,0
0.4774,0.2955,0
2.87047,-0.97156,0
1.78965,-0.35732,0
0.42235,-0.92333,0
2.36848,-0.03802,0
2.62253,-0.70241,0
1.38788,-0.81199,0
-0.0407,1.14585,0
1.55759,1.1177,0
2.38964,-1.22867,0
1.5489,0.76171,0
0.26654,-0.26599,0
1.88672,0.37972,0
1.80288,0.03907,0
2.94985,-1.03853,0
0.82095,0.73435,0
3.23434,-1.18263,0
-0.49897,0.64072,0
2.43447,0.07361,0
1.79238,-0.10831,0
0.97663,0.99587,0
0.83604,0.23648,0
0.49865,-0.67705,0
-0.014,-0.23648,0
1.19011,-0.85891,0
-0.20508,-0.51789,0
2.64887,0.97428,0
0.45728,0.23178,0
0.82972,0.96612,0
0.41342,0.63798,0
2.85901,0.89598,0
1.8403,0.30093,0
-0.37084,0.88197,0
0.89249,-0.6581,0
1.31887,-0.54537,0
0.14484,-0.5942,0
2.7975,0.69987,0
2.84171,0.96594,0
1.76761,0.81145,0
1.17989,0.74247,0
1.14276,0.80378,0
0.38363,-0.90937,0
2.58558,0.4382,0
1.59865,0.0008,0
2.84742,-0.56481,0
2.15387,-0.5258,0
-0.05213,-1.07264,0
0.02187,-1.19633,0
0.55741,-0.29263,0
-0.21317,-0.66731,0
2.54551,1.1037,0
1.89308,-0.69675,0
1.24709,1.22419,0
3.3209,0.28814,0
3.14689,-0.34702,0
3.064,-1.21866,0
-0.28644,-0.13825,0
3.27745,-1.12236,0
1.70354,-0.88978,0
2.05709,0.82391,0
2.96711,1.09541,0
-0.25277,0.26116,0
-0.00279,0.92807,0
2.90495,-0.9419,0
3.23832,0.71934,0
2.48047,-0.90854,0
-0.42751,0.37341,0
0.95155,-0.02008,0
2.42088,-0.27165,0
1.90899,1.00602,0
0.33198,-1.0837,0
2.28695,-0.32349,0
2.05458,-0.6055,0
1.13908,0.34003,0
3.12702,0.74413,0
2.38643,0.86118,0
1.376,1.15066,0
-0.32636,-0.43084,0
2.28293,-0.20037,0
-0.06193,0.46531,0
1.77529,0.88105,0
0.35828,-0.38882,0
2.98637,0.69381,0
0.43941,-0.73473,0
-0.02508,-0.96077,0
3.34569,-1.02013,0
0.98302,-1.19241,0
3.13127,1.03246,0
0.03263,1.08693,0
-0.07812,-0.24198,0
2.54949,-0.07551,0
1.03712,-0.30585,0
3.40025,-0.72073,0
2.92306,0.60197,0
1.47097,0.95325,0
2.36705,1.17755,0
-0.29656,-0.14027,0
2.75287,1.06579,0
1.24185,1.06571,0
2.39486,0.46988,0
1.12309,0.80936,0
0.55443,-0.18789,0
0.68031,0.34683,0
2.40285,-0.29711,0
1.43042,-0.06172,0
0.96926,-0.52281,0
0.76387,-0.09047,0
0.28407,-1.14755,0
2.83532,0.93189,0
1.80117,1.14807,0
1.16178,-0.18823,0
-0.34961,-0.14345,0
1.47139,-0.08818,0
0.16791,-0.97153,0
2.20996,1.24228,0
-0.21075,1.24688,0
-0.49926,-0.49666,0
3.47577,0.20444,0
-0.13378,1.24844,0
1.41061,0.65232,0
1.563,0.03365,0
0.99598,0.48617,0
0.62916,0.8859,0
0.64924,0.99881,0
-0.02359,-0.23025,0
2.82602,0.20669,0
2.12319,0.05544,0
1.33537,-1.0518,0
2.45808,-0.76687,0
0.7254,-1.04242,0
1.48148,-0.14806,0
2.14259,-0.43666,0
3.22038,-0.90923,0
2.3966,-0.67198,0
2.16155,0.03486,0
2.96152,0.67066,0
2.79115,-0.97947,0
1.01783,-0.31897,0
0.51502,-0.12483,0
0.48974,0.04705,0
1.14643,-1.19694,0
2.77589,-1.23455,0
2.11108,0.66609,0
3.21681,-1.08013,0
0.77248,0.20027,0
1.77504,-0.61547,0
-0.4356,-0.24334,0
2.03891,-0.44702,0
0.7227,1.17462,0
0.29354,0.93889,0
0.66573,0.7636,0
2.86742,0.37024,0
2.12543,0.16737,0
3.19783,1.2471,0
3.29198,-0.13701,0
2.46768,-0.05821,0
0.37059,1.12505,0
2.00664,-0.5063,0
3.32475,-1.04096,0
1.25893,1.08326,0
1.19725,-0.86705,0
-0.40213,-0.48099,0
-0.34591,-0.60712,0
0.55872,0.44126,0
2.33473,-0.33481,0
2.82344,-1.14279,0
2.35276,1.2081,0
3.21549,-0.59955,0
0.04111,-1.16487,0
1.41857,-0.10265,0
2.54299,-0.20512,0
2.2145,-0.07904,0
2.50494,0.66013,0
2.32573,-0.28607,0
1.2091,-0.22427,0
0.48423,-0.14762,0
-0.05788,0.02686,0
2.91287,-1.15233,0
-0.01564,-0.63801,0
1.35741,0.85112,0
2.59932,-0.57118,0
2.50898,-0.29924,0
1.39815,-0.43781,0
2.3956,-0.25742,0
-0.13673,0.58212,0
2.99653,0.41614,0
1.68821,-0.16597,0
0.80191,0.25139,0
1.95404,0.38684,0
1.83223,0.84245,0
2.50273,0.53157,0
2.27623,-0.4591,0
-0.22805,-0.96541,0
1.34472,0.51705,0
1.76535,1.23855,0
1.24795,0.50469,0
3.00536,-1.22278,0
1.93448,0.99584,0
-0.21455,-1.10587,0
3.06916,0.29031,0
2.1182,-1.13457,0
2.90605,-0.6615,0
1.24001,0.77542,0
2.06511,0.48935,0
1.47278,-0.43382,0
0.80532,0.11163,0
3.0095,0.3727,0
2.27972,0.99128,0
2.69545,0.10642,0
2.98814,-0.99693,0
0.05751,0.59981,0
2.60114,0.25975,0
2.44824,0.79145,0
0.02129,-0.76197,0
0.04498,1.0871,0
2.20989,0.53897,0
-0.49451,-0.54792,0
0.69823,0.18317,0
2.33878,0.58682,0
3.09385,-0.19651,0
2.84108,0.0751,0
0.984,1.17992,0
0.33493,-0.06636,0
-0.08952,-0.66788,0
1.21201,1.17194,0
0.24575,0.54122,0
0.47417,0.42408,0
-0.22856,-0.7795,0
1.29504,0.71996,0
2.7122,-0.91176,0
0.62324,-0.93525,0
1.28987,0.36898,0
2.17225,-0.32777,0
-0.32531,-0.64139,0
-0.12177,-1.16607,0
3.15897,-1.15353,0
1.56773,-0.60291,0
3.01526,1.22861,0
1.7629,1.04174,0
2.66602,-0.76268,0
1.25025,-0.22671,0
0.55347,1.06608,0
1.15151,-0.54485,0
3.13855,0.15723,0
0.73514,0.3142,0
0.83738,0.90317,0
1.50107,-0.75352,0
2.71369,0.78693,0
0.15929,0.8682,0
0.46327,-0.81823,0
2.01262,0.13283,0
2.86608,-0.32386,0
-0.4895,-0.5039,0
-0.39364,-0.79111,0
2.06427,1.23328,0
3.00586,-0.18421,0
2.35638,0.00801,0
0.74088,-0.91112,0
2.91443,-0.68312,0
0.30916,1.01198,0
2.39265,-0.677,0
3.45106,-0.79451,0
2.61581,-0.8789,0
2.85679,0.965,0
2.78907,0.70587,0
-0.33598,0.14026,0
-0.01105,-0.7109,0
1.97426,-0.13859,0
1.74721,-0.35008,0
-0.42419,-1.22147,0
-0.40077,0.31314,0
-0.32175,0.3818,0
1.37653,-1.1892,0
-0.06028,-0.4044,0
0.02027,1.19496,0
0.8498,0.44386,0
2.78978,0.74431,0
3.41933,-0.12351,0
0.04533,0.3942,0
2.06042,0.50369,0
2.14601,-0.43831,0
0.28312,0.78223,0
-0.35767,-0.70917,0
1.17639,0.59428,0
-0.05926,-0.53894,0
0.16145,0.05608,0
0.39525,-0.96122,0
2.78887,-0.09589,0
2.3221,-1.19161,0
2.42428,-0.46574,0
2.60585,-0.88023,0
1.03724,-0.13645,0
-0.3086,-1.22489,0
-0.02346,0.70599,0
1.36924,-0.33606,0
0.70902,0.99082,0
-0.0147,-0.86358,0
1.74585,-0.13176,0
2.23108,-0.06903,0
2.44527,-0.29999,0
2.63114,0.02428,0
0.24647,0.87639,0
2.17631,-0.96301,0
2.61139,-0.1476,0
-0.1046,0.98467,0
1.0797,-0.18847,0
3.23205,0.11549,0
-0.34047,1.17656,0
2.59901,-0.66341,0
3.31076,0.47815,0
2.14486,-1.08578,0
1.04944,0.8416,0
1.14998,0.97763,0
0.68989,-1.24114,0
0.21005,-0.89318,0
1.75667,0.82706,0
1.68455,1.20979,0
0.48282,0.74299,0
0.44307,-0.47349,0
2.47838,-1.0021,0
1.0859,0.02296,0
2.57228,-1.01155,0
2.60519,0.28097,0
2.76044,-0.83456,0
1.27557,0.45282,0
3.26493,1.01581,0
2.61016,0.63955,0
1.09428,-0.36057,0
0.68476,0.44265,0
1.12369,0.15737,0
2.51355,-0.54598,0
1.21824,0.22994,0
-0.48971,0.19535,0
1.58406,0.50452,0
3.13405,0.41535,0
2.82373,1.13469,0
3.311,0.34171,0
0.68917,0.86541,0
1.46744,-1.14259,0
-0.22931,0.11977,0
2.27829,0.62629,0
2.11798,0.8548,0
1.28926,-0.86953,0
0.15912,-0.16969,0
1.92719,0.36303,0
1.29546,-0.41984,0
2.14527,-0.34762,0
3.12304,-1.19916,0
-0.03011,-0.23497,0
2.63954,0.16603,0
2.91342,1.14968,0
-0.35398,-0.87107,0
3.19704,-1.00017,0
3.03334,-0.44021,0
0.23684,0.29846,0
-0.27451,-0.78515,0
2.49854,-0.22517,0
-0.44937,0.38707,0
1.6671,-1.0375,0
0.51381,-0.9286,0
2.17168,-1.17848,0
-0.45251,-0.61615,0
0.86362,0.90577,0
-0.32876,0.44221,0
2.63672,-0.436,0
1.39184,-1.03636,0
0.18424,-1.08465,0
2.03188,0.64316,0
1.17083,0.00149,0
1.44095,0.47659,0
2.82,-0.39428,0
3.4187,1.17208,0
1.78529,0.66697,0
0.67707,0.26631,0
0.94092,0.13757,0
1.23391,-1.18317,0
0.12828,-0.26133,0
2.09145,-0.35966,0
-0.01313,1.23447,0
-0.24077,-0.22555,0
2.2984,0.92446,0
0.948,0.45278,0
1.67001,-0.94307,0
0.05065,0.00993,0
1.33962,-0.29321,0
2.7027,-0.55089,0
2.01716,1.01973,0
-0.03777,0.28121,0
1.02507,0.6586,0
-0.42103,1.20933,0
0.8149,-0.55605,0
3.43461,1.03526,0
-0.00589,0.90498,0
2.62591,-0.50617,0
1.29932,-0.98304,0
2.51269,0.92792,0
2.6398,0.07499,0
0.78812,0.9111,0
3.37638,-0.05359,0
1.22564,-0.88728,0
1.33147,1.12864,0
0.69437,-0.45436,0
1.95704,1.10377,0
1.18731,0.08397,0
2.2474,-0.80914,0
1.46011,-0.47258,0
2.64428,-0.34904,0
1.26014,-1.04715,0
1.74331,0.61531,0
2.79932,-0.60319,0
2.61151,-0.30244,0
0.12124,1.15418,0
2.86033,-0.35973,0
3.20025,0.86022,0
1.13678,0.66691,0
3.43964,1.13851,0
1.85321,1.0383,0
3.00757,1.16618,0
3.03331,-0.63466,0
0.49666,1.03861,0
2.73068,-0.36251,0
-0.47188,-0.50491,0
1.93186,-0.82194,0
3.16716,-0.09729,0
0.99639,0.01463,0
1.96473,-0.11511,0
2.25404,0.09459,0
3.15294,0.9276,0
2.39745,1.12397,0
-0.44882,-0.7889,0
2.38673,0.85229,0
-0.07452,0.32664,0
-0.24759,-0.00193,0
2.32062,0.70869,0
1.83307,0.296,0
2.9695,0.51783,0
0.08675,0.70244,0
3.2998,-0.37956,0
0.23312,-0.63346,0
-0.03115,0.65686,0
0.59837,-0.173,0
2.2139,-0.03447,0
1.1934,-0.70998,0
0.33967,-0.56923,0
1.73319,0.62091,0
-0.20916,0.5705,0
3.4738,-0.38093,0
2.17588,0.56794,0
2.24358,-0.05248,0
0.76066,-0.78075,0
-0.30482,-0.56903,0
-0.28992,0.7914,0
-0.49004,-0.5122,0
0.91615,0.59349,0
0.52124,-0.22057,0
1.5717,0.57811,0
1.27337,-0.24296,0
1.65373,1.19749,0
1.03285,0.25904,0
1.20498,-0.88797,0
1.5506,-0.85414,0
1.40576,-0.88878,0
3.26098,0.37496,0
0.53934,-0.95111,0
3.38904,-0.12233,0
0.84506,1.02261,0
1.35476,-0.27783,0
2.31219,-0.89872,0
1.70131,-0.44333,0
3.23396,1.13606,0
0.61731,-0.3311,0
2.50803,-0.30332,0
-0.08054,-1.23728,0
3.21913,1.07556,0
1.21032,1.13903,0
-0.06901,-0.57587,0
3.27222,1.17285,0
2.3796,-0.57265,0
1.40353,0.13534,0
2.99341,-1.04054,0
0.71366,0.08834,0
2.93779,-0.26826,0
0.02608,-0.44139,0
3.33318,-0.4929,0
1.41157,-0.16884,0
1.22345,-1.00502,0
1.13367,-0.58378,0
0.45388,1.00321,0
1.24426,-1.20837,0
2.62346,-0.71738,0
3.17781,0.92215,0
3.09698,-0.01506,0
-0.28737,0.06771,0
2.37408,-0.32782,0
1.99089,1.08614,0
1.64571,-0.74332,0
2.40368,0.4063,0
0.70816,0.9565,0
2.03422,0.28269,0
2.03328,-0.71106,0
0.03232,-0.51327,0
0.0206,0.3882,0
1.38827,-0.05908,0
0.22825,-0.004,0
2.76374,-0.13905,0
1.50681,0.96712,0
0.81653,-0.5049,0
0.69983,0.65198,0
1.4979,-0.59771,0
0.34268,0.69671,0
1.7161,-1.23526,0
0.91253,-0.09929,0
-0.49151,-0.79275,0
2.01578,0.34746,0
1.90759,0.40614,0
1.73531,-0.18576,0
1.01237,0.22716,0
0.91109,0.39539,0
3.4207,0.87108,0
0.55747,0.5119,0
0.73073,1.1779,0
0.97146,-1.11458,0
0.96305,0.65593,0
1.57754,1.11088,0
2.99156,0.55442,0
2.78369,-0.15477,0
0.89309,-0.79522,0
-0.48473,1.04965,0
1.0059,-0.0611,0
2.9097,0.21572,0
3.38409,0.26763,0
1.83649,-0.56933,0
2.31482,0.87716,0
3.00473,-0.74813,0
2.46635,0.65189,0
0.57598,1.12846,0
1.07125,-0.08671,0
1.95384,1.05291,0
-0.40704,1.15928,0
-0.36495,-0.29051,0
3.08544,0.18273,0
0.91483,-0.80303,0
2.86626,0.12888,0
-0.20427,0.1761,0
1.6568,-0.21482,0
1.06396,-0.86175,0
0.55678,0.44797,0
-0.34947,-0.57309,0
-0.33935,1.24754,0
2.1983,-1.07734,0
3.35777,-0.776,0
3.39688,-0.47688,0
2.45917,-0.80508,0
2.85918,-0.46694,0
-0.22687,-0.58801,0
2.20081,-0.20874,0
0.74515,-0.0104,0
1.41616,0.4881,0
1.24194,0.71061,0
2.66265,-0.05059,0
2.58603,0.84729,0
-0.37964,0.34206,0
0.52656,0.12765,0
0.24,-0.7316,0
0.14498,0.1183,0
-0.18569,-0.41281,0
2.70676,0.25935,0
3.11847,-0.49902,0
0.98878,1.19029,0
1.53405,0.63674,0
0.39344,-0.38672,0
1.6713,-1.23921,0
3.40645,0.31312,0
1.58169,0.61132,0
2.88022,-1.10105,0
2.91673,0.24694,0
1.5123,0.31066,0
3.17574,1.00871,0
0.38883,-0.19055,0
-0.27102,0.85393,0
0.93349,0.38656,0
-0.45057,0.09728,0
2.49072,0.77015,0
3.47772,-1.18066,0
-0.09689,-0.49909,0
0.86499,0.10889,0
1.96806,-1.10696,0
1.01672,-0.37173,0
3.46484,0.61053,0
0.38051,-0.59978,0
0.19027,-0.12079,0
-0.02149,0.72922,0
0.2732,-0.04443,0
2.22588,0.39143,0
1.33659,0.98233,0
0.55436,0.4035,0
-0.32563,-0.30822,0
3.3448,1.10575,0
-0.42258,-0.19472,0
1.18181,1.07506,0
0.73954,0.20601,0
2.4796,0.19345,0
0.88166,0.4436,0
1.33684,0.28398,0
2.2719,-0.61837,0
2.49234,0.74025,0
0.15172,1.24037,0
1.33302,0.01857,0
3.39365,-0.5438,0
1.62267,0.15391,0
1.09709,-0.12191,0
0.48024,1.11103,0
1.56877,0.12453,0
0.24558,0.84415,0
2.09542,1.11228,0
2.22338,-0.89342,0
2.6185,0.77883,0
1.03304,-1.07686,0
2.581,-0.21827,0
2.43723,1.18953,0
2.26266,0.9728,0
2.12999,1.08905,0
1.01453,0.33881,0
1.55563,1.11002,0
0.04262,0.50659,0
2.27096,-1.09815,0
-0.30737,0.00821,0
2.84748,0.78013,0
-0.28888,0.34539,0
1.23359,-0.2541,0
-0.29478,0.4891,0
2.14994,-1.1757,0
1.42084,-0.10078,0
0.20479,-0.19214,0
0.31824,1.11042,0
3.13282,-0.73519,0
-0.20914,-0.00655,0
0.36299,-0.00922,0
2.80843,0.64549,0
-0.04178,-0.10319,0
1.76333,-0.22265,0
3.25577,-1.04114,0
3.203,1.17862,0
3.09098,1.12593,0
2.88578,-0.31005,0
-0.39778,-1.21332,0
1.73353,-0.05995,0
0.22484,0.20583,0
2.01574,-0.88394,0
0.73586,-0.39117,0
-0.01136,-0.6419,0
1.54516,0.48612,0
1.53531,-1.21256,0
3.14112,0.49673,0
0.56126,0.82633,0
1.73423,0.74355,0
1.21703,0.00137,0
1.9752,0.41939,0
1.57239,1.04624,0
0.51621,0.97789,0
3.08013,-0.58422,0
0.8954,-0.16772,0
1.77857,1.0316,0
2.7481,-0.30076,0
2.93621,-0.37882,0
2.65055,0.63956,0
0.3972,-0.70846,0
0.91883,-0.25049,0
3.07473,0.11895,0
1.10843,0.95203,0
0.50221,0.72691,0
1.37895,0.74196,0
-0.0215,-0.03347,0
0.17535,0.91844,0
3.36987,1.09487,0
1.46895,-0.249,0
1.16869,0.46974,0
0.37536,0.31152,0
0.57058,-0.52361,0
0.12034,-0.10732,0
0.53749,1.2301,0
3.18725,-0.4382,0
0.0727,-0.80119,0
2.6374,-0.47579,0
0.69325,-0.74752,0
0.00777,-0.55059,0
0.2424,-1.12124,0
1.04688,0.77149,0
-0.3159,1.20811,0
-0.1249,-0.65775,0
2.78471,1.09403,0
0.46147,0.17926,0
0.79748,1.13331,0
3.06595,-0.65478,0
0.2822,0.5691,0
0.58684,-0.58582,0
3.12085,-1.19808,0
3.34116,-0.68923,0
0.87926,0.37765,0
0.67535,-0.30128,0
0.08427,1.09552,0
1.80484,0.7039,0
1.67978,-0.83402,0
2.56129,-0.41829,0
-0.42604,-1.1515,0
2.50901,-0.54963,0
2.54027,-1.14962,0
-0.46677,0.28073,0
-0.13353,0.5451,0
0.56001,-0.65682,0
0.82231,0.24978,0
2.95369,0.55027,0
1.51043,-1.09692,0
0.80927,-0.48143,0
0.51165,0.11114,0
1.05555,-0.12443,0
1.34196,1.12223,0
0.45171,0.05737,0
2.9546,-0.05704,0
3.4111,0.23646,0
0.34632,-0.28722,0
0.51524,0.17286,0
2.24513,0.62175,0
1.55725,-0.06592,0
1.37044,-0.37731,0
1.21822,0.50067,0
3.01195,0.89787,0
2.33639,0.23233,0
2.33774,-0.48834,0
2.47599,0.58198,0
1.22799,0.28718,0
-0.27466,-0.08674,0
2.89345,-0.90614,0
0.9148,-0.19182,0
3.25101,-1.04626,0
2.75883,-1.1758,0
-0.42943,0.44041,0
1.0448,-0.73963,0
-0.44366,-0.46294,0
2.59512,-0.2147,0
-0.21912,0.19685,0
1.77023,0.33919,0
0.27233,0.51476,0
-0.47974,-0.62993,0
1.63147,1.10074,0
0.5638,-1.07504,0
1.27091,-0.2186,0
-0.415,-0.78881,0
0.21874,0.38191,0
0.1092,-0.30134,0
2.63999,-0.20738,0
0.87551,0.73236,0
1.80007,1.06069,0
2.43033,-0.80621,0
2.56055,-0.34668,0
0.89317,-0.0587,0
-0.21187,0.45415,0
3.03537,-0.03433,0
0.76705,0.5421,0
2.86281,-1.04881,0
2.61619,0.52775,0
2.38624,-1.11972,0
0.13358,-0.82314,0
1.19768,-0.13448,0
-0.41534,1.15298,0
2.63452,0.57318,0
3.13094,-1.12908,0
2.19006,0.17086,0
2.07183,-0.64198,0
2.84713,-0.62711,0
1.68909,-0.82946,0
0.95513,0.65216,0
2.86329,-1.16008,0
1.91724,-0.64472,0
2.77107,0.44945,0
0.95256,-0.32453,0
2.43925,0.13429,0
2.9656,-0.66241,0
1.89196,-0.94254,0
2.33538,-1.09937,0
0.09628,0.76073,0
2.55007,-1.16551,0
0.45483,-0.81212,0
1.51004,0.34798,0
2.14897,0.06803,0
2.17562,-0.75598,0
1.05469,-0.59881,0
0.132,-1.16891,0
2.50383,0.02951,0
2.29242,0.43206,0
1.40848,0.88488,0
2.50313,-0.85512,0
1.78313,0.61807,0
2.1885,1.12804,0
3.01598,1.12729,0
3.40005,-0.33774,0
0.65916,-0.24922,0
1.18653,0.13493,0
0.23338,-0.19301,0
3.27929,0.55156,0
2.63671,0.72351,0
2.26579,1.16179,0
1.29724,-0.39297,0
-0.37762,-1.17266,0
2.04083,0.26016,0
1.54825,-0.58663,0
2.87387,-0.49407,0
1.9761,1.01592,0
0.57855,0.09028,0
0.72721,0.26156,0
0.02922,-0.86586,0
0.68077,-0.65208,0
2.83528,-0.39268,0
1.32569,-0.93004,0
0.06142,-0.49193,0
2.04944,1.1549,0
0.54907,1.07032,0
2.79076,0.76236,0
1.29135,-0.61228,0
1.75502,0.04681,0
1.25671,-0.74165,0
0.01543,0.64405,0
-0.16865,-0.53588,0
2.27166,-0.4869,0
1.79129,0.21407,0
2.91502,-1.24697,0
0.92285,-0.2663,0
0.40665,0.44602,0
0.86282,-0.85312,0
2.99217,0.76487,0
1.77964,-1.0455,0
2.19325,-0.09677,0
0.184,-0.46342,0
0.94584,-0.5708,0
1.80698,0.46073,0
-0.30771,-0.56663,0
2.75766,-0.11968,0
1.92275,-0.46141,0
3.35621,-0.55361,0
0.11826,-0.34721,0
3.44044,-0.44152,0
1.93101,-0.29865,0
0.94061,-0.64789,0
2.04966,-0.1319,0
0.546,-0.32904,0
1.91883,0.00355,0
0.61019,0.64838,0
2.90441,-0.25653,0
1.0653,0.3652,0
2.47563,-0.89789,0
3.0344,0.96792,0
1.90061,-0.94351,0
2.81165,-0.69682,0
-0.3364,-0.04522,0
3.45629,-0.60448,0
1.12975,-1.1625,0
3.27924,-1.19473,0
1.93073,-0.55981,0
1.79999,0.32489,0
3.16832,0.91314,0
-0.17832,-1.24198,0
0.89258,0.40254,0
0.85585,-0.33672,0
-0.22844,0.19799,0
3.0908,0.72078,0
2.33994,0.82501,0
1.98632,1.13534,0
0.77602,0.09412,0
3.11806,0.0289,0
2.99375,0.7135,0
0.91877,0.41054,0
0.89866,-0.39702,0
3.15105,-0.29914,0
-0.24029,0.14752,0
0.31108,0.59444,0
0.20948,-1.14483,0
3.23462,-0.45717,0
0.77953,0.4847,0
-0.33103,0.81241,0
3.27401,-0.81933,0
1.8187,-0.343,0
2.34401,0.45424,0
2.9815,-0.96394,0
-0.07136,0.16129,0
0.58493,-0.03606,0
-0.06008,-0.92825,0
-0.47356,0.57051,0
0.70429,0.97513,0
3.29474,-0.67909,0
0.95017,1.09162,0
2.88913,-0.86172,0
2.62884,-1.21835,0
2.95839,1.04466,0
0.11918,1.07385,0
0.35811,-0.79198,0
2.03064,-1.02337,0
2.09209,-0.39527,0
2.65364,0.11065,0
2.85997,0.43006,0
2.46094,-0.62471,0
2.3349,1.17801,0
2.08878,-0.83171,0
2.66559,-0.71067,0
0.73378,0.25255,0
1.7521,-0.10737,0
1.25841,-0.56115,0
3.38246,1.14116,0
3.40699,-1.00857,0
0.71497,0.87362,0
0.48236,-0.68206,0
-0.09132,0.07085,0
-0.02248,-0.31893,0
2.00041,-1.19816,0
1.6682,-0.05177,0
3.09159,-0.56614,0
3.18304,-0.55792,0
2.44461,0.27937,0
0.29171,0.11246,0
1.39257,-0.14562,0
-0.33904,-0.36332,0
0.65406,1.07229,0
2.35701,0.38897,0
3.13768,0.01824,0
3.3786,0.09089,0
1.57293,0.1346,0
2.26976,-0.51646,0
2.36071,-0.45099,0
3.20364,0.79981,0
0.40535,1.2109,0
3.37459,-1.03064,0
0.74973,-1.16185,0
1.22499,0.94059,0
2.15864,-0.27495,0
3.3374,0.3812,0
2.55138,0.46451,0
2.26826,1.00381,0
0.73979,0.03933,0
-0.43474,-0.09508,0
0.55037,0.93807,0
-0.17682,-0.59649,0
2.8084,-0.54039,0
1.72956,-1.07914,0
3.48015,1.00694,0
0.24992,0.36187,0
0.14757,-0.6106,0
2.42257,0.37045,0
-0.01014,-1.06871,0
1.08305,-0.17434,0
1.88085,-0.70659,0
0.05833,-0.7511,0
1.05234,0.90001,0
-0.49116,0.80527,0
0.24507,-1.15123,0
1.10512,-0.66697,0
0.05849,1.21849,0
2.85376,0.79295,0
3.47557,-0.43404,0
0.34464,1.07945,0
2.10927,0.05482,0
1.06938,0.0117,0
-0.19011,-0.2618,0
2.24177,0.21453,0
0.9363,1.21236,0
-0.0335,1.21449,0
3.39717,0.46867,0
1.76168,-0.19778,0
-0.39129,-0.83426,0
2.73718,1.0364,0
0.08372,-0.58629,0
2.57475,-0.26235,0
2.31759,-0.46507,0
2.02864,0.65799,0
0.94492,-0.14533,0
-0.2513,0.61839,0
0.9033,-0.88362,0
1.40375,0.70253,0
3.26073,0.62919,0
-0.49606,0.52565,0
0.25712,-0.34445,0
0.87308,1.03007,0
0.89062,-0.96971,0
1.73747,-0.64612,0
3.24592,0.75603,0
0.92135,0.3108,0
2.94208,-0.63755,0
2.33282,-0.06196,0
1.14723,0.2866,0
3.04824,1.00924,0
0.58436,-0.5166,0
0.68478,-0.38535,0
1.27518,0.70835,0
2.80087,-0.15852,0
2.17961,-0.12102,0
1.58049,-0.86772,0
-0.00475,0.51055,0
2.17455,-0.44845,0
-0.21592,-1.16111,0
0.60723,-0.74516,0
2.75135,-1.21444,0
2.45097,0.52974,0
0.37721,0.74494,0
-0.36392,1.0474,0
1.04055,0.38062,0
-0.06382,-1.2221,0
0.42012,-0.11171,0
0.40534,0.17595,0
3.33076,0.6051,0
1.79928,0.13774,0
2.84019,-0.40969,0
0.62145,-0.00147,0
3.17059,-0.26746,0
2.88999,0.85543,0
0.67752,0.85748,0
-0.28345,0.36675,0
1.35273,0.68891,0
2.74879,0.67377,0
2.12414,0.4933,0
3.4565,-0.34781,0
2.17961,0.36585,0
2.78245,-0.62774,0
0.14146,-0.86513,0
2.3856,1.03309,0
3.4068,-0.28156,0
-0.10036,0.1186,0
3.19016,0.79051,0
1.07698,0.75678,0
1.14744,1.10983,0
2.36999,-0.15099,0
0.32863,0.43659,0
1.32836,-0.09173,0
-0.14305,-1.06915,0
2.60967,-0.88344,0
-0.45249,-1.14057,0
2.59498,-0.76652,0
0.94009,-0.44832,0
1.96572,1.15419,0
0.83198,-0.50201,0
2.95595,0.3213,0
2.26936,-0.32802,0
2.44321,0.72408,0
1.52951,0.73905,0
0.11259,-0.88603,0
2.52561,0.52221,0
1.64399,-1.24681,0
0.41953,-0.07649,0
0.25619,1.02075,0
1.71249,-0.83411,0
3.17838,-1.19483,0
2.94494,0.65537,0
2.98379,-1.11337,0
2.39459,0.58273,0
0.36073,-0.53575,0
2.89425,1.07127,0
1.33062,0.76747,0
1.03606,-0.65205,0
3.15555,0.82007,0
3.25543,-0.29553,0
0.13907,-0.05037,0
3.09611,-0.87811,0
0.1824,-0.35538,0
0.28903,-0.70756,0
2.98717,-0.25488,0
-0.00141,1.04869,0
3.30037,0.92573,0
2.59198,-0.53798,0
-0.1936,-0.39264,0
0.9428,-0.59349,0
2.48544,1.06486,0
1.29064,0.02705,0
1.82031,-1.12434,0
2.21677,0.47493,0
2.19747,-0.329,0
2.51423,-0.59412,0
2.32876,1.14834,0
0.44096,0.38935,0
0.61225,-1.14877,0
-0.23415,-0.91891,0
1.90178,0.65839,0
2.76256,-0.8001,0
1.88716,0.76182,0
1.06038,0.59617,0
3.41412,0.05664,0
2.01386,0.18185,0
-0.19072,0.83664,0
0.25213,-0.08675,0
1.32308,-0.07183,0
3.16915,1.24273,0
2.91867,-0.94388,0
3.16905,-0.39145,0
1.01091,-0.02032,0
3.32868,-0.38627,0
0.58391,-0.10438,0
2.40552,0.85084,0
2.11723,0.64872,0
3.15625,-0.16007,0
3.24927,1.15702,0
3.15338,-0.801,0
1.36473,0.68672,0
3.42154,0.52592,0
3.28254,-0.04597,0
1.28526,-0.50142,0
0.55248,-0.05069,0
3.2294,-1.02339,0
3.23437,-0.36334,0
1.50889,-0.05884,0
1.20642,-0.62283,0
-0.14573,-0.54386,0
0.14585,0.00671,0
2.57851,-0.95745,0
1.59265,0.94899,0
0.25414,-0.62029,0
3.42974,-0.73647,0
3.25465,0.93906,0
0.46377,-0.45767,0
1.44178,-0.76767,0
-0.49844,-0.19531,0
1.65766,-0.17841,0
3.32808,1.07087,0
1.22063,0.40714,0
0.03704,-0.91975,0
1.50008,1.05227,0
1.34507,-0.59036,0
2.4083,-0.55499,0
3.2746,-0.94853,0
2.0194,1.11133,0
2.10781,-0.35947,0
0.82916,-1.02611,0
2.10347,0.73592,0
2.71048,0.73953,0
3.26983,-0.84625,0
1.22915,-0.94774,0
0.73823,0.20816,0
0.99944,-0.28476,0
0.40209,0.35575,0
2.71317,-0.67219,0
0.84996,-0.40679,0
2.92465,0.34926,0
0.10266,0.04778,0
3.27546,0.69813,0
1.71825,-0.18352,0
3.47938,-0.26271,0
0.57886,0.92658,0
1.7433,-0.18737,0
0.20725,0.8158,0
1.23419,0.61681,0
0.63205,-1.21847,0
1.25245,-0.87202,0
0.53304,0.6647,0
2.39002,-0.93166,0
0.89917,-1.08164,0
0.09389,-0.46278,0
1.06862,-1.11807,0
1.7052,1.16603,0
2.16396,-0.92242,0
1.30489,0.92798,0
2.63859,-1.02408,0
3.49974,-0.60667,0
1.24659,-0.70049,0
1.49722,-0.25326,0
1.35095,1.15645,0
2.65378,1.03661,0
0.54485,0.38909,0
2.29227,0.77197,0
-0.49931,-0.59126,0
2.73762,-0.01129,0
1.59329,0.37661,0
1.34138,-0.34864,0
3.09059,0.49115,0
2.60296,0.1804,0
1.10116,0.12853,0
2.841,-0.25691,0
0.92706,-1.04413,0
2.03048,-0.10703,0
1.67082,0.9692,0
-0.17384,-0.39984,0
1.43109,-0.12745,0
1.2139,0.67499,0
2.89834,0.42473,0
1.69657,-0.15375,0
0.46986,0.85323,0
-0.18918,-0.05485,0
1.83399,1.02911,0
3.06892,0.3671,0
0.75813,-0.55707,0
1.99367,-0.98552,0
0.48404,0.47129,0
1.64635,0.83574,0
2.26266,-0.28758,0
1.78787,-0.91748,0
0.46933,1.09019,0
0.42111,-0.15773,0
2.95209,-0.24609,0
0.79703,0.14244,0
-0.3473,1.19484,0
0.211,0.42588,0
1.02007,0.3225,0
-0.03234,1.21118,0
-0.32682,1.05766,0
1.77781,1.02464,0
2.1601,-0.65174,0
0.99298,-1.07365,0
1.57237,-0.96103,0
0.22888,-0.4909,0
0.33767,0.01646,0
2.74726,0.9815,0
1.50367,0.64934,0
2.24919,-0.88347,0
2.92125,-1.17602,0
0.91272,-0.90178,0
0.0461,-0.08841,0
2.98251,0.18787,0
0.42805,0.29938,0
1.78926,1.102,0
2.10538,1.22999,0
1.88241,0.54309,0
2.27145,0.25261,0
1.94461,-1.00313,0
1.8426,-0.01524,0
2.97335,0.55272,0
1.08274,0.24716,0
2.95719,-0.20206,0
2.65198,0.86727,0
2.19649,0.90024,0
2.40008,-0.2104,0
1.23443,-1.10871,0
-0.00125,-0.60288,0
1.38069,-1.2188,0
1.05906,0.42358,0
1.42802,1.09783,0
2.03996,0.00128,0
0.90508,-0.52101,0
0.94331,-0.94266,0
2.2331,-0.6754,0
0.08145,-0.96209,0
2.33524,0.74566,0
2.79094,1.1871,0
1.87413,0.90302,0
3.01888,-0.71817,0
-0.1426,1.08417,0
0.43109,-0.28666,0
3.09374,1.05918,0
0.30715,0.68482,0
1.33303,-0.83697,0
0.19245,1.00517,0
2.64595,-0.09141,0
0.44917,-0.11544,0
1.17333,0.88412,0
0.2103,0.79185,0
1.94384,0.61976,0
0.36948,0.1392,0
1.6639,-0.21152,0
2.07345,-1.00861,0
2.08792,-1.12157,0
3.44578,-0.85251,0
2.72069,-0.95712,0
0.21437,-0.21968,0
3.03954,-1.05072,0
1.70183,0.30944,0
0.12538,0.60214,0
2.07408,0.30901,0
1.93439,-0.38682,0
3.00904,-0.30547,0
0.0953,-0.71975,0
0.37227,0.5211,0
0.96087,-0.89798,0
0.87126,-0.75287,0
1.80652,-0.71708,0
2.75424,-1.18893,0
0.70169,-0.35745,0
0.93734,-0.21071,0
0.99181,-0.29308,0
0.94116,-0.88356,0
2.01266,-0.94538,0
1.22454,1.10902,0
1.24952,0.71162,0
0.04891,-1.11257,0
1.59729,-0.73892,0
-0.1857,-1.15441,0
3.22682,-1.17311,0
0.80534,-0.01794,0
1.53823,0.46359,0
1.76514,0.79031,0
3.15816,-0.49382,0
-0.09276,0.91182,0
0.24591,1.2057,0
2.31628,0.19292,0
-0.23572,1.09303,0
1.38144,0.6023,0
3.00507,1.23298,0
2.34098,-0.43814,0
0.59644,-0.67931,0
-0.21324,0.7287,0
0.15993,-0.28945,0
1.95976,-0.77727,0
2.96174,0.50033,0
2.23365,0.15326,0
1.79135,0.39743,0
0.62814,-0.45713,0
0.98668,-1.07392,0
2.10008,-0.94564,0
0.5976,-1.09945,0
1.33235,1.03754,0
1.27191,0.83924,0
0.57036,-0.43235,0
0.33996,0.97571,0
3.42612,-0.91297,0
-0.45478,1.10639,0
1.58609,0.47121,0
3.40579,-0.74924,0
0.24699,0.25132,0
1.4483,-0.67808,0
-0.0299,1.13306,0
0.48405,1.18551,0
0.38844,1.04877,0
2.52476,-0.44413,0
2.21667,0.37035,0
1.13253,1.15708,0
2.88597,-0.11871,0
2.9926,0.40607,0
1.78856,-0.104,0
1.27237,0.45378,0
0.17913,-0.54076,0
-0.38951,-0.59698,0
1.19138,-0.65758,0
2.39329,0.86619,0
1.63317,-1.18756,0
2.09652,-1.23072,0
1.78682,-0.78691,0
2.40714,0.57008,0
3.30243,0.30196,0
2.91597,-0.97819,0
0.5439,1.03318,0
3.14324,0.10812,0
1.23499,1.12925,0
1.74924,-0.82809,0
0.98251,-0.71284,0
1.83307,0.04379,0
0.0231,0.46491,0
3.2913,1.07794,0
3.4526,-0.60616,0
0.65227,0.86208,0
0.70206,-0.03407,0
-0.34688,0.95155,0
-0.08369,0.8784,0
3.02226,-0.05249,0
0.01125,0.8716,0
0.95919,-0.11526,0
0.49283,-0.15351,0
2.77152,1.07236,0
3.38177,-0.38749,0
0.01101,0.15821,0
0.03418,-0.04543,0
1.67476,-0.19427,0
2.43376,0.51188,0
-0.21503,0.9454,0
0.98813,0.66037,0
1.10989,0.77889,0
0.91873,0.0855,0
1.35919,-1.14903,0
-0.38266,-1.03154,0
0.51663,0.18045,0
1.24149,0.68392,0
0.24975,0.46659,0
2.12378,0.20968,0
3.4857,-1.01434,0
1.87621,-0.24632,0
-0.40202,-0.58163,0
3.46654,0.51819,0
2.8806,-0.25531,0
-0.17298,-0.50567,0
-0.0077,-0.60716,0
0.70843,0.369,0
1.84231,0.77066,0
2.38791,-0.83807,0
3.08252,0.97574,0
2.30284,-0.45734,0
1.00195,1.04529,0
3.05397,-1.08695,0
0.22367,-1.21593,0
1.0414,0.46781,0
1.01922,0.18894,0
0.77826,0.76952,0
0.42009,0.38064,0
3.11672,0.90261,0
-0.05821,0.15047,0
2.45271,-0.72124,0
1.16428,0.40394,0
1.67202,0.20966,0
0.50092,1.03258,0
1.27,1.06127,0
3.03511,0.14939,0
-0.08891,0.8067,0
-0.09281,1.19968,0
0.67002,0.97724,0
1.73775,-0.8217,0
0.61207,0.84559,0
2.29723,1.21814,0
-0.21623,-0.88899,0
3.02802,0.04618,0
2.36891,0.98814,0
2.22643,0.3974,0
0.21597,-0.25501,0
2.38184,0.11665,0
2.01378,-0.52073,0
1.46717,0.86437,0
1.61784,1.02894,0
-0.18105,1.19539,0
2.94055,-0.59384,0
-0.13922,0.76042,0
2.06668,0.72418,0
1.67231,0.61761,0
1.64269,-0.33049,0
1.16408,-0.96029,0
0.26568,0.39474,0
3.2089,-0.52796,0
1.00108,-1.0804,0
1.4953,0.81509,0
1.63827,-0.08615,0
1.44843,0.45541,0
3.18492,-0.6282,0
-0.0479,-1.00712,0
2.92727,0.06184,0
2.88116,0.70423,0
0.67596,-1.00012,0
2.24261,0.24076,0
2.54702,-0.09244,0
-0.3481,1.21628,0
3.12991,0.1022,0
2.82295,0.10042,0
-0.13494,0.67182,0
2.78672,-0.49574,0
0.98205,-0.68849,0
0.99342,0.05754,0
0.13951,0.50736,0
1.77637,-0.50061,0
2.14748,1.1133,0
0.05999,0.16302,0
1.34792,-1.23964,0
-0.27522,0.20934,0
1.1113,1.11086,0
1.59091,-0.95881,0
0.63497,0.32269,0
1.7765,-0.91384,0
0.24929,-0.9153,0
1.41072,-1.04076,0
2.07426,0.33363,0
0.248,0.11767,0
0.49911,0.77874,0
1.42337,0.82028,0
1.28871,0.01883,0
0.98749,0.05774,0
-0.10545,0.39672,0
1.57079,0.32895,0
1.24507,-0.96677,0
1.93593,0.04904,0
1.67102,0.22349,0
0.98434,-0.38966,0
2.13475,-0.60962,0
2.41864,-0.62751,0
0.64644,-0.27336,0
-0.22329,0.70269,0
2.65433,-0.03873,0
1.80324,1.18201,0
2.88542,1.2106,0
2.97218,-0.13897,0
1.90351,-0.13801,0
0.18155,0.61396,0
2.70055,1.0088,0
0.00499,-1.24205,0
3.39198,-0.3205,0
3.3015,1.20501,0
0.77958,-0.1854,0
1.56846,0.51877,0
1.38372,0.08204,0
2.21291,-0.49573,0
0.20755,-1.14419,0
3.06162,0.66609,0
2.95294,1.05267,0
0.03119,-0.38337,0
2.39227,-0.80173,0
1.6819,0.72781,0
1.87247,1.16854,0
0.44706,-1.23908,0
2.82649,0.41811,0
1.87421,-0.51106,0
0.04952,-0.03899,0
1.44909,0.78672,0
3.41305,-0.63585,0
0.98008,1.08665,0
1.66184,-0.26479,0
-0.39552,0.94796,0
1.75775,0.285,0
1.99833,-0.69286,0
3.09325,-1.14174,0
2.70529,0.45093,0
-0.10121,-1.24249,0
1.83901,0.74287,0
0.09016,0.64108,0
0.01892,0.97466,0
2.60777,-0.89601,0
2.61064,0.2076,0
0.72872,-1.06998,0
0.19383,0.17974,0
-0.13062,0.82474,0
0.7397,-1.2051,0
3.31464,-0.0833,0
1.75538,0.66027,0
-0.09207,0.12222,0
0.3487,-0.2631,0
-0.0417,-1.08663,0
0.05714,-0.92823,0
1.69158,-1.10571,0
-0.02333,-1.04273,0
0.59214,0.23791,0
0.28451,-1.00757,0
1.52812,1.19332,0
2.16703,0.43147,0
2.03953,0.65009,0
1.41521,1.19465,0
0.20449,-0.09646,0
0.79022,0.68848,0
2.31758,1.21717,0
-0.05498,-0.93499,0
3.20724,-0.72248,0
0.70666,-0.24937,0
2.57397,-0.8842,0
3.08133,-0.05959,0
0.07389,-0.2259,0
-0.24867,0.26522,0
2.27606,-1.04732,0
1.82999,0.12768,0
0.32536,0.72644,0
1.85482,0.83877,0
1.02567,0.09727,0
3.32161,-0.84346,0
1.90598,-0.1702,0
1.51538,-1.10954,0
1.13522,-0.95491,0
0.37444,0.26965,0
1.18829,-0.53284,0
3.03541,-0.44466,0
1.28114,-0.24977,0
0.3526,-0.77603,0
2.51276,-0.4711,0
0.21138,-1.17175,0
2.1829,-0.69761,0
1.07107,0.93687,0
2.87208,-0.68829,0
0.81883,-0.10376,0
1.99869,0.73726,0
2.32933,1.1831,0
-0.40987,-1.03132,0
1.09536,0.90521,0
3.1401,-1.09502,0
0.98324,-0.42437,0
1.71023,-0.46386,0
1.62492,-1.06142,0
0.40528,-1.0302,0
2.29007,-0.00278,0
0.60588,-0.32345,0
1.2261,-0.15594,0
0.9482,-0.84076,0
3.23224,-0.03362,0
2.14457,-0.56281,0
0.51637,0.4057,0
2.87524,0.80849,0
1.28253,1.08688,0
1.83701,0.40576,0
0.11984,-0.89048,0
0.9828,-0.25801,0
1.10238,-0.36812,0
1.01006,0.51755,0
1.57267,0.12409,0
0.96762,-0.69632,0
1.18796,-0.88366,0
1.32392,-1.24608,0
0.57217,0.28697,0
-0.03994,0.83299,0
-0.35118,0.05798,0
1.64986,-0.15493,0
0.59611,0.89382,0
1.13763,-0.90051,0
-0.0662,0.53823,0
-0.28895,-0.31191,0
3.37657,1.05995,0
0.09183,-0.94951,0
1.40276,-1.22911,0
0.01324,-0.12523,0
2.57843,-0.05615,0
1.90449,-0.15196,0
1.39198,-0.19368,0
2.60985,-1.02356,0
2.33292,1.23008,0
2.46587,0.64728,0
2.33141,0.70331,0
1.97512,1.20056,0
0.37476,-0.32333,0
2.36581,-1.10505,0
0.99879,0.48029,0
2.64119,-0.65498,0
3.26444,0.34926,0
0.20017,-0.22301,0
0.74323,-0.97484,0
0.96996,-0.79209,0
0.21838,0.28016,0
1.73781,0.65686,0
3.13012,-0.7876,0
1.47981,-0.96513,0
2.01853,-1.17164,0
-0.34837,-0.4705,0
1.42023,1.07148,0
0.42988,-0.44155,0
0.07401,-0.86709,0
3.36556,-1.14377,0
1.11875,-0.38813,0
3.01098,-1.02259,0
3.31086,-0.65533,0
0.23738,-0.80817,0
0.63098,0.25123,0
3.48436,-0.42726,0
0.05057,0.49059,0
0.0241,0.21417,0
1.54502,-0.00775,0
1.93214,-1.20079,0
3.03546,-0.06208,0
0.53505,0.45395,0
1.63977,0.7048,0
2.63632,-0.27066,0
3.0102,0.44908,0
1.32212,0.66013,0
0.5007,-0.70225,0
-0.21698,0.32255,0
-0.38628,0.84569,0
-0.23306,-0.99276,0
-0.21541,0.33091,0
-0.03193,0.41511,0
3.39263,-0.00559,0
2.92232,-0.6336,0
0.16806,-0.28157,0
2.31204,-0.92032,0
2.2229,-0.8049,0
2.32254,0.46505,0
2.6092,-0.98409,0
2.55945,0.09978,0
1.77794,0.77904,0
2.27306,1.15698,0
1.89473,-0.41039,0
-0.05381,-0.58227,0
-0.30997,1.06114,0
3.44129,-0.71613,0
2.29721,-0.07578,0
-0.46252,-0.20537,0
2.94831,-1.13891,0
-0.44607,0.39617,0
-0.43633,-1.14614,0
2.99186,0.02936,0
2.13799,-0.22646,0
0.32544,0.47443,0
0.649,0.5947,0
3.28778,0.07794,0
2.32427,0.21632,0
-0.36442,-1.08242,0
-0.04386,0.33648,0
3.49696,-0.58531,0
1.54582,-0.86342,0
0.36457,0.79627,0
2.17586,1.19853,0
1.01919,0.17574,0
2.37456,0.58434,0
1.98853,0.17779,0
2.69521,-0.91553,0
0.74153,-0.78056,0
2.74827,-0.46643,0
-0.27369,-0.66447,0
2.3494,0.78007,0
3.21965,-0.13745,0
1.67909,-0.02855,0
0.5537,1.18755,0
-0.30495,0.66325,0
1.49409,0.0203,0
1.98983,0.81658,0
3.03747,1.218,0
2.87767,0.61994,0
1.58742,0.6923,0
2.18542,0.48601,0
-0.48752,0.49586,0
1.31425,0.64545,0
3.0313,-0.23902,0
-0.23938,0.73808,0
0.8207,0.07869,0
2.32378,1.09686,0
1.63289,-0.58564,0
-0.39146,-0.60847,0
0.94418,-1.10652,0
1.94982,-0.67351,0
0.99924,-0.37639,0
2.38946,1.20463,0
0.95449,-0.42344,0
0.73692,-0.46716,0
3.14545,0.46145,0
3.48149,-0.00938,0
0.12983,-0.42493,0
3.16736,-0.9784,0
0.16332,0.8227,0
3.20842,-0.99535,0
0.80819,-0.50018,0
1.88318,0.72924,0
0.20022,1.11501,0
2.65224,0.63176,0
-0.25118,-0.81867,0
1.31036,-0.5799,0
2.41426,0.12069,0
0.35785,0.11764,0
1.29184,0.72028,0
3.28604,-0.4724,0
2.41534,0.44588,0
2.16875,0.54361,0
1.72902,1.15804,0
0.90543,-0.50786,0
3.23446,1.18312,0
-0.40685,0.95132,0
0.74395,-0.42777,0
2.75791,1.03164,0
-0.22694,-0.8635,0
-0.23689,0.99632,0
0.43896,-0.09981,0
1.52491,-0.49293,0
3.176,-1.19693,0
3.1066,0.88987,0
0.83324,-0.39125,0
0.00203,0.68895,0
2.52949,-0.82977,0
0.90243,1.18348,0
0.46797,0.49009,0
-0.3828,0.79886,0
0.22513,0.3219,0
2.80684,-0.14654,0
3.14078,0.85641,0
0.04026,-0.66256,0
0.30193,-0.35816,0
3.30826,0.14011,0
1.39041,0.0739,0
2.00286,0.32397,0
0.83526,-0.61472,0
0.8947,-0.61318,0
3.38185,0.73585,0
2.72169,0.81194,0
1.74305,0.00242,0
1.07105,0.28162,0
0.91312,0.16474,0
1.89023,0.04752,0
-0.15788,1.24831,0
1.78443,1.13686,0
-0.36586,0.1861,0
0.49556,0.34314,0
3.49785,1.10301,0
0.62614,-0.7171,0
2.51582,0.0374,0
2.85734,0.38694,0
0.92387,0.91147,0
2.72751,-0.68948,0
0.6317,-0.93437,0
1.62173,0.5164,0
0.41303,-0.86313,0
2.33175,-0.50009,0
2.70238,1.09697,0
1.80054,-0.3407,0
0.94745,-0.24555,0
0.79217,0.33809,0
2.47014,-0.87216,0
-0.38122,0.88764,0
3.49164,0.11706,0
2.0435,0.43581,0
2.58763,0.04307,0
3.489,-0.51247,0
0.99335,0.96397,0
3.21666,0.34104,0
2.51147,1.15122,0
0.85943,-0.3292,0
1.15406,-1.06421,0
0.754,-0.2154,0
0.95256,-0.40573,0
2.74621,0.34405,0
0.73606,-0.77589,0
1.80291,-1.15226,0
-0.23218,0.67433,0
3.32116,0.2221,0
1.512,0.22683,0
1.51811,-0.00557,0
2.01162,0.36048,0
0.06623,0.02303,0
1.81404,-0.67258,0
0.47753,-0.85482,0
0.87818,0.24373,0
1.01486,-1.00422,0
1.28848,-1.24706,0
2.13767,-0.76152,0
1.60427,0.49527,0
2.76395,-0.97435,0
1.81589,-1.05032,0
2.03786,-0.96224,0
1.86224,-0.79018,0
1.81891,-0.90637,0
0.18854,-0.61698,0
0.49666,-0.93465,0
-0.28083,0.99501,0
0.50339,-0.26787,0
-0.21178,-0.19853,0
3.40359,-1.22466,0
-0.07938,0.01175,0
1.19563,0.78661,0
1.77969,-0.31359,0
2.21653,-0.37909,0
1.77694,-0.92503,0
0.01844,0.26244,0
0.95004,1.16047,0
0.6922,-1.14199,0
3.07431,0.74231,0
2.75835,-0.76401,0
0.86456,-0.50771,0
-0.4085,0.89068,0
2.22621,0.6599,0
2.47557,0.41844,0
-0.48031,0.08711,0
2.9457,-0.26953,0
2.26365,0.6045,0
1.9718,-0.38899,0
-0.20147,0.87893,0
2.85801,-0.06155,0
2.55497,-0.28403,0
0.50376,1.03442,0
-0.4135,-0.87943,0
-0.08761,0.46177,0
3.03422,0.66496,0
-0.17959,0.68233,0
-0.00282,-0.48334,0
2.18387,-0.11986,0
1.56323,-0.19403,0
0.03003,-0.15219,0
0.49612,-0.52955,0
1.46064,0.56398,0
1.244,1.01634,0
1.04364,-0.19553,0
3.22815,-1.0988,0
1.99514,0.56699,0
2.05125,0.32896,0
2.11677,0.98495,0
0.7509,-0.73827,0
1.96911,-1.24027,0
1.46598,0.68988,0
0.58987,-0.58508,0
2.69174,0.79873,0
0.01872,-0.78362,0
2.40311,0.77364,0
0.76072,0.02552,0
0.25321,0.24693,0
3.14406,0.26031,0
1.70151,0.75864,0
3.48551,0.02217,0
3.03173,-1.0552,0
2.51597,0.6729,0
0.53486,-0.98361,0
-0.31696,0.35388,0
0.67744,-0.61516,0
2.26048,-0.97647,0
2.09222,-0.59396,0
1.62734,-0.04463,0
1.11851,0.46159,0
1.16272,0.62663,0
-0.43984,0.93423,0
2.11562,-0.20516,0
3.38709,-0.03608,0
2.11469,-1.2233,0
1.51575,0.98508,0
2.94488,-1.14727,0
-0.39044,0.23216,0
2.25369,0.83822,0
0.40486,0.31004,0
0.30207,0.27324,0
0.63167,0.52222,0
1.82734,-1.08708,0
0.19825,0.68184,0
-0.11567,0.39365,0
3.16726,-0.73334,0
2.05624,0.90051,0
2.60259,0.33276,0
0.31371,-1.01199,0
3.0153,-0.32048,0
0.58396,1.0735,0
-0.3519,1.16192,0
1.63106,1.01832,0
3.05691,-0.8019,0
2.29412,0.69564,0
0.11346,-0.92602,0
2.04296,0.23586,0
1.61042,-0.34439,0
0.02354,-0.73803,0
2.38793,-0.00909,0
-0.40215,-1.09996,0
0.61069,1.24102,0
-0.03095,-0.63235,0
1.89111,1.03582,0
2.66745,-0.27057,0
-0.04074,-0.97386,0
2.93717,-1.2483,0
2.07559,-0.23986,0
2.67017,-1.08605,0
0.24399,1.07609,0
-0.1149,0.15403,0
2.4871,0.56086,0
2.66546,1.15363,0
0.03552,-0.629,0
2.91839,0.84429,0
1.81236,0.10373,0
0.51363,0.01915,0
0.55,-0.75715,0
1.89321,-0.39261,0
2.38003,0.45142,0
0.24687,1.16573,0
2.71045,-0.64752,0
2.58461,0.17253,0
0.29163,0.77838,0
0.1076,0.46027,0
2.22657,-1.20097,0
3.29324,-0.40041,0
-0.19706,-0.29865,0
0.62996,0.83906,0
0.87611,-1.18504,0
0.1731,1.04569,0
1.51643,-0.21613,0
1.27467,-0.86574,0
3.10694,-0.33704,0
2.96773,1.00652,0
1.34912,-1.1219,0
1.72328,0.51993,0
1.1173,0.55581,0
-0.32903,0.94851,0
2.44022,0.3882,0
0.37391,0.11833,0
1.66191,-1.01522,0
0.36428,-0.64822,0
2.17402,-0.90087,0
0.16246,-0.00553,0
0.17533,-1.00502,0
1.51764,0.92412,0
1.96222,0.71593,0
-0.46487,0.70532,0
-0.0817,0.76846,0
2.86278,-0.41239,0
2.41441,-1.14634,0
3.1692,0.51134,0
2.39346,-0.22262,0
1.14589,-0.54857,0
3.19525,0.61764,0
0.68862,0.99621,0
1.79091,1.10504,0
0.02325,-0.18398,0
1.62927,0.33449,0
1.67212,-0.54277,0
3.13793,-0.67702,0
1.5606,-0.76173,0
1.95537,0.20534,0
3.03609,-0.16174,0
0.89431,-0.31083,0
0.93746,0.24762,0
-0.24396,0.56924,0
2.50754,0.19065,0
2.20463,-0.30832,0
-0.33905,0.88171,0
3.33549,-1.20273,0
0.94694,0.31821,0
1.746,0.61309,0
3.19951,-0.92991,0
1.97279,0.93311,0
0.4341,-1.18526,0
2.33334,0.38041,0
1.56775,0.39038,0
-0.04966,-0.08289,0
2.87248,-0.01638,0
0.78856,-1.02885,0
2.88191,1.07346,0
1.85014,0.23574,0
1.92753,0.10698,0
0.17687,-0.34858,0
-0.14495,-0.56093,0
0.22725,-0.88443,0
0.43862,-0.96289,0
0.31562,-1.00283,0
0.84314,-1.03464,0
1.90681,1.02316,0
2.28407,-1.1484,0
-0.49308,0.85205,0
1.70965,-0.46539,0
2.70085,1.04091,0
2.18211,-0.09132,0
0.42814,0.38873,0
0.13003,-0.52194,0
2.69082,1.09036,0
-0.36168,-0.28505,0
0.2108,0.61503,0
2.04969,0.68473,0
-0.48802,1.12246,0
2.00386,-1.24148,0
3.03165,-0.05374,0
1.76451,0.0487,0
1.72854,0.03313,0
-0.22002,-0.79452,0
1.85431,-0.56606,0
3.26169,-0.1438,0
-0.09754,-1.1301,0
0.02241,-0.62887,0
0.04342,-0.52,0
0.26869,1.11759,0
2.54211,-0.57163,0
2.52571,0.58884,0
2.64814,0.86295,0
3.34573,-0.29972,0
1.41035,1.04787,0
2.43618,-0.59637,0
3.31466,-0.94101,0
-0.17481,-0.21216,0
1.64965,-1.11963,0
3.25067,1.03886,0
2.38282,-0.10144,0
1.89906,0.92692,0
1.30101,0.51297,0
3.26389,-0.23576,0
3.48105,0.54076,0
3.42203,0.15426,0
-0.03353,-0.4931,0
1.53667,0.1818,0
-0.29781,0.37229,0
1.99374,0.71436,0
3.02566,0.78303,0
-0.41012,-1.169,0
0.523,-0.65979,0
1.62101,-1.14741,0
0.5234,0.19199,0
2.03061,0.23179,0
0.92323,0.12258,0
0.03119,-0.07503,0
1.89441,-0.43694,0
-0.36454,-1.00889,0
1.16089,0.26758,0
2.10546,0.11357,0
2.93466,-0.80534,0
2.71943,-0.72972,0
3.31471,-0.72938,0
0.56652,0.41162,0
3.29571,-0.62737,0
1.16536,0.96271,0
0.16361,0.50212,0
3.22083,0.9277,0
-0.29442,-0.04355,0
2.2345,0.66024,0
0.71276,1.03367,0
2.88936,-0.90592,0
0.60681,0.84169,0
1.40188,-1.06943,0
0.70201,1.2376,0
0.98084,-0.47786,0
0.98534,0.67822,0
0.77187,-0.06036,0
0.62305,0.40015,0
2.15957,0.22741,0
-0.48565,0.92415,0
3.45932,0.25148,0
1.6706,0.89909,0
0.68712,0.12786,0
1.36745,0.87681,0
2.93143,-0.99632,0
1.11373,0.62871,0
0.2154,0.23239,0
0.82496,0.77456,0
3.30184,-0.48395,0
2.47643,0.91536,0
3.35472,0.77898,0
0.54178,0.1232,0
2.90382,0.4546,0
3.45481,-0.46076,0
2.81885,0.92581,0
-0.40303,-0.34275,0
2.71721,-0.82572,0
0.42142,0.14795,0
3.1255,0.2607,0
3.26153,0.42633,0
2.80502,0.13278,0
1.82907,-0.55543,0
1.94195,0.4319,0
0.93037,0.79583,0
3.25541,-0.79093,0
2.86739,-0.31048,0
0.3064,0.45248,0
3.04343,0.08636,0
0.52546,1.03969,0
0.39327,-0.64034,0
1.18468,1.08418,0
0.37286,-0.91582,0
1.79984,1.04769,0
0.83402,0.16195,0
1.10352,0.90041,0
1.20143,-0.99246,0
2.55844,-0.75087,0
-0.41635,1.20308,0
0.45438,1.22016,0
-0.30564,-0.97822,0
2.46117,-0.17167,0
2.7347,-0.04552,0
2.3369,-1.20585,0
1.46934,-0.75757,0
-0.45765,-1.18799,0
2.27721,1.22029,0
0.14519,-0.71847,0
1.53541,0.23579,0
1.89536,0.44885,0
2.79581,1.24189,0
2.65183,0.76927,0
3.22807,-1.11801,0
-0.28279,1.07255,0
2.68941,-0.80316,0
1.9729,0.73724,0
0.3652,-0.90578,0
2.49829,-0.24319,0
0.53763,-0.611,0
0.10103,-0.7395,0
2.79028,1.00872,0
2.56747,0.03023,0
0.55107,1.0709,0
-0.24896,1.20362,0
2.89833,1.16378,0
0.7637,0.41037,0
2.75308,-0.88958,0
1.27515,0.53067,0
3.4536,0.46269,0
2.45815,0.9761,0
0.60728,0.02921,0
1.29117,0.0035,0
3.1882,0.49641,0
1.50456,0.87355,0
1.13969,0.76995,0
1.40219,-0.02153,0
0.31832,-0.11549,0
2.94094,-0.98877,0
3.23244,-0.11188,0
1.1659,0.06391,0
2.47846,-0.40652,0
-0.40782,0.56133,0
2.96996,-0.91854,0
0.91124,-0.49523,0
3.29518,-0.51144,0
1.74392,-0.44391,0
0.86742,0.24887,0
2.91661,0.88626,0
0.84543,-0.24449,0
2.77319,-0.50494,0
2.86833,0.57953,0
1.47419,0.79723,0
1.1231,1.20703,0
0.81657,-1.06631,0
-0.29334,0.03994,0
2.52166,0.26398,0
1.46972,0.89775,0
0.35837,0.86656,0
0.52412,0.77597,0
0.45273,-0.26153,0
1.79712,-0.5201,0
3.44301,-0.92039,0
-0.29937,-0.49083,0
2.04923,0.03699,0
2.49362,-0.49971,0
-0.24983,0.37761,0
1.46781,-0.55872,0
0.08107,0.37977,0
0.90621,0.94297,0
0.51689,0.85207,0
-0.34372,1.05935,0
-0.48372,0.61374,0
2.59935,0.63554,0
0.82819,0.48653,0
1.29115,-1.22414,0
-0.33401,0.27984,0
1.86418,0.4157,0
1.80343,0.58656,0
2.17531,0.55109,0
1.46933,1.10772,0
0.09624,-0.35265,0
1.34725,-0.38695,0
2.35845,-0.83434,0
-0.47887,-0.9232,0
1.81292,0.46484,0
0.56418,-1.11,0
2.50231,0.92803,0
3.1108,-0.00493,0
1.29101,0.38279,0
1.36996,0.8837,0
2.56917,0.56652,0
0.48376,0.4301,0
0.33406,1.14356,0
1.08946,-0.96047,0
3.21027,0.22294,0
2.95283,0.34357,0
3.17709,-0.68736,0
3.18259,0.98011,0
2.46215,-0.33421,0
0.23026,-0.00834,0
-0.07155,-0.00749,0
0.41647,1.15876,0
2.90779,-0.04974,0
0.72478,0.81962,0
2.31781,-0.49847,0
-0.26565,0.53252,0
1.82513,0.50274,0
3.18851,-1.02682,0
0.91776,-0.72339,0
0.83732,-0.84847,0
2.98108,-0.40204,0
1.55249,-0.47914,0
-0.31688,0.26936,0
1.0136,0.82591,0
2.95179,0.347,0
1.51227,1.178,0
2.7113,-0.96513,0
0.81897,0.54488,0
0.46401,-0.80812,0
1.19589,1.04856,0
1.80128,-1.0184,0
0.91115,-0.05602,0
0.78839,-0.75986,0
0.07859,0.96847,0
0.77234,-0.75536,0
2.20312,0.877,0
3.13556,0.66168,0
2.39232,-0.68116,0
0.9882,0.28314,0
1.95592,0.58868,0
3.06682,0.91681,0
1.08858,-0.47768,0
1.61181,-1.00838,0
2.20876,-0.26444,0
2.78813,-0.4233,0
0.33809,0.84635,0
3.40947,-0.26846,0
-0.45319,-1.04117,0
3.41862,1.13399,0
3.20353,0.65979,0
1.78434,-1.19394,0
2.33127,-0.60598,0
1.19615,-0.26109,0
2.47489,-0.043,0
-0.02258,-1.24762,0
0.25603,0.23891,0
2.70218,0.80056,0
1.99711,0.0759,0
2.511,0.30616,0
3.38204,-0.36069,0
3.44316,0.84404,0
0.9227,1.1236,0
0.5701,-0.18505,0
1.0667,-0.56694,0
0.4223,0.44653,0
3.01367,-0.2833,0
1.43354,0.39679,0
-0.01542,-0.7142,0
3.30273,0.22608,0
1.32688,-0.65157,0
0.39961,0.48056,0
1.14099,-1.00005,0
1.0358,0.884,0
2.63278,-1.17634,0
0.16657,-0.52189,0
3.35566,-0.28144,0
0.60587,-0.49703,0
0.35087,0.90659,0
2.41874,0.47121,0
0.44624,-0.48166,0
2.71742,0.33601,0
0.68421,-0.8522,0
2.45243,0.09527,0
0.74606,0.47006,0
0.80635,1.15172,0
1.84272,-0.26571,0
1.45227,0.93305,0
3.08037,-1.15555,0
0.03285,-0.07271,0
-0.05493,1.24915,0
1.5982,-1.22033,0
1.94642,-0.52125,0
2.384,0.81049,0
2.53655,-1.20771,0
1.08699,-0.80634,0
1.77526,-0.19379,0
2.23128,-1.18008,0
1.33533,-0.76248,0
0.24285,0.63765,0
1.46494,0.13337,0
3.42177,0.258,0
1,0.84703,0
1.03413,-0.76845,0
2.63267,-0.84287,0
2.26896,-0.08651,0
2.68604,-0.45708,0
1.39189,-0.81715,0
1.14909,-0.13614,0
0.71586,-0.17006,0
-0.11255,0.30068,0
3.26045,0.97805,0
1.7414,-0.00355,0
0.78837,-0.10295,0
3.31033,0.36944,0
1.73353,0.6593,0
1.22322,0.43757,0
1.65879,-1.09317,0
2.92406,0.8697,0
0.57231,0.2115,0
1.42338,1.07678,0
1.18057,1.20368,0
1.61077,0.81298,0
0.61006,0.18632,0
0.72072,1.23375,0
0.40892,1.17808,0
-0.32988,-0.88066,0
2.17418,0.703,0
-0.05054,-0.95648,0
3.05657,0.60474,0
2.52356,0.36405,0
0.34625,-1.22548,0
3.10761,0.06234,0
2.79906,0.1909,0
1.07336,0.09109,0
3.30998,-0.06993,0
-0.44435,0.26809,0
2.35541,-0.93018,0
1.31361,0.70338,0
2.04192,1.22213,0
3.33992,0.95593,0
0.01859,-1.01212,0
1.21944,0.4977,0
2.28467,1.08617,0
1.51174,-0.43939,0
0.94532,0.77025,0
1.62606,0.67294,0
1.02655,1.09647,0
1.25514,0.29209,0
1.75992,0.20678,0
0.89249,-0.11888,0
3.26072,-0.25502,0
0.23883,0.41484,0
1.32625,0.49592,0
1.3581,0.57396,0
2.12227,0.35966,0
0.20284,-0.38545,0
1.95683,0.66196,0
1.71193,-1.08253,0
2.15445,-0.37874,0
1.17218,0.26662,0
1.00889,-0.59034,0
0.08441,-0.16488,0
0.93967,-0.16802,0
2.57703,-0.91833,0
2.4297,-0.75553,0
3.08482,-0.39427,0
1.43326,-0.4606,0
2.00323,-0.38772,0
1.53689,-1.07351,0
0.75569,0.7417,0
0.93285,0.60669,0
-0.42527,-0.28642,0
1.65463,0.58218,0
2.60256,0.02814,0
0.31253,1.18169,0
0.2647,1.10357,0
0.56289,0.63309,0
0.43186,0.07911,0
1.97346,0.01314,0
0.01452,-0.15614,0
-0.35629,-0.37841,0
3.34116,0.34852,0
0.13386,0.19037,0
0.54567,-1.24579,0
3.49379,0.49864,0
0.80763,0.50215,0
0.04139,0.35646,0
1.29222,0.39343,0
3.44732,-0.56942,0
0.29962,-0.16566,0
0.7691,-0.55374,0
3.44577,-0.13419,0
0.71293,-0.23571,0
1.59283,0.2546,0
0.92354,-0.92072,0
0.64696,0.56276,0
0.37169,1.04139,0
-0.23321,0.90004,0
3.15893,-0.24486,0
0.65566,-0.28503,0
0.1185,-0.21342,0
1.92305,1.03105,0
1.90934,0.00597,0
2.42336,-0.66944,0
2.54521,1.03409,0
0.51545,0.86768,0
2.44051,0.30969,0
3.12522,-0.27102,0
0.22251,1.2219,0
3.24982,-1.11303,0
1.31667,-0.62942,0
-0.42745,1.08326,0
-0.23832,-0.63018,0
0.58491,1.17312,0
-0.12398,-0.84356,0
2.02803,-1.14325,0
0.79341,0.62994,0
2.94912,0.06209,0
3.07616,-0.26663,0
2.01402,0.44217,0
3.03506,0.47335,0
3.35053,0.74845,0
0.48795,-0.06996,0
0.25146,-0.45731,0
3.15603,1.0101,0
3.41807,0.79786,0
0.85643,-0.19757,0
3.10255,0.54989,0
0.49306,0.02739,0
1.83483,-1.09337,0
1.10145,0.95172,0
3.34773,-0.04335,0
1.1863,0.93016,0
-0.37652,0.94658,0
0.1478,0.09192,0
1.1609,0.67961,0
1.4251,-1.13892,0
1.12723,-1.14693,0
1.93427,0.73902,0
2.25471,-0.2627,0
0.59577,-0.14196,0
2.4354,-0.31824,0
1.48371,0.89115,0
2.81536,-1.05496,0
3.27579,1.06215,0
1.53396,-0.77493,0
2.29884,1.23633,0
2.47937,0.01435,0
1.62522,-0.70105,0
2.35199,0.84783,0
1.5518,-0.82275,0
2.9269,-0.19304,0
0.77456,0.88905,0
0.51956,0.63719,0
-0.00158,-0.38324,0
1.9042,-0.39216,0
-0.31879,-0.25233,0
3.41816,0.26444,0
1.4258,-1.08874,0
3.01532,-0.12092,0
1.77695,-0.58517,0
1.63868,0.25495,0
1.62118,-0.90543,0
0.99396,0.16194,0
1.88982,-1.0416,0
2.65415,0.27036,0
2.1419,-1.01888,0
2.61248,-0.48605,0
1.70302,0.17134,0
2.66779,0.95325,0
0.67845,0.08285,0
0.23138,1.16363,0
3.35694,0.21616,0
3.08091,0.92286,0
1.59831,-1.00395,0
2.88328,0.28197,0
1.0833,0.36799,0
1.43309,-0.97367,0
1.6619,0.22356,0
-0.12317,0.28637,0
3.11538,-0.94299,0
0.15011,-0.8093,0
0.11898,0.09092,0
1.58179,0.33747,0
2.08879,-0.29343,0
2.8893,0.78165,0
1.91037,-0.1511,0
1.36352,0.3315,0
2.64816,0.79587,0
1.73742,-0.65154,0
-0.4367,-1.04,0
2.86102,0.82183,0
3.40689,0.08552,0
0.61084,0.58209,0
2.82095,-0.24684,0
1.83789,0.70195,0
0.65623,0.39912,0
1.99549,0.23127,0
-0.1632,-0.31049,0
-0.04545,-1.09195,0
-0.46791,-1.19381,0
1.53578,0.75103,0
2.90838,-0.7671,0
3.30119,-0.65101,0
3.34494,0.23491,0
3.43865,-0.03657,0
1.71136,0.28697,0
3.07647,-1.23864,0
0.49123,-0.73845,0
-0.32007,0.88302,0
3.45191,-1.22205,0
3.33328,0.90581,0
2.12367,1.19032,0
2.1928,-0.0206,0
1.74494,-0.25181,0
0.7073,0.91005,0
0.56995,1.16702,0
-0.36708,-0.8354,0
2.0767,-0.47339,0
0.19631,1.20079,0
0.87756,-0.33086,0
2.15133,-0.09256,0
3.02259,1.15871,0
1.24036,1.07805,0
3.40267,1.2102,0
1.28001,0.51124,0
3.01938,-0.39814,0
0.6684,-0.70475,0
2.58475,0.47733,0
1.68502,-0.57654,0
-0.44541,-0.72951,0
0.19657,0.69274,0
3.45486,0.528,0
1.83338,-0.5939,0
1.05067,-0.62281,0
3.15449,-0.55773,0
0.70743,0.30079,0
1.91344,-0.23721,0
1.12417,-0.42088,0
1.03053,1.10081,0
2.42477,-0.54792,0
1.58519,-0.94097,0
2.55668,-0.91918,0
0.94844,-0.29789,0
3.24491,-1.22544,0
2.49475,-0.95101,0
1.35749,-1.07122,0
0.97472,0.34542,0
3.21212,-0.29734,0
2.66221,0.58026,0
0.54693,-0.47624,0
3.18702,0.5828,0
3.40902,-0.51108,0
2.44321,0.55331,0
0.1955,0.56257,0
2.59614,1.09783,0
2.00985,1.24808,0
1.16585,-0.58257,0
0.11005,-0.13976,0
2.29469,-0.25264,0
3.47687,0.98711,0
2.95254,0.26397,0
2.20657,1.12306,0
1.58461,0.01937,0
1.58896,-0.4649,0
2.49966,0.12425,0
2.50004,0.01745,0
3.11791,0.30553,0
3.22223,0.56271,0
1.8714,-0.64624,0
1.19392,0.68052,0
1.22452,0.50284,0
0.30857,0.71643,0
2.80413,-1.02705,0
2.25874,-0.42788,0
2.22039,-0.36952,0
3.3829,0.08943,0
1.88843,1.17278,0
0.82035,-0.8116,0
2.08645,-0.86977,0
2.67885,-0.88318,0
-0.03796,0.69288,0
1.79169,0.95809,0
2.45622,-0.09344,0
1.67092,-0.87276,0
1.6395,-0.53521,0
-0.26494,-0.90056,0
-0.26954,0.24748,0
3.39618,-0.76,0
3.02398,0.41843,0
3.36784,0.48636,0
0.18837,0.04768,0
2.21705,-1.0146,0
3.26033,-0.70013,0
0.11067,-1.096,0
0.44517,-1.24228,0
1.86254,-0.35965,0
-0.12498,-0.47876,0
0.55853,-1.2191,0
-0.29302,0.40364,0
1.84474,-0.06935,0
2.0128,0.03556,0
0.47802,0.47809,0
2.35824,0.48381,0
-0.36809,0.6666,0
2.98721,-0.32276,0
0.68178,1.00435,0
-0.3159,-0.68749,0
1.42104,0.61346,0
2.30671,0.72741,0
3.47163,-0.38347,0
1.25511,0.21787,0
-0.11042,0.99828,0
-0.4048,-0.89187,0
-0.24137,-1.13261,0
3.27996,-0.73931,0
3.10732,0.1321,0
0.23512,0.63329,0
0.61701,-0.80934,0
3.20487,-0.23512,0
2.78692,-0.06242,0
0.31373,-0.76435,0
1.21607,-0.05698,0
0.31066,1.05196,0
-0.48718,-0.23399,0
2.71041,-1.1022,0
0.0414,-0.25631,0
1.02267,1.03123,0
2.93563,-0.95286,0
1.84813,0.43182,0
2.32209,-0.23727,0
3.26313,1.08079,0
1.50146,0.24988,0
1.27296,-0.2233,0
1.16964,0.72348,0
0.57672,1.04736,0
1.09951,-0.12747,0
0.15047,0.88841,0
1.08679,0.42982,0
3.20093,-0.24617,0
1.36163,-0.0977,0
1.54734,-0.64954,0
1.88174,0.11844,0
0.82184,0.29585,0
3.13355,-0.0052,0
0.03522,-0.59385,0
-0.22964,-0.99665,0
1.8596,-0.97355,0
-0.46213,-1.24167,0
3.18716,0.64242,0
-0.18994,-0.83087,0
1.42264,1.16754,0
0.2071,0.66162,0
-0.42364,0.88095,0
1.2376,-1.06934,0
1.06016,-0.19154,0
3.24614,-0.33123,0
0.95066,0.65252,0
-0.15221,-0.69445,0
0.82178,0.4837,0
2.30531,1.12685,0
0.43993,-0.12814,0
3.30445,0.59493,0
-0.00703,-1.16426,0
2.50954,-0.99191,0
2.00011,1.00054,0
-0.15047,-1.07232,0
1.73726,-0.34778,0
0.60574,-1.19284,0
0.40184,1.05321,0
2.52744,0.56928,0
0.51406,-0.10452,0
0.08264,-1.1931,0
0.36453,0.28147,0
3.3705,-1.15912,0
-0.03903,0.72667,0
-0.36927,0.06791,0
-0.23334,-0.74489,0
1.08547,-0.90466,0
2.54501,0.30359,0
2.03866,0.57889,0
0.40825,-0.50955,0
2.38188,-0.68364,0
3.47577,0.32643,0
0.79869,-0.76326,0
2.1283,-1.06276,0
1.78647,0.86653,0
3.4429,1.07765,0
2.75491,-0.24568,0
1.53227,0.65325,0
1.53487,-0.94254,0
3.49387,-0.03307,0
0.47317,0.41346,0
1.44072,0.81296,0
0.15898,-1.16804,0
0.81181,-1.00486,0
1.45988,-0.6413,0
-0.27069,0.67926,0
3.12666,-0.09057,0
2.03129,0.28436,0
-0.36878,-0.61415,0
-0.46503,-0.52984,0
2.58848,1.21305,0
0.27676,0.17468,0
3.33538,-0.10677,0
1.32407,-1.077,0
0.73109,1.21723,0
1.26151,0.29497,0
-0.13152,0.12664,0
1.67323,0.46562,0
1.23346,0.23134,0
2.71245,0.55705,0
2.19936,0.55263,0
1.83977,0.12223,0
1.85986,-0.97444,0
1.81165,1.13789,0
0.00744,0.67503,0
2.53677,0.66206,0
-0.33958,-0.57636,0
-0.23566,-0.211,0
0.16802,0.19324,0
2.62136,-0.58614,0
2.67919,0.69858,0
0.9166,-0.81156,0
-0.03089,1.07203,0
-0.37406,1.22617,0
0.72138,-0.42782,0
0.62311,-0.91951,0
0.96473,-0.43298,0
0.42586,-0.78582,0
2.59739,0.75882,0
0.23471,1.07332,0
3.09443,1.21741,0
0.32491,0.90852,0
2.43662,-0.19722,0
1.3074,0.35004,0
1.68369,0.59795,0
-0.09369,0.43596,0
2.95758,-0.39364,0
-0.3228,1.21905,0
0.43403,-0.30195,0
1.96559,-0.77289,0
2.61777,0.17049,0
0.01275,-0.39781,0
2.97552,-0.92787,0
0.68833,1.20033,0
3.02006,0.71837,0
0.82166,0.22266,0
1.01849,0.82998,0
1.65305,-1.05429,0
3.19682,0.70405,0
1.47898,-0.4666,0
0.40099,-1.10224,0
3.46097,-0.80331,0
0.80782,0.44131,0
0.61091,0.20764,0
3.0368,-1.05424,0
0.49435,-0.1856,0
2.51467,0.42371,0
0.37191,0.58908,0
-0.1439,0.26063,0
1.41835,0.75107,0
2.6909,-0.96204,0
3.10441,-0.60231,0
3.28331,0.835,0
3.09356,0.75132,0
2.4876,-1.22712,0
3.26488,-0.74346,0
-0.0984,-0.51795,0
1.09997,1.03438,0
1.13586,0.42151,0
3.10039,0.2087,0
1.8802,0.7244,0
-0.04151,-0.63854,0
3.24227,-0.57466,0
1.67381,-1.01892,0
0.21389,-0.50822,0
2.84873,-1.18777,0
2.71124,-1.06674,0
1.89465,-0.48521,0
3.36589,1.19658,0
3.29401,-0.72968,0
1.24459,0.00949,0
2.59957,0.94605,0
1.45683,-1.05143,0
1.14842,1.0614,0
1.49039,-0.52011,0
3.16091,-0.54068,0
0.5932,0.59761,0
2.95256,1.00618,0
2.66988,-1.04777,0
-0.499,0.45639,0
1.91613,0.84302,0
1.25408,-0.95794,0
3.20133,0.4524,0
2.88816,0.82362,0
1.91174,-0.38287,0
1.01998,-0.49554,0
2.41645,0.38526,0
2.62961,-0.098,0
2.67701,1.14546,0
1.27252,-0.16088,0
0.48087,-0.30238,0
0.00348,-0.05142,0
-0.36301,-0.19315,0
-0.19728,1.02493,0
1.98085,0.8332,0
-0.15213,-0.02601,0
0.19638,-0.18751,0
2.56677,0.03043,0
1.78837,1.22771,0
2.24521,1.00156,0
0.70419,0.92257,0
0.25824,-0.26343,0
0.20242,0.43908,0
3.2721,0.82977,0
3.11984,0.36339,0
1.4761,0.19331,0
1.12406,-1.22903,0
2.10338,-0.56203,0
-0.19447,0.7971,0
3.44781,1.01612,0
1.84896,0.97885,0
0.1843,-0.87967,0
3.3722,-0.03741,0
3.07381,0.59524,0
2.71967,-0.05401,0
-0.09643,-0.89157,0
1.71245,-0.67303,0
0.38314,0.91094,0
1.17433,-0.15911,0
2.2863,-1.19197,0
3.48709,-0.59843,0
-0.30264,-0.63746,0
0.41894,1.09473,0
3.22387,-1.13659,0
3.44239,0.92198,0
1.34992,0.37927,0
1.41263,0.88045,0
0.10252,0.9412,0
1.24094,0.67862,0
3.37599,0.92845,0
2.68783,-0.14852,0
2.48517,1.22872,0
0.25815,-1.20852,0
0.30335,0.91738,0
1.17943,0.4754,0
0.0061,-0.27524,0
1.03439,-0.13958,0
1.58214,-0.66551,0
0.7019,1.24798,0
1.14165,-0.97319,0
0.92666,-0.30331,0
-0.19515,0.54572,0
1.63651,0.77176,0
0.30294,0.36268,0
2.33533,-0.47694,0
2.72239,1.04543,0
-0.32901,0.94953,0
2.95518,1.19019,0
2.62097,1.13839,0
1.44342,0.68273,0
2.72925,0.02356,0
2.70647,-0.01802,0
3.22088,1.02493,0
-0.02399,0.85545,0
1.25407,-0.27269,0
0.66226,0.73918,0
2.60785,-1.17811,0
2.55719,-0.26787,0
3.40766,1.0788,0
2.44014,-0.09504,0
1.60788,1.05143,0
3.24504,-1.01771,0
1.77735,1.11998,0
1.87451,0.58304,0
1.71547,-1.15337,0
2.85836,-0.11136,0
2.38211,-0.26118,0
-0.49803,-1.03112,0
2.40751,0.08929,0
2.80621,-0.20993,0
3.47483,-0.33427,0
-0.25594,0.65505,0
3.49772,1.09424,0
1.98383,1.07553,0
3.05005,1.21247,0
2.12118,0.31774,0
0.03059,-1.21506,0
-0.43782,-0.08148,0
2.30689,-0.09655,0
0.21022,0.29939,0
1.06209,0.22046,0
0.15755,-0.97994,0
2.59615,1.10666,0
-0.45002,-1.13524,0
0.32641,0.67862,0
1.31972,0.15591,0
0.20309,-0.42196,0
1.64219,0.9767,0
2.15433,-0.18572,0
0.72269,1.05208,0
1.00133,0.35763,0
2.08764,0.82912,0
0.24926,0.85293,0
0.22052,0.57701,0
0.16532,-0.2976,0
2.62628,-0.76778,0
1.81862,1.0858,0
1.91174,-0.066,0
0.84474,-0.47156,0
1.75925,-1.15866,0
3.49544,-0.09062,0
2.17727,0.40816,0
2.78289,-0.74126,0
-0.06433,1.05883,0
0.43699,-0.13135,0
1.05139,0.20404,0
0.47619,-0.38239,0
-0.06708,-0.41127,0
1.6029,0.00162,0
-0.32809,0.46282,0
1.90419,-1.11925,0
0.38754,0.75548,0
0.01965,-0.70787,0
2.30868,1.01439,0
0.65097,-0.25723,0
1.37417,-0.77338,0
-0.27562,1.02027,0
0.98194,-1.07187,0
3.13882,-0.84879,0
2.49097,-0.87587,0
1.4959,-1.14073,0
3.27392,0.56495,0
2.58689,-0.2332,0
2.55391,1.13804,0
2.0625,-0.38721,0
-0.4041,-0.7575,0
0.29648,0.95577,0
1.66922,-0.44767,0
-0.03854,-1.0173,0
0.36283,-0.86855,0
-0.01733,-0.2815,0
1.40971,-0.04464,0
3.06943,1.01762,0
2.98106,0.26135,0
2.21862,0.02949,0
2.31214,0.05294,0
2.99897,-0.27211,0
1.9217,-1.06928,0
2.41112,0.59775,0
1.02478,-0.7655,0
2.22495,0.23517,0
1.53751,-0.29855,0
3.34922,-1.06637,0
1.29629,0.16867,0
0.09272,1.20096,0
2.73125,-0.35411,0
2.82902,-1.18507,0
-0.3168,-0.54226,0
3.19721,-0.15291,0
2.25368,0.94345,0
-0.04492,-0.90772,0
2.57561,0.60278,0
-0.36317,-1.07483,0
1.74005,0.37021,0
0.14159,-0.01731,0
2.1996,-0.27399,0
-0.19731,0.67192,0
1.15374,0.90139,0
1.8983,0.44763,0
1.45504,0.95264,0
2.14266,0.16834,0
1.93971,1.22494,0
3.27065,-0.7896,0
3.27455,1.07336,0
0.03089,-0.12378,0
0.5485,-0.14606,0
-0.28264,0.47305,0
3.13423,0.16559,0
2.48384,1.17225,0
1.40306,-0.56351,0
1.3758,0.73999,0
2.63054,-0.20939,0
1.46205,0.7407,0
2.37267,0.91402,0
2.83355,1.13202,0
2.06628,0.36993,0
2.94267,-0.18013,0
-0.01058,0.43623,0
0.85136,-0.60793,0
0.07356,1.00322,0
0.98673,0.81533,0
2.01542,-1.24408,0
-0.4887,1.12785,0
2.5808,-0.88611,0
3.24929,0.52225,0
-0.4629,0.22079,0
-0.23499,-1.01905,0
1.81624,1.1082,0
-0.33808,-0.23336,0
3.46725,0.05857,0
0.28093,0.51242,0
2.80061,1.11792,0
2.72085,-0.93789,0
-0.00578,-0.79951,0
1.5406,-0.5949,0
0.57754,0.06409,0
0.0263,-0.47564,0
-0.41029,-0.57925,0
-0.21411,0.1309,0
-0.13737,1.0677,0
3.43305,0.52392,0
1.05694,-0.76819,0
3.41516,0.66155,0
-0.1926,-0.36481,0
-0.426,0.70135,0
2.1862,0.14808,0
2.986,1.11048,0
0.11588,0.74773,0
-0.12937,-0.6848,0
2.12142,0.63349,0
2.49625,1.07125,0
2.6243,-0.88438,0
2.75659,0.45646,0
2.07563,0.56389,0
1.43701,0.46535,0
3.20224,-0.81748,0
1.9064,0.35709,0
-0.42473,1.16692,0
2.7204,0.03864,0
2.10569,-0.61257,0
1.56091,0.54231,0
2.28934,-0.22654,0
-0.07964,-0.58031,0
2.08754,-0.17281,0
1.05445,-0.31834,0
3.20934,0.50261,0
3.4904,0.6929,0
3.4771,-0.66714,0
1.73378,-1.04929,0
2.45615,-1.15919,0
1.78371,0.9875,0
2.5712,-0.17686,0
1.82806,-0.66226,0
0.72727,1.15667,0
1.32668,0.8979,0
0.46419,0.64094,0
1.96933,0.70959,0
1.06261,0.17557,0
0.61844,1.22778,0
2.61706,0.62881,0
0.61352,-0.88725,0
3.27777,-0.56054,0
2.52665,-0.90761,0
1.50775,0.80392,0
1.17262,-0.65319,0
1.25994,-0.87437,0
1.1888,-0.69202,0
1.87385,-0.65688,0
-0.4053,0.09359,0
0.67498,-0.00648,0
0.30112,-0.26863,0
0.55976,-0.37894,0
2.90671,-1.03523,0
1.799,0.16669,0
-0.43474,1.14709,0
-0.0707,0.2128,0
1.57854,0.68875,0
3.32068,-0.17546,0
3.08199,-0.00455,0
0.49991,-1.16421,0
3.49881,-1.10049,0
0.72267,0.11778,0
2.74401,-0.53967,0
3.02012,0.06086,0
1.43956,0.81419,0
1.36121,0.97229,0
1.3737,0.65613,0
-0.37154,0.87341,0
2.01165,0.45961,0
2.59977,-0.55538,0
3.16213,0.30919,0
0.96158,-0.7695,0
0.0628,0.26649,0
0.28172,-0.75763,0
3.11713,0.57225,0
1.9986,0.97034,0
3.43984,0.0117,0
-0.41243,0.90793,0
1.99877,-0.12389,0
1.56779,0.45257,0
0.588,-1.1145,0
3.04136,0.18149,0
1.42335,-0.81738,0
0.62993,-1.1347,0
3.08845,-1.21708,0
1.12406,0.2157,0
0.5045,-0.58005,0
-0.20891,1.22816,0
1.99904,-0.12696,0
0.25116,-0.75765,0
0.42377,0.35692,0
1.30427,-0.00456,0
2.91132,0.17659,0
0.63823,0.93799,0
2.04071,0.07804,0
1.70425,-0.81833,0
2.833,-0.14339,0
2.03455,-0.71479,0
3.29626,-0.22913,0
0.59998,-0.19763,0
1.6717,-1.01051,0
3.44416,0.77592,0
1.92486,-0.93379,0
2.46148,0.32495,0
1.73454,-1.08919,0
1.27693,-0.24239,0
1.2461,0.74558,0
1.20171,-1.19617,0
0.64026,-0.21673,0
1.77049,-0.45589,0
0.54345,0.41382,0
2.17495,-0.17464,0
0.00381,-0.87973,0
-0.47726,0.48168,0
0.61614,1.07539,0
3.08553,-1.1224,0
3.35379,-0.45297,0
0.83379,-0.2416,0
1.84242,-0.22784,0
1.8814,0.53479,0
0.86179,-1.1919,0
-0.1257,0.71952,0
3.39059,0.80525,0
-0.23405,-0.08916,0
0.08774,-0.72494,0
1.17384,-1.06917,0
0.01186,0.13609,0
1.18186,0.04496,0
2.96381,-1.12113,0
0.31057,0.88529,0
-0.12174,-0.38027,0
2.43128,-0.92482,0
0.21265,-0.08881,0
1.09796,-0.80225,0
0.88619,-0.62553,0
-0.45066,0.14055,0
3.12875,-0.36259,0
3.35363,-0.3333,0
1.45717,0.35766,0
-0.33252,1.00195,0
0.25024,0.84367,0
1.8579,0.53075,0
3.18564,-1.11262,0
1.3845,-1.0289,0
0.33447,0.07697,0
2.31346,-1.1518,0
3.28066,-0.75083,0
3.30099,1.09833,0
1.6045,-0.41398,0
0.20535,-1.10136,0
2.18078,0.60626,0
0.60366,0.4134,0
3.11806,-0.39711,0
2.90145,0.61358,0
2.95579,1.01155,0
0.59853,0.14934,0
2.51314,-0.94806,0
2.06348,-0.67458,0
3.14417,-0.8563,0
1.21642,1.0521,0
2.72875,-0.50712,0
3.26691,1.18211,0
1.81888,0.70931,0
1.96458,-0.60621,0
-0.41117,-1.24436,0
0.70545,-1.04805,0
3.48607,0.08498,0
0.1368,1.22687,0
2.7427,-0.37353,0
0.23419,0.0941,0
2.33728,-0.83009,0
3.05089,-0.29719,0
2.55094,0.50855,0
1.38925,-0.3031,0
3.04994,0.62009,0
2.32104,-0.23476,0
1.79006,1.1027,0
1.27531,-0.28561,0
2.78595,1.14208,0
3.29754,-0.11813,0
0.9477,1.07508,0
1.08996,0.87457,0
1.6809,0.6133,0
2.52827,0.10363,0
2.48212,0.95729,0
0.64046,0.14439,0
1.17601,0.23114,0
1.989,-0.7183,0
2.66618,0.55258,0
1.4929,-0.89525,0
3.38222,-0.49586,0
2.165,0.99632,0
0.99789,0.98024,0
1.35694,-0.34567,0
0.04247,0.36437,0
1.58386,-0.79685,0
2.50716,-1.11501,0
2.09993,0.49531,0
1.12544,-0.53622,0
1.59575,1.11537,0
2.55984,-0.72712,0
-0.27415,0.96562,0
3.43864,-0.78909,0
1.04593,1.20252,0
-0.40073,-1.22764,0
3.09602,-0.88953,0
0.35728,-0.87914,0
3.46509,0.55964,0
1.03218,0.68126,0
-0.08499,1.11777,0
2.27148,0.32962,0
0.64759,0.65852,0
3.30636,0.7795,0
3.21315,0.17929,0
3.2595,0.01448,0
1.20357,0.28821,0
1.13166,0.60731,0
1.38221,0.7579,0
3.05898,0.65337,0
1.17888,-0.60193,0
0.215,0.21443,0
3.48298,0.4853,0
1.12487,-0.0949,0
3.20594,-1.16581,0
0.22071,0.81651,0
2.48495,-0.33142,0
0.65985,-0.55722,0
-0.4332,0.46157,0
0.4971,0.31145,0
2.8831,-0.40484,0
2.12962,-1.17026,0
1.85981,0.37093,0
2.17724,1.01188,0
0.34506,0.76131,0
1.3863,-0.24469,0
0.3159,-0.59196,0
1.91973,-1.20924,0
3.05735,0.78852,0
3.26973,-0.36386,0
0.85491,1.04145,0
3.22349,0.68768,0
0.37051,-0.42627,0
2.66304,-1.21728,0
-0.25757,-0.52054,0
1.28604,-0.68574,0
0.60614,0.36967,0
-0.17295,-0.54987,0
2.43421,-0.41263,0
0.69435,1.09455,0
2.42353,-0.67863,0
1.02135,-0.93101,0
0.85842,0.33393,0
2.85476,-0.69579,0
1.90276,-1.17646,0
1.56967,0.0272,0
0.15255,0.02316,0
1.77896,0.81655,0
0.28887,-0.20548,0
2.84462,0.5845,0
1.17273,0.81958,0
1.433,0.29223,0
1.32933,-0.88439,0
0.58159,-0.68608,0
2.7058,-1.15532,0
1.69068,-0.20696,0
2.05811,0.82897,0
0.85284,0.6995,0
0.09955,0.82154,0
2.71192,0.42576,0
-0.30113,0.04284,0
1.9651,0.93292,0
1.58567,-0.52699,0
-0.11646,-0.42962,0
-0.1508,0.16958,0
1.24852,-0.99562,0
1.73951,0.07171,0
1.48812,-0.88585,0
0.71272,-0.85973,0
1.93095,0.88882,0
0.95431,-0.58831,0
2.86209,0.40595,0
0.38492,-0.47889,0
3.47675,0.33329,0
0.87952,0.74836,0
-0.04594,0.71196,0
3.06689,-0.96956,0
2.90154,-0.96774,0
1.93699,0.82401,0
2.86347,-0.20851,0
1.32283,-0.06132,0
3.20687,-0.86425,0
2.52733,0.093,0
1.8493,0.77182,0
1.34353,1.03762,0
0.57603,-0.05835,0
1.48933,0.31519,0
2.72981,-0.23357,0
1.78411,0.70829,0
1.69691,-0.894,0
1.09049,0.78186,0
0.30898,-0.32275,0
-0.3573,1.04085,0
-0.46243,0.64585,0
3.02446,-0.49039,0
3.21302,-1.23627,0
1.69529,0.90775,0
0.73095,-0.66302,0
-0.37365,-1.18643,0
1.40176,-0.37626,0
2.77608,-0.20958,0
0.20805,0.17675,0
3.46216,-0.23239,0
3.2032,0.0741,0
2.89291,0.38151,0
-0.06706,0.83971,0
0.13883,1.13507,0
0.91612,0.63071,0
-0.388,0.51426,0
2.09741,-0.23034,0
0.87029,-0.39069,0
0.81943,0.18917,0
3.03456,1.23196,0
0.76345,0.61347,0
2.28266,1.04738,0
1.18773,0.74842,0
0.41329,-1.19499,0
3.28241,-0.01299,0
0.57428,-0.8494,0
2.88214,-0.26351,0
0.9339,0.18373,0
0.02774,0.30764,0
2.41739,0.1396,0
0.98394,0.98163,0
0.20628,-0.70781,0
2.52003,1.02452,0
3.12682,-0.85033,0
2.57997,0.42687,0
0.81307,-0.14515,0
1.77738,0.03838,0
-0.20674,0.10689,0
1.53922,-0.45748,0
3.41055,0.21179,0
-0.3783,0.16651,0
1.94452,1.02135,0
-0.11225,1.22918,0
0.98496,-1.19436,0
1.82101,-0.25283,0
2.43351,-0.89832,0
3.08486,-0.07523,0
1.46744,-1.18316,0
2.48841,0.37334,0
0.35725,0.80112,0
1.20163,-0.96561,0
2.17372,-1.10225,0
0.12457,-0.71322,0
1.58949,0.79185,0
1.85204,-0.02749,0
-0.3755,0.15305,0
1.29515,-0.711,0
2.18202,1.24218,0
0.6381,-1.21327,0
2.23041,-0.52023,0
1.03556,-0.6117,0
0.5865,-1.14954,0
1.33471,-0.92099,0
-0.12946,1.22783,0
1.94251,-0.9148,0
2.30593,0.6566,0
0.75784,0.79257,0
0.00567,-1.24016,0
1.31696,-0.68535,0
2.61071,0.37536,0
0.97628,-0.96347,0
3.30956,0.88864,0
0.17584,0.83441,0
2.88388,0.65865,0
1.65656,0.66475,0
3.48592,1.03025,0
0.39397,1.1421,0
0.87997,-0.79781,0
2.55418,0.25355,0
2.97937,0.45302,0
1.28739,-0.67216,0
0.41573,0.98344,0
0.99626,-0.46066,0
3.42377,1.0091,0
0.92445,0.53143,0
1.19343,-0.68778,0
0.60498,1.14686,0
1.54613,-1.08165,0
1.47177,0.52226,0
0.03273,1.05959,0
2.77872,0.88656,0
1.4805,-0.20215,0
2.41178,-0.35079,0
0.62993,-1.19642,0
3.15026,-0.98913,0
1.19481,-0.28186,0
0.86027,0.67032,0
3.4284,-0.84743,0
2.69221,-0.14391,0
0.25853,0.08178,0
0.75784,-1.08633,0
0.23994,0.52508,0
0.50975,-0.20332,0
3.24171,0.12393,0
0.62628,-0.93816,0
2.06046,0.03235,0
1.83272,-0.08521,0
2.90212,-0.51452,0
0.36766,-0.47517,0
2.20747,-0.46568,0
0.44902,1.0318,0
-0.25576,0.1922,0
0.36956,-0.76156,0
0.5661,0.14939,0
1.71515,1.21969,0
0.33715,-0.31302,0
2.87389,-0.93346,0
1.68428,-0.83459,0
0.82484,-0.413,0
1.18645,-0.54147,0
2.53623,0.72101,0
0.65455,-0.58463,0
3.39965,-1.07579,0
1.77229,-0.022,0
3.42495,-0.985,0
1.78612,-1.06869,0
2.04715,-1.063,0
-0.23236,-0.62627,0
0.99518,-0.38144,0
1.84376,-0.99868,0
2.29859,-1.11895,0
-0.44987,0.0018,0
0.61163,-0.90824,0
0.86893,-0.83806,0
2.55289,-0.49378,0
0.15568,-1.20195,0
1.53176,-0.44646,0
-0.25163,-0.93561,0
2.27725,0.19001,0
2.08848,-0.41499,0
1.81133,0.42471,0
1.35701,0.51049,0
2.99911,-0.33694,0
0.98467,0.88806,0
2.32045,-1.17018,0
2.83918,-0.31805,0
1.75015,1.12457,0
0.56419,0.32776,0
1.53154,-0.76186,0
0.22291,1.00976,0
-0.39357,0.5101,0
0.53652,-0.48765,0
0.81878,-0.34412,0
1.64231,0.01032,0
1.70068,0.53052,0
0.37986,0.33917,0
0.45694,1.18308,0
2.41393,0.03469,0
1.07896,-0.79934,0
2.52224,0.37862,0
1.38621,1.16375,0
1.82575,-0.31152,0
3.23771,0.13167,0
0.32101,-0.61072,0
1.25897,1.04983,0
0.48829,-1.21252,0
0.67922,0.52384,0
1.53124,-0.45119,0
0.892,0.59778,0
2.71017,-0.51736,0
-0.41326,-0.74329,0
0.83938,-0.10578,0
3.04802,0.35582,0
1.03915,-0.47154,0
2.12156,-0.65953,0
2.94251,-0.56889,0
2.70144,-0.08657,0
2.74154,-0.73625,0
2.58488,0.91323,0
3.43915,1.14235,0
-0.45178,-1.10825,0
2.19474,1.23254,0
1.54153,-0.79955,0
0.11623,1.2496,0
1.95933,-0.3163,0
1.55303,-1.17352,0
0.14462,0.97735,0
-0.11741,0.67384,0
1.50387,1.10563,0
-0.08723,-0.09006,0
2.22602,-0.06958,0
1.52115,0.51912,0
-0.0246,-0.57721,0
1.43977,-0.94466,0
0.68767,-1.22747,0
-0.3162,-1.06968,0
0.95668,-1.23433,0
3.14964,-0.15187,0
-0.10974,-0.07093,0
1.68656,-0.11171,0
0.46771,-1.2005,0
1.21934,0.16509,0
-0.1863,0.29342,0
3.19525,-0.987,0
0.4192,-1.20573,0
0.35108,0.17375,0
0.17923,0.56931,0
1.55649,1.13122,0
-0.49476,-0.70708,0
1.7146,-0.22301,0
0.28523,-0.43379,0
2.46301,-1.08448,0
1.31194,0.88263,0
0.02475,0.16262,0
1.37135,0.25691,0
0.82013,0.0855,0
0.55758,-0.62476,0
0.20712,-0.09448,0
1.60163,-1.09321,0
1.72822,-0.89785,0
1.18977,-0.7367,0
2.68452,-0.0905,0
2.42459,-0.50912,0
1.14937,-0.08554,0
2.79037,-0.38599,0
0.58816,-0.17371,0
0.39847,-0.60925,0
-0.26604,0.63308,0
2.86786,0.39483,0
3.27459,0.39913,0
2.88155,-0.12189,0
2.1883,-0.17639,0
2.75741,0.00427,0
2.01944,-0.69958,0
2.36219,-0.55314,0
2.26114,0.75246,0
1.0438,1.09274,0
2.06132,0.7759,0
0.23786,0.99178,0
0.68187,1.07169,0
-0.08666,-1.17156,0
2.34612,0.41905,0
0.78933,-0.35177,0
3.18004,0.51142,0
2.19465,-0.0757,0
1.35355,0.6553,0
-0.30718,0.14164,0
0.28308,0.90861,0
3.49378,-0.60354,0
2.19862,-0.05043,0
0.45314,-0.47003,0
0.45255,0.83672,0
-0.46019,0.30202,0
3.00024,-0.30826,0
0.69342,-0.59654,0
0.43198,0.08316,0
2.59482,1.11675,0
1.32027,1.22801,0
0.66097,1.22755,0
-0.14463,0.17164,0
0.9035,-0.79802,0
1.33253,-0.96152,0
-0.28875,-0.34947,0
2.50665,1.12511,0
1.19965,0.78855,0
0.30006,0.04788,0
2.30117,0.35484,0
1.8937,0.03988,0
-0.37074,1.00278,0
2.00281,1.10437,0
1.236,-0.41163,0
0.59209,-1.14526,0
1.75557,0.81142,0
0.05742,-1.19978,0
2.05945,0.58065,0
2.61014,-1.1838,0
3.31118,-1.00053,0
2.81729,0.34635,0
0.69068,0.33383,0
3.21083,0.58211,0
-0.01963,0.61213,0
2.84799,-0.0047,0
2.3653,0.66749,0
2.06744,0.91045,0
1.32248,0.50648,0
3.01896,-0.89381,0
2.21317,-0.28185,0
3.20571,-1.08915,0
0.42306,0.6729,0
-0.01747,-0.57882,0
2.09905,-0.55245,0
0.39068,0.5308,0
0.10677,-0.34819,0
1.16073,-0.88306,0
2.15816,1.04795,0
1.58724,0.86378,0
3.17896,0.16577,0
1.65775,-0.77407,0
0.47422,0.24965,0
2.35273,-0.13295,0
2.65855,0.12716,0
0.43579,0.15304,0
1.66139,-0.78983,0
1.69759,-0.97966,0
0.43743,-0.44215,0
2.41539,0.02419,0
-0.2943,0.65648,0
0.60903,0.65696,0
3.26477,1.08074,0
2.24909,-1.03327,0
2.62558,0.33887,0
0.37133,0.9485,0
2.85931,-0.15772,0
0.34649,0.23426,0
3.09245,0.03066,0
1.32096,0.90729,0
2.17791,0.28468,0
1.21228,-0.28092,0
2.41572,-0.7908,0
0.00011,0.94211,0
2.31253,0.11276,0
0.568,-0.96444,0
1.32489,-1.05951,0
0.34659,0.30516,0
2.4009,-0.74169,0
1.44728,0.10276,0
0.25195,0.40448,0
2.1976,0.53955,0
-0.48191,-0.30796,0
0.95499,1.0343,0
0.57615,-1.12685,0
0.60795,1.21513,0
0.65356,0.28568,0
3.05802,0.77924,0
1.25853,-0.5212,0
3.40585,0.6036,0
0.96563,-0.00819,0
1.81737,-0.81066,0
-0.25328,-1.00715,0
2.95951,-1.06294,0
-0.26612,-0.8365,0
1.99505,-0.58061,0
3.02577,-0.95787,0
-0.15876,-0.77718,0
0.31989,0.76728,0
2.14562,-0.70469,0
1.21606,-0.75703,0
0.42038,0.07689,0
0.57232,0.74343,0
3.38501,-0.12544,0
2.4484,0.48609,0
2.02621,-0.92658,0
0.49702,0.53303,0
1.20979,-0.49775,0
0.92513,0.31737,0
1.47689,1.21014,0
3.15905,0.5708,0
-0.46038,-0.17516,0
1.60038,0.0925,0
3.31621,0.16263,0
0.13057,-0.81923,0
2.95692,1.02095,0
0.63272,-0.20038,0
0.44015,-0.51356,0
1.97755,0.1966,0
0.06775,-0.79998,0
-0.34669,-0.58965,0
1.58237,-0.57894,0
1.37609,-1.04067,0
-0.12574,-0.69303,0
-0.15967,-0.88883,0
2.27263,0.28595,0
1.88481,-0.94637,0
-0.28069,1.00494,0
1.32528,-0.10199,0
1.59788,0.64548,0
1.08083,-0.19242,0
0.19319,-0.79388,0
3.00677,-0.53407,0
3.43548,-0.79179,0
2.40032,0.5551,0
0.67002,-0.65916,0
2.17055,-1.01397,0
-0.19813,0.06918,0
3.13371,1.02039,0
1.96594,-0.78598,0
2.08422,1.10555,0
2.82978,-0.93541,0
1.59939,0.7761,0
-0.07861,-1.14254,0
2.36719,0.60819,0
3.32417,0.75943,0
2.64393,-0.53362,0
2.15606,0.68627,0
2.87038,0.90995,0
-0.18211,-0.04857,0
-0.47984,-0.49256,0
0.55462,0.81737,0
1.0544,-0.99409,0
3.46906,0.2535,0
1.82164,0.27299,0
3.16773,0.1862,0
3.367,-0.35149,0
2.76853,0.71215,0
0.22517,0.43249,0
1.74982,-1.16895,0
1.3712,-0.08159,0
1.16908,0.25266,0
1.44626,0.78456,0
2.50824,0.79124,0
0.98729,0.02384,0
1.14243,0.78938,0
0.6713,0.17044,0
0.93107,0.59912,0
1.32142,-0.39394,0
2.4654,0.16698,0
0.90473,-0.73078,0
2.07541,-0.89862,0
-0.06501,0.2074,0
2.68786,-0.2599,0
-0.12401,0.24286,0
1.17894,-0.56088,0
2.90089,-1.11552,0
0.30637,-0.09713,0
3.01751,-0.93938,0
0.34706,0.22331,0
1.45721,0.61896,0
-0.34814,0.95781,0
1.36956,0.31746,0
0.57488,1.23235,0
0.13866,0.17863,0
1.91454,0.34418,0
2.67798,0.0826,0
3.39204,-1.24672,0
-0.08402,-1.06955,0
1.65182,0.4338,0
1.88157,-0.50882,0
-0.12148,-0.30679,0
2.45192,-0.02709,0
0.85773,-0.18508,0
1.02378,0.67845,0
2.79271,0.28428,0
0.58675,-1.20779,0
0.09174,1.20059,0
-0.07005,1.23374,0
3.44824,-0.33376,0
3.09528,0.47529,0
2.74682,0.2445,0
1.82134,-0.1183,0
2.89481,0.88103,0
0.64416,0.48427,0
-0.25857,-1.06641,0
2.17619,-0.98835,0
0.66898,0.97433,0
2.67462,-0.46567,0
3.36772,-0.84763,0
3.46662,-0.19894,0
0.92757,-0.91586,0
-0.29576,-0.16108,0
1.38718,0.63421,0
3.46818,0.18858,0
1.47647,0.72875,0
2.11976,-1.05147,0
0.11483,0.2809,0
1.66707,0.65739,0
1.81099,1.06843,0
0.83599,1.18142,0
2.92196,-0.02925,0
1.04984,0.52613,0
0.99011,-0.58367,0
1.56789,-0.51829,0
0.59394,1.01683,0
1.75885,1.11684,0
3.09263,0.7476,0
-0.16693,-0.97378,0
-0.09627,-0.14274,0
2.79321,-0.42229,0
-0.3096,-0.3971,0
1.01873,-1.09128,0
1.6871,0.26454,0
-0.27576,-0.79499,0
0.31376,0.7188,0
2.31141,-0.39764,0
3.27701,0.56527,0
1.52924,-0.15082,0
3.20786,0.18531,0
0.51557,0.48836,0
-0.13705,0.17382,0
-0.44503,0.65083,0
1.96367,-0.18849,0
1.67565,0.21405,0
1.69632,-0.51399,0
1.99781,1.12672,0
-0.15181,-0.2389,0
-0.40737,0.42652,0
3.08796,-1.08727,0
2.66076,0.46139,0
1.52414,-0.98262,0
2.43607,-0.9902,0
2.26692,-0.54473,0
1.3291,-1.12314,0
3.32961,0.96301,0
-0.02418,-0.49305,0
0.69904,0.97464,0
0.21266,-1.03504,0
1.8893,-0.69566,0
2.25609,-0.57847,0
2.91738,-0.02048,0
2.62718,-0.61649,0
0.09703,0.01234,0
3.19442,-0.77291,0
0.63824,-0.80549,0
2.99125,-0.64585,0
2.10405,-0.23812,0
1.65311,0.45707,0
3.28946,0.62033,0
1.38484,-1.10992,0
2.6233,-0.84517,0
2.66516,-1.24624,0
2.41561,1.18559,0
1.46715,-0.40398,0
0.09875,-0.63224,0
1.12412,-1.08065,0
3.07018,1.24428,0
2.6563,0.73012,0
3.09042,-0.61813,0
0.58136,-1.05944,0
-0.44339,0.22668,0
3.07919,1.18421,0
1.63481,0.28252,0
-0.19375,-0.35855,0
3.00777,-0.28296,0
-0.24903,0.81683,0
0.49348,0.08651,0
-0.05935,-0.62468,0
1.38601,-0.33479,0
1.51851,-0.42621,0
0.33902,-1.20458,0
3.23117,0.0586,0
-0.19729,0.29327,0
0.06046,-1.00247,0
1.2137,1.03558,0
2.9951,0.59016,0
1.50551,1.13513,0
-0.22054,-0.79214,0
1.77248,0.78278,0
1.93445,0.72402,0
3.06669,-0.75895,0
2.99261,0.97518,0
3.37774,0.83431,0
1.58579,1.14288,0
1.63345,1.22528,0
0.72891,0.16747,0
3.37945,0.17768,0
0.12652,-0.34476,0
2.63088,-0.89003,0
1.2434,0.44179,0
1.27246,1.15151,0
1.70328,1.08878,0
2.39343,-1.02735,0
3.29417,1.19445,0
-0.17784,-1.02166,0
0.99252,-0.40724,0
3.35329,0.01212,0
0.37838,-0.91169,0
0.52405,-0.94973,0
1.19641,-0.70203,0
1.82993,-0.04282,0
0.26665,0.26893,0
0.15034,1.08549,0
-0.18676,-0.63686,0
1.9497,-0.70638,0
0.55253,0.78745,0
2.15632,0.8292,0
0.41635,0.137,0
2.19129,-0.68738,0
1.44843,-0.01075,0
1.84442,0.79808,0
0.01724,0.00264,0
0.5487,-0.30474,0
2.36662,0.60171,0
2.95207,0.14448,0
1.92838,-0.79297,0
0.21456,0.35342,0
0.90484,-0.78032,0
-0.08584,-1.21084,0
0.30291,1.13185,0
2.35765,0.34561,0
3.32862,0.51582,0
1.99261,0.74226,0
0.41064,1.04105,0
0.57203,0.35783,0
0.42948,0.01823,0
3.46846,-0.88014,0
2.23803,0.98092,0
1.40519,-1.03476,0
1.66507,0.04638,0
1.49063,0.99288,0
3.49374,-0.25458,0
0.71204,-0.87395,0
3.09158,1.23324,0
1.27603,1.07218,0
2.46584,-0.62253,0
1.70347,-0.53116,0
0.7923,-0.96401,0
2.97275,-1.18195,0
3.2128,-0.48843,0
-0.04333,-1.22719,0
2.54651,-0.12546,0
1.38515,0.25572,0
-0.08171,0.72179,0
1.80348,-0.11103,0
2.19254,-1.10916,0
2.00187,0.39774,0
2.15876,-0.14941,0
3.31436,0.63408,0
0.905,-0.82867,0
1.09617,0.69241,0
-0.07992,-0.97472,0
0.40016,-0.43513,0
2.89857,-0.92447,0
-0.07062,-0.17343,0
1.72755,-0.25915,0
-0.20487,0.31275,0
2.52062,-1.12223,0
0.1086,0.76907,0
2.48559,-0.713,0
3.19869,-1.00613,0
1.01081,0.09207,0
1.06363,0.61124,0
1.47749,-0.00732,0
0.79377,-0.65819,0
3.23982,-0.46129,0
1.76376,-0.3901,0
2.71824,-0.44332,0
0.71673,-1.20307,0
2.40192,0.84528,0
1.49306,0.74792,0
0.28199,-0.50481,0
3.09769,1.09964,0
-0.15787,-0.04028,0
1.64519,1.13915,0
3.36169,1.22,0
2.68681,-0.42047,0
0.0244,-0.79575,0
0.92692,0.98008,0
2.35912,-0.83229,0
0.19258,-0.33113,0
0.06233,-0.73004,0
0.73139,-1.06611,0
-0.0359,0.81756,0
3.16658,-0.665,0
0.01406,-0.86828,0
2.89044,0.66881,0
2.19262,0.19588,0
2.58423,1.06782,0
1.57018,-0.18056,0
0.79095,1.12451,0
1.70134,-0.78509,0
1.68629,-0.68052,0
1.95216,1.08004,0
2.01448,-0.87344,0
2.54748,-0.26965,0
0.46716,0.58599,0
2.96686,0.79485,0
1.615,0.63384,0
-0.04825,-0.96916,0
0.73797,-0.78399,0
1.91144,0.82859,0
0.82888,-0.86546,0
2.31179,1.16535,0
-0.34415,-0.00586,0
3.31336,-0.78668,0
2.09628,-0.58958,0
3.24875,1.18997,0
1.39751,-1.22914,0
1.45487,-0.78634,0
3.28763,0.26754,0
1.24413,-0.42822,0
0.82423,-0.64793,0
3.33155,0.81457,0
-0.28581,-0.77232,0
2.89782,0.86998,0
0.61371,-0.27187,0
2.50186,-1.17506,0
3.09048,1.20987,0
0.4289,0.56151,0
1.91047,0.52057,0
0.07572,-0.80934,0
2.35459,-0.68526,0
-0.12702,-1.09244,0
3.33654,-0.31932,0
3.31181,0.05673,0
3.40586,0.8674,0
2.72981,-0.2524,0
2.60179,0.39555,0
0.22371,-0.92312,0
2.4492,-1.24918,0
3.31802,-0.89253,0
-0.30618,0.62153,0
0.23721,0.14875,0
0.99245,0.53824,0
1.54501,0.26741,0
3.1728,0.35253,0
1.66584,1.13894,0
0.26611,-0.04044,0
-0.15896,0.18548,0
0.16456,-0.68989,0
2.22884,0.5043,0
0.85173,-0.53946,0
2.05186,-0.03069,0
1.90239,-0.58374,0
0.5659,0.08173,0
0.23191,1.07343,0
2.64674,-1.22571,0
0.09719,-0.69341,0
1.1721,0.45454,0
0.95637,-0.2502,0
1.07399,0.8228,0
0.70422,-0.56063,0
2.52651,0.34973,0
3.31342,0.91138,0
1.83076,0.00733,0
2.73679,1.02067,0
0.11715,-1.04431,0
3.31228,1.15157,0
0.43798,0.04354,0
1.78098,0.18001,0
2.36766,0.92189,0
-0.17613,-0.263,0
3.33759,-0.89381,0
1.61962,0.84155,0
2.822,-1.13523,0
0.50583,-0.95664,0
3.26897,-0.22898,0
2.92749,0.11799,0
0.92067,-1.20775,0
-0.06096,1.07287,0
1.51654,-0.41152,0
-0.14052,0.7712,0
-0.13185,-1.13506,0
1.95071,1.09838,0
1.00206,0.45303,0
0.21845,-0.08494,0
0.58669,0.35564,0
1.9231,0.05338,0
-0.41471,1.21707,0
0.75021,-0.4275,0
3.39961,0.53388,0
0.20105,0.10473,0
1.38499,-1.04011,0
-0.00745,0.41227,0
-0.20908,0.5004,0
2.13211,0.89243,0
2.69348,-0.42785,0
3.43665,-0.73139,0
2.13772,-1.06371,0
0.37936,-0.17303,0
2.2061,1.01291,0
0.40722,-0.41037,0
0.82587,-0.62581,0
1.28281,-0.47113,0
0.17539,0.01496,0
3.10192,-0.64782,0
2.91198,0.38239,0
3.36792,0.04176,0
0.67088,-1.23955,0
1.00462,-1.2261,0
0.79282,0.70701,0
0.42914,0.55659,0
2.36729,1.24117,0
1.42579,0.58848,0
3.34556,-0.58116,0
3.43261,-0.5857,0
-0.06987,-0.09102,0
0.62283,-0.02012,0
1.51106,0.91952,0
1.30314,0.68975,0
-0.02164,-0.25964,0
3.17263,-0.35286,0
1.48176,0.36955,0
1.321,-0.38039,0
2.29378,-1.20236,0
1.71712,1.10465,0
1.31047,-0.46139,0
0.32839,-0.25439,0
2.78869,0.17115,0
0.44225,0.60762,0
2.67683,0.35129,0
0.06171,1.232,0
3.10675,0.92321,0
1.77628,-1.15609,0
0.8043,0.15092,0
1.84015,-0.01951,0
2.16481,0.13177,0
0.25957,0.76774,0
0.87842,0.63627,0
0.53337,-0.63612,0
1.45097,0.46229,0
0.6338,0.59413,0
0.58336,-0.43208,0
3.29929,-0.42792,0
1.7138,0.43716,0
0.01667,-0.87081,0
3.05846,-0.02022,0
1.89784,0.61855,0
0.06911,-1.11316,0
1.83234,-0.3682,0
1.29993,0.61933,0
0.7158,-0.40499,0
1.14803,-0.25332,0
-0.44606,0.97901,0
1.44801,-0.67238,0
0.84892,-0.9389,0
-0.31384,-0.58859,0
0.22703,-0.43728,0
1.23326,-0.26371,0
-0.44963,-1.20485,0
-0.17889,-1.05079,0
2.05005,-0.15902,0
0.70261,-0.50401,0
1.10648,0.03486,0
2.95156,-1.11689,0
1.84639,1.03646,0
2.11367,-0.27873,0
0.83224,0.28719,0
2.90052,-0.74052,0
1.04915,-0.84541,0
-0.3007,0.72535,0
1.39118,0.09106,0
-0.30175,-0.5071,0
0.80988,-0.1874,0
1.63527,0.20275,0
3.11758,-0.28275,0
3.05824,1.01305,0
3.27855,-1.18448,0
0.3558,0.95854,0
2.78607,1.2389,0
2.08485,-0.08349,0
1.3048,0.31333,0
3.05511,0.26463,0
2.72386,0.26703,0
1.74878,0.90364,0
3.27882,-1.02261,0
1.01364,-0.6706,0
0.11098,-0.06876,0
1.89259,0.26867,0
1.25836,0.90059,0
0.11132,-1.00989,0
0.30209,-0.76951,0
0.70681,0.38686,0
0.16465,0.35466,0
1.67878,-0.11558,0
-0.16941,-0.80113,0
1.39514,1.07467,0
-0.14927,0.62656,0
2.89785,-0.36568,0
0.65493,-0.17816,0
1.03689,0.83398,0
1.99826,-0.36669,0
1.33611,-0.68024,0
2.47237,-0.30241,0
0.4287,1.21461,0
1.78609,1.06403,0
2.66029,1.13803,0
1.06949,0.29579,0
0.4443,0.20176,0
1.79884,-0.77498,0
0.04169,0.0322,0
0.34582,0.32054,0
-0.39258,1.22741,0
0.58661,0.43418,0
-0.25992,-0.6869,0
2.45629,1.06487,0
0.1092,-0.41633,0
1.75187,0.1358,0
0.21113,-0.5544,0
2.41619,0.71127,0
1.27692,-0.84447,0
3.35837,-0.36072,0
1.56918,-0.3034,0
1.17822,-1.13871,0
1.54593,0.18885,0
1.79101,0.28688,0
2.7849,1.22302,0
1.56391,0.09559,0
2.02404,1.06703,0
-0.39898,0.36761,0
0.0738,0.758,0
2.78168,-0.55619,0
2.1848,0.71967,0
1.10406,-0.35298,0
2.86912,-0.26098,0
1.66311,-0.99224,0
0.58808,0.163,0
0.27899,0.37777,0
1.83171,0.58134,0
2.58056,-0.80186,0
-0.43284,1.19306,0
3.01033,-0.2995,0
2.64888,0.10909,0
2.93055,0.91411,0
3.16365,0.0651,0
2.73069,0.66377,0
2.97041,-0.82356,0
2.2041,-0.71928,0
2.69871,1.02929,0
0.12487,0.59878,0
1.56445,-0.83674,0
1.95503,0.6181,0
0.90401,0.24082,0
0.79915,-0.85386,0
0.49154,-0.14845,0
1.51443,1.03295,0
0.15779,-0.96747,0
0.43946,1.03482,0
0.32298,0.66973,0
1.56974,-1.15378,0
0.73401,-0.79952,0
2.07123,1.2155,0
2.74206,1.04189,0
0.71332,0.46858,0
2.89915,-0.43444,0
1.47336,0.16965,0
2.75593,0.48619,0
1.66966,-0.58469,0
0.95029,-1.09641,0
-0.46812,-0.39171,0
2.48745,-0.33464,0
1.55471,-0.70496,0
2.62869,1.14971,0
1.66586,-0.03279,0
0.46953,-0.58457,0
2.64155,-0.45076,0
2.46201,-0.93444,0
1.22819,0.13102,0
3.01063,0.35294,0
3.1774,-0.37925,0
1.6683,-0.25944,0
2.89184,0.40392,0
1.70861,-0.59776,0
-0.39502,0.80831,0
0.85102,0.42805,0
1.96269,-1.11992,0
1.98794,-1.08572,0
1.34922,0.67017,0
1.55874,-0.75625,0
1.04846,0.05149,0
1.51749,0.02493,0
1.67206,-0.49943,0
1.20909,0.94029,0
2.56652,0.13742,0
0.54299,-1.08717,0
3.36121,-1.11741,0
1.69021,-0.21618,0
1.24851,-0.3533,0
0.40332,-0.23595,0
1.91289,-0.61572,0
1.02838,-0.69109,0
3.05613,0.55081,0
2.40324,-1.08118,0
1.20789,-1.05869,0
0.22081,0.31217,0
2.17894,1.15152,0
1.74219,-0.22051,0
1.71904,0.25699,0
-0.15058,1.07473,0
1.49103,1.07054,0
-0.23315,0.23627,0
2.84096,-0.83148,0
1.25227,-1.04954,0
2.31718,0.34076,0
1.81725,0.48699,0
2.8516,-0.18463,0
0.63622,-0.21758,0
0.90519,-0.77806,0
3.07505,0.19223,0
-0.15593,-0.97612,0
0.95336,-0.09822,0
2.40153,0.84664,0
0.21221,0.91262,0
1.248,-1.02653,0
0.03548,0.1619,0
3.40843,0.20844,0
-0.23598,0.74607,0
0.20108,0.05154,0
0.78518,0.50259,0
3.45757,0.18027,0
2.53616,-0.08587,0
0.48356,-0.49152,0
1.12979,1.06126,0
0.88151,1.00143,0
3.31295,-0.77244,0
2.93462,0.0316,0
0.37102,-0.87453,0
1.56618,-0.44364,0
1.84043,-1.12703,0
1.20413,-0.79016,0
-0.30366,0.2585,0
0.45126,-0.52238,0
3.06106,1.05539,0
2.78269,-0.98336,0
0.31016,-0.31295,0
3.17034,-0.21514,0
1.25887,-1.00452,0
0.48533,-0.52118,0
3.36394,0.11933,0
0.71197,-1.11009,0
2.72786,0.0135,0
0.60069,-1.17907,0
3.19348,-0.82196,0
3.38192,-1.12636,0
2.41195,0.51288,0
0.88971,1.07402,0
2.25191,-0.81539,0
2.72394,0.96254,0
2.80242,1.2112,0
1.48341,1.00935,0
3.04982,0.95789,0
2.6779,1.19136,0
1.74036,-0.41954,0
1.515,-0.37605,0
-0.384,0.79307,0
0.89513,-0.04363,0
0.38862,0.21574,0
-0.11466,-0.91285,0
0.37088,-0.60848,0
1.58188,0.27783,0
2.44227,1.22205,0
2.64229,1.10772,0
0.0036,0.04453,0
0.46956,0.30682,0
-0.3184,-0.12665,0
1.44891,-0.12996,0
2.27732,-0.70337,0
-0.47097,-0.44546,0
0.54062,-1.06297,0
0.69339,-0.43446,0
-0.08473,1.01566,0
1.05036,0.11115,0
1.4793,-1.03968,0
0.44577,-0.79112,0
0.4535,-0.52362,0
2.64307,-0.96659,0
2.6082,-0.85923,0
1.20599,0.01733,0
1.33729,-0.09945,0
0.39032,0.01851,0
1.36354,-1.15003,0
0.51794,-0.11919,0
-0.01019,0.38051,0
-0.23039,0.54753,0
1.50035,-0.00054,0
0.15767,-0.2912,0
2.74723,-0.73091,0
1.96256,0.81236,0
1.5102,0.56509,0
2.75404,-0.0429,0
2.42197,0.04297,0
0.3042,1.18609,0
2.33017,0.55094,0
2.67977,0.07587,0
-0.13336,-0.02407,0
3.12036,0.0834,0
0.30869,-0.12305,0
2.69085,-0.86831,0
-0.36766,-0.32112,0
3.05848,-0.59968,0
-0.3729,0.04762,0
3.4899,0.70818,0
1.29951,0.63885,0
0.59586,-0.15204,0
-0.19085,0.68822,0
3.27804,-1.18306,0
0.7268,-0.57579,0
3.40056,-0.03814,0
2.65759,0.53965,0
2.11637,0.1678,0
-0.38997,-1.19181,0
0.871,0.62932,0
2.31921,0.20791,0
0.98586,1.11209,0
2.44129,0.33138,0
2.44406,-0.22981,0
2.41393,-1.02562,0
-0.47825,1.14087,0
-0.21945,-0.24244,0
2.44749,-0.63821,0
0.3329,-0.65817,0
0.68295,0.02929,0
0.53373,-0.02826,0
0.98889,0.41038,0
2.39115,0.29207,0
0.08528,0.07963,0
3.2662,-0.65323,0
1.13378,-0.5771,0
0.60957,0.16148,0
3.05437,-0.6074,0
1.28226,0.34018,0
0.11973,0.19891,0
0.99549,0.41751,0
-0.25817,-1.12414,0
3.47576,0.61614,0
2.67271,1.00236,0
2.26635,0.24837,0
1.44536,1.24399,0
0.43896,-0.38233,0
1.67329,-0.34577,0
-0.25283,-0.47179,0
3.3752,-0.48266,0
1.17223,0.07999,0
0.97495,-1.04007,0
1.63108,0.42638,0
2.90843,1.05875,0
2.84511,-0.1399,0
0.73766,0.83206,0
0.00295,-0.34973,0
0.01471,-0.90224,0
2.66759,0.41722,0
3.23025,0.0577,0
2.63621,-0.66543,0
0.44765,-0.61378,0
2.198,-0.79854,0
1.71909,-0.47375,0
2.06671,0.50114,0
-0.48911,-1.19154,0
2.32804,-0.02215,0
1.20221,-0.73098,0
2.64155,-0.47568,0
0.42676,0.16458,0
1.52122,0.66778,0
0.16926,0.12603,0
0.20341,0.56861,0
0.88354,1.17489,0
1.98543,0.5789,0
3.06563,1.00036,0
2.28649,0.48046,0
2.43429,0.16859,0
2.57112,0.51831,0
-0.2769,-0.85516,0
-0.05211,0.15927,0
3.11681,-1.14827,0
2.8993,-0.40346,0
2.55872,0.25633,0
0.22994,-0.82067,0
0.06561,0.9977,0
2.79615,0.07195,0
2.99966,-1.22367,0
3.30434,-0.86668,0
0.28984,-0.81909,0
1.349,0.31045,0
3.34828,-1.07058,0
-0.25951,-0.52847,0
1.32884,-1.15698,0
2.04662,0.65859,0
1.922,-0.60939,0
3.17881,0.2226,0
0.15656,-0.29556,0
0.51413,0.97323,0
0.06978,1.08125,0
2.15001,-1.21062,0
1.8485,-0.22452,0
3.15406,0.36597,0
2.71604,0.67443,0
2.86665,-0.35113,0
1.47139,-0.16757,0
1.36808,-0.41222,0
0.60057,-0.7966,0
2.69454,-1.06172,0
1.48359,0.21416,0
1.14184,-1.14038,0
1.7113,0.47531,0
1.78071,0.79858,0
2.47932,-0.49425,0
0.2884,-0.45077,0
2.16121,-1.22265,0
1.93133,-1.04202,0
-0.36809,-0.42588,0
1.67526,-0.38006,0
2.12767,0.98035,0
-0.49345,-0.59406,0
0.87951,-0.41589,0
2.55449,0.43698,0
-0.34725,-1.21056,0
1.76586,0.81876,0
2.8736,-1.07373,0
2.2729,0.78819,0
2.76407,-0.40283,0
1.76196,0.63877,0
1.95995,0.84973,0
2.49717,0.51353,0
1.89649,0.10179,0
2.72867,-0.48714,0
0.86707,-0.28916,0
2.18848,1.23564,0
0.54967,0.03813,0
0.38653,-0.91897,0
1.56243,-0.8627,0
2.95936,-1.17229,0
1.00238,1.20197,0
2.56545,-0.21793,0
-0.04396,-0.49502,0
-0.48764,-0.2026,0
2.51984,0.84451,0
3.00957,0.38191,0
1.75181,0.22734,0
3.05163,-0.67019,0
-0.05497,-1.09899,0
0.61106,-1.09334,0
1.50708,-0.50618,0
-0.14067,-0.23684,0
1.773,0.50532,0
2.63405,-1.19869,0
2.37538,0.73902,0
1.72094,-1.01134,0
3.24147,-0.91031,0
1.89446,-0.32704,0
0.42304,0.8877,0
-0.14063,1.10527,0
2.22647,-0.77906,0
1.10219,1.02877,0
1.72588,0.79035,0
1.56099,1.12855,0
0.72626,-0.59385,0
2.22371,-1.00961,0
1.39513,-0.9807,0
2.64009,1.03631,0
2.94574,0.97812,0
1.84837,-0.08568,0
0.49176,0.79534,0
0.87682,-0.16688,0
2.07599,0.74474,0
0.13787,0.34281,0
1.25513,0.32883,0
0.26188,0.70323,0
3.4211,0.12103,0
1.27552,0.6154,0
1.93894,-0.33033,0
1.28794,-0.38598,0
0.52519,-1.23215,0
1.82452,-0.31813,0
0.11936,-1.11737,0
1.97056,-0.57188,0
3.02797,0.01097,0
2.75742,0.49129,0
2.2137,1.18764,0
0.26211,-0.06543,0
1.89667,-0.2351,0
2.08783,-0.09951,0
0.93332,0.13501,0
-0.3107,0.86304,0
2.82963,-0.11602,0
-0.15068,0.13622,0
-0.00588,0.01994,0
1.31854,-0.60769,0
0.7624,0.98787,0
1.48272,1.03464,0
2.74736,0.23412,0
3.36803,-0.35941,0
0.56719,-0.62033,0
2.52796,0.07652,0
2.80847,-0.67681,0
-0.07181,0.20671,0
3.00194,0.50784,0
2.09939,0.59659,0
-0.20949,-1.04013,0
0.28169,-1.06703,0
2.63199,1.07169,0
2.0993,0.06649,0
1.91514,0.2473,0
3.00218,0.53406,0
2.65389,-0.12804,0
1.11513,-0.36709,0
1.39058,-0.1121,0
3.00698,0.61719,0
-0.3109,0.85047,0
1.35316,-0.01738,0
-0.01804,0.70634,0
-0.49664,-0.63551,0
2.25154,-0.30475,0
-0.12845,-0.52963,0
0.48491,-0.51581,0
0.05992,0.78704,0
1.31547,0.75673,0
1.06366,-1.20319,0
0.65314,-0.13808,0
0.35161,-0.94487,0
1.21452,-0.49459,0
0.41391,-1.03963,0
2.60144,-0.95809,0
2.98427,0.67715,0
2.53648,-0.03445,0
0.37619,-0.22415,0
0.3509,-1.05354,0
2.52732,0.23339,0
0.54534,0.46466,0
1.31237,1.06662,0
1.46807,-0.45056,0
3.39421,-0.03285,0
-0.18003,-0.80657,0
3.09678,-0.56921,0
2.40115,0.85561,0
-0.29865,0.77502,0
3.06932,1.22651,0
1.52155,1.01703,0
-0.46393,0.55603,0
3.47336,0.28017,0
1.1198,0.09202,0
-0.42501,-0.81331,0
2.07813,0.21988,0
1.47214,0.32839,0
0.90943,-1.0197,0
0.20849,-0.64164,0
-0.16178,-0.00288,0
2.0581,-0.96072,0
1.56132,-0.91435,0
0.57877,-0.65521,0
3.09983,0.17509,0
3.44101,1.22415,0
0.45017,-0.09355,0
1.55283,-0.15339,0
1.43199,-0.40778,0
0.67693,-0.86646,0
1.87221,-1.14208,0
-0.06963,-0.98239,0
3.43546,-0.11695,0
0.1144,0.0452,0
1.2709,0.25932,0
-0.20487,-0.79946,0
0.91533,-0.14903,0
1.738,-0.70054,0
2.32942,-0.8873,0
0.3767,0.78959,0
2.80553,-0.74374,0
0.94137,-0.03111,0
2.29837,-0.67856,0
1.22643,-0.19208,0
2.77092,-0.09674,0
1.2437,1.11389,0
1.214,0.84887,0
3.22496,-1.18616,0
1.36371,0.20045,0
0.28439,0.37308,0
1.21512,-0.38515,0
3.12224,0.92183,0
2.83029,0.51109,0
0.55988,1.19959,0
0.75566,-0.53464,0
0.87408,-0.28189,0
-0.31065,0.88374,0
1.46821,0.78256,0
-0.03351,-0.36047,0
-0.29998,0.60186,0
1.87585,-0.10677,0
1.73419,-0.61435,0
-0.38753,-0.1716,0
1.23093,-0.12715,0
0.09268,-0.87528,0
1.01592,-0.09772,0
1.6813,0.92897,0
3.23493,0.31392,0
2.77774,0.90967,0
0.72436,1.03897,0
2.99193,-0.17082,0
1.08944,0.68342,0
2.63154,0.21156,0
1.5097,-1.01501,0
-0.19735,-0.47137,0
2.88752,-0.52217,0
1.9804,0.92222,0
0.75374,0.01255,0
0.64368,-1.14249,0
1.37511,-0.20262,0
0.18668,-0.01522,0
3.33159,0.91985,0
1.99621,0.24402,0
1.71014,-0.49481,0
0.0996,0.89752,0
0.28075,0.70434,0
2.17694,-0.80274,0
1.83697,0.60724,0
3.4698,-0.98734,0
0.88828,-0.30015,0
-0.37568,-0.42196,0
1.78613,-1.16102,0
1.30055,0.64184,0
3.48659,0.27872,0
-0.2297,-0.53747,0
1.61295,0.65518,0
3.16237,0.87642,0
-0.12147,1.1795,0
0.0757,0.77818,0
0.54231,-0.82303,0
2.10633,0.21717,0
3.2391,-0.56584,0
0.85401,0.95792,0
0.00534,1.03188,0
1.12083,-1.16912,0
0.56444,0.7846,0
1.658,0.53007,0
3.04986,-1.13344,0
0.4739,-0.61782,0
0.65476,-0.452,0
2.23468,-1.11123,0
-0.49724,0.54433,0
0.94862,0.82257,0
3.18516,0.53303,0
0.38693,-0.36287,0
0.50156,-0.22046,0
1.2211,-1.18968,0
3.13371,0.12742,0
0.78227,-1.01089,0
0.83576,0.75102,0
3.14576,0.49022,0
2.82057,0.72679,0
0.99617,-1.24863,0
2.05528,-0.86982,0
0.3064,-0.2419,0
0.37092,0.23094,0
0.72578,-0.27514,0
2.32335,-0.65042,0
3.27644,0.55614,0
-0.1791,-0.80236,0
1.25304,0.951,0
-0.34061,-0.93225,0
-0.12767,0.8559,0
3.48162,-0.41727,0
3.35101,-0.73379,0
2.34026,0.65369,0
2.73763,-0.60524,0
0.04097,0.91395,0
2.96659,0.45909,0
2.97408,-1.06699,0
1.95374,-0.29028,0
0.44452,0.24868,0
2.17911,-0.59466,0
0.1988,-0.89426,0
1.85288,1.03603,0
3.46634,0.29432,0
2.37324,-1.12294,0
1.83272,-0.44467,0
-0.33246,0.80294,0
3.20529,-0.2499,0
0.15275,-0.17954,0
0.89989,-0.17822,0
2.19164,1.04876,0
0.29228,-0.95629,0
2.76575,0.05084,0
1.28838,0.651,0
1.73897,-0.77141,0
3.05033,-0.41617,0
2.77336,-0.54087,0
0.00371,-0.39954,0
-0.30915,-0.56142,0
1.93832,1.17194,0
3.00931,-0.12513,0
1.94482,-0.28159,0
1.13088,0.08541,0
1.03963,-1.15195,0
1.6669,-0.69851,0
-0.25854,1.07924,0
2.58445,-0.65011,0
1.65594,0.06666,0
1.5497,-1.14625,0
0.52983,0.75437,0
0.7107,0.92719,0
3.29394,-0.90833,0
1.35325,-0.43324,0
0.61769,-1.03384,0
1.38871,-0.6909,0
2.24485,1.22525,0
0.31718,-0.25051,0
-0.32544,1.21793,0
2.96686,-0.043,0
2.22669,0.9796,0
0.31785,-0.06176,0
2.92658,-0.34891,0
0.14469,-0.36594,0
3.22662,0.44448,0
2.44731,-1.21421,0
2.09174,0.19903,0
3.2897,-0.51923,0
0.33448,0.57727,0
-0.27403,0.00816,0
1.1071,1.10514,0
0.47352,-0.498,0
0.79644,0.407,0
3.3648,-0.41073,0
1.52304,-0.92076,0
2.42059,1.23567,0
0.27803,0.81962,0
0.36794,-0.83407,0
1.66815,-0.37763,0
2.6788,0.10847,0
3.16267,0.88561,0
0.25814,-0.92364,0
1.61139,1.19663,0
2.7627,-0.63336,0
-0.40896,0.15444,0
1.79841,1.13303,0
0.83158,1.02426,0
2.5812,0.7666,0
2.23867,-0.42673,0
1.60974,0.03183,0
2.95876,-0.4173,0
0.46618,-0.33738,0
1.04336,-0.66355,0
0.84638,1.24891,0
2.03996,-0.10195,0
0.89966,1.16898,0
3.43053,0.34834,0
0.38298,0.03747,0
1.55986,1.14097,0
3.01001,-0.406,0
3.31483,-0.08505,0
3.49575,1.08868,0
0.507,-0.08028,0
2.45781,0.95557,0
1.8467,-0.39165,0
1.20891,0.84356,0
2.75661,-0.78671,0
0.48736,0.94589,0
1.22549,-0.66417,0
2.29927,-1.11251,0
2.02381,-1.12139,0
0.81772,-0.2689,0
1.55447,1.16304,0
1.31953,0.10107,0
2.63392,0.52397,0
2.25667,-0.09402,0
3.31876,-1.0318,0
0.25486,-0.85569,0
-0.2738,-0.76434,0
0.53865,-0.90343,0
2.7504,-0.00994,0
0.05108,0.54957,0
0.51467,0.90863,0
0.75153,-1.06132,0
2.6805,-0.03455,0
3.00009,0.00462,0
3.00331,-1.16647,0
3.2967,-0.58127,0
1.52011,1.05358,0
3.02649,0.87068,0
0.30757,-0.73429,0
1.31036,-0.34133,0
2.71609,-0.38687,0
-0.16166,0.99346,0
2.62923,-0.40813,0
1.83904,-0.82291,0
1.46455,-1.17672,0
3.00275,-1.04922,0
2.27421,0.04547,0
2.399,1.18506,0
3.35489,-0.66469,0
1.22141,0.78896,0
3.14502,0.80852,0
-0.16365,-0.39325,0
2.51965,-0.70934,0
2.53964,1.04049,0
1.81686,0.36299,0
2.93882,-0.49501,0
1.16782,-0.48788,0
3.34079,0.59042,0
-0.28504,-0.45921,0
2.93685,0.70107,0
0.65729,-0.8164,0
3.26416,-0.05439,0
1.99865,0.3503,0
2.25967,-0.25468,0
-0.27102,0.11627,0
0.63089,-0.03641,0
0.57654,-0.22671,0
1.56901,-0.58064,0
1.13617,-1.01518,0
3.24425,-0.77935,0
0.00111,-0.37967,0
3.02822,-0.44428,0
0.99746,0.65023,0
1.49907,-0.59492,0
0.85191,0.55961,0
0.3301,-1.03159,0
0.31445,-0.44524,0
1.64983,-0.51129,0
-0.0053,-0.77552,0
0.25058,-0.35591,0
0.14661,-0.11921,0
0.6334,0.72301,0
1.81429,-0.73493,0
2.25053,-1.09513,0
2.65545,0.73284,0
2.91705,0.37491,0
-0.14684,-0.31743,0
2.34167,-0.02098,0
2.59244,0.82025,0
-0.10077,0.45301,0
2.72925,-0.2001,0
0.86923,-0.85502,0
2.18656,0.87961,0
1.61778,-0.3868,0
2.0724,-0.69186,0
2.4438,0.05105,0
1.04984,-0.9392,0
0.23356,-0.1851,0
0.22592,1.07834,0
3.22926,-0.04648,0
2.43466,0.41121,0
2.78392,-0.06007,0
2.92477,-0.30878,0
2.14795,0.56904,0
-0.01305,0.79261,0
-0.33063,-1.01301,0
1.4018,-0.89743,0
3.3465,-0.25043,0
3.02459,0.26625,0
2.253,0.62809,0
-0.13024,-0.1873,0
0.27191,-1.10468,0
1.36254,1.17421,0
1.58558,0.06589,0
0.07141,0.43934,0
-0.36491,-0.2747,0
3.28992,1.18133,0
0.3744,0.80934,0
0.33954,0.34016,0
2.84951,-1.22432,0
0.13916,0.50443,0
0.35132,-0.82056,0
0.16733,-1.11296,0
2.60128,-0.93793,0
2.19565,-0.02085,0
2.20499,0.02228,0
0.96249,0.99711,0
1.36406,-0.50634,0
1.21956,-0.78759,0
1.85122,-0.95245,0
0.94226,0.65398,0
-0.25823,-0.13644,0
0.19761,0.74944,0
1.48376,1.11664,0
0.2029,0.21386,0
2.32333,-1.2033,0
1.64193,-0.27174,0
1.89272,-0.98514,0
1.78409,-0.68777,0
1.64321,0.04787,0
0.33773,-1.08774,0
0.00828,-1.20455,0
2.57745,0.99922,0
2.84312,-0.17824,0
1.73369,0.81864,0
1.59626,-0.24636,0
1.54687,0.77069,0
1.43019,-0.32494,0
0.81272,1.19763,0
1.24214,0.09121,0
-0.14898,-0.94679,0
0.43615,0.57073,0
1.64801,1.03163,0
2.74128,-1.05359,0
-0.08436,0.4608,0
2.10762,1.03133,0
-0.02309,-0.10398,0
3.45008,-1.09279,0
0.79405,0.65344,0
0.11861,-1.22884,0
0.89432,-0.69151,0
3.18183,-0.64748,0
-0.3009,-0.63177,0
1.5594,-0.01837,0
2.84157,-0.9312,0
3.05883,-0.8625,0
0.04529,0.34191,0
-0.34831,0.60145,0
1.03446,-1.12574,0
2.76368,-0.00522,0
1.55095,-0.94883,0
1.26073,0.81781,0
2.26545,-0.96549,0
3.41768,1.23431,0
2.04774,-0.13905,0
3.27195,0.27238,0
0.57726,1.1049,0
3.39239,-1.21388,0
3.10429,0.48768,0
0.50924,-0.25247,0
3.33995,0.66968,0
1.36355,0.33494,0
2.69564,0.01022,0
1.82484,-0.47168,0
0.17124,0.08495,0
1.63917,0.71283,0
3.25441,1.01422,0
1.28237,0.87808,0
3.49892,1.24285,0
2.44849,-0.53377,0
2.64365,-0.11352,0
1.52036,-0.75522,0
2.62982,-0.22063,0
0.49985,-0.81109,0
0.98605,0.83614,0
1.89465,-1.03994,0
2.78262,-0.67097,0
2.30732,-1.02105,0
2.49851,-0.7279,0
1.45846,0.63694,0
1.97489,0.42011,0
0.03344,-0.6871,0
0.10963,0.72458,0
0.20802,0.48411,0
3.01806,-0.65067,0
2.41707,-0.65928,0
-0.19867,-1.21735,0
1.20233,-0.49532,0
2.11624,0.45845,0
3.16902,-0.86043,0
3.01031,0.44367,0
1.41923,0.20534,0
1.86799,-0.80514,0
-0.14162,-0.72714,0
1.42395,0.19906,0
2.53657,0.36614,0
0.5639,0.08974,0
-0.25995,0.64295,0
3.2639,-0.10138,0
-0.20043,-1.20277,0
3.29752,0.5671,0
2.62264,-0.36601,0
1.66399,0.25184,0
0.57218,-0.84913,0
0.92075,0.56735,0
1.00684,-1.12405,0
0.53058,0.722,0
-0.20379,-0.46185,0
-0.02189,1.13625,0
1.52985,0.97004,0
1.44202,0.11014,0
3.36755,-0.75313,0
1.04868,-0.53495,0
3.26572,0.56344,0
3.09657,1.08175,0
-0.01198,-0.16473,0
1.69675,0.53938,0
2.80811,-0.95132,0
-0.37994,-0.43299,0
3.18562,-0.39123,0
1.67845,-0.92076,0
2.18559,-0.2887,0
0.60847,-0.77422,0
1.09688,-0.50585,0
1.45063,-0.97325,0
-0.48586,-0.7563,0
0.10083,-0.37746,0
0.44689,0.63964,0
3.14945,-1.2239,0
1.51914,0.89872,0
1.65346,0.98754,0
2.54332,0.46994,0
2.1405,-1.06214,0
0.44889,-1.18759,0
0.21138,-0.28617,0
1.76321,-0.17355,0
3.31764,-0.81162,0
1.18991,-1.06584,0
2.73108,-0.36893,0
1.91019,0.0742,0
0.01785,-0.32205,0
-0.46969,0.91978,0
1.93977,0.1574,0
1.78721,1.21549,0
-0.34847,-0.67292,0
1.67039,0.61546,0
0.44638,-0.427,0
2.12501,-0.03718,0
0.89039,0.60074,0
0.43136,0.18592,0
2.89014,-0.52083,0
1.39715,-0.53662,0
0.90674,-0.77034,0
-0.35902,-0.46607,0
2.31718,-0.24455,0
0.40992,-0.09022,0
1.26363,0.8971,0
2.77499,1.20628,0
1.872,-0.12102,0
2.13383,0.75359,0
1.47124,0.58369,0
2.59685,1.09592,0
2.39341,0.2852,0
0.39001,-0.88729,0
0.63589,-0.07444,0
3.25775,1.00292,0
0.40475,-0.72466,0
1.41842,-0.93411,0
-0.48146,-1.24725,0
1.25161,-0.18014,0
2.91019,-0.76293,0
2.35498,-0.79612,0
0.60089,0.39309,0
2.47802,0.4731,0
1.09269,-0.6103,0
2.78309,-0.24039,0
2.86302,-0.74369,0
1.83614,-0.09905,0
3.19159,0.90179,0
0.39667,0.56216,0
2.68056,0.35285,0
3.12223,-1.04988,0
2.90793,-0.82484,0
1.69105,0.00478,0
0.71131,-0.55889,0
2.60408,0.06173,0
3.0152,-0.66617,0
2.6498,-0.11171,0
3.09565,1.19965,0
3.04254,-0.62504,0
-0.35737,-0.05878,0
0.06885,-0.54575,0
0.68785,-0.46655,0
3.07724,1.09112,0
0.03087,-0.46613,0
2.81723,1.03329,0
0.55981,-0.0082,0
1.30643,-0.00646,0
0.17018,-0.98981,0
1.36418,0.81531,0
0.72269,-0.70224,0
2.07327,0.06982,0
0.76925,0.3645,0
1.14988,0.17746,0
0.409,-0.10498,0
3.10582,0.95641,0
0.19307,0.79659,0
2.98974,0.07389,0
2.64229,-0.28604,0
-0.18102,0.88952,0
2.9026,-0.60112,0
2.72058,-0.78214,0
2.94348,1.20609,0
1.08593,0.50653,0
2.68755,0.09982,0
3.10579,0.97365,0
1.36238,0.77006,0
2.66473,-0.3285,0
2.95188,-0.60086,0
1.80028,0.02084,0
2.99303,0.34723,0
0.82873,-0.21643,0
0.12804,-0.16643,0
1.36677,0.73365,0
0.71057,0.63969,0
1.08236,0.09346,0
2.39042,1.24221,0
-0.25882,-0.98219,0
0.29585,-0.99924,0
1.73827,-1.09861,0
0.12352,0.81923,0
2.04337,0.97731,0
3.35322,-0.54665,0
0.9997,-0.78975,0
0.86831,0.1177,0
2.16277,0.60931,0
3.45601,-0.22376,0
2.72881,-0.3876,0
1.3314,1.17956,0
2.97616,-0.78731,0
1.79292,1.23883,0
0.28481,0.64895,0
0.90377,0.87647,0
2.8693,-0.71744,0
3.47601,0.45889,0
1.3239,-1.08545,0
0.58378,-0.9262,0
0.19705,0.28623,0
1.62523,-0.18982,0
0.7621,0.30463,0
1.70229,-0.67555,0
2.11308,-0.2556,0
-0.35166,-0.51061,0
0.8973,0.68973,0
1.14622,1.11727,0
0.44639,-0.8346,0
1.5221,-1.10337,0
1.16386,0.05093,0
1.14354,1.16445,0
2.20468,-0.96219,0
0.62799,0.94896,0
2.85186,0.39874,0
0.45297,-0.3832,0
2.46147,0.87733,0
2.51601,-1.20105,0
1.38893,0.2935,0
-0.10362,0.49543,0
0.00936,0.08906,0
1.14809,0.15255,0
1.83719,0.49415,0
0.57195,-0.08338,0
2.17591,0.36241,0
0.79752,-0.70423,0
-0.30666,-0.59019,0
0.52914,1.21692,0
2.11307,0.15066,0
1.4287,-0.99645,0
-0.34482,0.03231,0
1.39074,0.80572,0
0.95367,-0.86787,0
0.36622,-0.45701,0
0.10647,0.48622,0
0.3839,0.40718,0
1.88871,-0.35523,0
0.2544,1.15537,0
2.30577,-1.05106,0
0.23439,-0.27774,0
1.17734,-0.52609,0
1.98619,0.58019,0
2.17173,0.48344,0
1.61678,-0.39856,0
1.10839,0.93176,0
0.79627,0.7313,0
0.89207,0.32896,0
-0.40348,0.06602,0
1.71545,0.81189,0
2.50367,0.55901,0
2.12308,-0.76795,0
1.19693,-0.65888,0
2.65198,1.07751,0
-0.48177,1.00258,0
2.03381,0.39718,0
1.30892,0.67564,0
-0.0402,-1.22816,0
1.52602,0.19148,0
0.58753,-1.09273,0
1.657,-0.7339,0
0.64474,0.90282,0
1.91931,-1.16382,0
3.24069,0.5112,0
2.80859,0.71513,0
1.22106,-1.19778,0
3.15411,-0.9244,0
1.17114,-0.21388,0
1.07193,1.24093,0
-0.30556,-0.37305,0
0.0182,-1.0852,0
1.44569,1.11591,0
0.36543,-1.15094,0
0.57289,0.27017,0
1.36361,0.4491,0
2.7321,-0.65061,0
3.34664,0.20155,0
-0.03649,-0.49034,0
1.31409,-0.64021,0
3.03576,-0.87514,0
0.50717,1.09725,0
2.69063,-0.93838,0
3.46301,0.27191,0
0.88721,-0.24491,0
0.48244,0.77765,0
0.72205,-0.05112,0
2.11015,0.55647,0
1.90717,-1.1121,0
0.29719,-0.29187,0
1.64572,0.7295,0
-0.35648,-0.62196,0
2.57089,0.21883,0
2.90817,-1.01339,0
2.96982,-0.37433,0
1.47434,-0.02166,0
1.9785,-0.4671,0
2.53788,-0.44572,0
3.2375,-1.04943,0
0.36054,0.89078,0
-0.32273,-0.9289,0
0.08041,-0.10867,0
0.54882,0.5601,0
-0.46945,0.48962,0
0.34216,-0.86697,0
-0.05723,0.85755,0
0.72083,0.47442,0
1.71934,0.88663,0
1.34255,-0.97994,0
3.18258,0.42913,0
0.3297,0.09162,0
0.31975,-0.38579,0
2.25552,-1.17403,0
1.71821,0.12304,0
1.36815,-0.58095,0
2.43569,0.24025,0
3.09954,-0.29769,0
2.66139,0.65243,0
1.70572,0.09535,0
2.49069,-0.04273,0
2.70107,0.70033,0
2.78945,0.96157,0
0.373,-1.15513,0
2.1953,-1.19652,0
-0.3258,-1.02734,0
1.69049,0.92174,0
3.10512,1.0946,0
2.00028,-0.25526,0
2.14336,0.23037,0
-0.47579,1.08997,0
1.61917,0.18001,0
3.39709,1.0485,0
2.38749,-1.05852,0
0.78006,-0.27458,0
1.23097,-0.10292,0
0.9458,-0.95885,0
1.37843,-0.95748,0
1.19285,-0.8064,0
-0.41881,-0.87359,0
1.90016,-0.63268,0
1.25941,0.74257,0
2.81813,-0.25867,0
1.84844,-0.99852,0
3.46619,-0.71573,0
1.36005,-0.80037,0
2.36355,0.07346,0
0.41071,0.10272,0
2.0625,0.42759,0
3.2958,1.12938,0
2.66638,0.41241,0
3.23416,-0.51809,0
2.27724,0.16616,0
-0.37015,0.6829,0
-0.14046,0.15491,0
2.90907,0.92162,0
0.72039,0.0516,0
-0.06661,0.87182,0
0.32446,-0.84676,0
0.39414,0.27522,0
2.44473,0.67903,0
2.08811,-0.83056,0
1.69032,1.05793,0
2.78857,-0.21113,0
-0.18608,-1.00131,0
1.3461,-0.07718,0
2.13651,0.18112,0
0.67972,0.77865,0
0.7477,-0.6226,0
3.01346,0.78343,0
2.95049,1.07544,0
2.2311,-1.1132,0
2.17438,-0.15436,0
0.61532,-0.62003,0
0.53456,-0.94749,0
1.74132,-0.18541,0
1.29087,1.24576,0
1.86399,0.2326,0
2.95871,-0.49433,0
0.47918,-0.04457,0
1.91329,-0.04507,0
2.51936,0.3778,0
-0.46095,-0.67003,0
0.45859,-0.34102,0
3.10248,-1.19946,0
-0.4282,0.76264,0
1.30133,-0.18708,0
2.56393,0.04139,0
2.00888,-1.04219,0
1.56597,0.76596,0
1.49998,-0.0471,0
0.46741,-1.16283,0
0.90007,-0.56732,0
3.47268,0.08163,0
0.38004,0.80095,0
2.07393,0.33145,0
1.91406,1.22554,0
2.40596,-0.76039,0
1.02423,0.45642,0
2.68414,-0.07689,0
1.48875,-1.13877,0
1.92819,-0.53622,0
1.65401,1.23077,0
-0.07021,-0.97255,0
0.36255,-0.45102,0
2.6598,0.52124,0
0.06822,-0.84886,0
0.09114,0.24436,0
0.37012,-0.59513,0
2.74136,0.99552,0
-0.14189,-0.84723,0
0.34415,0.79116,0
3.27634,0.87815,0
-0.47744,-1.07829,0
3.0839,-0.05296,0
1.06079,0.74129,0
1.18334,-1.21169,0
0.92649,0.77691,0
2.04102,-0.38766,0
3.00847,0.73035,0
-0.33026,0.009,0
0.68484,-1.16622,0
2.53337,-1.09711,0
0.7918,1.17064,0
0.41987,1.14606,0
2.02659,0.08189,0
-0.47734,-0.2406,0
3.24984,-0.80806,0
1.14198,0.57141,0
1.4158,0.95367,0
0.44063,1.15881,0
0.76584,-1.09466,0
2.61678,0.04862,0
2.1695,0.71862,0
3.26549,0.63474,0
2.64918,0.63215,0
1.39539,-0.82004,0
2.141,0.83548,0
1.07067,-0.61613,0
3.13125,1.09964,0
1.84761,-1.13617,0
3.28296,-0.80648,0
-0.36115,0.12686,0
0.87195,-0.51803,0
-0.26006,1.07236,0
3.33678,1.07847,0
1.63615,-0.79036,0
1.37485,1.07118,0
0.31854,-1.05197,0
2.87686,-0.0276,0
0.63117,-1.13696,0
1.35992,0.9457,0
0.39626,-0.02179,0
2.76404,-1.10865,0
1.47632,0.83613,0
3.34284,-0.19771,0
1.57622,-0.50003,0
0.28233,-0.8856,0
2.90104,0.91781,0
-0.45634,-0.35008,0
1.51806,-1.10507,0
2.36056,-0.26852,0
-0.0774,-0.04961,0
0.4146,0.78693,0
0.33953,1.2233,0
2.72711,0.06826,0
2.44119,1.22856,0
0.37685,-1.08023,0
1.12183,0.99888,0
3.41835,1.18431,0
2.50337,-0.2202,0
0.77205,-0.33263,0
0.10446,0.27335,0
1.66777,-0.66454,0
0.9278,-0.81407,0
-0.18834,-0.12971,0
1.88082,1.18463,0
-0.31864,0.34222,0
0.98197,0.20027,0
1.85021,1.24385,0
2.22124,0.04829,0
2.49033,-0.97724,0
1.96405,1.21321,0
2.89953,-0.28518,0
3.08184,0.73998,0
1.17147,0.00617,0
2.87634,0.89216,0
2.97729,-0.42836,0
-0.07211,0.00281,0
2.44723,-0.45843,0
2.81515,0.2841,0
0.15569,0.32584,0
0.71739,-0.56552,0
3.29859,-0.38925,0
1.42349,1.1304,0
3.29342,0.00954,0
2.21634,-0.60709,0
1.0117,-0.81563,0
0.69588,0.21062,0
0.61208,-0.97881,0
-0.04575,-0.21433,0
-0.00843,-0.86839,0
-0.3487,-0.74913,0
-0.42609,0.91279,0
1.40951,-0.09333,0
2.46268,-0.50097,0
0.32927,-0.1424,0
3.25467,-0.66861,0
2.75119,-1.17822,0
1.2081,0.1298,0
2.98287,-0.87573,0
0.21188,0.23035,0
2.85478,1.0916,0
-0.25993,0.0715,0
-0.48672,-0.38123,0
0.80044,1.01845,0
-0.36951,0.01838,0
2.27907,0.74518,0
2.8037,-0.09902,0
0.37218,0.55049,0
-0.00343,-0.21639,0
1.12455,-0.51096,0
0.17164,-0.31443,0
-0.04868,0.29093,0
2.75428,0.43548,0
3.14913,0.05661,0
2.43695,-0.24797,0
-0.34553,-0.01672,0
0.14591,1.03701,0
2.72071,-0.08352,0
0.89591,0.20331,0
1.95102,0.31673,0
2.50156,-0.72105,0
2.37681,-0.53849,0
1.1072,0.96615,0
2.38982,0.81168,0
3.32978,0.04169,0
3.22683,-0.99289,0
1.45094,0.00314,0
2.94382,-0.79561,0
2.89571,-0.5595,0
0.65689,0.70295,0
2.09185,0.55538,0
2.54549,-0.89125,0
3.4862,-0.15414,0
1.05917,0.99966,0
2.74717,-0.83335,0
2.24795,-0.44831,0
0.4383,1.24386,0
-0.13668,-0.05916,0
0.53548,-0.89406,0
2.63689,0.58594,0
1.96313,0.71447,0
0.57267,0.61507,0
3.18582,-0.83397,0
2.70224,0.31204,0
3.15844,0.06395,0
1.22936,-0.11954,0
3.36736,-0.212,0
0.54758,-0.59169,0
0.80944,-0.8421,0
3.2888,-0.7952,0
0.49108,-0.52722,0
0.66608,0.63388,0
0.40316,-0.8797,0
0.70655,-0.72746,0
0.03917,-1.23658,0
0.06131,0.50846,0
2.73342,0.96443,0
0.16654,0.61193,0
0.61509,-0.47745,0
-0.40618,-1.00216,0
-0.34797,-0.07494,0
0.26659,0.4,0
2.53216,-0.97098,0
2.45178,0.18687,0
-0.30061,0.20171,0
3.3492,-0.42321,0
2.11982,-0.25057,0
0.03723,-0.78193,0
0.8648,-0.85221,0
2.02975,0.47307,0
2.9668,0.68148,0
2.93965,-0.37034,0
2.49825,-1.09443,0
3.10196,1.10097,0
0.4719,-0.59315,0
0.5298,-0.1858,0
1.15794,1.10355,0
1.90673,0.82956,0
0.51583,-0.13734,0
-0.36283,-0.74785,0
2.71693,-0.60309,0
2.79338,-1.02742,0
-0.24067,0.29747,0
2.27276,1.00179,0
1.31953,-0.95804,0
0.41713,-0.19614,0
1.42704,-1.05708,0
-0.49598,0.78349,0
3.08447,0.95062,0
0.51696,0.78072,0
1.32837,0.92194,0
0.25777,0.02233,0
2.26545,-1.09526,0
3.30773,-1.20262,0
-0.20582,0.56409,0
3.08599,0.25258,0
2.84876,1.0706,0
2.59143,0.30361,0
1.29023,0.71762,0
1.51056,-0.77601,0
3.2353,0.58578,0
1.42337,0.3802,0
3.41798,-0.6731,0
3.01039,-0.45874,0
3.19862,-0.47856,0
2.04155,0.24567,0
1.36647,0.85557,0
0.40436,-0.69975,0
1.3252,-0.36343,0
2.43472,-0.8694,0
0.94103,0.26418,0
3.21662,-0.43842,0
0.08122,0.8309,0
1.4745,0.13694,0
1.01643,1.12343,0
0.84892,-0.04507,0
0.67924,0.53015,0
-0.20544,-1.07691,0
0.74683,-0.90247,0
3.45299,-0.46471,0
2.58834,-0.97731,0
1.13358,-0.42677,0
2.14536,-1.04298,0
0.33525,-0.56142,0
1.58695,-0.5617,0
1.42443,-0.6654,0
3.35972,-0.0624,0
-0.40259,0.54129,0
3.47241,-0.15712,0
-0.23375,0.35096,0
2.7786,0.4593,0
3.37844,0.18385,0
2.46642,-0.13817,0
2.59599,-0.01246,0
0.62088,-1.23549,0
0.37081,0.71709,0
-0.4591,-1.1454,0
2.98483,0.25447,0
0.12129,0.81966,0
3.25221,-0.55439,0
-0.39152,1.03386,0
0.90404,1.05075,0
2.71874,-0.98847,0
1.72176,0.14385,0
-0.28604,0.36246,0
-0.29191,-1.10183,0
-0.31527,-0.93136,0
1.93019,-0.6022,0
3.09968,-0.46196,0
2.30451,-0.9929,0
-0.14203,-0.83519,0
1.53439,-0.68924,0
-0.42266,0.11894,0
3.43459,0.1433,0
1.16269,0.95328,0
3.21283,0.86551,0
-0.38015,1.04666,0
1.76707,0.44091,0
1.45134,1.06586,0
1.88133,-0.204,0
1.51162,0.32356,0
2.25107,-0.33361,0
0.79402,-0.82332,0
-0.15327,0.17501,0
2.08991,0.88661,0
2.16445,0.7244,0
3.10787,1.18997,0
2.78007,0.0724,0
1.39069,0.43966,0
0.5101,0.82005,0
0.54006,0.89578,0
-0.32737,-0.08216,0
3.23133,0.85731,0
2.22386,0.56166,0
0.49655,-0.43937,0
-0.39684,-0.7677,0
2.14165,-1.11635,0
1.39415,-0.4623,0
1.11049,0.96546,0
1.45385,-0.15392,0
3.21613,1.10781,0
1.03326,0.45387,0
-0.46447,1.08994,0
2.3459,-0.82804,0
-0.10996,-0.79376,0
1.71346,-0.81813,0
-0.37821,-0.15725,0
2.09704,0.56337,0
2.1218,1.19976,0
2.90248,1.00076,0
2.68451,0.90942,0
0.37672,1.01612,0
2.8493,0.311,0
1.32484,0.47563,0
0.86487,-0.55952,0
3.47908,-1.24206,0
2.87521,-1.17761,0
1.51454,-0.31667,0
2.1855,-0.76289,0
0.4498,-0.97645,0
3.44536,0.40312,0
2.81851,-0.05309,0
1.62289,0.61663,0
1.08679,-0.16583,0
1.88304,-0.48797,0
2.80472,0.03412,0
1.89834,-0.50445,0
2.13019,0.21664,0
-0.37169,-0.17169,0
-0.28783,0.78879,0
3.49454,-0.45302,0
2.84624,0.74233,0
1.79226,0.18622,0
0.24323,0.59532,0
2.29086,-0.76298,0
1.18139,-0.8554,0
1.61531,-0.29989,0
1.61238,1.02124,0
1.90527,-0.48264,0
0.74087,-1.10583,0
2.5237,-0.36046,0
1.4585,-0.84034,0
1.32618,0.95322,0
0.01415,-0.96349,0
0.21957,0.79908,0
1.0772,-0.07158,0
3.00051,0.68416,0
-0.10598,-0.84131,0
3.00856,1.01089,0
1.3503,1.05545,0
0.24313,-1.1813,0
2.58057,1.20343,0
-0.21336,0.57078,0
-0.2678,-0.4084,0
-0.24407,0.78747,0
2.11079,0.93463,0
-0.25709,1.03648,0
2.4619,1.12104,0
1.39234,0.85797,0
0.13097,-0.96815,0
3.06233,0.91563,0
1.55443,0.65254,0
2.03476,0.73349,0
-0.4758,-0.46912,0
2.63809,-1.0844,0
3.03526,0.16392,0
2.40485,-1.11235,0
2.29335,0.75922,0
1.05482,-1.16707,0
0.66482,-0.51925,0
1.37866,0.23082,0
3.4138,-0.60123,0
2.23429,1.18933,0
1.0255,0.05392,0
1.53127,0.02714,0
3.45384,0.93318,0
0.16,-1.20554,0
0.26914,0.11783,0
2.53816,0.08862,0
1.38364,-0.26989,0
2.90558,-0.30253,0
0.93523,0.22017,0
3.06378,-1.16174,0
1.71224,-1.24112,0
3.26236,0.81474,0
0.03142,-0.56938,0
3.22805,-0.51492,0
3.31991,-1.15206,0
2.12875,0.95811,0
0.81398,-0.04406,0
-0.06143,-1.19835,0
3.11121,-0.67726,0
1.70809,-0.64413,0
0.84736,-0.70272,0
3.16189,-0.7413,0
0.39391,1.17704,0
1.27409,-0.11707,0
-0.20726,-0.07386,0
2.54795,-0.22195,0
2.44964,0.08815,0
0.07336,0.93589,0
1.93117,0.68314,0
2.65637,-0.25876,0
2.95962,-1.05339,0
0.6965,0.55627,0
3.17549,0.86631,0
3.08706,1.00456,0
-0.33844,-0.06809,0
2.27736,-1.18323,0
0.86781,-0.62326,0
-0.49925,-0.58681,0
1.32337,0.49744,0
2.30383,0.65158,0
1.50352,0.68546,0
2.98157,0.85685,0
1.919,-0.97579,0
3.08583,1.23467,0
1.44944,0.48065,0
0.57134,-0.99021,0
1.04481,-0.13168,0
3.27531,-0.51552,0
2.50323,-0.88618,0
-0.00745,-0.58609,0
2.07712,-1.16804,0
0.11958,-0.30312,0
1.66308,-0.0188,0
0.9015,-0.20481,0
0.95458,0.18167,0
2.01285,-1.17543,0
-0.16922,0.33519,0
1.37756,-0.69725,0
1.10272,-0.28866,0
0.67826,0.93574,0
2.44521,-0.69096,0
2.18028,-1.07252,0
1.91068,1.05431,0
0.4236,0.94723,0
1.38755,-0.04071,0
1.90735,-0.52605,0
0.95215,0.16839,0
-0.2856,0.95915,0
-0.32565,-0.26043,0
2.86989,-0.09249,0
2.82319,0.31394,0
2.93592,1.22842,0
-0.17734,-0.26747,0
0.58672,-0.32832,0
2.19662,-1.11693,0
0.73831,-0.0277,0
-0.41816,0.52849,0
2.74622,-0.99807,0
0.11332,0.17585,0
3.46148,-0.98738,0
1.41121,0.07754,0
1.0929,0.70329,0
1.94736,-1.00039,0
0.0404,-0.77143,0
2.57262,-0.69539,0
2.26079,0.71761,0
0.18614,-0.126,0
0.28841,-0.24667,0
3.05353,-0.00886,0
-0.0347,-1.17228,0
2.90764,0.50744,0
0.64578,0.60039,0
0.5956,-0.92915,0
2.76874,0.71445,0
2.52453,-0.19066,0
2.24881,-0.50306,0
0.44842,-0.37988,0
2.48947,0.01435,0
-0.34008,0.57614,0
2.38166,1.1745,0
0.71077,0.70992,0
1.01242,-0.64295,0
-0.30568,0.28309,0
2.88842,-0.06906,0
1.41114,0.61691,0
1.80071,0.65701,0
0.56222,1.03368,0
1.72391,-1.13676,0
2.44073,0.45579,0
3.31581,-0.34424,0
1.81927,-1.19826,0
0.87673,-1.07741,0
-0.23848,1.00009,0
1.72364,-0.78959,0
0.22813,-0.92086,0
0.79279,-0.494,0
0.11997,-0.0221,0
-0.37078,1.05218,0
1.27999,0.48435,0
0.73162,1.04648,0
2.42915,0.36225,0
1.98658,1.05157,0
3.01203,-0.83286,0
1.52186,0.45403,0
2.28971,-0.10664,0
1.8068,-0.2306,0
1.71007,0.11366,0
1.27783,-0.98289,0
-0.29049,-0.76208,0
0.57268,-0.89621,0
0.87668,0.59318,0
2.25638,-1.06797,0
0.23385,0.82703,0
1.30528,0.45135,0
0.05399,0.13623,0
0.30327,0.46844,0
2.84401,-1.01501,0
0.26096,1.02054,0
0.42002,0.12226,0
1.8099,1.22185,0
2.83191,0.13457,0
2.62244,-0.38709,0
2.82449,0.4934,0
3.36178,-0.80462,0
1.58114,-0.62185,0
3.44059,-0.77319,0
3.42005,0.40907,0
-0.41579,-1.19528,0
2.25328,-1.03929,0
2.17622,0.23892,0
0.15773,-0.75786,0
2.12606,0.66161,0
1.48181,0.99884,0
2.9914,-0.42529,0
3.42905,-0.66362,0
1.97397,0.64505,0
2.45947,0.2269,0
1.00976,-0.32131,0
0.7796,-1.19627,0
2.35602,-0.63756,0
1.30426,-0.67104,0
0.39242,0.34774,0
2.86768,0.71966,0
2.14698,-0.01077,0
2.78237,-0.55419,0
2.42953,0.99683,0
0.13411,0.90343,0
-0.16422,-0.07159,0
-0.20034,-1.23952,0
1.47514,-0.5526,0
0.65478,0.09775,0
3.03612,-0.78795,0
2.78772,-0.96599,0
1.40843,1.20834,0
0.38435,0.50009,0
1.25238,0.76671,0
2.31564,0.52308,0
-0.21275,0.12712,0
0.85012,1.02269,0
0.98268,-0.01638,0
1.6465,0.12097,0
2.90169,0.85901,0
2.00827,0.37055,0
0.5831,-0.15591,0
2.34135,-0.45569,0
1.12015,-1.15386,0
1.09623,0.94974,0
3.21669,1.09016,0
2.55635,-0.75525,0
3.18919,-0.53642,0
2.58071,-0.33824,0
3.25741,0.59332,0
1.75457,0.28394,0
-0.02345,-0.3482,0
0.5791,0.70164,0
3.32539,1.09776,0
-0.10366,0.32672,0
-0.36561,1.218,0
2.01644,0.8212,0
3.33899,-0.55608,0
3.47126,0.53109,0
1.74621,-0.09085,0
-0.47908,1.09327,0
1.40898,0.91393,0
1.98475,-1.1403,0
1.04928,1.01576,0
2.11271,1.0091,0
0.39289,0.31604,0
-0.37958,0.55179,0
0.5008,0.43256,0
-0.37232,0.09271,0
1.0576,-1.24575,0
-0.38207,-0.53251,0
0.89331,-0.6702,0
2.15542,-0.81095,0
0.69719,0.07544,0
2.09118,0.59067,0
1.99326,0.02429,0
2.29707,0.39033,0
-0.4811,0.95534,0
2.23201,-0.02145,0
0.26797,-0.81615,0
2.12335,-0.01038,0
-0.18409,-1.02969,0
2.8244,0.12128,0
2.90231,-1.22545,0
2.67157,-0.4589,0
1.22822,0.21673,0
1.15457,0.55395,0
3.41261,1.21043,0
1.67989,0.98061,0
-0.35107,-0.95121,0
1.67083,-0.06208,0
1.63635,1.09126,0
3.24274,-0.72184,0
2.70659,-0.02822,0
2.10798,0.49851,0
2.34137,-0.14597,0
1.67404,-0.67716,0
2.13058,-0.47966,0
0.0341,-1.073,0
2.35907,0.01442,0
3.31547,0.81814,0
0.83085,-0.12634,0
0.94328,0.69443,0
0.18139,0.03834,0
0.55496,-0.04475,0
2.10208,0.36173,0
3.35679,-0.63298,0
2.26899,1.049,0
2.3588,-0.55123,0
3.1362,-0.83632,0
2.42387,0.3404,0
1.29257,-0.45818,0
0.90464,0.49575,0
0.67443,0.0764,0
1.71395,-0.20196,0
2.88443,0.51393,0
3.44666,-0.64632,0
1.31942,0.49032,0
-0.01236,0.01301,0
-0.09614,-0.72023,0
3.04761,0.39732,0
2.51826,0.72374,0
1.85163,-0.69385,0
0.96512,0.59634,0
1.71936,0.14442,0
0.23851,0.11631,0
2.05518,0.57336,0
1.93586,-0.23709,0
2.18358,-1.13387,0
0.5713,-1.24727,0
0.98607,-1.0085,0
1.55613,0.15437,0
1.16917,0.69583,0
3.07516,0.01935,0
1.44927,0.0665,0
1.67317,0.8078,0
1.32208,-0.93935,0
2.32596,-0.80942,0
2.86689,-0.87414,0
2.26895,0.27331,0
0.42933,0.11664,0
2.83013,-1.11751,0
0.59154,-1.01413,0
-0.47323,0.31615,0
0.79245,-0.15345,0
2.67517,-0.83231,0
2.74241,0.46904,0
1.2846,0.17204,0
1.23164,-0.35696,0
1.20713,-0.38883,0
2.36913,-0.19951,0
0.43791,0.20004,0
3.4726,-0.67632,0
3.13963,-0.45713,0
1.84767,1.11212,0
0.73544,-1.04063,0
1.48006,-0.56991,0
3.48911,0.54009,0
1.57511,-0.95758,0
0.03251,-0.69959,0
2.92858,0.89778,0
2.0987,-0.19158,0
3.04086,-0.89867,0
0.22838,-1.17674,0
0.466,-1.23356,0
0.72744,-0.30551,0
-0.32367,-0.78298,0
0.16607,0.76591,0
1.59132,-0.53691,0
0.42333,-0.76921,0
0.31855,-0.42686,0
2.09796,0.90941,0
0.6041,-0.43827,0
0.93875,0.47263,0
2.11321,-0.54243,0
-0.07865,0.20964,0
0.8566,-0.01399,0
1.46984,0.67368,0
-0.09444,0.97186,0
3.02956,0.48471,0
0.74538,0.11786,0
1.57405,0.28779,0
2.71861,-1.20165,0
1.73848,0.53519,0
-0.07446,0.64742,0
0.92961,0.23888,0
1.92631,-1.16798,0
2.31047,-0.13642,0
0.23481,-1.0658,0
1.21394,0.31017,0
2.59171,1.24666,0
3.38406,0.93481,0
1.37826,-0.60392,0
3.05929,0.51469,0
1.86928,0.47837,0
3.4652,-0.80041,0
2.01717,-1.05244,0
1.38986,-1.18609,0
0.68126,-0.69705,0
3.31321,-0.90611,0
2.17127,-0.08136,0
0.61276,-0.98676,0
-0.1142,-0.87088,0
1.57373,0.43612,0
1.36631,-0.82278,0
2.02218,0.40423,0
2.37721,0.31866,0
1.01915,0.04783,0
1.13935,-0.33459,0
2.20116,-0.88869,0
1.53069,-0.03674,0
-0.38547,-0.28375,0
2.73107,0.01458,0
1.56985,0.36047,0
-0.17519,-0.38302,0
1.02889,-1.16402,0
1.99976,-0.01306,0
-0.49398,-0.59701,0
3.4771,-0.30071,0
0.17047,0.34637,0
-0.08955,0.10777,0
1.73621,-0.50819,0
1.52299,-1.19202,0
2.68545,1.0652,0
1.78277,-0.12171,0
2.24768,0.04564,0
1.51446,0.38094,0
0.7737,-1.06594,0
0.54376,0.69848,0
0.99174,0.98992,0
0.10094,1.1763,0
-0.4939,0.90965,0
2.33542,-0.51509,0
2.92422,0.38117,0
-0.24937,-0.37698,0
3.36942,-0.03377,0
3.00742,-0.44925,0
1.66176,-1.22133,0
2.03601,-1.0284,0
2.37821,-0.95141,0
2.51151,-0.85034,0
2.77632,-1.24553,0
2.5928,0.17923,0
0.14155,-0.3557,0
2.65596,0.74212,0
2.34603,0.01216,0
3.24744,0.79924,0
3.34219,-0.37764,0
1.06612,-0.09151,0
0.71551,0.59435,0
0.88545,0.07265,0
1.26021,-0.92884,0
1.06183,0.52776,0
1.5105,-0.51275,0
2.5279,0.6047,0
0.48771,-0.67876,0
3.18199,-0.05019,0
1.22037,-1.07121,0
2.94423,0.42325,0
0.59437,0.95577,0
-0.34569,-0.65424,0
0.15991,-1.23315,0
0.38249,1.09174,0
3.16823,-1.08453,0
3.1932,0.70925,0
0.65657,-1.17888,0
2.25617,0.99538,0
0.84758,0.25257,0
1.68964,1.22922,0
2.99284,0.9226,0
-0.02132,0.7162,0
-0.01904,-1.23549,0
0.22336,-0.90102,0
-0.16311,0.93393,0
2.6469,0.86321,0
0.90191,-0.0284,0
0.02934,1.0722,0
1.40607,-0.12045,0
1.12377,-0.97689,0
1.27846,0.32125,0
0.98828,0.81511,0
1.59508,-0.04894,0
2.98038,-0.68384,0
1.97656,-0.86064,0
3.16411,-0.74675,0
-0.31992,-0.89426,0
2.35928,-0.94607,0
1.96198,-0.24215,0
1.86327,0.50764,0
1.09286,-0.30115,0
0.48552,0.81103,0
2.84579,0.44472,0
-0.12634,-0.7417,0
0.92466,-0.65948,0
0.28041,-1.16135,0
0.1763,-0.93308,0
0.01076,0.84833,0
3.16786,1.07732,0
1.01684,1.13403,0
2.43471,0.10995,0
2.98456,0.30888,0
2.82267,-1.17469,0
2.07196,0.28132,0
3.22854,0.28983,0
1.77646,0.46323,0
0.33956,1.18356,0
0.76755,1.03937,0
1.25798,-0.23069,0
3.35236,0.22263,0
-0.03772,1.05182,0
1.11196,0.02858,0
-0.29754,0.82821,0
2.0503,0.50783,0
2.3224,-1.09192,0
0.95746,-0.57805,0
1.37635,0.64914,0
2.56546,0.04938,0
1.35126,-0.69929,0
-0.43162,0.1238,0
0.24798,0.43723,0
1.50544,-1.2392,0
3.1505,-1.23892,0
3.21574,0.29082,0
-0.44565,-0.87716,0
3.02643,-0.55929,0
1.06161,-1.21599,0
0.44365,-0.89962,0
1.05541,0.7448,0
1.52406,0.21346,0
2.07361,-0.25856,0
1.36805,0.09539,0
-0.34699,-0.06733,0
1.42659,0.10258,0
1.95098,-0.51325,0
2.82363,0.49464,0
1.36758,-0.36653,0
2.49275,-0.13929,0
2.16905,0.6093,0
-0.43559,0.093,0
2.32677,-1.05638,0
1.782,-0.31259,0
-0.06164,0.64486,0
0.01676,-0.24763,0
2.03199,0.06163,0
1.11956,0.93547,0
2.69054,0.15563,0
1.48096,-0.8283,0
0.48984,-0.83261,0
1.4291,-0.93397,0
2.97913,0.37769,0
0.93328,-0.23816,0
1.52564,0.77695,0
0.27555,-0.1652,0
1.24836,0.66012,0
1.28234,0.27412,0
2.82165,-1.08252,0
1.34869,-1.03557,0
1.36341,-0.38886,0
1.39513,-0.43435,0
2.97858,1.17107,0
3.49917,0.72833,0
1.10882,-1.20215,0
1.32192,-0.35751,0
-0.24389,-0.0393,0
2.87355,0.8761,0
2.48459,0.03138,0
1.71375,-0.60746,0
1.18622,-0.01383,0
1.95038,-1.15048,0
-0.1337,-0.73342,0
3.01554,0.83202,0
-0.18137,-0.54942,0
0.00874,-0.05627,0
2.73817,0.16288,0
2.61873,0.74455,0
1.70173,-0.18935,0
0.8054,-0.16981,0
0.50805,-0.51778,0
2.26834,0.90596,0
2.65238,0.7167,0
2.72843,0.55418,0
3.39739,-0.75702,0
0.0498,0.4369,0
2.64305,-0.73035,0
3.32025,-0.55214,0
-0.00485,1.00567,0
1.22061,-0.10307,0
1.59824,-0.67939,0
2.18742,0.01182,0
0.7451,-0.89019,0
-0.1817,-1.08752,0
3.0965,0.06055,0
2.05573,0.07952,0
0.44687,-0.35461,0
2.1198,-0.24864,0
1.8138,1.17181,0
2.23559,1.04851,0
-0.18723,-0.10736,0
0.94501,0.16495,0
2.65471,-0.38069,0
1.30475,0.56692,0
2.66891,-1.09168,0
2.42135,0.82643,0
0.25532,-1.14387,0
2.27692,-0.31737,0
0.41511,1.02423,0
3.44598,0.69818,0
0.7385,1.12055,0
-0.43644,1.1615,0
0.28454,-0.23978,0
3.26609,-0.63161,0
1.00905,0.73774,0
2.95703,-0.9851,0
2.16172,1.15881,0
2.10212,0.4764,0
0.66364,-0.20357,0
2.25376,0.20714,0
-0.21099,-0.00777,0
-0.46148,-0.08017,0
2.78435,0.64021,0
2.85143,1.02038,0
0.15423,0.18152,0
2.98537,-0.21734,0
2.31696,0.70252,0
1.56113,0.94166,0
0.74761,0.65364,0
2.00407,-0.18315,0
0.55706,-0.79695,0
3.18487,0.50614,0
2.04908,1.21955,0
2.94432,-0.8692,0
-0.15331,-0.37524,0
2.43585,-0.11615,0
0.08252,0.63036,0
-0.32602,-1.12954,0
2.46593,-0.73314,0
1.43943,0.22558,0
1.5254,-1.09833,0
0.03287,1.16323,0
1.88576,-0.01592,0
3.40854,0.49431,0
1.46635,0.66837,0
0.51298,1.16339,0
-0.35829,-0.13984,0
1.97139,-0.28103,0
2.29837,-1.05086,0
-0.44184,-0.22479,0
0.48062,-1.07111,0
-0.37138,0.41338,0
0.72392,0.87981,0
3.45893,-0.05458,0
2.85557,0.67741,0
1.84718,0.97945,0
1.19609,-0.35918,0
1.58163,-0.37102,0
0.00982,-0.06361,0
1.09309,-0.11689,0
-0.46573,-0.67943,0
2.94324,0.09879,0
1.52541,-0.44396,0
0.88456,-0.63851,0
0.24321,-0.60698,0
-0.2701,0.33418,0
1.95925,0.96936,0
1.69378,0.01851,0
0.07051,-0.46454,0
0.05696,-0.2391,0
1.93334,-0.16211,0
1.30864,-0.69791,0
1.14303,0.53123,0
-0.192,0.53089,0
2.32845,-1.16048,0
3.09293,-1.15074,0
2.00664,0.21844,0
1.84383,0.54232,0
3.34464,0.55301,0
-0.3712,-1.08839,0
0.77698,0.13123,0
1.95359,0.52706,0
0.38059,-0.3288,0
3.47492,-0.95271,0
1.33892,-0.3883,0
1.18964,1.07787,0
0.46565,-0.57421,0
2.35812,0.0953,0
1.8167,-1.12138,0
2.27313,0.41937,0
-0.47796,-0.9524,0
0.25539,0.5397,0
0.58621,-0.68705,0
0.51126,-0.64655,0
3.27431,-0.85121,0
2.37514,0.36939,0
-0.44872,-0.93419,0
0.91349,0.51652,0
-0.35907,0.40838,0
-0.32424,0.6942,0
2.51387,-0.94195,0
2.34223,-1.12025,0
1.1998,-0.82005,0
3.35206,-0.55237,0
0.39283,0.53485,0
1.12153,0.45931,0
-0.24258,-0.84698,0
1.46413,0.32862,0
-0.04862,0.17879,0
3.22822,0.82182,0
1.84852,0.1604,0
-0.23741,1.07909,0
3.29401,0.83866,0
2.37497,0.50171,0
2.3092,-0.81381,0
1.85128,0.83072,0
0.13204,-0.76634,0
1.97246,-0.94491,0
-0.33,0.86374,0
2.38848,0.24652,0
2.50541,0.18786,0
-0.29084,-0.50684,0
2.79523,-0.92931,0
0.69688,-0.46811,0
-0.25306,0.41947,0
2.78856,-0.03381,0
2.7917,1.16089,0
3.10619,-1.19891,0
1.27389,-0.39489,0
0.39244,-0.98101,0
0.54079,0.74108,0
1.03507,-0.4604,0
-0.11688,1.18205,0
0.86906,0.42145,0
1.64885,-0.73541,0
2.6106,-0.48578,0
3.27382,0.59118,0
1.45017,0.97452,0
2.89769,-0.46309,0
2.71162,-0.76794,0
0.27474,0.60269,0
0.88596,0.80836,0
0.74801,0.03866,0
0.92382,0.27074,0
1.9798,-1.0593,0
1.84736,0.20068,0
2.92602,-0.99349,0
0.93151,0.29983,0
2.09197,0.79862,0
2.72871,-0.57706,0
3.20145,0.02183,0
-0.43951,0.21198,0
2.12947,0.28915,0
2.80067,-0.8546,0
0.36294,0.00591,0
2.05858,-1.19526,0
1.24235,0.76279,0
0.40669,0.41258,0
1.4735,0.76804,0
2.41257,-0.199,0
2.96461,0.35737,0
-0.03102,-1.04433,0
-0.49358,-0.74717,0
2.71316,0.32721,0
2.12146,-0.5055,0
-0.45116,-0.89462,0
0.81418,-0.48447,0
2.81156,-1.10111,0
3.43413,-0.93652,0
-0.13158,-1.16121,0
3.37733,0.59755,0
0.66066,-1.14231,0
-0.02617,0.34659,0
1.09669,-0.95477,0
2.80743,-0.73941,0
0.12995,-0.1017,0
-0.08008,-1.16325,0
0.73804,-0.7653,0
3.13315,0.11956,0
1.98628,-0.49173,0
1.4554,0.62041,0
0.30069,0.07811,0
2.27094,0.76733,0
0.86425,-0.3494,0
-0.39416,-0.52013,0
2.79417,-0.35319,0
0.12305,-0.2656,0
0.51191,0.45111,0
-0.42787,-0.65365,0
0.45915,0.78226,0
1.20377,1.09202,0
1.83139,0.62431,0
-0.39735,0.95506,0
2.7242,-0.673,0
1.67031,-0.08356,0
1.53564,0.9542,0
1.47009,0.10535,0
2.35367,-0.8488,0
2.49047,1.03899,0
0.78401,-1.2245,0
0.65132,0.94038,0
0.88828,-0.29554,0
3.15505,0.47559,0
1.78183,0.26554,0
1.42806,-0.48421,0
2.39015,0.08448,0
-0.11168,0.01419,0
0.86188,-1.14024,0
0.1431,-1.23836,0
-0.20031,-0.72333,0
1.90496,0.33519,0
1.32361,0.00463,0
2.97322,-0.56104,0
2.98699,1.21186,0
0.75895,0.95757,0
2.87431,-0.75583,0
0.4287,-0.0126,0
1.9782,0.1574,0
1.11491,-0.8927,0
0.75648,-0.69336,0
1.89195,0.55442,0
0.1191,-0.62109,0
1.07188,0.18347,0
2.43897,0.98544,0
0.19353,0.1925,0
2.29335,-0.69964,0
2.63308,0.38374,0
3.1335,-0.32953,0
0.84421,-0.89369,0
0.76247,-0.6727,0
1.46753,-0.85209,0
1.28215,0.24759,0
1.21219,0.69342,0
1.84981,-0.14429,0
2.03482,-0.8948,0
2.61607,-1.08106,0
2.02559,-0.13988,0
2.25721,1.23937,0
3.14518,-0.11966,0
2.15757,-0.419,0
-0.22898,0.51956,0
2.81226,1.09003,0
1.24186,0.6731,0
1.29721,0.09864,0
0.34593,0.274,0
3.06895,0.94682,0
0.64803,-0.39433,0
1.93264,-0.13551,0
-0.34794,0.32425,0
-0.18875,0.45025,0
0.44995,0.19086,0
3.31476,-0.95354,0
1.85872,-0.69921,0
2.58293,0.1879,0
3.23997,-0.59172,0
1.13569,-0.26203,0
2.91452,-0.97631,0
1.14526,0.90125,0
-0.18536,0.45029,0
2.27441,-0.2032,0
1.99903,-0.14909,0
1.03932,-0.47516,0
3.15992,-0.91559,0
1.10968,-0.40468,0
2.28039,1.01853,0
0.01944,-1.08507,0
3.21247,0.29921,0
2.68362,0.04564,0
2.67103,1.21561,0
-0.23092,-0.86868,0
2.77034,0.7424,0
0.29357,0.57402,0
3.17293,-0.49147,0
-0.34045,0.00697,0
-0.31161,0.46857,0
0.7899,-0.32124,0
1.43276,-1.20787,0
3.4378,1.18356,0
-0.1895,-0.54309,0
0.96776,-0.45641,0
1.22769,-0.40318,0
2.3236,0.60691,0
2.94899,-0.76499,0
1.95068,0.42735,0
0.72673,-0.75157,0
2.43841,0.11453,0
1.7521,-0.27774,0
0.01742,1.03977,0
3.43758,-0.31107,0
2.28256,0.1599,0
-0.07656,-1.0958,0
0.9547,-0.2706,0
0.14178,-0.88401,0
0.72218,0.4474,0
-0.1537,-0.19467,0
2.70702,0.44915,0
-0.4856,0.87696,0
1.63111,-1.18402,0
1.11482,-0.87643,0
1.31383,0.36551,0
2.6259,0.35453,0
1.88425,0.4186,0
3.36841,0.30953,0
2.13219,1.20836,0
1.03509,0.58145,0
1.5634,0.25382,0
0.65926,0.39379,0
2.81495,0.03602,0
-0.23581,0.849,0
2.1481,0.48477,0
-0.36475,-1.0856,0
2.27318,0.69473,0
2.17382,0.39563,0
0.42612,-0.96286,0
0.77512,-0.41582,0
3.20217,-0.1531,0
0.74928,-1.02965,0
0.2677,-0.98618,0
-0.40318,-0.8564,0
1.46707,0.24631,0
1.27639,0.17,0
3.2543,-0.80021,0
-0.46456,-0.67316,0
3.35587,1.14661,0
3.43208,-0.8571,0
3.00565,-0.37771,0
0.03379,0.96224,0
0.10919,1.1942,0
3.40344,1.06995,0
1.41175,-0.13716,0
0.54873,-0.93354,0
1.55917,0.83339,0
0.38684,1.19188,0
3.10441,-0.15225,0
-0.09433,0.06717,0
2.5996,-0.6571,0
-0.25852,-0.64275,0
1.24851,-0.09181,0
1.88717,0.64888,0
-0.02146,-0.43769,0
3.47082,1.17744,0
1.67271,0.93707,0
0.34708,-0.70011,0
3.42205,0.64417,0
1.03659,-0.5456,0
0.74294,0.33621,0
-0.3238,1.0267,0
0.453,-1.19614,0
1.12816,-0.81765,0
3.20208,0.94201,0
0.37291,0.21905,0
1.48446,0.99764,0
2.90473,-0.95196,0
3.12148,1.15451,0
-0.41514,-0.56855,0
2.17251,1.11948,0
3.00314,-0.70453,0
1.79016,-1.06563,0
0.97647,-0.96492,0
2.3322,-0.1655,0
3.31093,-0.72075,0
1.26418,-1.19396,0
1.91755,1.22625,0
2.81841,-1.04739,0
0.72114,1.16765,0
0.14807,-0.4362,0
1.51991,-0.50509,0
-0.47891,-0.46278,0
2.59825,0.18932,0
1.73212,0.70263,0
0.83086,-1.16422,0
2.35288,-1.04347,0
2.37766,-0.3963,0
1.21025,0.91333,0
2.33666,-0.39812,0
1.44166,0.42683,0
-0.19905,0.00174,0
1.12946,-0.91718,0
1.60974,-0.88992,0
-0.1516,0.40364,0
1.74663,0.22817,0
0.99735,-0.65151,0
1.74769,1.02992,0
1.80573,-0.9867,0
3.43835,0.1085,0
0.25898,-0.53274,0
1.09958,0.54148,0
1.88175,-0.07466,0
2.81838,0.29954,0
3.0553,-0.99213,0
2.50432,1.24098,0
0.32234,0.72155,0
2.16717,0.15731,0
1.23269,1.18307,0
-0.23836,0.63101,0
2.53692,-0.35252,0
0.19989,0.63763,0
1.74391,0.34121,0
3.17695,-0.70417,0
1.11389,-0.26713,0
0.57705,-0.84306,0
2.75288,0.9811,0
0.14559,-0.42094,0
1.22791,-0.54743,0
1.48959,-0.65227,0
-0.18871,0.6754,0
0.48085,0.39656,0
2.65533,1.1096,0
1.29975,-0.79871,0
0.92358,1.15416,0
1.9597,0.94902,0
0.10347,1.09535,0
2.62974,-1.18424,0
0.81126,-0.56997,0
0.15495,-1.21029,0
3.30537,0.08683,0
1.59252,0.40133,0
1.66574,-0.47243,0
0.6246,-0.47981,0
2.15447,-0.41398,0
-0.15712,0.01866,0
-0.09572,1.01244,0
-0.02895,-0.03349,0
0.28216,0.83865,0
1.00037,-0.81347,0
-0.11434,-0.32697,0
2.51745,-0.39093,0
0.977,-0.72887,0
1.40744,0.31255,0
3.212,0.643,0
1.52469,1.2027,0
-0.1654,-1.20341,0
0.1858,1.14034,0
2.49716,-0.87819,0
0.34013,0.9392,0
-0.25443,0.44649,0
1.52127,0.9216,0
2.75563,-1.16261,0
-0.0749,0.33157,0
0.46277,0.89261,0
2.3905,-0.0479,0
2.06723,-0.9414,0
2.19601,0.24523,0
2.37091,1.12713,0
1.22279,-0.77905,0
2.17671,0.11637,0
2.69908,-0.32246,0
-0.45868,-0.77617,0
3.39871,-0.99424,0
2.10585,0.23937,0
3.44546,0.3247,0
0.52275,0.97365,0
2.1492,1.05568,0
1.76499,-0.16397,0
0.28822,-0.34423,0
-0.35701,-1.08496,0
0.90388,-0.33676,0
0.04864,-0.85323,0
3.08953,-1.11772,0
1.27084,-1.21537,0
1.96158,1.1161,0
0.22895,-0.15052,0
3.14168,-0.54561,0
0.8326,-0.70947,0
2.4035,-0.70115,0
-0.38306,0.3919,0
1.93134,-1.24437,0
1.40493,0.50117,0
2.23472,-0.55273,0
1.16315,0.0777,0
1.30823,-0.99528,0
1.38322,-0.91714,0
1.29516,-0.75319,0
0.74775,0.97532,0
0.21882,-1.09171,0
-0.14899,-0.5454,0
1.07621,-0.26937,0
0.44335,-0.7262,0
1.47197,-0.52566,0
-0.4071,0.08166,0
3.13578,0.25773,0
1.48897,0.53018,0
-0.19259,-0.76051,0
0.7281,0.47397,0
-0.29816,0.70588,0
2.89415,-0.04376,0
0.2085,1.08134,0
3.3833,-0.95201,0
0.80765,-1.02435,0
2.45498,0.90678,0
3.27416,0.52423,0
0.99341,-0.43895,0
2.67413,0.8522,0
2.14243,1.17328,0
3.28392,-0.18603,0
1.23658,0.1345,0
3.33564,-0.02446,0
0.30695,-0.23093,0
1.54883,-0.22232,0
-0.49928,-0.34554,0
3.25382,0.94698,0
2.88052,0.00826,0
1.33489,0.75226,0
-0.06142,-0.77806,0
0.44714,0.37193,0
2.19325,0.32258,0
2.24785,0.23571,0
0.15625,0.42859,0
-0.4787,-0.21126,0
0.25315,-0.79709,0
1.43323,1.23973,0
3.39735,0.13689,0
1.1377,1.09965,0
2.52356,0.14453,0
0.73743,0.84988,0
-0.38444,-0.46086,0
-0.15838,-1.1997,0
1.59779,0.42867,0
1.53991,0.10163,0
2.9082,-0.75675,0
3.01122,0.27374,0
2.43518,0.63564,0
-0.03889,-1.23958,0
3.42593,0.56303,0
3.16,0.99522,0
0.25129,0.51004,0
2.46125,0.62355,0
1.7289,0.92753,0
2.63241,0.01683,0
-0.49589,-0.98902,0
2.89971,-0.91054,0
3.0712,0.41179,0
2.42668,0.66057,0
3.1743,0.78617,0
2.15026,1.22228,0
1.84505,1.15302,0
-0.39617,-0.65224,0
2.17655,0.83827,0
2.07583,1.15649,0
2.83486,-0.90888,0
1.73838,-0.33304,0
0.80628,-0.45789,0
0.76077,0.7221,0
2.34323,-0.09887,0
-0.20892,1.00567,0
1.31201,0.09534,0
0.49598,-1.15074,0
1.21872,0.36648,0
2.18771,0.22498,0
2.42913,-0.27749,0
0.46862,-0.86173,0
3.01622,-0.07595,0
-0.26965,0.12596,0
3.33375,0.29375,0
0.55645,1.21474,0
3.06598,-0.05029,0
1.8237,0.17197,0
2.81445,-0.1669,0
3.45202,-0.34052,0
2.28161,0.96605,0
-0.37681,-0.37171,0
2.65581,0.60423,0
0.38592,-0.04635,0
3.14288,-1.22521,0
3.4297,0.46558,0
1.22002,1.09848,0
2.7686,-0.92479,0
0.33812,1.20905,0
-0.37583,-0.35369,0
2.46036,0.00699,0
2.26987,0.69943,0
2.85224,-1.16997,0
0.01336,-0.33666,0
-0.33897,1.10977,0
1.92734,-1.0912,0
-0.03349,0.47131,0
2.16785,-0.35563,0
3.39483,0.27066,0
-0.41957,-0.83018,0
3.40678,-0.48899,0
-0.47109,0.0375,0
1.99935,0.58879,0
2.97661,-0.57331,0
0.74624,-0.28506,0
-0.10619,-0.05528,0
3.00204,-0.3762,0
0.9506,1.23797,0
0.18852,0.84412,0
1.96422,1.03362,0
0.07396,-0.26385,0
2.81391,-1.16097,0
0.38816,0.72033,0
0.1567,-0.48587,0
0.47997,-0.60145,0
-0.38726,1.09753,0
2.12073,0.95442,0
1.55501,-0.79359,0
0.11227,-0.36045,0
1.03289,0.37981,0
1.54117,0.64348,0
0.82126,-1.06336,0
0.41077,-1.03834,0
1.12129,-0.58259,0
2.19691,0.56082,0
0.6565,-0.45391,0
0.42373,-1.09408,0
1.42261,-0.65603,0
0.50151,-0.76221,0
1.48814,0.26173,0
2.83237,-1.20581,0
0.71394,0.81277,0
3.29856,1.04379,0
1.94981,-0.96856,0
1.98351,0.09118,0
0.64983,-1.13488,0
0.891,-0.19637,0
3.20171,-0.14273,0
-0.2867,0.64768,0
2.18538,-0.62834,0
0.82987,1.15144,0
1.94275,0.01134,0
0.42821,0.1456,0
3.19256,-0.75634,0
2.96081,0.31843,0
-0.48258,0.71352,0
-0.24637,-0.98014,0
2.81738,0.7896,0
1.56616,-0.86763,0
2.71387,-0.7343,0
-0.14204,-0.47862,0
2.78738,1.2014,0
0.06834,0.87118,0
0.38656,1.22437,0
2.03436,1.22075,0
1.51213,0.4901,0
2.76816,1.10493,0
1.41744,-0.19772,0
0.25575,-0.82178,0
1.24002,0.08245,0
-0.05777,0.1107,0
1.16799,-0.2781,0
1.19638,1.19052,0
0.64382,-0.03186,0
0.29024,1.02743,0
2.16476,1.02313,0
1.65731,0.42886,0
3.38935,0.16263,0
2.45362,-0.55237,0
0.03436,-0.48012,0
-0.35002,-0.76572,0
0.54406,-0.18322,0
-0.18695,0.5086,0
2.26682,-0.36891,0
2.22588,-0.74083,0
2.6412,0.58588,0
1.4577,0.19852,0
0.34104,0.00423,0
2.99675,0.78039,0
-0.18923,1.17531,0
-0.00149,0.58008,0
1.81049,-0.45114,0
2.13563,0.99683,0
-0.41872,0.11242,0
2.14045,-0.12766,0
2.46624,0.90794,0
-0.30386,-1.19718,0
0.69398,0.42758,0
2.83754,0.20673,0
1.68818,-0.05076,0
2.64013,1.18506,0
1.39473,0.97855,0
-0.46131,-0.30095,0
-0.38033,0.95269,0
0.38649,0.36851,0
1.44769,-0.27359,0
0.22952,1.20377,0
-0.0738,0.13271,0
1.04588,-0.97255,0
3.45167,-0.14248,0
3.24178,-0.20942,0
2.20287,0.01059,0
1.45412,1.11427,0
1.6677,0.14801,0
-0.42527,-0.41779,0
0.62847,-0.07464,0
-0.01429,0.06601,0
-0.49849,-1.00531,0
-0.27974,0.62809,0
0.89456,0.89614,0
1.22675,0.11421,0
1.11822,-0.22827,0
-0.24334,-0.68646,0
-0.10864,0.25136,0
2.12656,-0.66143,0
0.88294,0.66501,0
2.97097,0.58975,0
1.74788,0.58676,0
1.20981,1.04171,0
1.98109,0.85612,0
2.57243,0.03539,0
2.52208,0.37832,0
0.28497,0.46152,0
2.31835,-0.14547,0
0.21562,-0.6513,0
0.80566,-0.01003,0
-0.48636,-0.27231,0
2.79717,1.01966,0
-0.03323,0.21706,0
1.32874,-0.69868,0
0.55148,-0.2727,0
2.01324,-0.69484,0
2.70024,0.76844,0
1.18683,-0.6191,0
1.41543,0.9492,0
-0.18146,-1.12382,0
0.81441,-0.76358,0
0.65291,-0.72794,0
2.45051,0.2075,0
2.19228,0.1032,0
3.22535,-0.32535,0
1.2465,0.18916,0
1.59078,-1.20021,0
-0.09756,0.03882,0
0.98484,-1.02572,0
3.11875,-1.1454,0
2.72879,-1.1359,0
-0.19997,0.65025,0
1.04467,0.86496,0
1.00745,0.47759,0
-0.21107,0.54539,0
0.82928,-0.14486,0
2.06329,0.4951,0
2.09482,0.80136,0
0.87725,-0.25711,0
1.91473,-0.07878,0
2.36748,0.70003,0
3.09796,0.11975,0
2.5846,0.59505,0
1.57433,0.03727,0
1.53292,-1.00962,0
0.23935,-0.76854,0
-0.16141,1.16088,0
0.50883,0.54162,0
0.2098,0.48273,0
-0.06969,-0.7871,0
1.78753,0.50014,0
2.75747,1.16648,0
-0.38563,-0.22861,0
0.72331,0.93168,0
0.12963,0.6406,0
0.75838,0.06418,0
3.09024,-0.53019,0
2.07078,-1.21232,0
1.02578,-0.749,0
-0.26037,0.60821,0
2.19362,-1.17029,0
-0.04407,0.83683,0
3.1064,0.74908,0
2.48029,0.92465,0
1.40799,0.50535,0
1.09592,-0.52361,0
0.55046,-0.12711,0
2.03773,-0.33753,0
-0.46248,0.32619,0
1.91175,0.1862,0
3.2322,-0.87112,0
0.5371,0.32939,0
-0.39248,-0.16226,0
0.59675,0.54306,0
3.22444,0.19064,0
1.5087,1.17585,0
3.24725,0.59394,0
2.056,0.20998,0
1.14028,0.85396,0
1.30932,0.0691,0
1.78006,-0.88231,0
2.28828,-0.64957,0
2.70941,0.82694,0
2.07964,0.64019,0
-0.39937,0.72377,0
0.7901,0.1505,0
1.00557,-0.94012,0
3.46356,-1.1447,0
0.99702,0.44476,0
0.8169,-1.21636,0
2.04891,-0.49998,0
0.2749,0.53384,0
-0.39949,0.54807,0
1.10295,0.64235,0
2.23042,-0.84863,0
0.09727,0.89243,0
0.25145,-1.23587,0
-0.27363,0.8262,0
3.18405,0.78499,0
2.61924,0.16488,0
1.24541,0.06324,0
0.98303,-0.76782,0
2.8771,-0.29519,0
3.03507,-0.57392,0
1.90002,-0.57921,0
2.37662,0.40381,0
0.4965,-0.77731,0
2.87127,-0.12219,0
2.8028,-1.1626,0
2.13138,0.9209,0
-0.38113,-0.0566,0
2.38051,-0.53084,0
2.33394,-0.44785,0
3.30225,-0.26148,0
0.22923,-0.4038,0
-0.2329,-0.36534,0
0.80797,1.06384,0
0.99315,1.03492,0
0.98943,0.52637,0
0.22813,-0.65374,0
3.09479,0.3137,0
2.99037,-0.33443,0
2.53264,-1.04566,0
1.896,-0.2695,0
-0.27455,0.47555,0
0.58359,-1.16792,0
0.70821,-1.04664,0
0.5825,0.75206,0
0.62305,-0.93054,0
-0.23064,-0.70896,0
2.5644,1.18532,0
0.48359,0.05666,0
1.31948,-0.65771,0
1.73612,-0.59336,0
0.8106,-0.92317,0
3.40387,0.57785,0
1.87546,-0.03639,0
2.59776,-0.94533,0
1.59215,0.4987,0
-0.45322,-0.47755,0
0.50545,-0.15047,0
2.75993,0.32587,0
-0.43373,-0.30162,0
3.06881,1.23066,0
1.08237,1.15991,0
2.132,-0.80554,0
1.75704,0.97461,0
1.52838,1.15477,0
0.3148,0.35277,0
2.74155,0.01603,0
-0.033,-0.99525,0
1.7935,0.6948,0
2.44057,0.93719,0
2.24735,-1.06263,0
1.45558,0.19849,0
0.99846,0.5031,0
0.00961,1.15206,0
1.63282,-0.74548,0
1.63651,-0.0868,0
3.24253,-0.33526,0
3.23032,1.00682,0
-0.08056,0.00645,0
2.36981,-0.78466,0
0.14966,0.78992,0
2.52721,1.19892,0
0.78109,0.70807,0
3.23841,-0.20792,0
2.05124,1.01547,0
1.23757,-0.10315,0
1.33061,0.83748,0
2.18864,-0.82623,0
2.55479,0.11914,0
0.00013,1.22805,0
0.1994,1.11242,0
0.88838,-0.33702,0
-0.11246,-0.07941,0
3.03956,0.11831,0
2.26312,0.09468,0
0.55681,0.64537,0
2.87,0.58941,0
-0.33646,0.56418,0
1.83571,0.86448,0
2.70963,-0.65828,0
0.6596,0.3218,0
1.92314,-0.34709,0
2.17092,1.20815,0
2.47504,-1.07954,0
3.48132,0.97871,0
2.1129,-0.53632,0
0.95717,-1.07375,0
-0.2307,-0.29466,0
1.76548,0.93421,0
2.67546,-0.04159,0
3.3559,0.11673,0
2.91959,0.96043,0
2.74854,0.72572,0
2.72461,0.75146,0
0.23625,-0.04256,0
2.03149,-0.16942,0
-0.15072,1.04699,0
1.52903,0.43436,0
3.42292,-1.1209,0
0.68385,-0.47314,0
1.26649,0.36418,0
1.91354,0.45453,0
0.5113,0.90519,0
1.81777,-0.43511,0
1.76006,0.09849,0
3.10154,-0.65391,0
1.80053,1.02905,0
0.71897,0.80789,0
-0.40395,-0.24756,0
3.06944,-1.08779,0
2.292,-1.02424,0
2.23692,-0.17784,0
2.82889,-0.01727,0
2.53893,0.2175,0
0.5549,-0.88851,0
1.49929,-0.07434,0
3.14548,1.01171,0
0.42161,-0.16737,0
1.91993,-0.61429,0
1.5924,0.13063,0
2.18552,1.13335,0
3.17102,0.46858,0
0.34782,-0.13336,0
1.92994,0.69394,0
3.44421,0.80871,0
3.02254,-0.10466,0
0.89067,-0.3758,0
0.30635,0.84536,0
-0.28996,-0.01362,0
2.9729,0.3415,0
1.14043,-0.94936,0
2.49284,0.95059,0
1.19144,1.18773,0
2.47631,0.0098,0
3.46754,0.90368,0
0.11375,0.40002,0
2.28379,1.24139,0
2.72975,0.75777,0
2.12897,-0.60943,0
1.48509,-0.36914,0
0.68043,1.01946,0
2.50493,0.83088,0
-0.22924,-0.59874,0
3.25769,0.58036,0
1.60533,-0.37234,0
2.2084,-1.05815,0
0.33924,-0.52468,0
2.35699,0.55042,0
2.25225,0.09199,0
0.82702,0.29597,0
3.35857,0.26984,0
2.92481,0.88864,0
2.54629,1.1773,0
0.31543,-1.13707,0
2.4496,0.14184,0
-0.0725,-1.0389,0
1.99757,0.35447,0
2.10125,-0.21591,0
2.55568,0.72891,0
0.13267,0.82751,0
3.23369,0.53973,0
0.46026,0.3412,0
1.13205,-0.35212,0
0.15928,-0.30072,0
2.851,-1.02178,0
1.30439,-0.45747,0
-0.00642,-0.90345,0
1.05115,0.28491,0
0.35957,1.10505,0
-0.32834,0.30837,0
0.91106,-1.19416,0
2.59529,0.26534,0
-0.39475,0.38005,0
2.48337,-0.15219,0
2.64679,-0.27314,0
2.35148,0.89152,0
0.66878,-0.28982,0
3.37369,0.68993,0
0.02398,0.50421,0
0.40165,-0.86728,0
2.53993,0.56863,0
3.31615,-1.22108,0
3.0406,-1.07848,0
0.65276,-0.47454,0
2.20965,0.1728,0
2.12477,0.61511,0
0.27683,-0.96139,0
0.83378,1.09021,0
2.21573,0.09853,0
1.86022,0.00181,0
2.00428,-0.02051,0
3.2012,0.25585,0
2.56745,-0.41205,0
3.31586,0.36749,0
3.43052,0.34043,0
0.68793,-0.11504,0
3.33138,-0.28609,0
3.03403,0.70324,0
1.3735,0.69289,0
2.3794,0.87034,0
2.52126,-1.00513,0
3.37684,-0.37032,0
-0.41174,1.17338,0
-0.48596,-0.61978,0
2.55269,0.38387,0
0.95643,0.9642,0
0.74932,0.39412,0
3.25067,-0.04714,0
2.37583,0.46109,0
1.19408,-0.95396,0
0.5494,1.1926,0
2.47865,-1.09506,0
2.67237,0.24847,0
0.79445,-0.64216,0
2.32024,-0.29605,0
1.61193,-0.30166,0
1.27801,-1.23195,0
3.31498,0.89782,0
0.40579,-1.01466,0
1.54796,1.02946,0
-0.32252,1.14361,0
3.05033,-0.42005,0
0.01997,-0.62343,0
2.14054,0.98471,0
0.59499,0.93517,0
2.85473,0.07401,0
3.1662,0.78037,0
1.81256,0.56231,0
0.03089,-0.7941,0
3.10674,-0.87342,0
1.79499,-0.15424,0
2.2966,0.40266,0
2.84492,0.31939,0
1.37671,0.88524,0
1.79622,0.60371,0
-0.38953,-0.66013,0
2.12742,0.16227,0
3.35665,1.18766,0
1.02527,0.30592,0
-0.07898,0.60203,0
0.10423,-1.0791,0
2.42035,0.16046,0
1.71965,0.8966,0
2.86259,0.81843,0
2.96281,-0.64708,0
-0.13383,-0.01505,0
2.00601,1.20181,0
2.77291,0.16029,0
0.39793,-0.51104,0
1.12491,-0.059,0
0.34558,1.20674,0
2.7531,0.08537,0
2.25188,-0.80342,0
0.27156,-0.56245,0
-0.49264,0.89604,0
1.89284,1.11915,0
3.43197,0.09234,0
0.0819,-1.22296,0
1.38788,-0.95494,0
0.51191,1.14592,0
3.05719,-0.64128,0
1.4647,-0.44253,0
0.43523,1.10486,0
3.08896,0.5022,0
-0.15237,1.04945,0
0.39636,-0.89541,0
3.2677,0.68981,0
3.34039,0.04222,0
3.49111,-0.61583,0
1.0831,-0.76832,0
2.59383,0.10374,0
2.52067,0.36026,0
0.56862,-0.12263,0
3.40551,-1.07261,0
0.75735,0.38336,0
3.06272,-1.16233,0
1.25718,-0.00155,0
2.44802,-0.30102,0
2.01824,0.39654,0
0.00771,0.43893,0
3.4614,-0.9546,0
0.96631,-0.33023,0
1.58275,0.75651,0
-0.48905,-1.09785,0
-0.41404,0.833,0
3.41838,-0.22676,0
3.30456,0.09354,0
-0.25024,0.05365,0
3.34877,-0.48898,0
0.10158,-0.92349,0
3.23335,0.86937,0
3.03362,1.20486,0
3.45791,-0.73212,0
0.9866,-1.19745,0
0.20262,-0.78272,0
3.01268,0.62964,0
2.44483,0.95904,0
2.80082,-0.47269,0
2.44339,0.50352,0
2.74038,0.04994,0
0.91326,-0.4582,0
0.42179,-1.1929,0
0.07336,0.28017,0
3.12578,0.56822,0
1.20559,0.48031,0
-0.39051,1.05311,0
3.37691,-0.6346,0
2.77996,0.49497,0
0.13185,0.87291,0
0.13671,-1.08188,0
0.98227,0.14969,0
2.3401,-0.63177,0
0.12836,0.92132,0
0.73388,-0.71221,0
1.35583,0.74766,0
2.43797,-0.70609,0
2.46205,-0.49501,0
1.5567,0.02982,0
2.1566,-0.78574,0
0.22235,-0.54046,0
1.90977,-1.02974,0
-0.2199,-0.15227,0
2.57073,-0.68917,0
2.60827,-0.89963,0
3.18253,-0.91339,0
-0.24828,-0.26601,0
2.9501,0.30994,0
0.06669,-0.76282,0
-0.48199,0.44055,0
3.06979,-1.06278,0
0.87799,-0.59727,0
-0.24506,-0.5713,0
1.08215,-1.16206,0
2.35702,0.16623,0
1.9318,-0.05041,0
0.75093,0.72939,0
2.86486,-0.83452,0
0.01526,0.78681,0
2.62393,0.93056,0
0.44087,0.8135,0
1.93748,0.02025,0
0.24881,0.52343,0
0.01312,0.92086,0
-0.36884,0.96315,0
2.61932,0.3961,0
0.71781,-0.49674,0
1.08134,-0.31535,0
2.42488,-0.99177,0
1.78371,-1.05036,0
1.06232,-0.52292,0
1.97556,-1.04664,0
2.40675,-0.92838,0
1.32263,-0.70797,0
0.87478,-0.18847,0
2.41109,-0.71978,0
2.06289,-0.08821,0
-0.06596,-0.60113,0
0.83744,0.21867,0
2.99401,0.11952,0
2.24988,-0.3708,0
2.6685,0.76765,0
2.06461,-1.11092,0
1.0414,0.31303,0
3.21682,-1.06509,0
1.45069,-0.18164,0
2.25146,-0.38668,0
0.35818,0.42103,0
-0.33676,-0.62125,0
0.89344,-0.39167,0
2.17023,1.20938,0
2.7245,0.83941,0
1.19402,-0.45547,0
3.25535,0.17048,0
0.51726,-0.47249,0
0.08724,-0.2695,0
2.79965,1.11979,0
3.04184,-0.21691,0
-0.44867,-0.7912,0
2.03922,1.08122,0
1.77973,-0.35469,0
3.16411,-1.24494,0
0.26802,0.81632,0
3.32878,1.17987,0
3.23761,-0.20831,0
2.73931,0.53626,0
0.57152,0.02282,0
-0.29683,-0.14801,0
0.11948,0.10532,0
0.8926,0.32969,0
-0.17829,0.19135,0
-0.24854,-0.11274,0
0.3525,-0.77429,0
2.32798,0.98936,0
3.35071,0.43726,0
2.99946,-0.38087,0
1.66662,1.09714,0
-0.00397,-0.8242,0
3.27399,0.76684,0
0.27962,0.23737,0
0.98236,1.10052,0
1.28732,-0.11949,0
2.16098,0.46374,0
2.76014,0.54756,0
-0.24644,-1.14191,0
1.63246,-0.31575,0
1.80023,0.46659,0
-0.40623,0.11407,0
2.44905,1.0194,0
2.06162,-0.05377,0
3.31956,0.13352,0
3.49782,1e-05,0
2.84868,0.71443,0
-0.1171,-1.22423,0
2.90257,-1.13193,0
-0.07121,-0.42751,0
0.68343,0.34882,0
2.53426,1.20263,0
2.07995,1.22171,0
0.99714,-1.04976,0
-0.2289,0.25011,0
3.37041,0.05991,0
1.45628,1.18465,0
2.9414,-0.58637,0
3.16097,0.41488,0
0.32093,0.14332,0
2.26938,-0.48919,0
0.20002,-0.08462,0
1.403,-0.31358,0
0.18754,-1.07752,0
0.4234,0.95071,0
-0.19169,0.24655,0
1.89045,0.32637,0
3.41733,-0.68688,0
-0.12705,-0.38808,0
0.71816,0.9137,0
1.47326,0.5706,0
1.32883,1.08543,0
2.74248,-0.47461,0
2.8542,-0.76252,0
2.19484,-0.41489,0
2.47856,-0.7792,0
0.95858,0.73995,0
0.11272,-0.8434,0
2.23408,-1.18694,0
-0.33208,-1.2209,0
-0.09599,-1.08492,0
3.1198,-0.16966,0
0.21865,-0.96183,0
2.91147,0.63725,0
0.34475,1.09108,0
3.45332,0.43995,0
0.07505,1.06296,0
3.30845,0.85181,0
3.14115,-0.95269,0
0.68668,-0.73267,0
-0.13031,-0.94247,0
2.81786,-0.53101,0
0.38218,0.60348,0
2.72584,0.17662,0
1.29665,-1.15385,0
1.28648,-0.98804,0
3.29415,-0.49899,0
0.70665,-0.0807,0
1.87561,-0.63373,0
3.40135,-1.22716,0
-0.00419,-0.22019,0
2.60925,0.16268,0
1.42785,-0.13263,0
1.6326,0.69465,0
0.13692,1.10419,0
2.62023,0.16695,0
2.62625,-0.13941,0
1.20156,0.60522,0
0.25742,0.99823,0
3.14878,0.3172,0
3.40596,0.82358,0
2.07945,0.98317,0
2.82823,-0.60846,0
1.74732,1.05158,0
1.9938,0.54933,0
3.42388,-0.22533,0
1.21837,-0.83365,0
1.47948,0.24197,0
3.10495,1.22437,0
2.41356,-1.20151,0
1.64253,0.51215,0
1.29864,-1.13922,0
-0.27899,0.55391,0
0.22187,-0.72925,0
1.25812,0.50227,0
3.39431,0.96697,0
-0.14962,1.05516,0
0.95969,0.33676,0
0.80602,-0.27314,0
1.79659,-0.82678,0
3.33894,-1.14203,0
0.13227,-1.21178,0
-0.14723,-0.70967,0
2.07294,0.5434,0
3.43239,-0.82531,0
0.82509,0.6546,0
1.21613,1.17724,0
1.12977,1.07906,0
2.38819,-1.09788,0
3.14979,-0.56044,0
3.49819,-1.24566,0
0.76111,-0.79799,0
2.22123,-0.95568,0
3.39836,-0.34472,0
3.22595,-0.1501,0
0.05346,-0.92809,0
-0.04507,-0.14065,0
1.42997,-0.77763,0
1.64654,0.89836,0
3.13572,0.95828,0
-0.37627,0.19268,0
0.62614,-0.68069,0
0.72066,-0.32939,0
3.09188,0.92539,0
3.42084,-0.71794,0
0.53724,0.966,0
1.25605,-0.875,0
1.94658,1.07535,0
3.39952,1.17605,0
-0.13588,0.34995,0
2.7661,1.07354,0
2.56999,1.09104,0
1.70923,0.38251,0
-0.25196,-0.81284,0
1.73071,-0.65685,0
0.79927,0.66383,0
3.47695,0.50824,0
2.23113,0.74886,0
0.557,0.01819,0
2.44635,-0.95809,0
1.36823,-0.05243,0
-0.10352,-0.75705,0
0.69529,0.74333,0
3.33352,0.90092,0
1.07741,0.41696,0
0.06599,-0.88138,0
2.31801,-0.08031,0
1.14493,-0.63719,0
0.6339,-0.60072,0
3.43012,-1.24519,0
3.3815,0.89978,0
2.98639,0.99916,0
1.10728,-1.15427,0
0.9282,-0.39087,0
2.44406,-0.28031,0
3.25206,1.22965,0
2.49481,1.11145,0
1.26148,-0.43819,0
1.64628,0.18938,0
2.48428,0.45427,0
0.03627,0.14601,0
-0.44659,-0.72757,0
2.15664,0.27534,0
1.46836,1.14606,0
0.67339,-1.16007,0
1.57879,-0.14574,0
1.6376,-0.61518,0
0.44718,-0.01725,0
1.10363,-0.48351,0
0.20168,0.66832,0
3.38954,-0.40659,0
0.86996,0.90135,0
1.33312,-0.83867,0
0.07846,-0.93971,0
0.56886,0.9688,0
1.8736,-0.97138,0
-0.13135,-0.53725,0
-0.49346,-0.89835,0
3.32431,-0.95631,0
-0.37995,1.20444,0
2.49594,-0.63645,0
-0.15058,0.07575,0
3.48519,0.68038,0
2.75502,0.16523,0
1.78149,1.03319,0
-0.49925,-0.40945,0
-0.36327,0.224,0
3.17332,0.76616,0
0.12133,-1.13898,0
1.39577,0.28183,0
-0.29389,-0.15206,0
3.08061,-0.88043,0
2.79467,0.58069,0
0.16426,-0.84091,0
1.88389,0.35521,0
1.05356,0.35958,0
2.54137,-0.4815,0
0.4538,0.96772,0
3.13771,0.76707,0
-0.19784,1.16916,0
3.47653,-0.27227,0
0.25889,0.26966,0
1.73252,0.66605,0
-0.35401,-0.57299,0
0.83681,-0.85662,0
1.00144,1.21382,0
1.16788,-0.45539,0
1.52384,-0.55236,0
2.74673,-0.46827,0
0.76353,-0.58355,0
1.1447,-0.48492,0
2.34298,-0.0524,0
-0.33233,-0.66424,0
2.15227,0.6495,0
0.99013,0.66584,0
-0.20852,-0.34204,0
1.74246,-0.07619,0
3.41,0.2501,0
0.99019,-0.67704,0
2.49205,1.00408,0
0.42539,-1.16886,0
1.56509,0.95785,0
2.55945,-0.86859,0
2.49021,1.23642,0
2.0605,-0.45162,0
0.06262,-0.89866,0
-0.2111,-0.42479,0
2.74507,1.13175,0
1.56883,0.00028,0
1.89467,-0.42316,0
2.07029,-0.55304,0
1.65356,0.15055,0
1.3893,-0.61439,0
1.11639,-0.90773,0
1.74524,-1.05303,0
0.25541,-0.21933,0
0.30069,-0.16648,0
0.7298,-0.40526,0
3.26854,0.19874,0
-0.38106,-0.01522,0
1.96169,0.06347,0
2.9618,-0.46098,0
0.15384,0.62402,0
2.40212,-0.10112,0
-0.48483,-0.06537,0
0.00921,-0.78874,0
-0.28504,-0.20594,0
2.44741,0.66548,0
1.53447,0.97784,0
2.63442,-0.46836,0
2.95442,0.30638,0
0.79951,-1.08211,0
3.33389,0.37766,0
0.21286,0.93219,0
1.58592,-0.14524,0
1.12499,-0.29458,0
1.52524,1.08421,0
-0.04383,0.80973,0
0.20462,-0.50523,0
1.82475,-0.23816,0
2.76704,0.36272,0
2.89933,-0.16997,0
1.17418,0.90064,0
2.20427,0.89867,0
0.49236,0.0271,0
1.31719,1.12825,0
1.01401,0.18769,0
1.74407,-0.19589,0
1.22898,-0.60248,0
-0.49299,0.30322,0
1.56829,-0.36878,0
2.82186,-1.03207,0
3.02786,0.8232,0
-0.13271,0.4639,0
2.57896,0.82995,0
2.02514,0.44838,0
0.34847,0.76099,0
-0.10372,-1.22605,0
2.25515,-0.87232,0
0.01273,0.73667,0
0.97649,-0.97582,0
0.45806,0.07262,0
2.9284,-0.76391,0
0.17887,-0.02896,0
1.88734,0.13744,0
1.93537,-0.04563,0
1.14767,1.16816,0
1.64393,0.27326,0
1.89438,0.54355,0
-0.4357,1.13663,0
3.06563,1.24121,0
0.35505,0.17695,0
3.10218,0.11744,0
1.18942,-0.22549,0
-0.4814,0.81766,0
1.60889,-0.72043,0
1.87761,-0.6998,0
1.28422,-1.14541,0
1.59684,1.18792,0
2.68475,-0.50473,0
2.91533,0.07137,0
0.27277,-0.94982,0
1.3054,-0.15217,0
2.71656,0.39037,0
1.77911,1.17495,0
2.03484,-0.29552,0
3.24071,-1.02315,0
1.48694,1.17407,0
1.28534,1.01935,0
3.29678,-0.44363,0
2.15441,-0.41341,0
1.47679,0.38655,0
0.70774,-0.41158,0
1.14547,0.93565,0
-0.39071,-0.95148,0
0.5604,-0.35619,0
-0.37757,0.48575,0
1.22515,-0.45491,0
2.63532,0.23839,0
0.2752,-0.14345,0
1.78527,-0.29932,0
0.40262,-0.42001,0
0.26119,-1.02225,0
1.85564,-0.03195,0
2.01515,-0.27135,0
0.50038,0.90894,0
2.11914,-0.41421,0
2.42422,0.59123,0
0.80431,0.18845,0
1.7218,1.02538,0
2.71386,-0.89813,0
3.04543,0.70179,0
3.01005,-0.42012,0
-0.48237,0.41987,0
1.16389,-0.98117,0
0.03399,-1.23052,0
1.34717,0.25959,0
2.5945,-0.78095,0
1.7375,-1.09793,0
3.23185,-0.82338,0
2.34763,-1.19699,0
0.33545,-0.99171,0
-0.01355,0.28572,0
1.49742,-0.31034,0
0.21453,0.95173,0
0.50452,-0.9521,0
1.05977,0.15429,0
2.88297,-1.12268,0
2.70779,0.41121,0
-0.43211,-0.85241,0
0.6144,-0.22133,0
-0.38254,0.23937,0
1.91128,0.29746,0
2.19524,0.73618,0
0.71443,0.75143,0
1.98377,-0.23589,0
1.85981,-1.20247,0
3.15494,-0.81998,0
2.84522,-0.11748,0
1.05234,-0.99905,0
1.82382,1.04946,0
0.29225,1.19551,0
2.62259,-0.52673,0
2.9432,-0.22162,0
3.4865,-0.93523,0
3.42899,-0.81043,0
0.37299,0.0005,0
3.03777,-0.95625,0
-0.36521,-0.69315,0
2.84946,-1.20561,0
1.81597,0.6964,0
-0.43757,-0.44292,0
1.1497,-0.02014,0
-0.29877,0.06833,0
1.27512,0.51652,0
-0.3129,0.75519,0
2.49442,-0.52766,0
1.37082,-0.11234,0
2.96015,0.24419,0
2.95365,0.38612,0
-0.39423,0.13809,0
-0.06526,-0.53899,0
0.5563,-0.37629,0
2.65105,1.14421,0
3.30203,0.18165,0
2.24118,0.16108,0
2.73344,0.51411,0
-0.34288,-0.38773,0
3.19157,1.23569,0
-0.13606,-1.22784,0
2.85103,-0.93322,0
2.82726,-0.28051,0
2.07618,0.48595,0
-0.24944,0.59444,0
0.04806,-0.85602,0
3.27742,-0.1339,0
0.29206,1.02928,0
0.36069,-0.73416,0
0.82345,-0.97493,0
0.56324,-0.45962,0
3.12464,-0.75382,0
0.4051,-1.03986,0
2.36533,-1.13282,0
-0.20431,-0.62302,0
0.55275,0.8472,0
2.2651,0.26398,0
0.51013,-1.19758,0
0.32558,-0.74002,0
1.39688,-0.11461,0
0.76489,1.10836,0
1.40668,0.04617,0
-0.26233,-0.73804,0
2.07114,0.30927,0
1.11865,0.33304,0
0.49141,-1.04018,0
1.72317,-0.28342,0
1.88628,-0.41068,0
2.81544,-0.54701,0
0.05092,-0.80314,0
0.7866,1.05324,0
3.08852,0.35893,0
0.92962,0.87913,0
2.17562,-0.21693,0
2.68829,0.81729,0
1.58937,-0.09952,0
-0.3463,1.03918,0
1.5639,-1.19507,0
1.45654,-0.45195,0
1.02217,-0.92546,0
2.88827,-0.35138,0
1.31027,-0.03068,0
-0.24831,0.04917,0
2.42389,0.69998,0
1.86122,-0.80952,0
0.04232,0.56164,0
3.07524,-1.01943,0
2.32186,1.12844,0
2.7391,-0.06761,0
0.02874,-1.14999,0
1.6773,-0.74415,0
0.70562,1.23501,0
0.81412,-0.81302,0
2.82945,0.088,0
2.68087,0.34947,0
2.63563,0.07055,0
1.85779,0.9665,0
0.33297,-0.47268,0
0.77214,-1.16285,0
1.92171,-0.98422,0
2.11674,-0.59879,0
1.83356,-1.00601,0
1.40092,-0.66539,0
-0.17798,0.94179,0
0.25615,-0.66053,0
3.04464,-0.40494,0
3.38464,0.03151,0
1.2551,1.09135,0
3.2752,-0.30482,0
0.62608,0.53867,0
0.73026,-1.08628,0
3.37643,0.28803,0
1.82802,0.28615,0
1.32192,-1.16943,0
0.34301,1.02007,0
-0.39279,0.50628,0
-0.19968,-0.93111,0
0.9263,1.24985,0
-0.01502,-1.19979,0
2.80632,-1.19812,0
1.22894,0.56551,0
1.37664,-0.54229,0
-0.31213,-0.4529,0
-0.1257,0.35426,0
2.61532,-0.82039,0
2.00615,-0.11456,0
2.78416,-0.59557,0
2.59517,0.90959,0
2.40694,-0.55204,0
2.38184,-1.1278,0
-0.04302,1.07736,0
1.98492,0.361,0
1.08506,-0.69418,0
2.79718,-0.27662,0
1.42612,-0.07298,0
3.27437,0.13238,0
2.23371,1.08349,0
1.51002,-1.13038,0
2.54794,1.23483,0
0.74248,1.0477,0
-0.16328,-0.0021,0
2.78254,-0.28559,0
0.39695,-1.22096,0
3.33049,-1.00463,0
1.1336,0.6246,0
0.88019,-0.58245,0
2.89862,0.92934,0
2.72069,-0.6662,0
2.33022,0.57467,0
3.34108,0.81183,0
-0.00291,-0.88882,0
0.72322,-0.22992,0
0.02812,-0.56407,0
-0.14074,0.64809,0
-0.0453,0.40677,0
2.01042,0.37946,0
-0.05225,-0.58932,0
1.76649,0.02729,0
1.92099,-0.46925,0
1.71003,-0.5041,0
-0.10767,1.04517,0
3.05011,0.75662,0
1.20886,-1.08163,0
1.12676,1.11565,0
1.45512,-0.12315,0
2.54455,-0.36907,0
0.46464,0.8165,0
3.0757,1.04115,0
3.25455,-0.37564,0
1.02462,-0.36845,0
2.10496,-0.862,0
3.10916,-0.78932,0
1.41979,-0.449,0
0.20642,-0.26773,0
3.08683,0.83372,0
2.85862,0.33396,0
3.12212,-1.16509,0
0.3275,-0.68701,0
2.74393,0.84456,0
1.79708,1.08375,0
2.35344,0.26958,0
2.1369,0.88727,0
1.69354,0.72218,0
1.38431,-0.47828,0
1.44869,0.76748,0
0.20392,1.21498,0
0.24912,-0.70581,0
3.38261,-0.75676,0
1.41339,1.16617,0
3.06951,-0.54044,0
2.89096,-0.93378,0
0.75812,0.03927,0
2.04654,-0.17767,0
-0.34568,1.24517,0
1.1063,0.91412,0
0.97127,0.26998,0
2.01638,0.34425,0
2.13636,-0.86624,0
2.85212,-0.87417,0
3.43392,-0.73162,0
0.30392,0.5825,0
1.20813,-0.11786,0
2.9653,0.90437,0
3.24749,0.79984,0
0.72954,1.13314,0
-0.01193,0.53537,0
1.50465,-0.21224,0
3.30577,0.4215,0
2.90371,-0.78065,0
1.19959,-0.58176,0
-0.44464,-1.11871,0
1.27131,-0.95872,0
1.57701,-1.06392,0
0.25928,-0.78376,0
0.45601,-0.03012,0
3.08519,0.44267,0
-0.2282,-1.00371,0
3.05788,-0.0505,0
3.48391,0.85141,0
0.69243,-1.06682,0
-0.30351,0.69614,0
2.85546,0.4438,0
1.07409,-0.06436,0
-0.19075,-0.95104,0
0.91962,0.38863,0
1.5579,0.20952,0
3.43864,0.41521,0
2.49464,0.76426,0
1.31196,-1.06763,0
2.21753,-0.75727,0
0.63268,-0.90892,0
0.99505,0.93329,0
0.11129,1.12862,0
1.64912,-1.08281,0
1.23435,1.20631,0
0.80936,-0.31949,0
3.30135,0.0884,0
-0.49221,-0.70568,0
2.23391,0.90913,0
1.84449,0.09885,0
-0.42503,0.00972,0
1.89716,1.00826,0
1.22686,0.56987,0
2.64585,0.75149,0
1.27988,-1.18484,0
2.11197,0.63822,0
3.23572,1.13999,0
2.40149,-1.2239,0
-0.13029,0.19029,0
-0.09775,0.06041,0
2.09289,0.79104,0
2.28567,-0.64077,0
0.35602,-0.78786,0
1.159,0.53796,0
-0.35457,0.72562,0
2.11375,-0.00025,0
2.55777,-0.47393,0
3.32548,-0.24961,0
1.84687,0.57545,0
0.10358,1.19171,0
0.51616,-1.23493,0
1.34059,1.23822,0
-0.12878,-0.95976,0
1.02963,0.86179,0
0.46693,0.88881,0
3.32408,0.91312,0
0.62304,0.24324,0
1.47159,-0.29272,0
2.5948,1.19668,0
1.87239,-0.69506,0
2.56741,-0.29988,0
2.60156,-1.13394,0
0.6519,0.1974,0
-0.11516,-0.24429,0
3.28074,0.9186,0
1.67185,-0.53805,0
2.93722,-0.69882,0
1.34166,-0.6097,0
3.29715,0.09939,0
0.57611,1.20675,0
0.45245,0.31679,0
2.82809,1.06127,0
2.12464,-1.09181,0
0.45321,1.14826,0
2.6923,-0.91193,0
1.51366,0.37828,0
0.37098,-0.16215,0
0.03126,0.04626,0
2.85796,-0.11657,0
3.08193,1.16149,0
2.4509,-0.42494,0
2.27464,0.65109,0
3.12131,1.08928,0
2.58633,-0.81691,0
1.06997,-0.98224,0
0.88546,-0.50448,0
1.76368,0.31392,0
1.01275,0.87509,0
2.8847,-0.85445,0
1.42456,-0.75638,0
1.4515,-0.94746,0
0.36427,0.17174,0
1.84641,1.02538,0
0.29425,-0.38229,0
0.29949,0.09788,0
1.92933,0.29246,0
-0.33486,0.35466,0
-0.33918,-0.27796,0
1.67553,-0.29884,0
0.25024,0.52253,0
0.66402,0.98578,0
2.08036,-0.30543,0
2.5335,-0.26815,0
0.00811,-0.65703,0
2.38465,0.00104,0
2.55078,0.33007,0
2.52283,-0.2492,0
2.19991,-0.7276,0
2.58198,1.17777,0
2.62528,0.37237,0
3.33648,-0.41514,0
1.93889,-1.04575,0
0.99655,1.23087,0
0.94771,-0.67471,0
3.03373,1.2368,0
1.94508,-0.83576,0
1.41005,-0.43189,0
1.65415,0.98552,0
3.15611,-0.87631,0
2.51942,-0.77973,0
0.58173,-0.44799,0
0.13563,-1.05608,0
3.36713,1.06836,0
2.70296,-0.35363,0
0.67147,0.47996,0
0.32702,1.02404,0
0.43109,-0.71058,0
2.67727,-0.78688,0
0.26491,-0.98316,0
0.81026,0.63455,0
3.08017,0.93548,0
-0.33019,-0.30947,0
1.50623,0.77148,0
3.44377,0.26957,0
2.33709,-0.07557,0
-0.39352,-0.15926,0
0.57823,0.2512,0
2.62059,-0.30329,0
1.03357,0.45129,0
-0.45084,0.68897,0
2.01916,-0.60365,0
2.49734,0.85588,0
0.04364,-1.15369,0
1.38411,0.77292,0
1.90737,-0.74262,0
0.22156,1.09376,0
3.07653,0.6699,0
0.05332,0.74483,0
2.56142,-0.70821,0
0.21745,0.49537,0
0.85717,0.08152,0
0.81769,0.31181,0
0.38079,0.71914,0
3.44625,-0.66715,0
1.20524,0.17757,0
3.31911,0.32116,0
0.75957,0.56868,0
2.62479,0.71148,0
1.29494,-1.00325,0
2.45271,0.61207,0
-0.27623,-0.009,0
2.87214,-0.57146,0
1.42817,1.21858,0
2.44846,0.70989,0
1.29402,-0.90918,0
0.89318,1.22813,0
0.13121,0.2329,0
0.81968,-0.42958,0
0.11332,0.05205,0
1.01647,-0.69898,0
0.9577,-0.20516,0
0.80695,-0.69085,0
2.84667,-1.07946,0
0.1945,-0.15834,0
3.40398,-0.55116,0
2.8027,0.1104,0
0.71612,1.19799,0
1.80192,-1.00509,0
3.48937,0.81906,0
0.30302,0.64639,0
0.96848,0.81282,0
0.38804,-0.66546,0
0.76807,-0.80806,0
-0.36197,0.02541,0
0.24108,0.66975,0
1.71422,0.96413,0
0.00939,0.22903,0
3.45797,-0.21653,0
3.43713,-0.93358,0
2.28149,-1.10535,0
2.8261,0.99804,0
1.19571,1.08377,0
1.04984,-0.39409,0
1.11809,-0.4862,0
2.1469,-1.04559,0
3.17074,-0.30933,0
0.34135,0.49667,0
0.50754,0.88732,0
2.65579,0.42449,0
0.46973,0.82515,0
3.1836,-0.8489,0
2.66906,-1.16525,0
0.73084,-0.11675,0
1.54314,-0.27247,0
-0.09077,-0.71102,0
3.19633,0.10854,0
3.47269,-0.87426,0
1.1035,-1.04589,0
1.47943,-0.88902,0
0.19738,0.88976,0
3.33973,-1.1656,0
3.22754,-0.49603,0
0.07977,0.94279,0
1.37744,0.33131,0
1.80667,-1.07937,0
1.13118,-0.52588,0
0.74031,-1.17298,0
2.92105,0.87506,0
1.99416,0.38168,0
0.62941,-0.13934,0
2.39295,-0.42118,0
2.97753,1.04859,0
3.30724,0.30797,0
0.07554,-0.91981,0
0.82312,0.33411,0
0.29834,-0.11476,0
0.94193,0.75851,0
1.03011,-0.2174,0
0.66888,-1.12823,0
3.15591,-1.24771,0
2.86862,-0.0247,0
1.78663,0.68385,0
-0.41845,-0.41536,0
2.31457,0.19373,0
1.40118,1.07251,0
0.0645,-0.66228,0
3.17921,0.59927,0
-0.07883,0.16723,0
0.25561,0.15327,0
1.86925,0.19563,0
2.72991,-0.88245,0
-0.43703,0.59351,0
-0.20036,-0.11229,0
1.74778,-1.0566,0
2.95636,-0.03443,0
2.00945,-1.15434,0
1.72526,-0.67449,0
2.81124,-1.14318,0
3.33691,-0.15043,0
2.02278,0.25172,0
3.4404,0.60908,0
0.46458,-0.26209,0
2.65207,0.10043,0
1.6802,-0.9856,0
-0.09425,0.79018,0
1.5301,-0.09056,0
-0.09333,1.247,0
-0.02886,0.24831,0
1.31162,0.81397,0
1.22068,0.39965,0
3.23699,1.03648,0
0.80114,-0.80941,0
0.89045,-0.0029,0
2.57591,-0.71196,0
0.00961,-0.39863,0
1.09737,1.23613,0
3.24484,-0.80018,0
0.10663,0.68559,0
3.38734,1.06814,0
1.72794,-0.22096,0
-0.37957,0.36307,0
0.75587,-1.09611,0
2.21487,0.85211,0
3.0046,0.14728,0
2.00826,-0.30525,0
0.44409,-0.02323,0
2.21295,0.96845,0
-0.08635,0.23019,0
0.28025,0.91516,0
2.35294,-0.35675,0
0.8599,-1.06496,0
1.76629,0.39189,0
0.30242,-0.59631,0
1.52557,-0.23027,0
-0.32386,0.83241,0
3.2208,-0.47711,0
0.02685,0.11542,0
-0.06147,-0.00188,0
1.99878,-0.37785,0
2.08372,1.19328,0
3.20156,0.49245,0
3.26613,0.85093,0
0.28768,0.96394,0
1.66196,-1.01708,0
2.21807,0.17247,0
0.73086,-0.82258,0
1.56864,-1.04993,0
-0.31382,1.23658,0
-0.25911,-0.82529,0
2.5904,0.15418,0
3.03659,-0.08764,0
2.22327,0.19051,0
2.52835,0.19984,0
1.12448,0.6351,0
3.49654,1.17646,0
2.82373,-0.56531,0
-0.18112,-0.18778,0
-0.35977,-0.1537,0
-0.34938,1.16254,0
2.17805,0.06899,0
3.43483,-0.96712,0
0.86883,0.36418,0
1.37153,-1.09781,0
1.77918,-0.97677,0
1.74279,0.71443,0
-0.04978,-0.34767,0
-0.27188,0.09136,0
0.09995,0.30145,0
0.4525,0.88949,0
3.24871,-1.10146,0
3.40707,-1.03111,0
1.65361,0.99314,0
1.18084,-1.09417,0
1.15369,-0.57655,0
0.02654,0.01517,0
2.27941,-0.3709,0
1.48372,0.45951,0
1.64385,-0.5071,0
2.42922,-1.12455,0
1.55207,-1.08849,0
0.613,-0.22186,0
3.41455,-0.38468,0
1.55844,0.438,0
-0.15386,0.91914,0
1.23092,1.14476,0
1.91091,0.85811,0
2.42824,-0.47825,0
2.50662,-1.20004,0
3.11285,-0.92302,0
0.84881,0.45552,0
2.44178,0.51143,0
0.65614,0.40804,0
-0.37528,-0.8142,0
0.24599,-0.22232,0
0.15539,0.7281,0
2.26653,-0.02888,0
1.24736,0.80831,0
0.14772,-0.02927,0
0.96675,-0.4992,0
-0.47871,-1.03904,0
3.26224,1.17408,0
2.78175,-0.05351,0
1.62126,-1.05037,0
3.28572,0.15153,0
0.945,0.00653,0
2.00649,1.07893,0
2.74506,0.23695,0
0.96678,0.09698,0
0.39234,-0.25025,0
2.6206,0.04991,0
0.06548,-0.30485,0
2.65444,0.93836,0
1.92859,0.03628,0
0.5036,-1.18779,0
0.17897,0.31,0
2.23757,-1.05754,0
-0.38159,-0.00684,0
1.6457,0.84294,0
0.88,-0.99702,0
1.1878,0.67378,0
2.04064,-1.19789,0
1.95824,-0.33192,0
0.68992,0.86027,0
2.57086,-1.107,0
-0.23159,1.11798,0
3.40754,1.19137,0
2.68106,0.50794,0
0.26882,0.32524,0
-0.33176,0.11044,0
2.47001,0.76889,0
0.24287,0.33048,0
2.20588,-0.78451,0
3.09458,-1.20367,0
1.15504,-1.24807,0
1.35373,-0.7886,0
1.91628,-0.57538,0
2.36929,0.84917,0
0.3609,0.31148,0
-0.18427,-0.13701,0
0.94686,-1.15386,0
0.87586,-0.51027,0
0.83527,1.2176,0
2.51832,0.29312,0
0.15748,0.29598,0
1.27549,-0.5603,0
2.88035,-0.51188,0
0.25064,0.52511,0
1.03493,0.48281,0
3.10018,-0.10013,0
3.00122,0.31479,0
-0.28781,-1.01621,0
2.74283,0.2844,0
3.27285,1.21192,0
1.72146,-0.64287,0
-0.48963,-0.0634,0
-0.13634,-0.2523,0
-0.01206,0.57495,0
2.59628,0.05239,0
2.77571,0.22664,0
0.02095,1.21385,0
-0.14567,-0.62213,0
3.17644,0.81447,0
3.12825,-0.98059,0
0.69536,-0.1622,0
0.98628,0.29426,0
0.34712,0.71972,0
2.68253,-1.15172,0
-0.35778,-0.58249,0
0.17395,0.07125,0
-0.05076,-0.36063,0
0.13577,1.22312,0
2.99617,0.77234,0
2.14646,1.06108,0
0.8017,-0.70259,0
1.0149,1.10475,0
2.65267,0.34982,0
1.81284,-1.14975,0
3.4965,0.19195,0
1.14528,0.99889,0
1.15759,0.22739,0
2.90465,-0.23572,0
2.16289,-0.60592,0
0.46411,0.18311,0
2.33281,1.19373,0
2.10636,0.73435,0
2.86699,-0.6935,0
-0.2001,0.33205,0
1.09383,0.01591,0
3.28128,0.13248,0
-0.43036,0.81074,0
1.54558,-1.11321,0
0.0085,0.03979,0
3.29389,0.9242,0
2.58502,-0.37992,0
3.02616,-0.45021,0
3.25391,-0.29964,0
1.37812,0.22146,0
0.94742,0.01555,0
2.83898,-0.37446,0
1.22917,0.3847,0
2.69389,1.15898,0
-0.24426,0.18947,0
-0.13019,-0.68245,0
2.19833,-1.05934,0
1.95705,0.97393,0
2.62416,0.22218,0
-0.0905,0.8719,0
3.23483,1.02901,0
2.7464,-1.20378,0
-0.32109,0.75884,0
-0.28358,1.21854,0
0.2406,0.41275,0
2.6488,0.99695,0
0.40449,1.14167,0
1.75453,0.79302,0
2.1031,-0.8594,0
2.46003,0.91203,0
0.66942,-0.76333,0
2.39737,-0.85833,0
2.64842,-0.41231,0
2.86453,0.11164,0
0.44022,0.1523,0
-0.0142,-1.04126,0
1.92163,0.39705,0
3.34273,-1.13436,0
0.82071,-0.44904,0
3.19253,-1.16282,0
0.88809,-0.02412,0
0.8597,0.74673,0
1.99813,-0.88734,0
2.03324,1.08945,0
0.33815,0.27086,0
1.70178,-1.11515,0
3.2768,0.82614,0
1.57254,0.83938,0
1.97756,-1.17171,0
2.02966,-1.24651,0
2.43635,1.04027,0
2.54313,-0.88649,0
2.98184,-0.33916,0
2.04239,-0.5569,0
2.94139,-1.20278,0
2.92156,0.75399,0
2.14861,0.46627,0
0.92813,0.64353,0
2.95198,0.6331,0
2.25179,0.29388,0
0.16087,1.08599,0
0.62801,1.12697,0
2.07352,0.17066,0
0.80585,0.0282,0
3.15255,-0.4174,0
0.69661,0.16074,0
-0.21535,-0.22742,0
0.63347,0.85761,0
0.43342,0.24071,0
3.27946,0.55191,0
3.35927,-0.48425,0
-0.16353,-1.16759,0
0.06999,-0.02443,0
1.07818,0.03576,0
0.42549,-0.72203,0
1.08504,0.62404,0
0.52113,0.70208,0
0.53188,-0.68928,0
2.64501,0.42882,0
1.62857,1.1683,0
0.86916,1.07222,0
-0.05507,-0.59579,0
1.00048,0.92688,0
1.31065,1.0834,0
2.87222,-1.14221,0
2.9849,0.67833,0
2.35371,-0.93706,0
-0.11274,-1.05874,0
-0.16154,0.98668,0
2.58472,1.00885,0
-0.11086,0.60221,0
2.15447,-0.74033,0
-0.32359,-0.8407,0
1.23875,0.97406,0
3.19818,0.75395,0
1.58869,1.144,0
1.57587,-0.38168,0
0.84547,0.13437,0
0.69862,-0.52755,0
3.28129,-1.19328,0
1.57575,-0.69922,0
2.22791,0.86383,0
-0.07655,-1.08683,0
1.70028,0.18755,0
0.75499,-0.77087,0
2.9672,0.74202,0
-0.11658,-0.97745,0
2.32845,-0.27248,0
2.93192,-0.21975,0
1.28651,-0.71702,0
3.0408,-1.15045,0
2.48492,-0.0087,0
3.0335,-0.03032,0
-0.43587,-0.17562,0
-0.311,0.81836,0
3.11697,-0.49533,0
1.02769,0.15736,0
0.22919,0.98465,0
-0.04786,-0.95304,0
0.20842,0.1301,0
2.61023,-1.22153,0
1.49747,0.52534,0
1.16084,1.19889,0
1.31583,0.31906,0
3.17234,0.4247,0
1.77336,-1.1726,0
2.14343,-0.81288,0
1.14246,-0.5959,0
0.32461,-0.33684,0
3.45512,0.86855,0
0.2542,-0.45771,0
0.31451,0.76673,0
1.78085,-0.94488,0
0.56422,0.17785,0
1.44095,-1.06641,0
2.5278,-0.15674,0
1.09114,0.00809,0
2.19915,1.20711,0
-0.10973,-1.23908,0
1.25505,0.97172,0
2.48402,-0.31267,0
2.0214,-0.21351,0
1.21589,0.59272,0
2.79838,0.09756,0
0.55452,-0.14925,0
-0.41372,0.59303,0
2.38996,0.14733,0
0.86052,-1.07879,0
0.03868,-0.77284,0
3.09321,-1.12633,0
0.63065,-0.52563,0
2.86827,0.6283,0
1.9511,0.19769,0
2.3145,-0.5437,0
2.69539,-0.08127,0
0.15935,1.05753,0
-0.2628,-1.14932,0
0.76788,-0.04412,0
2.46588,-1.20155,0
0.48562,-0.5769,0
1.8524,-0.1185,0
0.27821,-0.66678,0
0.11118,-0.85216,0
-0.0685,0.29055,0
-0.06524,0.34181,0
1.85323,-0.93102,0
0.00523,-0.10183,0
3.09962,-1.15635,0
0.19556,1.15575,0
3.4604,-0.26254,0
0.61808,0.16014,0
0.89747,-0.76117,0
3.18528,-0.08932,0
-0.12333,-0.41979,0
2.35843,-0.83541,0
1.29915,0.56371,0
2.20491,-0.74672,0
0.41587,0.33507,0
0.8812,0.82582,0
2.56268,0.16114,0
0.94208,0.82884,0
2.80581,0.15505,0
0.89833,0.92727,0
2.39289,0.83494,0
0.59934,1.139,0
0.257,1.02349,0
1.5985,-0.60797,0
0.16404,1.04706,0
2.38658,0.92366,0
3.11044,0.10073,0
-0.08889,0.82306,0
0.40146,1.0142,0
0.86339,0.56315,0
-0.43936,-0.07597,0
-0.4715,0.64334,0
0.7666,0.25532,0
1.12722,-0.29354,0
0.18479,1.22593,0
2.8958,0.70309,0
1.59733,-0.44165,0
-0.34921,-0.07647,0
2.52498,0.80051,0
0.23791,0.17938,0
2.98644,0.91523,0
2.13444,0.31492,0
0.46185,0.83651,0
1.09361,0.18696,0
0.12538,-0.98439,0
0.83836,-1.07028,0
1.17747,0.36859,0
1.46675,0.52234,0
0.81387,0.84455,0
1.03654,-0.55567,0
1.02868,1.0709,0
0.22363,0.45183,0
-0.19926,-0.10751,0
-0.12838,0.67943,0
1.03033,-0.99254,0
2.15485,-0.90621,0
0.02335,1.01461,0
1.31149,0.56444,0
1.53174,-0.38546,0
1.08345,1.01347,0
1.2284,0.39808,0
3.14364,-0.27009,0
1.81281,-0.33604,0
-0.16703,-0.49896,0
-0.37412,-0.4415,0
0.65498,-0.99653,0
0.23427,-1.01117,0
1.05607,0.9842,0
1.86496,-0.26898,0
2.09076,1.22386,0
1.45645,0.63939,0
-0.37037,0.28624,0
3.06941,-0.11694,0
0.44128,-0.69326,0
0.66562,-0.40037,0
3.42974,1.14437,0
1.28209,-0.22832,0
0.09829,0.95706,0
3.37369,0.98309,0
0.97221,-0.9394,0
0.94451,0.37312,0
-0.15669,-0.53719,0
0.13702,-0.38799,0
2.18069,-0.59398,0
1.33467,0.29535,0
-0.20155,0.03595,0
2.84105,1.08491,0
-0.44323,0.51159,0
2.38158,1.02124,0
0.21864,0.48262,0
2.7281,1.09963,0
0.45538,0.78752,0
2.70095,-0.60045,0
2.65765,-0.34266,0
-0.39008,0.09007,0
0.68127,0.77073,0
1.18485,-0.26132,0
1.85389,-1.05029,0
1.81535,1.21106,0
2.05159,-0.24776,0
1.16141,-0.00609,0
1.00605,0.72593,0
2.51208,-0.53789,0
1.85541,0.78336,0
2.38034,1.20785,0
1.06339,-0.21342,0
-0.08837,0.81133,0
-0.00722,0.09007,0
0.00233,-1.23289,0
2.95263,0.55433,0
2.90306,0.23413,0
1.43092,0.47331,0
2.86217,-0.59121,0
0.04162,0.31266,0
1.24692,0.98859,0
-0.16986,-0.51821,0
2.11194,0.86672,0
1.32999,0.80742,0
3.23717,0.4105,0
2.85994,-1.10071,0
1.85708,-0.89481,0
-0.4503,-0.48892,0
3.30252,0.76033,0
0.66236,0.09622,0
2.25944,1.08961,0
2.76414,0.31447,0
0.79386,-0.66776,0
2.97512,-0.21114,0
0.71767,-0.81661,0
-0.39015,-0.62696,0
3.4175,0.07896,0
1.54782,0.59201,0
2.23514,-0.2257,0
0.67575,-0.74445,0
2.87711,-0.17236,0
2.84348,1.13191,0
0.05746,0.8464,0
1.81297,0.41188,0
1.32925,0.66146,0
-0.10913,-0.2442,0
-0.17977,-0.34625,0
-0.43043,-0.93427,0
0.24694,0.55524,0
2.73034,-0.97622,0
0.16046,0.07327,0
1.06648,-0.99117,0
1.58427,-0.80824,0
0.69504,0.55399,0
1.11517,1.06428,0
1.91227,0.0657,0
3.03228,-0.77761,0
-0.24992,0.12422,0
1.9347,0.11534,0
2.73274,-1.01288,0
1.31715,0.9318,0
2.09928,0.67788,0
3.38461,-0.32643,0
1.74661,-0.40439,0
3.2479,0.73351,0
0.43461,-0.05343,0
1.82189,0.56611,0
1.99237,-0.70708,0
2.83231,-0.219,0
3.17827,0.67106,0
1.84977,-1.21028,0
-0.34944,-0.56483,0
1.57637,0.91503,0
1.47737,-0.08835,0
0.98048,-0.8693,0
0.34416,-0.00697,0
0.77704,-0.11671,0
-0.30739,0.46769,0
0.56194,0.17032,0
0.97599,0.41911,0
0.16388,1.17635,0
1.86113,-0.89363,0
-0.17267,0.46268,0
2.00169,-0.50174,0
2.81013,-0.56167,0
1.68684,0.12435,0
0.77984,0.64755,0
-0.15213,-0.27081,0
2.25376,-0.69487,0
1.02019,0.41219,0
1.19367,0.71513,0
0.22076,-0.9979,0
2.49926,-0.10466,0
1.04118,-0.88007,0
0.89297,-1.14891,0
2.71602,0.29953,0
0.15986,0.78293,0
2.27783,-1.19899,0
2.7078,-0.1419,0
2.06335,-0.36512,0
-0.0412,0.61287,0
3.06588,0.31227,0
-0.15861,-0.15182,0
0.5483,-0.93911,0
-0.29424,0.55074,0
1.12213,-0.26062,0
0.3756,0.70319,0
0.84915,-1.03092,0
2.20234,0.52642,0
2.91465,0.00684,0
1.7193,0.72629,0
2.76099,-0.73214,0
2.38591,-0.46509,0
3.39669,0.78894,0
0.06409,-0.23182,0
0.87276,0.5513,0
2.75177,1.06049,0
2.31878,0.61569,0
3.13735,-0.44686,0
0.65984,0.76177,0
-0.13437,-0.5389,0
2.20914,-0.41881,0
0.18716,-0.61743,0
0.71196,-0.67686,0
0.14134,0.52777,0
2.74142,-0.77385,0
2.0013,0.83687,0
0.99077,0.53126,0
1.85856,0.6604,0
2.25153,0.18211,0
-0.47842,0.21647,0
0.25404,-0.16204,0
2.64304,0.83307,0
0.06245,1.14152,0
1.83469,-0.21144,0
1.39165,-0.31784,0
3.06077,-0.36639,0
1.93096,-0.47055,0
3.03377,0.11526,0
3.40253,-1.13937,0
2.74928,-1.13844,0
2.38864,0.22499,0
2.81335,0.51248,0
1.62029,-0.62462,0
3.24989,0.92255,0
3.36721,-0.7031,0
2.10622,-0.65336,0
2.92043,0.97475,0
1.34336,-1.1078,0
1.78825,0.93874,0
2.18267,1.06456,0
-0.4986,0.6698,0
1.89679,-0.21177,0
3.40063,-0.23664,0
0.56286,1.14894,0
2.6291,-1.21771,0
0.90898,0.36581,0
0.33664,-1.00534,0
3.05236,-0.49383,0
1.9379,-0.91958,0
1.09256,-0.15279,0
-0.36553,1.056,0
1.81651,0.54882,0
2.45102,-1.16661,0
3.11163,1.15318,0
1.0556,-0.40264,0
0.88505,-0.81845,0
3.00525,-0.13997,0
-0.10858,-1.15698,0
-0.30896,0.48579,0
0.53705,1.07267,0
-0.05021,0.82219,0
2.85996,-0.62063,0
1.65414,-1.09134,0
0.40495,0.19382,0
1.48759,0.79931,0
3.06031,1.11756,0
0.35212,0.89675,0
3.3446,-0.12152,0
1.57407,0.55881,0
0.20201,-0.18897,0
3.11491,-0.16677,0
1.54213,-0.66531,0
3.03362,-0.27298,0
2.1737,1.17328,0
1.04391,1.15712,0
-0.41508,-0.61153,0
3.24271,-0.46401,0
-0.32164,-0.36505,0
1.83903,-0.30802,0
3.0726,0.83337,0
1.80763,0.42694,0
0.95453,-0.92699,0
0.68243,0.97145,0
2.36423,-0.09432,0
0.7701,0.03924,0
1.01378,-1.10536,0
1.41794,-0.94411,0
1.80649,0.15295,0
1.41429,0.63862,0
-0.47767,-1.07915,0
2.95856,0.26728,0
3.01776,0.16823,0
1.18876,0.67992,0
1.39199,-1.21491,0
0.60453,-1.06058,0
1.67483,1.11847,0
2.14013,1.22574,0
3.22457,-0.80798,0
1.41136,-0.59396,0
0.94275,-0.61823,0
2.90635,1.07179,0
3.0676,0.16792,0
2.62853,-0.40935,0
-0.05646,-0.73369,0
2.43081,-0.73984,0
0.67162,0.36888,0
0.91451,-0.99771,0
3.25598,-0.54461,0
2.56792,-1.16355,0
3.03869,-0.83768,0
1.32846,1.22531,0
2.62617,-1.04821,0
0.32187,0.27137,0
1.78993,0.30283,0
2.44249,0.21171,0
1.17915,0.27994,0
1.30411,-0.16648,0
0.52159,0.40754,0
3.45949,0.76344,0
-0.18419,-1.07325,0
0.12501,0.77293,0
3.29996,1.05766,0
1.22148,0.80322,0
2.55081,1.19432,0
-0.27496,0.94873,0
2.33366,-0.21423,0
0.30374,-0.95831,0
3.24229,-0.56188,0
1.73321,-1.02414,0
2.90598,0.22817,0
0.36389,-0.13616,0
1.92838,0.62323,0
2.66145,-1.24228,0
1.99656,1.13412,0
0.17199,-0.08638,0
1.66271,0.11346,0
3.10192,-0.02592,0
2.9238,0.60593,0
2.70329,-1.14069,0
1.12485,-0.04759,0
0.74372,0.70826,0
3.10392,0.32867,0
3.0539,-0.17933,0
-0.36905,1.18969,0
0.75745,-0.66362,0
-0.00145,0.90153,0
0.1111,-0.19767,0
0.35828,-0.6505,0
1.37688,1.05819,0
0.22555,-0.31064,0
0.67294,1.15518,0
2.77755,-0.12826,0
1.4095,0.3823,0
2.87109,-0.55636,0
2.28518,0.21952,0
-0.4871,-0.33375,0
0.87421,1.00198,0
-0.12766,-0.99602,0
1.01465,-0.44257,0
2.25527,0.19163,0
3.27676,-0.03893,0
-0.07731,1.19728,0
0.57237,0.4699,0
-0.43381,-0.09202,0
3.20379,0.43072,0
2.93539,1.15778,0
-0.01648,-0.55723,0
0.74681,1.19738,0
0.60666,0.15844,0
1.6111,-0.84768,0
3.38037,-0.07536,0
0.73391,0.99215,0
0.32517,-0.94745,0
3.09586,0.35639,0
2.45035,0.85399,0
0.47525,-0.82618,0
2.76592,-0.17421,0
0.27952,0.65561,0
3.40887,-1.02998,0
1.17395,0.72886,0
0.57336,-0.63537,0
0.50491,-0.43563,0
1.66228,0.03065,0
1.95138,0.96018,0
1.37985,-1.17941,0
1.85365,1.10583,0
-0.49767,0.32733,0
3.30565,0.41423,0
0.70472,-0.17146,0
1.04634,0.10756,0
2.77093,0.8159,0
3.45087,0.86652,0
1.6863,0.74717,0
2.61438,-1.06729,0
2.97823,-1.00182,0
2.53004,0.5061,0
-0.11739,0.80602,0
0.95582,-0.65644,0
0.52596,-0.66916,0
1.94679,0.91848,0
0.91089,-0.11484,0
-0.47303,1.20562,0
1.24164,0.08816,0
2.58305,-0.37935,0
0.69566,0.46115,0
-0.11241,-0.38863,0
2.72495,0.40431,0
3.26693,-0.82519,0
1.23079,-0.80529,0
0.37123,-0.68337,0
2.76838,0.61873,0
0.58311,-0.217,0
0.79272,0.41211,0
1.83861,0.75522,0
0.41431,-0.61434,0
1.71853,-0.78277,0
2.00352,0.92578,0
1.46547,0.70295,0
2.28046,-1.11002,0
1.57339,0.08431,0
1.58354,-0.78034,0
0.23685,-1.24672,0
-0.02531,-0.73442,0
0.2549,0.33451,0
3.12204,-1.1957,0
1.11143,0.88305,0
1.03434,-0.8938,0
-0.2222,-0.80185,0
-0.04554,-1.1382,0
3.21465,1.09768,0
-0.15761,1.03442,0
0.2626,-0.04873,0
1.53857,-0.53023,0
0.65135,0.9139,0
0.77486,-1.2417,0
0.69814,-0.49504,0
3.47345,-0.77874,0
2.20707,-0.73571,0
0.45556,-1.10812,0
1.05622,-1.05692,0
-0.15493,-0.56006,0
1.5155,0.56356,0
2.53561,-0.16273,0
1.02543,-1.24941,0
2.91607,0.53588,0
1.98869,-0.24993,0
1.46694,0.25237,0
2.35382,-0.36209,0
3.10547,-0.4454,0
1.78141,1.21688,0
1.0013,-0.11412,0
0.11804,0.97405,0
3.30499,-0.87904,0
2.9988,0.32165,0
2.95586,-0.6752,0
3.17002,1.02908,0
2.94966,-0.30907,0
1.43014,0.71224,0
1.4263,-0.15121,0
-0.05958,0.69448,0
-0.34737,0.72637,0
2.07777,0.08988,0
1.50805,0.39394,0
1.58359,-0.28442,0
3.26061,-0.87374,0
2.49513,0.77983,0
-0.25124,-1.18596,0
2.21106,0.50056,0
-0.34795,-0.65195,0
3.3019,0.19228,0
0.83842,-0.22954,0
1.37935,-0.42956,0
0.21184,0.50527,0
-0.14636,-0.60178,0
-0.25747,0.01546,0
-0.03094,-1.11116,0
1.32276,1.17691,0
2.10525,0.29546,0
1.50349,-0.59839,0
2.10227,-0.03092,0
2.18123,-1.09302,0
1.75735,-0.77011,0
0.19174,0.21387,0
2.47766,1.21322,0
2.00523,0.85947,0
0.22727,0.16366,0
0.52014,0.24942,0
-0.13262,-1.12335,0
0.6096,-0.25689,0
2.13028,-0.92977,0
0.32513,-0.72258,0
-0.44779,0.38859,0
1.09934,-0.40665,0
1.36666,0.30971,0
3.36048,0.46834,0
1.95143,0.82068,0
-0.45025,-0.65865,0
2.90108,0.41258,0
-0.23096,0.95965,0
1.43815,-0.51345,0
0.82876,-0.94744,0
2.31936,1.1798,0
1.86497,-0.6509,0
1.46332,-0.36255,0
1.15677,0.88348,0
3.05131,-0.96695,0
1.76509,0.33668,0
0.28009,0.22018,0
2.75125,0.08934,0
-0.16753,-0.44273,0
0.98372,-0.58773,0
-0.0288,0.94911,0
0.23969,0.51783,0
0.68036,-0.95807,0
2.66423,0.80227,0
1.82064,-1.04651,0
2.84036,-0.50616,0
0.80211,0.7447,0
-0.21168,0.10116,0
2.62963,0.44775,0
3.35115,0.08206,0
2.8526,0.15584,0
0.65582,-0.7964,0
0.73352,-1.0941,0
2.13505,-1.10075,0
1.29125,1.21043,0
3.03592,0.7163,0
3.06962,1.14548,0
1.91952,1.12923,0
2.36382,-0.26895,0
1.82597,-1.21002,0
3.336,0.8108,0
3.29519,0.94804,0
2.85709,-1.17659,0
0.89958,-1.22522,0
0.80152,0.44746,0
1.95722,-0.3315,0
0.47945,-0.57124,0
2.45668,-0.04078,0
2.22454,0.78772,0
0.38465,-0.92605,0
1.14763,-0.86776,0
0.06103,0.25735,0
1.96291,0.88838,0
1.96853,0.79887,0
3.44654,0.86476,0
0.95516,0.05703,0
2.99775,0.98876,0
-0.05398,-0.89578,0
2.01416,0.56571,0
0.08653,0.16496,0
-0.36292,0.51177,0
-0.15311,0.85001,0
2.1402,0.06409,0
3.22072,0.38397,0
3.25184,1.09743,0
1.15406,0.4757,0
2.1429,-0.60164,0
1.16285,0.81381,0
1.40343,0.58255,0
1.64423,-1.01789,0
1.83683,-1.09607,0
0.21335,-0.70703,0
0.01014,0.04106,0
1.57985,-1.04832,0
3.38158,0.76629,0
3.25772,-0.74149,0
0.86597,0.2394,0
0.43738,0.44447,0
1.35946,-0.32851,0
2.55434,0.77354,0
0.79931,-0.2545,0
2.77149,1.18798,0
1.11738,0.22029,0
1.02607,-1.10497,0
1.72752,1.1989,0
3.4455,1.16533,0
2.39269,-0.74767,0
1.30985,0.88719,0
2.02936,0.15282,0
2.17799,0.80573,0
-0.31163,-0.60083,0
3.44556,0.35161,0
0.45276,-0.26057,0
1.26295,-0.29612,0
3.44169,1.18825,0
1.00131,0.13746,0
-0.25494,-0.94528,0
1.65458,0.00386,0
2.8278,0.83147,0
2.21963,0.46417,0
1.73639,0.04454,0
3.42329,0.33601,0
2.26062,-0.5996,0
-0.10294,-1.07861,0
1.2434,1.00165,0
-0.47332,0.60361,0
2.56509,-0.62931,0
1.63806,-0.95622,0
2.87133,0.24225,0
0.58915,0.08291,0
1.91071,0.00381,0
1.79183,-1.13,0
3.33332,-0.78428,0
1.84927,0.04452,0
2.42043,0.03906,0
1.27602,-1.12342,0
2.07412,-0.55028,0
1.3686,-0.06136,0
1.66921,-1.03742,0
0.40124,0.42186,0
2.16622,0.43461,0
1.61685,0.01816,0
2.33401,-0.94796,0
0.71769,-0.07505,0
1.08547,-0.75942,0
1.60373,-1.13577,0
-0.24845,-0.53627,0
2.22925,1.2279,0
0.48497,-0.96005,0
3.21844,-0.35311,0
0.72588,0.01219,0
3.36216,1.20989,0
0.1094,1.09287,0
0.74504,0.04663,0
2.29044,0.25264,0
-0.31669,-1.14306,0
2.45878,1.00497,0
1.85113,0.14084,0
0.89737,0.07052,0
0.75949,-1.10465,0
3.37443,-0.22099,0
0.40548,0.89726,0
1.20711,0.28506,0
1.01391,0.47143,0
1.86598,0.99354,0
-0.05053,-0.05727,0
-0.20944,0.58833,0
-0.4234,-1.14141,0
3.13452,0.45816,0
-0.33275,0.21257,0
3.09914,1.00625,0
3.10708,-0.42395,0
2.73886,0.91117,0
2.01231,-0.32759,0
1.8447,-0.10886,0
-0.08342,0.23836,0
1.14604,0.72148,0
-0.13285,-1.15878,0
2.66372,0.65,0
1.63739,0.05538,0
-0.31843,0.13591,0
0.35392,-0.93798,0
1.6628,-0.79372,0
1.51319,-1.10872,0
1.32459,-0.3787,0
2.45728,-0.22152,0
1.58489,-0.10073,0
0.11493,-1.00661,0
-0.22682,0.59158,0
1.72757,0.46909,0
3.11362,-0.13987,0
-0.0572,-0.7597,0
3.27689,-0.42265,0
0.64651,1.14739,0
3.26911,-0.7581,0
1.21425,-0.86579,0
-0.40314,-0.43208,0
0.80116,1.08058,0
0.98027,-0.99096,0
1.26289,0.78105,0
-0.08545,-0.61237,0
2.82445,0.00985,0
1.39369,-0.29908,0
2.79633,1.06378,0
-0.41042,-1.13716,0
-0.32493,-1.2313,0
1.36055,0.95557,0
0.36856,-0.00839,0
2.73409,1.05616,0
0.47127,0.89842,0
2.19408,0.66006,0
1.26712,-0.62922,0
3.30314,-0.30183,0
-0.00932,-0.98938,0
2.07198,0.60988,0
0.67272,-0.09477,0
1.23342,1.05151,0
0.08638,0.2083,0
1.26677,1.14265,0
-0.16806,-1.17731,0
2.52908,-1.02963,0
-0.23448,1.24128,0
0.10095,-0.54553,0
2.94544,-0.48109,0
2.77217,0.76051,0
0.24342,-0.96738,0
3.382,0.656,0
0.89265,1.24356,0
3.25964,-0.43036,0
0.43108,0.09768,0
2.87548,-0.70674,0
1.31152,-1.13273,0
2.72293,0.44,0
2.03573,-0.97499,0
-0.33883,0.48989,0
2.55011,-0.80384,0
2.36669,-0.96286,0
2.26436,-0.94473,0
1.74091,0.02368,0
2.0525,0.84391,0
2.58189,-0.92285,0
-0.17968,1.04542,0
2.69626,0.99882,0
0.24151,-0.33712,0
2.07887,-0.83484,0
-0.00929,1.2186,0
-0.40091,-0.29769,0
2.67318,0.59008,0
2.1264,-0.92681,0
0.21247,-1.18255,0
1.45425,-0.71178,0
1.17496,-1.21533,0
1.29791,0.75286,0
0.57501,0.70971,0
1.6656,-0.92283,0
2.91214,-0.81575,0
3.32581,0.83111,0
3.40012,0.43963,0
2.36074,0.57831,0
1.42008,-0.04103,0
-0.0179,-0.13219,0
0.74745,0.8255,0
0.59069,0.77755,0
3.33095,0.49572,0
2.62822,-0.52254,0
1.32902,-1.10682,0
2.55986,-0.81636,0
1.25537,-1.00149,0
-0.0589,-1.12938,0
3.1543,0.37653,0
2.78462,-0.89953,0
0.43681,-0.69457,0
2.9678,1.08948,0
0.88758,-0.62751,0
1.00393,-0.39865,0
3.28427,-0.65709,0
0.00915,-0.88732,0
0.77999,-0.91331,0
-0.49334,-0.6709,0
3.06676,-0.46408,0
0.91104,-0.00354,0
3.39691,-1.24679,0
1.89496,1.12733,0
0.27094,-0.32188,0
0.31525,-0.0575,0
2.38812,0.02631,0
1.46851,0.21658,0
1.11226,-0.30215,0
0.03441,0.55732,0
1.01679,0.1348,0
1.34038,0.98138,0
1.15069,-0.4033,0
2.22393,-0.33911,0
-0.13385,-0.30246,0
-0.31764,0.50055,0
1.95396,-1.21486,0
3.22695,0.68611,0
0.4052,-1.04745,0
0.89769,0.79605,0
2.48701,0.07566,0
1.39384,0.77188,0
0.48987,1.0429,0
-0.23794,-1.01916,0
2.74326,0.78852,0
2.16945,0.83897,0
0.26675,-1.23199,0
0.31693,-0.02709,0
3.20459,0.64825,0
1.01335,0.29231,0
1.09423,0.78581,0
2.49456,-0.1801,0
2.93873,0.68908,0
-0.23412,1.07,0
1.79324,0.62608,0
0.57617,0.85703,0
2.29491,-0.85581,0
2.92897,0.19681,0
-0.08525,-0.84745,0
0.43019,0.3035,0
2.72614,-1.10072,0
2.19226,0.81615,0
2.28753,-0.52407,0
2.58227,1.05226,0
-0.27878,-0.07521,0
0.31248,-0.14703,0
1.56213,0.07539,0
2.46882,-0.40485,0
2.96605,-0.37045,0
0.39249,0.09346,0
1.76541,-0.06969,0
1.36273,0.58565,0
2.50953,-1.09587,0
2.47825,-0.28491,0
1.5698,0.02341,0
3.17516,0.64926,0
-0.06887,-0.42171,0
3.46313,0.00288,0
2.67377,0.88309,0
1.83636,-0.65515,0
0.9585,0.71635,0
0.16206,0.02312,0
0.41808,-0.32992,0
0.27406,1.1211,0
0.49074,0.18829,0
0.96468,-0.28112,0
0.93868,0.2257,0
1.48446,1.16553,0
1.96236,-1.03841,0
0.49583,-0.82748,0
0.14208,-0.21921,0
2.29522,-0.54751,0
0.66584,-0.58074,0
1.55939,1.0044,0
1.11291,-0.78114,0
0.96577,0.96313,0
1.82634,0.15466,0
-0.17904,0.16177,0
2.00076,1.08942,0
0.8672,0.77251,0
0.67769,1.14178,0
-0.0651,0.76756,0
0.40984,-1.07935,0
0.92192,0.02134,0
0.46264,0.92844,0
0.92886,0.75345,0
0.15857,1.01517,0
2.09032,0.54029,0
3.35402,-1.21663,0
2.25894,-0.10042,0
1.65339,-0.62414,0
-0.03269,-0.82737,0
3.45966,0.49726,0
-0.46949,1.14743,0
1.17898,-0.94473,0
0.13267,0.33894,0
1.33661,-0.66148,0
-0.10998,-0.14858,0
1.72093,0.64179,0
1.40137,-0.86163,0
2.61048,-0.93095,0
0.67224,0.62193,0
3.33444,-0.78431,0
2.60017,0.56244,0
2.63914,-1.22958,0
1.64171,0.53381,0
2.28197,-0.05836,0
2.81681,-0.39019,0
2.10133,0.64122,0
-0.04373,-0.91772,0
2.93527,0.19307,0
1.94819,0.92604,0
0.20149,0.33524,0
0.51928,-0.24344,0
0.60747,1.21695,0
2.40115,-1.04349,0
1.68369,0.69083,0
1.22225,-0.73942,0
0.68922,-1.16685,0
2.25055,0.95477,0
0.7961,1.10777,0
0.83845,1.05189,0
0.33463,0.40073,0
0.66759,0.12657,0
3.03022,0.76936,0
0.85874,-0.07794,0
2.98126,-1.07622,0
-0.4356,1.12371,0
1.19039,-0.58713,0
0.79739,-0.93346,0
1.40486,0.65616,0
2.70045,-0.49809,0
3.20952,-0.84261,0
2.19673,0.96437,0
0.45848,-1.15812,0
1.98149,-0.95207,0
1.31992,-0.27412,0
-0.0616,-0.2054,0
0.19336,-0.00392,0
2.93265,0.23402,0
3.25389,1.24785,0
2.22163,-0.97826,0
1.18365,0.23679,0
2.57086,0.85963,0
2.99911,-0.19803,0
3.0743,-0.47045,0
1.01149,1.1842,0
3.38002,0.41492,0
0.82314,0.35253,0
-0.15983,0.2327,0
2.43851,0.86023,0
2.72878,0.83061,0
-0.11983,0.7118,0
2.54637,0.77966,0
0.58539,0.3516,0
0.07702,-0.6162,0
2.2493,1.03877,0
1.73691,-0.72616,0
0.56173,-0.66247,0
3.02548,0.06943,0
-0.08438,-0.54658,0
2.2228,-0.54198,0
-0.09438,-0.92608,0
3.08448,-1.03562,0
3.10037,-0.91118,0
2.39086,-1.06734,0
1.57882,0.41438,0
1.71633,1.12367,0
2.07296,0.22028,0
0.27369,1.0598,0
2.85803,-1.10304,0
2.56014,-0.9977,0
2.77047,0.0613,0
-0.13346,0.30308,0
1.60897,0.61143,0
0.65419,-0.03628,0
0.06267,-0.46846,0
0.00198,0.68901,0
1.18896,-0.82823,0
1.9025,0.90519,0
2.74087,0.5581,0
1.40434,-0.46296,0
0.98975,-1.14678,0
0.65119,-0.1441,0
0.35216,0.9954,0
-0.31464,-1.13821,0
1.92519,-0.85603,0
0.37383,-0.97451,0
2.3685,0.96265,0
1.80962,-0.12388,0
1.33078,0.72992,0
2.52103,0.51498,0
2.74147,0.49493,0
2.62796,0.23421,0
1.89301,0.37216,0
1.12616,0.0765,0
0.17247,0.25956,0
0.57485,0.91718,0
-0.38421,1.14172,0
1.85512,0.30313,0
2.34241,0.88464,0
0.36914,0.31338,0
1.41853,0.69815,0
0.22122,-0.53863,0
3.27979,0.83223,0
1.31175,-0.52022,0
-0.14382,0.30053,0
-0.15088,1.04915,0
1.54628,0.56111,0
3.10432,0.27456,0
3.45809,0.09014,0
-0.14779,0.44884,0
3.17302,0.65199,0
3.40668,0.10302,0
1.29741,0.03051,0
2.42798,-0.84673,0
2.12142,-0.09509,0
2.09755,-0.45052,0
-0.08779,-0.13497,0
1.97166,-0.02658,0
2.8039,-0.99659,0
2.7231,-0.40528,0
0.62804,-0.07454,0
0.18911,0.57258,0
1.62904,1.08259,0
2.87368,-0.44076,0
3.49401,0.10214,0
3.41822,-0.60188,0
-0.12811,0.32656,0
3.09081,1.09775,0
2.21843,1.24651,0
0.58555,-0.98207,0
0.168,-1.02208,0
0.12602,-0.44537,0
1.15881,-0.66499,0
1.15769,1.04304,0
1.58105,0.88243,0
1.16606,-0.48743,0
2.90552,-0.19497,0
-0.45258,-0.64304,0
0.70676,-0.88969,0
0.20378,1.0505,0
3.21227,-0.99913,0
3.47855,-0.24085,0
1.53545,-0.67673,0
0.32194,0.24199,0
1.99082,1.04539,0
2.19469,0.5951,0
1.34947,1.14948,0
1.79908,-0.02259,0
2.22592,-0.6857,0
-0.38708,-1.18375,0
3.01406,0.82532,0
0.63588,0.10381,0
1.64325,-0.43194,0
1.17745,-0.74235,0
1.81654,0.53145,0
1.77471,-0.5113,0
0.37106,0.91411,0
2.50947,-1.17757,0
2.84868,-0.94583,0
0.65052,0.19564,0
1.93414,0.52987,0
1.67006,-0.11668,0
2.5844,1.11139,0
0.15674,-0.78874,0
1.06554,-0.50675,0
2.52287,0.11899,0
2.65715,-0.35756,0
3.22031,-1.18886,0
3.0281,-0.75716,0
2.23828,0.11815,0
0.76097,0.65635,0
-0.4088,-1.19186,0
3.19185,0.68848,0
2.65436,0.34351,0
-0.13378,1.24889,0
1.4209,0.12325,0
3.2482,0.9914,0
2.86206,-1.14918,0
1.06495,-1.10508,0
2.34805,-0.76654,0
2.42963,0.53358,0
-0.35258,0.33635,0
0.04273,-0.02215,0
1.11529,-0.79823,0
3.46034,-0.62184,0
0.89862,-0.1492,0
-0.34266,-0.31512,0
0.53296,-0.61046,0
2.6103,-1.23339,0
0.11692,-0.85794,0
2.84665,0.1722,0
0.68432,-0.58609,0
0.2013,-0.69291,0
1.46842,0.60425,0
0.78078,0.68184,0
3.08305,-0.9096,0
-0.08392,-0.33536,0
1.78846,-0.02449,0
2.04834,-0.4259,0
2.4959,-0.37557,0
0.28084,-0.03363,0
0.32376,-0.78665,0
0.76777,-0.50985,0
3.40633,1.02684,0
2.29371,-0.84406,0
0.45374,-0.59976,0
0.24495,0.66401,0
1.87161,0.3183,0
3.31812,0.26855,0
2.79108,-0.68229,0
2.60507,0.72139,0
1.214,-0.78437,0
2.35694,-1.02038,0
2.71589,-0.51504,0
-0.39565,-0.72856,0
1.77268,-0.72638,0
1.31914,-0.2916,0
1.29917,-0.94212,0
0.19199,-1.12355,0
2.88718,0.23215,0
-0.47226,-0.96863,0
3.00284,-0.43775,0
-0.11259,0.65373,0
3.43749,1.00216,0
2.90548,1.09206,0
2.20529,-0.46011,0
3.17822,0.38742,0
3.23553,-1.08288,0
1.50681,1.17097,0
-0.47749,-0.17433,0
2.35422,-0.0476,0
0.55074,-1.11385,0
3.28147,0.28099,0
1.3969,-0.70185,0
2.23489,1.14458,0
2.77488,-0.69479,0
-0.27954,0.3878,0
0.42658,0.75919,0
1.99614,0.09777,0
1.69177,-0.47736,0
-0.28845,0.28238,0
1.73925,-0.9422,0
2.58917,-0.79191,0
3.25694,0.90579,0
3.34034,-0.90704,0
0.22313,0.73299,0
0.11507,-1.17974,0
3.24713,0.20592,0
0.20974,-0.55721,0
2.00056,0.58625,0
0.41112,-1.209,0
0.55663,-1.15959,0
-0.42904,-0.31903,0
1.96005,0.20245,0
-0.37127,-1.22182,0
3.06805,0.65725,0
2.68917,0.47131,0
0.44533,-0.94078,0
-0.48839,0.91989,0
2.18146,-1.11225,0
1.5169,-0.61123,0
1.02043,-1.07228,0
3.40567,0.30457,0
2.73469,-0.26193,0
0.8665,0.18552,0
1.63233,-0.17646,0
3.34292,0.57854,0
1.52945,0.6556,0
2.46728,-1.03756,0
2.12845,0.14348,0
1.34044,1.23542,0
2.83823,-0.43894,0
2.03424,-1.19148,0
2.21888,-0.10182,0
0.72088,-0.66454,0
0.63861,0.41695,0
1.7164,-0.35804,0
-0.21149,1.18833,0
1.78662,-1.23811,0
0.68532,0.40109,0
0.315,0.01243,0
0.03266,1.15813,0
0.67374,-0.40828,0
1.46058,-0.41472,0
2.65047,-1.05232,0
1.67423,0.50481,0
-0.06734,1.04791,0
3.18237,-0.70459,0
3.15506,0.44818,0
0.51517,0.00803,0
1.59855,-1.03823,0
0.47719,0.12399,0
2.73711,0.61624,0
3.41777,0.63068,0
1.39515,-0.52052,0
2.18201,-0.79591,0
2.76083,-0.9834,0
2.27412,-0.15582,0
0.35537,-0.18178,0
3.47828,0.70599,0
2.46672,1.07498,0
-0.39728,-0.36403,0
1.76911,-1.00487,0
1.08164,0.30975,0
3.20685,0.45982,0
3.24018,0.12438,0
1.1237,-0.16873,0
2.99412,-0.90254,0
-0.26689,0.39185,0
2.47849,0.04165,0
2.35109,0.76856,0
2.63172,-0.25244,0
1.70099,-1.16502,0
-0.19166,0.8959,0
0.29156,0.10183,0
2.40927,-0.10382,0
0.62674,1.05706,0
1.41945,1.14206,0
0.37673,0.31878,0
2.51378,0.2366,0
1.77421,-1.06598,0
2.41528,-1.13006,0
1.11082,0.77833,0
0.75709,0.29383,0
1.64843,0.34843,0
1.63807,-0.68875,0
-0.08524,0.96721,0
1.21191,0.73985,0
-0.00263,0.06709,0
1.76557,0.1998,0
1.41792,-0.93393,0
-0.18125,-0.12061,0
1.60417,0.00197,0
0.28331,1.03875,0
0.78821,-0.85566,0
0.79773,0.56623,0
1.76111,-0.06999,0
1.07674,-0.9819,0
1.44248,-0.65892,0
1.07432,-0.84334,0
-0.10699,0.00347,0
2.98391,0.54011,0
2.72435,-0.95858,0
1.10974,-0.9989,0
1.47541,-1.05108,0
1.00714,-0.36546,0
1.60394,0.41554,0
2.3391,0.04913,0
3.10374,-0.7685,0
-0.14247,-1.04072,0
-0.31614,-0.35882,0
1.36724,1.22584,0
2.34222,0.04818,0
0.52566,-0.37212,0
-0.31048,-0.33139,0
1.2148,-0.89689,0
0.33525,-0.31325,0
1.58563,-0.24531,0
3.4674,0.87376,0
1.13186,0.1168,0
1.85208,0.27317,0
3.09848,0.62763,0
2.17701,-1.13974,0
0.55978,-0.29899,0
2.96809,0.94101,0
0.2257,-0.30354,0
0.29329,-0.56372,0
3.26691,0.48032,0
2.63141,-0.00278,0
2.36485,-0.20703,0
2.06979,0.07178,0
2.13368,-0.54263,0
1.91635,-0.52537,0
1.32573,1.18128,0
0.93035,-0.14569,0
-0.42886,-0.58415,0
1.53687,0.79411,0
-0.19822,0.33139,0
1.934,-0.23216,0
0.86055,-0.00723,0
0.62971,-0.02483,0
0.30312,-0.04177,0
0.29262,0.40818,0
0.73781,0.42882,0
3.1679,-1.18466,0
2.51936,0.48684,0
3.42358,-0.58432,0
2.25655,-1.09706,0
2.63538,-0.23507,0
0.105,-0.75735,0
0.54704,0.45239,0
0.13705,0.57806,0
2.39975,-0.37942,0
0.15879,-0.90151,0
0.52104,1.1906,0
2.53177,-0.51718,0
-0.49077,0.3867,0
1.52766,0.6258,0
0.27319,0.60765,0
2.60967,-1.13033,0
-0.05859,0.96314,0
3.2168,-1.10861,0
-0.20635,0.29565,0
1.29309,0.24464,0
1.063,1.12718,0
0.08976,1.17338,0
1.52009,0.5268,0
2.13083,-0.82272,0
0.01099,0.44238,0
1.72555,0.9763,0
-0.40271,0.40212,0
1.53714,0.54659,0
-0.03608,0.45023,0
0.09752,0.24521,0
0.14472,0.52652,0
-0.39701,-1.16458,0
2.72803,0.95343,0
0.77379,1.14212,0
-0.45142,-0.14254,0
0.40879,-0.9612,0
1.05817,-1.06511,0
0.31939,-0.33784,0
3.24766,0.87091,0
0.02079,-0.29151,0
2.50926,-0.6908,0
0.66743,0.35148,0
3.30858,0.78474,0
0.84529,0.90992,0
-0.33118,1.15297,0
1.92021,1.04286,0
0.42213,-0.06349,0
2.77959,-0.48215,0
1.19129,-0.27912,0
1.76554,0.52713,0
0.60532,0.07298,0
0.67288,-0.39423,0
2.93901,-0.87727,0
2.49518,-0.26749,0
1.14629,-0.33963,0
2.48722,0.54286,0
-0.16242,1.1949,0
2.70639,-0.67403,0
1.66723,0.47543,0
3.23237,0.08382,0
3.42372,0.79583,0
3.39799,-0.02058,0
2.48091,0.89332,0
3.42174,0.44678,0
0.88643,-0.46271,0
2.63727,-0.45793,0
3.20022,-0.10797,0
-0.29064,1.24719,0
0.39189,0.12463,0
1.32084,-0.09994,0
1.7363,0.0539,0
2.21116,-0.71298,0
3.48571,-1.15633,0
0.41996,-0.08392,0
-0.25761,-1.0357,0
0.86791,-0.1517,0
2.7205,0.37894,0
2.1739,-0.89865,0
3.3413,-0.10863,0
1.14532,-1.05718,0
1.30323,-0.25355,0
0.33869,-0.14592,0
0.45786,-1.08068,0
0.05211,1.24955,0
1.88585,1.07664,0
1.69387,-0.45162,0
-0.07471,0.83337,0
2.97535,0.3947,0
-0.34799,1.13349,0
1.83021,-0.26265,0
2.43823,0.09703,0
1.12408,-0.05736,0
0.36206,0.87637,0
-0.34177,-0.00077,0
2.89389,-0.99808,0
1.66451,-0.41347,0
1.95585,0.56232,0
0.39597,0.96251,0
1.55002,0.44566,0
2.58443,-0.70208,0
2.52523,1.115,0
1.30854,0.59755,0
2.11205,0.22019,0
2.62115,-0.56621,0
1.87317,1.2223,0
1.77606,0.06508,0
3.09499,0.80728,0
-0.03248,0.00331,0
0.14945,0.20267,0
2.01997,-0.66457,0
1.71022,0.62879,0
2.30422,-0.00428,0
-0.22486,-1.09393,0
1.03962,-0.58892,0
3.39641,0.47586,0
1.31548,-0.95238,0
2.53348,0.93664,0
0.25461,-0.48148,0
1.02268,-0.44805,0
0.63335,0.63385,0
3.14972,0.49482,0
2.47621,-0.49367,0
1.86311,0.27175,0
0.44011,0.64748,0
0.3847,-0.28284,0
1.66051,-0.74849,0
0.40286,-0.23828,0
0.16057,-1.03204,0
2.59385,0.93034,0
0.296,-0.9351,0
0.00293,-0.61672,0
-0.35282,-0.25158,0
2.77746,0.21574,0
-0.03772,0.84458,0
1.41332,0.86775,0
0.42673,-0.94259,0
2.63885,-0.60538,0
-0.24012,0.07705,0
2.78181,0.54839,0
-0.33225,1.03704,0
1.92206,1.13981,0
0.76048,0.75404,0
1.2981,0.13453,0
2.10691,1.14979,0
1.14478,-0.30944,0
3.0613,0.22426,0
3.44242,-0.64442,0
2.20281,-0.65525,0
2.23972,0.43053,0
2.08902,0.84921,0
0.27978,-0.43835,0
-0.43514,-1.09745,0
-0.49139,-0.75235,0
2.7383,0.6016,0
0.4443,0.24627,0
0.57078,0.51971,0
2.10555,1.12024,0
0.44294,-0.69212,0
1.13201,0.20574,0
1.57728,-0.36136,0
0.96714,1.00268,0
0.85058,-0.5457,0
2.53081,0.98366,0
0.5507,0.98175,0
0.47441,1.12698,0
2.17591,-0.4193,0
1.69543,-1.20677,0
3.05488,-0.54666,0
-0.45171,1.23546,0
0.34488,0.6963,0
2.24934,-0.02001,0
-0.02486,0.74968,0
1.33214,0.95792,0
1.38111,0.8493,0
2.90534,0.14329,0
2.11014,-0.56984,0
1.4263,-0.60886,0
1.70601,-0.71887,0
3.35878,0.15974,0
1.56284,0.72298,0
0.74855,1.14245,0
2.23467,0.51191,0
1.62577,-0.60844,0
2.22978,-0.01636,0
1.11797,-0.94175,0
0.82175,-0.24437,0
-0.24397,-0.79752,0
0.89228,1.04243,0
-0.08659,-1.20465,0
1.22029,-0.73863,0
3.32401,1.02751,0
2.89962,0.30023,0
0.72454,0.63427,0
0.51685,-0.29619,0
-0.27469,0.59238,0
1.61261,-1.15189,0
0.12261,-0.51692,0
0.51734,0.62205,0
-0.35458,1.14933,0
3.04393,-1.05968,0
3.33014,0.00496,0
0.92947,0.87148,0
0.96981,-0.39647,0
0.36813,-0.67609,0
3.26242,0.26066,0
2.83029,0.086,0
0.15252,-0.18495,0
1.20914,-1.13558,0
0.72091,0.46874,0
2.94234,-0.93381,0
2.28668,1.07553,0
1.71979,-1.12098,0
1.46742,-0.08892,0
0.11088,-0.15224,0
-0.31264,0.59851,0
2.24949,0.12732,0
2.71435,0.53289,0
-0.26783,-0.8568,0
0.54023,-0.67352,0
0.66045,-0.44844,0
0.89272,-0.26404,0
2.47243,0.9326,0
0.80622,0.01887,0
0.32528,0.89148,0
1.30714,0.78547,0
2.08021,0.78968,0
1.19349,-1.21262,0
1.79366,-0.22151,0
-0.31413,-0.01298,0
1.31346,-0.46972,0
0.65508,1.15807,0
2.20915,0.27898,0
2.2453,-0.59053,0
-0.26277,0.89817,0
3.34159,-0.71491,0
2.3268,0.3583,0
3.49178,-0.59915,0
2.21221,-0.58022,0
3.42822,-0.67579,0
3.14494,-0.63687,0
-0.08698,-0.18981,0
2.06855,-1.00844,0
2.7183,0.35772,0
1.86045,-0.8802,0
2.37784,0.09622,0
2.90184,-0.0306,0
1.19981,-0.15775,0
2.76469,-0.81929,0
1.00673,-0.01307,0
2.57609,0.56184,0
2.41541,0.27635,0
1.66167,0.04326,0
2.52492,0.66967,0
3.31863,-1.07272,0
0.07711,-0.70998,0
2.68919,0.86104,0
1.24594,-0.25838,0
0.86111,0.8764,0
1.39332,-1.13624,0
-0.40789,0.75697,0
2.83031,-0.02967,0
2.71699,1.01927,0
3.30024,-1.02468,0
2.28543,1.14663,0
0.85684,-0.58354,0
2.53321,0.44998,0
2.4151,-0.85189,0
0.9571,-0.07228,0
3.30822,0.30934,0
-0.0362,-0.97679,0
0.54439,1.19792,0
3.46201,1.01067,0
-0.17138,0.04634,0
0.51004,0.37352,0
0.09139,0.01766,0
0.25803,0.94369,0
0.79232,-0.25306,0
3.43901,0.8573,0
0.29382,-1.05224,0
2.38802,-0.554,0
3.25838,0.59691,0
2.18545,-0.90726,0
-0.2827,1.05147,0
1.00036,0.42402,0
1.18456,1.04779,0
0.3078,0.13346,0
3.39692,0.43766,0
2.84315,0.84199,0
-0.05079,-0.93962,0
2.60808,0.81353,0
3.27273,-1.15794,0
1.01515,0.35629,0
0.09719,-0.68906,0
3.24233,0.01274,0
1.71367,0.90817,0
0.5852,-1.01017,0
1.91431,-0.22284,0
0.39486,1.09872,0
3.3497,-0.38992,0
0.79779,-0.49172,0
2.53636,-0.92127,0
0.7079,-0.68847,0
1.29172,1.11008,0
2.48243,1.00485,0
1.29585,0.8821,0
1.09309,1.07124,0
2.92734,-0.76469,0
1.54507,-0.76939,0
1.19427,1.1458,0
2.05146,0.15003,0
0.39969,0.0976,0
0.29663,-0.99009,0
-0.37769,1.05525,0
2.17861,0.00419,0
2.68282,-1.00371,0
3.28108,-1.20136,0
1.06458,0.17046,0
3.01835,0.9856,0
0.9639,-0.69911,0
3.02956,0.29628,0
2.66225,0.09508,0
1.86647,-0.93913,0
1.0633,-0.31756,0
0.02214,0.82468,0
2.68097,-0.95622,0
-0.46529,-0.95239,0
2.41551,0.57698,0
0.72027,-0.08021,0
1.65441,0.32412,0
-0.39561,-0.27238,0
-0.46914,1.14168,0
0.41875,0.01404,0
1.67233,0.26633,0
1.54579,-0.90081,0
2.06569,-1.07936,0
1.42471,0.42882,0
0.87612,-0.8589,0
1.1146,-0.89852,0
1.70194,-1.15521,0
-0.36765,-0.66647,0
2.31053,-0.73591,0
1.34027,0.73443,0
1.60201,-1.01422,0
0.08175,1.03695,0
0.93204,-0.80457,0
-0.06595,-1.24063,0
0.50307,0.81774,0
2.36827,0.93236,0
0.14351,-0.74167,0
1.97087,1.12172,0
1.6281,0.24375,0
-0.33395,-0.9716,0
0.45345,0.60568,0
0.44374,0.45761,0
0.39763,0.44865,0
0.06969,-0.13136,0
1.55272,1.20268,0
0.91956,-0.59871,0
-0.28521,-0.17151,0
2.45549,1.22444,0
-0.43294,-0.32382,0
3.13932,-1.18265,0
0.78095,0.88418,0
0.16156,0.16755,0
2.09301,0.96774,0
1.69314,0.45867,0
0.10929,0.16163,0
3.04036,1.0781,0
0.61139,1.07307,0
1.82755,0.08225,0
2.40793,-0.67454,0
3.02291,0.999,0
0.08769,-0.84717,0
1.82551,-0.40627,0
1.48043,-0.68394,0
1.5796,-0.80336,0
0.80887,-0.38699,0
2.73155,-0.05088,0
2.48339,-0.32603,0
0.31633,-0.31877,0
0.1142,0.01548,0
2.25401,-0.33671,0
-0.24733,0.61445,0
3.31364,-0.23391,0
3.38983,-0.55657,0
2.59958,1.23353,0
0.40583,-0.06805,0
-0.41116,-1.13107,0
0.71343,-1.18025,0
1.14896,0.10763,0
2.04293,-1.12489,0
1.90972,0.29444,0
2.77145,1.13153,0
2.35184,-1.10739,0
1.82621,-0.5631,0
1.95098,-0.95551,0
1.94798,-0.04502,0
0.78157,-0.40311,0
2.86286,0.02759,0
0.56198,1.23237,0
-0.42777,0.17074,0
2.75949,0.18621,0
1.07282,1.17867,0
1.36953,-1.05475,0
0.16552,1.16235,0
-0.07342,0.5391,0
1.62129,0.2143,0
0.4301,-0.13841,0
-0.06191,-1.01066,0
1.65685,0.51424,0
3.20549,-0.86207,0
-0.49844,0.39254,0
0.61935,-0.67746,0
0.87702,-1.18246,0
-0.08008,0.8423,0
0.51014,-0.06416,0
3.20481,0.62329,0
0.54958,0.52018,0
2.64715,-0.55121,0
3.15407,0.97686,0
1.48108,0.625,0
3.41455,-0.94865,0
0.64929,1.08785,0
0.86145,-0.90375,0
1.46287,-1.05443,0
2.42666,-0.18985,0
2.33884,0.34654,0
0.87454,0.36738,0
2.34323,0.69935,0
1.40358,-0.1124,0
3.40236,0.53753,0
2.38329,-1.01571,0
0.07779,0.7295,0
2.0817,-0.62895,0
1.11608,-0.55951,0
0.41447,0.34943,0
0.76161,-1.1859,0
1.80285,0.72331,0
2.87699,-1.15312,0
0.83643,1.15259,0
2.96844,-0.19515,0
2.28569,-0.70597,0
1.58807,-0.28725,0
0.48014,0.62392,0
0.51562,-1.05181,0
0.31317,-0.64758,0
3.17977,1.08901,0
-0.30285,1.10391,0
1.87105,1.03593,0
0.51497,0.72029,0
2.8524,1.04958,0
1.45529,-0.31162,0
1.54535,-0.19727,0
0.18061,-0.6608,0
-0.25232,0.71251,0
1.5139,-0.73279,0
2.0547,-0.10309,0
1.78138,-0.24739,0
-0.23302,0.68224,0
2.86084,-1.01652,0
2.58494,0.68814,0
-0.41079,0.48155,0
2.73417,-0.71792,0
-0.39021,-0.86543,0
2.51882,0.94241,0
2.60337,0.32166,0
0.77255,-0.91562,0
-0.10204,1.10959,0
2.11434,-0.22406,0
0.86084,-0.58688,0
2.28885,-0.5487,0
1.35726,0.88245,0
1.48506,0.94511,0
1.96801,0.30807,0
3.16578,0.67106,0
2.48794,-0.69018,0
0.3815,-0.94498,0
2.92571,-0.29678,0
2.43898,0.1786,0
3.42768,-0.56594,0
3.20731,-0.5398,0
1.97798,-0.2551,0
1.23918,-1.07277,0
-0.27284,1.11342,0
-0.33044,0.55178,0
2.73915,-0.98453,0
0.76099,-0.84995,0
1.28329,0.3067,0
-0.22014,0.72627,0
1.24869,0.78766,0
2.62843,0.31514,0
3.22029,-0.1018,0
0.5583,-0.16224,0
-0.19686,0.98263,0
1.69273,-0.53376,0
-0.02484,0.82084,0
3.49556,-0.49877,0
1.74901,1.02318,0
-0.49896,1.13303,0
3.49561,-0.18363,0
1.36063,0.92893,0
3.01018,-1.09529,0
1.83713,0.04631,0
0.3401,-0.96278,0
2.32945,0.53733,0
0.08022,0.04966,0
1.1941,-1.2048,0
3.48428,-0.20856,0
3.28187,1.18939,0
1.35296,-0.47737,0
2.59289,-0.57112,0
1.79711,0.53257,0
0.63764,1.19043,0
-0.00668,1.03235,0
0.52449,0.60807,0
2.0992,0.16436,0
0.24149,0.31687,0
1.52274,-0.3501,0
0.64117,0.29618,0
0.16603,0.13891,0
2.40091,0.66339,0
2.72696,0.23301,0
1.29919,0.79331,0
0.00325,0.47047,0
0.01463,-0.21799,0
0.04731,0.10461,0
2.24832,0.01914,0
1.04437,0.36136,0
1.86945,0.61926,0
3.22542,1.23781,0
2.09331,0.86213,0
0.14396,-0.6057,0
-0.01495,0.74521,0
-0.42728,0.05153,0
-0.08681,0.78755,0
1.94135,1.04708,0
1.6658,0.38369,0
2.96675,-0.5924,0
1.69628,-0.18564,0
0.4737,0.80986,0
2.35163,-1.0215,0
0.01073,-0.01846,0
2.69475,0.59478,0
1.91594,-0.70621,0
0.39298,0.59327,0
0.69307,-0.26244,0
2.94336,-0.15023,0
1.11905,-0.99949,0
1.03293,1.03242,0
1.21869,0.56611,0
3.22981,-1.05758,0
1.07071,0.96209,0
-0.03144,0.69046,0
3.16567,-0.12418,0
0.44727,-0.41513,0
2.45194,0.73527,0
-0.39177,0.23456,0
0.09275,-0.75474,0
0.76839,-0.80024,0
0.04749,-0.02525,0
2.18572,0.81981,0
-0.1834,-1.0562,0
-0.13563,-0.00718,0
0.27674,-0.30629,0
2.05315,0.45271,0
3.21157,-0.90547,0
-0.06048,0.83524,0
3.49062,-0.62581,0
1.83321,-0.45648,0
0.08313,0.23374,0
0.14415,-1.03748,0
-0.11097,-0.79482,0
1.3076,0.27218,0
-0.48574,0.37315,0
2.51328,1.18994,0
2.56287,1.15985,0
0.1445,0.80299,0
3.27009,0.96864,0
2.91532,0.493,0
0.55081,-1.14504,0
0.19926,1.19504,0
1.61872,1.06878,0
2.60769,-1.06811,0
1.29136,1.12535,0
2.52324,-0.38151,0
0.11928,1.08403,0
1.37201,0.27081,0
0.09721,1.05096,0
0.93739,0.51616,0
1.23619,-0.5977,0
3.19317,-1.16329,0
1.36858,0.22103,0
1.81351,0.24808,0
1.72368,0.24685,0
2.96684,-0.15927,0
2.42751,-1.13444,0
2.04322,0.45879,0
0.00949,0.12222,0
1.52341,0.09933,0
1.29557,0.60913,0
1.31348,-0.63039,0
2.51076,1.19978,0
2.54052,-0.81788,0
0.99202,0.12919,0
1.19654,-0.26476,0
3.26937,-0.48227,0
0.85731,-0.51695,0
1.26409,0.09641,0
2.56362,0.13313,0
1.28996,0.82825,0
0.82398,-0.09946,0
0.4698,-1.22261,0
3.46551,-0.42266,0
0.09727,-0.22105,0
2.28309,-0.97502,0
1.19957,0.75414,0
0.91225,-0.05044,0
1.43957,0.32757,0
0.9253,-0.46767,0
2.39316,-0.99409,0
3.05218,0.75165,0
1.98742,0.95758,0
0.75751,-0.20795,0
1.23235,0.55664,0
0.56297,-1.08345,0
0.89044,-0.16292,0
0.48304,-0.76189,0
0.1507,0.14771,0
1.44737,-0.76013,0
1.17651,0.70989,0
2.69638,-0.52165,0
2.97707,0.31382,0
2.2747,-0.1293,0
0.78902,0.62362,0
0.53267,-0.51386,0
-0.21829,-0.47755,0
0.24023,-0.45247,0
2.934,-0.30418,0
0.73981,0.68147,0
1.72435,-1.13883,0
1.81715,0.87445,0
3.09948,-0.34516,0
0.52491,-0.12384,0
1.79912,-1.02472,0
0.68148,-1.02215,0
0.03087,-0.54208,0
3.14943,1.22885,0
1.92015,0.38484,0
-0.00138,0.36693,0
2.85978,-1.13162,0
2.59333,-0.96192,0
2.94787,-0.1904,0
2.08586,0.36186,0
1.03518,-0.50553,0
1.44244,-0.30899,0
1.22247,1.23817,0
3.00959,-1.0569,0
1.46593,-0.39587,0
3.08663,0.79036,0
3.209,-1.04824,0
1.05094,-0.19073,0
0.12531,-1.17313,0
0.96236,0.02184,0
0.38058,0.62073,0
1.2839,0.8675,0
2.07197,-0.44923,0
1.91298,-0.19574,0
2.05203,0.05383,0
0.50175,0.60061,0
1.06193,0.18553,0
1.31531,-0.18407,0
1.73693,-0.65699,0
0.89289,0.19324,0
-0.12437,-1.20741,0
2.20114,-0.60924,0
1.00014,-0.62485,0
1.95381,0.30472,0
3.1125,0.72092,0
2.08656,-0.05371,0
1.21252,0.63198,0
3.15411,0.85388,0
2.09654,0.97722,0
0.39513,-0.06213,0
1.82546,0.42063,0
2.3188,-1.0648,0
0.56244,-0.23213,0
2.79168,-0.271,0
2.12305,-0.29432,0
3.41888,0.58996,0
1.55828,-0.10215,0
0.27996,0.54102,0
3.16786,-0.12714,0
1.17295,0.31729,0
-0.23278,0.49508,0
2.29038,-0.08835,0
2.67897,-1.13496,0
1.0736,-0.44335,0
3.1591,1.12377,0
2.65577,0.46225,0
1.16331,-0.15616,0
0.79091,0.95881,0
2.67377,-1.24532,0
1.64368,-1.09925,0
1.76086,0.90971,0
3.17243,-0.46211,0
3.21095,-0.0941,0
0.56056,-0.61117,0
0.44034,-0.34336,0
-0.38701,-0.56608,0
2.18109,0.36573,0
1.78373,0.397,0
1.62084,-0.83188,0
2.67093,-0.27539,0
2.96965,0.82849,0
0.47662,0.32645,0
0.19427,-1.09354,0
1.86105,-0.18796,0
1.72637,0.60332,0
1.84184,0.6412,0
3.45847,-0.15147,0
1.80896,-0.31458,0
2.71588,0.25274,0
0.88258,-1.22203,0
1.76321,1.02447,0
1.69665,-1.2449,0
1.11619,-0.07142,0
1.87567,0.35208,0
1.83115,-0.01016,0
1.21867,-0.69991,0
2.62441,-0.85901,0
1.5017,-0.99659,0
1.04869,-0.03802,0
3.07087,-0.48671,0
2.97886,0.39113,0
-0.13619,-0.17385,0
3.19305,0.49219,0
0.77356,-1.21191,0
1.84668,0.78671,0
0.19313,0.15506,0
0.25344,-0.28455,0
1.23881,-1.07777,0
1.48055,0.51598,0
0.90482,-0.71612,0
2.46829,0.65464,0
2.64787,0.31229,0
2.65663,-0.72944,0
0.17363,0.01352,0
2.76992,0.27591,0
1.98029,0.99055,0
0.2912,-0.37526,0
3.1286,-1.07588,0
1.62756,-0.4814,0
1.86649,0.42016,0
1.81422,0.6385,0
0.13472,-0.08196,0
-0.28265,1.03657,0
1.01979,0.4222,0
1.85078,1.20392,0
3.08113,0.98403,0
0.23785,1.12667,0
0.34654,0.41685,0
2.05423,-0.18572,0
1.4165,0.67523,0
0.88146,-0.13217,0
0.67672,0.00584,0
3.14936,-1.17663,0
2.24492,0.25061,0
3.49338,0.17948,0
1.31527,-1.2236,0
2.58388,-1.18405,0
3.28784,0.4966,0
3.37672,0.76756,0
2.77927,-0.23438,0
3.11048,-0.66419,0
2.54843,-0.20922,0
0.21752,0.12157,0
2.86429,-1.03192,0
3.25187,0.35638,0
2.32099,0.94938,0
2.70179,0.96337,0
2.06797,0.08031,0
0.72553,-0.71021,0
2.52145,1.10792,0
1.64508,-0.213,0
0.05746,0.32117,0
2.3926,-0.52206,0
2.35056,0.11265,0
2.92414,0.23475,0
0.17219,-0.56818,0
1.64487,0.48177,0
2.95012,-1.04638,0
3.06305,-0.31503,0
2.71447,0.20141,0
0.65528,-0.54362,0
1.90089,-1.24153,0
3.41915,0.35501,0
0.74808,-0.71828,0
-0.23893,-0.6879,0
2.428,0.95642,0
-0.29743,-0.13822,0
1.04323,-1.19521,0
1.11267,0.50755,0
-0.14188,0.8305,0
-0.45482,0.87451,0
1.34619,-0.39475,0
-0.0189,1.01822,0
1.17453,-0.82416,0
-0.1091,-0.35472,0
3.32937,-0.50576,0
0.85871,0.08512,0
-0.46605,-0.66498,0
-0.40852,0.56547,0
2.4809,1.00185,0
-0.05182,0.56763,0
0.81097,0.44902,0
0.17949,-1.11351,0
1.31368,-0.92944,0
0.59525,0.84288,0
-0.08075,0.71113,0
2.10455,-0.43545,0
2.9807,-0.35611,0
0.55899,0.71841,0
2.20214,-0.8247,0
0.56377,-0.95833,0
1.78031,0.12819,0
2.61148,-0.25136,0
2.59484,-0.37212,0
2.9419,0.26847,0
2.27204,-0.18739,0
0.80409,-0.11966,0
0.64966,-0.86044,0
0.99032,0.49182,0
-0.21385,-1.08125,0
1.52342,1.14944,0
0.51795,0.65209,0
2.0503,0.64118,0
1.30531,0.51611,0
-0.31058,-0.21597,0
3.46212,0.69591,0
2.76293,-1.10953,0
1.80819,-0.99786,0
0.96085,-1.23125,0
0.90995,-0.18373,0
0.10731,-0.68671,0
1.94231,0.26679,0
-0.44657,-0.40972,0
2.63884,-1.15892,0
3.05952,-0.47302,0
1.94173,-0.72263,0
0.95573,-0.70865,0
-0.34293,-1.11111,0
0.30966,0.1483,0
-0.32996,-0.35443,0
2.74386,1.23651,0
3.25235,-1.16558,0
3.4665,-1.11051,0
0.73484,-0.2266,0
-0.17961,-0.00824,0
0.91378,1.21257,0
0.41705,1.03435,0
1.21989,0.63846,0
1.4173,0.2727,0
3.49724,-0.34336,0
3.15586,0.79977,0
0.56625,-0.77633,0
2.71177,-0.27313,0
-0.09146,-0.18798,0
-0.3149,-0.1482,0
2.37443,-0.4312,0
2.19835,-0.67358,0
3.16682,1.11015,0
1.6029,-0.12544,0
2.10987,0.54052,0
0.40875,0.23798,0
3.4631,-0.9627,0
1.39062,0.41732,0
1.60439,0.91474,0
2.78285,-0.75983,0
0.9841,0.4573,0
1.32847,-0.49128,0
1.50749,0.39243,0
0.9819,-0.13117,0
0.34319,-0.03729,0
0.95082,0.95008,0
-0.15259,-0.72622,0
2.60353,1.04598,0
0.56951,0.08955,0
2.71292,0.99113,0
-0.36431,-0.23419,0
3.16502,-0.59368,0
0.57915,-0.14169,0
0.98741,0.17282,0
2.06158,0.67426,0
2.92644,0.21323,0
0.31649,1.20725,0
0.3383,-0.75714,0
0.04893,0.62801,0
0.98937,-0.06828,0
1.29573,0.05381,0
1.89955,0.17905,0
2.20215,0.42666,0
2.78151,0.75544,0
1.88984,0.07996,0
2.92318,0.2716,0
1.45329,-0.72052,0
0.71903,-0.01713,0
0.56102,-0.68284,0
0.10598,0.15905,0
2.3787,0.82851,0
2.39736,1.01687,0
1.90957,-0.23127,0
2.16755,-0.25364,0
2.8614,0.89276,0
2.58683,0.5881,0
0.54052,0.04903,0
1.9619,1.13004,0
1.89415,0.41278,0
-0.10788,0.18601,0
-0.14401,-0.29925,0
-0.07011,-0.59728,0
1.5088,-0.5854,0
2.40481,-0.40515,0
2.62501,0.99935,0
2.36101,-0.8566,0
0.62044,0.21462,0
2.459,-1.03135,0
0.65449,0.60681,0
0.66794,0.3477,0
-0.03829,0.65593,0
0.12226,-1.15839,0
0.72547,0.06771,0
0.92741,-0.58316,0
3.09923,0.40885,0
1.9604,-0.80946,0
2.78296,0.45494,0
1.21004,-0.00757,0
0.59023,1.21202,0
2.99105,-0.32265,0
2.9309,-0.85648,0
1.91042,0.36077,0
0.94634,-0.21225,0
3.28735,-1.22129,0
-0.35008,0.19146,0
2.86627,0.73104,0
3.37767,1.05152,0
2.95794,-1.24391,0
2.20228,0.45308,0
1.8932,0.62212,0
1.78608,0.36087,0
2.87732,0.81952,0
1.65738,-1.21284,0
0.51186,0.88259,0
0.04788,1.11489,0
2.76018,0.1176,0
1.55667,-0.13052,0
0.88066,1.11079,0
-0.32528,0.7683,0
-0.47658,1.22541,0
2.81306,-1.17857,0
1.18426,-0.01124,0
2.49497,1.0778,0
1.32963,-0.22924,0
1.00349,0.42863,0
2.60042,0.8161,0
-0.37672,0.95971,0
3.28006,-0.2789,0
3.08218,-0.07314,0
3.41814,0.54706,0
1.5156,0.81838,0
0.21962,1.19844,0
1.02244,-0.23596,0
0.44244,-0.90592,0
1.81766,0.54429,0
1.04775,0.91955,0
2.80354,0.2758,0
1.03049,0.28061,0
1.74028,0.5635,0
3.43478,0.60745,0
1.84358,-0.08537,0
1.76542,0.74043,0
2.355,0.4571,0
2.91253,-1.04019,0
1.31954,0.98075,0
-0.45765,-0.49652,0
-0.43296,-0.36399,0
0.84836,0.54261,0
-0.21096,0.9019,0
-0.17024,-0.26226,0
3.09931,0.45948,0
1.30587,0.0512,0
3.26704,-0.65333,0
2.85693,-1.07791,0
1.53167,0.42124,0
0.65051,-0.15112,0
-0.25027,-0.37538,0
1.60666,0.99835,0
0.45659,0.4568,0
1.82338,-0.21031,0
2.07905,-0.34128,0
0.76087,0.69203,0
1.47783,0.53185,0
3.10793,-0.7767,0
1.39285,0.52908,0
-0.19384,0.25781,0
0.6432,0.13382,0
0.7571,-0.04662,0
0.60248,-0.33882,0
0.37134,0.45614,0
0.93078,-0.34945,0
3.41861,-0.2293,0
1.19188,1.01632,0
0.49096,0.34031,0
3.07297,0.90606,0
3.16069,1.24604,0
1.46953,1.13835,0
1.86685,0.89423,0
2.11409,0.91274,0
0.10006,1.10545,0
0.02243,0.19757,0
3.34659,-1.01943,0
-0.11677,-1.1083,0
2.03059,0.52068,0
2.04026,-0.06253,0
1.04351,0.33676,0
1.64897,-1.24743,0
2.66254,0.21735,0
0.95219,-0.16378,0
1.24539,-1.11253,0
2.75371,-0.96992,0
1.54918,-0.15081,0
3.17925,-0.35688,0
1.17428,-0.39642,0
2.35072,0.86192,0
0.69908,-0.94351,0
3.2049,-0.82811,0
1.53901,1.09317,0
-0.24241,0.022,0
2.15137,1.03013,0
2.0692,1.12127,0
1.74989,1.19079,0
2.91289,-0.29347,0
1.86421,-0.30704,0
2.093,0.6075,0
1.42749,-1.23126,0
0.1556,-1.0977,0
0.6296,-0.32757,0
2.43548,1.04766,0
2.57807,-0.11968,0
1.49917,-0.50256,0
2.29124,-0.72963,0
0.79454,0.43308,0
1.08119,0.73335,0
3.47162,0.39202,0
2.78045,1.12432,0
2.42069,0.57006,0
2.00201,-0.56129,0
0.66833,-0.42416,0
3.19103,1.09367,0
0.79541,0.10633,0
0.895,-1.2031,0
3.08073,-0.33469,0
1.0308,1.20566,0
0.95118,-0.98157,0
2.90938,0.46855,0
1.75515,0.91126,0
2.77725,0.20037,0
0.87906,-1.0039,0
1.56774,-0.04029,0
-0.11025,0.53718,0
0.28602,-1.2477,0
-0.45228,-0.08962,0
2.60026,0.22764,0
2.05734,-0.26477,0
2.51346,-0.05601,0
2.08177,-0.37054,0
1.99131,1.08486,0
0.86734,-0.91723,0
2.98999,1.02344,0
2.00982,1.19869,0
-0.17672,-0.73631,0
1.70321,0.99261,0
1.21361,1.06689,0
0.75666,-0.18247,0
1.39091,0.79645,0
2.99337,-0.40646,0
0.45688,-0.62063,0
1.30551,0.80829,0
2.9166,0.26792,0
0.51519,-0.76963,0
1.45936,0.23012,0
3.18211,0.85011,0
0.20364,-1.22746,0
1.36008,0.42226,0
1.96147,0.41863,0
0.96782,-0.0728,0
1.56516,0.89554,0
3.3125,-0.59674,0
-0.47769,-0.08827,0
2.55551,0.87708,0
-0.24671,-0.28972,0
1.69726,0.40103,0
3.36307,-1.10336,0
0.96739,-0.83806,0
2.22945,-0.8357,0
1.2232,0.21338,0
0.61384,-0.43423,0
1.06648,-0.34859,0
2.23045,-0.57092,0
2.3333,-0.12055,0
1.43228,0.5024,0
0.60943,-0.43563,0
1.89062,0.71748,0
3.21567,-1.10977,0
1.47434,-0.60222,0
2.9762,0.26009,0
0.94145,-1.12435,0
3.41903,-0.30993,0
-0.27858,0.12967,0
0.1361,0.73197,0
2.44979,0.50065,0
1.85277,0.63214,0
0.31509,-1.09908,0
1.52253,-0.28115,0
0.51164,0.16285,0
2.41573,0.24279,0
1.83665,-0.29957,0
2.91846,-0.00426,0
0.87445,-0.13173,0
1.17626,-1.08254,0
1.66572,0.86648,0
0.47078,0.43523,0
0.42232,0.89184,0
1.79129,-0.69234,0
1.7117,-0.95475,0
0.98877,-0.12069,0
1.52119,-0.84508,0
0.34793,0.24242,0
2.39067,1.2409,0
0.26483,1.13872,0
1.67114,1.07353,0
3.31408,-0.90406,0
2.6987,1.21523,0
3.43068,-0.68906,0
1.38941,0.82184,0
1.51042,0.64261,0
-0.47156,-1.12476,0
0.5786,0.0849,0
1.54354,0.45404,0
1.86067,-0.66618,0
2.59527,-0.79981,0
1.05852,0.94817,0
2.59469,0.16577,0
2.90656,-1.2033,0
2.03216,0.23557,0
1.55112,0.0578,0
1.18051,1.04409,0
2.05718,0.40667,0
-0.36072,0.14586,0
0.82117,0.26274,0
0.53842,-0.89534,0
0.39058,-0.1408,0
3.04984,1.21432,0
0.26054,1.2271,0
-0.48538,0.9133,0
0.84419,-0.30487,0
0.70411,0.15678,0
2.50793,-0.83821,0
1.3404,0.19194,0
2.72219,0.66272,0
2.73748,-0.81472,0
-0.1942,-0.9132,0
3.29184,0.69526,0
0.17106,1.17895,0
-0.06112,-0.57633,0
1.68201,0.40466,0
-0.46394,-0.86501,0
0.21827,-0.14292,0
3.44009,0.83209,0
0.49481,-0.17992,0
1.61806,-1.20997,0
-0.04143,0.42332,0
1.15784,1.09023,0
-0.08967,0.65512,0
1.91259,0.14212,0
2.9976,-1.12314,0
3.39499,-1.17706,0
-0.01731,0.92644,0
0.39046,-0.65931,0
1.44863,0.38976,0
1.15569,-1.02757,0
3.02019,-1.12288,0
0.96385,-0.46521,0
1.60554,1.01303,0
-0.41083,0.15476,0
-0.27023,-0.76623,0
3.25279,-0.65357,0
1.50552,-1.04181,0
0.02873,0.45625,0
2.04209,0.65749,0
2.62836,0.53274,0
2.44534,0.7237,0
0.19148,-0.67245,0
-0.45315,0.37847,0
0.00512,0.53984,0
1.84662,-0.36867,0
2.55303,-0.25952,0
0.49623,0.87517,0
-0.33759,-0.77741,0
1.7477,-1.12164,0
3.01804,-0.68291,0
1.47402,-0.62577,0
1.02026,0.77256,0
-0.47655,0.01163,0
0.15932,-0.15753,0
1.77234,0.20432,0
-0.444,0.07981,0
1.33812,0.79234,0
3.12375,-0.74481,0
2.81705,-0.28616,0
1.64106,0.44371,0
0.80842,-0.1153,0
1.14695,0.87799,0
2.68578,0.11888,0
3.38682,0.85517,0
1.49313,-0.50788,0
2.48814,-0.04981,0
2.77105,0.77338,0
1.33205,0.78682,0
3.03457,-0.12843,0
2.75589,0.55584,0
0.51412,1.07414,0
3.00305,-0.65031,0
2.8821,0.86538,0
3.43794,0.80535,0
1.14772,-0.13073,0
1.05911,-0.01748,0
2.54929,0.03267,0
1.05386,-0.61047,0
0.38867,-0.03569,0
0.44162,-0.37782,0
-0.04814,0.43357,0
3.30606,-1.22769,0
1.9762,-0.45248,0
3.36523,-0.63592,0
-0.29742,0.43515,0
2.05476,1.21592,0
2.46422,-0.39397,0
-0.47366,1.18209,0
3.33265,-0.58479,0
3.25037,-1.2372,0
1.89133,-0.65412,0
1.08848,0.95233,0
1.87971,0.05808,0
-0.38278,0.44622,0
-0.02576,-0.72392,0
-0.04382,0.19665,0
0.31334,-1.15433,0
0.31798,0.7651,0
0.99333,-0.11081,0
-0.30154,1.15776,0
-0.45784,-0.59878,0
2.5531,0.22165,0
0.67017,-0.7904,0
1.26354,-1.0555,0
2.75094,0.33709,0
2.21787,-0.68233,0
0.57009,-0.40534,0
1.87269,-0.55015,0
2.83095,-0.0158,0
-0.20338,0.5535,0
0.89643,0.07437,0
1.21906,-0.33803,0
1.84859,-0.7841,0
2.68893,0.60949,0
0.31156,0.88157,0
3.27286,-0.70623,0
2.32946,0.06627,0
2.6143,-0.03196,0
0.25579,0.30014,0
0.01527,-0.76769,0
2.73003,-0.43429,0
2.92521,-0.46514,0
3.0204,-0.26557,0
-0.48756,0.88735,0
1.62015,0.70202,0
0.81251,-0.70918,0
2.95027,-0.89105,0
3.44362,0.66424,0
1.84739,0.67181,0
1.13711,-1.03717,0
2.62464,1.02519,0
0.89641,0.25507,0
2.01224,-0.33954,0
-0.37653,-0.96573,0
-0.47261,1.22788,0
0.16899,0.23858,0
1.13668,-0.47306,0
3.30248,-0.5058,0
0.40736,0.2799,0
2.572,0.70536,0
-0.26077,-1.03714,0
2.85557,1.18869,0
3.18158,0.88778,0
2.42983,0.29897,0
3.48108,0.23692,0
3.31597,-0.46121,0
-0.20142,-0.82756,0
0.73381,-0.18215,0
1.93433,0.89019,0
1.41684,-0.75575,0
0.84221,0.71633,0
2.51111,-0.7852,0
0.60048,0.31215,0
1.2695,0.28445,0
2.50467,-0.13432,0
1.42487,0.93014,0
2.66008,-1.21831,0
1.3611,-1.15035,0
3.30697,0.67229,0
-0.02768,-1.05036,0
-0.02572,0.25202,0
0.63198,-0.9936,0
2.36605,0.15532,0
0.99468,-0.90742,0
1.57583,0.01682,0
3.20933,0.53775,0
2.01603,-0.44075,0
1.17927,1.04703,0
1.33669,-0.55268,0
2.92043,-0.03145,0
2.60647,0.6722,0
1.15783,0.86933,0
2.63039,-0.52999,0
0.16154,-1.13314,0
2.10944,-1.22977,0
1.87418,0.46792,0
1.85591,-0.02064,0
-0.13297,0.77099,0
2.81438,0.11194,0
1.85932,-0.17489,0
3.19573,-0.38242,0
0.98551,1.01885,0
2.49773,0.55395,0
0.7186,1.02806,0
0.33715,0.12313,0
-0.08651,0.28399,0
1.26565,-0.29484,0
0.32989,-1.0982,0
1.00697,-0.92854,0
2.45432,-0.64443,0
1.74796,-0.02513,0
1.98751,0.76983,0
2.35613,0.02044,0
0.75079,-1.12928,0
-0.46034,0.4619,0
0.60735,-0.77683,0
0.27333,0.16827,0
2.67055,0.22946,0
1.19015,0.26594,0
-0.40406,-0.66842,0
0.58418,-0.33256,0
3.22023,0.47371,0
0.26304,1.06499,0
1.74749,-0.26036,0
0.4737,-0.82483,0
-0.35335,-0.93329,0
0.61766,0.23669,0
0.39079,-0.32725,0
3.44305,-0.68112,0
2.92671,0.73019,0
3.48069,1.15535,0
0.79848,0.92983,0
2.704,-1.0241,0
1.0826,-0.21278,0
0.89796,0.54247,0
0.57446,-0.86982,0
0.37385,-0.30248,0
2.83666,0.24737,0
3.2542,0.48057,0
0.42047,0.34465,0
0.58561,-0.89953,0
2.88041,-0.02781,0
3.06955,0.08932,0
1.40615,1.19849,0
-0.09399,0.17984,0
3.40648,0.87054,0
0.06113,0.97658,0
0.33722,0.41813,0
3.41606,-0.80539,0
0.06855,-1.0423,0
2.86025,-0.00093,0
0.01933,0.04057,0
-0.09207,0.15671,0
3.27544,0.12375,0
1.08896,-0.29718,0
2.61741,-0.38389,0
0.89396,-1.14394,0
0.77331,-1.05913,0
2.77292,-0.40529,0
1.49861,-0.63575,0
3.17261,0.26228,0
2.4952,1.1648,0
1.5947,-0.30206,0
2.03486,1.1527,0
2.2495,-0.85447,0
2.26989,-0.93845,0
1.87941,-0.59488,0
1.09552,1.07877,0
1.3509,-0.87205,0
2.06145,-0.98556,0
1.42521,1.18682,0
2.53187,0.87463,0
0.59703,-1.0764,0
1.69772,-0.28501,0
3.35977,0.27647,0
-0.25969,-0.90207,0
1.20356,1.04079,0
-0.36643,0.28219,0
0.56407,0.58913,0
2.3778,-0.26643,0
2.41799,1.06837,0
2.01856,-0.67163,0
2.53017,-0.01295,0
2.79117,-1.15914,0
0.88445,0.13105,0
2.49176,0.56356,0
2.45002,-1.10579,0
1.84912,-0.66922,0
2.15081,-0.3024,0
0.92203,-0.48289,0
0.54365,0.91255,0
0.28097,0.99951,0
3.36088,-0.66085,0
1.35367,1.1994,0
2.90627,0.09927,0
2.31657,0.0517,0
2.5063,0.67448,0
2.09416,0.90038,0
0.7049,-0.94534,0
2.1586,-1.07377,0
1.87458,-0.34096,0
2.66353,-0.27595,0
-0.00401,0.29311,0
0.28562,0.77774,0
-0.15643,0.15315,0
3.0951,1.0975,0
3.44421,-0.24819,0
1.99626,0.35561,0
3.48062,-1.12088,0
1.55963,-0.93075,0
1.16963,-0.1529,0
0.31322,0.23397,0
1.91133,-0.99789,0
1.72719,0.20756,0
1.01631,-0.86848,0
0.13874,0.09428,0
2.89791,-1.07909,0
2.98983,-0.63467,0
-0.30289,-0.86464,0
1.59666,-1.08843,0
2.04185,-1.21619,0
2.9856,0.72336,0
2.58373,-0.75644,0
1.80684,-0.38842,0
2.71687,0.56165,0
2.34203,0.4468,0
1.04269,1.12637,0
-0.48668,-0.26298,0
-0.15405,0.07885,0
1.44951,0.83684,0
2.01927,0.09049,0
0.47395,0.66763,0
2.38248,0.06333,0
3.28696,-0.27471,0
0.79402,-0.23593,0
1.58639,-0.93633,0
-0.33206,0.13108,0
2.04134,0.76734,0
1.95304,-0.52032,0
0.25969,-0.96965,0
2.29767,-0.07548,0
3.24348,0.93134,0
2.71696,-0.08407,0
1.60875,-1.20846,0
-0.00969,0.83729,0
2.1477,-0.19331,0
2.86849,0.71821,0
2.10946,-0.03253,0
0.19196,0.70201,0
2.95206,-1.24561,0
-0.42967,0.04804,0
0.87713,0.35317,0
2.56106,-0.80338,0
3.4755,0.10521,0
-0.2082,-1.09679,0
-0.00805,-0.2285,0
1.70515,-0.69318,0
0.40611,-1.07273,0
3.19475,-0.19056,0
3.16276,0.65757,0
-0.26617,0.66313,0
2.88774,-0.44758,0
1.78192,-0.54807,0
-0.09663,1.24393,0
1.15406,-0.14446,0
2.50127,-0.94726,0
-0.18156,0.98261,0
1.88147,0.47986,0
0.65955,0.40392,0
1.38317,-0.59452,0
1.80289,1.24555,0
3.4172,-1.22178,0
1.37009,-1.04814,0
0.53434,0.05643,0
2.51996,0.49774,0
2.81074,-0.52265,0
0.23228,-0.68272,0
2.4319,0.93105,0
1.01066,0.72241,0
0.93865,0.40517,0
0.59931,-0.8705,0
3.0683,-1.12584,0
2.59381,-1.16035,0
2.52513,1.08663,0
2.27685,-0.15841,0
2.61273,0.44199,0
3.38064,-0.11643,0
-0.28734,-1.18534,0
2.01014,-1.05949,0
1.86051,0.67324,0
2.07957,-1.24129,0
-0.2637,0.71815,0
3.37591,-0.27625,0
3.10674,-0.01764,0
0.44982,0.72072,0
0.88959,1.18731,0
1.93501,-0.00594,0
0.89813,-0.78867,0
1.09428,-0.42498,0
2.82065,0.84228,0
1.82551,0.66135,0
1.55344,1.10882,0
0.72909,-0.45025,0
1.26003,0.11091,0
0.29358,-0.28723,0
0.56091,0.4001,0
1.26094,-0.86369,0
1.60053,0.28632,0
2.51957,-0.81518,0
2.87035,0.70087,0
-0.43282,-0.43829,0
0.39384,0.16364,0
-0.06616,-0.22491,0
3.11592,0.9609,0
0.69529,-1.15559,0
1.27062,-0.60112,0
-0.27483,0.0524,0
0.20664,0.60124,0
0.96511,-1.18692,0
-0.05832,0.72559,0
1.34235,0.45939,0
1.03314,0.88401,0
0.35101,-0.86036,0
-0.23016,-0.25201,0
1.7071,-0.29142,0
0.11649,1.06139,0
-0.34457,-1.1815,0
-0.16463,-0.66591,0
3.2017,-0.65251,0
-0.48548,0.96758,0
1.04922,1.24954,0
2.08846,-1.00466,0
2.10488,0.37636,0
3.42947,0.62963,0
1.36188,-1.15344,0
0.33627,0.88026,0
1.20269,-0.24885,0
1.25227,-0.33442,0
1.69544,-0.18742,0
3.07114,-0.79035,0
1.20391,-0.19811,0
3.1206,0.94293,0
2.21565,0.14471,0
-0.44943,1.01941,0
2.17723,-0.52646,0
0.0435,0.8249,0
3.27351,-0.38771,0
0.99725,-0.65098,0
0.24543,0.29924,0
0.48922,0.0387,0
-0.1494,0.38361,0
-0.49116,0.62216,0
2.96751,0.41122,0
2.54873,0.86127,0
3.03397,-0.8221,0
1.61875,0.2237,0
1.34134,-1.19802,0
0.18177,0.92869,0
2.52833,1.20165,0
2.77438,-1.02576,0
0.73019,0.16142,0
0.98976,0.87547,0
1.94568,0.42111,0
1.12428,1.02837,0
2.17519,-1.00075,0
2.7369,-0.40869,0
2.15248,1.21593,0
2.50549,-1.17163,0
2.36729,-0.29837,0
3.39218,-0.2789,0
1.41381,0.79538,0
0.05196,1.21987,0
0.57461,0.36034,0
-0.1035,-0.22775,0
0.84634,0.41154,0
2.55796,1.09446,0
1.98731,-0.20431,0
-0.4621,0.27569,0
2.94824,0.0973,0
0.20965,0.6758,0
1.28723,0.64483,0
2.32928,0.47958,0
0.2779,1.05118,0
0.20082,-0.84458,0
2.00722,0.23382,0
1.85319,0.66911,0
1.68723,0.28861,0
1.38833,-1.13289,0
3.28765,-0.28067,0
2.07846,-0.83555,0
2.81211,-0.0232,0
2.83005,0.03097,0
-0.34003,-0.95969,0
1.03102,0.07545,0
0.18291,0.02347,0
0.24465,0.08341,0
3.41925,1.14272,0
3.32835,-1.0111,0
2.93154,-0.04936,0
0.28856,0.82371,0
3.35679,-1.04305,0
2.78684,0.28324,0
3.23291,-1.23372,0
0.02142,0.54827,0
2.43547,1.05338,0
1.46957,-0.93843,0
0.28029,-0.95274,0
0.39474,0.37888,0
0.31929,-0.87742,0
2.72334,-0.76725,0
3.15539,-0.97866,0
0.10721,-0.3509,0
0.1711,1.04435,0
2.53417,1.14025,0
1.00802,-1.19003,0
0.01546,-0.04571,0
1.66589,-0.68962,0
1.05631,-0.86131,0
3.22519,0.96917,0
2.77852,0.98684,0
0.13971,-1.17294,0
2.74907,0.71518,0
1.63902,-0.57579,0
1.22372,-1.22842,0
-0.1664,0.01892,0
0.64262,0.56318,0
2.01667,0.80273,0
2.91369,0.70335,0
-0.49597,-0.59395,0
3.30691,-1.13752,0
1.39352,-0.7728,0
3.05887,0.68678,0
2.35648,0.96302,0
2.70481,-0.61814,0
2.59352,-0.94487,0
2.96102,-1.05866,0
2.7351,0.63054,0
0.22855,0.22942,0
2.58478,-0.9572,0
0.45054,1.04338,0
3.1619,0.10685,0
2.92083,0.32074,0
0.67834,-1.10962,0
2.28526,0.60717,0
2.91529,-0.54296,0
-0.18455,0.28122,0
0.69648,1.23296,0
-0.33009,1.21576,0
2.74759,-0.1891,0
3.27871,-1.2122,0
-0.04683,1.03823,0
0.52643,-0.95419,0
2.27433,0.05195,0
0.10772,-0.98996,0
2.02614,1.18692,0
2.92559,-1.23654,0
0.32995,1.02703,0
0.81823,1.24331,0
0.96979,0.33037,0
-0.08266,-0.09088,0
0.13088,0.492,0
3.26062,-0.63734,0
2.93805,-1.21607,0
2.65447,0.26911,0
-0.34135,1.22084,0
0.3433,0.86563,0
-0.03809,-0.03361,0
3.45075,1.20767,0
1.92868,-0.16159,0
2.09974,0.51903,0
2.87842,0.97399,0
1.01045,-0.19811,0
0.79649,0.93747,0
-0.28554,-0.37564,0
3.38269,1.1744,0
3.10908,0.70176,0
2.81839,0.85479,0
0.4088,-0.17111,0
2.07869,-0.16142,0
2.76137,1.1242,0
3.1918,0.24546,0
0.14118,-0.28457,0
2.65865,-0.47523,0
1.75532,-0.11067,0
0.82323,-0.55402,0
0.85317,-0.15367,0
1.1446,-0.53771,0
1.29393,-0.42545,0
1.08767,0.32801,0
1.14176,1.1249,0
1.8244,1.02873,0
1.88396,-0.63146,0
0.64715,-0.85752,0
2.33511,-0.75146,0
1.04903,-0.32212,0
0.20364,0.24518,0
0.89489,0.78195,0
2.29006,-0.99803,0
3.15052,-0.91559,0
2.37785,-1.18255,0
0.74257,-0.3758,0
-0.25131,-0.00134,0
1.37157,1.20015,0
-0.2382,1.156,0
0.62663,-0.19127,0
0.9083,0.3604,0
3.41796,-0.35535,0
-0.30113,-0.89291,0
1.45241,0.41303,0
3.4208,0.91266,0
1.11325,-0.62568,0
3.42574,0.13848,0
1.05658,0.59646,0
3.35075,-0.53723,0
2.92593,0.907,0
2.66616,1.22679,0
-0.12731,-0.18306,0
-0.29659,1.24725,0
2.24041,-0.82084,0
1.1831,-0.95742,0
2.9511,-1.07093,0
1.08537,0.66257,0
-0.4326,-0.07477,0
-0.18092,-0.91755,0
1.83415,-0.451,0
1.42987,1.17311,0
2.2458,-0.19224,0
0.96647,-0.41201,0
3.21249,1.12844,0
1.84897,-0.99533,0
1.13399,0.47034,0
1.55337,-0.55722,0
1.71805,-0.04618,0
-0.07383,1.04966,0
0.11781,-0.60559,0
1.31137,-1.09097,0
2.82905,0.52539,0
3.40941,0.92233,0
2.9337,0.27678,0
2.47961,0.68388,0
2.12476,0.12988,0
1.19015,0.47561,0
0.29749,0.4774,0
0.40273,-1.20988,0
1.98456,0.60921,0
-0.45918,0.10781,0
2.30017,-0.44271,0
0.40614,0.66202,0
3.45099,-1.01117,0
3.3177,-1.04556,0
0.13372,0.68923,0
0.79392,0.98342,0
2.22516,0.22242,0
3.11561,-0.36687,0
0.33128,0.80688,0
0.52617,-0.67656,0
0.20631,0.9684,0
3.17928,0.01639,0
1.02513,0.75182,0
3.29068,0.39145,0
2.96043,-0.79267,0
1.77911,0.68447,0
2.15006,-1.01986,0
2.58966,-0.11478,0
2.90232,-0.66815,0
1.49957,0.96237,0
1.02995,1.18189,0
1.41106,0.05697,0
2.72206,0.73668,0
3.2678,-0.98381,0
2.07333,-1.24542,0
1.58772,0.46707,0
0.79106,-0.77291,0
0.82153,-1.01634,0
1.4563,-0.35516,0
2.0173,0.56414,0
-0.21422,-0.47448,0
2.08798,1.17048,0
2.08325,0.78462,0
0.3555,0.60181,0
0.10063,0.49969,0
3.09195,-0.88737,0
0.79975,0.62373,0
2.18858,-0.18745,0
1.27022,-0.2844,0
-0.49677,-1.11981,0
-0.33261,0.6182,0
3.48979,-0.83349,0
2.2647,-0.39591,0
1.25162,-0.29701,0
2.62039,-0.63247,0
0.65827,-1.24923,0
1.79912,-0.93771,0
2.38922,-1.17725,0
2.74806,0.99803,0
0.81167,-1.21136,0
-0.46527,-0.49107,0
-0.46937,-0.48452,0
3.15407,-0.02661,0
1.6573,-0.4864,0
-0.12976,-0.63322,0
0.37926,-0.85834,0
3.04576,-0.15522,0
-0.25124,-1.21576,0
0.9295,0.98748,0
0.36844,-1.09731,0
0.48363,-0.17174,0
3.22345,-0.33185,0
2.59993,0.52452,0
3.07977,-1.08361,0
0.19659,-0.55598,0
1.00485,0.21344,0
0.26564,-1.19277,0
0.04735,0.85244,0
3.16426,0.21211,0
0.59708,-1.07462,0
-0.33968,1.21689,0
2.2153,0.10998,0
2.31502,1.22125,0
0.4366,-0.13554,0
0.02465,0.21014,0
0.67932,-0.43743,0
0.28129,-0.23632,0
1.0357,0.77335,0
0.2844,0.81841,0
3.28491,-0.05163,0
0.42872,-0.10848,0
1.64002,0.14172,0
2.05803,-0.18718,0
3.11973,0.26868,0
3.43675,0.5697,0
0.16091,0.15918,0
-0.30746,0.59101,0
3.40726,1.03362,0
1.94918,0.3887,0
-0.17205,0.80629,0
3.12522,0.15296,0
-0.24952,-0.10172,0
0.92562,-0.18592,0
0.24833,0.43758,0
3.13229,0.83009,0
1.29363,-0.05108,0
1.45119,-0.83836,0
1.19826,-0.10716,0
2.68682,1.22825,0
0.2014,0.55137,0
2.06767,-0.31843,0
1.76413,0.56892,0
2.87246,0.09048,0
-0.21576,0.03904,0
1.51334,-0.39515,0
3.0955,-0.06888,0
0.16589,-0.5715,0
2.29858,0.97512,0
3.31556,-0.84504,0
1.0201,0.0936,0
1.67655,-0.10967,0
1.09253,-0.12061,0
-0.33548,-0.95479,0
2.37204,0.37978,0
3.15792,-0.46188,0
0.94475,-0.97238,0
2.39125,0.2533,0
3.07692,0.87642,0
2.62741,1.07577,0
1.17891,1.23174,0
0.79556,0.76971,0
0.89531,-0.8509,0
2.78838,0.12335,0
3.10662,-0.60315,0
1.80839,0.52361,0
3.26312,0.15069,0
3.22333,0.18579,0
1.8287,-0.3661,0
2.41157,-1.07386,0
3.38415,0.42776,0
2.73232,0.15361,0
1.54563,-1.18862,0
2.08245,0.00756,0
3.37583,-0.94825,0
1.26178,-1.16892,0
0.30377,0.59272,0
1.8009,-1.16031,0
2.36973,-0.42458,0
3.18826,0.3745,0
2.97977,-0.6189,0
2.0873,-0.54409,0
2.59623,0.72552,0
1.85281,-0.95203,0
3.3471,-0.76337,0
0.74741,-0.16703,0
2.39366,0.76609,0
0.37876,1.13453,0
1.89315,-1.12196,0
3.14758,-0.6018,0
1.0902,-0.21059,0
3.14693,0.503,0
0.11409,-0.32096,0
-0.31961,0.62178,0
1.08832,0.5663,0
1.75683,-0.27517,0
0.52771,0.70665,0
2.96332,0.01048,0
3.40808,-0.10703,0
0.62572,0.30309,0
0.2325,-0.74876,0
2.30084,0.54784,0
3.21947,0.42482,0
2.46247,-0.56554,0
-0.30623,-1.04336,0
0.79676,1.23386,0
0.19592,-0.43393,0
-0.37011,-0.02009,0
2.19681,0.01823,0
0.05909,-1.19274,0
2.73605,-0.27032,0
1.55939,-0.49396,0
0.31446,-0.88695,0
0.80465,0.95576,0
0.68318,0.57109,0
0.18945,-0.03857,0
3.42669,1.15636,0
0.8465,0.6488,0
3.25192,-0.92977,0
0.47161,-0.84748,0
0.0764,-1.17209,0
2.59549,1.20427,0
1.11144,-0.64792,0
1.90169,0.07655,0
0.95425,-0.9146,0
0.25356,-0.58801,0
-0.48338,0.78258,0
1.24371,-0.68364,0
-0.48294,0.41018,0
2.28764,0.15128,0
0.53535,0.7357,0
1.4831,-0.39437,0
2.87875,-0.47509,0
0.16882,-0.78921,0
0.1694,-1.22009,0
3.42496,-0.63241,0
3.02423,-0.82837,0
3.04264,0.89362,0
3.16762,-0.78616,0
2.73628,0.45889,0
0.46762,1.22559,0
3.30206,-1.07459,0
1.14811,-0.00074,0
1.24348,-0.55894,0
1.67442,0.9344,0
1.92251,1.23206,0
0.5475,-0.75309,0
0.05027,0.21066,0
2.21559,-1.13299,0
0.39311,0.71724,0
2.62254,-0.60901,0
1.041,1.07174,0
1.76587,-0.40363,0
1.80432,-1.16165,0
-0.40928,-1.00495,0
2.16861,0.50672,0
2.18597,-0.1881,0
-0.33466,1.07186,0
2.86595,-0.67784,0
0.86296,-1.08877,0
2.62681,-1.16335,0
1.28871,0.746,0
0.09434,-0.42455,0
3.46772,0.93108,0
0.25208,-0.03524,0
0.4104,-0.47023,0
0.1405,-0.65626,0
1.07196,1.22869,0
0.61862,-0.12621,0
2.29841,0.72683,0
2.05884,-0.00286,0
2.4014,0.27436,0
1.38492,-0.71618,0
2.88583,0.36519,0
0.54044,-0.44012,0
1.38873,-1.09011,0
0.67404,-1.19164,0
2.50662,0.37926,0
-0.2884,0.83066,0
1.87672,-0.67198,0
2.69539,-1.08642,0
2.95384,-1.19763,0
3.4394,-1.21603,0
2.37125,-0.81419,0
1.05885,0.78822,0
0.28358,0.90257,0
-0.10179,-0.92016,0
-0.41999,0.1678,0
2.82709,0.85252,0
2.88614,0.87634,0
2.91434,-0.48884,0
0.69364,-0.56277,0
-0.45123,-0.71925,0
0.44111,0.7392,0
0.50347,-0.40237,0
2.94978,0.80275,0
0.27055,0.64494,0
1.67246,0.4466,0
0.65486,-0.19539,0
0.36344,-0.6109,0
-0.23148,0.94488,0
1.16955,0.36366,0
2.32021,-0.31592,0
-0.05658,-1.06353,0
0.01729,-0.71208,0
2.9641,0.85474,0
1.02081,-0.93343,0
2.3735,0.21853,0
0.26523,1.12453,0
3.03675,-0.3081,0
1.1211,-0.70221,0
0.33646,-0.96791,0
1.05332,1.05843,0
-0.39445,0.86934,0
0.25931,-0.46593,0
-0.41271,0.26445,0
2.54722,-0.34804,0
1.84765,0.32974,0
1.38793,0.10314,0
1.59453,0.8286,0
0.25943,-1.12437,0
2.73057,0.43478,0
1.1598,-0.48718,0
3.27056,-1.01271,0
3.38077,0.98934,0
-0.21752,-0.37525,0
1.3619,0.91325,0
3.39913,0.39765,0
2.07506,-0.04407,0
3.44357,0.02257,0
0.66924,-1.10178,0
1.75841,0.65439,0
2.91278,-0.4287,0
3.1419,-0.54097,0
1.20941,1.09636,0
2.32254,-0.9817,0
1.5242,-0.44644,0
0.77684,-0.72246,0
-0.2547,0.78484,0
-0.09228,-0.49582,0
1.75027,-0.46303,0
2.97422,-0.99451,0
2.95488,-0.60037,0
1.04898,-1.09008,0
0.69822,-0.58077,0
0.95138,-0.96663,0
1.21308,1.20172,0
1.16766,1.15768,0
1.08243,-1.14325,0
2.96869,0.78586,0
-0.00983,1.12869,0
0.27624,-0.22664,0
1.43575,0.6682,0
0.3468,-0.3306,0
0.24564,0.58843,0
0.42981,0.11749,0
-0.36682,1.10713,0
1.17257,0.98513,0
2.56366,1.08878,0
1.72679,0.1356,0
0.08809,1.00914,0
1.70026,-0.87054,0
1.6427,0.60783,0
1.88574,-0.91483,0
2.773,-0.40279,0
1.37748,-0.46941,0
0.15304,0.77129,0
0.10433,1.18028,0
0.31386,0.98082,0
1.62795,0.36349,0
1.51707,1.22103,0
2.66986,0.9864,0
0.85623,1.20086,0
2.5536,-0.16112,0
-0.27848,-0.76337,0
-0.30823,1.01312,0
1.01499,0.27568,0
1.60357,-0.29988,0
3.08826,-0.26322,0
3.1177,-0.99917,0
2.70943,-1.2434,0
-0.05513,0.01907,0
1.15908,-1.2444,0
2.51136,-0.8684,0
0.56436,0.68467,0
0.84078,1.11418,0
1.10046,0.84974,0
-0.10738,-1.08778,0
0.44744,-0.79319,0
2.89952,-0.40235,0
2.54498,-0.65881,0
-0.41073,0.64965,0
1.59453,0.56033,0
3.42916,-0.70044,0
2.13454,1.19117,0
-0.48999,1.03582,0
2.06439,-0.3017,0
2.40876,-1.01978,0
1.71017,0.46082,0
2.2147,0.72711,0
2.31672,-1.22139,0
2.07864,0.33981,0
0.68521,1.19511,0
2.9283,0.22471,0
0.91798,0.04452,0
2.53661,-0.80483,0
3.23824,-0.84441,0
-0.06034,-1.03629,0
-0.03694,0.00126,0
2.79694,0.7071,0
1.63818,-1.01837,0
0.61181,-0.82878,0
2.0862,-0.37458,0
-0.49157,0.51129,0
0.73291,1.14975,0
2.3747,-1.15843,0
0.87073,0.24806,0
1.2691,-0.13604,0
1.39087,0.96416,0
1.72906,-0.91871,0
0.84998,-1.02222,0
3.09289,0.10107,0
0.69509,0.63154,0
0.42604,-0.70879,0
2.33798,0.29135,0
-0.34445,-0.35758,0
0.547,0.2856,0
2.66726,0.12053,0
-0.14838,-0.36051,0
0.19402,-0.47048,0
-0.15271,0.85982,0
1.31169,-0.49523,0
3.23618,1.15658,0
2.97412,-0.58351,0
0.53605,0.30203,0
1.69928,0.16808,0
0.43165,0.1922,0
2.36211,0.97056,0
0.68017,0.11584,0
1.60806,0.87461,0
0.05895,-0.2971,0
2.90351,0.26653,0
2.69917,-0.6743,0
3.10491,-0.97286,0
-0.38805,0.06725,0
0.06988,0.46656,0
2.01362,-0.08408,0
0.81426,-0.32041,0
0.85786,0.76847,0
2.16887,1.07825,0
2.01272,0.72463,0
0.10067,-0.34672,0
0.93727,1.05584,0
1.46063,1.20582,0
0.6181,0.87444,0
1.83959,-0.06096,0
1.53245,0.26326,0
2.29697,-0.4449,0
1.05338,-0.30165,0
2.76023,0.8355,0
0.11128,-0.34875,0
0.47917,-0.34373,0
1.737,0.79804,0
2.54375,0.69436,0
0.68472,0.93559,0
0.43222,-0.39281,0
1.30536,-0.28825,0
-0.27239,1.23876,0
-0.2537,0.67673,0
1.48418,0.53596,0
0.79329,-0.00087,0
1.2657,-1.20006,0
0.74603,-0.22764,0
0.77347,-0.28431,0
0.30888,1.22692,0
0.50212,-0.79969,0
-0.26282,0.94916,0
2.02782,1.10296,0
1.50919,-1.19847,0
2.77521,-0.08354,0
2.29614,-0.75467,0
1.31045,-0.23162,0
1.92182,0.15918,0
1.512,-1.12917,0
3.10512,0.39455,0
2.23217,0.49206,0
2.48346,-0.8379,0
2.60542,-0.26773,0
1.73139,0.88713,0
1.56061,1.01548,0
3.10046,-1.04832,0
0.98377,-0.93543,0
0.93845,0.2073,0
0.73043,0.93963,0
-0.28282,-0.14816,0
0.10015,0.63025,0
-0.37196,0.42178,0
0.70721,0.67327,0
2.48681,-0.0047,0
2.64101,-1.11511,0
2.08685,0.68257,0
0.1461,-1.10726,0
0.17347,1.11769,0
1.59577,-1.02969,0
2.57795,-1.09021,0
1.04012,-0.35346,0
0.99409,-0.38642,0
1.35646,1.06456,0
0.37479,-0.35744,0
3.43383,0.85513,0
2.73757,-0.41249,0
0.05753,-0.2003,0
1.2904,0.78439,0
3.29439,0.92327,0
0.21729,0.10512,0
1.89155,-0.84233,0
-0.19841,-0.95226,0
1.91409,1.11206,0
1.21997,-1.21456,0
0.69988,-1.16731,0
0.95093,0.89461,0
3.38508,1.11311,0
1.02675,-0.42239,0
2.42743,1.23922,0
2.52458,-0.38603,0
0.15686,1.06652,0
1.58427,0.23507,0
2.11091,-0.75778,0
0.43068,-0.96088,0
0.25339,-0.03303,0
1.73379,0.47097,0
1.96594,-0.15401,0
3.18164,0.66386,0
2.81894,-0.7654,0
1.34967,-0.59685,0
2.13172,0.57917,0
0.58958,0.60993,0
3.01692,0.7889,0
3.23258,0.39693,0
0.97559,0.99304,0
1.94634,0.27877,0
-0.27513,-0.71619,0
1.15775,-0.41305,0
3.2549,0.49457,0
0.58374,0.08435,0
3.21272,0.54633,0
1.70737,0.35865,0
3.01304,-1.11504,0
2.47907,0.2896,0
-0.39604,0.24309,0
2.78709,0.132,0
2.62222,1.19873,0
0.44939,0.81802,0
0.57227,-0.66828,0
1.7397,0.72787,0
1.18769,-0.41341,0
2.2023,0.5899,0
1.85402,0.62323,0
0.86918,0.47794,0
1.10881,0.84381,0
1.68706,-0.99712,0
-0.48151,0.20505,0
1.84513,-0.27872,0
1.92486,0.9755,0
2.81002,0.00997,0
3.0892,-0.14049,0
-0.16889,0.54498,0
2.05876,1.06772,0
1.47254,0.04454,0
-0.36845,-0.11526,0
-0.47252,-1.24255,0
2.93042,0.98576,0
3.20353,-0.76254,0
0.68,1.17049,0
2.15627,0.68996,0
2.74531,0.81683,0
2.29869,0.69889,0
2.31168,-0.97045,0
2.64268,1.21255,0
2.91423,0.16732,0
2.31681,-0.3755,0
-0.18553,-1.00721,0
2.79216,-1.00855,0
3.38412,1.09957,0
3.40948,-0.09341,0
1.45069,1.07924,0
0.74231,0.73701,0
0.79016,-0.0641,0
2.78531,-0.92191,0
0.03494,-0.98715,0
0.40104,0.63342,0
-0.18371,-0.10875,0
0.82056,-0.59146,0
0.86624,0.11387,0
3.27804,0.27653,0
1.2211,1.07014,0
0.1299,1.17323,0
0.48052,1.07563,0
0.64355,1.06183,0
0.53624,0.49838,0
1.06287,0.12701,0
2.45548,-0.39062,0
1.3822,0.98041,0
3.20549,-0.55867,0
3.26033,1.18245,0
3.32851,-0.46788,0
-0.35396,-0.23223,0
1.23468,-0.10074,0
0.81082,-0.35042,0
0.4981,-1.19662,0
0.99324,0.54543,0
3.47415,0.43385,0
-0.08503,-0.17577,0
1.08902,0.48771,0
-0.48103,0.40584,0
0.16042,0.19028,0
2.12216,1.23274,0
0.78466,-1.11469,0
1.5118,0.33783,0
3.21601,0.62434,0
2.95842,0.44055,0
-0.11289,-0.32466,0
-0.3657,-0.47224,0
3.07072,-0.72676,0
1.70387,-0.23698,0
2.0745,-0.28048,0
0.11368,-0.57779,0
0.49845,0.31746,0
3.3019,-1.12077,0
2.97969,-1.21599,0
0.33949,-0.73531,0
-0.18314,-0.39024,0
2.30289,0.7139,0
2.52644,0.17858,0
2.36436,0.67496,0
-0.35778,-0.25216,0
0.42838,-1.05297,0
-0.44684,-1.07693,0
-0.10061,-0.99859,0
2.50974,-0.38741,0
0.40567,-0.56524,0
0.88422,-0.48467,0
2.36806,-1.04769,0
2.36426,0.22804,0
2.45603,-0.58243,0
3.48575,0.40227,0
0.82275,0.14486,0
1.99077,0.42648,0
0.81248,1.15881,0
-0.42487,-0.04663,0
1.95541,-1.15049,0
2.91176,0.45828,0
0.83081,1.02689,0
2.31588,0.9137,0
1.56609,0.26986,0
3.34943,-0.26651,0
1.58018,-1.14273,0
1.69587,0.87941,0
0.10424,-0.96429,0
3.13352,-0.13473,0
-0.42346,1.15929,0
1.64037,0.60129,0
1.07333,0.42429,0
0.69674,0.24872,0
-0.24028,-0.81039,0
1.77192,-0.62763,0
-0.42485,-0.78354,0
3.45455,0.66726,0
1.61545,1.14906,0
1.19418,-0.46316,0
0.06577,-0.86911,0
0.3939,-0.82645,0
1.99674,0.68125,0
3.1026,-0.43382,0
2.73966,0.04654,0
1.86978,0.57021,0
-0.42475,-0.4193,0
2.00671,0.37991,0
0.09966,-0.65588,0
-0.34833,-1.02556,0
1.12982,-0.58281,0
2.22719,-0.78839,0
2.77001,1.14847,0
1.33147,-0.23168,0
0.24354,0.31027,0
1.96635,0.28239,0
-0.00474,1.23232,0
3.3177,0.08137,0
0.46926,0.2477,0
0.59023,0.1035,0
1.96705,0.21747,0
3.46556,-0.68049,0
2.19872,0.39071,0
0.69417,-0.75577,0
3.10062,0.53526,0
-0.08838,-0.19169,0
2.53874,0.94647,0
2.21462,-1.00788,0
0.23523,-0.3222,0
2.83931,-0.52381,0
0.9468,-1.23002,0
1.85856,0.66266,0
2.07638,1.21518,0
0.68867,-0.5942,0
3.00882,-1.14504,0
2.21416,1.17574,0
3.29589,0.97999,0
-0.46738,1.24699,0
0.06432,-0.87473,0
2.33121,-1.02246,0
2.97263,1.10573,0
2.54116,0.99595,0
2.56221,-0.88151,0
2.94032,-1.21629,0
0.79867,-0.83264,0
1.56887,-1.11947,0
2.63248,-0.848,0
3.3162,1.10757,0
0.02026,-1.15691,0
3.34405,0.56188,0
0.68954,-0.46648,0
0.86576,-0.74899,0
2.96953,0.7162,0
0.33851,-1.04843,0
0.30867,0.80162,0
2.90931,1.22796,0
0.17726,-1.21989,0
1.65871,-0.98429,0
2.65696,0.42852,0
1.41973,0.64554,0
1.06376,1.09807,0
1.3698,-0.00518,0
-0.45422,-1.17598,0
2.75665,-0.60482,0
0.28834,0.10317,0
3.3685,0.88805,0
-0.03367,1.12768,0
1.06103,0.29706,0
0.84123,0.26841,0
1.54158,0.1125,0
0.66742,-0.26548,0
1.28294,-0.35585,0
2.65699,1.18142,0
0.76813,-1.23886,0
1.537,-1.04451,0
3.09051,-1.13125,0
1.45888,-0.80095,0
3.21643,-0.18459,0
0.11298,0.5267,0
0.37851,-0.28861,0
-0.32319,0.66295,0
3.32843,0.98781,0
0.71267,1.1571,0
-0.21595,-0.71056,0
0.98788,0.92882,0
1.48283,0.13021,0
3.23923,0.18618,0
0.99897,0.84206,0
1.49165,0.98338,0
2.17711,0.48725,0
3.17526,-0.99781,0
3.38347,1.14131,0
2.17939,0.55569,0
2.55893,-0.06899,0
0.00204,0.29876,0
2.24804,-0.61793,0
0.65913,-0.23291,0
3.34058,0.65662,0
-0.44144,0.27861,0
0.71567,-0.75374,0
2.03519,0.24193,0
-0.23416,0.90622,0
1.26296,0.58299,0
1.50918,-0.73743,0
0.77678,0.0705,0
-0.30061,-1.04875,0
1.98175,0.80738,0
2.40807,-0.44516,0
1.33735,0.88417,0
1.02929,-1.1693,0
0.6347,-0.85084,0
1.85374,0.30267,0
-0.29583,-0.51055,0
0.22899,-0.73229,0
2.94231,-1.23392,0
2.07793,-1.08854,0
1.92158,-0.11413,0
1.38728,-0.60327,0
-0.11704,0.67268,0
0.84766,1.13326,0
-0.44764,-0.84319,0
3.42438,0.34717,0
2.02621,0.42679,0
0.30376,-0.55327,0
2.83652,0.89029,0
2.53058,0.29593,0
1.4967,0.52637,0
3.4381,-1.02513,0
2.0828,-0.412,0
-0.31747,-0.5815,0
1.92932,-0.16586,0
2.31095,1.10943,0
0.89331,0.21852,0
2.49206,1.24071,0
3.11608,0.76845,0
1.97772,-0.52051,0
2.9958,0.36524,0
0.82551,-0.96649,0
0.36298,1.03385,0
-0.33469,-0.7604,0
1.36293,-1.1344,0
2.80971,-0.81822,0
3.18015,-0.27672,0
2.68366,-1.21055,0
1.80491,1.12729,0
2.67882,-0.8722,0
2.16918,1.09189,0
1.09183,-0.86963,0
0.06533,-0.72648,0
2.69458,-0.02277,0
3.21429,1.1423,0
1.86466,-0.49181,0
1.12239,-0.20575,0
-0.27965,-0.11747,0
0.9863,1.09168,0
0.20673,1.08935,0
2.50412,-0.09798,0
2.8752,-0.52604,0
-0.28994,0.62945,0
3.14013,0.53879,0
2.1668,-1.20214,0
1.57918,-0.09885,0
-0.26025,-1.18231,0
0.70281,-1.21405,0
1.61388,0.7378,0
1.84383,-0.93507,0
0.65282,-0.35998,0
1.03553,-0.00095,0
3.31619,-1.13261,0
0.91192,0.82797,0
1.26325,0.159,0
2.38599,-0.73821,0
3.39191,-0.37908,0
1.73966,0.4261,0
1.50788,0.12219,0
2.92557,-1.22842,0
3.26915,-0.19191,0
0.63758,0.41329,0
0.51571,-0.70275,0
0.83285,-0.0102,0
1.97207,0.98249,0
2.38849,-0.02743,0
0.93611,0.31608,0
0.36979,-0.1948,0
0.14933,-1.1352,0
2.285,-0.03195,0
1.45819,0.31063,0
-0.34131,-1.00937,0
-0.12701,-0.59176,0
3.2789,-0.917,0
2.78229,-0.78254,0
2.0064,0.72627,0
2.89543,0.40476,0
0.11654,-0.33744,0
0.55175,-0.49493,0
3.04366,0.12558,0
1.97673,0.21618,0
2.2968,-0.74236,0
2.32218,0.05261,0
-0.09511,1.01894,0
0.31779,0.33805,0
3.10207,-1.1799,0
3.02971,0.41244,0
1.64653,0.31864,0
1.79376,0.71702,0
0.45392,0.23205,0
2.85044,-0.56949,0
0.36236,1.01236,0
1.72061,-0.11561,0
1.63526,0.00254,0
1.6812,0.21247,0
3.35682,0.97641,0
1.08201,-0.12991,0
2.26281,-0.28872,0
3.35617,-1.03799,0
0.45459,0.21326,0
2.52048,0.35556,0
1.21698,0.64426,0
2.32061,-1.15168,0
-0.17322,0.59913,0
0.11508,0.43285,0
-0.14264,0.41571,0
0.68127,-0.88206,0
3.24102,-0.31164,0
0.89548,1.1363,0
2.46356,1.10204,0
0.43598,-0.29504,0
2.61534,1.02741,0
2.20246,-0.19822,0
2.55515,-0.98494,0
2.04963,0.73452,0
2.18934,-0.26486,0
2.74304,-0.39552,0
2.62609,0.29967,0
0.42323,-1.01469,0
2.99666,-0.84982,0
3.18893,0.58112,0
3.18124,1.06347,0
-0.13171,0.42175,0
-0.47537,1.04523,0
0.79318,1.00195,0
-0.22502,-0.37779,0
1.86133,-0.42553,0
1.02603,-0.04249,0
2.51308,0.85681,0
2.21038,0.27902,0
1.7184,-0.43709,0
2.82095,-0.06189,0
2.95733,0.31873,0
2.90724,-0.03733,0
2.88585,-0.51358,0
2.38305,-1.1301,0
0.66847,0.57817,0
1.11473,-0.2967,0
1.37655,0.93696,0
3.12307,0.86182,0
3.32542,0.98776,0
2.05656,-0.30468,0
3.48543,-0.10051,0
2.93321,-0.30165,0
1.58548,-0.01895,0
0.63099,0.87067,0
2.86477,-0.36588,0
1.8897,0.78036,0
0.0383,0.40572,0
-0.39671,-0.19259,0
2.38836,0.09699,0
2.57324,-0.9537,0
1.36498,0.9856,0
1.21728,-1.06794,0
0.92782,-1.11805,0
3.28642,-0.33544,0
2.44856,1.04473,0
1.50847,-0.94577,0
0.30474,0.35973,0
2.09747,-0.32938,0
-0.21621,-1.14015,0
2.00868,0.54367,0
1.0569,1.21971,0
1.69432,0.92434,0
1.71794,0.11945,0
0.54113,-1.00896,0
1.08595,-0.35245,0
0.37741,0.0921,0
2.20461,0.29009,0
1.59803,0.72936,0
2.07682,-0.56482,0
1.2212,-0.47703,0
1.92872,-1.08038,0
1.23155,-1.07054,0
-0.44557,0.7076,0
1.08926,-0.3629,0
1.97275,-1.07366,0
3.03097,0.12258,0
0.0192,-0.14679,0
2.88715,-0.45293,0
-0.31648,0.68929,0
0.98058,1.11465,0
2.68906,0.99137,0
1.8185,0.61348,0
2.82907,-1.13645,0
3.17186,0.81875,0
1.11062,-0.34993,0
1.19553,0.03391,0
1.45844,-0.51108,0
1.52427,-1.17056,0
3.30474,0.68864,0
0.91858,-0.57695,0
1.86952,1.22167,0
3.09725,-0.87212,0
0.45621,-0.51766,0
0.44594,-0.12999,0
2.08707,0.06632,0
1.50884,0.82583,0
1.75424,-0.7236,0
0.41444,-0.37146,0
1.99898,1.13545,0
3.03156,-0.09652,0
0.48193,-0.51754,0
0.87053,-0.84975,0
3.41531,0.8097,0
0.40351,-0.49383,0
2.65706,-0.00931,0
2.64092,0.32962,0
1.58442,-0.46313,0
1.12465,-0.3997,0
1.26945,0.41294,0
-0.05895,0.25239,0
0.23124,0.93013,0
1.53623,-0.75712,0
1.17527,-0.87958,0
2.69922,-0.09735,0
0.15813,-1.09929,0
2.5578,-0.23216,0
2.69218,-1.21088,0
3.07705,0.19472,0
2.99427,0.0803,0
2.89174,0.16035,0
0.21324,-1.00342,0
2.6678,-0.73696,0
1.47811,-0.42979,0
0.16301,-0.02823,0
0.92961,1.0614,0
0.32931,-0.4095,0
1.25985,0.61394,0
0.3942,0.55204,0
0.86684,0.48958,0
2.98329,-0.77775,0
0.09191,-0.61367,0
2.74012,0.03031,0
1.0519,-0.12184,0
0.80435,-0.14746,0
2.43293,0.32432,0
2.3539,0.77211,0
0.52656,0.52522,0
2.25908,-0.14471,0
1.03203,-0.2135,0
1.46805,-1.05314,0
2.71818,0.67697,0
1.63509,-0.53232,0
1.226,-0.32714,0
-0.16936,1.0694,0
2.31963,0.10845,0
3.37333,-0.03365,0
2.05609,1.17905,0
1.95812,0.93966,0
0.83467,-0.31903,0
2.57579,-0.3278,0
1.62423,-0.16832,0
0.8331,-1.07643,0
-0.24809,-1.08761,0
0.32851,0.02079,0
3.1646,-0.56006,0
2.95422,1.06984,0
3.09935,-0.02441,0
3.25565,-0.38996,0
2.1877,0.17193,0
2.09898,-0.11538,0
2.08652,-0.0286,0
2.22688,0.80766,0
2.80399,-1.01381,0
3.36695,-0.29399,0
1.92768,-0.15604,0
-0.35473,0.91487,0
1.9051,0.35814,0
3.08407,-0.21854,0
1.69715,-0.09203,0
1.35474,1.02987,0
2.28299,-0.66965,0
0.40154,-0.38529,0
2.89379,-0.78743,0
1.23114,-0.12392,0
2.94752,-0.50435,0
0.93248,-1.06462,0
0.71561,0.5207,0
1.25764,0.84845,0
0.19949,-1.20441,0
1.41294,-1.04195,0
1.20344,-0.48075,0
-0.02381,-1.22334,0
0.55544,-0.52501,0
1.87995,-1.11651,0
-0.30863,1.17008,0
3.03637,0.66447,0
3.40965,0.09712,0
2.77875,-0.78715,0
-0.03385,-0.72383,0
1.60433,-1.08277,0
0.44415,1.16004,0
2.75075,-0.85715,0
2.63644,0.71866,0
0.45548,-0.62683,0
1.21268,0.69551,0
-0.49714,0.12543,0
1.78197,1.03958,0
0.99475,0.27918,0
0.12903,0.93042,0
3.33693,-1.07534,0
-0.08337,0.03498,0
0.55081,-0.06343,0
1.11595,-0.91001,0
2.97797,-0.19475,0
3.47513,-0.95903,0
1.79833,0.98468,0
3.20079,-0.70867,0
0.74327,-0.95127,0
2.12993,-0.30574,0
0.44763,0.87364,0
1.81378,1.15531,0
1.84486,0.68856,0
0.10879,-1.14,0
0.66134,0.65226,0
0.09159,-0.66496,0
-0.46936,-1.14582,0
0.35509,0.68905,0
-0.17852,0.58728,0
0.85397,-1.20713,0
0.88602,0.81829,0
1.40249,-1.16024,0
0.92075,-0.07247,0
0.93723,-0.60221,0
-0.11739,-0.25243,0
3.20537,0.1853,0
1.57861,0.12373,0
-0.05606,-0.61589,0
1.72075,0.64288,0
3.19638,-1.12726,0
3.15646,-1.2,0
2.65298,-1.14479,0
2.58076,-0.25523,0
-0.42141,1.19122,0
0.95472,-0.72131,0
2.00165,0.53545,0
1.07634,-0.83338,0
3.35173,-0.36294,0
1.95413,-0.47698,0
0.52567,-0.87113,0
1.19168,0.37417,0
1.80016,-0.53824,0
2.23111,1.19126,0
3.11404,-0.46125,0
1.33431,0.97632,0
-0.3485,0.50816,0
0.55026,-0.44367,0
3.03663,-0.84491,0
2.72877,-0.53855,0
1.15414,0.77666,0
3.04611,-1.07403,0
0.83687,0.39996,0
2.80555,0.3079,0
-0.48762,0.65271,0
2.82014,-0.11828,0
0.93982,-0.19168,0
1.23312,-0.9245,0
-0.3915,-0.15606,0
1.46854,-0.78956,0
-0.0103,-1.169,0
2.72866,-1.02789,0
1.12739,1.05611,0
2.0079,0.39969,0
-0.47683,-0.44091,0
3.44275,0.39183,0
0.93238,-0.79614,0
-0.36701,-0.66308,0
1.65533,0.38552,0
-0.15274,0.43537,0
3.21713,-0.54227,0
-0.23593,-0.09614,0
-0.04046,1.19558,0
0.55216,-0.09847,0
0.18471,-0.23621,0
-0.26516,-0.433,0
3.32012,-0.04261,0
0.3422,-1.14232,0
2.51723,0.52405,0
2.9329,0.61497,0
1.19207,0.52683,0
0.72686,-0.53729,0
1.61203,-0.29654,0
0.80773,-0.82303,0
0.66314,-0.94375,0
1.25661,-0.94951,0
2.54404,0.06917,0
3.06032,-1.19659,0
1.01172,-0.19375,0
2.54228,1.00747,0
-0.2218,-0.79887,0
0.42087,1.03773,0
2.90628,0.04995,0
2.62907,-0.06142,0
1.63232,-0.30395,0
1.1297,-0.28213,0
0.70284,-0.84525,0
3.11842,0.82761,0
2.46117,1.1865,0
-0.03023,0.45981,0
3.42862,0.70325,0
-0.45608,0.9357,0
-0.17332,0.15129,0
2.78945,-0.52056,0
2.93218,-0.10691,0
1.0592,-0.66643,0
0.73752,-0.11567,0
1.57407,-0.71029,0
1.59432,-0.9402,0
2.25268,0.8248,0
0.48153,0.35591,0
3.3585,-0.33391,0
1.07708,-0.26852,0
3.42098,-1.04259,0
0.56169,-0.39503,0
0.96195,0.59657,0
2.21201,-0.38999,0
-0.46823,0.58806,0
2.03718,-0.27452,0
0.3026,0.3963,0
2.15491,-0.64537,0
0.89405,-0.30305,0
1.66177,-0.44399,0
2.72288,-1.13807,0
3.1272,-0.70283,0
2.48063,0.02527,0
1.24642,-0.38874,0
-0.39944,0.41612,0
1.48916,-0.41175,0
-0.19323,0.61969,0
3.23783,-0.0833,0
-0.16675,0.10297,0
3.14107,-0.5475,0
2.95621,-0.83885,0
2.67905,0.95986,0
2.57914,-0.46553,0
2.74725,0.92609,0
3.38867,-0.23881,0
0.99599,-1.00926,0
2.91081,0.18818,0
0.65986,1.09719,0
2.55629,0.13208,0
1.06404,0.9617,0
-0.40279,-0.44844,0
1.27202,1.24421,0
-0.11059,0.54271,0
2.35311,0.25403,0
3.44317,1.21248,0
0.46639,0.57209,0
0.32993,-0.32296,0
1.23281,1.1698,0
0.11065,1.24549,0
-0.11941,-1.20609,0
-0.34972,-0.8088,0
1.77221,-0.14418,0
0.23122,-0.35389,0
0.41969,-0.58258,0
3.05241,-0.77247,0
3.0212,0.93477,0
1.22052,0.22144,0
1.23254,1.09124,0
2.10634,-0.57643,0
0.26574,-0.05351,0
0.0473,0.5812,0
0.32077,1.02287,0
3.16548,-0.24481,0
0.88278,0.53797,0
2.65394,-0.98336,0
-0.06823,0.49057,0
0.25419,-1.16766,0
1.26364,0.49875,0
2.11042,-1.14356,0
0.90735,0.38579,0
0.46535,0.10446,0
0.57462,-0.80525,0
1.3962,1.07356,0
3.42822,-0.05049,0
2.52114,1.02796,0
0.01073,-0.14118,0
3.32008,0.38917,0
2.6993,-1.2037,0
0.77018,-0.5003,0
0.75665,-0.18363,0
2.33399,1.21035,0
2.19816,-1.04279,0
1.13135,-0.31235,0
0.90966,0.52804,0
1.95685,1.06841,0
0.49648,1.007,0
0.61835,0.97097,0
1.84474,0.0065,0
2.40569,0.67312,0
3.27953,0.71499,0
0.68327,0.7299,0
-0.09994,-0.8005,0
1.7912,0.86287,0
1.10228,-0.40687,0
1.08812,0.1906,0
-0.20612,0.9013,0
1.54322,0.57571,0
3.46444,0.90815,0
-0.07104,0.32775,0
3.33813,-0.78681,0
0.74027,0.9334,0
-0.46934,1.13528,0
-0.12156,0.56158,0
0.56314,-0.80074,0
-0.13279,-1.11374,0
1.71083,-0.83104,0
2.26826,-0.70685,0
0.36426,-0.898,0
0.72933,-0.10148,0
0.13541,-0.22023,0
0.56389,0.34518,0
2.83388,-0.57798,0
3.40153,0.76636,0
2.44791,-0.17406,0
3.31671,0.79939,0
1.89611,-0.2321,0
2.49499,0.00253,0
0.04242,-0.47567,0
2.10347,0.79501,0
3.36476,0.12761,0
1.8286,0.54721,0
-0.06903,0.98211,0
2.24531,-0.69074,0
1.9117,-1.12739,0
-0.35594,-0.22608,0
2.73679,0.56266,0
1.31943,0.4411,0
1.93471,0.14002,0
2.10946,0.94173,0
3.45377,-0.10445,0
0.48406,-0.6083,0
1.78765,-0.27716,0
0.86144,0.03808,0
2.63595,0.02371,0
0.49692,-0.77175,0
2.58341,0.67585,0
-0.34111,0.53224,0
2.03084,-0.65824,0
2.24307,-0.92499,0
2.87292,-0.57692,0
0.8936,-0.57452,0
3.13304,-0.61281,0
2.41252,0.48554,0
2.30696,0.55634,0
1.80168,-1.22263,0
0.37664,-0.85626,0
1.643,0.35451,0
3.23075,0.46302,0
0.92922,-1.04622,0
3.334,0.26109,0
0.73722,-0.56762,0
-0.43505,0.31231,0
-0.34992,1.17983,0
2.54272,-1.12639,0
3.29237,0.08005,0
3.32173,0.35202,0
0.41301,0.98162,0
3.2981,0.46979,0
2.82591,-0.30674,0
0.41301,1.22619,0
-0.30544,0.58601,0
3.39489,0.60221,0
2.55464,-0.73914,0
1.6872,-0.2788,0
3.2778,-1.20871,0
1.19144,1.07311,0
-0.01928,0.38381,0
1.67402,0.86063,0
1.95077,0.5157,0
1.31816,0.77139,0
1.05497,0.08876,0
2.2512,0.93561,0
-0.16048,0.03636,0
2.57997,-1.00337,0
1.21796,0.69273,0
3.45937,-0.24789,0
0.27435,0.88338,0
-0.46258,-1.07115,0
1.48861,0.20557,0
-0.37592,0.39056,0
1.81238,-0.65095,0
0.95009,-0.82394,0
1.30893,0.56866,0
0.09178,-0.78256,0
-0.07722,-0.3888,0
1.74592,0.18333,0
0.38871,0.81113,0
2.7243,-0.97778,0
0.04506,-0.95344,0
2.32324,-0.77492,0
1.38411,-0.13316,0
-0.08714,-0.28246,0
1.87196,-1.18822,0
0.69656,-0.55757,0
-0.30296,-1.04566,0
2.12761,0.475,0
2.53549,-1.03414,0
-0.45787,-0.61417,0
1.68457,0.56562,0
1.49531,1.18998,0
0.59918,-0.11759,0
-0.45356,-0.42217,0
2.76192,1.10945,0
0.11709,-0.13379,0
0.13183,-0.19591,0
-0.00446,-0.97609,0
-0.20609,0.00551,0
0.26422,0.62832,0
0.64542,1.08375,0
3.386,0.68215,0
0.1248,0.46075,0
2.7784,-0.22722,0
0.74164,1.09764,0
-0.36191,-0.70787,0
1.78172,1.16403,0
-0.08148,-0.18793,0
2.24503,-1.22675,0
0.6701,0.85894,0
-0.43819,1.00145,0
1.5854,0.26206,0
3.32999,0.14407,0
1.93128,1.17094,0
2.8961,-0.59057,0
1.32104,0.71077,0
1.61011,-0.4269,0
-0.32132,0.55399,0
1.95186,-0.36413,0
3.25194,1.12969,0
0.42596,0.33169,0
-0.38941,-0.06839,0
0.32405,-1.23001,0
1.41301,-0.45701,0
0.089,-0.32272,0
2.78225,0.29005,0
3.43877,0.09476,0
1.36244,1.06467,0
1.19239,0.09042,0
2.97077,0.74422,0
2.39779,-0.99366,0
1.95942,0.32615,0
3.40985,-0.70585,0
1.12242,0.59429,0
3.33744,0.04717,0
-0.37995,0.80848,0
1.79005,-0.15772,0
1.22677,0.73644,0
0.96437,-0.9891,0
2.86326,-0.69445,0
0.46878,1.05734,0
3.06628,0.29717,0
1.62761,-0.59503,0
2.56359,-0.5945,0
2.67692,-0.49326,0
1.22367,1.22867,0
2.39298,-0.86514,0
2.74942,-1.10908,0
3.41804,1.02656,0
1.3206,0.79078,0
2.51699,-0.84891,0
3.36729,0.19518,0
1.96193,-0.39985,0
3.48849,-0.12009,0
0.25491,-1.17845,0
1.07858,-0.68825,0
0.07721,0.77345,0
2.34301,0.31458,0
0.5922,-0.18495,0
0.57213,0.99225,0
0.36099,1.0568,0
2.90142,-0.0892,0
2.84186,-1.07295,0
0.25039,-0.31212,0
2.38856,-0.65515,0
1.50605,-1.12647,0
-0.18866,-0.86991,0
-0.341,-0.42779,0
0.21557,0.17682,0
0.34528,-0.94934,0
0.16277,-0.94998,0
0.66247,-0.63849,0
3.23388,-1.16407,0
2.24415,0.93681,0
3.24196,-0.98665,0
0.35829,-0.13131,0
1.36211,-0.97348,0
1.84497,0.42822,0
1.99567,-0.45385,0
3.35331,1.07297,0
0.13939,0.61276,0
3.45236,-0.19215,0
-0.07981,0.83241,0
2.03482,-0.01331,0
-0.10412,0.23594,0
1.8713,-0.79145,0
2.79185,0.59958,0
2.00068,0.60011,0
3.35651,1.02039,0
1.12492,0.58327,0
3.44748,-0.04508,0
3.48378,-0.82309,0
1.47278,0.01985,0
-0.42747,0.96752,0
-0.47256,-0.78733,0
3.0584,0.90825,0
0.6174,-0.98052,0
3.09337,0.12754,0
0.05476,0.28054,0
0.29122,-0.73217,0
-0.35157,-0.018,0
1.43352,-0.78762,0
3.32356,0.84822,0
0.27287,0.6919,0
0.83817,-1.19274,0
1.27916,0.77054,0
1.94754,-0.4485,0
3.4295,1.0985,0
3.25235,-0.14515,0
3.40937,-0.17295,0
0.35239,0.40081,0
1.35597,0.83426,0
2.74913,0.72697,0
3.24901,0.09494,0
0.93109,-1.04626,0
2.44224,-0.73396,0
3.17689,0.9903,0
3.09037,0.38043,0
0.54866,-1.11917,0
3.49944,-0.30289,0
3.05572,-0.19777,0
2.86283,0.06402,0
0.69966,1.12111,0
1.42197,0.67084,0
-0.1403,0.37772,0
2.50187,-0.81288,0
1.21338,-0.58656,0
1.93691,0.73458,0
2.39959,-0.71362,0
-0.21327,-0.97861,0
3.44707,-0.29589,0
2.31321,0.29135,0
1.8622,-0.5535,0
2.63678,-1.19677,0
3.10268,-0.21087,0
3.06646,-0.89254,0
3.41921,0.07677,0
0.1455,-1.12661,0
3.48312,-1.17076,0
1.34657,0.93835,0
2.79545,1.09345,0
0.01908,0.7107,0
3.22868,1.04596,0
0.32352,-0.71053,0
1.05778,-1.0471,0
2.17534,-0.64913,0
1.4557,0.0472,0
3.06309,-0.19637,0
0.28163,0.70754,0
2.84389,-0.13802,0
0.379,-0.26185,0
2.99434,0.35285,0
2.54398,-1.07535,0
1.91813,1.215,0
0.56602,-0.1691,0
0.3324,1.12368,0
-0.44547,-0.82752,0
1.34447,-0.74364,0
-0.36185,-1.20186,0
3.04821,0.27611,0
-0.26154,0.38409,0
1.94477,-1.04971,0
2.4444,0.91692,0
1.75748,-0.90928,0
1.84203,-0.4627,0
0.57198,0.97634,0
1.45511,-0.82832,0
2.90548,-0.39482,0
2.5449,-0.39418,0
0.55789,-0.20392,0
-0.27183,1.02073,0
-0.2545,-1.16258,0
1.62582,-0.22233,0
3.01591,0.38455,0
-0.04828,0.19031,0
0.8933,1.08859,0
0.54358,-0.16522,0
-0.03795,0.49721,0
-0.14176,-1.18799,0
3.42934,-0.27478,0
2.27098,-1.16789,0
3.02679,0.04481,0
1.63161,0.75821,0
0.95155,-1.02555,0
1.26679,0.55472,0
2.12546,-0.63969,0
2.09315,-0.16491,0
2.85673,0.4919,0
1.12217,0.20649,0
1.4791,0.62267,0
0.47439,1.1843,0
2.99098,-0.66115,0
2.6702,0.02785,0
2.64262,-0.02332,0
2.97071,-0.21924,0
0.18385,0.74218,0
-0.08433,0.74291,0
0.18979,0.26067,0
2.18809,-0.87023,0
3.41258,0.44746,0
1.10266,0.67932,0
-0.02912,1.10796,0
2.77436,-0.63042,0
0.37964,0.54738,0
-0.24967,-0.60406,0
3.02257,0.02767,0
0.86767,0.58317,0
0.22267,-0.71802,0
3.38071,1.05219,0
-0.44304,0.95365,0
2.04706,-0.27262,0
-0.47617,-0.63807,0
0.53915,-0.27847,0
2.10573,0.52781,0
0.1897,-0.1593,0
1.88504,-0.56993,0
0.48757,0.49069,0
3.40651,0.28882,0
0.54884,0.53933,0
3.24953,-0.82439,0
3.37085,-0.80542,0
1.15687,-0.54348,0
2.06531,-0.17555,0
0.89186,0.05219,0
1.51856,0.8535,0
0.71799,-1.00701,0
2.51716,-0.78967,0
1.76425,0.9575,0
0.9827,0.64948,0
2.63752,-0.25776,0
0.38156,-0.78444,0
0.52397,-1.00128,0
-0.35183,-1.11048,0
1.94502,1.15223,0
1.84907,0.31093,0
2.42401,0.94351,0
1.3429,0.78215,0
3.30236,0.00696,0
0.57458,0.8485,0
1.39323,1.20909,0
1.25267,-0.92382,0
0.12738,-0.36489,0
0.74889,-1.13599,0
3.36969,-0.44269,0
0.30501,0.87624,0
-0.48498,-1.23467,0
2.48675,-0.50644,0
1.36542,-0.12126,0
0.98214,-0.26618,0
2.71136,-1.21562,0
0.58859,0.48539,0
1.06171,0.91583,0
0.3745,-0.17679,0
0.59379,-0.31561,0
2.39012,0.0919,0
3.39534,-0.47923,0
-0.4343,-0.5653,0
-0.45582,-0.74423,0
1.23695,-0.91966,0
0.17186,-0.96999,0
2.95906,-0.70839,0
2.83511,0.90979,0
1.45319,0.89409,0
0.97582,-0.45774,0
1.08529,-0.10817,0
1.88144,-0.36765,0
3.39274,-1.00349,0
-0.35158,-0.29562,0
2.06056,0.98176,0
2.81896,0.01468,0
0.14283,0.18829,0
0.08727,0.76538,0
3.18387,-1.09928,0
1.63329,0.62769,0
2.69113,0.6506,0
3.41791,0.10656,0
0.60386,0.46948,0
-0.34566,-0.80641,0
2.68083,0.10744,0
1.07558,0.32802,0
2.56877,-1.12808,0
0.42509,1.15814,0
0.10897,-0.81507,0
1.79209,-0.12035,0
0.65541,0.84959,0
2.43737,-0.50932,0
-0.39143,-0.23645,0
3.17596,0.1918,0
2.16684,0.87902,0
2.27053,-0.14822,0
1.3527,-0.36761,0
0.14397,-0.34483,0
2.33762,0.69656,0
0.73759,-0.52523,0
2.74648,-0.8126,0
2.06147,-0.86672,0
2.43349,0.06521,0
0.48718,0.14739,0
2.81184,-0.19716,0
1.13673,-0.49568,0
2.56012,0.98078,0
0.9662,-1.04158,0
2.09495,-0.02258,0
-0.45427,0.11352,0
2.37652,-0.51685,0
2.51844,0.89067,0
2.94001,0.13514,0
2.45385,-0.38031,0
-0.44039,-0.65246,0
0.28707,1.04801,0
-0.35982,-1.09145,0
2.55171,0.81502,0
2.11286,-1.02756,0
-0.01533,-0.44168,0
-0.11123,-1.22366,0
0.66923,-0.58909,0
0.96559,-0.6454,0
-0.34912,-1.15046,0
2.04564,-0.60005,0
3.30328,0.77206,0
2.46949,0.95094,0
0.52882,0.90091,0
1.66296,1.2339,0
2.10898,1.09747,0
-0.09703,0.16263,0
2.86356,-0.6044,0
2.29737,0.02084,0
2.84756,0.12568,0
-0.00259,-0.44451,0
0.85898,0.3003,0
0.68544,0.40659,0
2.584,-0.70004,0
2.55597,0.99477,0
3.35291,-0.16234,0
0.81207,-0.81288,0
0.43573,-0.54982,0
1.81584,-0.00771,0
3.37268,-0.77023,0
1.85253,0.45533,0
-0.43153,-0.61852,0
2.58567,-0.39824,0
0.25712,-0.3405,0
0.30407,1.12586,0
0.85316,-0.54979,0
1.9066,-0.19169,0
2.87501,-0.21734,0
0.14921,-0.04452,0
2.51585,0.64347,0
0.12222,-0.14244,0
0.20705,-0.00374,0
-0.01566,-0.0009,0
-0.29276,0.36784,0
2.45392,1.20418,0
0.46652,-1.24525,0
1.87844,0.15427,0
0.30456,-0.12633,0
-0.03114,0.26386,0
-0.35679,1.10491,0
0.09368,-0.00334,0
0.58005,-0.10733,0
1.8657,0.71522,0
2.2861,-0.20842,0
2.59199,-0.10752,0
1.15885,-0.11728,0
0.34289,0.74145,0
2.90653,0.24479,0
2.15913,0.64104,0
-0.16371,0.36859,0
-0.35379,0.43012,0
3.18964,-1.0536,0
2.64276,-0.48789,0
-0.31858,-0.91025,0
1.40875,-0.42954,0
2.48387,0.73799,0
1.26188,1.01843,0
1.16728,-0.92222,0
-0.16604,0.51142,0
2.09022,-0.68326,0
3.49998,-1.04945,0
0.91633,0.7514,0
2.87343,0.3738,0
0.2604,1.2416,0
-0.20608,-1.23264,0
1.46002,-0.27078,0
1.47516,-1.01138,0
-0.24338,0.8467,0
1.15371,-0.66316,0
1.66155,-0.55452,0
1.555,-0.3018,0
0.58128,0.65044,0
-0.39499,1.08641,0
1.39357,0.1714,0
0.91958,-1.01164,0
1.1797,-0.27354,0
0.29702,-0.21145,0
2.47002,-1.04596,0
3.0773,0.17985,0
2.0201,0.44119,0
3.46328,-0.31993,0
1.62655,0.76771,0
3.34676,-0.74522,0
2.72139,0.32603,0
2.14459,-1.02343,0
2.07342,-0.10126,0
1.99088,-0.3039,0
0.44021,1.18625,0
3.49999,1.07966,0
1.8074,0.3745,0
3.19417,-0.35,0
3.26206,0.99748,0
-0.15919,0.52689,0
-0.17235,-1.11147,0
2.03181,0.31885,0
1.70507,0.8978,0
3.40916,-0.72255,0
2.78551,1.1571,0
0.25951,-0.61243,0
-0.36786,0.53069,0
1.66308,-0.57023,0
1.27962,-0.42792,0
2.68362,-0.26568,0
1.9885,0.90433,0
0.55002,-0.55315,0
0.9819,-0.9251,0
-0.0152,-0.24809,0
-0.46358,0.97341,0
2.78709,-1.02992,0
2.09344,1.02073,0
2.07682,1.22327,0
0.16497,-0.45731,0
3.20603,-0.02144,0
2.8649,0.85429,0
2.52746,0.97369,0
1.74242,-0.25326,0
-0.10267,-0.71879,0
-0.00433,0.05485,0
3.15792,-1.23396,0
0.97303,0.59285,0
3.14756,-1.12785,0
-0.14528,-0.81994,0
-0.38104,0.11016,0
1.30256,-1.02847,0
2.46027,1.05919,0
2.68881,-0.11877,0
0.94268,-0.19992,0
0.73123,0.52201,0
1.18054,-0.85996,0
0.25961,0.38419,0
0.96007,-0.32314,0
3.08939,1.08891,0
2.65997,-0.02173,0
1.07821,1.20833,0
1.47816,-0.94634,0
0.90529,-1.13965,0
-0.43741,-0.57629,0
0.32381,1.01346,0
3.40941,0.97411,0
1.05788,-0.05453,0
0.92235,-1.21574,0
1.35654,0.18243,0
1.36143,0.37481,0
2.66421,-0.22458,0
1.03558,-0.59038,0
-0.49455,-1.24049,0
0.59426,0.59556,0
0.52578,-1.22458,0
0.3397,0.78799,0
-0.45395,-0.9328,0
1.17409,-1.06327,0
1.65936,-0.53992,0
1.10031,1.02843,0
1.66961,0.80411,0
1.48293,-0.49739,0
-0.29716,-1.16989,0
1.69998,-0.2224,0
0.40792,-1.10512,0
2.56804,0.19611,0
1.68529,-0.18891,0
-0.18117,-0.07615,0
0.72969,-0.17781,0
-0.14024,-0.09043,0
1.66186,1.15268,0
0.49635,-0.69795,0
1.76863,-0.42043,0
2.74312,-0.39968,0
1.6515,-1.21496,0
0.48661,-0.04563,0
2.31505,-0.32535,0
1.35207,0.11804,0
0.06675,0.85667,0
2.12417,0.4555,0
3.20605,-0.50205,0
3.11777,-0.9015,0
1.21458,0.94969,0
2.88124,0.57201,0
-0.47742,-0.18762,0
0.25982,1.04027,0
1.89207,-0.97316,0
2.56635,0.32818,0
0.18141,-0.41772,0
1.04424,-0.43327,0
2.88443,0.28191,0
2.23624,0.9347,0
2.45612,0.7278,0
2.97729,-0.71443,0
0.98235,-0.61952,0
0.26319,0.25953,0
3.42875,-0.55556,0
0.06433,0.01804,0
1.42519,-0.11717,0
2.17137,-0.9547,0
-0.03592,-0.52633,0
2.33517,0.36532,0
2.06701,-0.32222,0
0.37348,0.32914,0
1.72875,-0.0588,0
2.52688,0.06773,0
0.97202,-0.89016,0
0.59538,-0.34571,0
-0.13082,0.72323,0
2.68468,0.78351,0
3.04608,-1.13981,0
0.92846,-0.44029,0
0.4085,0.93712,0
0.9181,-1.11324,0
1.98774,-0.90527,0
1.4204,-0.03298,0
-0.2557,0.25282,0
0.60716,1.13441,0
2.58945,0.39671,0
1.75524,-0.23391,0
3.06595,-0.08592,0
1.02102,0.15775,0
0.73335,0.23294,0
2.77347,0.35083,0
1.62889,-0.29614,0
2.10048,-0.14714,0
2.56314,0.7945,0
1.10253,-1.14488,0
-0.46494,-1.13809,0
0.1754,0.64358,0
-0.49517,-0.82243,0
0.98065,0.64145,0
1.20347,0.78231,0
1.05596,-0.34186,0
0.23232,0.49465,0
1.46188,-0.73608,0
1.30773,-0.09076,0
1.38617,0.58721,0
1.87167,-0.31279,0
1.08907,-0.32753,0
1.99004,-0.4742,0
1.13543,-0.88577,0
0.18311,-1.17907,0
-0.3274,-0.47744,0
2.42612,-1.20989,0
1.01016,-0.3272,0
1.26094,0.05462,0
2.95815,-0.9257,0
0.34661,-0.86505,0
2.94539,0.04986,0
-0.03124,1.18531,0
1.35937,0.38092,0
1.761,1.10606,0
0.37366,-0.8744,0
1.90832,-1.06832,0
0.02961,0.80963,0
1.99555,-0.17663,0
0.03557,-1.14469,0
0.10239,-0.14246,0
2.0747,0.60782,0
-0.14427,0.52453,0
2.81438,-0.73251,0
1.54162,-0.03382,0
1.32901,0.88208,0
2.39259,-0.26516,0
0.95079,0.41413,0
2.73908,1.05332,0
-0.44274,-0.60353,0
3.34224,0.30787,0
3.13243,-1.09317,0
-0.30251,0.33182,0
2.06926,1.0704,0
3.16651,-0.92777,0
0.16081,0.38243,0
0.22558,-0.82217,0
2.97162,-0.95697,0
-0.48791,-0.33804,0
2.72938,0.32235,0
1.91521,0.70962,0
-0.16112,0.66153,0
0.86467,1.12881,0
2.66444,-0.08304,0
1.56192,-0.30217,0
0.89536,-1.14444,0
0.7025,-0.74645,0
0.06433,-0.56789,0
-0.48088,0.70762,0
-0.36229,1.2455,0
1.65036,-0.6897,0
1.20814,-0.84883,0
0.40536,-0.1681,0
2.07609,1.11533,0
2.97665,-1.13981,0
-0.00527,1.24862,0
2.68513,-0.83496,0
2.83769,0.93923,0
1.54339,1.07476,0
1.98314,-1.15768,0
0.22666,-0.27256,0
2.10164,1.17716,0
0.6402,1.17975,0
0.68462,1.04276,0
-0.17243,0.91836,0
1.66005,-0.03717,0
2.53353,-0.99412,0
0.43952,-0.29639,0
1.22949,0.40555,0
0.82618,-1.22899,0
2.85819,-0.97099,0
1.45381,-0.62322,0
2.86321,0.17929,0
1.63796,0.89802,0
0.67087,0.36397,0
0.94848,-0.06317,0
2.02565,-1.02582,0
1.37968,0.85431,0
-0.24502,0.5314,0
0.03164,0.84231,0
1.45161,-0.22588,0
0.94375,0.33048,0
1.68443,-0.26383,0
0.79062,-1.03101,0
-0.02508,0.04135,0
3.04911,-0.11479,0
1.44946,-0.91191,0
-0.42589,0.86226,0
3.35633,0.44037,0
3.48157,0.9262,0
3.12561,0.84063,0
2.29381,-0.7954,0
-0.43678,-0.47091,0
3.29943,0.85813,0
1.1501,-0.42448,0
2.10721,0.37131,0
1.87277,0.20568,0
3.49616,-0.84446,0
2.82646,-0.6809,0
2.75064,-0.31803,0
0.90693,0.32649,0
0.80199,-1.19083,0
-0.26743,0.97587,0
2.64422,0.2492,0
1.85924,-1.0214,0
1.81692,-1.13574,0
-0.46988,-0.3526,0
3.22426,0.98796,0
2.48945,0.87238,0
1.54273,0.79433,0
0.16037,0.5604,0
0.20398,0.08995,0
2.65896,-0.99488,0
1.97164,-0.34502,0
0.07252,0.59411,0
0.1253,0.32276,0
0.90348,-0.22789,0
1.4484,0.51451,0
3.45962,0.96142,0
-0.3001,1.08277,0
0.26143,-0.37183,0
0.19592,0.74515,0
-0.22164,-0.02932,0
2.39491,0.72164,0
0.95283,-1.20928,0
2.54104,0.26079,0
1.94005,-0.29201,0
1.24257,0.93859,0
1.88601,0.62538,0
3.35787,-0.48147,0
2.78454,-0.15976,0
0.09379,0.50552,0
0.37154,-0.85675,0
2.9537,0.63119,0
0.55022,-0.98378,0
2.77328,0.4593,0
3.06612,0.85217,0
3.37201,0.40972,0
-0.36227,-0.73005,0
0.16856,0.3111,0
2.42203,-1.24809,0
0.51088,1.21871,0
0.71417,-0.83365,0
0.48205,-0.74532,0
2.16778,0.06822,0
2.67565,-1.10926,0
3.39561,1.08294,0
2.41619,0.72041,0
3.44837,-0.75787,0
3.11061,0.55243,0
1.82676,-0.86961,0
3.28954,0.2679,0
-0.01676,0.50468,0
0.58153,0.9274,0
3.15652,0.65971,0
-0.13668,0.90608,0
-0.07214,0.27963,0
2.13456,0.13968,0
3.28715,-0.79211,0
1.2908,1.04919,0
2.27555,1.18369,0
2.44727,-0.58426,0
1.82374,0.67223,0
3.27845,-0.70381,0
2.17311,0.01736,0
1.16226,-0.36005,0
2.94711,-1.24027,0
2.01021,-0.05718,0
3.15499,0.46287,0
1.99812,0.99827,0
3.15657,0.64444,0
1.47129,0.87978,0
3.4776,-0.85761,0
3.08588,-0.77279,0
-0.04014,0.19324,0
3.48299,-0.31857,0
-0.48379,-0.48709,0
2.03829,0.22906,0
1.26372,0.22395,0
3.08397,1.09937,0
0.38295,-1.13644,0
-0.12865,0.8176,0
2.62765,-0.22121,0
1.98899,-0.01434,0
1.55165,0.75428,0
2.77659,-1.10073,0
1.72596,0.14328,0
2.10778,0.2111,0
0.50518,1.24301,0
3.00763,0.61918,0
1.75128,-0.60635,0
1.8845,0.3522,0
3.04169,0.77386,0
2.5053,0.74958,0
2.15478,-1.01438,0
1.94693,-0.50819,0
0.55009,-0.47994,0
1.69817,0.50958,0
2.92088,-1.16696,0
-0.19751,-0.5142,0
1.8767,-1.06522,0
2.29098,-1.05908,0
2.57555,-0.44168,0
1.75393,-0.71221,0
0.67189,-0.49022,0
0.51406,1.05505,0
0.40907,0.72396,0
3.39573,-0.87319,0
2.08384,1.09564,0
0.36137,-0.56624,0
2.17026,1.08885,0
0.79331,1.22663,0
0.12888,0.6406,0
1.03766,0.69759,0
1.66307,-0.82385,0
-0.11467,-0.09865,0
-0.14392,0.76933,0
2.35174,-0.30018,0
2.79654,0.64051,0
0.57961,0.081,0
0.82852,0.72477,0
2.73964,-0.56442,0
2.64805,0.66019,0
-0.26764,1.15921,0
0.9526,-1.02178,0
0.70722,0.09311,0
2.58971,0.66045,0
1.06659,0.50917,0
0.92792,-0.59811,0
1.28145,-0.45539,0
1.96888,0.31219,0
2.86199,-0.48822,0
1.09088,0.79304,0
2.74318,1.05514,0
2.04191,0.93887,0
2.20549,-0.19628,0
2.7493,-0.42979,0
0.09107,0.40287,0
3.45123,0.79795,0
3.34399,-1.09429,0
0.61805,0.16958,0
0.39137,-0.7363,0
1.08745,0.00796,0
-0.43312,-0.19768,0
1.84517,-0.66955,0
1.6027,0.38999,0
1.28102,-0.48031,0
1.58894,-0.12065,0
0.96271,0.09857,0
-0.19187,-0.7209,0
2.88912,-0.96408,0
3.39638,0.41789,0
-0.21545,-0.82821,0
3.2924,0.0078,0
0.2964,-0.9749,0
1.40989,-0.60991,0
1.54695,0.53416,0
-0.22729,-0.65269,0
2.2989,1.0116,0
0.9954,-1.24549,0
-0.41227,-0.59872,0
1.964,-0.87556,0
0.65836,-0.92333,0
-0.29694,0.66917,0
1.9137,-0.0912,0
0.21789,-1.16165,0
-0.36779,-0.18568,0
1.56244,-0.60114,0
0.59772,1.02629,0
1.08238,-0.34242,0
1.66307,1.07158,0
0.08648,-0.27329,0
2.62002,1.16197,0
-0.01671,0.96213,0
1.25171,0.36542,0
-0.22837,-0.07455,0
1.37435,0.65258,0
1.40041,0.31952,0
2.94072,0.49433,0
2.35433,0.02345,0
2.43641,-0.57481,0
0.00763,-0.04984,0
-0.18791,0.77758,0
3.49777,-0.49013,0
2.0086,0.32959,0
3.33512,-0.3144,0
1.26472,-0.06448,0
2.06488,0.09061,0
3.3493,0.3664,0
0.67554,-0.60703,0
1.21716,0.68143,0
1.55211,-0.10129,0
0.82417,-0.77588,0
0.52035,0.23038,0
2.34658,1.23457,0
0.69753,1.10864,0
2.24948,-0.68908,0
-0.33891,-0.70656,0
0.5151,0.24683,0
2.43391,-0.94762,0
1.27719,-0.06712,0
1.5935,-0.58285,0
2.12486,-0.1734,0
1.75243,-0.42586,0
1.45385,-0.40108,0
2.25225,-1.24363,0
2.56675,0.71096,0
0.64185,1.00363,0
0.90086,-0.89557,0
-0.1443,1.17709,0
2.61289,0.95684,0
3.4082,0.63817,0
3.33029,-0.2085,0
-0.2939,0.71557,0
1.837,1.15868,0
-0.1393,0.90962,0
1.18445,-0.19761,0
-0.29056,0.79695,0
1.13711,-0.60824,0
3.35785,-0.15364,0
1.97018,0.7913,0
2.73984,0.67707,0
3.05849,-0.63195,0
-0.26811,0.82542,0
1.73926,0.22036,0
1.4565,-0.43948,0
1.24601,0.29972,0
0.89873,0.20999,0
1.74783,-1.03358,0
2.60811,1.19378,0
-0.26999,-0.24981,0
1.75524,0.55585,0
2.74846,0.57171,0
0.10285,-0.69952,0
2.94451,0.50095,0
3.41581,-0.30722,0
0.89166,-0.85248,0
0.70014,-1.02057,0
2.19273,1.06709,0
2.86715,-0.70616,0
1.06954,-1.02479,0
2.69232,1.0173,0
1.71662,-0.88395,0
0.75394,0.3065,0
3.07349,0.47487,0
0.49783,-0.27133,0
0.54333,0.71775,0
0.03648,0.03286,0
-0.13206,-1.16432,0
2.33564,-0.37974,0
-0.46093,-0.84579,0
1.85514,-0.86914,0
2.0609,1.24813,0
0.65794,-0.39708,0
-0.04954,-0.07358,0
-0.19138,-0.38413,0
2.97887,0.00558,0
0.62116,-0.67615,0
1.69092,-1.17595,0
0.65112,0.49614,0
-0.12825,-0.1418,0
3.38377,-0.4153,0
1.06502,0.5169,0
2.90878,0.00678,0
2.09478,-0.86043,0
3.38492,0.74154,0
-0.25354,0.53179,0
2.45978,-0.04752,0
0.06045,-0.73743,0
0.52863,0.91487,0
0.50188,-0.35235,0
1.10212,-0.81764,0
1.49536,-0.32648,0
1.1156,0.09639,0
2.43227,-1.11907,0
1.86044,1.19708,0
3.38427,-0.76975,0
0.89928,-0.09424,0
1.01635,0.19666,0
2.02247,-0.72842,0
2.53425,0.03027,0
0.14268,0.29327,0
0.18506,0.55247,0
-0.175,-0.08013,0
0.5941,-1.16507,0
2.42751,0.99033,0
1.483,0.23559,0
2.10777,1.20579,0
1.94194,0.04894,0
2.31009,-1.22905,0
0.04916,1.15968,0
0.93082,0.91451,0
0.86977,0.54201,0
-0.09364,0.51259,0
1.90578,-1.12788,0
1.07402,0.37635,0
2.25636,1.07104,0
3.38622,0.51519,0
2.98356,0.4886,0
0.47997,0.31646,0
1.05762,0.87576,0
1.30994,-0.00467,0
0.16675,-0.54162,0
0.10778,-1.01392,0
1.60762,0.23323,0
2.407,0.17968,0
2.21924,-0.41105,0
1.16605,-0.1323,0
1.32943,1.04443,0
2.62336,-0.5181,0
-0.04526,-0.52403,0
0.7379,-0.6269,0
2.79559,-0.03414,0
0.78904,-0.37157,0
0.49908,-1.11018,0
1.97025,0.59933,0
0.0202,-0.2085,0
2.46355,-1.09079,0
2.55361,0.71817,0
0.45839,-1.03724,0
1.65614,-0.85191,0
2.60639,0.80054,0
0.56986,-0.11786,0
0.61709,-0.53063,0
1.28082,-1.05984,0
3.31183,-0.03779,0
0.56676,-0.7659,0
2.46115,0.43756,0
3.27689,0.75408,0
3.14845,-0.2814,0
2.73124,-0.97719,0
0.33519,0.31012,0
1.39737,0.07467,0
2.41165,1.04896,0
0.12707,0.54061,0
3.05115,-1.00993,0
0.60615,-0.09781,0
2.23519,0.76155,0
1.01367,0.7214,0
2.32453,-0.82205,0
-0.3635,-0.42417,0
2.89871,-0.56549,0
3.36873,-0.00566,0
1.80388,0.46065,0
0.64212,-0.08354,0
1.75923,0.44534,0
3.24658,0.70063,0
1.48812,0.51798,0
3.35096,1.08662,0
0.14311,-0.36844,0
2.1137,0.77969,0
1.87474,-0.54662,0
2.93021,0.61849,0
2.03177,-0.1489,0
1.19739,0.4694,0
0.87636,0.99751,0
1.31297,-0.38371,0
1.56881,-0.85709,0
1.27809,-0.93676,0
-0.31719,-0.53682,0
-0.10362,0.90541,0
0.9627,1.03111,0
-0.44768,0.68619,0
2.20217,-0.64323,0
-0.36241,0.41271,0
0.93407,0.69739,0
0.68845,0.89713,0
2.66401,-0.89296,0
0.36962,0.82408,0
0.62722,-1.23878,0
0.05236,-0.34881,0
3.24877,-1.22789,0
2.51759,1.00989,0
2.69293,-0.4339,0
2.14908,-0.77505,0
2.15427,-0.36919,0
3.19104,-1.16857,0
-0.06618,0.17408,0
0.79743,-0.7388,0
1.31241,-0.75598,0
1.16412,-1.13578,0
1.06554,1.1859,0
0.07613,-0.64061,0
0.48222,0.83564,0
2.67446,-0.93706,0
1.6691,1.02508,0
1.72658,-0.24209,0
3.44995,-0.4796,0
1.18746,0.99952,0
-0.02143,1.2111,0
3.29918,-0.78481,0
1.51973,-0.09475,0
3.32477,0.00596,0
0.81619,0.08554,0
1.39861,-0.61087,0
1.45212,-0.29283,0
2.81358,-0.43289,0
1.06535,0.618,0
2.36007,-0.40846,0
2.75002,-0.53154,0
1.74474,-1.24516,0
-0.30949,0.55747,0
1.24213,-0.09774,0
3.19386,0.46042,0
0.42904,0.89552,0
-0.02802,-0.81264,0
2.80222,-0.79855,0
2.72072,0.3837,0
0.8309,0.27489,0
3.20094,-0.91826,0
2.61898,-0.20557,0
1.9442,1.20695,0
-0.21299,-0.44091,0
1.99104,-0.19627,0
2.60583,0.53442,0
2.50921,1.01805,0
1.78642,0.61709,0
1.17113,-0.87309,0
-0.33314,0.47269,0
2.85989,-0.28658,0
2.73376,-0.52491,0
2.30219,0.54337,0
2.86166,0.55699,0
3.22036,-0.60494,0
0.06659,0.16363,0
-0.07153,-0.1509,0
0.98016,-0.71425,0
2.1698,1.00911,0
2.61358,-0.29743,0
-0.33335,1.09388,0
3.17147,0.86068,0
0.69486,1.1823,0
0.58511,-0.64563,0
-0.28501,0.00883,0
2.95862,-0.65841,0
3.40229,0.06715,0
2.30805,-0.36826,0
0.9804,1.08507,0
2.96552,-0.99773,0
1.78356,-0.72883,0
0.96404,1.03914,0
0.3988,-0.84496,0
3.21395,-1.22764,0
-0.46155,-0.35417,0
2.01994,0.26856,0
3.45705,0.91199,0
1.48628,-1.22215,0
3.18656,-0.0849,0
2.12946,-0.79693,0
-0.49327,-0.41699,0
2.20248,-0.34133,0
2.14912,0.24575,0
1.2529,1.17246,0
2.14686,-1.09405,0
2.09424,0.76029,0
2.01401,-1.21474,0
2.28714,-0.52079,0
2.35759,0.44084,0
-0.01102,0.84427,0
2.28065,-1.15638,0
0.55254,0.19697,0
1.85605,0.99296,0
1.56057,0.9192,0
2.18374,0.26066,0
0.78168,0.68189,0
3.4865,-0.04569,0
-0.33065,-0.19626,0
3.17673,-0.7283,0
0.62775,-0.98799,0
2.84813,-0.07594,0
-0.45996,1.23725,0
1.37645,-0.98639,0
2.91524,1.06155,0
-0.46106,-0.04322,0
0.08542,1.13516,0
1.23633,0.92017,0
0.08711,0.0612,0
0.08494,0.5496,0
3.28034,-0.93243,0
0.75295,-0.74041,0
0.26875,-1.05897,0
1.23115,-0.16444,0
0.50761,0.65428,0
0.99259,-0.40772,0
1.65422,-0.64596,0
0.26241,-1.11812,0
0.31921,0.35108,0
-0.34456,0.82845,0
1.23968,1.12901,0
0.63959,1.03988,0
0.0476,-0.52522,0
1.28115,0.76263,0
2.00972,0.58107,0
1.09101,-0.355,0
-0.4996,0.00636,0
1.81878,1.21632,0
1.70963,0.66248,0
0.69501,0.18392,0
1.88196,0.91473,0
1.59319,-0.08313,0
2.67022,0.91029,0
-0.45379,0.49569,0
0.79175,0.50158,0
1.20536,-0.78489,0
2.28594,0.21035,0
1.91949,-0.40027,0
3.27141,0.17789,0
2.15496,1.23378,0
1.0962,-0.48408,0
-0.30226,-1.10837,0
2.8284,-0.54953,0
0.05762,0.95076,0
2.51423,-0.441,0
0.97383,-0.41744,0
1.07619,0.26671,0
1.03681,0.78313,0
3.30398,1.19325,0
-0.30924,0.12376,0
1.22396,1.03683,0
2.09109,-0.31611,0
1.05858,0.71026,0
-0.24131,-0.47948,0
3.28919,-0.67608,0
0.84523,-0.26606,0
0.43368,-1.06618,0
3.09194,-0.57408,0
2.65659,0.99208,0
1.70566,-1.01857,0
-0.07367,0.87243,0
2.23763,0.47868,0
2.6034,-1.035,0
1.12461,0.36431,0
3.14766,-0.98302,0
1.96217,1.24505,0
-0.12299,1.11836,0
1.23819,0.68768,0
1.91475,-0.65624,0
1.31066,0.37994,0
3.4483,0.55584,0
1.05088,1.11296,0
0.02956,0.36898,0
2.73791,-0.28203,0
1.95883,-0.7513,0
0.00751,-0.13769,0
0.90944,-0.39918,0
1.99672,-0.77923,0
3.06054,0.43382,0
1.92669,1.04265,0
3.25205,-0.9335,0
0.7016,-0.27035,0
0.84405,0.05416,0
1.94433,0.80131,0
3.36438,-0.66486,0
2.25282,0.82014,0
-0.04023,0.4658,0
0.82206,0.22695,0
0.32276,-1.08426,0
1.42367,-0.05719,0
0.88956,-0.50306,0
2.71581,0.36771,0
-0.18434,-0.61116,0
1.98787,-0.77865,0
0.11778,0.66996,0
2.20175,0.8909,0
0.93835,-1.19953,0
2.55197,0.51425,0
1.39776,1.09127,0
2.44783,-1.02925,0
0.88898,-0.81039,0
1.03499,-1.05487,0
-0.38792,1.15881,0
-0.25316,-0.72109,0
0.24499,-0.5732,0
-0.16508,-0.19736,0
2.08529,0.81785,0
2.13425,0.91402,0
2.26135,-1.04963,0
1.96463,0.53969,0
-0.48887,-0.07888,0
2.38346,0.87862,0
0.08032,-0.44086,0
2.93889,-0.09714,0
1.51711,0.15293,0
2.09475,1.08771,0
0.38763,-0.42992,0
3.47742,-0.49298,0
1.97928,0.33163,0
-0.10031,-1.02134,0
0.8015,-0.0684,0
1.51238,-0.9394,0
3.39805,-0.4392,0
1.69406,-1.17456,0
2.23132,1.01466,0
2.04147,0.68564,0
1.79282,-0.09701,0
-0.49366,-0.47546,0
2.53625,-0.54569,0
1.28322,0.44611,0
2.18191,-0.64689,0
3.08118,-0.63993,0
1.32707,-0.06712,0
2.62435,0.34616,0
2.66185,-0.36132,0
-0.0099,0.92955,0
3.10208,0.99766,0
2.53231,-0.44939,0
0.84079,0.35812,0
1.58961,1.09311,0
0.28078,-0.9562,0
2.32994,-0.52169,0
-0.3417,1.09443,0
3.00737,-0.08613,0
3.25484,-0.16181,0
0.29353,-0.7684,0
-0.35979,-0.03242,0
0.32091,-0.91402,0
2.92894,0.71221,0
3.25179,0.11355,0
1.67677,-0.16697,0
2.51776,0.12119,0
2.65104,-0.1277,0
1.41139,-0.37615,0
1.07052,0.48536,0
0.33816,-1.18323,0
2.78468,-0.95854,0
2.12528,-0.04337,0
3.48242,0.5167,0
2.83065,0.72755,0
-0.30252,0.58965,0
1.27211,-0.46193,0
-0.02982,-0.4771,0
3.12328,0.04205,0
0.03811,0.95023,0
2.44548,0.68656,0
3.24237,-0.60264,0
-0.2288,-0.80811,0
3.14659,0.86181,0
0.51046,0.01469,0
0.1003,-0.39229,0
0.64162,-0.99645,0
1.99945,-0.71168,0
0.53401,0.7849,0
0.36056,-0.45768,0
3.04633,0.74228,0
2.40137,0.72716,0
0.96086,0.04494,0
-0.24596,-0.13418,0
3.09447,-0.72345,0
-0.24188,-0.85954,0
0.5531,0.01555,0
2.49299,1.19173,0
3.1831,-0.6207,0
2.4457,0.95582,0
2.47628,-1.14282,0
1.0739,0.09987,0
0.49532,0.29072,0
1.83205,-0.37693,0
2.26002,0.43251,0
-0.13363,0.92442,0
2.07134,-0.27939,0
0.79448,0.06046,0
1.15426,-1.07689,0
1.09692,0.92308,0
3.28275,-1.05435,0
3.06357,0.67679,0
0.52428,-0.57574,0
0.23178,-0.05661,0
0.44999,-0.06469,0
1.0307,-0.16954,0
3.48953,1.20203,0
0.84221,0.05664,0
0.76474,-0.6007,0
1.22857,-0.58331,0
2.26152,0.65311,0
-0.25912,0.15302,0
2.68075,-1.04519,0
0.53188,-0.12745,0
1.56762,0.17331,0
1.12431,-0.39028,0
-0.30985,0.84461,0
0.72061,0.46492,0
1.60992,0.74363,0
0.56922,-0.05812,0
1.19902,-0.48217,0
-0.45059,-1.15783,0
1.57116,0.45439,0
0.28909,0.20579,0
1.88722,0.91247,0
1.76348,1.2365,0
2.96531,0.99808,0
2.74096,-0.15464,0
0.78566,-0.44621,0
1.09993,-0.17056,0
1.59927,-0.87053,0
3.19728,-0.39056,0
1.88624,0.72777,0
0.06953,-0.7759,0
-0.2972,0.24806,0
2.45443,-0.13937,0
3.28153,-1.19256,0
1.64835,0.7682,0
2.51203,-0.82079,0
2.03787,-0.65756,0
2.5052,0.8363,0
-0.15767,1.19089,0
1.15389,-1.05891,0
1.16602,0.11696,0
3.49538,-0.41381,0
1.72573,0.15313,0
2.13228,-0.56221,0
1.96075,0.90679,0
0.83908,-0.2784,0
2.68789,0.41256,0
3.44805,0.37975,0
0.14185,0.15116,0
1.3216,0.81027,0
2.79813,1.0663,0
3.24908,-0.31108,0
0.17845,-0.57286,0
0.66293,0.22384,0
2.49726,1.06826,0
2.58514,0.20856,0
3.21217,0.30698,0
1.13108,-0.23578,0
2.70273,-0.51467,0
1.54882,0.91589,0
1.00507,0.86353,0
2.06903,-0.57751,0
-0.03728,-0.49656,0
0.61979,1.02402,0
1.81858,1.0793,0
2.84745,0.93906,0
1.73374,0.17945,0
0.12868,-0.87981,0
-0.26288,-0.13693,0
1.06391,0.60683,0
-0.22204,0.2223,0
-0.32762,-0.3241,0
0.4649,0.53743,0
1.82531,-0.76965,0
1.98416,0.50586,0
2.46654,0.43437,0
2.97334,-1.09465,0
2.73723,0.08607,0
2.90903,0.14765,0
0.92599,-0.13356,0
2.89874,0.19267,0
3.39304,-1.17787,0
-0.35001,-0.41966,0
0.19782,0.59616,0
-0.48621,0.66095,0
1.67492,0.86073,0
0.18497,0.9929,0
2.60118,1.19836,0
0.77616,-0.14641,0
2.99767,-0.41767,0
2.50939,-0.18922,0
2.21094,0.54004,0
3.32539,0.50992,0
3.1273,-0.95633,0
2.83727,0.11413,0
0.03423,1.12367,0
2.93722,-0.69506,0
1.53849,1.23915,0
0.40218,-0.72521,0
0.23682,0.2594,0
2.53146,-0.48723,0
2.3383,-1.14552,0
3.27771,0.57757,0
2.78646,0.54024,0
-0.49279,-0.10521,0
-0.37703,-1.20505,0
2.9738,-0.29896,0
2.704,-0.99304,0
1.63247,-0.18091,0
2.23328,-0.12699,0
1.58997,-0.89483,0
2.46961,-0.43066,0
-0.43524,0.89007,0
-0.38231,1.24489,0
1.2017,0.09387,0
3.23297,0.91177,0
1.43325,1.1786,0
2.61562,0.81172,0
2.18901,1.24392,0
0.74537,-0.7558,0
2.79364,0.44976,0
-0.10259,-0.08641,0
3.48168,-0.00938,0
2.6372,1.06786,0
-0.07299,0.99366,0
1.48807,1.18847,0
1.64946,0.4895,0
-0.10568,0.36973,0
0.53962,-0.47498,0
0.02023,-0.04804,0
0.02083,0.81652,0
0.82592,-0.7637,0
1.85323,0.55262,0
3.19514,-0.06452,0
0.229,-1.04666,0
0.04232,0.85652,0
2.02151,-0.89027,0
1.54028,-1.11005,0
1.32125,0.96788,0
1.81613,-0.04759,0
0.34839,-0.36812,0
1.45219,-0.75184,0
2.48612,0.13816,0
1.82558,-1.17561,0
2.01744,-0.87387,0
2.22558,-0.2053,0
2.63265,-0.12355,0
1.64361,0.69838,0
3.30779,-0.25061,0
2.48155,-0.58169,0
1.21849,0.66905,0
3.46316,-0.32368,0
1.88857,0.19502,0
2.89362,0.72897,0
3.10446,0.8521,0
1.8358,-0.65542,0
2.61546,0.51849,0
3.01093,-1.06226,0
1.36586,0.14613,0
-0.34608,1.05469,0
3.41965,-0.58722,0
2.47747,-0.28082,0
2.62994,0.85374,0
1.87304,-0.28156,0
3.04608,-0.54696,0
1.28942,-0.81932,0
0.77281,-0.61332,0
2.32879,0.43615,0
0.24108,0.83847,0
0.48165,0.9808,0
-0.04654,-1.19973,0
2.14527,-1.02524,0
-0.10375,-0.92898,0
2.24616,-0.61841,0
2.72727,-1.13178,0
0.93675,1.10577,0
1.77439,0.10731,0
0.03125,0.5659,0
2.73945,-0.47617,0
-0.12414,0.13642,0
2.96384,0.54914,0
1.63423,0.59218,0
-0.33786,-1.23269,0
0.59065,0.5282,0
-0.23847,0.93339,0
1.12887,-0.82527,0
1.37621,-1.04056,0
0.61475,-0.80852,0
0.70024,0.33278,0
-0.03918,0.25126,0
0.38341,0.84343,0
2.77722,0.79604,0
3.36681,0.32726,0
0.40942,-1.00388,0
0.37523,-0.1201,0
2.6271,1.10174,0
2.74413,-0.89135,0
2.59601,0.24962,0
0.25078,-0.13049,0
1.45824,0.11718,0
1.57807,0.60392,0
-0.47601,-0.76019,0
1.84051,-0.16249,0
1.37251,-0.29459,0
3.29968,-0.43543,0
2.70666,1.1374,0
2.13789,-0.23361,0
0.72485,-0.26116,0
2.67335,-1.18522,0
2.52538,-0.8404,0
0.49974,-0.75081,0
0.81888,0.37495,0
1.05802,0.16791,0
-0.04056,-0.35903,0
2.61309,-0.31063,0
1.9879,-0.1586,0
0.65732,-0.85111,0
0.0723,0.19349,0
2.43198,1.24806,0
3.42005,0.48156,0
-0.202,0.87484,0
2.66736,-0.91797,0
1.65059,-0.97866,0
1.04634,0.25103,0
1.06402,-1.15563,0
1.60959,0.66402,0
0.96379,0.15855,0
1.21145,0.56744,0
0.28677,-0.19165,0
0.77244,-0.61054,0
0.89909,0.03857,0
1.13979,-1.03399,0
3.16097,-1.17121,0
0.55502,1.10773,0
3.38931,1.24382,0
-0.43308,-0.39937,0
-0.02275,-0.44449,0
0.93664,-1.0139,0
-0.00829,-0.6088,0
1.1975,0.82707,0
3.47005,0.37027,0
2.84951,0.96816,0
2.28275,0.25066,0
2.23342,-0.87444,0
1.90945,-0.81688,0
2.12876,1.14574,0
1.53949,-0.08701,0
2.51622,0.16044,0
3.48392,-1.14813,0
-0.14132,-1.18252,0
1.16862,0.53172,0
1.68537,-0.47219,0
1.61071,-0.55188,0
1.2236,-1.16057,0
-0.31706,-0.14028,0
1.10051,-1.13618,0
0.08861,0.53073,0
1.16803,-0.18243,0
2.3479,1.18534,0
2.78829,-1.2395,0
2.40703,-0.59903,0
3.04917,-0.34551,0
3.49112,0.40135,0
0.27593,-0.36271,0
-0.33985,-0.53774,0
0.29343,0.63263,0
1.45531,0.40073,0
-0.15336,-0.08727,0
3.00476,-0.7608,0
1.07409,-0.84085,0
2.57594,-0.12184,0
-0.30285,-0.29432,0
-0.07794,1.14107,0
1.75624,-0.51543,0
-0.43293,-0.81941,0
0.88894,-0.96746,0
1.59129,0.7612,0
0.09705,-1.13389,0
1.85208,0.63579,0
0.79961,0.48003,0
1.36372,0.58601,0
0.47434,-1.2406,0
-0.11807,-0.28866,0
3.45832,-0.83119,0
0.51554,0.89723,0
2.76876,0.34524,0
2.23041,0.43598,0
0.82648,-1.13418,0
-0.48977,-0.54613,0
1.97982,-1.23961,0
3.42049,0.49966,0
0.11075,1.04375,0
0.1094,-1.10625,0
0.08564,-0.9623,0
2.58724,1.22897,0
2.69322,-0.58137,0
1.39225,-0.38624,0
1.11212,0.24197,0
3.33289,1.11955,0
-0.2209,1.03191,0
0.0284,1.23877,0
1.64869,0.97438,0
2.9757,0.64322,0
1.483,-1.1172,0
3.0753,1.16842,0
0.33738,0.33578,0
-0.34016,-1.09438,0
2.049,1.22325,0
2.18994,0.30951,0
1.55406,-0.42262,0
3.10616,1.22751,0
1.10285,-0.28493,0
3.09146,-0.18222,0
0.64889,0.07412,0
1.94295,0.12114,0
0.78101,-0.80421,0
1.81708,1.21231,0
2.58319,0.19526,0
3.06147,1.17202,0
2.21936,1.0139,0
0.3411,0.01402,0
1.61496,-0.06796,0
0.82857,1.15366,0
2.41323,0.68767,0
2.26031,-1.18018,0
2.12016,0.02091,0
2.55474,0.01672,0
1.83721,-0.65907,0
1.8903,-1.24224,0
2.03834,-1.06913,0
1.94765,-0.48739,0
0.64267,-1.20738,0
-0.11428,-0.11597,0
2.43236,0.48303,0
1.35983,-0.21073,0
3.36806,0.45646,0
1.47019,0.84753,0
0.96856,0.46287,0
0.68563,-0.81558,0
-0.31002,-0.89502,0
0.28114,0.9584,0
2.94617,-0.11933,0
0.73608,0.88285,0
1.22908,-1.19898,0
2.5169,0.29455,0
1.93852,-0.39762,0
1.92036,1.1721,0
2.3612,-0.82581,0
0.00695,1.09534,0
3.16271,0.85052,0
1.77063,-0.29364,0
2.76705,-1.00773,0
2.38918,-0.36898,0
-0.37646,1.12644,0
0.94433,0.11865,0
1.14901,0.27916,0
2.00356,0.43614,0
0.5516,-0.57936,0
-0.13197,-0.07131,0
1.26088,-0.037,0
1.18047,-0.19533,0
3.19771,-1.11296,0
3.25459,-0.95429,0
2.46934,0.17666,0
3.43837,-0.18759,0
1.59136,-0.2478,0
0.13272,0.12924,0
2.66107,0.87508,0
-0.4755,-0.32067,0
2.27176,-0.63195,0
1.45238,1.07414,0
1.05952,-0.44557,0
0.83963,0.39689,0
-0.26948,-1.10249,0
3.08644,0.65038,0
3.1249,-0.21514,0
1.46274,-0.08875,0
2.10202,0.11084,0
0.43813,-0.59903,0
0.75562,-1.14979,0
2.77562,-1.03989,0
-0.42833,0.99701,0
2.84983,0.35179,0
0.768,1.22133,0
0.64988,1.0283,0
0.5653,0.7682,0
-0.33157,-0.59531,0
0.53112,-0.1694,0
0.81851,-1.05585,0
0.67232,-1.10821,0
-0.20898,0.80903,0
1.7159,0.81966,0
1.09451,-0.00625,0
1.35833,1.1422,0
3.08028,-0.14976,0
3.14442,-1.12995,0
0.35912,-1.14836,0
1.55281,-0.40145,0
3.06223,-0.01616,0
2.8539,-0.17594,0
2.15334,0.35388,0
2.9782,-0.52866,0
0.56074,-0.79159,0
0.09166,0.46114,0
2.55463,-0.72488,0
-0.4072,0.14998,0
3.23052,-1.09169,0
-0.36439,-0.06321,0
2.06585,-0.82295,0
1.61389,1.06041,0
2.60928,0.85389,0
2.01214,0.07681,0
2.26714,1.16874,0
1.70825,-0.05296,0
0.81555,-0.54616,0
0.63895,0.1714,0
3.25873,-1.2274,0
0.73597,0.60884,0
2.12283,-0.18628,0
0.40031,-0.49133,0
1.73459,-0.66579,0
3.33092,-0.94576,0
0.22351,1.10877,0
0.06932,0.07868,0
0.019,0.20171,0
2.19779,0.27947,0
2.86605,1.12431,0
0.39997,1.13659,0
1.33604,0.12557,0
1.17276,0.98829,0
0.20312,-1.16376,0
0.54324,-0.48761,0
0.26463,1.11936,0
0.81805,0.00219,0
0.76843,-0.60677,0
2.93366,-0.94232,0
1.78623,0.83874,0
3.25135,-0.05096,0
-0.45224,0.06998,0
1.89941,0.90316,0
2.07716,-0.00357,0
0.34333,-0.73886,0
2.06123,-0.1946,0
3.4604,0.19103,0
0.6032,-0.66098,0
0.99794,0.59908,0
3.24345,-0.99441,0
-0.46769,-0.195,0
1.28491,-0.32758,0
2.23119,0.09102,0
0.38468,0.5214,0
2.2194,-0.44503,0
2.16913,0.96798,0
3.45921,-0.19536,0
1.05876,-0.27625,0
2.94035,-0.77967,0
0.81743,-0.46899,0
1.37511,-0.7726,0
1.00895,-0.11207,0
-0.2869,0.91723,0
2.19586,-0.48647,0
1.82863,-1.03841,0
0.86248,0.81179,0
3.28338,-0.02094,0
1.10475,1.15133,0
1.03454,-0.61709,0
1.62313,0.35535,0
3.26665,-0.49534,0
0.61329,-0.48814,0
2.12216,0.04058,0
2.89119,-1.21509,0
3.13601,0.4974,0
2.2799,-0.7729,0
0.56861,0.76243,0
2.69655,-0.53077,0
0.24763,0.39835,0
1.86791,0.6439,0
0.86193,-0.84387,0
1.58478,0.00427,0
-0.09721,0.81913,0
2.13254,0.84695,0
1.25704,0.26806,0
-0.07749,0.11451,0
1.6905,-0.83648,0
3.17482,-0.97191,0
2.01781,-0.18676,0
2.62172,0.04929,0
3.01508,-0.0931,0
2.48144,-0.04772,0
0.95267,0.45951,0
0.47013,-1.05396,0
0.97649,0.46092,0
2.37619,0.93659,0
-0.40312,-0.88868,0
0.48704,0.43569,0
0.93749,0.61573,0
-0.27746,-0.64541,0
2.87219,0.24677,0
-0.49966,-0.70809,0
1.83003,0.12967,0
-0.10367,-0.25991,0
-0.0056,-0.72203,0
2.94344,-1.23171,0
0.36859,-0.32206,0
1.9974,0.63793,0
2.91401,-0.61001,0
3.06042,0.2461,0
1.81468,-1.04515,0
-0.05922,0.66776,0
1.88016,-0.9257,0
0.49634,-0.41069,0
0.11013,0.18726,0
2.42996,-1.17841,0
2.52417,-0.12861,0
-0.0695,0.46533,0
0.7495,0.29982,0
1.37234,0.39936,0
0.17944,0.26263,0
2.95495,-0.38304,0
1.33566,0.56721,0
3.05831,1.16266,0
0.12246,0.33933,0
2.563,-0.36923,0
3.08814,0.00873,0
2.29544,0.29718,0
1.09129,-0.37736,0
1.09418,-0.04347,0
0.58126,0.16955,0
1.28694,0.71438,0
0.29966,1.21146,0
-0.41938,-0.53302,0
1.39468,-0.97616,0
0.3237,0.48184,0
1.87055,-0.63339,0
1.2444,-0.97996,0
0.7997,0.24191,0
0.65326,1.18492,0
2.26083,0.51117,0
0.51534,0.71316,0
2.57083,0.10986,0
2.17543,0.25048,0
2.41452,-0.79483,0
1.94299,1.07107,0
-0.22144,1.04757,0
2.81332,0.96113,0
0.5747,-0.8565,0
2.85062,0.26022,0
1.85376,-1.15867,0
-0.26865,0.8452,0
1.6873,0.16145,0
-0.18472,-0.29785,0
2.34697,0.68448,0
3.13723,1.23375,0
3.04818,-1.19998,0
0.40567,1.05728,0
-0.31189,-0.51941,0
0.715,0.62463,0
-0.04646,0.6785,0
0.61713,0.6631,0
2.40441,0.26421,0
-0.04304,0.37792,0
1.75786,0.65638,0
2.56036,-0.69614,0
1.16837,-0.87833,0
1.55753,-0.57794,0
3.08415,0.70494,0
2.61777,0.49323,0
2.52987,1.10574,0
3.44822,0.24193,0
1.27542,-0.13369,0
2.20013,-0.41168,0
1.37434,1.07111,0
2.53671,0.60776,0
0.71005,0.34334,0
2.55216,0.91786,0
1.88772,1.04471,0
2.76917,0.36593,0
1.27833,0.6229,0
3.35806,1.06294,0
1.90921,-1.14145,0
-0.04025,0.53498,0
1.7093,-0.76508,0
0.97484,-0.21151,0
2.83113,0.84617,0
-0.41219,0.06294,0
1.31912,-0.21449,0
1.49355,0.04726,0
1.08415,-0.53676,0
-0.31958,1.02198,0
0.1828,-0.33307,0
0.70642,1.11475,0
1.93206,-0.09051,0
3.1592,-0.77898,0
2.46451,-0.75676,0
0.05669,0.36115,0
1.65802,0.66754,0
2.55568,0.73868,0
2.34945,0.07096,0
1.41675,0.69623,0
2.2653,-0.90274,0
2.52877,0.07027,0
-0.43447,-0.01963,0
1.61712,0.07649,0
1.44336,-1.24542,0
3.31403,0.63533,0
-0.11466,-0.33937,0
-0.49285,-0.90531,0
0.68555,0.22163,0
0.38643,0.6497,0
1.21316,-0.91106,0
3.41774,0.63897,0
1.53697,0.97197,0
1.1412,0.89699,0
1.9928,-0.12345,0
1.81586,-0.43377,0
2.52707,1.1787,0
2.07194,-0.83713,0
1.74198,0.26225,0
2.13143,0.09888,0
3.15269,0.82937,0
1.94721,-0.44755,0
-0.23203,-1.07389,0
1.83597,-0.02997,0
2.50863,0.96438,0
3.11362,0.82181,0
0.00358,-0.89378,0
2.21628,0.1153,0
1.85765,1.2359,0
2.54035,-1.24523,0
0.53201,-0.979,0
1.27604,0.62037,0
0.55292,-0.59237,0
2.10324,-1.17439,0
2.64957,-1.03372,0
1.83708,0.12707,0
1.35957,0.60927,0
1.68193,0.55417,0
1.229,0.3104,0
2.02322,0.1976,0
1.01451,-1.06265,0
0.76611,-0.95657,0
-0.45822,-0.90342,0
2.26293,-0.70911,0
3.27127,-0.93428,0
0.29542,0.43881,0
1.66844,0.98771,0
3.03091,-1.00637,0
1.99198,0.74194,0
1.119,0.66333,0
3.49455,0.41946,0
1.89219,0.116,0
-0.39701,0.4369,0
2.55759,-0.0655,0
1.74562,-0.39826,0
1.68369,0.47689,0
0.28856,-0.88306,0
1.69304,-0.54013,0
0.57127,-0.64063,0
1.97009,1.10462,0
1.27016,-0.85474,0
1.8861,-0.52129,0
1.89837,-1.11945,0
2.91372,0.986,0
2.49387,1.0073,0
0.3318,-0.93711,0
2.73412,0.83573,0
0.50009,-0.3362,0
1.74808,-0.0076,0
2.0321,0.60212,0
0.38373,-0.79757,0
1.38975,-1.10925,0
2.09921,-0.88182,0
-0.4289,0.89823,0
2.98452,0.7094,0
2.07459,0.95595,0
0.92222,1.03154,0
2.87527,0.81046,0
2.15857,-0.00075,0
0.66923,0.65038,0
0.84022,0.53407,0
0.84934,0.45602,0
0.13235,-0.56306,0
-0.48229,0.2938,0
2.81287,0.39457,0
3.05594,-0.96975,0
2.12225,1.02445,0
2.04978,-0.05404,0
3.0784,-0.90868,0
3.279,-1.23138,0
3.01765,0.30874,0
2.35067,-0.51274,0
1.52475,0.82884,0
0.78503,0.73049,0
1.36681,-0.92967,0
2.62049,1.03194,0
0.31013,-0.92033,0
1.2078,0.94287,0
2.92832,-0.10492,0
1.29662,-0.77686,0
0.36385,-0.07294,0
0.97244,-0.92081,0
2.16731,-0.06796,0
-0.33055,-0.01655,0
2.57569,-0.04476,0
0.34275,0.0487,0
1.29777,1.0268,0
1.18638,1.1095,0
-0.44247,-0.99357,0
0.43641,0.80181,0
-0.0302,0.46749,0
2.30269,-0.04858,0
0.65531,-0.8801,0
2.47517,-0.34035,0
2.47126,-0.64811,0
-0.18771,0.40343,0
1.65324,-1.09327,0
2.30164,0.90333,0
1.70205,0.36431,0
-0.05432,-0.31986,0
2.78435,-1.0842,0
0.83181,1.05523,0
3.08184,-0.06955,0
1.41167,-0.91597,0
0.52934,0.5751,0
2.85027,0.63062,0
2.19827,-0.40929,0
1.07271,0.88086,0
1.04512,0.86293,0
3.46322,0.80538,0
1.30031,-1.08488,0
3.49172,-0.95157,0
0.22033,-1.02461,0
2.94813,-0.25682,0
-0.2253,-0.00388,0
3.15516,-0.18582,0
-0.13252,-0.82267,0
2.94339,-0.14675,0
-0.38058,-1.18146,0
0.59203,-0.00861,0
0.08927,0.92121,0
0.96663,0.33872,0
2.46838,0.96737,0
3.25975,-0.28792,0
0.93574,-1.19016,0
2.0479,-0.35673,0
-0.17655,0.77267,0
2.44337,-0.04311,0
0.03531,-0.40855,0
2.48365,-0.71275,0
-0.04597,-1.24115,0
3.40311,-1.1576,0
1.72783,-0.77228,0
-0.32733,-0.30743,0
0.98371,-1.16396,0
-0.37896,-1.23337,0
2.99303,1.20299,0
-0.04237,0.6542,0
0.65142,0.95905,0
1.27527,-0.23499,0
1.96453,-1.11496,0
-0.20653,0.24439,0
3.24385,0.75524,0
2.93675,-0.03341,0
3.16885,-0.09186,0
2.74014,-0.96589,0
-0.37675,-1.07455,0
-0.13991,-0.53533,0
2.22399,-1.11549,0
2.91352,0.98686,0
1.95644,1.00964,0
1.94616,0.09832,0
1.32206,-0.67096,0
2.44396,-0.78546,0
2.82392,-0.20393,0
1.00187,-0.9898,0
3.14571,-0.57654,0
0.24144,-0.02126,0
1.14323,-0.41944,0
0.1278,0.70782,0
3.39455,0.97619,0
2.33783,-0.43754,0
1.23157,-0.78192,0
2.13727,0.34718,0
1.48514,-0.62416,0
1.55489,0.67271,0
0.48683,0.02232,0
1.6778,-0.06463,0
3.28304,1.13509,0
1.19784,-0.47014,0
2.37511,-0.31246,0
1.17345,-1.02294,0
-0.2412,-0.55862,0
0.89347,-0.61461,0
1.14895,0.06219,0
-0.04173,-0.6042,0
2.99885,0.47524,0
3.3017,1.22477,0
2.58244,0.0103,0
1.46089,-0.43941,0
0.70088,-0.1282,0
1.37877,-0.12792,0
3.41018,0.3233,0
1.29592,0.67307,0
0.79938,0.88558,0
1.97845,0.60151,0
1.59447,1.0914,0
2.64736,0.61212,0
1.78912,-0.98497,0
0.69067,-0.09051,0
2.628,-0.34685,0
3.43859,0.42305,0
0.88368,-0.56532,0
1.15082,-1.24784,0
3.19433,0.16509,0
1.10112,0.68613,0
0.37943,1.24673,0
1.23297,-1.04221,0
3.01058,0.2909,0
0.67758,-0.58219,0
2.30691,-1.12073,0
2.07699,1.12682,0
-0.24866,-0.4654,0
1.81565,-0.52144,0
1.86878,-0.39679,0
-0.27217,-0.52125,0
1.09769,0.03962,0
2.98705,-0.43517,0
0.27797,0.77806,0
-0.27956,0.5748,0
2.90475,-0.53018,0
-0.12245,-0.64516,0
0.14071,-1.18652,0
1.73931,-0.69741,0
2.11483,-0.77539,0
1.93306,-0.8812,0
1.37518,-0.21661,0
0.32781,-0.35885,0
2.51572,0.10784,0
0.74132,-0.27884,0
0.52179,0.55528,0
-0.07901,0.84475,0
0.75559,-0.06199,0
-0.3217,-1.08173,0
0.22287,-1.16895,0
2.42441,-0.58201,0
3.31553,-1.18438,0
2.8791,-0.94754,0
2.55229,0.75041,0
2.70462,0.26769,0
1.79247,1.00984,0
1.69659,0.77217,0
-0.47669,-0.18467,0
2.32439,0.22146,0
0.08669,-0.5503,0
0.7584,-0.0408,0
2.82945,0.78418,0
3.2995,0.122,0
2.75943,-0.26151,0
1.51985,0.24124,0
1.26845,0.15935,0
0.6887,-1.20797,0
1.24594,-0.18938,0
1.64958,0.81183,0
0.21963,0.20468,0
0.51367,0.29704,0
2.41126,0.40372,0
-0.1153,0.38967,0
2.0107,-0.26515,0
2.03267,0.71304,0
2.61975,-0.81364,0
0.96561,0.15866,0
0.87638,-0.37629,0
1.02728,-1.1316,0
2.57197,-0.03082,0
1.06398,-0.96027,0
2.5123,-1.18489,0
3.18724,-0.04619,0
-0.30103,0.72148,0
-0.18107,-0.71507,0
2.58369,-0.28611,0
2.60214,0.27684,0
2.02579,-0.05745,0
2.74814,-1.04438,0
1.16457,-0.35676,0
0.67636,0.51444,0
1.96068,0.18239,0
1.59583,0.45084,0
2.03045,0.06867,0
-0.3712,-0.68017,0
2.35932,0.91769,0
1.83269,0.8046,0
1.60822,0.19891,0
1.14169,0.00275,0
3.37886,1.05501,0
1.66326,-0.91652,0
2.27675,-0.35306,0
2.9735,-0.526,0
2.99841,-0.56019,0
2.31715,0.56978,0
0.6378,0.79048,0
2.34993,-0.62955,0
3.28367,-1.14587,0
0.69767,1.00385,0
2.3855,0.02235,0
0.34457,-0.19748,0
3.21678,1.04897,0
2.99206,0.17878,0
1.36438,0.85797,0
1.33688,1.14743,0
0.71539,-0.40619,0
2.5593,0.84699,0
0.36464,-0.12664,0
3.01384,-0.90902,0
0.58693,0.5739,0
1.19018,-1.03951,0
1.90988,0.579,0
1.53283,0.51961,0
-0.23912,-1.10119,0
-0.02249,0.05199,0
1.43931,0.00975,0
2.59024,0.65356,0
2.46781,-0.43675,0
3.10863,1.05798,0
3.02183,-0.43376,0
1.31299,0.63432,0
2.51792,1.16765,0
0.17671,1.20631,0
1.36023,-0.26965,0
1.88815,0.5857,0
3.49161,-1.02339,0
2.67223,-0.3283,0
2.7099,0.35376,0
1.72576,1.15117,0
1.97427,0.59836,0
-0.08318,0.94981,0
3.06332,-0.87488,0
-0.03807,1.15804,0
2.98714,0.20166,0
0.60106,0.57425,0
2.30752,0.43516,0
3.20533,0.01787,0
-0.46111,-0.19638,0
2.33986,-0.75297,0
1.00705,0.63337,0
1.01911,0.70114,0
0.35658,0.04447,0
1.74969,-0.43545,0
2.47461,1.22465,0
0.9137,-0.85557,0
3.24865,-0.71452,0
-0.16114,1.04334,0
1.85546,1.09128,0
2.1214,0.63577,0
0.10262,0.24405,0
1.68901,-1.01072,0
-0.04159,-0.63258,0
0.67389,0.84804,0
0.9227,1.07003,0
1.25123,1.17615,0
0.10331,-0.39004,0
1.60443,0.10446,0
1.35979,-0.01735,0
0.75507,-0.257,0
0.95167,0.88153,0
0.95727,-0.07595,0
1.784,-0.40166,0
0.95437,1.16385,0
3.37731,-0.78825,0
1.34294,-0.26381,0
-0.07595,0.40707,0
2.847,0.31792,0
1.35404,-1.12951,0
0.7533,-0.99034,0
1.65858,0.16328,0
1.7072,-0.79445,0
2.91923,-0.35262,0
1.01435,1.15805,0
2.05029,-1.01106,0
1.64787,0.88978,0
-0.21479,0.28906,0
1.30179,1.08231,0
-0.3034,0.27625,0
1.7251,0.33781,0
-0.08135,0.64617,0
0.4912,-1.1727,0
1.53566,-0.58061,0
2.92168,-0.03345,0
2.65904,0.60253,0
0.96923,0.25756,0
3.15706,0.32548,0
2.48688,0.47543,0
1.14018,1.14614,0
0.34648,0.31973,0
0.60297,-0.90094,0
2.3001,-0.4384,0
3.35705,0.80804,0
-0.47972,0.3581,0
2.92069,0.82642,0
1.53499,0.89582,0
1.45839,-0.53913,0
1.47059,-0.57748,0
2.83353,-0.14606,0
0.01075,0.94489,0
1.02082,-0.1428,0
0.9972,-0.04868,0
-0.41829,0.43693,0
0.82477,0.03393,0
2.6063,-0.31719,0
1.64438,-1.03844,0
2.8745,0.5767,0
-0.33329,-0.40392,0
2.90766,0.96248,0
0.98956,-0.90374,0
-0.28964,0.77631,0
3.0424,-0.99848,0
2.64931,-0.84636,0
0.45986,-0.71578,0
-0.23989,0.34488,0
-0.27947,1.12028,0
2.5188,0.83921,0
-0.44656,0.02023,0
1.7108,-0.75461,0
0.84514,-0.80088,0
1.79157,-0.73487,0
1.55933,0.20678,0
1.06347,1.07307,0
-0.19823,1.21946,0
2.11802,1.18402,0
1.05726,1.05269,0
2.55221,-0.88569,0
3.37524,-1.16309,0
3.04096,0.01539,0
1.23848,0.26526,0
3.30179,-0.51759,0
1.44136,0.96701,0
0.72203,-0.7139,0
2.7877,-1.08482,0
1.6169,0.77656,0
2.92083,0.99463,0
3.24101,-1.1246,0
2.07015,-1.12048,0
1.36281,0.38257,0
2.83337,-0.84874,0
-0.15826,-0.64015,0
2.68884,0.37336,0
2.54353,-0.72455,0
-0.49191,1.07633,0
1.58788,-0.45172,0
0.44956,-0.63093,0
0.25814,0.52898,0
0.74942,0.13675,0
0.72934,-0.52623,0
0.67764,0.58256,0
1.29744,-0.74943,0
1.3274,0.03119,0
2.00478,-0.09963,0
1.86011,-0.44854,0
-0.0608,-0.36067,0
0.80813,-0.28403,0
1.89257,-0.70565,0
-0.23635,0.38004,0
2.42168,0.67606,0
0.79785,-1.1199,0
1.93277,-0.40994,0
2.57764,0.10523,0
0.74261,0.67547,0
2.30348,-0.47498,0
3.33889,0.89452,0
0.52264,-0.99597,0
-0.01676,0.11401,0
2.09123,0.79228,0
-0.48099,-0.41374,0
3.11597,-0.28616,0
3.26452,0.31692,0
2.25306,0.58882,0
-0.0835,0.33712,0
1.80556,0.49622,0
1.01235,-0.77581,0
0.9616,0.31379,0
2.63248,-1.07284,0
0.58461,0.45824,0
-0.2277,1.1407,0
1.90098,0.16737,0
-0.27939,-0.94841,0
1.39761,1.08136,0
0.78967,0.24955,0
-0.19337,0.71443,0
3.08777,0.45121,0
0.80632,-0.868,0
-0.35459,0.54682,0
0.0201,0.51388,0
0.5137,0.07082,0
0.17757,-0.05105,0
1.48533,0.55044,0
3.43235,-0.45618,0
0.67303,-0.03998,0
0.79233,-0.25219,0
2.45482,0.97754,0
1.27094,0.57885,0
3.22382,-0.08031,0
0.77599,0.91794,0
2.96308,-0.43538,0
0.57391,-0.31273,0
3.45923,1.0581,0
1.48942,0.74256,0
2.69255,-1.17276,0
2.63728,0.99996,0
3.067,0.47891,0
-0.0786,0.79925,0
2.30728,0.94918,0
3.04569,-1.20153,0
2.41232,-0.79803,0
2.13782,0.16159,0
1.50249,0.96916,0
0.76206,0.76621,0
0.74369,1.21514,0
2.4211,-0.80966,0
1.10531,0.86266,0
-0.32573,0.00177,0
3.12652,0.62219,0
3.15686,0.52237,0
2.56165,-0.78253,0
2.80369,-0.4136,0
1.19521,0.52185,0
2.21654,-0.7316,0
-0.18208,-1.12021,0
2.8338,0.24296,0
3.29922,0.90462,0
1.54613,0.52853,0
-0.35696,-0.31703,0
0.82663,-0.33894,0
0.24602,-0.49129,0
2.21296,-1.05949,0
3.49958,1.22581,0
1.88594,1.02637,0
-0.36541,0.64231,0
2.27944,-0.7913,0
0.95928,0.35522,0
1.23811,0.79476,0
0.43707,0.0813,0
3.03693,0.73782,0
0.8659,0.42865,0
2.47898,-0.92015,0
1.13799,0.31498,0
2.00089,-0.02389,0
2.8864,0.94802,0
0.0679,-0.91303,0
3.39459,-0.59004,0
0.57903,-0.27008,0
0.21544,-0.92764,0
2.27465,0.16536,0
0.77937,0.35644,0
3.26024,-0.39246,0
1.88946,1.2054,0
2.60879,0.90451,0
0.40633,-1.22895,0
3.07453,0.08794,0
1.46855,1.01062,0
3.02109,-0.22524,0
0.19782,-0.70568,0
2.95986,-0.61447,0
1.43569,0.74167,0
2.08152,-0.62256,0
1.56687,0.96681,0
1.27832,-1.1163,0
2.86033,-0.83036,0
2.07307,0.57588,0
2.55286,0.42332,0
2.08769,0.47235,0
2.00894,0.01448,0
2.94629,-0.11494,0
0.10305,0.0528,0
3.00695,0.24698,0
0.92068,1.07594,0
-0.36271,-0.52938,0
0.84837,-0.52268,0
2.2677,0.35318,0
1.4964,1.23857,0
3.23431,-0.73949,0
2.41576,-0.5565,0
0.00619,-0.67017,0
1.71625,0.15765,0
-0.30201,-0.18483,0
2.66985,0.68742,0
-0.1761,-0.05982,0
2.25163,-0.41036,0
0.9897,1.01122,0
1.53678,1.04966,0
2.36319,0.04311,0
1.46844,-0.16831,0
2.08128,0.30756,0
1.30013,-0.30537,0
-0.4884,-0.32967,0
1.38866,0.39537,0
0.03037,-0.08529,0
0.46426,-0.47642,0
2.17127,0.00507,0
0.09767,0.44052,0
1.90437,1.16657,0
2.29319,-1.07673,0
0.70105,-0.70151,0
2.3145,1.16442,0
2.43454,0.0814,0
0.79086,-0.56134,0
0.60994,0.41242,0
-0.01332,-1.20761,0
0.83369,-1.19823,0
1.93488,-0.74223,0
1.61881,-0.1692,0
2.33555,-0.48793,0
-0.2331,-1.09487,0
0.05813,1.12912,0
3.0989,-0.54645,0
2.42175,1.08153,0
0.55643,-0.39103,0
3.21935,-0.72613,0
0.90751,-1.21546,0
2.81707,-0.68346,0
3.13719,0.42724,0
0.1163,-1.04259,0
0.53882,-0.43339,0
2.59573,-0.83679,0
-0.06629,-1.03245,0
-0.42822,-1.00816,0
3.39702,0.89923,0
1.25267,-0.63382,0
1.12468,1.0314,0
1.37,0.4973,0
1.56571,0.46717,0
0.9338,0.41028,0
0.03856,-0.50316,0
1.94845,-0.70702,0
0.77642,0.70446,0
2.85788,-0.62334,0
2.892,0.02913,0
0.98986,0.82458,0
2.93002,1.02201,0
0.30827,1.1324,0
2.03065,-0.15534,0
1.54357,1.06513,0
1.52652,-1.08714,0
2.44438,-0.705,0
2.03951,0.01241,0
2.46078,0.32527,0
1.52284,-0.19012,0
-0.36706,0.83676,0
2.24644,-0.55766,0
0.91376,-0.65774,0
0.08302,0.79408,0
0.25836,0.12432,0
3.16955,0.16034,0
0.56293,0.49445,0
0.35319,1.14117,0
2.67082,0.36088,0
2.86499,0.17887,0
1.6933,0.49039,0
0.7363,1.10358,0
-0.39005,0.16463,0
0.17899,-0.80196,0
2.30665,-0.61159,0
0.56328,-0.31374,0
0.23009,0.48016,0
-0.16622,1.10685,0
1.17667,0.04246,0
1.54593,0.68822,0
-0.48455,0.03935,0
1.83914,-0.6954,0
2.69498,-0.24933,0
3.42513,0.61298,0
3.11087,0.05301,0
-0.15378,0.26217,0
2.01259,0.40768,0
2.50268,0.88435,0
2.58719,-0.09099,0
2.51036,1.18914,0
1.99337,-0.01326,0
1.54618,0.42918,0
3.20145,-0.00703,0
1.5421,1.03311,0
2.71228,1.24346,0
0.01543,-0.81279,0
2.79863,1.1148,0
0.01477,1.05358,0
2.38768,-0.55153,0
1.06013,-0.35725,0
2.41702,-0.9184,0
1.32073,0.86306,0
0.79796,-0.50543,0
-0.26562,0.46458,0
3.04835,-0.06162,0
2.54366,0.52418,0
1.50482,1.24449,0
2.19088,-0.18465,0
2.24341,-0.8782,0
1.00437,0.23866,0
-0.3325,-0.68472,0
0.19741,-0.83933,0
2.12635,-0.65351,0
3.09501,-0.17342,0
-0.42064,-1.15686,0
-0.06407,0.22844,0
1.6681,0.19864,0
3.0996,-0.31654,0
3.35655,1.12002,0
-0.47273,0.96386,0
1.90221,1.13624,0
1.15517,0.93862,0
3.472,1.02663,0
-0.45584,-1.2458,0
2.79458,0.03395,0
0.18576,-0.34097,0
-0.32845,-0.56837,0
-0.36641,-0.96037,0
3.16801,-0.93147,0
1.93074,-0.02138,0
2.30723,-0.88182,0
1.13795,1.19903,0
2.848,-0.04398,0
1.09283,0.33612,0
2.57882,0.28893,0
1.60534,0.87924,0
3.11086,-0.80047,0
1.99836,-1.17036,0
1.3408,0.09931,0
2.86271,0.11808,0
3.33093,-1.24722,0
2.39091,-0.63861,0
3.18524,0.37928,0
2.08337,0.66291,0
-0.3615,1.18966,0
2.22081,-0.31301,0
2.61625,-1.16694,0
3.30044,-0.61263,0
0.90084,1.00138,0
1.18196,-0.86429,0
0.775,-0.00558,0
2.55173,0.74867,0
0.08613,-0.63977,0
2.76386,-0.66945,0
2.27954,-0.80756,0
-0.46577,-0.26069,0
0.98536,-0.32937,0
0.48391,-0.81791,0
0.29951,0.46542,0
2.8797,1.03953,0
0.46783,0.62313,0
2.67489,0.27271,0
2.74701,-0.97506,0
0.15657,1.09798,0
-0.04514,-0.33236,0
2.894,-1.07506,0
2.47971,0.37891,0
1.19087,-0.30544,0
3.39315,0.22686,0
0.9044,0.18428,0
2.24629,0.35018,0
1.80352,-1.16833,0
0.60454,-0.03297,0
1.72491,-0.48106,0
0.60346,-0.85595,0
0.87853,0.2804,0
1.93414,-0.51713,0
2.96898,-0.17492,0
1.46138,-0.68088,0
0.04725,-0.58997,0
0.42036,-1.06049,0
-0.47853,0.90938,0
0.35655,-0.92673,0
1.67647,-0.52334,0
0.81866,-0.71397,0
1.15744,1.03088,0
0.55602,0.83831,0
2.56591,-0.32414,0
2.63763,0.42875,0
0.0989,-0.72624,0
3.33047,-0.5677,0
0.99003,-0.79486,0
2.79447,0.12078,0
0.27381,-0.17095,0
-0.29531,0.21956,0
0.70349,-0.88702,0
-0.13672,-0.55123,0
2.79421,-0.56438,0
1.27877,-1.19226,0
2.81443,0.98514,0
1.02162,0.05946,0
2.48006,1.14488,0
2.33425,-0.90871,0
0.18956,0.03026,0
-0.26683,0.56133,0
-0.30775,1.01335,0
3.2527,0.68578,0
3.12069,0.15696,0
2.74562,0.61628,0
0.51667,0.70806,0
3.11725,0.95891,0
0.65447,-1.08858,0
0.93598,-0.79328,0
1.3882,0.74917,0
2.75492,0.47215,0
0.58221,0.84212,0
0.96683,-0.26934,0
1.82005,1.14941,0
-0.42331,0.34654,0
2.39622,0.6784,0
2.71142,0.71895,0
3.02196,-0.16609,0
2.89729,0.02299,0
-0.31726,0.65488,0
1.00733,0.59055,0
0.79164,0.05794,0
2.5588,-0.52383,0
2.15131,-0.15106,0
1.31013,0.46531,0
1.04883,-0.04931,0
2.54021,0.38084,0
-0.37968,-0.33862,0
2.37566,-1.05118,0
-0.43094,-1.01709,0
0.6404,-0.71379,0
1.56892,-1.05693,0
0.47821,-0.19479,0
2.62991,-1.21437,0
1.47209,-0.2243,0
0.09926,-0.78475,0
1.95974,0.64725,0
2.00799,0.00684,0
1.6465,-0.05617,0
0.60694,0.72874,0
0.32637,0.35113,0
0.34985,0.65498,0
2.8405,-0.62154,0
2.82783,0.49036,0
1.18791,0.9408,0
2.37357,-0.14172,0
3.38253,0.99439,0
-0.37272,-1.06575,0
1.81189,0.19046,0
-0.45937,1.10511,0
0.01904,1.19704,0
0.39739,0.73675,0
3.20056,-0.35837,0
1.13655,0.15493,0
-0.29426,-1.03538,0
-0.41636,0.09311,0
2.52737,-0.06602,0
-0.14859,0.73854,0
2.62452,0.34574,0
0.84264,0.04702,0
0.70017,-0.78438,0
1.35073,0.09343,0
2.10303,-1.20659,0
2.05175,0.33521,0
0.25554,0.07319,0
3.21981,-0.91574,0
1.25067,0.24733,0
2.98016,0.82975,0
2.62323,0.90553,0
0.99723,-0.21558,0
2.37558,-1.12443,0
1.32333,0.53248,0
1.89467,-0.78453,0
0.86941,-0.38323,0
2.2648,0.30463,0
2.68813,-0.76232,0
0.64198,-0.53772,0
2.758,0.67632,0
2.68122,0.37471,0
0.58897,-0.34632,0
0.00928,0.28932,0
2.08698,-0.45192,0
2.03173,-1.21284,0
1.31971,-0.15359,0
-0.49245,-1.06354,0
2.84068,0.15607,0
2.63948,-0.62269,0
-0.09697,-1.03545,0
2.58049,-0.7564,0
2.35955,0.49515,0
1.61413,-0.64044,0
1.2823,0.58227,0
2.83771,0.66201,0
2.38156,-0.80983,0
1.96656,0.98068,0
2.32504,0.36554,0
-0.39787,-0.04606,0
3.23095,-0.11732,0
2.49566,-0.8954,0
-0.22062,0.2938,0
1.32523,0.62161,0
-0.1373,-0.85821,0
0.49695,1.21468,0
2.69666,0.12581,0
0.03192,-0.12768,0
3.15812,1.05818,0
2.99136,-0.53531,0
0.24245,-0.80468,0
1.33993,-0.49775,0
1.58651,0.63865,0
2.81588,-0.94915,0
1.14476,0.54286,0
3.18033,-0.10448,0
0.08392,0.20682,0
3.35701,-0.63025,0
2.25928,-0.24556,0
3.42073,-1.10895,0
1.39938,0.83499,0
3.49806,-1.043,0
3.41605,0.53414,0
1.23969,0.10041,0
1.73751,-0.91905,0
2.64506,-1.12433,0
-0.13054,0.99463,0
2.48254,-0.72495,0
2.88461,0.56282,0
0.59635,0.97006,0
1.54018,-0.3268,0
1.56572,1.09998,0
1.14171,-0.49381,0
-0.23804,-1.24389,0
0.58477,-0.11235,0
-0.04855,0.54991,0
1.90526,0.3177,0
2.96327,-0.81391,0
0.08765,-0.55709,0
2.56823,-1.06628,0
1.30335,0.65035,0
1.84317,1.00426,0
3.32392,-0.54627,0
2.1748,0.80528,0
-0.43231,-0.074,0
2.5164,-0.87659,0
0.6215,-0.85625,0
-0.07559,0.7931,0
0.5502,-0.20055,0
1.0002,0.98988,0
0.7242,0.77048,0
3.45125,-1.04209,0
3.08484,-1.15445,0
2.06107,1.23828,0
3.21862,-1.08652,0
-0.32896,-0.04726,0
0.00739,0.79946,0
1.13454,0.45984,0
1.78859,0.9993,0
1.31384,-0.3461,0
3.18858,0.30959,0
0.62676,-0.21491,0
1.6857,-1.07742,0
0.93761,1.18175,0
1.34124,-0.36219,0
2.48385,0.43902,0
-0.35431,-1.02926,0
3.35994,-0.39081,0
1.43898,-0.80206,0
2.38363,0.77346,0
3.05557,-0.20243,0
1.60226,0.33057,0
2.43521,-0.05538,0
2.04575,-0.642,0
2.29437,-0.96629,0
2.85756,0.70079,0
1.6209,0.00422,0
0.32738,-0.77902,0
3.15815,0.83337,0
1.89201,1.14168,0
2.28592,-1.12129,0
2.21083,-0.58677,0
-0.18944,0.06922,0
1.48576,-0.64342,0
2.15472,-0.12964,0
-0.46085,0.38788,0
0.72281,-0.92407,0
1.54312,-0.82763,0
1.35633,-0.95361,0
0.90827,-0.83391,0
3.05694,-1.06475,0
1.26796,0.92376,0
0.67188,-0.30014,0
2.13665,0.27816,0
-0.18475,-0.46546,0
3.27988,0.90188,0
2.75584,-0.22709,0
1.24553,0.61733,0
2.26792,0.70055,0
1.509,0.54899,0
-0.079,0.16918,0
0.83935,-0.72617,0
3.42857,-0.68168,0
2.63818,-0.98165,0
-0.12104,-0.67727,0
3.25855,-0.62496,0
0.41708,-0.90965,0
2.81095,-0.18508,0
0.52542,-0.9989,0
-0.1213,0.24768,0
2.37619,0.7182,0
2.65696,0.40895,0
3.24894,-0.14653,0
3.20875,0.29896,0
0.18653,0.86707,0
0.0876,0.18639,0
1.74158,-0.90375,0
2.63504,0.79695,0
2.88236,1.17486,0
2.38168,-0.42053,0
1.16504,0.43926,0
2.55815,0.99072,0
1.32641,1.04076,0
2.27443,-0.28298,0
-0.38244,0.77672,0
2.93427,1.15494,0
-0.28429,0.64505,0
-0.27083,-0.61679,0
1.32729,1.07336,0
2.09311,0.66372,0
-0.09986,-0.32401,0
2.96974,-0.59826,0
0.20357,0.61185,0
0.78941,-0.11779,0
2.93702,0.14563,0
2.00476,-0.1951,0
0.81778,0.55711,0
0.37019,0.72758,0
0.43766,0.32215,0
1.096,0.26031,0
0.28205,-0.83308,0
0.01382,-0.39451,0
0.97364,1.15409,0
-0.16345,-0.50943,0
2.97739,-1.12325,0
3.19746,-0.65038,0
0.80988,0.35944,0
2.68966,-1.22117,0
3.10065,-0.45631,0
1.94651,1.18228,0
2.32533,0.28551,0
3.45119,-1.18811,0
-0.02424,-0.01621,0
2.28384,-1.16471,0
-0.06019,-0.27472,0
2.32373,0.09382,0
2.89793,0.962,0
0.77392,-0.21918,0
0.57788,0.30292,0
0.1666,1.22635,0
2.54346,0.53409,0
2.72609,0.11473,0
3.11423,-0.32932,0
2.25905,0.41397,0
1.14257,-0.24094,0
3.22537,-0.59526,0
-0.13423,0.45694,0
2.84327,-0.86294,0
-0.02173,0.85697,0
3.41346,-0.01204,0
3.17872,0.50035,0
2.59315,-0.41893,0
0.16842,0.29281,0
0.11488,-0.21678,0
0.44125,0.01448,0
3.31917,-1.1102,0
0.82669,0.45243,0
1.3818,-0.11067,0
-0.29804,-0.52625,0
1.59763,-0.13847,0
1.69737,-1.06295,0
1.03608,-0.04474,0
3.041,0.32129,0
1.67686,-0.5986,0
-0.39641,0.79107,0
3.1885,-0.46814,0
1.52903,-0.14244,0
0.20375,0.68091,0
0.59064,-1.05551,0
1.35373,0.60096,0
0.56887,-0.6262,0
0.51769,-0.90018,0
1.90804,-0.12198,0
3.36375,-0.17723,0
0.58036,0.03823,0
2.28791,0.15102,0
1.63943,0.43847,0
3.06395,-0.38619,0
2.50068,-0.62174,0
0.43936,1.02805,0
-0.29539,1.18811,0
-0.21777,0.38695,0
3.14454,-1.12445,0
-0.32188,-0.72515,0
2.34154,-0.60182,0
-0.46397,-0.5585,0
0.90266,-0.46486,0
0.63836,-0.32233,0
2.38525,0.04865,0
3.49896,-1.11118,0
1.36118,1.10575,0
-0.3864,0.03618,0
1.17738,0.00781,0
1.51847,0.6093,0
3.15868,-0.49043,0
2.02339,0.3015,0
3.28935,0.3503,0
1.28827,-0.7344,0
2.81181,-0.48124,0
2.37372,0.03961,0
2.76177,-0.9451,0
0.80787,-0.43585,0
-0.21165,0.2183,0
1.54147,-0.88228,0
2.50417,-0.12541,0
-0.18137,-0.63333,0
2.93103,1.22511,0
0.82155,0.34008,0
3.09718,-0.57287,0
3.38958,-0.03265,0
2.98021,1.20663,0
1.54186,-0.8686,0
-0.28156,-0.24642,0
-0.20637,0.00035,0
0.08468,-0.55594,0
1.58696,1.21707,0
1.99097,-0.31869,0
2.08314,1.17935,0
-0.20737,-1.17965,0
2.12094,1.21789,0
0.46959,-0.95941,0
-0.42774,-0.54129,0
1.15521,-0.15103,0
0.11772,0.76768,0
-0.27366,0.76425,0
2.08247,-0.27372,0
2.77085,-0.27685,0
0.03933,-0.36832,0
0.62191,0.05105,0
0.3389,1.19859,0
0.98402,-0.9918,0
1.2937,-0.72607,0
1.45852,1.03723,0
2.46449,-0.60684,0
0.5116,0.40831,0
2.23564,0.78867,0
1.68904,0.9648,0
0.8482,-0.09212,0
-0.26262,1.08825,0
2.40456,-0.64794,0
0.15069,-0.31857,0
2.8597,0.54685,0
2.51698,-0.26303,0
3.15199,0.86716,0
0.85254,-0.17474,0
0.31441,0.96315,0
0.07138,-1.19486,0
1.59774,-1.1036,0
2.62212,-0.15549,0
2.61958,-0.50466,0
-0.19292,-1.24406,0
0.55814,0.57955,0
3.16482,0.46728,0
-0.34943,-0.58583,0
0.82394,-0.24036,0
-0.18152,-0.53627,0
3.28573,-1.15349,0
2.45513,1.17388,0
2.00856,0.49692,0
1.17424,-0.80318,0
2.38945,-0.77843,0
1.7123,-0.10728,0
1.21389,-0.41092,0
2.88707,-0.07152,0
3.09818,-1.06573,0
-0.04218,-0.34859,0
1.41129,0.61785,0
-0.35123,-0.68288,0
1.03902,0.26675,0
0.94569,-1.20317,0
2.47591,0.51775,0
1.89698,0.96562,0
0.60439,0.77096,0
-0.06941,0.80398,0
0.72439,-1.13527,0
1.28367,0.79287,0
1.83592,-0.93166,0
3.20405,-0.45469,0
-0.0126,-0.95366,0
1.93398,-1.23397,0
3.25432,-1.15453,0
2.05201,-1.17259,0
3.20384,-0.52796,0
2.33348,-0.25435,0
0.52554,-0.12016,0
0.13257,0.92864,0
1.61422,0.82976,0
0.01379,0.59944,0
0.34689,-0.13994,0
2.24826,-1.05355,0
0.20846,0.24529,0
0.25809,0.08989,0
2.97692,-0.46284,0
2.23909,-0.33436,0
2.65814,-0.4182,0
1.91738,-0.9379,0
2.25426,-1.18872,0
0.32903,-0.27668,0
2.24896,-0.4503,0
0.09387,1.05273,0
1.15578,1.17927,0
2.22872,-0.38427,0
-0.20844,-0.62442,0
0.97966,0.96118,0
3.10566,-0.46516,0
2.79836,-0.8177,0
-0.48817,-1.18409,0
2.26663,-0.48108,0
-0.40561,0.79498,0
2.99089,0.07181,0
2.0808,0.4503,0
0.55617,0.9294,0
0.64716,0.3066,0
2.05453,0.67953,0
0.23856,-0.63408,0
-0.04248,0.04939,0
3.03991,-0.04941,0
-0.44421,-0.55104,0
0.46417,0.25032,0
2.14794,-0.95285,0
2.38767,0.87611,0
0.59335,-0.76862,0
0.02286,1.23266,0
2.71555,-1.12481,0
2.40657,-1.10452,0
0.06547,-0.84575,0
3.0896,-0.45131,0
1.15084,-0.34495,0
0.11695,-0.54171,0
3.33249,-1.13374,0
1.98698,-0.35908,0
1.29525,-0.92299,0
1.59643,-0.28607,0
1.41528,0.20489,0
2.53044,-0.90391,0
1.31007,-0.71871,0
3.33523,-0.68742,0
2.14721,-0.39889,0
0.03661,0.91089,0
3.08173,1.0993,0
0.83372,0.70357,0
0.23949,0.52464,0
-0.42073,-1.00049,0
2.49608,1.13423,0
1.65308,1.22958,0
1.36403,-0.71633,0
1.64334,-0.50855,0
1.88697,-0.301,0
0.57808,0.67507,0
3.37096,-0.67383,0
2.16726,-1.03623,0
2.61904,-0.50664,0
2.28823,1.12259,0
0.97924,0.56852,0
1.91518,-0.73027,0
1.17498,0.75905,0
3.42776,0.65332,0
3.1803,0.2436,0
2.52003,0.37171,0
1.02161,0.82025,0
1.32578,0.04801,0
1.57,-0.14559,0
0.29577,-0.81182,0
2.14223,-0.84447,0
2.69444,-0.07655,0
1.492,-0.59344,0
2.26997,0.70322,0
-0.02993,0.49388,0
2.60186,-0.97014,0
2.86456,0.09714,0
1.83028,0.97411,0
1.56407,-0.81752,0
2.38322,0.70744,0
3.03678,0.06092,0
1.90135,1.21431,0
1.32098,0.10472,0
1.31455,-0.3246,0
2.15438,-0.24427,0
-0.32852,0.6857,0
2.83771,-1.04767,0
1.85666,-1.17755,0
2.82102,-0.3376,0
-0.12718,0.07907,0
2.35823,0.7688,0
0.39407,-0.74205,0
2.98608,-0.51888,0
2.47619,0.97052,0
1.50711,-1.07836,0
3.36412,0.8029,0
2.7584,0.2352,0
-0.17627,0.48718,0
2.8052,0.8097,0
1.87006,-0.88767,0
2.13646,-0.39328,0
0.94657,-0.79786,0
-0.13683,-0.03369,0
2.07523,0.61335,0
2.6629,-0.67977,0
0.61488,1.19036,0
2.6265,-1.21024,0
3.31144,-0.67985,0
2.34683,0.8653,0
-0.35449,-0.54365,0
3.29208,0.45973,0
-0.45092,0.17884,0
0.90857,0.65534,0
1.02184,-0.31495,0
0.85941,0.15774,0
3.27758,0.025,0
-0.36573,1.07981,0
1.31064,0.6814,0
3.28493,-1.06871,0
3.14462,0.63067,0
1.34541,0.59938,0
-0.07162,-0.3464,0
1.11124,0.77703,0
1.85772,-0.94749,0
3.48813,-1.22569,0
1.75159,-0.56702,0
3.41307,-0.95399,0
1.41801,-0.33366,0
2.21074,0.61069,0
2.37786,0.47358,0
0.74516,0.69494,0
2.88574,0.80754,0
2.04036,-0.16545,0
0.60742,0.98418,0
-0.24316,0.711,0
1.25371,-1.24778,0
0.8485,0.60143,0
0.93633,1.0836,0
0.40426,1.08311,0
2.40217,0.6172,0
1.13718,0.54899,0
2.3129,0.4034,0
1.91083,-0.90356,0
0.03726,-0.53512,0
2.02344,0.11023,0
1.14753,0.2607,0
0.42448,0.92246,0
-0.35775,0.09775,0
3.21643,-0.8725,0
2.51237,-1.17752,0
2.86825,-0.47541,0
-0.31839,0.0423,0
0.63928,0.54583,0
-0.19781,-0.44872,0
2.00049,-0.71085,0
0.41203,0.4831,0
2.04708,-1.13791,0
0.10398,-1.08634,0
1.70206,0.55454,0
3.30672,0.83962,0
2.91082,-0.55589,0
3.10926,1.03379,0
0.39085,-0.92049,0
-0.44909,1.11451,0
0.2013,0.85628,0
2.28326,0.54796,0
0.17592,1.18558,0
2.79669,-0.87511,0
0.2384,0.54488,0
-0.25416,0.72184,0
2.66943,-0.62758,0
2.52925,0.88069,0
0.7811,-0.79761,0
1.14434,0.56995,0
1.07706,-0.65989,0
3.30407,-0.06681,0
-0.17518,0.68449,0
1.24838,0.92114,0
-0.12491,0.86663,0
-0.01517,0.37218,0
2.84622,0.06321,0
1.45175,0.53534,0
0.49413,-0.1376,0
0.14436,1.22166,0
1.28059,-0.51718,0
2.95615,-0.91622,0
-0.49189,-0.79346,0
1.93198,0.14351,0
3.06703,-0.31423,0
3.35302,1.23136,0
-0.17535,1.08025,0
-0.38544,-0.6748,0
1.21867,0.17137,0
1.76783,0.11389,0
3.27552,-0.76683,0
0.93057,0.81582,0
2.55472,1.05185,0
0.0946,0.8017,0
-0.15663,-0.24028,0
2.33376,0.39259,0
0.7735,0.74774,0
2.20275,-0.78813,0
2.97077,-0.84454,0
1.75178,0.12428,0
0.42685,0.75517,0
-0.24504,-0.53754,0
0.28827,-1.05488,0
-0.45666,-0.04867,0
2.24598,1.23115,0
2.678,0.20905,0
2.46261,0.32202,0
-0.43178,0.85858,0
-0.49285,-0.4325,0
1.28143,-0.02197,0
2.86497,-0.13467,0
3.42194,-0.7988,0
2.16779,0.12899,0
3.42103,-0.45408,0
1.89203,-0.17185,0
1.3177,-0.67181,0
0.87147,0.8539,0
2.64343,0.18071,0
2.10782,0.12331,0
1.84666,1.00857,0
-0.35074,-0.83255,0
1.58771,1.13797,0
3.41176,0.24659,0
1.13704,1.0522,0
1.51615,-1.06237,0
1.99595,0.31044,0
0.55058,-0.77267,0
2.88006,0.11345,0
0.54932,0.61217,0
2.48862,-1.06446,0
2.64022,-0.39453,0
2.54576,-0.54601,0
2.52069,-0.14704,0
0.66878,1.00432,0
-0.04913,0.94657,0
1.30418,-0.49847,0
0.33668,-0.53127,0
2.46652,-0.10828,0
1.03773,0.76591,0
2.86845,0.38337,0
-0.248,0.38581,0
3.14291,0.30538,0
3.38715,-0.98238,0
2.18763,-0.96846,0
1.56122,-1.18799,0
3.19299,0.21415,0
0.16992,-1.03352,0
2.1939,0.38546,0
2.0957,1.08169,0
0.80763,-0.73987,0
3.26909,0.74724,0
-0.41678,-0.13126,0
0.96139,0.14218,0
1.36808,0.79186,0
2.99295,0.11323,0
1.33974,0.89828,0
0.57816,-0.22625,0
0.94764,-0.55558,0
2.68923,0.53358,0
1.03154,0.14337,0
2.52068,1.14382,0
-0.25581,0.14389,0
-0.38738,-0.79962,0
1.31962,-0.76538,0
0.16702,-0.55929,0
2.79723,0.32061,0
2.8351,-0.43811,0
0.40254,1.15101,0
-0.43319,0.72263,0
3.09358,0.82863,0
0.51821,-0.52994,0
1.06174,1.0575,0
0.54224,0.27418,0
0.7864,-1.22383,0
0.32724,-0.29165,0
1.10106,-0.07719,0
3.44583,-0.49248,0
-0.18708,0.90647,0
0.19882,0.87165,0
1.27691,-0.32038,0
2.99423,0.90317,0
1.29656,1.08682,0
1.0737,-0.96584,0
2.06353,0.93062,0
1.85861,-0.21937,0
2.11208,0.34616,0
0.54455,-0.09041,0
2.72447,-0.67145,0
0.39712,0.70123,0
1.11152,1.22983,0
2.1551,-0.51814,0
1.23854,0.62372,0
3.38347,0.58267,0
0.70389,0.87155,0
2.19068,-1.18864,0
3.47008,-0.33398,0
3.01561,0.1412,0
2.20166,-0.02052,0
1.66306,-0.83926,0
3.40991,1.0211,0
2.75591,0.73687,0
0.39671,1.13107,0
1.39804,0.38826,0
0.9112,-0.19657,0
1.06767,0.21003,0
3.39332,-0.49408,0
1.20947,-0.12526,0
0.08768,-1.0292,0
-0.2423,0.31955,0
0.68766,0.94764,0
1.95466,0.47137,0
3.28146,-0.76577,0
2.25536,0.50192,0
0.7,-0.10912,0
2.10153,-0.42195,0
1.95533,0.13353,0
0.47897,-0.91895,0
0.7887,1.12043,0
1.22901,0.92708,0
3.18443,0.4952,0
1.07114,0.66049,0
2.20505,-0.34149,0
1.36578,-0.7,0
1.81538,0.34508,0
1.56803,-0.68155,0
3.09289,0.47976,0
3.29645,-0.02193,0
-0.39778,-0.52784,0
2.09356,0.23039,0
2.95383,-1.23947,0
0.31156,0.54654,0
2.68677,-0.21292,0
0.21999,0.48792,0
2.53821,0.57898,0
-0.45535,0.66074,0
0.80197,0.66813,0
2.17382,1.01605,0
1.12657,0.46376,0
2.92347,0.02702,0
1.1084,0.85971,0
0.65187,-0.42983,0
1.33839,0.70412,0
1.25968,0.39312,0
1.0489,-0.26517,0
2.39964,0.34497,0
-0.19913,-0.63518,0
-0.2288,0.13183,0
3.44339,-0.51957,0
2.10092,-0.6867,0
1.9738,-1.17925,0
1.21429,-0.97355,0
2.3266,-1.15949,0
2.19419,0.0135,0
2.88667,-0.04972,0
1.92171,1.17659,0
2.62711,0.53126,0
2.57656,1.18847,0
3.37651,-0.08692,0
0.59612,0.68456,0
1.67602,-0.6256,0
-0.10549,0.2942,0
-0.01508,-0.58216,0
3.14649,0.51343,0
0.96327,-0.5067,0
2.43317,-0.67155,0
1.46284,-0.86949,0
0.15238,0.52052,0
0.73401,-0.69057,0
3.11595,-0.44822,0
2.67992,-0.53809,0
1.14084,-1.16046,0
0.69079,0.59811,0
1.40385,-0.37847,0
3.17104,1.17778,0
2.12043,-0.57849,0
1.20214,0.09651,0
3.0472,-0.18429,0
1.83994,-0.51061,0
3.41609,0.55342,0
3.39453,-0.14528,0
0.46536,1.21008,0
1.63655,-0.34718,0
1.36063,-1.2131,0
0.12996,1.22329,0
-0.11663,-1.143,0
1.65455,1.20863,0
2.90457,0.68341,0
2.44153,-0.70012,0
0.20129,-0.97172,0
-0.42521,0.92163,0
3.12208,-0.27021,0
2.61682,0.1421,0
0.10628,-0.4627,0
1.06489,0.96119,0
-0.01368,1.24055,0
3.30757,-0.22845,0
-0.16278,0.33277,0
0.79752,-1.08352,0
2.63956,0.86826,0
1.74609,-0.63603,0
-0.46988,-0.71759,0
2.33006,1.23427,0
2.20546,-0.31821,0
-0.09019,-0.85803,0
3.14067,0.29537,0
1.19925,1.10154,0
0.76383,-0.70619,0
1.8663,-0.40864,0
2.35744,0.345,0
2.03017,-0.62451,0
-0.18477,-0.33398,0
2.23248,-0.39047,0
1.05202,-0.89286,0
-0.21154,-0.21384,0
-0.05844,0.00427,0
2.63997,0.12353,0
0.45269,0.95936,0
2.29941,1.24123,0
-0.30483,-0.2847,0
-0.01127,0.1222,0
2.74029,-0.22883,0
3.22302,1.21312,0
3.1689,-0.76387,0
0.99747,-0.12772,0
2.92411,-0.18528,0
2.19847,1.0857,0
1.59025,-1.15551,0
1.68302,0.29709,0
-0.24074,0.04839,0
2.1989,1.00496,0
0.87932,-0.92455,0
3.21915,-0.25084,0
2.80954,-0.99837,0
-0.01993,0.64265,0
-0.23326,0.64723,0
1.07923,0.17897,0
0.59341,-1.2215,0
3.21018,0.31168,0
0.15132,0.96941,0
2.76297,0.41849,0
2.23496,-1.24082,0
-0.12084,0.61552,0
2.77922,-0.86836,0
2.75838,1.17792,0
-0.3854,-0.04196,0
0.29216,-0.92787,0
2.69589,0.69877,0
2.16802,-0.05879,0
2.91479,0.29321,0
-0.28253,0.72824,0
-0.27258,0.84847,0
1.51412,-0.1457,0
3.31331,0.18602,0
-0.47582,0.5585,0
0.38591,-0.83381,0
3.07645,0.1486,0
0.67476,0.4974,0
-0.22379,0.68891,0
0.59544,0.24091,0
1.73254,-0.65688,0
-0.21667,-0.6777,0
2.84461,-0.40553,0
1.14116,-0.90591,0
1.75008,-0.72409,0
2.69728,-1.24793,0
3.01526,0.13338,0
0.69044,-1.23972,0
2.79373,-0.73615,0
3.21843,-0.54197,0
2.94079,-0.89681,0
2.3967,-0.98926,0
2.77588,0.69072,0
1.44094,1.15183,0
0.37182,0.25407,0
0.42959,-0.38262,0
0.70617,0.59228,0
-0.41674,0.85252,0
1.24238,-0.75647,0
0.73009,-0.7421,0
2.69431,-0.72701,0
1.48406,0.44387,0
1.04505,-0.5494,0
-0.46661,-0.39873,0
-0.1493,0.05328,0
2.46492,-1.19595,0
-0.39343,-0.70599,0
2.53991,-1.16811,0
2.44492,-0.32732,0
1.7879,0.08219,0
1.12863,-0.28518,0
2.74273,0.06376,0
1.07945,-0.87651,0
1.12423,-0.4204,0
3.28897,-1.16583,0
0.6019,-1.06547,0
1.14651,0.40392,0
3.43212,-0.70541,0
1.44384,-0.69995,0
1.8449,-1.03348,0
1.0657,-0.92958,0
0.72377,0.05035,0
1.98491,0.70376,0
3.0028,-0.44558,0
1.55932,0.52233,0
0.1429,-0.26844,0
1.03255,-1.13868,0
-0.40114,-1.12323,0
0.61913,-0.06298,0
2.3687,0.64111,0
-0.06934,0.6341,0
2.44795,-1.22784,0
0.40175,-1.02705,0
1.71026,-1.21677,0
2.63244,-0.83392,0
0.15372,0.7224,0
1.46015,-0.42495,0
1.62162,0.22099,0
1.64983,-1.09149,0
3.25266,-0.04419,0
0.08776,-0.56129,0
-0.48904,0.97553,0
-0.12543,-0.01754,0
0.10204,-1.07937,0
2.69352,-0.72955,0
1.4495,0.25569,0
1.25754,-0.54418,0
1.04017,1.14279,0
0.35527,0.82027,0
0.85582,-0.60947,0
2.78561,-0.16831,0
1.64266,-0.33073,0
2.71511,-0.74599,0
0.79663,0.10145,0
1.3229,0.63093,0
2.10278,-0.26695,0
1.85934,0.02334,0
1.22737,0.75955,0
0.32404,-0.61203,0
0.70594,-0.65543,0
0.75601,-0.58052,0
2.96055,0.06879,0
1.3013,-0.96837,0
2.03251,-0.24004,0
3.17741,-1.00215,0
-0.41577,0.26409,0
2.70016,-0.18942,0
0.12457,-0.84208,0
0.01404,1.2272,0
0.25117,-0.18035,0
3.18798,0.45184,0
0.60112,-0.99397,0
0.56937,0.45171,0
0.00843,0.23073,0
2.70403,0.511,0
-0.4701,-1.15533,0
2.57807,1.07639,0
1.67187,-0.53167,0
1.78743,-0.83172,0
3.21138,0.51948,0
1.99742,-0.53349,0
2.42369,-0.52096,0
2.75285,0.51717,0
0.80263,1.04446,0
-0.00635,0.62111,0
0.33313,-0.92192,0
1.12443,-0.12928,0
2.5641,0.26867,0
0.15881,-0.10345,0
0.36355,-0.71256,0
1.37848,-1.20081,0
0.5209,-0.25668,0
2.78606,-0.628,0
2.71895,0.67448,0
0.7401,-1.03771,0
0.77544,0.17195,0
1.28418,-0.51365,0
2.54597,-0.72775,0
2.23485,1.20169,0
-0.04388,-1.17709,0
1.12207,-1.12004,0
1.5893,-0.95084,0
2.74295,-0.11393,0
-0.26023,0.34554,0
2.49382,-0.19044,0
1.93235,-0.01577,0
2.24321,-0.33788,0
1.44574,0.40217,0
2.92058,0.96624,0
1.61538,0.3567,0
0.19488,-0.75173,0
0.5576,0.49875,0
2.12694,-1.13776,0
1.23579,0.93627,0
0.72096,0.26888,0
1.32836,-0.32114,0
1.25787,-0.32875,0
-0.20855,0.26497,0
3.05749,0.23865,0
1.05336,-1.2305,0
-0.46522,0.65339,0
1.19024,0.19447,0
1.48026,0.36051,0
-0.15957,-1.18939,0
-0.03014,-1.20827,0
-0.30271,-0.98818,0
3.47148,0.48638,0
3.39188,-0.0467,0
0.51867,1.24743,0
3.42789,-0.07132,0
2.46514,-0.30331,0
0.53038,0.17025,0
1.75168,-0.46251,0
1.1693,-0.49702,0
1.48839,-1.1665,0
-0.49625,0.11305,0
0.4893,-0.45244,0
1.65362,0.31051,0
1.83489,1.03638,0
1.47538,1.02093,0
-0.48894,0.50056,0
1.25938,0.09971,0
1.53487,-0.68636,0
-0.11176,-0.2286,0
0.62662,1.01852,0
1.94788,-0.34503,0
0.73362,-1.07089,0
0.63908,0.47016,0
1.76533,0.97052,0
2.44509,0.22728,0
3.29396,-0.27368,0
2.50659,1.17441,0
0.53024,0.60283,0
1.95811,-0.97744,0
2.19591,-0.46461,0
1.11041,-0.1938,0
1.15842,-1.19011,0
0.52319,-0.02587,0
2.53091,-0.71716,0
3.31371,0.96872,0
1.40272,0.63817,0
0.46462,0.0381,0
-0.29181,0.25857,0
2.52644,0.51043,0
1.9937,0.77049,0
-0.26975,-0.9555,0
3.01688,-0.39367,0
0.38324,-0.50863,0
1.50785,-1.01009,0
2.58447,0.33167,0
1.07538,-1.18947,0
1.51303,0.88588,0
-0.09557,0.10905,0
1.73981,0.25894,0
0.41721,0.13106,0
1.56467,0.1747,0
1.80847,-1.22053,0
1.60995,-0.24948,0
2.47121,-1.12435,0
1.42698,-0.83808,0
2.80847,0.04677,0
1.06406,-0.69559,0
0.13604,-0.57608,0
3.42512,-0.86313,0
1.06073,0.32312,0
2.913,0.09518,0
3.28857,0.524,0
1.44425,-0.48721,0
1.64663,0.89326,0
0.3177,0.56076,0
3.00512,0.35773,0
1.70472,0.69075,0
2.43972,0.37227,0
1.6863,0.31062,0
0.05816,0.99877,0
2.88667,0.91865,0
-0.30966,-0.08263,0
2.65779,-0.65973,0
0.45458,1.01,0
3.4752,-0.38663,0
0.8953,1.07933,0
2.76804,-0.99332,0
2.98211,1.05828,0
0.75414,-0.85361,0
1.47222,0.33159,0
3.47832,-0.67524,0
-0.36688,-1.15352,0
1.5662,-0.85484,0
2.34053,1.19734,0
3.34728,0.53918,0
2.97073,0.9069,0
1.53327,0.33238,0
-0.15173,-0.447,0
-0.24987,0.98228,0
0.19109,0.54157,0
0.25498,0.29534,0
1.92473,0.48335,0
2.43925,-0.17038,0
2.02624,0.12896,0
1.02198,1.23573,0
0.64509,-0.973,0
3.32717,0.11226,0
-0.15712,0.29161,0
0.29587,-0.86171,0
1.65719,0.87941,0
2.49909,0.63995,0
2.047,-1.06654,0
3.08041,0.71653,0
1.68355,-0.85223,0
3.03781,1.08944,0
0.49344,-0.40986,0
0.08833,-0.59565,0
0.41851,0.54423,0
1.73634,0.11802,0
-0.29771,-0.18558,0
0.22875,-0.1002,0
2.63135,-0.61285,0
1.78388,0.38016,0
-0.18986,-0.68321,0
-0.0989,1.10379,0
1.76643,1.10849,0
-0.26374,-0.54529,0
1.36583,0.26634,0
0.85666,-0.97987,0
1.00512,-0.9678,0
2.29731,-0.7473,0
1.83429,0.9179,0
1.64177,1.19157,0
-0.10468,0.05184,0
-0.28494,0.32262,0
2.63217,-1.05035,0
0.4609,1.17718,0
0.64413,0.03441,0
0.36672,0.86416,0
1.43606,0.27823,0
2.66607,0.06392,0
2.00055,-0.9181,0
-0.02621,-0.80496,0
2.74872,0.30586,0
1.77264,-0.7278,0
1.18687,1.16548,0
1.09824,0.74097,0
2.89212,0.22009,0
0.13335,-0.27039,0
1.16558,0.27412,0
1.54276,0.31162,0
0.04279,0.96563,0
1.56257,-1.14479,0
2.34671,1.14068,0
1.94027,0.08718,0
-0.28116,-0.57257,0
0.59047,-0.64102,0
1.23115,0.24607,0
2.72528,-0.45806,0
2.35374,0.90281,0
1.16556,0.93995,0
2.80998,-0.97954,0
-0.04398,1.11344,0
3.08812,0.08636,0
3.13236,1.03734,0
0.67792,-0.70707,0
2.64759,-0.47581,0
1.29957,-0.7866,0
2.51208,0.62654,0
3.34104,0.23305,0
0.53437,0.34066,0
-0.16769,-0.99166,0
2.78306,0.95731,0
0.65484,-0.51532,0
2.57399,-0.4453,0
3.04798,-0.50995,0
0.63795,-1.1049,0
1.22594,0.51504,0
3.25641,-1.11825,0
1.68157,-0.72789,0
3.43436,0.45117,0
1.46893,1.1037,0
0.65152,0.7949,0
1.77075,-1.19868,0
-0.18832,0.75716,0
-0.26601,-0.83534,0
3.14043,0.5445,0
-0.46997,0.82054,0
1.3941,0.21389,0
1.57482,0.52836,0
-0.43125,0.37903,0
3.34467,-0.30598,0
3.41589,-0.08996,0
0.408,0.92078,0
3.3454,-0.65953,0
0.40316,0.76517,0
3.13435,1.15699,0
2.94386,0.47809,0
-0.31554,-0.08688,0
1.24366,-0.23083,0
3.19467,-0.12269,0
3.10132,-0.72326,0
0.74155,-0.77246,0
2.05361,-0.12396,0
1.00774,0.28321,0
-0.01306,0.26139,0
0.7422,-0.1205,0
2.93945,-0.83551,0
-0.23019,0.8535,0
0.82628,-0.9258,0
1.27309,0.87014,0
-0.29659,-0.48698,0
1.25773,1.01101,0
0.1834,0.47353,0
1.5987,0.87414,0
1.7052,0.63142,0
1.71391,-0.6612,0
2.651,-0.60177,0
-0.17524,0.20022,0
0.87139,-0.28573,0
3.28697,1.0583,0
1.57749,1.08729,0
0.76925,-0.46722,0
-0.35733,-0.25429,0
-0.42827,-0.68675,0
2.52132,1.00613,0
2.84748,0.22801,0
0.14515,-0.1743,0
3.42897,-0.28097,0
3.06587,-1.07265,0
2.71336,0.93253,0
-0.17357,1.04523,0
0.79176,0.07099,0
1.67124,-0.70649,0
3.41325,-0.12008,0
-0.22415,0.81727,0
3.24782,0.76537,0
3.36943,-0.21549,0
1.64349,-0.63939,0
2.01455,-1.12832,0
3.1091,-0.79927,0
2.35607,-0.55078,0
1.71253,0.537,0
0.92006,0.5388,0
2.17093,0.16648,0
1.00768,-0.27605,0
-0.02283,0.29171,0
0.98763,0.71702,0
0.46772,0.89595,0
2.83685,-0.16814,0
1.89199,0.8106,0
1.64911,-1.12721,0
2.93786,0.33652,0
-0.15275,0.77047,0
0.7216,-1.16737,0
0.86844,-0.24265,0
1.35303,0.24787,0
2.41389,-0.03252,0
3.21449,-0.70425,0
-0.31845,0.9819,0
3.44738,1.21089,0
3.2702,1.05712,0
1.52994,1.06215,0
3.08895,-0.29872,0
2.88178,0.54165,0
2.31512,-0.06592,0
1.43396,0.75086,0
0.13313,0.0458,0
2.15014,-0.45133,0
3.13159,0.43592,0
2.79715,-1.04056,0
3.26838,0.8785,0
-0.07732,-1.06309,0
1.86018,-0.27565,0
1.40501,-0.45897,0
2.11327,0.81623,0
-0.02894,0.81429,0
2.00605,0.55475,0
1.35767,1.2464,0
-0.1057,-0.7706,0
1.90222,0.86014,0
-0.38839,-0.82978,0
0.57499,-0.97578,0
2.67645,0.97218,0
1.74294,0.63625,0
1.27381,-0.82416,0
2.7254,-0.19985,0
0.86623,-0.71199,0
1.6527,0.77783,0
1.00397,1.17607,0
1.48087,-0.94811,0
2.9724,0.95367,0
-0.26058,-0.40596,0
-0.25039,-0.86897,0
0.3503,-0.44726,0
2.73951,0.0275,0
2.65919,0.3532,0
2.07644,0.04543,0
3.18891,-0.18845,0
-0.45003,-0.92088,0
0.60896,-0.57065,0
-0.14968,-0.98621,0
0.99831,0.54454,0
2.82224,0.70633,0
2.53463,1.20896,0
1.35095,-0.84084,0
0.92898,-0.35846,0
-0.44074,0.41569,0
3.43449,-0.37618,0
2.30861,0.24646,0
1.14863,0.30541,0
0.37887,0.98839,0
3.08174,0.53579,0
-0.00638,-0.05339,0
0.8601,-0.38516,0
2.23144,-1.16832,0
2.7716,0.06982,0
0.71497,0.47993,0
0.26912,-0.75762,0
3.12251,-0.80562,0
0.02112,0.2845,0
1.63988,0.79276,0
1.58425,-0.55756,0
1.24847,-0.22092,0
-0.2985,1.15498,0
1.8532,1.17144,0
-0.05108,-0.53158,0
0.72246,0.63942,0
2.80335,-0.07928,0
1.03277,0.53887,0
2.05334,-0.36469,0
-0.30974,-0.90906,0
3.06988,0.59958,0
2.59718,-0.15631,0
0.64977,-0.6969,0
1.55519,0.45685,0
1.34229,-1.18015,0
2.39343,-0.61683,0
2.61259,0.63169,0
0.56553,0.43131,0
2.43274,-0.18973,0
-0.00064,-1.20225,0
1.67853,0.40652,0
0.35375,-0.9423,0
2.57552,-1.09417,0
2.7233,-0.92723,0
1.42499,-0.81408,0
2.12373,-0.62494,0
2.59481,0.95399,0
3.23116,0.59592,0
2.14207,-0.0453,0
3.16107,-0.13697,0
0.14275,-0.22933,0
3.00534,-1.10284,0
2.58438,-1.06331,0
2.73541,0.58317,0
3.24812,0.50314,0
2.97382,0.14043,0
0.48491,0.23234,0
1.64084,0.03173,0
3.18252,1.18886,0
3.07923,0.4875,0
1.01489,0.77376,0
3.0223,0.14505,0
0.6184,-0.43618,0
1.17312,0.89871,0
2.66176,-0.74971,0
0.87906,-0.41304,0
2.61358,0.29869,0
1.05478,0.10166,0
1.20083,-0.91904,0
0.17812,-0.47379,0
0.7523,-0.6043,0
0.59069,0.10381,0
0.96218,1.18807,0
0.71942,-0.90184,0
0.0602,-0.57715,0
1.79686,-0.48399,0
1.09613,-0.6549,0
0.54237,-0.36546,0
3.29481,0.5229,0
1.32349,-0.8999,0
0.56424,0.0089,0
1.52691,-0.32321,0
1.04961,-0.92035,0
-0.4484,0.59463,0
2.49174,0.20286,0
3.23467,-0.70353,0
0.65906,-0.00426,0
0.76853,-0.52647,0
2.26093,0.91769,0
1.33659,1.15889,0
2.50468,-0.88572,0
3.24026,-0.66142,0
0.61158,-0.75733,0
0.00913,-1.00186,0
-0.04597,0.19263,0
0.22824,0.28582,0
1.63165,0.8224,0
1.43961,1.19067,0
1.96846,-0.65812,0
1.1252,-0.43622,0
2.8338,-0.23419,0
0.47371,0.869,0
2.36692,1.08148,0
2.81685,0.75846,0
2.76233,-0.7896,0
2.80671,1.14364,0
1.74484,-1.13653,0
3.0941,-0.53848,0
2.33082,0.27352,0
0.59395,1.05829,0
1.16888,-0.03012,0
1.76763,0.8168,0
0.42684,-0.57715,0
-0.23061,0.39629,0
0.06374,1.03372,0
0.49345,0.13659,0
1.95675,-0.95088,0
1.37446,-0.62676,0
1.52558,-0.29398,0
1.14476,-0.1413,0
0.73036,-0.99838,0
2.28555,-0.58032,0
1.74843,-0.36966,0
0.47015,-0.04679,0
2.45387,0.81827,0
0.36071,-0.3218,0
-0.40267,-0.00321,0
0.38742,-0.06447,0
-0.15672,-0.52766,0
1.65532,-1.21632,0
3.0496,-0.81454,0
0.63645,-0.34743,0
1.26624,-0.50889,0
2.60779,0.33727,0
-0.16819,-0.75782,0
3.02636,-1.00763,0
3.27237,-1.07899,0
1.82852,-0.35776,0
-0.01243,0.75146,0
-0.28721,1.20804,0
1.871,0.17266,0
0.66191,1.12655,0
0.8819,-0.73482,0
0.97012,-0.47713,0
0.10094,-0.53287,0
0.78984,0.80034,0
2.74422,-0.55528,0
2.96123,-0.77098,0
1.04179,0.06669,0
3.20773,-0.40135,0
0.61271,-1.05172,0
0.26208,1.19484,0
0.13227,-0.24161,0
2.41012,-0.45662,0
1.5506,-0.67521,0
1.49679,-0.70584,0
1.44231,0.22381,0
1.18078,1.19977,0
2.28631,0.03484,0
-0.14738,-0.56005,0
0.78244,1.10637,0
2.61671,1.06552,0
1.40451,-0.41258,0
0.62943,-0.51677,0
3.16625,0.79865,0
1.94844,-0.60418,0
1.82529,0.07281,0
-0.2675,-0.20232,0
1.09922,0.20684,0
0.47076,-1.0434,0
0.07418,-1.08731,0
0.31166,-0.23393,0
0.69806,0.54616,0
1.35499,-0.25597,0
2.43484,0.0131,0
1.45015,1.05834,0
0.35735,-0.54731,0
-0.32694,0.58463,0
0.13712,0.21398,0
1.05817,-0.93174,0
0.35843,-0.16646,0
2.05221,0.87653,0
0.92738,-0.37522,0
2.63335,0.46107,0
2.03932,-0.87568,0
-0.06842,-0.52707,0
2.88088,0.65271,0
0.61171,-0.95552,0
2.40559,0.6741,0
3.2967,0.53089,0
-0.00873,-0.17619,0
-0.03877,0.54184,0
0.61096,0.34889,0
0.95299,0.79652,0
0.52346,0.11358,0
2.83137,-0.74239,0
-0.32024,0.64163,0
2.10699,-1.2402,0
2.29148,0.74489,0
1.41591,0.93746,0
1.94185,-0.97802,0
1.21696,-0.91452,0
2.96123,0.9703,0
-0.35528,-0.0139,0
2.36109,0.27573,0
1.40871,0.75375,0
1.9977,-0.8395,0
1.22644,-0.59593,0
-0.04036,0.30322,0
0.35284,1.09063,0
0.68756,0.9837,0
-0.08919,-0.79076,0
0.50432,-0.73519,0
0.44728,-0.22506,0
1.01938,-1.04011,0
2.47478,-0.84672,0
2.31787,0.51045,0
2.11252,-0.51738,0
0.06831,1.20938,0
0.04601,-0.09675,0
3.15713,-0.76514,0
0.42509,-0.88051,0
1.57584,-0.86554,0
2.89017,0.33941,0
2.15256,1.04826,0
3.11353,0.09745,0
2.15591,0.0513,0
0.72888,-1.0672,0
2.74949,0.68141,0
2.13452,-1.20028,0
3.49971,1.2206,0
1.31542,0.77909,0
1.05939,0.11442,0
0.02606,-0.04771,0
1.97236,0.61942,0
0.92305,-1.23633,0
3.24881,-0.80405,0
2.86911,1.00029,0
0.77028,0.85117,0
1.38473,-0.91225,0
3.23237,-0.46576,0
3.33045,0.13882,0
-0.40565,1.0322,0
0.35869,0.07503,0
-0.39903,0.99284,0
-0.25306,-0.53141,0
1.2157,-0.78494,0
-0.32589,0.94213,0
2.99196,1.16716,0
-0.42761,0.39595,0
1.42014,1.20244,0
0.92482,-0.15907,0
1.27532,1.23392,0
3.43914,0.62918,0
0.16659,-0.02357,0
-0.3366,-1.24199,0
0.78653,-0.35135,0
2.23909,0.52986,0
2.88827,-1.12229,0
1.58591,-0.77185,0
0.2159,0.68716,0
1.42751,-0.93761,0
1.80073,1.07507,0
3.36372,1.24069,0
0.85967,0.55354,0
0.86213,-0.89391,0
3.13875,-0.09189,0
3.38899,-0.38298,0
-0.26343,0.66974,0
1.67761,-1.2302,0
1.76918,-0.19665,0
1.10672,1.00655,0
1.97559,-0.48568,0
1.22921,-0.8407,0
0.27251,-0.37939,0
2.7389,-0.04617,0
2.02489,0.32121,0
0.41633,0.20524,0
3.1546,-0.20805,0
2.65271,-0.75027,0
-0.15718,-0.78106,0
2.28788,-0.32931,0
2.30114,-0.91527,0
3.24129,0.49705,0
2.45506,0.72572,0
2.77256,1.23073,0
0.06383,0.69541,0
1.43376,-1.06459,0
1.48139,0.75435,0
0.17298,0.53579,0
1.7417,1.02966,0
3.29663,-0.17328,0
-0.06387,-1.16838,0
1.95269,-0.76413,0
1.20953,1.18911,0
1.51841,0.96929,0
3.06464,-0.40806,0
-0.16174,0.50334,0
0.78861,-1.04214,0
2.9132,1.1709,0
1.94122,0.71306,0
3.4886,-0.31721,0
3.4627,-0.90629,0
3.41957,-0.53182,0
0.56292,-0.48415,0
2.93403,-0.43512,0
1.18808,-1.1589,0
1.48392,-1.11606,0
2.90612,0.81923,0
1.81511,-0.59477,0
1.32577,-0.66316,0
2.28915,-1.02681,0
0.17881,0.02884,0
1.95689,0.74943,0
1.69788,-0.22061,0
1.74572,-0.49962,0
2.2224,0.63135,0
1.38912,1.13416,0
-0.37649,-1.04278,0
0.39781,0.47835,0
3.14007,0.32348,0
0.75782,0.09795,0
0.37574,-0.5256,0
0.45795,-0.52851,0
1.78545,0.91668,0
3.22108,-0.88868,0
1.95379,0.31872,0
-0.18064,-0.76549,0
0.36402,-0.3872,0
1.21951,-1.00594,0
1.85986,-0.35246,0
1.25981,-0.65149,0
1.56458,0.93271,0
1.28258,-0.36275,0
1.30701,-0.04351,0
0.1268,-0.41083,0
1.59272,-0.67863,0
1.01401,-0.18766,0
-0.3555,1.23665,0
2.9461,-1.03993,0
0.99678,-0.29413,0
3.20915,0.904,0
0.11211,-0.44688,0
-0.21284,0.91991,0
2.94456,-0.10932,0
3.29969,-0.39154,0
-0.24181,-1.2201,0
3.34981,-0.27313,0
2.93245,0.26359,0
2.35732,0.48449,0
1.14099,0.14464,0
1.70308,-0.09601,0
3.41139,-0.06319,0
-0.1689,-0.10578,0
1.51367,-0.24004,0
0.97609,1.14484,0
0.16006,0.80686,0
1.24402,1.09311,0
1.90625,0.77135,0
1.14132,-0.42904,0
1.19035,0.23595,0
1.13652,0.33315,0
0.35651,0.27946,0
0.34503,-0.23875,0
2.93048,1.18215,0
1.36306,0.45606,0
-0.14333,0.27668,0
1.32882,0.60316,0
0.50938,0.99386,0
0.2291,-0.85068,0
1.81991,-0.99204,0
2.6531,0.09656,0
3.18767,0.04146,0
-0.16495,0.91665,0
3.14997,-1.1507,0
0.28496,1.23602,0
-0.3148,-1.23881,0
0.21174,1.08547,0
1.85319,1.04487,0
1.93343,-0.21731,0
0.36491,-0.14547,0
1.81271,0.6055,0
3.41458,1.18087,0
0.94492,0.71185,0
1.28722,0.07673,0
2.1354,-1.14466,0
2.18956,-0.20565,0
2.0604,-1.08659,0
-0.08891,0.67498,0
0.26051,0.2498,0
-0.29974,-1.14933,0
1.3087,0.03169,0
-0.30232,0.21992,0
2.76276,0.88688,0
-0.15633,-1.17994,0
2.27689,0.34665,0
3.31953,0.36083,0
3.43703,0.485,0
-0.44648,0.86656,0
1.65189,0.64453,0
1.43879,0.98752,0
2.04265,0.06885,0
0.71757,0.61921,0
1.95328,0.07101,0
1.34943,0.55188,0
2.25419,-1.04269,0
3.30112,0.41623,0
2.28343,-0.70478,0
3.22589,-0.20639,0
1.40645,0.78503,0
0.71867,0.86854,0
1.39942,-0.80094,0
2.93269,1.23174,0
1.11449,-0.08876,0
-0.08417,-0.29807,0
-0.4849,-0.53466,0
1.23079,-0.55857,0
3.03876,0.83864,0
2.61862,-1.09815,0
0.32946,-0.34783,0
1.44976,1.14624,0
0.64926,0.17697,0
3.20627,-0.60952,0
3.48071,0.67922,0
-0.46048,-0.40888,0
2.37513,-1.06521,0
-0.28695,-0.82813,0
-0.38193,-0.71132,0
3.20705,-0.9973,0
-0.42035,0.73321,0
-0.17461,-0.2229,0
1.4938,0.9879,0
2.76809,-0.33686,0
3.0562,-1.24469,0
3.04145,1.00712,0
0.17929,0.281,0
0.29755,0.08448,0
2.69139,0.4249,0
1.4091,0.43484,0
0.45888,-0.65959,0
0.19894,0.39378,0
0.21405,-0.83567,0
-0.25427,-0.67229,0
2.58911,1.22813,0
2.17972,0.43501,0
-0.21612,-0.4699,0
-0.06173,1.00594,0
0.41625,-0.34811,0
0.99107,-1.03674,0
2.24254,0.6169,0
1.30621,0.25365,0
2.27125,-0.82363,0
2.11886,-0.52302,0
1.64351,-0.52268,0
0.92823,-0.5868,0
2.60617,0.71782,0
1.35995,-0.5543,0
2.87757,-0.87662,0
1.02532,1.08864,0
1.91739,-0.79636,0
-0.48645,-1.00555,0
1.42536,-0.81135,0
1.79497,1.0224,0
0.28728,0.61714,0
1.33537,0.46505,0
0.53311,-1.20868,0
-0.3257,-0.49417,0
2.10248,-0.67124,0
2.10704,0.06815,0
-0.19216,0.2278,0
2.45489,0.10244,0
2.91012,0.67104,0
1.76296,-0.18147,0
1.51511,0.01706,0
0.78846,-0.55916,0
0.08974,1.24503,0
2.19144,0.75579,0
1.87987,1.16264,0
1.93923,0.7497,0
1.08468,-0.87944,0
2.61674,-0.04626,0
0.41176,0.22783,0
-0.21031,0.0001,0
1.70131,-1.05006,0
2.77207,-0.96018,0
0.46306,0.3488,0
3.12566,0.27819,0
-0.36599,-0.40685,0
0.62352,0.39678,0
1.04168,0.02401,0
-0.24872,1.14776,0
2.91084,0.52929,0
2.08949,0.55966,0
2.40727,0.27072,0
1.55328,0.15287,0
2.90702,-0.89496,0
2.48813,1.10669,0
3.07499,1.20722,0
2.50472,0.89144,0
1.88063,-1.1451,0
-0.23685,-0.47642,0
3.11697,0.2899,0
1.22592,-0.12963,0
0.17028,-0.58947,0
-0.35325,0.44321,0
0.95494,1.166,0
0.86896,-1.09882,0
2.92736,-0.83464,0
-0.38442,-0.2706,0
2.66082,-0.1253,0
-0.0028,1.07833,0
1.46463,0.75777,0
1.5537,0.62132,0
-0.08506,0.10442,0
2.20673,-1.17875,0
-0.37138,-0.95136,0
-0.18687,-0.02774,0
3.09838,-0.93611,0
-0.38561,0.91811,0
2.73094,0.15509,0
0.92872,-0.47607,0
-0.46795,-0.23671,0
2.07083,0.53072,0
3.32899,0.91706,0
3.33154,-0.62703,0
-0.255,0.66305,0
3.17286,-1.03442,0
2.78505,0.53372,0
1.83046,1.0727,0
1.29779,0.44083,0
-0.17154,1.14723,0
3.34649,-0.83143,0
3.41868,0.03346,0
1.03584,-0.92219,0
-0.49571,-0.2393,0
2.02433,1.06504,0
1.04183,-0.68909,0
0.44767,-0.14192,0
1.10902,-0.99664,0
0.17658,0.97279,0
0.32724,-0.59032,0
0.08657,0.41387,0
2.72777,0.63144,0
1.2083,1.13746,0
1.23973,-0.2223,0
-0.42534,-0.73016,0
1.39406,0.65034,0
3.47324,0.67878,0
2.19865,-0.56134,0
3.45156,0.13745,0
0.89849,1.01742,0
1.36505,0.44753,0
1.73628,0.80936,0
2.94428,-0.22589,0
0.21903,-1.09736,0
-0.18242,-0.06272,0
1.64415,0.79572,0
2.66423,-0.45465,0
0.5391,-0.25174,0
0.75388,0.62412,0
2.43348,-0.95488,0
1.86994,0.65007,0
2.1985,0.61948,0
0.13631,1.18638,0
0.79742,0.58704,0
3.16872,-1.00257,0
3.02955,0.82505,0
-0.21707,1.09632,0
0.88739,-0.98558,0
0.91148,0.63929,0
1.21934,-0.03978,0
3.44799,-1.05624,0
1.94265,-0.12302,0
3.10403,-0.18124,0
-0.36194,-0.49203,0
1.00601,-0.89962,0
1.13424,0.58663,0
0.81147,-0.10383,0
2.00464,-0.98447,0
0.35302,-0.71691,0
0.71447,-0.24439,0
0.9702,-0.78367,0
2.0552,-0.73631,0
2.07728,0.89243,0
0.15973,-0.01055,0
1.03737,0.78236,0
2.98484,1.0448,0
0.59574,-1.10525,0
0.60796,-0.47082,0
2.09058,-0.36763,0
3.1386,0.17952,0
-0.46518,-0.4285,0
2.23627,-0.46011,0
1.171,0.0805,0
2.77144,-0.16508,0
1.08218,0.23612,0
0.29873,0.77845,0
-0.02473,-0.62403,0
0.77906,-0.16506,0
0.2616,1.13618,0
0.15218,-0.13679,0
2.10078,0.8292,0
1.65777,0.90805,0
0.84909,-1.0804,0
0.7975,-0.30791,0
-0.31171,0.75267,0
0.4939,0.20363,0
0.97292,0.52586,0
0.37827,0.82288,0
2.31545,-0.40923,0
1.99744,-1.16687,0
3.02007,-0.0379,0
1.59524,-0.29029,0
2.79088,0.16283,0
3.10493,-0.78094,0
0.443,-1.02624,0
0.63771,0.21944,0
2.83071,0.55869,0
1.37178,0.36444,0
-0.24406,1.09729,0
1.97119,-0.85939,0
2.75323,-0.30251,0
1.39821,-0.03444,0
3.17982,1.02764,0
2.86315,0.59616,0
-0.35623,-1.23954,0
0.80221,1.0558,0
0.26679,-0.91585,0
1.91614,-0.29228,0
-0.36597,-0.87284,0
0.01282,-1.03489,0
1.36112,-0.91516,0
0.71326,-0.20665,0
0.74404,-0.5141,0
-0.30674,-0.74384,0
1.39151,1.07555,0
2.05316,0.36711,0
1.89964,0.06742,0
1.39461,-0.25642,0
2.41412,-0.57069,0
-0.09859,-0.91214,0
0.01438,0.0022,0
2.00282,-1.04413,0
0.14651,0.57947,0
0.74005,1.09188,0
2.63386,-0.99396,0
2.314,0.60515,0
-0.14059,1.15024,0
1.42789,0.72078,0
-0.03775,-1.12088,0
1.92807,-0.79374,0
0.14022,1.13784,0
0.18187,-0.04682,0
1.20144,0.91449,0
2.02459,-0.55799,0
1.86591,0.43357,0
3.02721,0.71677,0
2.30217,0.04577,0
2.2185,-0.9184,0
1.61926,-0.54443,0
2.19837,-0.40797,0
1.63668,0.14252,0
3.23785,0.56257,0
0.65385,-0.34663,0
3.34498,0.96845,0
1.15996,0.69188,0
3.29853,-0.37381,0
1.71198,0.72833,0
-0.34291,0.07975,0
0.70585,-0.99969,0
0.59621,-0.21518,0
0.17637,0.47327,0
0.50978,1.19277,0
2.79807,1.08026,0
2.23208,0.87005,0
1.27981,-0.6734,0
1.74405,-0.34845,0
0.73791,0.47878,0
0.89766,-0.39074,0
0.11937,-0.521,0
-0.46751,-0.25256,0
0.10495,-0.18316,0
0.10614,0.16025,0
1.30566,0.99035,0
0.87391,1.03574,0
2.06825,-1.10797,0
3.45611,-0.96296,0
0.10824,-0.74833,0
0.22912,-0.36552,0
1.90585,-0.69801,0
-0.3022,-1.05825,0
1.27188,-0.11579,0
0.27068,1.20159,0
-0.28306,0.15543,0
0.56968,0.09393,0
2.89653,-0.30125,0
1.14585,1.09705,0
-0.35501,-0.96523,0
1.77891,0.48778,0
-0.12175,0.58086,0
2.0968,-0.48609,0
2.53793,0.59607,0
2.1392,-0.63057,0
1.99395,0.62676,0
2.3651,0.26381,0
0.07344,0.43954,0
1.3298,0.42388,0
2.87961,1.12699,0
0.43606,0.25485,0
0.97512,-0.17653,0
3.09353,1.22661,0
0.81906,0.88545,0
2.8036,-0.96874,0
0.24247,0.95669,0
1.1321,-0.80736,0
0.2142,-0.92017,0
2.87613,1.18141,0
0.69146,0.04255,0
2.11772,0.37849,0
0.17898,0.87868,0
3.0353,-0.84819,0
0.4281,-0.40869,0
2.26048,-0.13848,0
0.64373,-0.96812,0
2.33792,-1.00249,0
3.25073,0.27451,0
2.11163,-1.16909,0
1.63907,-0.46877,0
-0.30059,-0.90061,0
1.05831,-0.22479,0
2.66121,-0.81781,0
1.20519,-0.63286,0
3.21753,-0.5283,0
2.08943,-0.92356,0
1.61254,-1.0288,0
0.04385,0.76569,0
3.24061,-1.08085,0
1.28502,0.04426,0
1.38816,-0.17563,0
2.34414,-0.09442,0
-0.11118,0.95896,0
3.18555,0.2504,0
2.05497,0.63534,0
3.32855,0.69775,0
1.18197,1.24935,0
0.36079,1.14091,0
0.52161,0.46362,0
1.85552,1.20918,0
2.92029,-0.80364,0
0.08019,0.91011,0
-0.35942,1.16556,0
1.72659,-0.07971,0
2.47867,-0.78196,0
2.34499,0.50021,0
1.08306,-0.26103,0
2.64526,1.07628,0
1.80314,-0.45139,0
3.15385,-0.76151,0
-0.02671,0.24589,0
2.88081,1.10371,0
-0.35675,-0.83191,0
0.31929,-0.29767,0
0.61093,-0.70793,0
2.15865,-0.76977,0
2.84272,-0.12558,0
0.13413,-0.81134,0
-0.13314,-0.80282,0
-0.14802,-0.03582,0
-0.13402,-0.11961,0
1.08464,-0.89693,0
1.42982,0.84483,0
1.49307,-0.45655,0
3.41689,0.69622,0
0.03213,-0.07541,0
1.05326,0.30035,0
2.86246,0.70563,0
2.13649,-0.02274,0
0.61677,-0.43588,0
0.5506,1.13184,0
0.09369,0.53545,0
0.01768,0.46585,0
2.84704,-0.99789,0
3.45185,-0.99892,0
2.1638,0.29379,0
-0.45459,0.2438,0
2.99741,0.99624,0
0.42473,-0.77931,0
0.32123,-1.0281,0
0.28657,0.23145,0
2.29227,-0.95114,0
1.51948,1.00283,0
-0.26868,0.03049,0
2.15078,0.59405,0
1.08757,-0.49346,0
1.99217,-0.32234,0
-0.01391,-0.02135,0
-0.40406,0.33496,0
2.03001,-0.38566,0
0.91997,-0.70074,0
1.74048,1.02766,0
0.91664,-1.10909,0
1.0557,0.65997,0
2.25146,0.17902,0
2.6629,-0.06973,0
2.63442,-1.18008,0
-0.39736,0.14504,0
2.77037,0.26104,0
3.20986,-0.66927,0
-0.30707,0.10941,0
-0.46672,-0.93942,0
1.0743,0.52361,0
2.01143,-0.86039,0
-0.21695,-0.44496,0
2.58519,-0.23233,0
3.25941,-0.46649,0
0.88955,0.22347,0
0.31907,-0.48578,0
0.07187,-0.39758,0
-0.07912,0.19482,0
1.49935,1.19468,0
3.42281,-0.22849,0
2.15741,-0.18763,0
1.60532,-0.22679,0
0.29406,-0.08325,0
1.06489,0.52879,0
-0.02766,-0.15519,0
2.40502,-1.01799,0
0.95951,0.71756,0
1.58928,-0.18827,0
1.68239,-1.18084,0
2.20022,-0.38346,0
0.72437,-0.91921,0
1.54495,1.16805,0
3.17157,-0.66259,0
0.41808,0.85881,0
0.45936,-0.52963,0
2.11297,1.09058,0
1.73641,-0.92416,0
-0.00595,-0.30215,0
2.20565,0.08381,0
1.03505,-1.10349,0
2.38003,-1.10101,0
2.1281,-0.46726,0
1.00563,-0.54122,0
3.43403,-0.54818,0
0.14695,0.50549,0
0.97517,-0.18209,0
2.43919,1.04423,0
3.17035,-0.80394,0
2.13569,0.14503,0
0.29208,0.65434,0
2.3593,-0.74761,0
3.13506,0.30691,0
-0.38864,0.49992,0
1.09526,0.75858,0
0.12843,0.68343,0
2.97024,-0.57431,0
1.09615,0.97822,0
-0.01085,-0.53729,0
1.29967,0.92479,0
2.1967,0.59894,0
2.11088,0.35269,0
-0.07747,0.04005,0
0.52275,0.77307,0
1.70154,1.203,0
3.21154,-0.33803,0
3.09528,-0.35836,0
2.44363,0.50023,0
2.53228,1.16761,0
2.71652,-0.58125,0
1.8561,0.20948,0
2.95171,-0.02192,0
1.68098,-0.357,0
1.40431,1.09324,0
1.48658,0.83673,0
3.08132,-1.18464,0
1.59619,-1.09507,0
2.81166,0.59811,0
-0.49766,0.84824,0
1.10535,0.47925,0
3.33971,1.00368,0
2.25861,-0.55557,0
2.96777,-0.12345,0
-0.23483,-0.04375,0
0.72581,0.74478,0
1.74686,-0.3949,0
2.50348,-1.06452,0
3.37742,0.34212,0
-0.02044,0.20422,0
-0.37129,-0.64486,0
1.58241,0.87624,0
2.89866,-0.2629,0
0.08172,0.42315,0
3.47264,0.53909,0
2.71928,-0.18565,0
1.86625,0.25017,0
0.02448,-0.02723,0
3.14632,-0.12581,0
2.55527,-0.66306,0
0.78745,-0.85497,0
2.51593,-0.06718,0
-0.25118,-1.19064,0
2.38001,-0.25225,0
2.11995,-0.7078,0
-0.36096,0.18464,0
1.78225,-0.34915,0
2.78721,-0.67809,0
2.7926,-1.14889,0
1.95133,-1.1179,0
1.63112,-0.50288,0
1.71528,0.30566,0
1.39353,0.57844,0
2.4141,-0.60688,0
1.9315,-0.57957,0
0.32835,-0.31378,0
3.12839,0.33744,0
0.92774,0.01879,0
1.25923,-0.2687,0
1.09684,-1.00947,0
2.5449,-1.24423,0
1.81725,-0.13831,0
1.23374,-0.5909,0
0.40327,-0.43751,0
2.75872,0.59791,0
0.20491,0.28622,0
1.32702,0.98991,0
2.28,-0.67603,0
2.39906,0.43071,0
1.06568,-1.03841,0
2.04898,-0.18445,0
2.5996,-0.17502,0
3.25318,0.76987,0
1.21059,0.34898,0
-0.28127,-0.91243,0
1.21737,-0.43848,0
2.44599,-0.6118,0
0.79582,-0.83212,0
0.90519,1.04835,0
-0.36704,-1.10952,0
2.94475,1.00418,0
2.30842,-0.27102,0
1.00579,-0.32024,0
2.83074,0.30574,0
-0.0312,1.07641,0
0.23133,-0.67303,0
0.21037,-0.51308,0
2.90681,0.43171,0
3.01675,1.22238,0
2.66372,-0.81233,0
1.72129,0.67853,0
2.3335,1.00629,0
1.07065,-0.95158,0
3.18455,0.38944,0
2.43467,-0.80647,0
0.7889,-1.08433,0
0.23212,-0.62596,0
0.64132,-1.22295,0
1.73779,0.19407,0
0.80848,-0.03914,0
3.30096,0.78745,0
0.07108,0.88609,0
3.31251,0.69663,0
1.81953,1.12747,0
0.89418,-1.06219,0
0.44978,-0.22697,0
2.36203,-1.01016,0
3.38972,-0.71271,0
1.79931,-0.99371,0
1.72998,-0.53113,0
2.90869,0.13341,0
3.35528,-0.02107,0
2.50243,0.83468,0
2.79066,-0.44717,0
2.2193,0.74165,0
1.87389,0.8938,0
1.0785,0.87895,0
2.26288,-1.19715,0
1.6959,1.1804,0
3.36602,-1.0007,0
-0.2358,1.0428,0
1.78457,-0.88346,0
-0.48765,0.40984,0
-0.181,1.19182,0
2.98397,0.42497,0
2.77709,1.12919,0
2.15629,-0.90729,0
3.36172,-1.20486,0
3.07276,0.91654,0
2.62316,0.93717,0
1.10902,0.25807,0
3.04145,1.0814,0
3.15766,-0.01652,0
1.20148,0.34944,0
0.22132,-1.00405,0
-0.3256,-0.24848,0
1.54826,1.21756,0
3.15577,0.97305,0
3.33151,-0.31398,0
1.06017,1.08585,0
1.39565,0.62635,0
2.98682,-1.11082,0
2.45747,0.19204,0
-0.21732,0.14295,0
1.70317,0.15963,0
1.93603,0.6753,0
1.42949,0.07725,0
3.41678,-0.23469,0
-0.10339,0.12604,0
2.48753,0.95921,0
0.27118,-0.48745,0
0.5712,-0.36421,0
1.87242,-0.30749,0
3.20449,0.43067,0
1.72268,0.18,0
2.30979,0.15798,0
0.98583,0.60116,0
0.85101,-1.13011,0
1.36936,0.77834,0
3.00239,0.50349,0
3.07673,-0.27212,0
2.69675,0.55444,0
-0.13057,-0.70843,0
1.84933,0.7319,0
2.56233,0.06304,0
2.36567,-1.24656,0
2.79902,0.4881,0
0.77975,0.18865,0
1.27741,0.00149,0
1.43504,-0.11097,0
1.20523,0.78725,0
1.57837,-1.23053,0
2.90031,0.30123,0
0.23628,0.61291,0
0.4854,0.63519,0
1.65092,-0.06489,0
0.81293,0.17184,0
0.66184,-0.23515,0
1.40209,0.00393,0
1.17031,1.12515,0
2.41943,0.32569,0
0.45581,-0.75701,0
1.63223,-1.20024,0
-0.48204,0.4725,0
3.07015,1.09054,0
0.90305,-1.13054,0
0.60485,-0.0365,0
0.60262,0.84294,0
1.27001,-0.2337,0
1.9668,-0.93251,0
1.90415,0.94485,0
3.15724,-0.76723,0
2.92808,-0.65891,0
0.04925,-0.08865,0
2.84679,-0.17457,0
2.88882,1.09656,0
0.05409,0.87414,0
-0.42654,0.84564,0
1.50909,0.24445,0
-0.29991,-1.02917,0
0.89068,-0.47281,0
0.5343,-1.17674,0
-0.01921,0.36701,0
-0.27463,-0.68126,0
0.85453,-0.38197,0
-0.21164,-1.1596,0
1.99225,0.64023,0
2.86164,-0.8752,0
0.52167,0.39707,0
1.20759,-1.24951,0
2.04981,0.21578,0
0.76851,0.03283,0
1.96678,0.04247,0
2.59665,-0.1197,0
1.53242,0.92822,0
0.71278,0.0797,0
3.01659,-0.23095,0
0.85694,-1.11194,0
2.19272,-0.91891,0
1.72464,-0.24678,0
1.75872,-0.76249,0
-0.4539,-0.29873,0
0.20912,-0.27913,0
-0.11192,0.01487,0
0.67273,-0.99002,0
-0.11097,-1.18312,0
1.64192,-1.02481,0
3.36975,-0.08806,0
1.17921,-0.6322,0
0.64979,-1.01445,0
0.55151,-0.30419,0
1.45676,-0.88076,0
1.01049,-1.0805,0
3.20237,0.53347,0
3.4902,0.38706,0
0.48148,1.09679,0
1.40432,1.02325,0
0.47043,0.43713,0
0.79997,-0.52602,0
2.49055,-0.9138,0
0.92403,-0.89945,0
0.9489,-0.73207,0
3.12115,-0.78645,0
3.06334,0.73111,0
0.99361,-0.89968,0
2.04133,1.19459,0
3.1051,0.18428,0
1.58811,1.11081,0
-0.39648,-0.20089,0
1.44575,0.63736,0
1.1557,-0.47766,0
2.09303,1.12048,0
2.67232,1.2009,0
3.15192,-0.84399,0
0.02626,-0.10501,0
1.99419,-0.50416,0
2.94147,0.29863,0
0.69162,0.88878,0
0.56572,-0.36611,0
3.20369,0.7668,0
2.97955,-0.60249,0
1.13631,0.33717,0
1.94786,1.02327,0
0.932,1.06601,0
3.44094,-0.376,0
2.65251,-0.3541,0
2.52089,-0.66325,0
2.9333,0.93162,0
2.36541,-1.03464,0
-0.15243,-0.11068,0
0.71759,-0.39545,0
1.44249,-0.80581,0
0.25448,0.36571,0
1.96265,0.91897,0
0.2818,-0.74811,0
-0.47227,-0.98995,0
0.06519,-0.90338,0
1.23195,0.72028,0
0.99361,-1.23418,0
2.70717,0.47032,0
-0.25851,0.4526,0
-0.40029,-1.00585,0
2.34627,0.209,0
1.20638,-0.97462,0
-0.04525,-0.30393,0
-0.35249,0.90728,0
2.38518,-1.12793,0
0.85978,-0.48688,0
0.8682,1.20692,0
0.10322,-0.23779,0
0.34335,1.08542,0
2.73959,0.4872,0
-0.35135,0.40827,0
0.91602,-0.40595,0
3.32555,-1.17123,0
-0.32421,-0.95956,0
3.05205,-0.0174,0
1.4808,-0.4323,0
3.00993,-0.2422,0
1.90149,0.24106,0
1.29338,0.75394,0
3.0796,0.83622,0
2.02693,-0.39107,0
1.90432,0.56926,0
-0.09977,0.75025,0
1.51553,0.51348,0
1.72311,-0.758,0
2.35524,0.11072,0
-0.29061,-0.5323,0
2.50667,0.22036,0
-0.0275,-0.16881,0
3.11582,-0.14286,0
0.41449,0.29266,0
0.90178,0.0862,0
2.66034,-0.71081,0
2.64959,-0.40972,0
2.2984,0.95023,0
-0.29769,0.36377,0
2.82152,0.75592,0
0.55899,-1.14797,0
2.73938,0.16382,0
2.32478,0.37467,0
1.73738,-0.78835,0
0.86657,0.72018,0
1.63598,0.84509,0
2.20582,-0.73151,0
2.51701,-0.48668,0
2.52099,0.5217,0
1.02462,-0.67775,0
1.14289,-1.05506,0
1.15269,-1.1422,0
0.06247,0.42382,0
0.31101,0.77805,0
0.41348,-0.15243,0
0.79233,0.69341,0
0.93585,-0.15783,0
1.23784,-1.21957,0
1.14124,0.34158,0
-0.41106,0.69482,0
-0.29069,0.5245,0
0.59532,0.13222,0
3.40274,0.20755,0
0.40611,-1.20797,0
2.86152,1.10773,0
3.21947,0.68512,0
2.37603,0.20551,0
0.30414,-0.97831,0
0.76031,0.69246,0
-0.12204,0.69563,0
2.40731,1.17821,0
-0.42438,0.39016,0
3.27777,0.4066,0
0.2943,-0.31515,0
-0.44524,-0.55339,0
1.69881,0.91458,0
0.67076,0.3366,0
-0.40871,1.19481,0
2.23102,-0.67544,0
0.88713,0.76659,0
1.79231,0.06939,0
0.04752,0.02582,0
0.45508,-0.99572,0
-0.00539,1.22276,0
2.38058,0.64145,0
1.51734,-1.01717,0
2.30553,0.02201,0
2.2476,0.11756,0
1.62446,-0.58684,0
0.37173,-1.19427,0
0.92018,-0.77749,0
0.61513,1.00397,0
2.58778,-0.63642,0
1.43955,0.608,0
1.87052,-0.33388,0
0.70669,-0.54541,0
0.62053,1.17812,0
3.17168,0.84451,0
0.20613,-0.26902,0
2.48017,-0.07789,0
-0.40942,0.52907,0
-0.01656,0.43579,0
0.39249,0.96471,0
0.58592,0.8907,0
1.64882,-0.24679,0
3.3453,0.79669,0
0.77297,-0.62872,0
2.10738,0.33779,0
3.4744,-0.82493,0
0.39428,-0.50935,0
1.40498,0.62592,0
2.39949,-0.41174,0
1.32789,1.0987,0
2.35952,0.54042,0
3.4025,1.13674,0
1.17296,-0.09303,0
2.62408,0.80136,0
0.06677,0.68944,0
2.21252,0.74962,0
0.19934,-0.6646,0
1.38611,-1.20141,0
1.01186,-0.65051,0
-0.39606,0.43856,0
0.66564,-0.51405,0
-0.2226,-0.01738,0
2.36927,0.17841,0
3.49233,-0.92064,0
2.09589,-0.61799,0
0.29586,-0.96053,0
-0.11213,-0.62595,0
3.35449,0.69648,0
-0.1954,0.08528,0
2.9581,-0.55843,0
-0.34846,0.95187,0
2.87588,1.22101,0
3.45066,0.59402,0
0.5025,-0.14005,0
1.31027,0.80929,0
3.39323,-1.17744,0
1.29917,0.18208,0
3.48798,0.80382,0
0.55081,0.93135,0
0.9936,-0.88307,0
1.57434,0.44506,0
-0.17229,-0.33949,0
0.0811,1.00591,0
0.88518,0.83757,0
0.71777,-1.22063,0
1.99486,-0.0683,0
2.29893,0.78228,0
0.902,-0.01818,0
1.78324,0.21631,0
1.2813,-0.0243,0
-0.39115,-0.9791,0
-0.33893,0.19579,0
2.01657,-0.06338,0
2.03732,0.66159,0
2.26533,-1.22584,0
-0.03199,-0.83629,0
2.76938,-0.18532,0
0.00875,0.55283,0
3.16525,0.72675,0
-0.43145,0.87551,0
1.94162,-0.15193,0
1.589,-0.73416,0
-0.46847,0.33242,0
1.53789,-1.09873,0
1.45922,0.17508,0
0.12529,-0.36245,0
1.16569,-0.3558,0
-0.04702,-0.1848,0
2.18188,-0.6772,0
3.37474,-0.83081,0
1.18946,-0.91719,0
0.2879,-1.05951,0
-0.377,0.23582,0
0.48573,0.27232,0
-0.23973,0.92546,0
0.47098,-0.97616,0
0.21144,0.91164,0
-0.44672,-0.97791,0
3.0673,1.12784,0
-0.47927,1.06768,0
1.90396,1.05657,0
0.53041,1.15232,0
3.10983,-0.4388,0
0.95361,1.24761,0
3.04715,-1.01689,0
0.34825,-0.55802,0
0.27899,0.37194,0
1.17042,-0.38921,0
2.97697,0.33062,0
0.79684,-0.66989,0
2.43742,-0.04729,0
0.0307,1.13491,0
2.11537,-0.91208,0
0.70153,-0.98214,0
1.91903,-0.45432,0
0.69213,-0.58208,0
-0.06056,1.09944,0
1.61492,-0.83596,0
-0.3476,-1.16411,0
2.68437,0.88346,0
0.53241,0.90589,0
-0.4492,-0.58721,0
2.7077,0.64955,0
1.65965,-0.91863,0
1.39437,1.01874,0
0.25528,1.03009,0
0.09403,-0.51622,0
2.06979,-0.01215,0
3.40831,0.13426,0
1.85066,0.23113,0
0.39597,0.72134,0
2.15851,0.61906,0
-0.07822,0.0694,0
1.18152,0.91032,0
3.15401,-0.74887,0
1.55824,-1.04747,0
2.59478,-0.39947,0
3.33791,-1.14349,0
1.12743,0.2081,0
3.11086,-0.56892,0
1.016,1.20589,0
0.04461,-0.31649,0
1.01413,0.29954,0
1.56628,0.79346,0
3.14645,-1.20979,0
0.03584,0.47559,0
2.98111,-0.49231,0
2.26105,-0.6403,0
2.99384,-0.47385,0
2.67784,-0.99415,0
0.75395,-0.72975,0
3.26902,0.40418,0
1.86516,-0.4922,0
0.53038,0.12652,0
2.30549,-0.45345,0
3.01348,0.25509,0
-0.39708,0.60591,0
3.2971,0.29365,0
-0.34178,0.20481,0
1.18186,1.22006,0
2.52676,0.50955,0
2.40336,0.76356,0
1.8145,-0.92427,0
0.06593,0.70427,0
-0.31378,1.01024,0
0.95839,0.00413,0
3.02876,-0.93499,0
0.92759,-0.86454,0
3.10867,0.21335,0
0.97237,-0.33913,0
2.98316,1.22794,0
2.84511,0.82259,0
0.64719,1.22819,0
0.61003,1.16744,0
0.2301,-0.91029,0
1.19146,-0.08531,0
3.10877,-1.09634,0
-0.00783,1.12245,0
0.18929,-0.87371,0
0.44985,-0.31378,0
0.00562,0.34288,0
3.2667,1.00914,0
0.09119,1.05441,0
1.74464,0.35918,0
0.23006,-0.83702,0
1.19552,-0.89984,0
3.03873,0.94869,0
3.2806,-0.95247,0
2.75941,-0.62268,0
1.70061,-0.69608,0
1.43018,0.89606,0
2.07838,-0.49574,0
2.06221,-0.78583,0
0.32752,1.12591,0
2.46013,0.36288,0
0.10526,0.89357,0
0.34394,0.64346,0
0.53126,0.91383,0
2.0347,-0.64918,0
2.29508,-0.01753,0
1.80704,-0.57239,0
0.08331,0.99145,0
0.04728,-0.33748,0
3.05002,-0.10256,0
2.24444,1.04666,0
-0.40011,-0.92559,0
-0.31672,0.43175,0
1.75248,-0.1121,0
2.88106,0.49439,0
0.96081,-0.00018,0
2.81504,1.09099,0
2.72404,0.88059,0
2.46773,0.633,0
1.14076,-0.14246,0
3.49367,0.46832,0
-0.36149,1.11062,0
1.9247,-0.06846,0
3.38984,-0.04891,0
-0.37005,-1.16555,0
1.26107,0.33324,0
3.15535,-0.96212,0
2.52647,-0.24527,0
2.48265,0.83191,0
0.22808,-0.92235,0
-0.30838,-0.65365,0
-0.06242,-0.9856,0
0.00338,-0.66807,0
0.31427,1.06401,0
1.41347,0.77541,0
0.26791,0.6456,0
1.38208,1.14413,0
0.72025,-0.59322,0
1.285,-0.56195,0
1.4716,0.03451,0
0.00794,-0.54468,0
2.22474,-1.20557,0
1.71783,-1.14273,0
1.75156,0.17185,0
2.18085,-0.28267,0
0.56154,-0.26061,0
2.99789,1.12442,0
-0.11086,1.2372,0
0.51394,-0.77266,0
2.7025,-0.0936,0
-0.30296,0.54581,0
0.67292,0.91837,0
1.05344,0.0792,0
0.59931,0.41896,0
3.45825,-0.7946,0
0.5562,-1.08467,0
2.31722,1.11998,0
2.29441,-0.77858,0
1.80125,0.81019,0
2.64436,-0.29905,0
0.45511,-1.01504,0
2.69391,0.73722,0
2.88898,-0.9876,0
0.24919,-0.99138,0
-0.24145,-0.27522,0
2.99307,0.92006,0
2.40124,-0.54545,0
2.01353,0.62445,0
0.06557,0.35297,0
3.47097,1.19176,0
2.19257,0.10434,0
-0.38152,-1.08345,0
2.42533,-0.85014,0
2.49305,-0.23225,0
0.13633,-1.1418,0
1.17838,-1.19308,0
0.15938,-0.02165,0
3.00208,0.21517,0
1.12766,1.14861,0
3.18015,-0.40236,0
1.72619,1.20911,0
1.75437,0.26545,0
-0.05391,0.07352,0
3.48609,0.39934,0
2.36542,-0.71117,0
-0.43863,1.20075,0
0.30266,0.08778,0
2.63326,-0.35399,0
2.81371,-0.27679,0
2.67035,-1.13953,0
3.07044,-1.23428,0
0.44717,0.56372,0
1.02065,0.87535,0
-0.30896,1.07584,0
-0.2303,0.58985,0
1.71021,0.76229,0
2.36716,0.29333,0
-0.3612,0.36465,0
2.06079,0.57133,0
3.40436,-0.46879,0
2.92261,0.11995,0
3.22261,0.63863,0
2.66222,0.09025,0
0.64066,1.12409,0
0.70836,-1.07966,0
-0.12861,0.38115,0
0.83756,0.79242,0
2.15645,0.64345,0
0.51701,-0.33636,0
1.5377,0.62661,0
0.75058,-0.74173,0
1.64705,1.20637,0
0.1453,0.0135,0
-0.17137,1.14134,0
3.06663,-1.17189,0
0.25438,-1.1065,0
1.05652,0.39415,0
0.40873,0.52004,0
2.24205,1.06904,0
0.9613,-0.03812,0
3.43067,0.11086,0
1.54027,0.91083,0
0.73859,1.03093,0
0.03669,-0.80474,0
0.04358,-0.51405,0
1.6558,0.75222,0
1.94347,-0.3313,0
3.08148,-0.82714,0
1.90897,-0.03172,0
-0.32163,-0.15635,0
2.80013,0.76245,0
2.00014,0.56796,0
-0.47133,-0.0271,0
2.70494,-0.69545,0
-0.12578,-1.20411,0
0.54852,0.81595,0
1.4178,0.33302,0
0.68377,-1.16178,0
0.52938,0.26973,0
1.05918,1.04011,0
2.40909,-0.39816,0
-0.28976,0.69627,0
2.28188,0.42373,0
1.08642,-1.16973,0
3.23005,0.39193,0
2.91686,-0.63346,0
1.27295,-0.93548,0
0.79926,0.75445,0
-0.3832,1.1606,0
-0.36214,-0.96016,0
0.8642,0.7678,0
1.02377,-0.75227,0
0.19427,1.04975,0
2.92863,1.18156,0
-0.45141,0.54885,0
0.72969,-0.16313,0
0.57675,0.51088,0
0.47964,-0.40285,0
3.33918,-0.64844,0
2.36922,-0.9829,0
2.09992,1.19681,0
-0.35329,0.79865,0
0.29015,0.1197,0
2.39643,-0.76358,0
2.26118,-0.97002,0
1.78879,0.19969,0
1.58196,0.02992,0
1.36828,0.39805,0
-0.05493,0.72455,0
0.02626,-0.91228,0
0.49217,-0.47367,0
1.67428,0.7617,0
1.10255,1.10097,0
1.66731,-0.05522,0
1.42393,1.2088,0
2.76796,0.54178,0
0.44864,-0.30396,0
2.57081,-0.80119,0
-0.2612,0.88406,0
1.98784,0.68932,0
3.18671,-0.20035,0
0.56994,0.85591,0
2.80962,-0.74532,0
0.16461,-0.78644,0
0.1096,-0.64919,0
1.76601,0.44786,0
3.35819,-0.93406,0
0.87784,0.31515,0
0.07979,-0.17221,0
1.12527,-0.74555,0
0.39786,0.77141,0
1.8871,-0.56565,0
2.78072,-0.47164,0
2.56338,-0.09869,0
2.39531,1.17431,0
-0.02884,1.16041,0
1.92366,0.60515,0
0.88571,-0.41163,0
1.18451,-0.03359,0
2.05548,-1.05048,0
0.69997,-0.91793,0
2.22971,-0.78625,0
2.50118,-0.98794,0
0.94303,-0.86157,0
0.32786,1.07513,0
-0.39195,0.92047,0
0.96205,0.75784,0
-0.48587,0.69176,0
0.7248,0.67743,0
1.66517,-0.10202,0
1.84741,1.16479,0
1.76216,0.0134,0
-0.37157,1.13277,0
2.11833,-1.10378,0
0.12562,0.01533,0
3.3705,0.40122,0
-0.22281,-0.19232,0
2.60622,-1.19268,0
-0.29223,-0.69906,0
0.18779,0.65973,0
3.11874,0.568,0
1.29761,-0.16417,0
2.55696,1.14662,0
1.44913,1.04815,0
1.71363,0.65721,0
0.24547,0.81588,0
3.34259,-0.80838,0
-0.18188,-0.06211,0
1.05498,-0.5176,0
3.33553,-0.37861,0
2.22214,0.09256,0
1.17704,-0.1922,0
-0.33865,0.47238,0
0.2966,-0.59637,0
-0.38018,-0.21477,0
0.15453,-0.32659,0
1.06674,-0.25459,0
2.68459,1.24364,0
1.29223,0.51843,0
0.67314,0.27714,0
0.68547,-0.17797,0
2.02956,0.95006,0
2.18004,-0.72463,0
1.60905,0.47169,0
3.11622,1.11374,0
-0.22448,0.40161,0
0.93529,0.71114,0
1.6245,-0.9055,0
1.56902,-0.90146,0
2.90828,0.37857,0
-0.13874,-0.8655,0
3.14849,-0.37102,0
1.37817,0.69756,0
1.27218,0.48335,0
1.06626,-0.0363,0
0.57945,-0.59324,0
1.30211,-0.56538,0
1.86421,-0.58476,0
0.52472,-0.00387,0
2.33299,-1.10747,0
3.15657,-0.68605,0
2.21195,0.20602,0
0.42169,-0.32327,0
3.29078,0.54957,0
3.04665,-0.27672,0
3.20236,0.352,0
-0.01874,0.85673,0
2.81546,-0.68176,0
1.97012,0.46817,0
1.90432,0.93494,0
1.81498,-1.10676,0
-0.45595,0.83306,0
0.41434,-0.63933,0
3.41021,-0.14385,0
3.00971,-0.69201,0
-0.2511,1.15544,0
2.52255,-0.19136,0
2.0209,-0.82415,0
0.7687,-0.5147,0
0.44325,0.46241,0
3.478,0.43145,0
1.01465,-1.17136,0
1.87305,0.07366,0
1.2422,1.1627,0
1.88063,-1.2005,0
2.51845,-0.59573,0
0.78871,-0.52352,0
3.47024,-0.65033,0
3.1797,0.63151,0
2.99818,0.44346,0
0.57426,0.59877,0
0.04894,0.4463,0
1.08349,-0.67977,0
-0.26627,-0.44029,0
3.24111,-0.16669,0
2.94576,0.87908,0
-0.04323,0.85328,0
1.48101,1.0701,0
-0.30309,-1.16259,0
2.08993,-0.16428,0
2.03483,1.09675,0
-0.46633,-0.63978,0
1.6579,1.03625,0
2.64353,-0.52009,0
-0.21846,0.5953,0
0.52394,0.57428,0
2.6258,-0.8099,0
0.73378,-1.06096,0
1.35546,-0.85929,0
0.80033,0.55928,0
1.21159,0.06762,0
2.65418,-0.36544,0
0.82239,0.36171,0
1.40266,-0.81971,0
2.23875,-1.14313,0
1.99096,-0.22607,0
2.93295,-0.79302,0
1.77078,-1.244,0
1.89632,1.15853,0
1.01585,-0.75007,0
2.10159,-0.92694,0
0.30293,0.24636,0
1.07746,-1.0135,0
2.95483,-1.24044,0
2.8761,-0.50611,0
-0.11331,0.57813,0
1.05998,1.07191,0
1.87381,-0.20237,0
0.72129,0.17682,0
0.28417,1.03669,0
-0.0451,-0.53054,0
2.29507,-1.19813,0
0.86528,-0.39444,0
2.66672,-0.00465,0
2.08932,-0.05753,0
1.74477,0.47269,0
0.63394,0.22715,0
1.87722,-0.46295,0
-0.33774,-0.00742,0
0.62024,-0.93055,0
-0.40919,0.30503,0
2.42363,-1.19712,0
2.16274,1.10979,0
2.60646,-0.8792,0
0.5642,0.85592,0
2.34043,0.4666,0
1.44341,0.26819,0
0.31174,0.87382,0
0.17948,-1.00968,0
-0.06656,0.0355,0
3.44763,0.34845,0
2.13888,0.56454,0
2.78875,-0.19085,0
2.04227,1.0942,0
0.10477,0.30383,0
2.58974,0.65265,0
3.34202,1.0493,0
0.51523,-0.20047,0
2.8138,-0.68935,0
2.29502,-0.42446,0
1.63254,0.57317,0
1.70186,0.26315,0
0.86503,-0.35571,0
0.59296,-0.27238,0
3.14613,0.17656,0
2.64502,1.24078,0
1.80192,-1.08479,0
-0.29167,0.88616,0
1.50154,-0.1149,0
-0.1894,0.62038,0
1.2202,-0.31648,0
2.54353,0.90991,0
0.82494,-0.45868,0
-0.33189,0.45884,0
0.08858,0.24909,0
0.62447,1.04743,0
-0.09054,0.72667,0
2.08737,-0.57158,0
-0.23054,-1.21191,0
-0.28757,-0.81589,0
3.46263,0.83185,0
3.1376,-0.93077,0
1.2699,0.86401,0
0.3505,-0.53196,0
2.43346,0.38781,0
-0.48815,0.25469,0
0.47068,1.11183,0
1.79343,0.25173,0
3.29097,-0.34288,0
1.80308,-0.52234,0
2.20639,-0.52237,0
3.27767,-0.88241,0
2.90639,-0.19682,0
-0.29746,0.19446,0
-0.35495,0.09894,0
0.45291,1.24825,0
1.704,-0.56564,0
0.94786,-0.21233,0
1.32099,-0.42569,0
1.79907,0.37494,0
0.27075,0.83382,0
0.20622,0.30895,0
1.32275,0.11045,0
2.70185,0.24369,0
0.2147,-0.12833,0
0.09484,0.99081,0
1.12569,0.08979,0
0.43785,0.28403,0
0.48791,-0.00655,0
3.18616,0.50942,0
0.64766,-0.44747,0
0.00676,0.32136,0
0.2062,-0.34231,0
1.76328,1.18553,0
1.09147,-0.40773,0
2.15008,0.26552,0
0.78062,0.30212,0
3.26099,0.05525,0
0.69122,0.19706,0
2.85619,-0.71262,0
-0.13671,1.12968,0
2.23578,0.36533,0
2.89037,-0.19628,0
1.10653,-0.18109,0
-0.15183,-0.89811,0
-0.09516,0.16783,0
2.53039,0.05162,0
1.56985,0.50513,0
-0.23642,0.40166,0
0.50949,-0.38992,0
0.66224,-0.29622,0
3.39893,-0.45303,0
0.9504,0.2477,0
2.66159,-0.02217,0
1.34587,0.38584,0
3.29739,-1.1842,0
-0.48086,-1.07208,0
2.35161,-1.2179,0
0.15738,-0.52252,0
1.71508,-0.08036,0
3.26562,0.44299,0
-0.16097,-0.82693,0
3.06874,-0.76632,0
0.80824,0.02591,0
3.10189,0.06825,0
0.17981,-1.02268,0
2.94943,-0.89935,0
2.42971,-0.23174,0
2.42795,-0.11884,0
-0.30934,-0.09244,0
3.11382,-0.1243,0
3.35063,-0.91812,0
2.40049,-0.85942,0
1.87704,0.19926,0
2.54769,-0.08827,0
1.09833,-1.20981,0
1.10242,1.02377,0
2.28473,-0.28209,0
3.41352,-0.89285,0
1.29501,-1.00936,0
3.40755,-0.19649,0
2.79878,1.06754,0
3.46523,0.86353,0
0.85971,-1.23004,0
1.26572,0.54005,0
0.10294,-0.89706,0
2.33822,-1.19333,0
0.74706,-1.02561,0
0.55979,-0.27249,0
1.65619,-0.54956,0
2.44906,0.23098,0
0.11518,0.54867,0
-0.06108,-0.40235,0
0.93987,-1.08832,0
1.26463,-0.23711,0
2.13679,0.93934,0
0.06261,1.02854,0
-0.45586,0.59678,0
0.91074,-0.52692,0
1.93235,0.96142,0
3.12526,-0.8299,0
1.90589,0.28832,0
2.64016,-0.59934,0
0.81533,0.30845,0
3.46779,0.83544,0
2.17649,-0.83683,0
-0.08286,0.67962,0
2.541,-0.09872,0
0.58089,0.29645,0
0.47393,0.22102,0
2.57575,-0.0947,0
3.44675,-1.01094,0
0.2279,0.40204,0
0.84688,0.0549,0
1.3144,-0.02445,0
0.77469,-1.1168,0
2.25876,0.68428,0
2.62268,-0.27845,0
1.73949,-0.43327,0
1.23538,0.6191,0
1.04085,1.0249,0
2.27092,0.38269,0
1.5876,0.54797,0
2.6254,-1.07077,0
0.33338,-0.22434,0
-0.02061,-0.8703,0
-0.25132,-0.43683,0
2.85907,0.80681,0
1.43567,-0.16081,0
0.40382,-0.57858,0
0.65793,0.18623,0
2.47912,0.46511,0
2.09059,-1.02106,0
2.1891,-1.15581,0
1.25371,1.1781,0
2.17255,0.88893,0
-0.34671,-0.11879,0
2.27095,1.13298,0
2.50762,0.17001,0
1.38727,-0.99375,0
-0.22537,0.5166,0
0.67519,0.94676,0
2.67802,0.55451,0
-0.33265,0.66315,0
1.7719,1.05472,0
2.94158,-0.14223,0
2.83114,0.15862,0
0.22727,-0.53098,0
1.30535,0.46477,0
0.34489,0.71411,0
1.65098,0.54848,0
2.90131,0.76325,0
0.43704,0.68566,0
0.75478,0.39031,0
2.8242,0.23718,0
0.60821,-0.86879,0
1.80139,0.79981,0
0.07535,0.44889,0
1.84864,-0.56885,0
1.005,0.31534,0
1.59486,0.066,0
-0.24365,0.52932,0
3.35449,-0.23203,0
0.59625,-0.15835,0
0.44611,1.13052,0
2.46303,0.32709,0
-0.29432,-0.41082,0
0.87936,-0.82496,0
2.61883,0.406,0
2.10241,-1.16316,0
1.89133,0.67427,0
3.2051,-0.15168,0
1.0957,-0.61943,0
3.16977,-0.7836,0
2.70513,-1.1213,0
1.4037,0.43554,0
1.65536,1.00469,0
1.95436,0.65945,0
-0.05374,-0.68613,0
3.49606,0.03067,0
1.97652,0.82635,0
1.67529,0.02567,0
2.0017,-0.4692,0
-0.10029,0.47085,0
2.60702,-0.38832,0
-0.3156,-0.64119,0
2.64189,-0.10556,0
2.81658,-0.98781,0
1.70409,-0.9169,0
0.14487,0.25063,0
0.30682,0.32237,0
1.74674,-0.52428,0
0.72992,0.19925,0
2.34879,0.27294,0
1.96353,-0.96367,0
0.53337,0.4825,0
-0.44149,0.0649,0
0.1662,1.0328,0
-0.37661,0.46487,0
1.54709,1.01138,0
3.0021,0.05199,0
3.3338,0.91505,0
2.22534,0.3069,0
1.5157,0.54462,0
0.04789,0.37558,0
2.60468,-0.27356,0
1.15957,1.09562,0
0.56662,-1.22222,0
2.55483,0.66027,0
3.22254,0.1134,0
0.75765,-0.95408,0
2.50959,0.74179,0
2.67565,0.14485,0
3.06289,1.08191,0
1.70967,0.96633,0
3.31646,-0.07224,0
2.34974,-0.83235,0
-0.48448,0.58587,0
1.74921,0.17883,0
0.78733,-0.04838,0
2.72452,0.48725,0
2.6326,0.75445,0
0.57982,0.09598,0
1.31817,-0.05664,0
1.95513,-0.41514,0
0.46735,-0.43184,0
3.14395,1.06795,0
2.6642,-0.51958,0
0.14306,-0.28992,0
2.55339,-0.44016,0
0.01089,0.13571,0
0.88253,0.00097,0
2.45868,-0.6017,0
3.29806,0.59365,0
0.04313,-1.22125,0
1.48881,0.54259,0
0.54397,-0.56437,0
1.38528,0.87043,0
0.81684,-1.09828,0
0.206,0.8419,0
0.28955,-0.64804,0
1.81477,0.76134,0
2.57327,-0.00804,0
3.1171,-0.26139,0
1.8512,-0.29593,0
0.37894,-0.12098,0
2.79318,-0.06776,0
1.22609,-0.72731,0
1.3258,0.0928,0
1.40703,0.21605,0
-0.32624,0.86434,0
0.03682,-0.34439,0
2.46032,-1.02658,0
2.57279,-1.01056,0
0.98955,-0.9292,0
0.80575,-0.88363,0
0.42915,0.69472,0
0.78778,1.11532,0
0.07945,0.74949,0
-0.40273,-0.66479,0
0.96357,0.48331,0
0.36048,0.16955,0
1.08128,0.64589,0
3.28272,1.2241,0
1.34706,0.10213,0
3.20154,-1.14263,0
-0.33935,1.16316,0
2.52698,0.9086,0
0.21465,-1.15701,0
0.16535,-0.97219,0
2.49556,-0.22826,0
0.81069,0.02964,0
2.31282,-0.26739,0
1.02957,0.88268,0
0.71215,-0.89192,0
2.74361,-0.5082,0
2.04696,1.2456,0
2.44694,0.06548,0
3.23462,-0.23643,0
2.42014,0.72147,0
2.37583,-0.37222,0
1.06251,0.67891,0
0.63565,-0.53772,0
-0.00641,1.1166,0
2.29248,-0.80717,0
-0.3314,-1.14984,0
1.19493,-0.63414,0
0.0595,1.10677,0
0.94561,-0.18201,0
-0.18685,1.13451,0
1.21772,0.85792,0
1.38022,0.10016,0
1.75524,-0.34002,0
1.15442,-0.43158,0
1.00356,-0.28779,0
3.06891,0.6047,0
-0.37291,-0.66911,0
1.28987,0.57575,0
3.04875,0.3564,0
3.42982,0.84529,0
1.08287,-0.14092,0
3.25135,0.35886,0
0.56079,-0.33994,0
1.38083,1.0015,0
1.67158,-0.30087,0
1.13501,-1.0372,0
2.51973,-0.04715,0
0.85014,0.35055,0
0.05691,-0.24793,0
0.24934,-1.22498,0
2.95804,0.27616,0
2.37871,0.55167,0
0.9771,1.14419,0
-0.10827,1.07684,0
-0.42656,0.08354,0
2.35799,-0.81396,0
1.20572,0.94328,0
0.51357,-0.41174,0
1.09086,0.54553,0
2.63322,-0.8941,0
1.41123,0.78027,0
1.45205,-1.0122,0
2.72353,1.1704,0
1.66699,-0.51506,0
0.36433,0.96294,0
0.59523,1.06223,0
1.59606,-1.04842,0
2.08851,0.2947,0
3.15373,0.65319,0
-0.07454,-0.19132,0
2.97915,0.97211,0
0.62614,-1.24813,0
-0.17912,0.07834,0
2.78464,-0.36891,0
3.18054,0.85944,0
1.83863,0.64223,0
2.66099,1.22899,0
1.88893,0.47604,0
2.33025,0.23791,0
1.68518,-0.7779,0
3.29499,1.10349,0
1.62221,-0.94574,0
1.64669,0.74324,0
2.36744,-1.22397,0
0.48783,-0.5231,0
1.54669,0.11115,0
0.52389,-0.28765,0
-0.29937,0.15563,0
-0.48139,-0.77201,0
0.19024,1.1314,0
2.88138,-0.18845,0
0.0577,-0.75585,0
1.86492,0.96105,0
1.57937,1.19704,0
1.68536,-0.46792,0
-0.0271,-1.16453,0
1.21767,-1.121,0
0.17939,1.11457,0
1.97207,-0.35205,0
3.23727,-0.80015,0
2.50591,0.61607,0
3.47448,0.64113,0
-0.3179,-0.02605,0
1.53968,-0.3126,0
1.10369,0.97867,0
-0.39658,-0.21375,0
-0.25979,0.57496,0
2.96298,-0.86401,0
1.13334,0.96537,0
0.97368,0.45686,0
1.01221,1.01159,0
2.84681,0.76886,0
0.13249,-0.82734,0
1.58392,1.06311,0
1.1339,-0.91849,0
-0.32134,-0.22362,0
1.8689,0.95698,0
0.17702,-0.58419,0
1.51468,-0.07075,0
1.99942,-0.04497,0
2.48073,-0.99107,0
1.29646,0.92137,0
2.51428,0.48389,0
2.56762,-0.6108,0
2.69264,-0.31231,0
3.47092,-0.56447,0
0.51309,-0.29921,0
2.16815,0.25581,0
0.37642,0.33654,0
1.01138,-1.08519,0
2.15929,0.15795,0
2.35185,-0.48018,0
-0.44687,1.20835,0
2.55331,-0.72746,0
3.28197,1.03482,0
1.29331,0.5401,0
1.73719,1.10979,0
0.50521,0.96155,0
2.68245,1.12003,0
2.46993,1.05959,0
-0.33411,-1.2003,0
2.8887,0.44444,0
2.54856,-0.99327,0
-0.21017,-1.09998,0
0.78793,-0.71197,0
1.57767,0.30075,0
-0.44141,0.71205,0
1.45901,0.01469,0
2.64396,0.31837,0
-0.17745,0.56023,0
1.55689,0.31805,0
0.81891,0.53249,0
2.23307,1.04887,0
3.43262,-0.78163,0
1.43547,-0.56455,0
0.77542,0.32355,0
2.51386,-0.36165,0
2.56489,-1.12719,0
1.24462,-0.30282,0
2.00583,-0.59203,0
3.12602,-1.0518,0
1.53384,-0.1992,0
2.41456,-0.60469,0
2.49004,-0.74312,0
0.56487,-0.0904,0
1.15839,0.02319,0
1.86585,-0.51721,0
0.404,0.09233,0
1.8235,-0.90872,0
1.53949,1.05967,0
1.60692,-0.67873,0
1.79264,0.6134,0
1.09618,-0.00498,0
2.10795,1.23285,0
2.14801,0.02891,0
2.08049,0.02083,0
0.08792,-0.06004,0
1.14124,1.05358,0
-0.42897,0.95799,0
2.01473,0.80148,0
-0.28354,0.49652,0
0.44465,-0.45737,0
1.83902,0.39561,0
1.07146,1.02557,0
3.45064,0.81597,0
1.68177,-1.15481,0
2.08989,-1.1201,0
1.52846,0.84472,0
0.37517,1.16012,0
-0.41094,0.15745,0
3.1709,1.09598,0
1.27597,-1.16366,0
1.89933,0.88045,0
1.67871,-0.68262,0
3.08899,-0.58603,0
1.39727,1.1575,0
1.53822,0.23341,0
0.95933,0.636,0
-0.48001,0.12923,0
3.03827,0.02404,0
2.7047,0.49022,0
2.31122,-0.68171,0
-0.05518,1.10485,0
0.69937,0.84345,0
1.561,-0.07017,0
0.346,0.46284,0
2.30894,0.25514,0
1.50856,0.44091,0
0.92428,1.10506,0
2.21185,1.16794,0
3.05836,-0.02242,0
-0.46226,-0.85574,0
3.20482,-0.07552,0
-0.44377,-0.30845,0
0.9848,1.11487,0
3.39165,-0.03332,0
-0.4314,-0.90948,0
2.285,1.19407,0
1.48865,-0.3884,0
1.76459,-0.64561,0
1.94493,0.39049,0
1.82283,0.07021,0
1.59342,0.98386,0
1.81707,0.2672,0
2.34667,1.07025,0
3.37804,1.04957,0
2.49516,0.10309,0
3.25886,-0.22614,0
0.52459,0.53249,0
0.18815,-0.64407,0
0.0214,0.60268,0
3.17755,-0.58842,0
-0.17145,0.17625,0
3.20883,-0.69351,0
1.32528,-0.02895,0
1.35326,-1.2147,0
1.42828,-0.40336,0
0.86598,0.46736,0
-0.34014,-0.78484,0
-0.34744,0.2379,0
2.00832,-0.2074,0
0.46667,-0.59105,0
0.35537,0.70006,0
1.83644,1.01395,0
2.36144,-0.00765,0
0.1718,0.61769,0
2.68987,0.59665,0
1.96026,0.42221,0
0.45926,-0.742,0
1.86234,0.40935,0
-0.17201,-0.15155,0
1.54284,-0.75338,0
2.17287,-1.19906,0
3.47824,0.57847,0
1.45616,-0.94196,0
0.01295,-0.23327,0
0.46792,-0.67823,0
2.66084,-0.13513,0
0.06371,-0.06975,0
3.17893,0.92462,0
1.77323,-0.70561,0
0.46178,-0.32787,0
1.24693,0.89416,0
-0.14155,0.9963,0
0.2959,-1.16141,0
3.34589,-0.9629,0
-0.48313,-0.13775,0
0.22519,-0.78634,0
-0.35902,0.02153,0
2.21621,-1.13342,0
3.15704,-0.6535,0
2.54368,0.78513,0
-0.02185,-0.26972,0
2.58558,0.26741,0
0.1334,-0.68291,0
2.73246,0.13455,0
0.34676,0.50146,0
0.80259,0.42704,0
2.65593,-0.67461,0
0.33799,0.13613,0
1.9258,0.74547,0
2.92918,-0.98357,0
3.45712,-0.09127,0
-0.10315,1.12518,0
0.78816,-1.09621,0
3.12792,-0.5111,0
2.42363,0.76433,0
0.42525,-1.12008,0
-0.00518,1.19662,0
1.0295,0.05603,0
-0.15251,-0.83862,0
0.3636,-1.2234,0
0.69119,0.6959,0
0.26602,0.98278,0
0.21386,-0.58333,0
2.4362,0.10962,0
1.5644,-0.5054,0
2.15378,-0.7083,0
1.95562,0.31427,0
2.46274,-0.67192,0
2.49998,0.72955,0
2.47608,-0.35392,0
2.61886,-0.16164,0
0.20192,0.36105,0
0.14254,-0.28344,0
-0.39338,1.00086,0
1.11236,1.06285,0
2.04839,0.50851,0
1.27303,-0.60184,0
1.34444,-0.14726,0
0.12436,0.06839,0
0.77258,0.59019,0
1.51904,0.62984,0
1.80884,-0.8584,0
3.28315,-1.06952,0
2.97699,0.23583,0
0.97239,0.59738,0
1.93723,0.74316,0
2.55556,0.64737,0
1.47803,0.37065,0
0.14529,-0.70918,0
-0.39323,0.78354,0
2.99368,-0.51182,0
0.21769,-0.13875,0
2.89966,-0.42969,0
1.34275,-0.71434,0
1.11822,-0.33002,0
-0.01733,-0.58521,0
2.8917,0.1345,0
0.00742,-0.85746,0
3.39822,0.54142,0
-0.43408,-0.17161,0
0.92967,0.06067,0
1.49451,-0.54202,0
0.79451,0.60563,0
1.1825,-0.71604,0
0.82674,-1.11446,0
2.04862,-0.7823,0
-0.12222,0.84814,0
2.54997,0.79509,0
2.4149,0.94166,0
3.44662,-0.12647,0
0.59031,-0.47957,0
0.23475,0.30239,0
0.75824,0.12568,0
3.23688,-0.91555,0
2.27756,-0.94295,0
2.76633,-0.84749,0
0.91855,0.18165,0
0.44252,1.19675,0
3.13291,-0.77395,0
0.63908,1.11666,0
0.31194,0.95012,0
1.65928,0.97375,0
2.2246,-0.59197,0
-0.25759,-0.36066,0
0.28813,-0.68352,0
0.53134,1.08725,0
-0.05979,-1.04381,0
0.542,0.70028,0
-0.41552,-0.62064,0
1.84526,-0.50726,0
0.77782,0.93527,0
3.49985,-1.0304,0
2.46129,0.41998,0
0.74943,-0.67831,0
1.24226,1.20288,0
-0.09123,-0.31929,0
0.28902,0.58592,0
-0.47292,0.63902,0
3.1664,-0.7476,0
1.77547,0.70433,0
2.72541,0.99721,0
1.26638,-1.11669,0
3.00675,-0.52415,0
-0.00118,-0.26336,0
3.26942,-0.16193,0
3.37814,-0.39693,0
3.25466,0.82364,0
-0.04026,0.86299,0
-0.17267,-0.25408,0
1.71031,0.11703,0
2.79681,0.0451,0
0.1876,0.66121,0
1.60548,0.41179,0
0.87864,0.95017,0
1.96276,0.43684,0
1.20589,-0.83115,0
2.91504,-0.30007,0
-0.08995,1.06169,0
2.64114,-0.05623,0
3.41461,0.42129,0
0.9304,0.8923,0
0.21592,-0.3393,0
2.96295,1.06132,0
-0.25838,-0.9745,0
0.34128,1.06864,0
2.82858,-0.44494,0
0.39466,0.84648,0
3.25096,-0.32517,0
0.74932,0.59409,0
1.29845,-0.47274,0
1.75646,-0.44494,0
2.10487,0.17905,0
1.74085,-0.59795,0
2.72625,0.32594,0
1.0252,1.06648,0
-0.4488,-1.09636,0
2.29127,0.53616,0
3.04111,1.1638,0
2.85941,-0.17337,0
0.85805,-0.30191,0
2.87051,0.71527,0
3.30132,0.27979,0
2.03081,0.01389,0
0.3154,0.68027,0
1.34836,0.20521,0
-0.30967,0.97992,0
1.07142,0.71305,0
1.61018,-1.21044,0
2.10197,-0.71528,0
1.47761,1.11481,0
-0.17997,0.02129,0
1.04123,0.40401,0
1.68351,0.64333,0
2.69444,0.51343,0
-0.22142,0.83261,0
3.20658,1.16686,0
0.73794,-0.42015,0
-0.38726,0.2914,0
3.45536,-1.15099,0
-0.20979,0.6086,0
0.08959,-1.15717,0
1.88746,-1.13892,0
2.65925,0.92777,0
2.96071,0.18371,0
-0.40086,-0.69421,0
-0.41598,1.16445,0
1.63394,0.44377,0
-0.08503,-0.60862,0
1.53222,0.97095,0
2.11106,-1.24347,0
2.86329,0.60633,0
0.99018,-0.98731,0
2.09724,0.62307,0
3.4952,-0.54396,0
2.86042,0.46425,0
0.31136,-0.55866,0
2.00013,-0.14395,0
2.63913,0.48177,0
2.09141,-1.0881,0
3.30498,-0.75355,0
0.0935,0.35109,0
1.29829,1.17529,0
-0.00166,-1.11309,0
-0.18698,0.06175,0
-0.06717,-0.58629,0
0.33466,-0.56352,0
2.44419,-0.07105,0
0.8094,0.1769,0
0.8626,-0.47556,0
0.57836,-0.67941,0
3.13235,0.2537,0
1.78509,1.04074,0
3.40861,-0.5864,0
1.24491,-1.24829,0
-0.32393,-0.93428,0
1.77525,0.95497,0
0.70471,0.75656,0
0.22531,-0.30952,0
2.7541,0.84053,0
-0.39592,-1.16208,0
1.2473,0.40215,0
1.24221,1.16558,0
2.86283,-0.21553,0
-0.10655,-0.90236,0
0.99562,-0.52802,0
1.73351,0.92395,0
1.11051,-0.12445,0
0.86133,-0.71992,0
2.28072,0.80269,0
2.05547,1.23068,0
3.41559,-0.344,0
-0.2233,0.79123,0
3.09064,1.20719,0
1.90484,-0.17141,0
-0.28099,1.22805,0
2.84678,-1.01317,0
2.41828,0.77861,0
3.1176,1.14255,0
0.61764,-0.25938,0
2.95978,-0.4481,0
-0.31218,-0.60424,0
1.49495,-1.00425,0
0.30889,0.57731,0
1.32231,0.12931,0
0.47616,-1.07253,0
2.41999,0.98873,0
2.36391,-0.11835,0
-0.34751,-0.4373,0
0.54075,0.38601,0
0.0773,-1.08568,0
2.29456,-0.10925,0
3.17976,-0.00284,0
1.8106,-0.94674,0
2.6342,0.01755,0
2.26853,0.18002,0
2.89745,0.13158,0
2.91576,0.86521,0
2.08082,0.73803,0
-0.1101,-0.93616,0
0.59787,-0.66221,0
2.50614,-0.75514,0
3.23919,0.01499,0
1.07031,0.90065,0
1.92379,-0.02071,0
2.21671,0.5341,0
1.02852,-0.06973,0
0.67276,0.59104,0
2.1122,0.87713,0
0.09671,0.10087,0
1.64719,-0.83836,0
2.88035,0.33884,0
-0.22345,-0.28201,0
0.0033,-1.19623,0
2.38977,-0.88938,0
2.1888,-0.74244,0
1.18973,0.50775,0
1.5017,0.56985,0
1.3419,-0.98576,0
0.01887,-0.4017,0
-0.06154,0.75313,0
2.1371,-0.13782,0
0.02999,-0.93673,0
0.73396,-0.14672,0
2.09733,0.29854,0
0.58389,-0.63166,0
2.22751,0.98571,0
-0.263,-0.82886,0
2.49772,0.54458,0
0.3901,0.74339,0
-0.06883,-0.80528,0
0.27594,-0.42507,0
0.80412,-0.05215,0
1.63052,-1.21751,0
2.76095,1.09666,0
2.79046,1.21856,0
2.67778,-0.47163,0
2.09461,-0.24508,0
0.46597,1.1923,0
2.0883,1.11782,0
1.61071,0.80425,0
2.35168,-1.11745,0
3.27218,0.99954,0
0.13919,0.45746,0
-0.0609,-0.9612,0
1.07842,-0.42144,0
2.04869,-0.09347,0
2.27414,-0.64356,0
2.56238,0.94809,0
1.91386,0.31761,0
-0.17072,1.16348,0
2.58183,0.19966,0
1.55445,0.12297,0
2.36915,0.11567,0
0.05648,0.00669,0
1.59846,0.4176,0
1.78013,0.42305,0
3.43734,-0.42371,0
2.90039,-0.06793,0
2.26306,-0.46999,0
2.01219,0.45162,0
2.85143,0.23261,0
1.67252,0.25812,0
2.85033,-0.1774,0
3.2012,1.19224,0
1.50708,-0.60975,0
1.09971,-0.462,0
-0.15715,-1.14329,0
1.76589,0.33412,0
0.29687,-0.92168,0
2.17982,-0.69249,0
2.88045,-0.66334,0
-0.48151,-0.46134,0
0.55247,0.81506,0
0.96,-0.43386,0
0.93179,-0.76741,0
0.19175,0.1182,0
-0.44295,-1.11477,0
3.07539,0.29428,0
1.90449,0.68969,0
0.32676,-0.95343,0
1.1259,-1.19039,0
-0.2733,-0.03756,0
2.62277,1.22786,0
1.33161,-0.56917,0
0.59946,-1.02105,0
2.46034,-0.63934,0
-0.08039,-0.94776,0
0.74829,1.14634,0
1.25689,-1.18293,0
-0.15346,-0.39957,0
0.45258,-1.10268,0
0.65804,0.42329,0
0.24508,-0.11066,0
2.28838,-1.03393,0
2.17953,-0.89516,0
2.3372,-1.24823,0
2.15396,1.05319,0
0.15237,0.57186,0
0.67697,-0.80927,0
1.01239,0.48039,0
-0.24769,-0.88039,0
3.05646,0.55102,0
1.24497,-0.68217,0
0.55774,1.01074,0
0.37334,0.45666,0
3.32939,-0.86524,0
2.50861,-0.38528,0
-0.468,-0.96285,0
0.45209,0.91546,0
0.59898,-0.83162,0
1.39932,0.63501,0
1.59559,0.07246,0
0.56774,1.00551,0
2.72248,-0.1212,0
3.02805,0.91375,0
1.43353,0.44273,0
0.91257,-1.02048,0
-0.47918,0.07338,0
1.50167,-0.98789,0
0.6411,-0.39312,0
1.03719,-0.02074,0
1.97496,0.24122,0
-0.25245,1.05006,0
-0.38124,0.78481,0
3.47612,-1.24076,0
3.07938,-0.88371,0
-0.27626,0.09943,0
0.50736,0.49093,0
3.19837,-0.77349,0
1.72955,-0.17763,0
0.94696,0.55666,0
2.90526,0.20976,0
1.81746,0.40362,0
-0.19694,-1.17486,0
1.4127,0.73751,0
-0.12744,0.27267,0
-0.35405,-0.69562,0
2.68099,-0.92011,0
0.05247,-1.18746,0
1.93142,0.34012,0
3.23248,0.8093,0
1.57294,0.18262,0
1.12963,-0.54716,0
3.34126,-1.0329,0
0.12103,-0.32938,0
2.78041,-0.53235,0
3.03248,-1.1504,0
0.79259,0.53973,0
1.72898,-0.9008,0
1.02252,-0.27615,0
0.80584,0.17245,0
2.73776,0.60433,0
1.96191,-0.66658,0
1.48439,0.02736,0
2.96235,-1.15342,0
3.15977,0.98599,0
3.46065,-1.12671,0
0.50809,-0.33379,0
1.09309,-0.0064,0
0.73013,0.88822,0
2.06901,-0.57589,0
1.3663,-0.33229,0
2.9765,0.31718,0
2.65441,0.20008,0
0.30588,0.36783,0
-0.04157,0.16146,0
2.07063,-0.64838,0
3.02963,0.1964,0
0.08405,-1.05816,0
0.40655,-0.10794,0
3.04603,0.64499,0
2.27644,0.5682,0
0.72837,-0.85827,0
2.47558,-0.22364,0
1.24785,-0.02509,0
2.7224,0.20193,0
-0.05432,0.23869,0
3e-05,1.19397,0
2.26691,0.39288,0
2.49001,-1.00375,0
1.84408,0.2073,0
1.50886,0.12445,0
1.76737,0.60782,0
0.93089,0.13705,0
1.93951,0.11673,0
2.82395,1.02103,0
3.44184,-0.24579,0
2.1154,0.05995,0
2.05651,0.00738,0
-0.00035,0.80469,0
1.50795,0.8861,0
2.52371,0.99504,0
2.89791,-0.8401,0
-0.07386,0.78129,0
2.35534,0.59928,0
2.94573,0.77061,0
1.40593,0.02482,0
2.24832,0.1254,0
0.72662,-0.60631,0
1.81663,-1.10123,0
3.44197,0.92835,0
3.02927,0.52824,0
-0.29,-0.94456,0
1.45345,-0.47602,0
1.35734,0.65462,0
2.45076,0.79878,0
2.48059,-0.48916,0
0.56599,0.52747,0
1.41823,-0.90301,0
-0.30395,-0.81756,0
2.65186,-0.11874,0
1.75502,-0.37511,0
1.00948,-0.03021,0
1.01801,-1.24246,0
0.02371,-1.04082,0
2.09566,-0.28753,0
0.91424,0.57015,0
-0.31233,-0.08852,0
3.38903,-1.10745,0
2.65909,-0.15978,0
-0.1994,0.06189,0
-0.21952,-0.85879,0
0.927,1.18879,0
2.83665,-0.37019,0
0.33892,0.61934,0
0.97053,1.12524,0
0.88166,-0.93426,0
2.28283,-0.7823,0
-0.25604,0.31058,0
1.59775,1.11113,0
2.17853,1.10736,0
3.45897,0.04398,0
2.33315,-0.84574,0
1.5491,0.42888,0
0.55435,-1.08648,0
3.09048,-1.19806,0
-0.2655,-0.07901,0
-0.25955,-1.0664,0
3.39371,-0.48188,0
1.46091,-0.94468,0
2.60917,-0.30836,0
-0.36367,1.03299,0
0.35745,-1.12526,0
0.96003,-0.4328,0
1.95141,-1.00311,0
0.74653,0.27659,0
2.74438,-0.09709,0
2.74894,0.07702,0
0.58655,-1.08021,0
0.06243,-0.11365,0
0.95488,0.45114,0
-0.34144,1.013,0
0.04569,0.21582,0
0.93241,-0.68819,0
1.68551,-0.82923,0
1.14526,1.2057,0
2.43155,-0.41422,0
1.60051,-1.14414,0
3.42445,-0.49171,0
1.55986,-0.00701,0
1.32328,0.77325,0
0.17153,-0.13541,0
0.79778,1.12458,0
2.66164,0.51347,0
1.09604,1.02411,0
1.01167,-0.35462,0
-0.37987,0.33227,0
2.66098,-0.91616,0
1.69093,-0.95698,0
-0.27646,-0.18976,0
2.15919,-0.97255,0
3.43251,-0.23306,0
0.91672,-0.31489,0
2.71264,-0.84479,0
2.76469,0.63236,0
2.66744,0.60074,0
-0.26453,0.86807,0
0.75031,-0.81032,0
3.37355,0.05544,0
2.3376,0.81944,0
1.75543,0.87985,0
2.19299,0.78196,0
2.73787,-0.94991,0
3.28454,0.59044,0
0.38265,0.24912,0
2.47138,-1.21821,0
2.90531,-0.43696,0
-0.18001,0.12888,0
3.26499,-0.72568,0
1.77016,-0.18611,0
0.66348,-1.18113,0
-0.41571,0.04665,0
2.9923,1.15217,0
-0.05563,0.60826,0
0.49592,0.23513,0
1.56547,0.90829,0
-0.12103,-1.20666,0
2.06345,0.0816,0
1.64589,-0.97565,0
1.98149,-0.55185,0
0.15555,-1.22339,0
3.11364,0.26081,0
1.52402,-0.62974,0
3.25902,0.88462,0
0.24189,-0.1759,0
1.38294,-0.81436,0
2.70899,-1.14461,0
-0.36983,-0.88783,0
3.36535,1.17315,0
0.25049,-0.02287,0
1.83152,0.11284,0
0.93897,-0.52649,0
3.00821,-0.17343,0
1.90492,0.24982,0
2.81012,-0.73531,0
2.42643,-0.59395,0
1.41603,-0.89185,0
-0.16409,-0.25944,0
0.23924,0.96774,0
-0.22757,0.87738,0
1.74094,-0.9019,0
1.63543,-0.5399,0
2.54732,0.28645,0
3.00958,0.18008,0
0.82519,-0.10472,0
3.28931,-0.99139,0
3.48338,0.45518,0
1.59073,-0.89988,0
-0.23502,-1.23829,0
0.08734,0.33949,0
0.63647,-0.98411,0
3.42259,-1.22066,0
-0.21975,0.84428,0
2.06081,-0.11048,0
-0.02224,0.29832,0
-0.17696,-0.98285,0
-0.38329,0.50089,0
1.33171,-0.60733,0
1.78931,-0.57445,0
2.68022,-1.22276,0
0.50395,-0.3171,0
2.2187,0.83999,0
1.39064,0.82041,0
3.02096,-0.11619,0
-0.03459,0.96547,0
-0.17162,-0.04278,0
2.651,1.18142,0
1.08227,0.84651,0
2.1546,-1.22676,0
1.41026,-0.36316,0
0.60873,-0.1745,0
0.44283,0.25416,0
2.99172,-1.20148,0
-0.31728,1.19202,0
3.40512,1.05577,0
2.42806,-0.29735,0
0.20472,-0.89722,0
0.57429,0.38137,0
-0.23616,-0.44041,0
0.11542,-1.07198,0
3.1177,-0.40383,0
-0.2613,-0.91075,0
2.8333,0.95487,0
2.34686,0.7215,0
2.36082,-1.16912,0
1.91924,-0.00273,0
0.14016,0.46929,0
1.58037,0.32934,0
0.69943,1.06632,0
0.07149,0.74395,0
-0.24692,0.3646,0
2.14717,-0.91824,0
-0.22412,-0.54608,0
0.01521,-0.54439,0
2.08701,-0.49544,0
3.2379,0.55419,0
1.12787,-0.477,0
1.39187,-0.87164,0
0.50643,0.75499,0
-0.18534,0.76625,0
0.29498,1.13893,0
0.43557,-0.01645,0
3.00358,0.48269,0
0.92384,-1.10275,0
2.71762,-0.60779,0
-0.0008,-0.5158,0
1.81479,0.74573,0
-0.21781,0.30501,0
1.41776,0.28182,0
2.49491,-0.38249,0
3.08198,-0.73088,0
1.37019,-0.7552,0
-0.493,1.04052,0
3.28022,-0.68032,0
0.39051,-0.93143,0
2.64574,-0.76388,0
3.46406,-0.84976,0
3.03456,0.63478,0
3.20122,-0.59962,0
3.16688,-0.6015,0
0.90907,0.05999,0
2.62389,-1.08211,0
0.24835,0.6356,0
1.44988,0.3175,0
2.39502,1.02342,0
0.85351,1.12733,0
1.79,0.78509,0
2.35693,-0.75047,0
1.92686,-0.81716,0
-0.20283,-0.6669,0
1.65408,0.05082,0
-0.18363,-0.74555,0
1.93842,-1.08513,0
2.94128,-0.34716,0
1.29477,-1.03072,0
2.4308,0.3512,0
0.7071,0.54228,0
0.6404,0.7554,0
0.41691,1.14838,0
3.39047,-1.24289,0
1.24219,-0.60963,0
0.02955,0.70814,0
3.32821,0.26727,0
3.38093,-0.75767,0
1.6002,1.02276,0
2.06155,-0.35045,0
0.2332,-0.3212,0
3.14271,0.97903,0
0.75006,0.39576,0
2.47148,0.85294,0
3.23524,-0.40644,0
0.24937,0.01193,0
1.07277,0.13601,0
0.54194,0.84622,0
1.89335,0.30515,0
1.70749,-0.68957,0
-0.09428,0.41219,0
2.90474,-0.97137,0
0.7162,0.05097,0
0.51076,0.83907,0
2.6612,-1.22741,0
2.044,-0.84678,0
0.59324,-0.55521,0
0.25092,-0.18278,0
0.15158,-0.33125,0
1.98135,-0.5041,0
2.29397,0.24771,0
1.62295,-0.59179,0
3.32789,0.19994,0
0.10424,0.04658,0
1.33285,-0.4219,0
2.79467,1.17244,0
0.96768,-0.15292,0
2.4248,0.99728,0
-0.08196,0.60019,0
2.1033,-0.17982,0
1.22746,0.67013,0
0.36641,-1.10136,0
-0.15878,-0.87037,0
-0.27765,-0.81112,0
-0.10567,0.52343,0
2.55383,-0.21671,0
2.36053,-1.19879,0
0.6008,1.09301,0
1.27,0.78602,0
2.35206,0.98178,0
-0.24935,0.28348,0
-0.44004,0.897,0
1.793,-1.04528,0
2.13162,0.35086,0
1.48415,1.09287,0
0.26786,0.43188,0
2.39102,0.74291,0
0.04657,-0.88208,0
-0.42709,0.45076,0
2.75992,0.92387,0
3.27701,-0.1946,0
2.35531,0.7456,0
3.13567,0.34697,0
-0.44655,0.09268,0
1.20492,0.5441,0
0.448,-0.88841,0
1.18384,-1.01433,0
1.75265,-1.13916,0
0.49663,0.32788,0
3.15288,-0.39244,0
2.30821,0.69618,0
2.14412,-0.64642,0
2.87782,-0.26319,0
1.03257,-0.20725,0
1.31291,0.30956,0
0.72973,-0.03964,0
0.63925,-1.24396,0
3.21771,-1.08629,0
0.7996,0.74231,0
0.01719,-0.24944,0
-0.39916,-0.86484,0
0.31391,-0.21728,0
2.74157,-0.63643,0
1.20297,-0.45036,0
0.30853,0.63031,0
2.29389,-0.6489,0
1.10872,0.35683,0
2.80923,-0.40116,0
1.41874,-0.06435,0
2.59561,0.07388,0
3.33763,0.7878,0
0.86566,-1.05302,0
3.06543,0.68907,0
1.66813,-0.63861,0
2.45845,-0.2429,0
0.9071,-0.19289,0
2.37619,1.02687,0
3.48401,-0.20702,0
3.36814,0.59664,0
3.2819,0.47919,0
3.37516,1.02857,0
0.47724,0.016,0
3.41034,-0.375,0
1.76824,0.69662,0
0.94708,-0.17876,0
1.87628,-0.35597,0
1.79589,-0.63231,0
3.27638,-0.42753,0
2.71068,-0.07591,0
2.86843,0.77931,0
1.30373,-0.12338,0
0.49158,-0.50847,0
0.13991,0.21712,0
0.50912,-1.22136,0
-0.44554,0.95483,0
0.27866,-0.09616,0
0.64059,0.26656,0
1.72632,-0.17836,0
0.97174,0.73406,0
2.16794,-0.38026,0
0.5158,-0.66823,0
2.46168,0.23491,0
2.23507,0.08507,0
1.29173,0.46919,0
3.20278,-0.64939,0
2.11078,-0.29288,0
1.2258,-0.87606,0
2.99309,-0.33849,0
3.25152,0.84383,0
2.2959,-0.28051,0
2.04614,0.411,0
1.48939,0.81043,0
-0.12407,-1.09344,0
2.54619,-1.14539,0
-0.49785,-0.22771,0
2.67576,0.414,0
1.72189,0.40178,0
0.22314,-0.09665,0
0.1575,0.24266,0
1.66413,-0.3638,0
2.78019,0.40672,0
1.27251,-0.13545,0
0.58693,1.02678,0
2.50891,1.20489,0
0.91338,0.96467,0
2.97739,-0.06582,0
2.19297,1.06063,0
-0.43721,0.48814,0
3.01662,-0.08163,0
2.55468,0.71154,0
-0.36668,-0.06218,0
2.95702,-0.00872,0
-0.43686,-0.6755,0
3.03231,-1.09695,0
2.47964,0.91929,0
0.73075,-0.85454,0
-0.21105,1.21138,0
1.97198,0.38591,0
2.52184,-0.7781,0
2.44992,0.25927,0
1.05146,0.39161,0
-0.33321,0.26302,0
0.08692,-0.11239,0
2.97343,0.82006,0
-0.48979,-0.37634,0
1.47955,1.06128,0
-0.1516,1.15859,0
-0.39367,0.49617,0
3.1205,-0.18968,0
1.07269,-1.10347,0
2.74538,-0.27954,0
2.55217,-0.45827,0
-0.12503,-0.57727,0
-0.19845,1.1646,0
1.93205,-0.25454,0
1.73911,-0.9764,0
1.03338,-0.22984,0
0.42253,-0.0098,0
2.352,0.22884,0
0.69084,-0.25699,0
2.22599,0.70778,0
-0.36115,-0.88841,0
3.22874,-0.38587,0
1.45495,-0.14353,0
3.06184,0.3627,0
3.44233,0.54145,0
2.03588,0.09768,0
2.79304,0.5216,0
-0.08218,0.53199,0
-0.10368,0.56559,0
1.0162,0.80758,0
2.77562,0.26346,0
0.60055,0.41906,0
-0.14768,-0.06,0
1.96576,0.92624,0
1.80618,-1.08267,0
0.42048,-0.21108,0
1.24564,0.53522,0
0.04528,0.68741,0
1.76487,1.1253,0
2.57791,-0.76942,0
0.52009,0.34825,0
-0.25019,-0.16878,0
2.72552,0.78571,0
2.69643,0.68859,0
1.75234,-0.3633,0
0.5412,-0.36372,0
-0.33312,0.77625,0
0.52019,-0.55706,0
-0.02004,0.70301,0
1.63566,0.43729,0
0.55865,-0.03288,0
0.75042,-0.72419,0
1.97369,-0.14438,0
1.96904,-0.72265,0
1.38531,0.75965,0
0.25881,-1.10188,0
1.92944,0.27847,0
0.30961,0.16101,0
2.55321,-0.64741,0
1.3102,0.92789,0
-0.33647,-0.43151,0
0.42241,1.18744,0
2.33119,1.15523,0
2.06348,0.36232,0
3.36811,-0.89361,0
0.37982,0.49919,0
3.09112,0.05394,0
2.53387,-1.03542,0
1.03696,-0.86465,0
2.87094,0.41528,0
1.33416,-1.05692,0
0.87919,-0.613,0
0.4614,-0.39489,0
-0.48573,1.24266,0
2.86368,0.71984,0
0.0841,0.24402,0
0.9717,-1.15183,0
0.93585,-0.20015,0
2.19831,0.30767,0
-0.41615,-0.66674,0
2.75078,-0.16433,0
2.8555,1.23053,0
0.86897,0.95876,0
0.96587,-0.48953,0
2.81261,0.90156,0
0.96508,-0.58129,0
-0.49598,-0.10459,0
0.2567,-0.51743,0
0.14751,0.69519,0
2.96317,-0.40575,0
0.80464,-1.18337,0
1.29477,1.14874,0
-0.14709,0.33864,0
2.98675,-0.97822,0
-0.22277,-0.68436,0
1.6034,0.35718,0
2.46919,-0.71985,0
2.55211,0.09724,0
0.25494,-0.32437,0
1.4347,0.24966,0
2.10929,1.24451,0
1.24489,0.07693,0
-0.4196,0.165,0
0.61552,0.6028,0
0.2509,-0.98284,0
1.10931,0.55477,0
0.56966,0.73496,0
1.4146,1.17502,0
0.007,0.96064,0
0.24162,-0.57222,0
1.25051,-1.1949,0
2.53823,-0.00353,0
0.23828,0.6254,0
3.0681,0.24213,0
0.79673,-0.36708,0
2.56716,0.83276,0
2.17115,-0.32843,0
3.34245,-0.65782,0
1.28549,1.07834,0
0.96846,0.0429,0
0.1823,1.15809,0
1.88212,0.61754,0
-0.35378,0.00628,0
3.16843,0.09003,0
-0.32134,0.42244,0
3.10394,-0.11077,0
0.72975,0.04347,0
3.18028,-0.98255,0
1.6358,-1.01019,0
1.44991,-0.73391,0
3.20387,0.67181,0
0.16604,-0.19326,0
0.45217,-0.91348,0
1.13264,-0.88199,0
0.17315,0.27627,0
1.82215,-0.19206,0
1.61412,0.02376,0
2.30431,-0.50204,0
3.44742,-1.11957,0
1.72052,0.29709,0
-0.19015,0.57652,0
1.15951,-1.04107,0
3.0144,1.18269,0
0.07536,-0.9606,0
-0.07457,0.98069,0
1.09347,-1.09067,0
0.9252,1.21452,0
2.46753,-1.20186,0
-0.43083,-0.14437,0
2.17271,-0.88235,0
3.33627,-0.25875,0
2.84386,-0.97527,0
0.7036,-0.51724,0
0.8594,-0.60333,0
2.26978,0.16905,0
1.89632,-1.04473,0
2.77585,0.14028,0
2.02926,0.38139,0
0.5797,1.23585,0
0.55546,-1.09061,0
2.27084,0.16869,0
0.79088,0.09521,0
1.40538,-0.24048,0
0.72899,0.82319,0
2.97115,0.23242,0
1.30763,-0.02082,0
1.99317,1.08798,0
1.91456,0.21019,0
0.6333,-0.11363,0
2.27377,0.62687,0
2.96292,0.44717,0
0.39487,-0.18515,0
1.76648,0.14803,0
0.74972,-0.9064,0
0.43577,-0.36816,0
0.67389,-0.52781,0
2.70344,0.19087,0
2.07058,0.27697,0
2.485,0.68441,0
2.46945,-0.2417,0
0.19516,1.01614,0
2.28111,0.6793,0
-0.34187,0.56584,0
0.03981,-0.27641,0
1.85326,-0.98368,0
2.33934,0.18383,0
0.41314,-0.92575,0
-0.09567,0.6076,0
1.32514,0.52643,0
3.10422,1.08681,0
-0.06494,-0.56472,0
1.36712,1.22349,0
3.3506,1.07511,0
2.29793,-0.23615,0
1.22143,-0.04077,0
0.42164,-1.19944,0
1.41276,0.99465,0
3.03303,-0.03931,0
2.4946,-0.73589,0
3.30307,1.19511,0
-0.15092,0.59344,0
1.50207,-0.37289,0
1.4988,0.58112,0
2.84087,0.00837,0
2.05019,0.20109,0
1.91895,-0.64179,0
1.95267,0.99835,0
2.33745,-1.0364,0
3.04533,1.14956,0
2.38652,0.991,0
1.09185,1.00298,0
1.35754,0.94774,0
1.59417,-0.67446,0
2.66921,-0.22299,0
0.94461,0.44088,0
1.56802,1.07342,0
0.15673,-0.77666,0
3.47356,-0.59657,0
-0.31813,-0.39396,0
0.32961,1.1592,0
0.51792,0.81587,0
1.59462,-0.97672,0
-0.251,1.21612,0
2.27221,-0.83721,0
2.69911,-1.09805,0
0.91463,-0.24926,0
1.59096,-1.18248,0
3.18106,-0.58704,0
2.26344,0.93117,0
-0.36218,0.15742,0
1.75863,0.17761,0
2.21648,0.38486,0
1.4437,1.0838,0
-0.12005,1.15951,0
-0.06405,-0.29397,0
1.92936,0.14889,0
-0.47884,0.00049,0
0.01085,0.80796,0
2.03541,0.48376,0
0.465,0.16553,0
-0.41585,0.52403,0
1.58041,0.371,0
2.19312,0.58174,0
2.7692,-0.73091,0
0.14809,-0.08142,0
1.8233,0.58209,0
2.97083,-1.11587,0
0.24878,0.60767,0
2.7179,-1.06436,0
3.28051,-1.05419,0
2.91609,1.03098,0
0.50179,0.4617,0
2.96066,0.83993,0
1.78696,-0.20968,0
1.71539,0.75293,0
1.89638,-0.02214,0
1.63155,-1.0759,0
2.34094,-0.07143,0
-0.16379,0.73541,0
3.23166,-0.65509,0
-0.4896,0.33103,0
0.36996,1.02413,0
-0.09433,-0.15732,0
1.31142,-0.47663,0
0.49054,-0.16989,0
3.16288,-0.18069,0
-0.24807,-1.03831,0
0.29875,0.2611,0
2.27511,-1.14089,0
-0.37211,0.86218,0
3.07517,-0.55082,0
1.81914,1.18992,0
2.57123,-1.03842,0
-0.34793,0.57467,0
0.51709,-1.08514,0
2.8579,0.50499,0
1.55087,-0.02256,0
3.34052,1.1354,0
2.08557,1.079,0
2.61589,0.02534,0
3.18623,0.3909,0
2.63822,-0.58486,0
-0.3128,1.14658,0
0.84094,-0.92731,0
2.51284,0.2738,0
0.87715,-0.11393,0
3.30034,-0.18873,0
-0.15469,-1.22824,0
3.38324,0.187,0
1.52207,-0.07539,0
2.72632,-0.24048,0
0.01418,0.286,0
-0.04174,-0.83062,0
1.21949,1.07502,0
3.30387,1.08313,0
0.40192,1.07844,0
1.89984,-1.24839,0
-0.46442,-0.08782,0
0.32581,-0.05247,0
3.43927,-0.86818,0
0.29505,0.5318,0
-0.47526,-0.59208,0
1.92315,0.67823,0
1.55642,-1.06711,0
2.90512,-0.52558,0
2.33143,-0.4051,0
-0.19227,-1.08207,0
2.70094,-0.63797,0
0.49847,0.46839,0
3.36247,0.80216,0
3.24257,0.46545,0
0.32306,-0.74673,0
2.77101,-0.05495,0
1.21023,-0.23057,0
1.75804,-0.59248,0
2.03389,-0.12815,0
1.53207,-0.16857,0
0.89985,0.66794,0
2.10069,-0.59099,0
1.02492,-0.29801,0
2.38612,0.72699,0
2.99471,0.12684,0
3.03063,1.20297,0
0.28026,0.55054,0
1.39716,-0.12923,0
2.51049,-0.1528,0
2.28716,0.37235,0
1.18579,0.89454,0
0.18804,0.92866,0
0.60878,0.2451,0
-0.11884,0.96421,0
-0.02297,0.69142,0
2.66903,0.15125,0
-0.0941,-0.5675,0
0.55104,-0.2827,0
2.64677,-0.85865,0
2.44089,0.38469,0
0.38404,0.50066,0
1.33585,0.13379,0
0.85986,0.5468,0
2.43147,-0.31027,0
2.93901,-1.21653,0
3.27638,-0.11873,0
0.17056,-1.10885,0
1.99933,0.38883,0
0.88926,0.14691,0
-0.42891,0.17512,0
3.09248,-0.25978,0
2.74983,0.67346,0
0.6365,-0.8389,0
0.29382,0.25119,0
0.24648,-1.18217,0
1.12817,-0.98349,0
0.05693,0.1556,0
2.87947,-0.63168,0
1.78711,0.30822,0
-0.32752,-0.84187,0
2.19739,0.4311,0
2.60221,-1.11319,0
2.52132,-0.30447,0
0.83864,-0.14072,0
0.44554,1.18705,0
1.36515,-0.18737,0
2.95561,0.00309,0
0.38916,-0.35056,0
0.47924,-0.42988,0
2.94887,-0.65096,0
2.32495,-0.41924,0
2.06598,-0.09966,0
2.33557,1.01992,0
1.59561,0.73067,0
0.82618,-0.58377,0
1.44482,0.86545,0
0.94701,-1.13574,0
0.31296,-1.00931,0
0.18049,-0.33202,0
2.59579,0.62377,0
3.04527,-0.12404,0
0.76235,-0.03563,0
2.52772,-0.08201,0
-0.23728,1.15563,0
0.42203,-0.34758,0
2.80123,0.32295,0
2.77647,-1.22664,0
2.26132,0.51977,0
2.85543,1.24204,0
-0.16962,0.85823,0
3.24361,-0.45254,0
1.5043,0.84518,0
2.00758,0.4606,0
0.32124,-0.46775,0
3.30822,-0.42197,0
0.96167,1.24972,0
2.70331,-0.23053,0
2.80505,0.4822,0
2.40264,-0.74071,0
-0.37817,-0.56277,0
1.83379,0.96799,0
1.83047,-0.55855,0
2.6729,-0.72206,0
0.35803,-1.19211,0
1.62818,-0.13292,0
1.87938,1.10839,0
0.32548,-0.65534,0
0.35595,-0.3967,0
1.0716,0.3786,0
1.03845,-0.75814,0
0.59471,0.47384,0
2.14589,-1.2195,0
3.31073,-0.65804,0
2.26071,0.91694,0
1.87351,-1.08809,0
3.48038,-0.72261,0
1.92105,0.02989,0
2.25479,0.06765,0
2.78081,0.7154,0
2.5391,-0.7361,0
-0.46305,-0.99111,0
2.22938,1.10066,0
3.15671,0.41801,0
2.53717,-0.45358,0
1.97082,0.05387,0
2.71872,0.18763,0
2.3203,0.352,0
0.47281,-1.11503,0
3.15622,0.09206,0
0.59016,0.64119,0
1.78797,1.03274,0
2.04029,1.24285,0
1.88977,0.35252,0
-0.0578,-1.22055,0
3.37787,0.10471,0
-0.41414,0.3409,0
2.19245,0.1616,0
-0.47208,0.82002,0
1.46256,-0.04145,0
3.22694,0.65064,0
-0.43922,-1.01046,0
1.82845,0.70958,0
1.70024,1.08854,0
3.25186,1.18528,0
1.69897,-1.06445,0
0.87418,-1.10079,0
0.32471,0.00426,0
0.81448,0.28281,0
-0.15329,0.29502,0
2.09965,-0.62222,0
2.31894,-0.96306,0
0.65783,0.50814,0
2.48131,-0.09897,0
0.86295,-0.22182,0
3.39857,-0.14187,0
1.77346,0.76717,0
0.8424,-0.25129,0
3.02073,0.1737,0
3.01146,0.9139,0
2.31322,-0.85394,0
3.43076,-0.15965,0
0.90274,-0.80497,0
0.68474,0.23374,0
1.56139,-0.09062,0
1.10473,-0.6744,0
3.00778,-0.25127,0
-0.41747,-1.08069,0
3.03801,0.29362,0
0.69766,-1.07048,0
-0.03404,-0.72389,0
1.39655,-0.4633,0
1.231,0.18851,0
0.60897,0.34706,0
-0.41262,0.49622,0
3.30586,-1.15714,0
3.12722,0.54786,0
1.13224,0.89938,0
0.72786,0.06829,0
0.71662,-0.95738,0
0.43333,0.00944,0
0.9369,-0.59472,0
-0.23722,-1.1937,0
0.15504,-0.81946,0
1.85154,-1.1825,0
0.81613,0.59508,0
2.93544,0.2728,0
0.51259,-0.12575,0
1.99545,0.91975,0
1.99509,0.98851,0
0.63188,-1.03564,0
0.68153,0.61192,0
-0.07503,0.75877,0
3.15236,0.58601,0
1.6014,0.22589,0
1.59585,0.82828,0
0.03647,0.69727,0
2.40746,0.82524,0
-0.45855,-0.91341,0
-0.30133,-0.96018,0
2.83873,-0.88319,0
1.71333,-0.50821,0
1.16655,0.99375,0
1.81449,-0.89161,0
1.74898,-0.85443,0
3.27876,-1.09124,0
0.55104,-0.1992,0
0.77228,0.80659,0
3.27866,-0.72756,0
1.77896,0.99001,0
-0.47022,0.36185,0
3.14779,-1.23255,0
2.44349,-1.02717,0
0.27716,0.17243,0
1.28613,0.15374,0
3.39816,0.21519,0
-0.03607,0.9867,0
3.27438,0.29232,0
1.42034,0.1849,0
2.29601,-0.20682,0
1.12883,-0.44596,0
1.52315,0.59956,0
3.08121,-0.41792,0
-0.46287,0.3638,0
-0.24705,0.56482,0
3.13769,-0.68556,0
2.98915,-0.79302,0
2.93083,1.04086,0
0.07669,-0.47453,0
2.62313,0.32457,0
1.09084,-0.16252,0
-0.21431,-0.43937,0
1.10103,0.15882,0
3.44181,-1.10237,0
2.1531,-0.04017,0
0.14046,0.00089,0
1.20038,1.03183,0
2.78052,1.02015,0
2.60669,0.41535,0
3.34615,-0.18746,0
1.16708,-1.13941,0
2.34958,-1.20898,0
3.4218,-0.69364,0
-0.07869,1.06166,0
0.3967,-1.144,0
1.46734,1.05048,0
-0.29086,0.83451,0
2.68443,0.36824,0
2.1068,0.72962,0
2.91085,-0.37837,0
2.5305,-0.32952,0
3.40873,-1.1688,0
3.46208,0.20719,0
2.02419,-0.83015,0
2.96911,-1.15896,0
0.37065,0.13864,0
1.7662,0.65047,0
1.562,0.07789,0
1.33932,-1.15897,0
0.35862,0.18763,0
1.41267,0.54718,0
2.18848,0.37474,0
0.77232,-0.71439,0
0.55029,-0.01811,0
-0.45288,-0.83007,0
0.39422,-1.04095,0
-0.47757,-1.0046,0
2.36704,0.07324,0
1.52519,0.34211,0
1.44058,-0.40962,0
1.40345,-0.08128,0
0.59902,-1.1078,0
1.24678,1.23535,0
-0.17416,-0.81805,0
0.44112,0.81023,0
-0.44196,0.66824,0
2.30841,0.92462,0
2.79371,-0.73787,0
3.36559,-1.22783,0
0.10607,0.62316,0
1.60346,1.17439,0
2.23561,0.65897,0
2.7978,1.17036,0
2.4464,0.46284,0
1.81002,0.30225,0
0.65878,-0.95002,0
1.27686,0.79215,0
0.72211,1.18885,0
3.45037,0.86447,0
-0.05431,0.87706,0
-0.46277,-0.00988,0
1.38337,-0.4653,0
-0.48184,0.90149,0
2.03519,0.16647,0
0.4157,0.01697,0
1.74535,0.93965,0
1.95775,0.77934,0
1.40757,-0.63414,0
2.63324,0.42811,0
0.46462,0.40973,0
-0.34368,-1.08507,0
-0.05567,0.89375,0
0.52295,-1.08463,0
1.54059,1.18991,0
1.69307,-0.68203,0
0.74578,1.0337,0
1.02746,1.12948,0
0.57502,-0.5243,0
0.5227,-1.2113,0
1.22591,-0.53624,0
0.00628,-0.02794,0
1.46976,0.56064,0
1.07527,0.69133,0
1.17321,1.16519,0
2.0699,0.10401,0
1.98942,0.64525,0
0.85306,-0.4982,0
2.86867,0.69835,0
0.17901,-0.62619,0
2.317,-0.86716,0
1.88789,-1.24129,0
0.4614,0.56596,0
0.15107,1.20872,0
3.04157,-0.62073,0
2.265,0.76823,0
3.39468,-0.38265,0
1.17473,0.69479,0
-0.18195,-0.22506,0
1.1301,-1.15579,0
0.66534,0.1676,0
1.29169,0.20166,0
-0.12394,0.06005,0
3.18098,1.12497,0
0.97475,1.04863,0
1.51439,1.04845,0
2.59785,-1.01529,0
2.51063,-0.87036,0
1.61244,-0.6841,0
-0.27085,-0.7304,0
1.72424,1.21063,0
0.0705,0.85412,0
1.28945,-1.23915,0
0.17977,-0.69731,0
-0.03848,-0.92885,0
1.6763,1.05853,0
-0.45133,1.20944,0
0.08419,-0.97718,0
0.67772,-0.35811,0
3.32008,-0.29599,0
0.65289,-0.47089,0
0.22715,-0.11953,0
1.7899,-0.10744,0
1.54664,0.21709,0
2.18051,0.13366,0
1.74675,-0.59471,0
-0.43486,-1.16865,0
1.34274,-0.83056,0
1.85139,0.67676,0
3.21699,-0.14,0
2.43662,0.83877,0
2.15763,0.7445,0
1.46553,-1.16486,0
-0.44998,-0.91219,0
2.28639,-0.38332,0
1.36411,0.97151,0
0.67423,-0.12143,0
0.98503,1.13239,0
0.90917,0.73773,0
2.18309,-0.88366,0
1.94915,0.91705,0
2.31598,-1.00578,0
2.47691,0.94511,0
-0.19458,0.08546,0
2.95244,1.16968,0
1.21846,0.01121,0
0.32918,-1.24147,0
0.37744,-0.54867,0
0.58745,-0.8418,0
0.97695,0.43868,0
0.86465,0.92397,0
-0.44493,-1.05378,0
2.69842,-0.12625,0
2.51412,-0.74922,0
3.09327,1.23269,0
1.8223,-0.29264,0
0.24722,-0.60642,0
1.06758,0.41974,0
2.74237,-0.37701,0
-0.41464,-0.11346,0
0.526,1.08707,0
2.27409,-0.71876,0
0.2972,1.23226,0
0.25766,-0.86236,0
1.96973,-0.51011,0
1.1992,0.83514,0
-0.33581,-0.90668,0
1.82871,0.15663,0
0.06024,0.25345,0
1.04038,-0.34238,0
3.49903,0.69179,0
2.48064,1.1227,0
0.43524,-0.63136,0
2.09369,0.94866,0
1.80101,-0.48179,0
1.88757,-0.02064,0
2.17962,1.01621,0
0.86726,0.2526,0
1.85764,-0.803,0
0.6599,-0.48568,0
2.6016,-0.77093,0
2.15424,-0.9851,0
1.47585,1.14024,0
0.83507,0.81088,0
0.30417,-0.06171,0
3.21399,0.55273,0
0.03908,0.07902,0
2.76932,0.05599,0
0.47716,-0.53224,0
3.15309,-0.94767,0
2.73022,1.1213,0
3.00964,-0.63788,0
-0.39787,-0.02318,0
0.71072,-0.63927,0
-0.14844,0.38803,0
0.88134,-1.06693,0
2.54778,-1.23323,0
0.15778,-1.13926,0
0.33001,0.65577,0
0.36959,1.0451,0
2.72301,-0.0302,0
0.36806,0.60291,0
0.1655,-0.39573,0
1.1399,-0.4675,0
2.15351,0.38507,0
0.0212,0.35776,0
-0.49232,0.9177,0
1.789,-1.23951,0
2.11584,-1.00737,0
2.52617,-0.64799,0
1.31699,1.0473,0
2.82428,0.67375,0
0.00362,-1.24713,0
0.78304,0.48172,0
0.17056,-1.07229,0
2.84777,0.91286,0
-0.17358,-0.13254,0
3.1633,-0.8333,0
-0.31177,-0.50261,0
3.03957,0.63033,0
2.09384,-0.37909,0
0.91944,0.16614,0
1.30992,1.03418,0
0.92293,-0.72798,0
1.52381,-0.29335,0
2.41719,-1.17343,0
-0.15426,0.2021,0
1.08792,0.76423,0
2.56258,0.78285,0
3.11892,-0.44945,0
1.38579,-0.3655,0
1.3052,0.57121,0
-0.4323,0.53855,0
0.02513,-0.02716,0
1.3809,-0.57368,0
2.03041,0.1239,0
3.3647,0.02587,0
0.46327,1.23379,0
1.02377,-0.45838,0
2.26933,0.83804,0
2.74245,0.41278,0
2.87277,-0.70676,0
3.19986,-0.29028,0
2.74465,-0.48915,0
2.98642,0.74791,0
1.76437,0.01951,0
1.99672,-0.2536,0
-0.00374,-0.54429,0
-0.38675,-1.22083,0
0.20071,-0.07001,0
2.49219,0.87657,0
0.97727,1.02608,0
3.25098,-0.786,0
0.98262,-1.18428,0
0.57402,0.68748,0
0.67071,0.96493,0
2.68741,1.11504,0
1.2331,-0.4244,0
3.39445,0.87958,0
3.04756,-1.04882,0
-0.46012,1.24608,0
0.0966,-0.09848,0
2.94744,1.19122,0
0.84915,-0.15857,0
3.11213,0.17184,0
-0.33816,0.30551,0
0.20828,-0.10676,0
2.93883,0.01517,0
1.85649,-0.06728,0
0.13838,-0.21656,0
2.56105,0.99858,0
0.22008,-0.65979,0
-0.44509,-0.1437,0
3.09189,-0.41041,0
1.18787,-0.46957,0
1.81344,-0.55839,0
2.43403,0.26436,0
2.81153,-0.00864,0
3.43621,-0.96312,0
1.26563,1.20666,0
2.53964,0.11753,0
0.17223,-0.77831,0
1.41347,-0.9943,0
3.27381,-1.13439,0
2.72375,0.30503,0
2.43875,-0.86028,0
1.88056,-0.42905,0
3.15496,0.28824,0
1.72714,0.20877,0
0.43117,0.15055,0
0.2273,0.90344,0
1.05892,1.07426,0
2.50042,-1.12622,0
0.04341,-0.05715,0
0.33211,-0.31376,0
0.8612,-0.4714,0
1.63426,1.05451,0
1.21192,0.7333,0
1.08013,-0.32168,0
3.13657,-0.90459,0
2.65059,-0.80532,0
2.99627,0.31295,0
2.80261,-0.48318,0
3.19941,0.83449,0
1.19472,-0.64929,0
1.44724,-0.16035,0
1.47246,1.02164,0
2.69429,-0.44271,0
1.04637,-0.11018,0
2.37822,0.18051,0
2.15348,0.98791,0
3.34708,-1.17299,0
2.75523,0.78727,0
1.75415,0.06036,0
0.54343,0.94383,0
-0.0308,0.9277,0
0.19197,-0.56169,0
-0.36016,-0.64269,0
-0.4885,-0.92285,0
2.49432,-0.3031,0
0.82441,0.01747,0
1.19782,-0.63381,0
0.87917,1.00428,0
2.25776,-0.33318,0
3.00697,-1.12276,0
1.40301,1.06888,0
3.29455,-1.20248,0
1.04851,0.23485,0
3.46315,-0.80443,0
0.3733,0.80459,0
0.83228,-0.16669,0
1.79069,-0.38735,0
3.48123,0.0992,0
2.21767,-0.32903,0
1.20452,1.09632,0
3.26664,-0.08928,0
1.00574,0.43656,0
3.09221,-0.17541,0
3.01171,1.09655,0
0.56642,-0.37443,0
2.08109,-0.84604,0
-0.15991,0.48772,0
0.55917,1.02511,0
1.718,1.01581,0
0.14714,0.90056,0
1.65386,1.07808,0
3.43241,-0.075,0
1.19771,0.56807,0
2.32654,-0.979,0
0.15802,1.20726,0
1.20418,0.86933,0
3.34752,1.18285,0
0.22818,-0.74943,0
-0.29708,0.5568,0
-0.06366,-0.76562,0
0.49224,-0.57156,0
3.03903,0.36884,0
-0.45736,-0.07446,0
1.30146,-1.06676,0
1.64014,-0.43773,0
0.95224,1.03787,0
1.06405,0.12734,0
0.89036,-0.56978,0
2.85747,-0.41107,0
1.10202,0.41559,0
3.08524,-0.48916,0
1.7879,-0.03173,0
-0.0337,0.26544,0
2.22185,-0.90431,0
3.09325,0.00599,0
1.30768,0.61858,0
1.99267,0.77942,0
3.16376,0.74794,0
0.82267,0.41555,0
0.43476,0.22315,0
0.13028,-0.90693,0
3.24094,-0.07399,0
0.21601,-1.14608,0
2.83035,1.15453,0
-0.36707,0.92735,0
-0.39446,-0.06305,0
3.16669,-0.27203,0
0.80894,-1.15279,0
0.19738,1.19245,0
3.2785,-0.95022,0
2.99192,0.09016,0
1.48444,0.61979,0
1.51012,0.58919,0
0.92711,0.05735,0
1.0287,0.94766,0
-0.43279,-1.0905,0
3.31048,-0.67811,0
3.06746,1.01555,0
2.66334,-1.02189,0
2.50044,-0.31281,0
-0.09262,-0.22966,0
1.56924,-0.10523,0
2.1379,1.02115,0
2.08247,-0.72996,0
1.28363,-0.58661,0
0.18372,0.59315,0
0.60846,0.97441,0
1.9924,-0.84297,0
3.41869,0.34067,0
3.25098,-1.04286,0
3.26074,1.17236,0
0.27133,-0.69973,0
2.1147,-0.60636,0
0.67496,1.03734,0
0.89607,0.65045,0
-0.41013,-0.22591,0
2.20374,0.07121,0
2.09747,-0.41746,0
2.90427,-0.63262,0
-0.40392,0.32871,0
2.70113,0.19044,0
2.58432,0.58497,0
2.04154,-1.13101,0
3.2258,-1.1827,0
2.9595,-0.35565,0
0.91333,1.20151,0
0.53479,-1.22545,0
0.69595,0.7381,0
1.44968,0.42878,0
-0.03237,-1.03866,0
3.07597,-0.52807,0
0.41317,-0.66643,0
2.85712,-0.94922,0
1.55031,-1.16928,0
2.17103,-0.43899,0
0.64166,1.19062,0
2.36418,0.45191,0
1.52815,0.61757,0
0.70197,1.06228,0
0.88834,-0.12924,0
0.47652,1.20699,0
-0.34458,-0.75537,0
2.44462,-1.2149,0
0.43761,-0.00835,0
0.8114,0.65772,0
0.46915,0.1741,0
2.36378,-0.39817,0
2.2057,-0.8056,0
1.55282,0.9304,0
2.16777,0.82696,0
2.47523,0.64371,0
2.64869,0.66712,0
2.31472,0.28907,0
2.57615,0.81298,0
2.33607,-0.25077,0
3.46592,0.61884,0
-0.18886,-0.15093,0
0.6592,-1.03807,0
0.21301,0.29778,0
2.9802,0.0321,0
0.36631,-0.96685,0
-0.3558,0.65296,0
0.38768,0.37086,0
3.16878,0.40686,0
3.19852,1.07378,0
3.02228,-1.12489,0
2.51277,-1.22953,0
1.71325,1.15992,0
2.67077,-0.41793,0
0.91614,-0.30101,0
0.56998,1.13398,0
0.60676,-1.1792,0
2.47098,-0.36398,0
1.83335,-0.81993,0
2.46495,0.84404,0
2.64487,-0.6483,0
2.00569,0.98543,0
2.79642,0.8116,0
1.37296,1.14275,0
1.20849,-0.44783,0
2.83793,-0.83488,0
2.51286,0.30717,0
1.57217,-0.13029,0
0.70579,-0.80094,0
0.86601,0.97837,0
0.81132,0.72012,0
2.86139,0.10175,0
1.97401,-0.47714,0
1.58694,0.1545,0
1.27164,0.87025,0
0.46661,0.78031,0
1.95897,0.93403,0
0.64091,-0.25193,0
0.27733,0.53592,0
2.09835,0.75267,0
-0.20896,0.98158,0
1.34648,-0.8516,0
2.08081,0.77913,0
3.01596,-1.02535,0
2.70263,-0.94617,0
2.3259,-0.08293,0
-0.46518,0.19821,0
2.37729,0.7341,0
-0.29333,-0.46865,0
1.58297,0.41306,0
2.09844,0.51489,0
1.59128,0.69656,0
2.04343,-0.67252,0
0.45348,0.946,0
0.63181,-0.4708,0
2.95428,-0.99454,0
0.34759,0.39917,0
1.13344,-1.16696,0
3.25716,-0.81364,0
3.46076,-1.19188,0
-0.40341,-1.01994,0
-0.37824,0.6021,0
1.68458,0.05411,0
1.05205,0.95015,0
3.29086,1.03109,0
2.32101,-0.02447,0
2.44195,0.14452,0
1.37115,0.68116,0
0.86259,0.55679,0
2.58367,-1.1502,0
2.62381,-1.20242,0
-0.44989,0.85318,0
0.81998,0.7789,0
-0.34755,0.13938,0
1.96628,0.96868,0
1.35091,-0.6651,0
2.28827,-0.63063,0
0.74698,-0.65316,0
0.26462,-0.61744,0
3.05504,-0.69686,0
2.16305,-0.97615,0
0.19093,0.89005,0
2.67388,-0.10074,0
3.32915,-0.65082,0
2.26387,-1.12999,0
0.2136,-0.28838,0
3.01242,0.08734,0
2.21113,0.8195,0
0.18047,0.39543,0
2.87591,0.90413,0
-0.07728,-1.02274,0
0.6214,0.66123,0
-0.02643,0.85718,0
2.41525,0.17155,0
3.00581,0.6599,0
1.63471,0.79779,0
2.74871,0.75512,0
1.72365,1.02189,0
-0.41487,0.13045,0
2.44801,1.03391,0
2.82825,0.86333,0
2.97001,0.77664,0
2.29868,0.27578,0
0.79786,-0.36397,0
1.62011,-0.57429,0
1.9023,0.27128,0
0.27532,-0.6501,0
2.96303,-0.71084,0
2.622,0.83188,0
0.68731,-0.59208,0
0.42406,-0.33216,0
0.08427,0.29209,0
2.68267,-1.18292,0
-0.12684,1.19262,0
-0.04673,-0.33962,0
1.92097,1.21408,0
1.4544,0.2887,0
0.89469,1.11244,0
1.15702,0.97036,0
1.50223,-0.35254,0
2.55303,0.20987,0
2.34411,-0.43868,0
2.22041,0.24168,0
0.87187,0.19346,0
1.93215,1.24773,0
1.18742,-0.60508,0
2.35058,-0.62758,0
3.20311,-0.65803,0
3.27803,-0.09388,0
0.60682,-0.74673,0
1.81092,0.21965,0
1.92785,0.9055,0
0.69846,-0.28851,0
1.47956,0.96711,0
-0.19848,-0.6326,0
1.25645,-0.80782,0
1.68571,-1.23606,0
0.93934,-1.2462,0
1.68865,0.29779,0
2.24775,-0.64753,0
-0.33793,-0.25504,0
2.01149,0.94099,0
1.1602,0.03127,0
1.74975,-0.30833,0
2.46791,0.78223,0
0.16978,0.4241,0
2.52948,-0.03314,0
0.87273,0.05931,0
2.03761,1.09393,0
2.03808,0.7255,0
1.78527,-0.88802,0
2.14163,-0.00104,0
1.79147,-1.06121,0
1.81142,-0.31566,0
3.25105,0.73566,0
2.95794,-1.2234,0
1.05719,0.36368,0
2.96997,0.7323,0
0.81021,-1.2268,0
-0.242,-0.37329,0
2.20494,-0.69689,0
0.68806,-1.17272,0
0.48924,-0.21964,0
2.90638,0.52799,0
0.44566,0.78344,0
1.27216,-0.42665,0
0.45677,0.77673,0
-0.29827,-0.61536,0
2.93095,0.41393,0
1.41982,0.60883,0
0.0163,1.13855,0
0.19384,0.15935,0
1.75126,-1.24829,0
0.04997,1.04253,0
1.75607,1.21528,0
2.14939,0.58447,0
2.26084,1.04788,0
1.21054,-1.05877,0
0.62994,0.54921,0
-0.06323,-0.79625,0
2.14331,-1.10644,0
2.70407,0.54305,0
-0.24801,-0.96679,0
1.86714,-0.67743,0
1.59802,1.06037,0
3.19181,-0.3418,0
1.90488,-0.76495,0
-0.41257,0.60613,0
-0.08969,0.36621,0
1.58222,-0.60017,0
1.67941,-0.27104,0
0.20577,-1.06674,0
2.1513,-1.16072,0
3.00554,-0.49497,0
3.12776,-1.1509,0
2.40246,0.90558,0
0.55467,-1.243,0
1.04505,1.17587,0
0.5839,0.11488,0
-0.17746,1.19593,0
0.43418,0.57145,0
0.35134,1.07689,0
2.92187,-0.55333,0
0.18067,-0.71721,0
2.88547,0.45253,0
0.11194,-0.98292,0
0.75782,-1.17827,0
1.07766,1.11214,0
1.20325,0.19756,0
3.27872,0.64105,0
0.75339,-0.68811,0
1.56044,0.35453,0
-0.34159,-0.2104,0
0.72112,0.19523,0
2.78791,1.10182,0
2.23146,-0.71107,0
-0.2375,0.24172,0
-0.2911,0.70863,0
2.64945,-1.2135,0
1.09707,-0.64747,0
3.34951,0.19727,0
0.75448,0.01332,0
2.45887,-0.83897,0
1.3294,0.50293,0
1.09515,0.28595,0
3.05483,-1.01773,0
3.07101,0.0514,0
-0.41921,-1.15167,0
1.29535,-1.17528,0
-0.02572,-1.13207,0
2.16209,1.01868,0
0.4143,-0.5163,0
1.43353,-0.51172,0
1.45186,0.11666,0
-0.14596,0.02331,0
3.41134,1.16031,0
-0.04372,0.65721,0
1.8989,0.386,0
2.32469,-0.31716,0
0.60361,0.13737,0
3.43329,-0.46524,0
-0.14671,-0.14592,0
2.63233,-0.67784,0
0.6352,-1.10034,0
0.13247,0.3241,0
2.0227,0.74732,0
2.94201,0.78156,0
-0.44377,-0.89676,0
2.52693,-0.94089,0
1.20182,0.45489,0
1.72946,-0.1008,0
-0.46065,-0.52017,0
3.35178,-0.57196,0
0.80797,1.23397,0
0.92928,-0.33357,0
2.50223,1.05387,0
1.70354,0.19256,0
0.33614,-0.27351,0
-0.18889,-0.503,0
0.45768,0.05588,0
0.04024,0.97627,0
2.20888,0.67513,0
2.36528,0.8306,0
0.29605,-1.16198,0
1.90524,-0.63195,0
0.93988,-0.08395,0
0.62047,0.5956,0
1.69357,-0.79257,0
1.84764,-0.52059,0
3.0957,-0.37556,0
2.35198,0.2375,0
1.74334,0.6205,0
1.82038,0.78684,0
-0.43631,0.35043,0
1.50824,0.27054,0
2.38647,0.74948,0
1.39339,0.43573,0
3.48255,0.27094,0
3.48762,-0.51629,0
1.40838,0.82708,0
2.48229,-1.23665,0
1.68255,-0.2862,0
3.39922,1.07868,0
3.44716,0.61383,0
0.46815,-0.55462,0
-0.166,1.18762,0
2.12111,0.15472,0
0.75748,0.87838,0
-0.34341,-0.84884,0
-0.44667,-1.24943,0
0.47747,0.02372,0
3.14491,0.49662,0
1.55518,-1.04311,0
-0.17518,0.98889,0
1.16276,0.51631,0
3.38189,0.80695,0
2.52142,-1.22564,0
2.959,0.77095,0
-0.45667,0.949,0
3.24569,0.24085,0
3.37051,-0.70321,0
0.03564,-0.03494,0
2.91138,-1.20647,0
1.244,1.01497,0
1.05423,0.68931,0
0.31264,0.27888,0
2.15703,0.89231,0
3.26389,0.85778,0
-0.21075,-0.08288,0
3.27555,0.12495,0
0.1309,0.43524,0
2.93368,-0.22559,0
2.3506,-1.0329,0
2.2965,0.53622,0
2.42253,-1.14792,0
3.47909,-0.30778,0
0.77131,0.30021,0
2.38027,-0.8427,0
1.20231,0.9562,0
1.1411,0.15479,0
2.8496,0.91189,0
0.29338,-0.81319,0
2.815,0.23492,0
-0.08193,0.80726,0
1.15451,-0.59154,0
0.12687,-0.31883,0
0.33309,-0.04894,0
0.98608,-0.05267,0
2.94453,0.40873,0
1.5822,-1.14456,0
2.46368,-0.88348,0
-0.10487,0.46465,0
3.23192,-0.50898,0
-0.33382,-0.14439,0
3.33103,0.95605,0
0.99431,0.63083,0
0.38925,0.62925,0
2.41633,0.78033,0
2.93996,0.15554,0
0.71154,-0.60844,0
0.88232,0.1446,0
0.90052,-0.01236,0
2.00632,-0.85933,0
1.77576,1.13699,0
1.21646,0.88956,0
3.34001,1.00054,0
0.05012,-0.25396,0
-0.3099,0.52676,0
3.00236,-0.28822,0
1.81309,-0.6986,0
0.55526,-1.17098,0
2.83713,0.54952,0
1.45643,-0.68788,0
0.94488,0.87563,0
0.30312,-1.20344,0
2.14201,0.18732,0
-0.34047,-0.78636,0
3.30492,-0.99333,0
-0.29141,0.86047,0
0.71528,0.48121,0
0.84081,0.86254,0
2.85059,1.05135,0
2.32242,0.51038,0
-0.36804,0.62267,0
3.39914,0.36144,0
2.41748,-0.44325,0
-0.11597,-0.00112,0
2.81189,0.32345,0
2.70541,1.24335,0
1.99112,-0.4554,0
2.57515,0.80657,0
1.41913,-0.37206,0
3.26614,-0.52572,0
0.39771,-0.25707,0
3.14745,-0.26561,0
0.61831,-0.48273,0
2.90694,-0.63919,0
0.21644,0.01707,0
2.64924,-1.14169,0
-0.39857,-0.63475,0
3.06655,-0.281,0
-0.14454,0.55041,0
1.54664,-0.56173,0
1.84718,-0.25758,0
2.99077,-0.01359,0
2.30687,0.07009,0
1.39548,0.98728,0
3.14096,0.48565,0
1.12215,-1.08184,0
2.52536,1.05723,0
-0.1955,-0.72802,0
-0.05439,0.233,0
2.14187,0.4032,0
2.50085,0.40595,0
-0.49516,-1.1279,0
0.92345,0.91644,0
-0.07952,-0.46966,0
-0.0553,0.10762,0
1.57188,-0.88025,0
1.95604,-1.02823,0
0.58062,1.04367,0
1.15475,-0.7661,0
0.30544,0.44432,0
2.21247,1.1881,0
0.63472,-0.37611,0
1.33662,-0.42881,0
0.82418,-0.43366,0
0.83714,-0.957,0
0.68739,0.96706,0
0.98761,0.67247,0
1.20163,-1.10215,0
1.90755,1.14457,0
1.46053,-0.76458,0
2.96537,-0.52411,0
3.03584,-1.18509,0
1.87499,1.20822,0
-0.39802,0.85186,0
1.03893,-1.08428,0
3.27391,0.06246,0
-0.14176,-0.47905,0
1.92931,-0.34567,0
-0.42688,0.27038,0
3.29491,0.69831,0
-0.1778,0.59618,0
0.22733,0.28343,0
0.42347,-0.42293,0
0.98972,0.78708,0
0.63947,-0.96482,0
0.37768,0.90841,0
0.23548,-0.23961,0
1.82269,0.5567,0
1.72529,0.87213,0
2.81047,-0.64453,0
1.56321,0.22282,0
1.42803,-0.54145,0
-0.14997,-1.10834,0
0.16374,-0.04583,0
3.00124,0.27996,0
1.37944,-1.2431,0
2.83534,-0.55653,0
0.29154,0.08723,0
0.33767,-1.20333,0
1.02842,0.73487,0
-0.41426,0.14315,0
0.91106,1.0217,0
2.68676,1.14415,0
2.50278,0.00799,0
2.85852,0.38471,0
2.82952,0.94252,0
2.98814,0.29929,0
-0.21124,0.00383,0
2.19214,1.01591,0
0.75595,0.52817,0
1.77618,-0.51013,0
3.35413,1.20522,0
0.43582,0.47483,0
1.35253,0.31706,0
3.49419,0.01395,0
2.55616,-0.38288,0
0.0072,0.29956,0
1.46978,-1.07464,0
3.45924,-0.30537,0
2.72165,0.1884,0
-0.23744,-0.64628,0
2.58338,0.76746,0
2.30017,-0.80519,0
2.16867,0.63993,0
0.04204,-0.27394,0
1.90193,-0.46015,0
0.93595,-0.3892,0
2.41965,0.59333,0
0.6519,-0.46544,0
0.78241,0.84855,0
2.34006,0.70256,0
1.61467,-1.07078,0
3.08976,-1.1385,0
2.81366,-1.18842,0
2.76715,-1.09346,0
2.14401,0.96685,0
0.54848,-0.98848,0
1.01341,-0.13271,0
3.00898,-1.01647,0
3.25079,0.52821,0
2.977,0.26894,0
-0.19708,0.37593,0
0.13912,-0.25228,0
0.98247,0.75378,0
1.71617,0.17645,0
1.22682,-0.74968,0
1.10144,-0.75592,0
0.73474,-0.58973,0
-0.06906,-0.58197,0
2.66825,-0.10228,0
3.36638,-0.91551,0
3.35569,-0.7772,0
2.54367,-1.18131,0
1.8341,-1.1718,0
-0.02626,-0.39244,0
-0.15779,-0.23988,0
2.55823,1.06946,0
-0.29389,0.93254,0
2.73587,-0.41706,0
2.30785,1.05308,0
-0.07741,-1.1989,0
0.19666,1.02068,0
0.69709,-1.19329,0
2.89128,-0.37915,0
2.10536,0.15438,0
-0.04971,1.19839,0
1.93817,0.92883,0
2.45013,-0.07592,0
0.92191,-1.00164,0
0.47382,-0.39237,0
2.07922,0.408,0
-0.14317,-0.68208,0
-0.39815,0.13217,0
2.54936,0.64428,0
0.25035,-0.77935,0
-0.29839,-0.30436,0
0.49015,-0.11358,0
0.21044,-1.06982,0
1.49955,-1.18153,0
1.11313,0.54937,0
1.25992,0.6626,0
1.4891,0.00288,0
2.40254,-0.59097,0
2.30711,1.17341,0
0.59388,-0.40247,0
3.30401,-0.94354,0
0.40319,-0.37911,0
0.40145,-0.97116,0
1.82019,0.86285,0
1.2202,-1.03229,0
3.48068,0.72133,0
2.5678,0.35597,0
1.13905,0.42323,0
1.85788,0.3904,0
-0.18133,0.99304,0
1.63438,-0.23512,0
3.13379,0.87817,0
0.82809,0.44185,0
0.89234,0.39503,0
2.39591,-1.04471,0
0.01428,1.16035,0
-0.28483,-1.03923,0
1.42627,0.82033,0
1.81667,-0.34337,0
3.25573,1.08211,0
0.91812,-0.18775,0
0.57895,0.81525,0
2.42398,-0.39953,0
0.34768,-0.63223,0
1.15023,-0.19557,0
2.55643,-1.14881,0
0.22129,0.86656,0
2.87129,-1.05354,0
2.71533,-0.3499,0
2.32702,-1.15195,0
0.48213,0.62439,0
3.03606,-0.52848,0
0.47838,0.51444,0
-0.07734,0.33205,0
1.07742,0.32669,0
2.00617,-0.77647,0
-0.16269,0.84774,0
0.98946,-0.35717,0
0.89254,0.35069,0
2.00169,1.11021,0
1.30627,0.36805,0
0.97418,0.65161,0
-0.04011,0.24345,0
0.99201,0.80515,0
0.45868,-1.02084,0
2.64423,-1.16175,0
1.22656,-0.62092,0
2.6422,0.87617,0
0.42727,0.30454,0
1.23961,-0.61852,0
0.40499,0.06496,0
0.80385,0.83766,0
3.40086,0.51887,0
0.73646,0.39689,0
0.34016,-0.64298,0
1.24935,-0.17479,0
0.78511,0.98043,0
1.94567,0.69298,0
3.17061,-1.07388,0
2.76628,0.32112,0
1.72298,1.13894,0
0.10598,0.70054,0
0.20759,-0.23049,0
-0.42206,-1.18376,0
1.66633,0.42164,0
1.21289,-0.41021,0
2.23105,0.37998,0
3.20003,-1.13285,0
0.35118,0.11339,0
0.86539,0.53111,0
3.11966,-1.14917,0
3.06465,-0.93806,0
2.01193,-1.21558,0
0.49195,-1.21086,0
0.09935,0.92996,0
0.21659,1.04073,0
3.08153,0.31096,0
0.98541,1.13696,0
2.6075,-1.20767,0
1.12529,-0.42272,0
0.81608,-0.95275,0
1.90823,1.0693,0
2.82166,-0.97089,0
-0.1452,0.95714,0
2.86974,-0.12922,0
1.27299,0.07733,0
-0.01972,-1.21215,0
3.41845,-0.55281,0
2.09647,-0.15983,0
2.15289,0.99485,0
-0.39768,0.16746,0
3.16991,0.43616,0
1.73795,-0.32631,0
0.02732,0.13147,0
1.25711,-1.24592,0
3.04364,-0.2226,0
0.34318,-0.21953,0
1.8744,-0.37938,0
2.4239,-0.86754,0
3.48282,-0.63542,0
2.82899,1.16209,0
1.49635,0.10653,0
2.80554,0.97068,0
0.6727,-0.68278,0
2.81888,-0.05118,0
3.09823,0.45854,0
0.91229,0.44022,0
3.33568,0.78194,0
2.2598,0.8035,0
-0.18529,0.0814,0
-0.02182,-0.18734,0
0.02352,0.36755,0
3.13737,-0.41176,0
0.5009,-1.04734,0
0.68859,-0.90002,0
3.03919,0.14561,0
0.1775,1.2237,0
0.70801,-0.03143,0
2.86326,0.16384,0
0.61448,0.60307,0
1.59545,-0.61292,0
1.86154,0.89298,0
0.07092,-0.42951,0
2.74695,0.20759,0
0.45865,-0.92223,0
0.81514,-1.21066,0
3.20181,-0.87338,0
1.50644,-1.13855,0
1.96033,-0.03189,0
0.31791,0.0045,0
2.41289,0.6897,0
-0.398,-0.5358,0
0.80631,-0.88992,0
2.61439,0.91973,0
-0.2436,1.0071,0
3.49093,0.17109,0
-0.18295,-0.23172,0
0.42308,-1.00091,0
3.12016,0.56843,0
3.2256,-0.5313,0
0.16318,-0.95966,0
2.29972,-0.93792,0
2.35793,-1.03773,0
2.65665,0.0849,0
0.81254,0.97546,0
0.85895,1.24974,0
0.87415,0.24514,0
3.1086,0.59542,0
-0.08075,-0.3007,0
2.78862,-0.44918,0
-0.47422,1.20132,0
3.11294,-0.14453,0
2.52082,-0.4086,0
0.20129,1.07239,0
1.3703,-0.30892,0
0.48372,0.63268,0
1.3528,-0.95856,0
0.97142,0.70691,0
2.63287,-0.25174,0
1.75244,-0.32117,0
2.71328,0.83483,0
-0.07471,-0.49461,0
0.44195,1.08009,0
2.32415,1.1744,0
3.08326,0.15989,0
2.55428,0.16651,0
2.68586,1.09419,0
0.96764,-0.54619,0
2.25389,-0.81776,0
3.04761,0.09372,0
-0.28391,0.96111,0
2.28421,-0.0348,0
-0.21478,0.16173,0
0.85745,-0.47455,0
0.53077,-1.1345,0
1.91864,1.0163,0
3.02396,1.03528,0
-0.28383,-1.07746,0
0.30448,0.21816,0
1.9019,-0.98582,0
0.21795,0.9029,0
2.84837,1.07438,0
2.13019,-0.19617,0
0.52006,-1.02274,0
0.23561,0.88707,0
1.96696,0.18626,0
3.44189,0.31445,0
1.5838,-0.29818,0
3.41202,-0.26368,0
0.87306,-0.37007,0
0.79075,-0.73405,0
1.10757,0.67085,0
2.0605,0.59988,0
1.04427,1.20834,0
3.17512,-0.88652,0
-0.45853,0.04502,0
2.14552,-0.39295,0
3.02592,0.08837,0
3.22649,-0.48451,0
2.49973,-0.24217,0
0.16556,-0.92431,0
0.10523,1.12084,0
1.41213,0.94106,0
1.02883,-0.5187,0
0.11784,-0.56147,0
2.72967,-0.95824,0
0.19372,-0.71988,0
2.74628,-1.21831,0
3.20396,-0.15356,0
2.67557,-0.56522,0
1.86614,0.35474,0
0.84832,-0.93513,0
2.84781,0.82205,0
0.68131,-0.14557,0
0.69803,-0.43374,0
0.60345,-1.1849,0
2.01113,0.021,0
1.2357,-1.02502,0
1.19191,0.30709,0
0.75618,-0.46497,0
0.2175,-0.96029,0
2.8945,-0.68083,0
2.24551,0.41622,0
-0.48288,-0.52085,0
0.84531,1.12593,0
0.60292,0.35922,0
0.73285,1.07011,0
-0.47396,-0.6458,0
3.44432,-0.23624,0
3.49407,-1.07295,0
1.57438,-0.34492,0
2.16717,0.00157,0
2.64384,1.1122,0
3.05712,1.18728,0
2.15896,1.14304,0
1.17819,-0.91833,0
-0.21533,0.01043,0
-0.25653,-0.12598,0
-0.01097,-0.54757,0
1.66653,-0.10666,0
1.73631,0.68009,0
1.18994,-0.6751,0
1.21146,-1.21286,0
2.82396,-0.6294,0
0.70752,0.79381,0
2.197,-0.1935,0
0.32805,0.20905,0
1.99802,0.53043,0
-0.24409,0.0711,0
1.11146,-0.59417,0
0.99085,-1.01293,0
0.84841,0.47123,0
1.39389,-1.04259,0
1.314,0.98523,0
3.24352,0.67443,0
2.27042,-0.23199,0
0.35737,0.07198,0
1.62422,-0.7373,0
2.10183,1.10058,0
-0.0402,0.30726,0
3.10429,-0.75952,0
2.11483,-1.22299,0
2.78898,0.95939,0
0.50502,1.20947,0
2.55973,0.08082,0
2.02317,-1.22692,0
0.19357,-0.33503,0
3.06643,-0.26197,0
2.05312,-0.38638,0
3.37893,0.97737,0
0.28861,0.71644,0
3.07285,0.97654,0
-0.25661,-0.19314,0
0.14501,0.6491,0
-0.31701,-0.94219,0
2.09897,1.24111,0
0.59889,-0.70799,0
0.94592,-0.42925,0
3.25197,0.63223,0
0.69223,-0.07845,0
0.82716,-0.93541,0
2.01334,-0.52981,0
0.21825,-1.04005,0
0.0575,-0.86818,0
0.62129,0.77479,0
-0.22413,-0.47191,0
0.73222,1.16965,0
0.74185,0.35821,0
0.7022,1.14312,0
1.04227,-0.07383,0
-0.49929,0.30241,0
3.02259,-0.24415,0
2.89987,-1.16553,0
1.59467,-0.59647,0
2.11249,-0.87775,0
2.97986,0.46016,0
2.59846,0.09927,0
2.9047,-0.78627,0
2.22762,0.0567,0
1.35887,-0.69125,0
0.51018,0.33636,0
3.0194,-0.56945,0
1.88777,-1.17181,0
2.04913,0.47176,0
1.0847,0.05276,0
0.61161,-0.70622,0
1.11629,1.05497,0
1.03329,-1.15937,0
3.36831,0.02273,0
2.0704,-0.51071,0
2.19357,-0.58085,0
0.51631,-0.50688,0
3.31333,0.47977,0
3.25935,0.99505,0
2.13378,1.12777,0
0.2312,0.70094,0
-0.24681,0.21654,0
2.90336,0.88857,0
1.84848,-0.72979,0
0.38798,-1.08058,0
0.43952,-0.24108,0
1.04404,-0.55802,0
1.03923,-0.1623,0
2.4379,0.8824,0
0.67637,-0.74043,0
2.81049,-1.09725,0
3.32759,-0.36575,0
1.01938,0.64675,0
0.85609,-0.0987,0
0.9765,0.07484,0
1.58082,0.6439,0
-0.38333,-1.05953,0
0.97272,-0.31335,0
3.28847,-0.95353,0
0.69979,0.18166,0
3.13302,0.38602,0
0.0377,1.0774,0
2.08067,-0.76125,0
0.26494,-0.96167,0
1.72122,0.57847,0
1.49977,1.07486,0
2.06108,0.81284,0
-0.12645,-0.6615,0
0.84745,-1.06724,0
0.86657,-0.47261,0
0.81503,0.77846,0
-0.4746,0.01591,0
1.5299,0.69933,0
0.20305,1.08524,0
2.8563,-1.12212,0
2.46563,0.06252,0
0.20437,-0.38972,0
0.76044,-0.75601,0
0.81062,-0.35255,0
0.09062,-0.63428,0
2.69339,-0.97674,0
1.69188,0.63402,0
3.39745,-0.02284,0
3.02717,0.27677,0
0.11263,-1.04565,0
0.6519,-0.85458,0
-0.13873,-0.70014,0
-0.46723,0.28451,0
3.49972,0.44119,0
3.05439,0.16853,0
1.52427,0.05988,0
1.80126,-1.04233,0
1.57775,0.41308,0
1.58325,0.50404,0
0.80419,-0.27571,0
1.77725,0.07204,0
0.43091,-0.93631,0
0.96567,1.19869,0
1.21745,1.12144,0
-0.44354,0.29644,0
0.21363,0.07587,0
-0.4697,0.28528,0
2.70854,0.13062,0
0.79513,0.77053,0
2.50382,-0.67449,0
2.54152,-0.03244,0
3.33108,0.6742,0
2.25382,-0.46358,0
-0.06172,0.96175,0
2.70811,-0.94642,0
1.92522,-0.40477,0
2.84932,0.01419,0
2.89807,0.57419,0
0.54207,0.776,0
3.21939,-0.85056,0
-0.25258,1.17474,0
1.18715,-0.20048,0
3.30684,1.24613,0
0.41256,0.67748,0
-0.36976,-1.10059,0
1.79179,-0.0861,0
1.13294,0.7865,0
2.45763,0.61897,0
-0.26288,0.88053,0
0.46985,0.95953,0
2.65222,-0.45241,0
1.51473,0.31207,0
2.28839,1.06775,0
3.33747,-0.24249,0
0.3778,-0.32854,0
3.41985,0.29849,0
0.38206,1.00583,0
-0.25606,1.20647,0
0.09415,-1.15794,0
2.15932,0.48145,0
2.33421,-0.32943,0
0.42151,0.85864,0
1.91146,0.90109,0
2.0585,0.55198,0
3.39232,-1.23442,0
1.88263,-0.03543,0
-0.07227,-0.9377,0
0.76434,0.49355,0
3.33242,0.42569,0
0.43521,0.18718,0
0.29378,1.16549,0
1.23187,-1.08204,0
3.42667,-0.22996,0
2.7609,0.50836,0
-0.25979,-0.22698,0
1.26603,-0.02543,0
3.26159,-0.03303,0
-0.02695,-0.13729,0
1.55759,-0.1689,0
3.24695,0.43289,0
1.18692,0.94657,0
3.004,0.56178,0
0.9338,-0.04089,0
1.94444,-1.10104,0
1.49175,-0.23826,0
2.75645,-0.01827,0
2.45948,-0.31798,0
2.16383,-0.55861,0
2.11766,0.11133,0
2.35661,0.22297,0
0.97207,1.22041,0
0.37208,-0.04984,0
0.95097,-0.9037,0
0.16161,0.22925,0
0.22201,-0.31186,0
3.25907,-0.30871,0
0.55529,0.47951,0
-0.36401,0.97115,0
2.43194,-0.00357,0
-0.46385,0.86746,0
1.30711,-1.24868,0
1.23521,1.07168,0
3.01153,0.6049,0
3.31847,-0.05563,0
0.86755,-0.23943,0
0.74254,-0.43948,0
1.28823,1.2229,0
2.66234,1.04137,0
0.61068,-1.00191,0
3.26505,0.75093,0
3.41908,-0.94092,0
3.14602,-0.64312,0
0.69402,1.07506,0
2.79817,0.14811,0
1.69592,1.02085,0
3.41198,-0.60545,0
1.38372,-0.08666,0
2.5994,-1.03749,0
1.03051,1.03702,0
-0.33314,1.17466,0
0.64073,0.9948,0
-0.05161,-0.20453,0
1.31086,0.72213,0
2.64878,0.83275,0
2.65063,0.37701,0
1.58833,0.20366,0
1.48504,0.84115,0
2.49498,0.08886,0
2.64612,-0.70266,0
2.68913,0.85174,0
0.16477,-0.46909,0
3.33051,-0.10776,0
1.96028,0.70923,0
1.4137,-0.18396,0
2.15014,0.34979,0
3.23764,-0.28952,0
-0.25602,1.01015,0
0.95326,1.14986,0
0.93041,1.1163,0
0.84434,-0.03015,0
2.70835,-0.97923,0
2.14907,-1.05782,0
0.39284,1.13922,0
1.75934,0.18942,0
2.76012,-0.77999,0
2.60436,-1.15573,0
1.44879,0.66879,0
3.09851,-1.15779,0
2.80729,-0.22104,0
1.34775,0.7934,0
0.02507,0.53323,0
2.49776,0.83451,0
1.20339,-1.2496,0
1.85571,-0.86465,0
1.04854,0.14166,0
1.32215,0.44966,0
3.2318,-0.16195,0
1.55671,-1.01729,0
1.91427,-0.14256,0
0.3389,-0.39558,0
1.29696,0.2571,0
1.09855,-0.34313,0
3.17028,0.90212,0
0.02388,0.98601,0
-0.19672,0.42405,0
1.20833,0.79223,0
2.67106,0.9072,0
2.06062,-1.12176,0
2.81625,-0.85195,0
2.09269,1.10247,0
0.14862,-0.24759,0
3.32137,0.30572,0
1.42589,0.35888,0
0.17802,-0.79073,0
-0.29966,0.25525,0
1.75864,-0.99766,0
1.16596,0.1605,0
0.4645,0.80051,0
1.30519,0.92824,0
1.15006,-0.22211,0
3.36113,-0.93273,0
1.77011,-0.68904,0
3.21274,-1.16265,0
0.68798,-0.04961,0
-0.35197,0.91431,0
-0.39282,-0.4409,0
-0.4953,-0.7261,0
2.26666,0.13878,0
3.41445,0.6286,0
0.97701,0.26843,0
-0.15423,-0.62984,0
0.39565,-0.07878,0
0.69502,0.20607,0
3.24491,0.44922,0
0.60957,0.17995,0
1.6222,0.60455,0
2.46207,-0.28714,0
-0.4167,-0.63029,0
1.27489,0.64105,0
2.34107,-0.74652,0
1.07526,-0.59766,0
1.46136,0.54484,0
3.146,0.83555,0
-0.4082,-0.27285,0
0.01251,-0.18475,0
0.87755,-0.26954,0
-0.32741,-1.09331,0
1.6426,0.51127,0
3.19323,-1.05259,0
2.65126,0.31716,0
-0.05653,-0.60208,0
-0.09028,-0.80062,0
1.33125,-0.3122,0
-0.33114,-0.2958,0
2.64511,-0.69275,0
2.72773,-0.0408,0
-0.48161,0.76573,0
2.14751,-0.27675,0
1.57786,0.23327,0
3.40576,-1.17178,0
0.68371,-0.32505,0
1.04953,0.99221,0
2.70775,0.0895,0
-0.29275,0.49264,0
0.73713,-0.0271,0
2.76923,0.60843,0
2.29522,-1.20451,0
2.45924,0.00662,0
2.08784,0.47719,0
2.29962,0.07751,0
3.48898,1.11423,0
0.66051,1.21084,0
2.76164,0.64939,0
3.30655,1.02291,0
-0.46959,-0.08188,0
2.63064,-0.20646,0
1.43042,0.14274,0
0.62741,0.10268,0
1.45376,1.03436,0
2.86566,0.0788,0
-0.23448,-1.09187,0
1.25975,0.40929,0
-0.38848,0.17055,0
1.99878,0.00523,0
2.87966,1.2019,0
0.88931,0.08111,0
2.83734,-0.01362,0
2.54923,-1.09514,0
3.46922,0.54227,0
0.89798,-0.28276,0
0.42467,-0.40177,0
0.28696,-0.08124,0
2.87665,-0.6901,0
0.41553,-1.00355,0
-0.04345,0.66958,0
3.47329,-0.52881,0
3.4488,-1.2486,0
-0.22189,0.56422,0
-0.25647,0.57241,0
0.98424,1.09804,0
1.4476,-0.16424,0
3.24613,-1.24436,0
0.24716,0.3745,0
0.31429,-1.16713,0
1.1707,0.51869,0
-0.02197,-0.83589,0
0.92756,1.17833,0
0.16499,0.18766,0
1.8599,-0.34104,0
-0.21755,-0.53088,0
2.76035,-0.67311,0
2.87792,0.5637,0
2.55403,0.15506,0
2.77325,0.59418,0
2.21569,0.38146,0
1.51278,-0.14688,0
2.98142,0.53814,0
2.47739,0.6798,0
1.76683,0.61032,0
1.95839,-0.84469,0
2.02919,0.88901,0
0.69525,-0.8938,0
2.88589,0.18451,0
-0.48214,-1.2193,0
2.24928,0.19632,0
0.71373,-1.18432,0
0.24816,-0.78063,0
1.85974,-1.20133,0
-0.06478,-0.20991,0
2.01429,-0.35281,0
0.37878,-0.1519,0
0.77716,0.91911,0
2.47475,0.13657,0
2.90606,-0.57628,0
2.22046,-0.98164,0
1.64434,-1.13618,0
1.61026,-0.08803,0
-0.24073,-1.19641,0
0.69672,-0.33189,0
0.7773,0.55354,0
-0.27479,-0.1158,0
-0.27079,0.7211,0
-0.32407,0.4149,0
3.41903,1.07846,0
0.21216,-0.56955,0
0.48155,-0.99643,0
0.24668,-1.0507,0
0.92936,-0.11481,0
0.76022,0.52558,0
0.58811,0.10173,0
0.91143,0.6212,0
3.37399,0.33146,0
3.26275,0.72519,0
0.49402,-1.24017,0
2.44624,0.89881,0
2.67741,-0.59261,0
1.93197,0.23225,0
1.16285,-0.98747,0
1.76202,-0.71676,0
1.20623,-0.54189,0
0.48915,0.80486,0
1.97271,-1.12562,0
-0.0418,0.63773,0
-0.04407,-0.21395,0
2.38234,-0.36662,0
2.32539,-1.05021,0
1.08519,0.61006,0
2.28005,-0.47923,0
0.80996,-0.40598,0
3.28512,-1.20826,0
1.07992,-1.09294,0
2.20098,-1.1678,0
3.31688,0.28232,0
3.33382,-1.1191,0
0.16571,0.12531,0
-0.00137,0.2574,0
1.13039,0.90141,0
0.58907,0.36051,0
2.12783,-1.15128,0
2.01453,0.89319,0
0.71304,1.15921,0
-0.19219,1.04533,0
2.21276,-0.91722,0
-0.15176,-1.15743,0
2.55415,0.1966,0
2.4141,0.64006,0
-0.25318,1.08172,0
0.10295,-1.11492,0
0.43811,0.32569,0
3.38989,1.19075,0
0.29913,-1.1685,0
2.68331,-0.17135,0
1.72228,-0.95475,0
1.26957,-0.31529,0
0.93725,-0.64813,0
2.18525,0.42977,0
1.87614,0.98764,0
3.27213,0.9367,0
0.12753,-0.3125,0
2.51086,-0.74853,0
-0.26188,0.18703,0
0.4191,0.13973,0
1.26156,0.25773,0
0.2575,-0.62647,0
0.20958,-0.83856,0
1.44632,0.89151,0
2.29962,0.79479,0
0.91308,1.2042,0
3.20278,1.22855,0
0.50731,1.15944,0
-0.1291,-0.12712,0
3.47704,-0.58215,0
2.79223,-0.50772,0
1.1284,-0.11068,0
2.48523,-0.77212,0
2.77138,0.13812,0
3.18275,0.02143,0
1.8809,0.52098,0
2.16332,0.6021,0
1.79583,-0.70859,0
3.14398,-0.96036,0
0.76569,0.24888,0
-0.35174,-1.07408,0
0.71786,1.1957,0
1.36965,0.09861,0
3.21721,-0.68792,0
2.3132,-1.22591,0
0.99545,-1.02696,0
1.96595,0.65051,0
1.20298,0.87261,0
2.48639,-0.81693,0
0.42169,-1.05455,0
1.70142,-0.62072,0
1.9752,-0.45232,0
0.27093,-0.54393,0
-0.30018,1.12024,0
0.07523,-0.38621,0
3.38809,-0.34941,0
0.30065,0.31029,0
-0.48298,-0.25326,0
-0.49982,0.13034,0
1.9493,-0.84016,0
-0.29793,-0.60818,0
1.38237,0.00177,0
0.0133,-0.99263,0
2.49783,0.94619,0
0.56874,-0.63159,0
1.02097,0.88232,0
0.81338,0.79738,0
0.96284,-0.47424,0
2.07097,0.90876,0
0.83968,-1.02306,0
0.52895,1.16856,0
-0.39499,-0.73252,0
0.80826,1.2274,0
0.07172,-0.40776,0
0.84779,0.05917,0
-0.1958,0.15708,0
1.54739,-1.15619,0
2.13823,-0.74067,0
-0.37301,0.50196,0
3.28228,0.77831,0
1.07966,0.48046,0
2.49699,0.82165,0
1.68892,-0.59681,0
0.49418,-0.36403,0
2.09583,1.13512,0
-0.14938,1.03618,0
2.19446,-0.76116,0
2.45396,0.33116,0
-0.2483,-0.15131,0
0.70073,-0.36475,0
0.34835,-0.21408,0
1.74618,1.15601,0
3.07863,-0.27957,0
3.03603,0.44454,0
2.63039,1.08938,0
1.16723,0.26243,0
0.59116,-0.35743,0
2.72518,0.37967,0
1.22756,-0.33741,0
2.92431,0.19416,0
1.79851,-0.02972,0
0.08413,0.49104,0
0.62646,-0.94574,0
2.35969,0.23529,0
2.18833,-0.25571,0
2.60793,0.783,0
1.15094,-1.20557,0
1.6036,0.26859,0
2.2649,-0.61798,0
3.17601,1.15151,0
-0.45588,0.86551,0
3.28435,0.86946,0
1.11999,-1.16107,0
2.92268,-0.53846,0
1.41317,1.2351,0
1.63708,0.7749,0
3.07367,1.04687,0
0.71734,0.70798,0
1.49521,-0.8124,0
3.18348,-1.14472,0
-0.40706,0.04299,0
0.34536,-0.37106,0
-0.12306,-1.04683,0
1.22046,-1.14569,0
-0.4802,-1.14963,0
-0.18874,-0.17152,0
0.72692,-0.04876,0
0.76826,-0.12207,0
3.40365,1.11184,0
0.80983,-0.55725,0
2.90896,-0.46402,0
-0.46887,-1.00939,0
1.76732,-0.73431,0
3.18449,0.1538,0
1.18344,0.26344,0
1.94362,0.18898,0
0.21253,0.05113,0
0.60084,-1.0212,0
2.25915,0.97726,0
0.72334,0.36209,0
0.36708,-0.10211,0
0.16325,0.37557,0
2.0422,0.8233,0
-0.35549,1.07768,0
1.42362,-0.03672,0
1.68072,0.59576,0
0.77756,-0.5341,0
2.54655,-0.13249,0
0.55303,0.85038,0
2.11457,-0.67479,0
0.64693,-0.90522,0
1.12989,0.06853,0
3.10358,-0.85162,0
2.36307,0.92112,0
0.44814,0.96749,0
3.39196,0.74768,0
-0.43272,0.31295,0
0.12081,0.68887,0
2.66552,0.98337,0
3.08781,1.11457,0
0.0546,-0.05216,0
1.53022,0.62762,0
1.80518,-0.6375,0
0.81662,1.17786,0
1.87726,0.45576,0
1.33749,-0.75085,0
2.61754,-0.7417,0
0.22071,-0.97249,0
1.43624,-0.63695,0
2.68007,0.35558,0
2.89054,1.12977,0
2.69613,-0.67459,0
0.3907,-1.0099,0
1.88316,-0.27308,0
2.36896,1.03622,0
2.17124,0.89883,0
0.15608,-0.9849,0
2.35906,-0.72208,0
1.60287,-0.38536,0
2.70639,-0.78633,0
2.99675,-0.69369,0
2.0141,0.16838,0
1.60288,-0.61661,0
-0.31529,-1.20283,0
-0.01464,-0.85046,0
0.69141,0.56728,0
2.33436,-1.14342,0
2.40197,0.68886,0
1.66229,-0.92916,0
2.52313,-0.48329,0
1.66227,0.36232,0
0.36993,-0.01674,0
1.59177,-0.61315,0
1.58914,0.13031,0
1.35845,-1.19985,0
2.65098,-0.49658,0
-0.05567,-0.59238,0
2.24408,0.99382,0
2.55395,0.67551,0
1.99495,-0.35671,0
0.05529,0.44356,0
1.75093,0.66816,0
1.79582,0.86134,0
-0.12348,-1.07435,0
-0.21355,-0.46525,0
2.2995,0.03262,0
2.87631,-0.15366,0
2.74472,-0.28886,0
3.22481,0.26765,0
0.84294,-1.10656,0
1.02835,-0.30403,0
0.34913,-0.64382,0
-0.4061,-0.90054,0
2.2163,0.26985,0
1.86351,0.62863,0
0.6227,0.41626,0
1.85909,0.16895,0
1.32046,-0.97515,0
2.67762,-0.12426,0
3.22529,0.2581,0
0.86132,1.06464,0
-0.01509,-1.13744,0
2.42528,0.04313,0
3.3305,0.1534,0
0.08383,0.96098,0
0.83528,0.69667,0
1.47806,-0.64343,0
3.19257,0.01377,0
0.73412,-1.15219,0
0.35507,1.19555,0
0.33457,-0.91894,0
2.57081,-1.16332,0
2.43567,0.95905,0
0.99255,1.01794,0
-0.20469,-0.30494,0
1.25494,0.40592,0
0.79036,-0.91166,0
3.12248,-0.72886,0
3.14631,-0.72315,0
1.64512,-0.39274,0
1.37799,-0.38795,0
3.09175,-0.10701,0
2.43226,-0.55617,0
2.91463,-0.30094,0
0.58129,-0.79423,0
2.60915,1.0842,0
0.17223,1.15651,0
2.59465,-0.71318,0
-0.45594,-1.10498,0
3.21219,-1.0323,0
2.41463,0.46183,0
2.80269,-0.94466,0
3.42269,-0.82891,0
0.0213,0.50337,0
0.44807,-0.90379,0
1.5706,0.85058,0
2.87633,1.09535,0
3.33833,1.06299,0
1.84993,0.38811,0
1.85552,-0.36112,0
1.5156,0.23865,0
3.44891,-0.44515,0
-0.21182,-0.46525,0
2.77092,-0.63863,0
-0.1423,-0.93798,0
0.0047,-0.26712,0
2.73617,0.86111,0
-0.05704,0.88012,0
3.03625,-0.41165,0
1.87774,-0.776,0
2.76649,-1.14127,0
1.38848,0.93807,0
0.62476,-1.03675,0
0.36275,-1.18387,0
1.04823,-1.05081,0
0.61987,-0.12935,0
3.25813,-0.94533,0
2.70464,-1.20795,0
1.5904,0.692,0
2.90596,0.6179,0
3.09714,-0.53862,0
2.97423,-1.17785,0
-0.07241,1.18795,0
0.47029,-1.05929,0
2.72835,-1.24835,0
2.45563,-0.84537,0
3.09913,-0.76063,0
0.03336,-0.09866,0
3.46501,-0.95555,0
1.43147,-0.84712,0
0.3869,1.03819,0
1.69187,0.28719,0
1.56193,0.51185,0
1.82701,0.00066,0
0.61788,0.92044,0
3.00611,-0.35629,0
-0.18597,-1.21054,0
1.01401,-0.26583,0
3.45166,-0.9964,0
2.8404,-1.21558,0
0.38982,1.0846,0
1.22081,0.02204,0
1.54127,0.36863,0
3.49184,0.70795,0
1.40729,0.13994,0
2.04274,0.33264,0
0.39886,-0.54768,0
-0.00705,-0.73907,0
1.86239,0.19221,0
2.69548,-0.15303,0
1.01535,0.26836,0
1.01599,0.57356,0
2.04522,-0.19164,0
-0.34083,-0.34374,0
3.17642,0.89791,0
0.3477,0.27737,0
3.38202,1.20298,0
0.06242,-0.99111,0
0.92046,-0.10178,0
1.21083,-0.72368,0
2.47187,-0.78642,0
0.6419,-0.93557,0
2.48459,-1.03374,0
0.52729,0.34328,0
-0.01271,-0.81892,0
0.48288,-0.22545,0
-0.44494,-1.08768,0
1.85648,-0.49124,0
2.69371,-0.66868,0
2.41136,0.72033,0
1.30683,0.6336,0
1.17285,1.13358,0
2.99943,-0.57943,0
-0.30924,-0.49893,0
0.17666,-0.20481,0
2.63801,-0.20479,0
0.56721,0.04303,0
1.45646,-0.91728,0
1.25263,0.52201,0
3.4387,0.49857,0
0.28605,-1e-05,0
-0.24771,-1.04205,0
0.42467,0.49115,0
0.38386,0.99212,0
2.52654,-1.14815,0
1.24668,0.27351,0
1.88536,-0.17254,0
1.1616,0.61201,0
0.16748,0.85943,0
3.47357,-0.1596,0
2.37445,-0.68137,0
-0.12714,0.67962,0
3.0815,0.71128,0
3.18707,-1.08616,0
2.8802,-0.41069,0
2.41005,0.06684,0
0.1795,0.8868,0
2.62196,0.21011,0
3.03631,0.27031,0
0.89082,-1.01478,0
2.71651,0.11313,0
2.10841,-0.83048,0
0.70875,-0.67021,0
1.71017,-1.1879,0
1.63054,0.95211,0
1.6797,-0.46582,0
-0.0254,0.52725,0
-0.23273,-0.54142,0
2.2754,-0.88814,0
2.96507,-0.68579,0
0.87616,-0.39368,0
1.18805,0.81359,0
2.21925,1.24469,0
2.45892,-0.96239,0
1.94251,-0.61117,0
2.90335,0.68826,0
3.28234,-0.99724,0
2.42823,0.70233,0
0.51874,0.82372,0
2.6153,-0.37168,0
2.69379,0.83731,0
-0.42966,0.62351,0
1.75276,0.38142,0
3.10874,0.37298,0
-0.27785,0.44253,0
2.7304,-0.97057,0
2.90954,0.55934,0
3.41382,0.80058,0
2.97767,-0.92185,0
-0.31366,-0.5608,0
-0.22862,0.73363,0
1.85951,0.182,0
2.91371,0.61503,0
0.98971,-0.75272,0
2.50928,0.42899,0
0.84729,-0.10626,0
1.333,0.34838,0
2.34907,0.99782,0
3.12336,0.4999,0
0.41154,0.97499,0
2.46588,-0.66727,0
0.05738,-0.24239,0
0.2017,-1.12377,0
1.25179,-0.44161,0
0.8423,0.02773,0
2.22887,-0.07151,0
-0.4845,0.98296,0
2.58523,0.8443,0
2.61167,0.54219,0
1.1166,-0.3357,0
3.1232,0.82353,0
3.3275,0.61439,0
0.15847,-0.6787,0
3.18275,0.77071,0
3.09482,0.33069,0
3.00123,0.99773,0
0.61113,0.3591,0
1.25178,-0.4417,0
-0.00288,-0.54404,0
3.00889,-0.02688,0
0.44583,0.22133,0
2.69408,-1.00865,0
-0.34045,0.66534,0
0.10479,0.09923,0
1.44613,0.21169,0
3.30676,-0.10127,0
1.0006,-0.63796,0
2.66263,-0.86574,0
2.70404,-0.84333,0
1.09789,1.0688,0
1.17287,1.02955,0
-0.47383,0.99321,0
1.00321,-0.73705,0
-0.47656,-0.01878,0
-0.43493,0.20076,0
-0.15694,0.1509,0
0.50968,0.22138,0
3.2264,0.65928,0
1.44307,0.92357,0
1.95255,0.36925,0
0.4217,-0.50177,0
3.13821,0.47613,0
2.898,-0.94589,0
0.41518,-0.65349,0
0.38414,0.41612,0
3.03992,-0.43486,0
0.00711,-1.20561,0
2.41965,-1.14838,0
2.47151,-0.61828,0
0.22029,-0.6065,0
2.14354,0.80336,0
1.20841,0.91534,0
3.25043,0.19606,0
2.65998,1.09155,0
0.92522,1.21502,0
2.79106,1.14302,0
3.28816,-0.57901,0
0.05401,-0.08163,0
1.70294,-0.07033,0
2.06779,0.79474,0
1.01895,1.2191,0
1.23208,0.09632,0
1.22102,-0.62624,0
3.05219,0.4839,0
1.71735,-0.0274,0
1.61265,1.12539,0
-0.02261,0.9651,0
0.74748,0.96499,0
1.37065,1.04737,0
0.19826,0.25816,0
1.19307,-0.78966,0
1.67877,-0.17659,0
1.45814,-1.14422,0
0.94978,1.09927,0
1.56548,0.48624,0
1.4873,0.83157,0
1.95713,-0.66509,0
1.89467,-0.32401,0
1.46459,0.35417,0
3.42591,0.90653,0
1.81163,-0.78835,0
1.58027,0.34226,0
0.19435,1.01163,0
-0.20164,0.585,0
0.52115,0.3339,0
1.10095,-0.50209,0
3.19529,0.11734,0
1.11843,0.71891,0
3.05023,-0.82212,0
2.55745,-0.73984,0
3.36076,1.23895,0
3.35839,-0.86739,0
0.63243,-0.65178,0
2.07285,-0.71998,0
1.69168,0.84541,0
1.05485,0.62536,0
-0.20112,-0.0616,0
1.52242,-0.42906,0
1.88344,-1.13715,0
2.09791,-0.91388,0
0.72304,1.22646,0
1.09459,0.80597,0
2.56097,-0.6363,0
1.67625,1.11803,0
-0.19061,-0.88908,0
0.18223,-0.68951,0
-0.11441,-0.94197,0
1.39583,1.08224,0
0.40972,0.07229,0
2.87906,0.09928,0
0.77524,-0.88265,0
-0.48363,0.42744,0
0.27504,0.31196,0
0.87067,-0.2526,0
-0.44147,1.24433,0
2.18702,-0.31734,0
0.30759,1.20717,0
0.96054,-0.70579,0
0.89306,0.84485,0
-0.04404,-0.80108,0
2.00601,0.15524,0
1.57164,0.20496,0
0.51162,-0.44204,0
2.82797,-0.23731,0
-0.41283,-0.38101,0
2.12904,-0.11526,0
2.17254,-0.65786,0
2.75104,-1.21805,0
2.73345,-0.59353,0
1.96858,0.25672,0
1.99386,0.13243,0
-0.31481,-0.07044,0
0.86327,-0.0258,0
2.82833,-0.17414,0
0.85145,-0.65238,0
2.80183,-0.48181,0
1.15736,-1.13448,0
2.06061,1.18309,0
0.66283,0.93266,0
2.66201,-0.44727,0
1.35198,0.81203,0
3.10673,-1.11344,0
0.29778,0.93046,0
0.42404,0.07064,0
-0.06807,-0.00761,0
0.31686,0.05996,0
0.59355,0.1798,0
1.03092,-0.551,0
0.51613,-0.58454,0
2.47917,-0.22296,0
2.37836,-0.8846,0
1.73929,-0.02878,0
0.17258,0.7467,0
3.44682,1.05308,0
2.07609,-0.12175,0
0.72655,-0.62214,0
2.04649,-1.11024,0
1.52437,-0.61582,0
0.77872,-0.39384,0
1.20795,0.36744,0
1.36552,1.11742,0
1.80553,-0.96456,0
2.21092,0.98928,0
2.59061,-1.24316,0
3.11923,-0.93774,0
0.28378,-0.08992,0
2.21884,1.04147,0
0.19639,0.2734,0
0.96288,-0.88831,0
3.02001,-0.77305,0
0.41122,1.23003,0
1.97458,0.40487,0
3.17617,0.96826,0
1.08888,0.78406,0
3.49246,1.03428,0
2.93641,-0.07182,0
1.97207,-0.78857,0
0.16328,0.22736,0
2.64353,-0.21933,0
1.946,-0.50735,0
2.8246,0.85948,0
1.95817,-0.93072,0
1.26527,0.33721,0
-0.49985,-0.06599,0
2.28934,-1.09209,0
3.21114,-0.80445,0
1.95184,-0.97308,0
2.90582,0.81947,0
-0.29414,0.79447,0
2.59817,-0.16314,0
0.24996,-1.24012,0
0.26675,-1.0226,0
-0.02323,-0.30901,0
1.67933,-1.08017,0
0.15707,1.21568,0
0.03366,1.22154,0
0.4455,-1.06741,0
3.25212,-0.28488,0
0.45096,-0.95573,0
3.40638,0.91255,0
2.21156,0.40847,0
0.07226,0.48054,0
0.12459,-1.11562,0
-0.09546,-0.70826,0
2.35726,0.11071,0
1.7728,0.41076,0
3.37061,1.21568,0
-0.20476,0.07504,0
1.9803,0.22952,0
3.07439,-0.71369,0
1.40584,-1.01007,0
0.82848,0.61273,0
1.47085,-0.04219,0
-0.13097,0.13526,0
2.35224,0.85227,0
1.20787,0.81229,0
0.956,0.13181,0
-0.32052,-0.87586,0
2.92726,-1.11381,0
3.49572,-0.42131,0
1.25133,-1.1553,0
1.28527,-0.85902,0
0.98004,0.98937,0
0.94803,0.52625,0
2.44092,0.19876,0
1.95299,0.96963,0
2.67253,-0.81256,0
-0.25367,0.45927,0
0.87632,-0.54484,0
3.28364,0.28516,0
0.5397,0.68209,0
0.86198,0.18556,0
0.52893,0.10171,0
-0.12461,-0.41835,0
0.72448,-0.54283,0
1.49115,-0.46472,0
3.41995,-0.5157,0
0.50277,0.92883,0
0.5401,-1.20123,0
2.03713,-0.13212,0
0.99504,-0.13916,0
0.57799,1.19549,0
0.99402,0.49883,0
2.23136,1.0698,0
0.45301,-1.1926,0
1.71594,0.18274,0
-0.06546,0.85892,0
0.02434,0.75255,0
1.77212,0.56326,0
-0.43338,0.49967,0
0.96037,-0.92695,0
2.09111,1.02331,0
2.06943,0.24192,0
0.06129,-0.23372,0
0.97516,0.31379,0
2.19162,-0.22349,0
0.17597,-1.11601,0
2.74154,-0.32681,0
2.84253,-0.95638,0
2.81012,-0.29135,0
-0.21162,0.37896,0
2.14157,-1.12051,0
2.1328,-1.03546,0
-0.34882,-0.74094,0
0.61356,-0.70288,0
2.66502,0.08035,0
0.76653,-0.11543,0
-0.12096,-0.22567,0
1.2556,0.38172,0
3.4961,0.83688,0
0.31003,1.0499,0
0.86399,-1.08995,0
0.41832,0.63935,0
2.9428,0.06986,0
3.3011,-0.83597,0
0.55802,1.06775,0
1.38345,-1.0504,0
3.34773,0.54604,0
1.40409,1.17725,0
1.51605,0.95432,0
2.74017,-0.12511,0
2.2685,0.20743,0
-0.32979,-0.41759,0
2.04975,-0.02818,0
1.55828,-1.12285,0
0.03781,-0.19651,0
2.9436,1.24861,0
2.68001,1.0044,0
-0.0377,-0.19395,0
3.16099,1.0797,0
2.00585,1.0918,0
1.84238,1.02832,0
1.74972,0.2958,0
0.14011,1.0558,0
3.14142,-0.90583,0
2.97714,1.2457,0
3.07315,-0.66472,0
3.02791,-0.79975,0
3.33862,0.525,0
1.40923,-0.47814,0
2.81299,0.31007,0
1.56504,0.53121,0
1.09865,-0.27148,0
1.90858,0.93389,0
-0.27349,-1.18634,0
0.01285,-0.93486,0
2.55514,-0.68043,0
0.19446,1.13645,0
1.96863,-0.19017,0
1.90764,1.10626,0
2.76539,0.16902,0
2.69822,0.74123,0
1.1831,-0.53766,0
0.28769,0.09326,0
0.61731,-0.62295,0
-0.23877,1.04243,0
-0.48028,-0.64103,0
2.89435,0.88225,0
2.09316,1.02349,0
3.47987,0.98958,0
3.32664,0.96953,0
-0.16456,0.00437,0
0.50081,0.45192,0
2.95652,-0.15395,0
1.9422,0.93628,0
3.20767,-0.52469,0
2.31383,-0.28557,0
2.01624,0.0987,0
-0.10184,-1.14719,0
1.73139,-1.0194,0
2.25878,-0.36802,0
1.88212,-0.02697,0
3.49612,0.44921,0
1.17204,-0.66475,0
2.18575,0.88116,0
0.50737,-0.30841,0
1.26756,-0.35639,0
1.29014,0.34648,0
0.30687,0.44015,0
0.23078,-0.97002,0
1.61873,0.12076,0
0.98707,-0.25772,0
0.77086,0.22437,0
1.05966,0.7046,0
-0.21034,1.21982,0
0.09343,0.25329,0
1.56363,-1.1767,0
0.79149,-0.70758,0
0.53371,0.44447,0
-0.48575,-0.61491,0
3.073,0.78247,0
0.31766,-1.01268,0
2.95409,-0.22622,0
-0.03161,0.22382,0
3.00143,1.08645,0
0.48454,-0.7597,0
-0.47801,0.82395,0
2.55465,1.24828,0
3.07846,-1.22274,0
2.05871,0.6895,0
0.24419,0.28721,0
1.57305,-1.13454,0
0.30004,-0.24104,0
3.15416,-1.10607,0
1.25306,-0.8089,0
0.86555,0.92768,0
1.69277,-1.22919,0
0.83742,1.12418,0
-0.41825,-0.49624,0
0.50933,-0.61873,0
2.12815,0.43171,0
-0.34012,0.87074,0
2.30672,-0.54611,0
-0.3239,0.70574,0
-0.16569,0.00391,0
1.62223,0.74033,0
2.70829,0.1798,0
1.33744,-0.932,0
1.09491,0.57521,0
2.58597,-0.98687,0
1.79208,0.31031,0
1.0972,-1.06643,0
2.28508,-0.07084,0
1.03603,-0.42969,0
1.04667,-0.36029,0
0.05894,1.23752,0
0.2354,0.89776,0
1.315,-0.53612,0
0.32317,-0.22099,0
0.86677,0.66483,0
0.12891,0.27662,0
3.03404,-0.36425,0
-0.1175,0.56659,0
3.42519,0.63498,0
2.70257,-0.58783,0
0.0841,-0.4436,0
1.36034,1.15466,0
0.10658,0.86394,0
2.2486,1.13732,0
-0.35062,-0.54195,0
1.21166,-0.56996,0
2.70968,1.16767,0
1.19907,0.87623,0
2.6796,-1.00304,0
2.2336,-0.43446,0
1.22241,-0.65264,0
-0.23958,1.13138,0
1.32787,-1.0202,0
3.39055,1.17125,0
0.09825,-0.0781,0
0.0813,0.67535,0
2.39322,-0.17036,0
1.36036,0.16905,0
2.92745,0.76645,0
1.29704,-0.94013,0
2.61819,-0.25473,0
1.10227,-0.25179,0
0.61216,-0.95925,0
1.60507,-0.64734,0
1.20562,-0.57116,0
0.87449,-0.78152,0
3.18605,-0.85513,0
2.04525,-0.06933,0
0.35052,-0.16036,0
2.70229,0.09668,0
0.93346,-0.51626,0
3.21535,0.34303,0
0.59454,-0.70039,0
1.59363,0.40308,0
1.1306,-1.19589,0
1.29789,-0.66274,0
0.39419,0.6846,0
-0.36349,0.82133,0
2.34233,-0.25668,0
3.22334,0.94623,0
1.06271,0.10461,0
3.02052,-0.50046,0
3.47551,0.95643,0
0.97589,0.18919,0
2.78739,-0.32714,0
2.46662,-0.34412,0
1.03271,0.43266,0
2.65394,1.06605,0
3.26895,0.91536,0
2.99744,0.16093,0
2.83631,0.01859,0
1.01031,0.10933,0
3.12263,0.15849,0
1.43376,-0.19905,0
2.68132,0.82502,0
2.38321,0.18934,0
1.38252,-0.58187,0
0.03925,-1.09809,0
1.49062,0.63489,0
-0.16162,0.96923,0
0.10065,0.67493,0
2.3751,-1.0456,0
-0.28873,0.19724,0
3.26836,0.96028,0
0.00336,-0.91009,0
2.1891,-0.17436,0
1.47238,0.6481,0
0.19778,-1.24951,0
2.41032,1.07986,0
1.76624,-0.80796,0
0.35861,0.52977,0
0.77275,0.19417,0
0.43873,-1.18691,0
1.02715,0.59768,0
0.33333,-0.20176,0
1.14506,-0.53792,0
0.82509,-0.12536,0
0.97424,0.53062,0
3.13547,0.28574,0
2.0904,0.04572,0
1.24921,-0.07926,0
2.56502,0.50894,0
2.3009,-0.03303,0
0.38323,-0.02051,0
0.15587,0.55893,0
0.73767,-0.78499,0
-0.14045,-0.56493,0
3.3907,0.30674,0
0.48065,0.11997,0
2.06653,-0.08772,0
-0.35422,-1.00713,0
1.34289,0.40847,0
0.79917,0.62261,0
2.99725,-0.70432,0
2.674,-0.08557,0
0.89011,-0.09468,0
3.00916,1.03656,0
0.93725,0.08118,0
2.00366,-1.15463,0
-0.15754,0.66408,0
1.83641,0.27145,0
-0.26682,-0.11231,0
2.41533,-0.82019,0
1.62829,0.69528,0
-0.44658,0.67719,0
1.92085,0.83162,0
0.15347,-0.19481,0
0.24207,-1.05033,0
1.94146,-0.48655,0
3.10203,-0.37594,0
0.16352,-0.98236,0
1.69389,-1.10302,0
2.89914,0.43162,0
1.05436,-0.07225,0
1.12624,-1.15194,0
1.63008,0.39838,0
1.98606,-0.19424,0
2.71077,0.78158,0
1.16343,-1.18765,0
-0.22273,-0.84444,0
0.39637,0.29111,0
0.92993,0.08415,0
3.40578,-0.28268,0
2.5046,-1.20754,0
-0.25663,-1.151,0
2.2774,-0.45269,0
-0.20588,-0.19757,0
1.22231,0.78185,0
2.22713,-0.68583,0
-0.16524,-1.11921,0
2.92889,-0.51975,0
1.39679,-0.32958,0
1.66932,0.71146,0
0.03842,1.19405,0
1.24354,0.13095,0
2.42643,0.88545,0
2.60826,0.02793,0
2.75644,0.41809,0
1.49978,-0.09298,0
3.36038,0.99487,0
3.00981,-0.55466,0
2.51369,1.20068,0
1.67478,-1.05599,0
0.99071,0.68722,0
1.39321,1.12875,0
0.7593,1.06851,0
1.2189,-0.02944,0
1.46447,-0.35153,0
0.16421,-0.38629,0
-0.10821,-0.02279,0
0.52537,-0.15065,0
1.28858,-0.34878,0
2.74798,0.43783,0
1.88591,-0.67075,0
-0.22409,-0.26899,0
1.01642,-0.67165,0
2.41289,0.54385,0
2.04676,0.22194,0
0.93363,-0.79706,0
2.65509,0.79349,0
1.26875,-0.70997,0
0.96649,-0.97733,0
-0.04511,-1.10273,0
0.97365,-0.42349,0
0.39712,-0.803,0
1.35606,-0.44711,0
0.19743,0.69197,0
-0.18363,-0.14916,0
2.47419,1.15082,0
2.72621,0.43299,0
3.12798,-1.13741,0
-0.07406,1.24755,0
2.62827,-0.29567,0
3.02071,0.3541,0
1.17299,-0.14271,0
3.34812,1.17763,0
0.50449,-0.32876,0
-0.0592,-0.24321,0
0.0791,0.07917,0
-0.13532,0.04874,0
1.40449,-0.80699,0
3.39912,-0.48791,0
1.75485,-0.85706,0
2.51964,0.38879,0
3.36108,1.00971,0
0.69287,0.92509,0
3.43275,0.02301,0
3.13444,0.36055,0
0.51438,0.16498,0
2.53524,1.17315,0
1.23761,-0.58089,0
2.05667,0.66778,0
1.68435,0.62461,0
2.21922,-0.41176,0
2.20246,-0.80665,0
2.48666,0.59889,0
0.80343,-0.50894,0
0.46464,-0.83176,0
1.71507,-0.81415,0
-0.06676,0.28351,0
1.78896,-0.99983,0
0.79146,-0.53806,0
0.07421,0.63761,0
1.53808,0.54269,0
0.06906,0.63331,0
3.15269,-0.93871,0
2.32891,0.42383,0
2.48297,1.12015,0
2.21169,0.97979,0
2.53467,1.04494,0
-0.21552,-0.28504,0
1.57108,0.26304,0
2.07921,-0.35535,0
-0.2907,-0.17537,0
1.82607,-0.05443,0
0.65033,1.00343,0
-0.49739,-1.08404,0
2.28775,0.39635,0
2.38284,0.48892,0
0.74393,-0.93234,0
-0.34443,-0.71713,0
1.45843,-0.19247,0
0.80208,0.29122,0
1.95999,1.06286,0
2.03608,0.73017,0
-0.34727,0.06468,0
3.08282,-0.90043,0
2.67897,0.27828,0
2.13665,-0.80037,0
1.16626,0.47887,0
2.95681,-0.67957,0
2.4258,0.97381,0
1.48236,0.37305,0
3.01165,1.21238,0
2.92261,0.05731,0
1.11466,-0.69192,0
3.29625,-0.84108,0
2.79126,-0.91031,0
3.30556,-0.4855,0
-0.0868,-0.21065,0
3.41604,1.02067,0
2.43155,-0.64958,0
1.39715,-0.39272,0
1.28885,0.854,0
0.1263,-0.91483,0
3.11553,-0.58364,0
2.67783,0.64501,0
-0.06191,-0.69729,0
-0.35745,1.10911,0
0.89082,0.83714,0
1.45176,-0.70264,0
-0.02808,-1.20801,0
1.64298,-1.09025,0
1.77472,-1.10222,0
1.04655,-0.99314,0
0.48478,-0.11752,0
2.76058,0.32844,0
3.04117,1.0402,0
0.15881,0.13122,0
0.79935,0.23995,0
0.49367,0.5271,0
2.33495,-0.42878,0
0.46516,0.60631,0
0.85615,1.06534,0
2.63415,-0.16448,0
1.71743,0.42976,0
1.54533,0.53731,0
2.85646,-0.67122,0
0.53398,1.14892,0
1.04454,0.55156,0
1.93431,-0.69128,0
0.66097,-1.10685,0
0.49616,0.53837,0
0.25196,-0.2584,0
0.13015,-0.56288,0
1.71523,0.50363,0
-0.43522,0.99163,0
3.08377,1.18962,0
0.63698,-0.99135,0
1.22303,0.08003,0
0.30294,-1.16081,0
-0.14435,-0.76268,0
2.24843,0.00454,0
2.20135,0.87942,0
3.38946,-1.01834,0
0.67064,-1.22054,0
0.74377,-0.47683,0
0.73708,0.66055,0
3.27695,0.83522,0
-0.12656,-0.27125,0
1.89851,-1.11884,0
3.09912,0.72116,0
2.2853,0.2629,0
0.58621,-0.36822,0
-0.00262,-0.87054,0
3.07453,-0.93461,0
1.81726,-0.17668,0
2.33769,-0.13857,0
2.63848,0.4103,0
2.66916,1.08163,0
1.52855,-0.6882,0
2.38281,-0.47052,0
1.64367,-0.88127,0
3.10266,0.48963,0
0.90165,0.70099,0
2.98056,-0.68734,0
2.7033,-0.62028,0
-0.41039,-0.97234,0
-0.119,0.70183,0
-0.17227,0.00182,0
0.10484,0.71852,0
2.9216,-0.78006,0
0.75626,0.44222,0
2.48712,-0.07465,0
0.49217,-0.88753,0
-0.07756,-0.83923,0
1.18829,-0.20876,0
0.38306,0.08535,0
1.90461,0.71565,0
1.11311,1.18473,0
1.39729,0.33806,0
0.94769,0.42425,0
1.01284,0.00601,0
2.78329,1.14387,0
2.62637,-1.2006,0
1.44023,-0.6052,0
-0.09467,0.10671,0
0.61695,0.07019,0
0.83671,-1.22213,0
2.87127,0.65521,0
1.23493,0.07096,0
0.11718,1.2129,0
-0.20021,0.83227,0
2.28967,-0.37385,0
0.02049,1.07338,0
0.66918,-0.73239,0
3.35808,-0.96904,0
1.90408,0.31325,0
2.31965,-0.88272,0
1.53646,1.13893,0
3.18744,0.11124,0
0.42358,0.8195,0
2.09879,-1.07395,0
1.07078,0.4742,0
2.38515,-0.27858,0
3.3628,-0.35379,0
0.419,0.51094,0
1.43761,-0.57001,0
2.27627,-0.67055,0
2.54546,-0.58794,0
-0.00231,-0.96124,0
2.74014,1.14815,0
0.20041,1.12311,0
2.49191,0.84203,0
1.95733,0.6902,0
1.39045,-0.41663,0
2.73458,-0.89798,0
1.46329,-0.19804,0
1.72257,-1.03556,0
-0.14198,-0.04015,0
2.99152,-0.16528,0
1.49385,-0.02835,0
1.38435,0.58153,0
0.05606,-0.75087,0
1.13466,0.63098,0
2.33102,-1.14695,0
2.39163,0.44177,0
2.46215,-1.20901,0
1.95208,0.11281,0
1.75667,-0.71388,0
-0.22961,-1.02638,0
2.12982,-0.75996,0
1.61436,-1.19351,0
1.35919,-0.83455,0
1.5663,0.67286,0
0.93468,0.61875,0
2.91611,-0.95887,0
2.50412,-0.14299,0
2.0019,-1.01748,0
2.35214,0.3336,0
1.50417,1.24578,0
1.21496,-0.5858,0
3.47847,1.21032,0
0.7708,-0.77321,0
1.25853,0.88117,0
2.20171,-0.33721,0
1.29879,0.04086,0
0.54591,-0.60057,0
0.47619,0.06655,0
3.35452,-0.98212,0
0.43165,0.08829,0
3.05122,-0.74134,0
1.81551,-1.06583,0
1.15115,-0.74755,0
0.61787,0.39641,0
3.27698,0.24322,0
1.02869,-0.67283,0
1.47135,0.56603,0
2.80653,-0.43451,0
2.474,-1.06109,0
2.20377,0.84774,0
3.05126,0.76276,0
2.23079,-0.46256,0
0.59072,1.10306,0
2.7919,1.15943,0
0.24417,0.78072,0
0.64687,0.63265,0
2.51955,0.28045,0
1.87949,0.11939,0
-0.09545,0.51984,0
3.39604,-1.22482,0
1.32206,1.16983,0
2.66605,0.23014,0
0.03213,-0.50563,0
2.41754,1.12264,0
1.03187,1.22717,0
3.08109,-0.2167,0
3.44308,-0.69842,0
0.48112,0.57865,0
2.35464,-0.0967,0
1.03251,0.49313,0
2.47572,0.70458,0
1.99548,1.20817,0
0.80107,0.58482,0
3.22654,-0.13209,0
1.07106,0.4626,0
1.52193,0.80536,0
0.19631,-0.9116,0
3.32678,0.69462,0
2.21177,0.43133,0
1.5823,-0.00745,0
2.4877,-0.29532,0
0.66691,-0.70393,0
0.36524,0.01915,0
-0.2077,0.41983,0
1.7933,-1.16409,0
1.81413,0.5405,0
0.79774,-1.08037,0
0.64777,-0.55953,0
1.34951,-0.75528,0
3.03493,1.00951,0
-0.43713,-0.79297,0
0.28088,-1.04431,0
2.9867,-0.40056,0
1.2023,-0.06209,0
2.0162,0.25846,0
1.31449,-0.34745,0
1.90152,-0.60979,0
2.16336,-0.90371,0
2.0467,0.59793,0
2.77688,-0.88947,0
1.48457,1.21481,0
-0.28149,-0.7352,0
2.98173,0.11672,0
3.44092,0.43572,0
0.95871,0.47187,0
-0.229,-0.1651,0
2.9065,-0.52919,0
0.08388,-0.49549,0
0.80879,1.18841,0
1.45075,-0.4901,0
1.86754,-0.04668,0
3.17789,-1.15348,0
2.98434,0.54475,0
0.68454,-0.71428,0
1.04073,-0.76072,0
1.28769,-0.65309,0
1.19243,0.4061,0
0.9222,0.99924,0
0.75841,-1.00475,0
3.0503,0.72164,0
0.32322,-0.26439,0
2.07961,-0.722,0
0.22751,0.36732,0
2.73329,-1.03219,0
2.47621,-0.49305,0
1.4987,1.03197,0
2.21056,-0.54999,0
3.1051,1.05967,0
3.13283,-0.08026,0
2.26761,0.49152,0
2.55144,-0.41353,0
1.55445,-0.31739,0
1.62355,0.15925,0
2.1766,0.7754,0
3.3313,-0.77296,0
0.75999,-0.97048,0
0.83341,-1.08262,0
-0.32279,-1.01781,0
2.4064,0.63663,0
0.78343,1.06332,0
0.83453,0.05055,0
3.1342,-1.15966,0
0.29409,-0.49358,0
2.74373,-0.977,0
3.03838,-0.67208,0
2.27417,-0.68288,0
0.04022,-0.28762,0
1.75261,1.01183,0
3.42856,-0.66429,0
-0.4942,-0.49119,0
2.99381,0.84128,0
0.64051,0.03321,0
0.95123,1.05267,0
0.34582,-0.52894,0
0.60362,1.12696,0
1.20764,-0.78679,0
1.97422,-1.04351,0
0.34045,-0.62559,0
2.35042,0.53693,0
3.28985,-0.48728,0
0.59432,0.46293,0
1.48905,0.57423,0
3.19231,-0.302,0
0.40153,0.57263,0
1.86141,0.25797,0
3.11529,0.11833,0
3.02462,0.68032,0
2.46363,0.09242,0
3.45212,0.7198,0
-0.41257,0.26013,0
2.95107,0.33943,0
1.47813,-0.89586,0
3.01746,-0.35881,0
3.49884,-0.91541,0
3.0989,-0.73099,0
-0.35175,0.4373,0
1.42584,1.12679,0
1.26521,-0.35955,0
2.68438,-0.57155,0
2.23032,-0.07053,0
1.58487,0.39556,0
2.13335,1.19278,0
1.45749,-0.56691,0
1.69536,-0.52852,0
2.04324,1.08767,0
-0.4967,-0.41617,0
0.29856,-1.06893,0
-0.16747,0.00763,0
2.03331,1.06399,0
2.79076,-1.17969,0
0.32368,-1.05668,0
0.72507,-0.04362,0
0.32504,1.22668,0
2.65145,-0.32727,0
1.93616,-1.24086,0
0.48248,-0.86289,0
3.08227,0.19649,0
1.17002,-0.31454,0
3.45128,-0.3134,0
3.00727,-0.85795,0
-0.18498,-1.24486,0
1.74298,-0.13768,0
0.1836,0.76613,0
0.20564,1.01895,0
1.04087,-1.13676,0
2.6774,0.86514,0
0.01005,0.32291,0
2.62108,0.90204,0
2.53577,0.13497,0
1.06244,0.92026,0
0.2338,0.42726,0
2.86084,1.10315,0
3.12067,-0.5599,0
1.80668,0.38572,0
2.01871,-1.18273,0
3.42673,-0.9134,0
0.12025,1.24442,0
0.79444,-1.14065,0
1.68546,0.56883,0
2.66754,-1.23122,0
1.84233,0.52065,0
0.76183,-1.02751,0
1.92712,0.59542,0
2.33028,1.02056,0
1.77521,1.11472,0
3.24692,0.02135,0
2.53676,0.67431,0
1.26204,0.28008,0
3.12634,-0.74323,0
1.07774,-1.09461,0
3.48895,-0.64966,0
2.26554,-1.04776,0
2.41665,-0.84815,0
0.3017,-0.77321,0
2.36787,-1.0339,0
3.37656,-0.87121,0
-0.43022,-0.6661,0
3.2988,-0.98911,0
2.8398,-0.41523,0
1.27467,0.38131,0
-0.38162,-0.9741,0
3.49858,0.49795,0
2.61921,-0.73516,0
0.19035,-0.68287,0
1.8059,0.82221,0
2.31976,0.16196,0
-0.10744,-0.60646,0
-0.46707,1.14229,0
1.21898,-0.30676,0
3.30557,0.53903,0
1.32513,0.90043,0
2.61409,-0.42955,0
3.10825,-0.91421,0
2.92932,0.41222,0
-0.39948,-0.75775,0
1.06552,0.10048,0
1.45863,-1.16964,0
3.38873,0.59351,0
0.81869,1.02479,0
1.05631,-0.14496,0
2.38472,-0.38863,0
-0.46281,-0.11025,0
-0.35557,-0.78063,0
1.79981,0.15231,0
1.71504,-0.77528,0
3.21382,0.69171,0
2.70181,-0.51752,0
1.05342,1.03217,0
-0.07851,-0.89362,0
1.78192,1.09085,0
0.92942,-0.17897,0
2.38515,0.33771,0
3.30892,-0.2576,0
2.97611,0.13324,0
0.79532,0.81884,0
2.73065,-0.8636,0
0.25908,0.02389,0
0.25981,-1.11918,0
1.20794,-0.80145,0
0.63305,-0.35749,0
0.03045,0.73711,0
1.46495,0.97095,0
-0.24758,-0.52451,0
2.33517,-0.1178,0
2.60586,1.21691,0
2.44625,-0.17621,0
0.99956,1.02947,0
-0.24861,0.91885,0
3.464,0.60629,0
1.61357,0.59443,0
0.11596,-0.44569,0
2.18846,-0.93249,0
0.68194,0.75249,0
0.85123,-0.67548,0
0.66849,0.34696,0
1.27366,-0.14687,0
1.38733,-1.03659,0
1.75732,-0.66243,0
0.02101,0.15556,0
3.20661,0.30505,0
3.34886,0.23051,0
1.84161,0.55701,0
1.65265,1.00801,0
0.10052,0.55727,0
3.0344,0.84415,0
3.12356,0.62593,0
-0.12868,-0.67722,0
3.37362,1.14528,0
-0.22988,-0.34267,0
2.13966,-0.29673,0
-0.28487,-0.62563,0
0.88163,0.58294,0
3.20423,0.79658,0
2.36739,-0.61804,0
0.4156,-0.14858,0
0.84407,-0.86826,0
0.26666,-0.1865,0
1.95728,1.14844,0
-0.45947,0.74777,0
2.62766,1.2473,0
1.09425,0.98245,0
3.24206,-0.30639,0
-0.49217,-0.88118,0
2.44495,-0.49304,0
3.11043,1.12973,0
3.16983,-0.25396,0
2.99824,0.43872,0
1.96066,-0.65353,0
1.49973,-0.31793,0
-0.09462,0.09586,0
1.64318,0.57145,0
0.6952,0.24439,0
1.8229,-0.7451,0
1.40914,-0.95546,0
1.40528,0.34497,0
-0.15676,0.62267,0
0.68576,0.02344,0
3.27643,1.02278,0
3.00295,-0.11244,0
1.7155,0.38271,0
1.72956,-0.07253,0
1.26259,0.67681,0
3.20681,-1.14118,0
-0.36622,1.12038,0
-0.39757,-1.10607,0
0.53318,1.10538,0
1.40218,-0.2957,0
0.26065,-0.58463,0
2.75292,0.61824,0
1.67681,0.16519,0
1.26686,1.23747,0
3.08191,-0.74366,0
2.02349,-0.60198,0
-0.08989,0.09572,0
-0.23278,0.59186,0
-0.03622,-0.13885,0
3.13563,-0.81492,0
1.11269,-1.00061,0
1.50457,1.06835,0
0.44136,0.1017,0
2.14597,-1.17628,0
-0.47884,0.23111,0
-0.47908,-0.67325,0
2.61445,-0.4872,0
3.38856,0.8012,0
1.30984,0.64551,0
0.25872,0.1436,0
-0.39103,1.16482,0
-0.45743,0.90711,0
0.60218,-1.05896,0
0.03477,1.06325,0
0.48277,1.06138,0
-0.48962,1.07431,0
2.82494,0.99921,0
0.82969,-1.17776,0
1.16371,-1.02708,0
-0.12183,0.54006,0
0.69924,0.59179,0
3.22429,-1.0299,0
1.09789,-0.79855,0
2.47461,0.9838,0
3.31628,-0.0824,0
-0.24373,1.12826,0
2.68568,0.31762,0
-0.06341,0.36748,0
1.59755,0.00504,0
2.57326,0.23404,0
2.49332,0.07166,0
0.45915,-0.67638,0
3.00523,0.17475,0
-0.07962,-0.34376,0
0.42967,0.39686,0
2.57119,0.98264,0
3.19482,-0.00171,0
-0.08449,-0.94182,0
2.10855,-0.22139,0
2.35824,-1.12709,0
3.42284,1.07419,0
0.92592,-0.74593,0
2.14495,-0.10471,0
0.23309,0.82924,0
2.42346,0.77413,0
2.89897,-0.66005,0
2.20467,-0.93299,0
0.84624,0.13169,0
1.17521,-0.986,0
2.08016,-1.20544,0
3.05925,-0.30677,0
0.32782,1.07795,0
1.59506,-0.78022,0
-0.11485,0.53758,0
1.46836,0.59504,0
3.48141,-0.35704,0
1.96387,-0.04941,0
2.53177,0.30564,0
0.80731,-0.70617,0
2.35618,-1.07702,0
2.3131,-1.14276,0
2.92458,0.85273,0
3.47268,-1.11215,0
2.61877,-0.61263,0
2.03117,-0.93246,0
1.2611,0.10497,0
-0.06384,0.91674,0
1.67486,-0.69464,0
0.82899,-0.07181,0
1.12758,-0.96708,0
0.91432,-0.19507,0
3.41915,1.23115,0
0.95855,0.70441,0
3.27499,-0.91981,0
-0.01865,0.3018,0
3.45215,-0.089,0
1.65389,0.48761,0
1.19405,0.58417,0
0.64667,0.11438,0
1.9254,0.28635,0
1.8755,-0.74531,0
-0.36085,1.18947,0
1.37379,-0.32104,0
1.91691,-1.10956,0
0.43983,-0.42498,0
1.98898,-0.8037,0
3.31537,0.39874,0
2.74883,0.32183,0
1.72337,-0.8815,0
2.41004,0.86361,0
0.81746,-0.75909,0
1.17257,-0.56428,0
2.20159,0.28874,0
1.02579,-1.21392,0
2.65517,0.79825,0
0.45849,1.24869,0
-0.34105,-0.48814,0
-0.31166,0.84892,0
1.70813,-1.14645,0
1.15304,-1.03367,0
0.13516,-0.76941,0
2.56896,0.90514,0
0.71768,-1.23241,0
2.7483,-0.84577,0
0.8001,-1.20896,0
0.2796,0.91893,0
0.03827,1.00244,0
0.37789,-0.43229,0
3.37848,-0.10997,0
1.11978,0.37661,0
1.77231,0.9597,0
-0.03496,-0.39575,0
3.33052,-0.44412,0
0.49842,0.0078,0
2.98876,-0.2953,0
2.61041,0.14604,0
1.7632,-1.1444,0
1.61222,-0.56889,0
3.28392,-0.12268,0
2.57966,1.22512,0
0.08696,-0.72577,0
2.45534,-1.22105,0
1.27781,-0.81279,0
1.8035,0.79532,0
3.0721,0.47539,0
2.2233,1.08353,0
-0.29434,-1.11584,0
3.41312,-0.52176,0
1.65465,-0.0556,0
2.86193,-0.49951,0
0.43624,0.70947,0
0.13375,0.66275,0
1.04549,0.55596,0
2.53,0.67607,0
-0.4765,1.05647,0
2.36451,-0.42657,0
2.84726,0.36809,0
-0.07179,-1.08676,0
2.07162,1.17124,0
0.87653,-1.2237,0
-0.48034,0.97329,0
-0.2897,-0.38979,0
1.68038,0.2726,0
0.68864,0.8277,0
1.18113,-0.04315,0
3.02821,0.76098,0
2.91704,-0.93325,0
2.88273,-0.81684,0
0.38829,1.05024,0
0.00833,-0.15496,0
1.18726,0.49966,0
2.44759,1.1451,0
0.89672,0.28482,0
2.90317,-0.52431,0
1.9406,0.13092,0
0.09475,-0.21995,0
2.35804,0.37776,0
3.16162,-0.13647,0
1.94127,-0.96367,0
0.10359,0.8474,0
0.42406,0.97109,0
1.81672,0.35468,0
1.49195,-0.67301,0
2.96266,-1.20334,0
1.95273,-0.8403,0
-0.13329,0.14822,0
0.41491,-0.64637,0
2.82607,-1.04205,0
-0.05049,-0.32207,0
0.68795,0.93824,0
-0.30244,-1.10154,0
0.30392,1.11172,0
2.94699,-1.03272,0
0.16958,-1.24258,0
0.28279,-0.97131,0
-0.05556,-0.13786,0
0.53768,-0.61081,0
0.39939,0.16039,0
2.17759,0.40738,0
2.44655,-1.18653,0
3.03089,0.56828,0
1.07338,0.43173,0
2.38033,-0.94999,0
1.86203,-0.73307,0
2.64893,0.51395,0
0.7289,0.63818,0
0.08382,-0.64458,0
1.47683,0.68922,0
2.85246,0.81166,0
1.1244,0.96342,0
-0.0929,1.01277,0
2.19266,0.08309,0
2.26053,1.22329,0
1.41455,-1.23436,0
-0.19843,0.48296,0
0.90095,0.77691,0
0.28978,0.75093,0
0.40572,-1.07746,0
0.21063,-0.42332,0
-0.33833,1.02717,0
3.3082,-0.51956,0
2.85105,1.10997,0
0.97523,-1.09886,0
0.31692,-0.92159,0
0.05258,0.54223,0
0.53626,0.62722,0
2.18916,-0.77771,0
0.84437,0.23603,0
-0.29327,0.45377,0
0.73893,-0.13197,0
2.97553,1.18679,0
3.23194,-0.1504,0
3.202,-0.17118,0
1.68932,0.04218,0
0.80556,0.50427,0
0.20958,0.8631,0
2.44678,1.09035,0
2.96335,-1.14576,0
0.67578,-0.52573,0
3.22033,0.38243,0
0.746,-1.11755,0
2.72474,-0.95311,0
2.1479,-0.36254,0
3.41668,0.80582,0
1.05645,1.18932,0
2.71781,-0.01658,0
2.23901,0.02326,0
-0.4058,-0.47895,0
2.78996,-0.85897,0
2.37509,-0.11128,0
2.31764,0.80268,0
0.00042,0.60957,0
0.52557,-0.85382,0
2.56366,0.32113,0
2.65168,1.08436,0
2.37018,0.05347,0
1.10729,1.16474,0
3.07327,-0.73859,0
2.15449,-0.41356,0
-0.30607,-0.94905,0
0.36433,1.03761,0
0.24027,0.59381,0
2.63466,-0.85589,0
2.94762,0.44936,0
0.75289,0.29709,0
0.52999,-0.71979,0
1.29376,-0.96016,0
0.97259,0.28708,0
2.31559,-0.65812,0
0.33384,0.14852,0
2.9265,0.49151,0
0.93507,-0.06908,0
1.2602,0.75212,0
1.35109,-0.83987,0
0.6068,0.47806,0
2.24012,-1.1303,0
2.95284,-0.04682,0
0.80581,-0.20799,0
0.10323,-0.23314,0
0.6033,-0.6643,0
1.85125,0.06611,0
1.98515,0.12412,0
-0.1868,1.0857,0
0.1106,-0.95345,0
0.38088,0.13708,0
0.18636,0.68355,0
0.78278,-0.1276,0
2.17076,-0.11522,0
0.38745,-0.28283,0
1.09452,-0.36439,0
2.80276,0.23025,0
2.95787,-0.42371,0
2.97596,-0.90505,0
2.6751,-0.21585,0
2.33422,0.05249,0
2.19791,1.1308,0
2.33558,-0.69258,0
2.39456,0.08405,0
0.81956,0.56519,0
3.29935,0.64963,0
1.49985,1.04711,0
1.15405,0.34865,0
2.9647,0.90297,0
1.46633,1.23299,0
3.30454,-0.98682,0
1.00439,-0.91227,0
1.8115,0.32197,0
0.99028,0.88597,0
1.39686,1.15255,0
2.32034,1.0032,0
0.00199,-0.91727,0
2.38552,-0.96494,0
2.94017,0.04041,0
3.13256,1.09882,0
0.58564,0.82078,0
0.29763,1.1012,0
1.79552,1.04477,0
3.40237,-0.28998,0
1.24867,-1.04514,0
1.48064,-1.1664,0
1.25658,0.3797,0
1.86525,0.90759,0
1.72484,-1.05424,0
1.64745,0.98173,0
1.87258,0.4726,0
-0.40464,1.05302,0
-0.30103,0.16376,0
3.29989,-0.38504,0
2.83442,0.09522,0
3.18628,0.44677,0
2.74143,-0.59167,0
-0.08528,0.46922,0
1.68783,0.79383,0
0.31149,-0.77497,0
2.17055,-0.59529,0
1.69719,0.70899,0
1.64674,0.74732,0
0.63061,-0.15149,0
3.37755,-0.52436,0
1.20881,0.56444,0
0.66708,0.18478,0
-0.30762,-0.7649,0
1.32025,-0.18091,0
2.75561,0.34262,0
2.94454,0.348,0
1.51056,0.80191,0
1.5852,0.16194,0
-0.48653,-0.70014,0
-0.27146,-1.20349,0
3.25928,0.02173,0
2.28514,-0.35733,0
1.75447,1.24948,0
0.17029,-0.7219,0
1.54588,-0.00309,0
2.26298,-0.01695,0
0.17677,-0.12384,0
0.18813,0.90604,0
0.3684,-0.4572,0
-0.03246,0.85505,0
3.01063,0.72561,0
2.54345,0.71431,0
2.93841,-0.79261,0
2.48434,0.83905,0
1.28183,-0.88037,0
3.0129,-0.80427,0
-0.24289,1.02276,0
1.98536,0.01848,0
2.18794,-0.25619,0
3.49196,-1.0938,0
-0.00558,0.20386,0
-0.38609,-0.43598,0
2.76514,-0.68119,0
0.63376,0.58554,0
0.27031,-0.50819,0
0.0475,-0.98947,0
1.73983,1.20648,0
-0.47684,1.13247,0
2.64548,-0.09437,0
-0.24715,0.4257,0
3.0953,0.58021,0
2.82617,0.5784,0
1.94914,0.49471,0
0.383,-0.52693,0
2.52553,0.73281,0
0.63294,-0.62128,0
1.92325,-0.90007,0
-0.09916,1.19999,0
2.92704,-0.40485,0
3.46936,0.59451,0
-0.09371,0.64074,0
0.0936,1.2136,0
2.15177,0.69194,0
-0.43011,-0.27111,0
1.11687,1.08644,0
0.57257,0.05238,0
0.47909,0.97859,0
2.32449,0.23508,0
1.29021,-0.47571,0
3.2507,-1.23506,0
2.58774,-0.67691,0
1.67787,0.82325,0
1.97926,-0.95998,0
0.73364,-0.08765,0
1.63477,-0.99446,0
0.25188,-0.24086,0
2.09714,0.48886,0
2.82739,0.84102,0
1.953,-0.26725,0
0.26048,0.47274,0
-0.38961,1.15152,0
-0.20789,0.72392,0
0.35798,-0.13935,0
1.27509,0.42127,0
-0.23244,0.43308,0
2.55618,-0.10162,0
1.41122,-0.24061,0
2.26658,0.19842,0
1.20548,0.90897,0
0.62263,0.06971,0
-0.33094,0.24654,0
0.00342,0.82294,0
1.99591,0.87699,0
2.33697,1.02663,0
0.80802,0.18697,0
3.09725,0.31431,0
-0.25352,1.17984,0
1.37705,-0.01013,0
2.70553,0.52502,0
1.50076,-0.01952,0
3.29289,0.03714,0
1.20644,1.06298,0
0.31109,0.46902,0
0.60488,0.85338,0
1.08316,-0.37149,0
3.39834,-0.36992,0
-0.27216,1.03452,0
0.112,0.01454,0
0.37507,0.93867,0
2.45515,0.18413,0
3.27375,-1.05663,0
1.96679,-0.94962,0
2.82548,-1.05166,0
0.88189,0.28003,0
0.75358,0.39789,0
3.00102,-1.12383,0
1.34683,-0.91403,0
1.41117,0.70937,0
1.26282,0.84331,0
1.18921,-0.64716,0
0.74001,0.04791,0
3.30262,-0.2197,0
1.71218,0.33044,0
-0.47579,0.92278,0
2.65477,0.63293,0
1.60917,0.66413,0
1.21406,-0.98518,0
0.46278,1.21638,0
3.46709,0.54494,0
1.74775,0.66718,0
-0.13591,0.09854,0
3.41973,1.16853,0
1.99757,-0.70335,0
-0.23123,0.4081,0
0.0933,0.47631,0
2.037,0.98813,0
0.12674,0.57663,0
1.12242,0.21983,0
1.52673,0.29357,0
1.88327,0.98747,0
2.05562,-0.71944,0
2.1765,-1.19823,0
1.88689,0.38147,0
1.82704,0.51372,0
2.75108,0.71538,0
1.69206,0.32173,0
1.61827,-0.62987,0
0.65429,-1.03518,0
1.13247,-1.12097,0
2.25362,-0.08092,0
1.66671,0.63461,0
0.14823,-1.11035,0
2.00512,1.03048,0
0.59291,-0.37269,0
2.25419,0.90635,0
3.08563,0.48626,0
3.3115,1.03109,0
0.53165,-0.06353,0
0.81924,-1.16775,0
-0.13923,0.02376,0
0.24689,1.14863,0
2.15666,-1.08755,0
2.1265,-1.02142,0
1.71834,0.55304,0
-0.21052,0.31926,0
0.0401,-1.23374,0
0.79349,-1.07638,0
0.64057,0.38088,0
0.09043,0.19851,0
3.01465,0.63055,0
2.20874,-0.78986,0
1.24825,-0.2977,0
1.66088,0.02473,0
3.19869,-1.20182,0
0.6371,0.03626,0
1.13002,-0.23995,0
-0.0545,-0.10254,0
0.21812,-1.09047,0
0.76562,0.51516,0
2.43826,0.17496,0
1.61606,0.69384,0
3.01255,-0.3909,0
0.97461,0.07506,0
0.92401,-0.32971,0
2.90811,-1.14438,0
2.74442,0.04283,0
2.98056,-0.66518,0
0.10389,0.16963,0
1.12572,0.74713,0
-0.41077,-0.26508,0
2.00178,0.76026,0
-0.26529,-0.95532,0
2.97495,-0.99627,0
2.29974,-0.96486,0
0.86564,0.92953,0
2.44256,-1.20067,0
1.65307,-0.97583,0
1.0371,-0.70873,0
1.01898,-0.0159,0
2.15417,-0.95115,0
0.72862,-0.37171,0
2.08264,0.91343,0
2.25022,0.08311,0
1.14054,-0.3412,0
1.50767,0.15567,0
0.51019,0.23029,0
1.84844,0.05031,0
2.00133,0.93539,0
3.46041,0.72071,0
2.48663,0.04341,0
2.60682,-0.22558,0
-0.03571,-1.0042,0
-0.29601,1.09348,0
2.80096,0.03096,0
-0.14291,-0.00904,0
0.60149,-0.46556,0
1.31537,-1.00031,0
2.05415,-0.76333,0
1.67206,-0.09472,0
2.96345,1.02216,0
2.08889,0.09924,0
0.19449,-0.24566,0
2.9422,-0.16716,0
2.68297,0.73262,0
0.68041,1.18487,0
2.38454,-0.26671,0
1.17355,-1.04636,0
2.25597,1.14657,0
1.06417,-0.13833,0
2.56935,0.36806,0
1.27618,0.78877,0
3.29079,1.22138,0
1.03893,-0.99652,0
2.1582,0.03796,0
1.81171,0.53459,0
3.18627,-0.91062,0
0.89214,0.25298,0
1.82044,-0.06749,0
1.37134,-0.25937,0
0.52092,-0.90559,0
2.21858,0.65523,0
0.90994,0.63344,0
2.57567,-0.12693,0
0.98598,1.08397,0
2.01744,0.08062,0
0.529,-0.20828,0
2.85753,0.4215,0
1.16625,1.11809,0
3.46266,1.15969,0
2.72225,-0.48904,0
0.74043,1.11549,0
1.42693,0.10943,0
0.24223,-0.52248,0
-0.09213,-0.01102,0
2.46674,0.48071,0
0.22745,0.24122,0
0.92665,1.08066,0
3.17315,0.28783,0
1.27125,-0.94337,0
3.12001,0.77415,0
1.48246,-1.07979,0
2.81262,0.61395,0
2.28482,-0.13916,0
1.36713,0.59041,0
1.22792,-0.40835,0
-0.06953,0.05821,0
0.61513,0.70547,0
1.62466,-0.01702,0
1.43905,0.53467,0
2.15218,0.18191,0
-0.34844,-0.78657,0
-0.0413,0.28176,0
0.8926,0.39728,0
1.91752,-0.57856,0
1.02259,-0.848,0
2.17336,-0.40274,0
-0.4511,-0.3348,0
-0.32227,-0.9318,0
3.35606,-0.26847,0
0.5846,-0.58941,0
3.08398,0.96559,0
1.17387,-0.62755,0
2.65431,-0.70253,0
2.12968,-0.76876,0
0.56679,0.77012,0
-0.09064,-0.43734,0
-0.11826,-1.23953,0
0.71175,-0.70899,0
1.93313,-1.18986,0
-0.22937,-0.15435,0
1.10779,0.90142,0
3.31825,1.15417,0
0.55036,0.29751,0
2.57733,0.81621,0
3.30217,0.11553,0
2.51626,-0.27164,0
3.48138,0.84051,0
3.0522,-1.02667,0
0.17703,-0.93971,0
3.33536,-0.13471,0
1.28757,0.60509,0
1.26375,-1.0745,0
3.14124,-0.12047,0
0.36847,-0.74329,0
0.2948,0.94226,0
3.14429,-0.48226,0
-0.09175,-0.47341,0
0.91794,-1.15842,0
-0.26741,-0.57564,0
2.66256,-0.11822,0
1.74907,-1.13108,0
3.17637,1.04846,0
0.19065,-0.07274,0
-0.05446,-0.46434,0
0.15284,-0.20933,0
2.63419,-0.20522,0
2.93342,-0.31019,0
1.1157,-1.18259,0
2.24427,0.48465,0
2.8858,0.04813,0
1.67103,1.23473,0
-0.49813,1.01997,0
1.6224,-0.56453,0
0.67534,-0.4137,0
3.26916,-0.38922,0
-0.06584,0.20992,0
1.94317,-0.24096,0
0.66121,0.06156,0
1.71076,-0.7519,0
2.51543,0.61202,0
0.20659,1.04724,0
0.59512,-0.40121,0
1.71767,0.7978,0
2.82282,-0.13436,0
2.02964,0.1891,0
1.90868,-1.05824,0
1.06084,0.76963,0
1.38058,-0.98145,0
0.18197,-0.14027,0
2.89961,-1.1799,0
0.17506,0.50306,0
0.68845,0.13359,0
2.97352,-0.93148,0
2.63841,-0.62979,0
0.55206,-1.14455,0
1.30298,0.83049,0
1.94309,0.86643,0
0.16849,0.02806,0
-0.13149,0.83307,0
-0.06995,0.0702,0
3.13566,-0.25101,0
3.02236,-0.37093,0
3.31573,1.24261,0
1.0406,0.08791,0
1.26637,-0.49215,0
-0.39552,-0.43987,0
2.78972,-1.04415,0
1.35804,1.04625,0
0.71297,-0.87126,0
1.09662,-0.77044,0
-0.12595,0.75886,0
0.3746,0.2284,0
2.208,0.13859,0
3.35701,0.4066,0
3.18684,0.70925,0
0.38267,-1.04998,0
0.68841,-0.63669,0
2.64908,0.27775,0
0.09237,-0.39222,0
0.87456,0.87971,0
1.82271,-0.44377,0
0.62734,-1.07186,0
-0.1892,-0.85731,0
0.89869,-0.49459,0
0.2098,-1.03896,0
2.06883,0.78338,0
0.772,0.77925,0
1.93926,1.19685,0
-0.22352,-0.67468,0
2.76631,-0.93303,0
3.12939,-1.05499,0
2.57116,0.07413,0
3.373,-0.90996,0
0.62338,0.83986,0
2.80476,0.18978,0
1.61938,0.87285,0
1.26277,-1.01478,0
3.16147,0.88675,0
0.89139,-0.42557,0
-0.24558,0.50111,0
3.06844,-0.06302,0
0.08404,0.24995,0
2.62345,0.18319,0
0.57499,-0.51811,0
3.19229,-1.17069,0
0.69363,0.68,0
0.15683,-0.9354,0
1.33696,-0.65257,0
2.59601,-0.92985,0
2.98715,0.13757,0
0.83063,1.07673,0
2.52976,0.73481,0
3.30627,0.16393,0
1.98636,0.97502,0
0.72812,-0.7197,0
3.05221,0.55164,0
3.06986,-0.26044,0
2.20977,-0.08046,0
1.32077,-1.10981,0
1.72289,-0.55854,0
1.78111,0.88268,0
2.35619,0.56293,0
1.87039,0.81638,0
2.93637,1.18776,0
3.48772,0.76656,0
-0.33164,-0.26445,0
2.59112,0.54994,0
-0.08926,0.95196,0
2.14542,0.86467,0
2.52586,-0.49118,0
-0.01222,0.44754,0
0.88075,0.13181,0
1.54115,0.88179,0
2.90202,-0.12297,0
1.78576,0.48786,0
3.08013,0.96455,0
3.16629,1.18663,0
2.74867,-1.17411,0
2.50967,0.56381,0
1.8388,1.15818,0
1.58921,0.12623,0
3.29954,0.64967,0
3.25433,-1.0086,0
3.46157,-0.91144,0
2.56177,-0.25277,0
0.89311,-1.1047,0
-0.35899,-0.76921,0
0.73907,-0.82895,0
3.17019,0.63209,0
0.2739,0.56898,0
1.7678,0.01611,0
2.44107,0.75763,0
2.60906,0.03012,0
2.93542,0.29568,0
2.46646,0.59321,0
1.66973,-0.54646,0
2.85932,0.53792,0
2.36469,-0.1905,0
2.64245,0.03459,0
0.78484,-0.22236,0
1.95995,-1.16072,0
2.60326,0.04319,0
2.03383,-1.02491,0
0.98597,-0.29947,0
1.10551,1.01305,0
2.21573,0.41931,0
2.7271,-0.50522,0
3.05253,-0.31097,0
2.95608,-0.14889,0
0.97091,0.04497,0
1.61847,-0.19786,0
3.28316,0.27977,0
0.88407,0.74181,0
2.39403,0.16733,0
2.57626,0.72925,0
2.2569,-0.80364,0
0.09176,-0.96956,0
1.03471,-0.46764,0
-0.10807,-0.38946,0
0.85342,0.81817,0
-0.27277,-0.1761,0
2.2534,-0.62933,0
2.96862,-0.52483,0
2.3133,0.78068,0
2.5142,-0.59914,0
-0.15008,0.32468,0
-0.28974,-0.57715,0
1.98578,-0.99954,0
0.13295,0.96189,0
-0.00743,0.02678,0
2.00137,-0.75807,0
0.74841,0.92052,0
1.70226,0.11349,0
-0.24115,0.26479,0
3.01503,-0.90618,0
0.58084,0.25608,0
2.37628,-0.03289,0
3.32402,-0.50028,0
2.24711,1.02546,0
1.08189,0.9622,0
3.17272,-0.04993,0
1.13888,0.2858,0
1.21705,-0.7222,0
0.01961,-0.31232,0
3.22333,-0.81101,0
0.74705,0.33207,0
2.58265,0.08804,0
2.69485,0.14093,0
1.78379,-1.12864,0
-0.10216,-0.68002,0
0.09213,-0.18271,0
-0.43058,-0.16356,0
0.59218,0.81061,0
3.11199,0.26417,0
1.57523,-0.67342,0
0.17807,-0.32289,0
1.87283,0.4393,0
2.67411,1.19956,0
-0.1026,0.66054,0
3.03014,0.63443,0
-0.44956,-0.81831,0
1.18298,-0.83865,0
3.08392,0.54836,0
2.25376,0.68556,0
2.27092,-0.03557,0
3.30537,0.78824,0
2.09796,-1.19273,0
0.23265,0.87139,0
-0.38424,-0.83463,0
0.10898,0.33742,0
1.77347,-0.68381,0
1.23778,0.69107,0
-0.00347,0.73561,0
0.09081,-0.18061,0
2.28085,-0.32699,0
1.47979,0.42407,0
3.1172,-0.35007,0
2.47179,-0.4762,0
2.0771,-1.00105,0
1.90158,-0.35948,0
0.82456,0.58467,0
1.99472,0.2032,0
2.58101,0.19565,0
0.71496,-0.18521,0
1.28202,-0.73658,0
0.76499,-0.65661,0
3.06328,0.30267,0
2.45207,-0.09342,0
2.29095,-0.62821,0
3.21117,0.6072,0
2.65004,0.31133,0
2.71523,0.88425,0
-0.27206,0.33112,0
0.83027,-0.42868,0
2.2639,-0.10775,0
0.1517,0.34111,0
0.93165,-0.55684,0
-0.30037,-0.93929,0
1.00552,-1.09362,0
2.54965,-0.01917,0
1.68649,1.17826,0
1.68015,-0.28011,0
1.29086,1.21614,0
1.92652,0.18294,0
2.45046,-0.39404,0
1.63263,1.23474,0
-0.26511,0.5603,0
0.08771,-0.33548,0
-0.21024,-0.48051,0
1.60919,-0.07707,0
1.88786,-0.42747,0
2.80523,-0.80925,0
2.39932,-0.30354,0
0.02856,1.21625,0
0.87496,-0.52316,0
0.71662,-0.16816,0
0.9023,0.59659,0
2.92617,-1.02939,0
2.2392,1.01671,0
3.41255,-0.90944,0
2.70931,0.0112,0
1.14872,0.49546,0
2.48374,-1.13781,0
1.4703,0.15254,0
0.17429,0.07822,0
1.41148,-0.39476,0
1.29781,0.57353,0
0.08409,-0.94279,0
-0.13284,0.39108,0
0.34411,-0.66658,0
3.3549,-0.17767,0
3.03627,-0.7719,0
0.5298,0.88843,0
1.17637,0.85218,0
1.78151,-0.54499,0
1.0876,-1.17306,0
0.84812,1.13674,0
1.55581,1.04207,0
2.24627,-0.16988,0
2.21526,0.50693,0
0.7404,0.88214,0
2.12676,-1.211,0
1.75571,0.68133,0
3.31687,0.12256,0
0.43849,-0.94041,0
0.93574,-0.0645,0
-0.12606,0.44776,0
2.97066,0.41688,0
1.85706,0.12327,0
3.32158,-0.03369,0
2.83633,1.19443,0
1.04003,1.00872,0
1.34988,0.59099,0
1.97763,-0.53681,0
1.06093,0.53297,0
1.60162,0.76924,0
1.67243,0.04499,0
3.07086,-0.97909,0
0.8062,-0.71869,0
2.59276,-0.26713,0
2.24262,-1.23573,0
1.24002,-0.09191,0
2.41643,-0.86497,0
1.11061,-0.33005,0
0.80803,-0.92225,0
1.11898,0.6809,0
0.71194,0.63572,0
3.19838,1.18071,0
1.8498,0.05395,0
3.14164,0.3736,0
2.9386,0.83788,0
3.3438,-1.02843,0
0.63813,-0.1029,0
-0.45217,0.48783,0
1.30718,-1.00703,0
1.05241,1.07927,0
2.65136,0.87116,0
1.46113,1.14975,0
2.40081,0.98307,0
0.23118,-0.11703,0
1.18509,-0.27328,0
3.27211,0.2135,0
-0.21084,1.12227,0
2.66048,0.90623,0
2.32958,-0.4803,0
1.35707,0.8148,0
1.77931,0.71298,0
2.55219,-0.35287,0
2.2176,-0.06773,0
1.509,0.79393,0
-0.49149,-0.94879,0
1.80239,-0.16153,0
2.68199,-0.11335,0
2.4394,1.11695,0
3.22948,-0.11785,0
0.41907,1.18411,0
1.60557,-0.77776,0
2.96347,1.22112,0
2.21888,-0.17647,0
2.31814,0.78883,0
1.6551,-0.92816,0
1.2036,-0.32633,0
0.88688,-1.20119,0
-0.36986,-0.41936,0
2.69052,-0.82248,0
0.15552,-0.68864,0
0.25552,-1.09454,0
-0.0251,0.89129,0
2.99142,0.59247,0
2.02424,-0.22439,0
-0.21315,-1.21134,0
-0.05908,-0.05125,0
0.46744,0.25513,0
0.04923,0.36582,0
-0.08529,-0.85496,0
3.33316,-1.24064,0
0.68652,-1.14315,0
0.58547,0.38442,0
1.37249,1.23409,0
2.22757,-0.39195,0
3.08785,-0.3838,0
0.90807,0.62786,0
2.56347,-0.20447,0
0.90171,-0.47071,0
1.86993,0.15408,0
3.43665,0.31909,0
0.92237,0.98286,0
0.89202,-0.3273,0
2.24657,0.2295,0
-0.16816,0.33112,0
1.03129,1.0048,0
2.99361,0.61877,0
0.25958,0.53352,0
1.07874,0.55953,0
-0.05774,-0.08522,0
3.02661,-0.63584,0
-0.37535,0.69077,0
3.0498,0.39567,0
1.46251,1.13159,0
0.85234,0.18963,0
2.99409,0.02877,0
3.15225,-0.12058,0
0.85122,0.02794,0
-0.45095,-1.22518,0
-0.47989,-0.09124,0
1.0902,0.65365,0
1.46914,0.70151,0
3.45801,0.13822,0
-0.4716,0.41481,0
0.89933,0.9409,0
0.77603,0.21415,0
2.31038,0.90009,0
-0.41486,-1.00987,0
0.14859,0.96699,0
-0.42306,-0.98822,0
3.3291,-0.72244,0
1.71927,1.19539,0
-0.46953,-0.63375,0
2.21969,0.16917,0
0.0797,1.06887,0
1.91448,0.89667,0
0.99389,0.14215,0
0.61331,0.88115,0
0.18554,0.95868,0
1.7265,-1.08287,0
1.86245,-1.10838,0
1.98089,-1.14003,0
1.06668,1.05738,0
1.1166,1.0322,0
1.2334,-1.19948,0
-0.40255,0.63261,0
0.09092,0.89496,0
0.85055,0.43348,0
3.28905,0.31277,0
1.62652,-0.91681,0
3.37567,-1.21443,0
-0.24492,-0.87882,0
1.68126,0.16899,0
1.75736,0.26034,0
-0.49598,-0.24038,0
2.45189,0.05195,0
3.24987,-0.60617,0
-0.11226,0.61363,0
0.36444,-0.86606,0
3.28698,-1.06955,0
0.54618,-0.27037,0
2.8398,0.04796,0
1.26077,0.68506,0
3.49045,0.07612,0
0.62805,-0.68768,0
2.46994,-0.33135,0
0.88569,-0.08575,0
0.15865,-0.68709,0
3.37744,-0.52744,0
3.30882,0.66576,0
1.663,-0.93279,0
1.60025,-0.97901,0
-0.37521,-0.4141,0
0.14083,-0.25375,0
3.13267,-0.37623,0
2.63126,-0.70548,0
3.4333,-1.11866,0
1.58806,-0.19002,0
0.00224,-0.08336,0
1.76054,-0.46045,0
2.8926,0.24518,0
1.60005,1.24202,0
2.00366,1.14965,0
-0.41576,0.18573,0
-0.009,-1.08504,0
0.19615,0.42256,0
1.15742,1.28073,0
-0.07846,1.34031,0
0.53563,1.27504,0
3.17029,-1.37312,0
3.52024,0.65482,0
3.38138,-1.39146,0
0.03603,1.2966,0
1.40346,1.25333,0
0.22694,1.2539,0
-0.5452,-0.65065,0
3.08214,-1.37534,0
3.57249,0.9898,0
3.54026,0.73575,0
3.25114,-1.37723,0
2.29235,-1.27847,0
1.22991,1.28379,0
-0.54183,-0.65338,0
3.51311,0.51236,0
2.85362,-1.27858,0
3.51622,0.96754,0
2.37639,-1.29321,0
-0.50402,-0.43516,0
0.98964,1.30513,0
3.50841,0.23207,0
2.36367,-1.28836,0
1.36283,1.26082,0
-0.38676,1.27861,0
3.353,-1.25707,0
0.72961,1.25711,0
2.53646,-1.30172,0
0.57547,1.3002,0
-0.57299,-1.01002,0
0.94916,1.25574,0
3.05595,-1.35969,0
1.3608,1.25306,0
0.6729,1.28955,0
-0.20514,1.26142,0
0.96639,1.27579,0
3.39836,-1.33967,0
2.83958,-1.30116,0
0.29828,1.35894,0
-0.52368,-0.83005,0
3.53769,0.65022,0
0.12397,1.25386,0
2.52061,-1.30347,0
-0.54459,-0.79262,0
1.96447,-1.27731,0
1.10491,1.25851,0
3.3289,-1.3731,0
3.04399,-1.33829,0
2.86058,-1.26198,0
2.62868,-1.29552,0
0.68161,1.27374,0
-0.03396,1.29902,0
2.96882,-1.3527,0
3.54848,0.61963,0
-0.33312,1.27183,0
-0.14261,1.27037,0
0.46166,1.27586,0
0.4424,1.32148,0
1.35952,1.25828,0
2.87327,-1.2757,0
2.63952,-1.29416,0
1.89746,-1.25974,0
0.07258,1.30917,0
0.07615,1.32317,0
3.35286,-1.32984,0
-0.21138,1.33334,0
-0.5428,-1.04002,0
3.52146,0.54826,0
3.51599,0.61581,0
0.00063,1.26937,0
3.00535,-1.33303,0
2.06094,-1.27773,0
-0.30567,1.30973,0
3.26549,-1.27998,0
3.50558,0.40274,0
2.76403,-1.3094,0
1.17209,1.26349,0
0.22637,1.2529,0
2.74981,-1.25248,0
-0.53082,-0.75197,0
3.33941,-1.31795,0
-0.52155,-0.78941,0
2.32537,-1.28004,0
-0.16451,1.30847,0
3.03536,-1.36441,0
1.12056,1.29079,0
0.44026,1.25094,0
-0.50424,-1.04428,0
1.83037,-1.27273,0
2.94943,-1.27987,0
-0.50623,-0.21159,0
3.25319,-1.27675,0
2.11962,-1.28642,0
2.73776,-1.26583,0
3.59806,1.04372,0
3.55537,0.64335,0
3.50924,0.24563,0
-0.05674,1.38349,0
0.99233,1.26704,0
-0.20072,1.33195,0
2.71109,-1.29017,0
-0.54026,-0.52172,0
0.98468,1.27443,0
0.86422,1.30406,0
2.99514,-1.33491,0
-0.53222,-0.4438,0
0.699,1.28407,0
2.83605,-1.33726,0
3.27266,-1.31918,0
-0.02755,1.36999,0
1.31272,1.25622,0
3.14983,-1.2622,0
-0.19284,1.3981,0
-0.28687,1.40127,0
-0.19398,1.2786,0
-0.55807,-0.81953,0
2.70894,-1.25084,0
0.23957,1.29963,0
3.10969,-1.34393,0
3.53019,1.081,0
3.53368,0.93718,0
1.61067,1.25178,0
-0.50173,-0.70013,0
0.39898,1.33803,0
0.41802,1.29884,0
0.5523,1.27777,0
3.51232,0.67723,0
1.07467,1.29025,0
2.91132,-1.25467,0
3.50021,0.86619,0
3.33847,-1.27583,0
2.84903,-1.26573,0
0.2331,1.35636,0
-0.51365,-0.64931,0
-0.31635,1.31271,0
3.54448,0.75256,0
3.51299,0.38213,0
-0.10075,1.28122,0
0.89429,1.27263,0
-0.5236,-0.49633,0
3.52893,0.17836,0
0.20048,1.25172,0
-0.537,-1.02066,0
2.74442,-1.26259,0
-0.12149,1.26102,0
0.80987,1.31903,0
2.57956,-1.32805,0
3.51625,0.29154,0
2.97501,-1.31242,0
-0.19832,1.38759,0
-0.50759,-0.69413,0
2.71109,-1.32539,0
3.32764,-1.26437,0
3.52392,0.30197,0
0.24594,1.32156,0
0.16112,1.31591,0
-0.01076,1.30855,0
2.64505,-1.29587,0
2.67217,-1.30851,0
-0.55071,-1.04409,0
0.30414,1.31928,0
-0.18249,1.29254,0
0.40707,1.32384,0
-0.53649,-0.9085,0
0.20766,1.28889,0
-0.11301,1.25231,0
2.86065,-1.26355,0
0.58488,1.26658,0
-0.56495,-0.91821,0
0.85137,1.27865,0
-0.51126,-0.95867,0
-0.3811,1.3641,0
-0.31267,1.3397,0
0.80383,1.31047,0
2.77864,-1.25375,0
2.65158,-1.25062,0
3.3293,-1.38002,0
3.0868,-1.33513,0
-0.32649,1.41347,0
1.98447,-1.25878,0
0.61265,1.25182,0
-0.23572,1.32549,0
-0.50492,-0.8062,0
0.37179,1.34793,0
0.60987,1.3072,0
3.32392,-1.32646,0
0.58266,1.33395,0
2.56299,-1.28926,0
0.48085,1.26874,0
2.34628,-1.29617,0
2.81586,-1.32853,0
-0.28309,1.34096,0
0.43146,1.25829,0
3.50871,0.82516,0
3.54316,0.43643,0
0.83533,1.29455,0
3.03735,-1.29574,0
3.51069,0.52103,0
-0.25963,1.37159,0
2.02483,-1.25103,0
1.44347,1.26559,0
0.0465,1.37725,0
-0.53397,-0.49775,0
-0.53608,-0.70097,0
-0.14222,1.34811,0
3.50834,0.06073,0
0.62571,1.2702,0
3.19004,-1.28514,0
3.20065,-1.25738,0
0.59929,1.28384,0
2.62621,-1.33031,0
1.01698,1.30094,0
3.50504,0.26393,0
3.56725,0.68956,0
0.69378,1.281,0
0.89174,1.29579,0
0.14304,1.26713,0
-0.32757,1.39491,0
3.56639,0.6272,0
0.46711,1.27744,0
3.54599,0.91393,0
0.14248,1.2795,0
-0.51417,-0.97291,0
3.13368,-1.31273,0
2.72187,-1.3301,0
0.22562,1.33715,0
2.31171,-1.25502,0
0.41753,1.25052,0
2.41381,-1.26382,0
0.93157,1.30391,0
2.37359,-1.29369,0
2.96102,-1.34865,0
3.28426,-1.29715,0
2.66505,-1.25667,0
3.52938,0.8268,0
-0.52495,-0.72021,0
1.48694,1.26244,0
-0.10214,1.33613,0
0.86745,1.30322,0
0.32274,1.3114,0
3.37823,-1.29168,0
-0.34459,1.30436,0
2.79935,-1.2611,0
3.55702,0.99827,0
2.99486,-1.36509,0
3.56477,0.67059,0
3.50462,0.12954,0
3.50802,0.56554,0
-0.50919,-0.65085,0
1.16578,1.28952,0
0.63041,1.26434,0
-0.53177,-0.61234,0
-0.54225,-0.80264,0
3.35211,-1.25009,0
-0.20694,1.32936,0
0.46946,1.29707,0
3.01377,-1.3584,0
0.8646,1.27091,0
0.68795,1.25574,0
-0.5688,-0.97216,0
2.68008,-1.32685,0
3.24819,-1.32892,0
0.2857,1.30011,0
0.60684,1.31641,0
0.34595,1.33602,0
3.22581,-1.27595,0
2.87848,-1.25517,0
-0.23703,1.3096,0
0.33011,1.28011,0
2.469,-1.31884,0
2.30272,-1.28526,0
-0.55168,-1.01823,0
-0.00608,1.28061,0
3.55701,0.97687,0
-0.52746,-0.64316,0
2.99636,-1.35574,0
-0.53715,-0.98572,0
-0.53267,-0.56808,0
0.54933,1.26473,0
2.62197,-1.2765,0
2.07642,-1.28431,0
1.36551,1.26511,0
2.82917,-1.35437,0
0.03959,1.3725,0
-0.26014,1.30603,0
0.01479,1.26421,0
3.50462,0.15248,0
-0.52473,-0.57432,0
0.63766,1.31137,0
0.25873,1.30668,0
-0.00361,1.29646,0
-0.38867,1.32273,0
2.96906,-1.30807,0
3.50758,0.81128,0
1.28771,1.27775,0
3.37784,-1.29226,0
3.54092,0.7483,0
0.67588,1.27231,0
0.32385,1.28436,0
1.603,-1.25139,0
0.90354,1.25954,0
-0.06106,1.36421,0
0.5243,1.32711,0
-0.52979,-0.79381,0
2.50944,-1.32353,0
3.50687,0.90922,0
3.34701,-1.3756,0
0.02601,1.34205,0
-0.52689,-0.57225,0
0.65516,1.31651,0
0.00101,1.35232,0
-0.5768,-0.95196,0
-0.0992,1.37085,0
3.24377,-1.25067,0
3.11653,-1.32779,0
0.00227,1.37515,0
3.28341,-1.29098,0
1.04145,1.25758,0
-0.22482,1.34715,0
1.88489,-1.26923,0
0.24346,1.2513,0
-0.35264,1.28229,0
2.89622,-1.28207,0
3.56819,0.68525,0
3.01167,-1.2594,0
-0.53203,-0.92308,0
-0.29554,1.34451,0
3.5459,1.07912,0
0.95447,1.26187,0
-0.05564,1.33759,0
-0.51448,-0.9543,0
0.04577,1.30022,0
2.78567,-1.34122,0
3.52542,1.00443,0
3.38733,-1.30026,0
0.37896,1.30603,0
3.52779,0.73421,0
-0.52794,-0.66502,0
2.91113,-1.28832,0
0.79307,1.25612,0
-0.0243,1.26341,0
2.96917,-1.32815,0
0.71086,1.32204,0
2.69345,-1.29602,0
3.33164,-1.37259,0
2.12197,-1.26396,0
3.56263,0.95183,0
3.25294,-1.37168,0
1.55831,1.2531,0
0.05848,1.2539,0
2.71633,-1.29195,0
0.07111,1.30428,0
2.73981,-1.25651,0
0.52491,1.27275,0
2.68362,-1.33615,0
-0.36166,1.2952,0
2.0563,-1.26274,0
2.16799,-1.28451,0
0.93322,1.25717,0
3.50178,0.23942,0
2.83039,-1.26399,0
3.34764,-1.34526,0
0.58796,1.32906,0
2.58874,-1.31528,0
3.4077,-1.25032,0
-0.38282,1.34637,0
0.48265,1.33419,0
0.92719,1.2756,0
1.15834,1.266,0
0.82146,1.2622,0
3.1222,-1.27057,0
0.98284,1.27457,0
0.06979,1.3785,0
2.97351,-1.35238,0
0.70719,1.27883,0
-0.21586,1.32599,0
0.295,1.35404,0
1.75687,-1.25694,0
3.54339,0.71221,0
3.27254,-1.37717,0
0.86486,1.28347,0
3.51141,0.6955,0
-0.53011,-0.42294,0
0.20349,1.36018,0
1.74693,-1.26035,0
-0.15205,1.25671,0
3.50119,1.06897,0
3.5177,0.68018,0
-0.22015,1.34861,0
0.52162,1.30912,0
-0.11397,1.34225,0
1.12481,1.26312,0
2.74047,-1.29453,0
0.00872,1.35304,0
2.53941,-1.30367,0
0.59889,1.26943,0
3.57915,1.00553,0
0.53479,1.30476,0
2.83497,-1.29242,0
0.46351,1.27339,0
0.07639,1.35021,0
2.83325,-1.32359,0
-0.28475,1.3312,0
3.57061,1.0531,0
0.28803,1.33054,0
2.34469,-1.31069,0
0.46232,1.28717,0
3.55816,0.91442,0
-0.53438,-0.9876,0
-0.54053,-1.05438,0
2.69238,-1.30498,0
0.4397,1.29508,0
-0.52262,-0.42027,0
-0.52256,-0.53051,0
-0.1452,1.32868,0
3.30069,-1.33553,0
-0.29389,1.39588,0
-0.34206,1.38437,0
2.34242,-1.28107,0
-0.00394,1.36336,0
-0.50062,-0.90946,0
0.77549,1.29408,0
3.27369,-1.34992,0
2.96146,-1.25393,0
3.21861,-1.30675,0
2.36743,-1.29556,0
1.14382,1.28418,0
0.58208,1.2854,0
2.73453,-1.33953,0
-0.25608,1.40031,0
3.54424,0.48102,0
0.83908,1.30496,0
2.76083,-1.34156,0
0.43463,1.25662,0
0.39035,1.26611,0
-0.31172,1.26693,0
3.52818,0.67981,0
3.53151,0.71437,0
2.28267,-1.28654,0
3.26341,-1.36217,0
-0.16321,1.26162,0
-0.53623,-0.58848,0
-0.16848,1.32857,0
0.26111,1.29702,0
3.20521,-1.36536,0
3.29302,-1.30474,0
3.56356,0.6505,0
-0.1078,1.36179,0
3.53947,0.45429,0
1.90348,-1.25465,0
2.97572,-1.33782,0
3.39541,-1.31673,0
-0.50755,-0.3773,0
2.76256,-1.3008,0
3.08435,-1.34513,0
-0.51974,-0.59011,0
-0.14869,1.27745,0
1.97481,-1.25658,0
-0.56353,-0.93888,0
3.03214,-1.29717,0
-0.55458,-0.83652,0
0.01662,1.27449,0
3.51422,0.29004,0
3.5782,1.05254,0
3.27155,-1.3852,0
-0.56762,-1.03231,0
0.68682,1.30729,0
0.06232,1.27374,0
3.54789,0.77944,0
-0.06205,1.27524,0
2.10379,-1.28683,0
-0.06012,1.35597,0
3.5754,0.77582,0
-0.03218,1.29343,0
2.69822,-1.25902,0
3.53776,0.7629,0
0.40001,1.26268,0
0.45991,1.30766,0
-0.51567,-0.73324,0
3.22266,-1.37162,0
0.66988,1.32731,0
3.04838,-1.35075,0
3.54799,0.67001,0
-0.53719,-0.52689,0
-0.08254,1.36886,0
0.84971,1.2738,0
2.80889,-1.27165,0
1.05405,1.28972,0
2.88781,-1.35937,0
0.33804,1.31108,0
3.0688,-1.29492,0
0.01998,1.38303,0
0.08778,1.28987,0
3.18166,-1.36241,0
1.7381,-1.25824,0
3.50538,0.40863,0
0.08985,1.29357,0
0.54977,1.32,0
3.27933,-1.38011,0
0.26131,1.32036,0
0.18975,1.34158,0
3.3668,-1.28346,0
3.55295,0.99163,0
3.10152,-1.32813,0
-0.3042,1.40442,0
3.40051,-1.29281,0
-0.14023,1.37166,0
0.54235,1.32918,0
3.51084,0.34616,0
0.64895,1.29787,0
0.8389,1.28539,0
-0.30384,1.3186,0
2.96204,-1.29568,0
0.49594,1.2671,0
-0.54437,-0.6211,0
-0.17634,1.37636,0
-0.21503,1.39795,0
2.47419,-1.25589,0
3.02566,-1.28383,0
0.46147,1.28446,0
2.20052,-1.27327,0
-0.51057,-0.32436,0
0.00935,1.25095,0
-0.52762,-0.91417,0
-0.00523,1.32054,0
3.25352,-1.29763,0
-0.54009,-0.99344,0
0.52195,1.33795,0
2.92824,-1.3489,0
1.07294,1.26718,0
0.0107,1.3312,0
2.71887,-1.33353,0
0.27102,1.27646,0
1.268,1.2801,0
-0.52402,-0.82221,0
0.09388,1.2586,0
1.5863,1.2508,0
2.05484,-1.26889,0
-0.07317,1.38009,0
-0.3807,1.33694,0
1.39952,1.25804,0
0.26894,1.27931,0
3.02922,-1.31156,0
3.55376,0.89293,0
3.59129,0.92882,0
0.08353,1.29253,0
0.10834,1.28528,0
-0.20137,1.37906,0
3.50545,0.25813,0
3.27651,-1.32223,0
3.07418,-1.26052,0
-0.11199,1.26949,0
1.20314,1.25253,0
2.9823,-1.32556,0
-0.08592,1.33851,0
-0.31178,1.33171,0
-0.56106,-0.99958,0
3.12952,-1.36023,0
1.17007,1.26069,0
2.4058,-1.2591,0
2.12906,-1.25394,0
-0.35647,1.32603,0
0.07752,1.27106,0
-0.28968,1.40097,0
2.82565,-1.32559,0
-0.50868,-0.22555,0
3.50285,0.00074,0
1.39447,1.25743,0
1.38907,1.25954,0
3.52758,1.09151,0
2.37638,-1.25465,0
2.96297,-1.33191,0
-0.54304,-0.98725,0
0.28697,1.25718,0
2.57773,-1.27999,0
2.8648,-1.26656,0
0.02093,1.36809,0
2.08628,-1.29211,0
0.67218,1.32756,0
2.71204,-1.3224,0
-0.55051,-0.71333,0
-0.52317,-0.62725,0
3.57748,1.00681,0
-0.52841,-0.62544,0
2.01414,-1.27026,0
0.63847,1.31243,0
2.03058,-1.27286,0
1.02904,1.28066,0
2.9126,-1.27091,0
3.31585,-1.38172,0
-0.08298,1.35341,0
2.91789,-1.3503,0
0.44364,1.31184,0
3.55487,0.90827,0
1.09399,1.27587,0
1.18322,1.27115,0
-0.07662,1.30108,0
0.56896,1.30265,0
2.2166,-1.30374,0
3.58781,0.92357,0
2.90882,-1.26774,0
3.53531,0.99108,0
-0.52095,-0.99686,0
3.59494,1.06239,0
3.06889,-1.29472,0
3.10195,-1.28367,0
0.92839,1.30941,0
-0.22587,1.30124,0
-0.51419,-0.23033,0
1.07332,1.26682,0
3.04111,-1.29866,0
3.2189,-1.32749,0
0.71073,1.30451,0
0.49533,1.32509,0
0.35235,1.35637,0
3.51363,0.92028,0
3.0938,-1.27271,0
3.56049,0.63344,0
0.21063,1.27838,0
-0.0341,1.30084,0
0.41529,1.33961,0
2.6268,-1.29215,0
1.87373,-1.25952,0
3.51276,0.69233,0
3.06528,-1.2915,0
-0.00657,1.34044,0
3.50805,0.97255,0
1.91555,-1.26967,0
-0.22438,1.30773,0
-0.53529,-1.01855,0
2.91959,-1.27183,0
0.69823,1.31298,0
0.7857,1.29908,0
3.03426,-1.26455,0
0.07094,1.33989,0
3.55684,0.74218,0
2.97752,-1.34729,0
-0.06598,1.36689,0
1.01888,1.25785,0
-0.01397,1.31885,0
2.86386,-1.34144,0
-0.02818,1.38623,0
2.80665,-1.32819,0
3.50196,-0.04889,0
3.51833,0.48545,0
-0.28942,1.30339,0
3.50495,0.83797,0
2.89285,-1.2774,0
2.94006,-1.27175,0
2.09695,-1.28351,0
2.19668,-1.25086,0
1.16359,1.27389,0
1.95097,-1.27022,0
0.52012,1.25622,0
-0.00281,1.31618,0
0.39198,1.33031,0
3.37956,-1.38575,0
2.26569,-1.27357,0
2.67866,-1.25008,0
3.53852,0.79317,0
0.21848,1.33726,0
3.08498,-1.37117,0
3.14976,-1.31228,0
-0.53157,-0.47666,0
0.11595,1.32113,0
-0.09331,1.34953,0
2.46507,-1.27912,0
3.50024,1.03773,0
-0.51426,-0.77926,0
-0.21827,1.3308,0
3.56811,0.87324,0
-0.52413,-0.62294,0
0.75316,1.31115,0
3.02513,-1.31578,0
-0.22626,1.39475,0
2.91028,-1.30385,0
0.23362,1.29217,0
2.06789,-1.28285,0
0.48564,1.25116,0
2.88208,-1.29767,0
-0.53328,-0.61131,0
3.01637,-1.25044,0
-0.1005,1.33797,0
0.03312,1.28659,0
-0.51034,-1.07954,0
-0.55784,-0.97657,0
-0.56836,-0.89348,0
-0.38693,1.33892,0
-0.16756,1.35156,0
1.89262,-1.26515,0
0.35542,1.32543,0
2.52403,-1.27999,0
-0.26543,1.3061,0
2.94251,-1.30654,0
0.69693,1.27463,0
0.69196,1.29915,0
0.41235,1.31824,0
-0.51855,-0.81514,0
0.89231,1.30622,0
2.67518,-1.28963,0
0.32962,1.25136,0
3.10665,-1.25206,0
2.20759,-1.27811,0
-0.3812,1.26436,0
3.56933,0.81845,0
2.96031,-1.26878,0
2.16133,-1.28174,0
0.21457,1.27447,0
2.60913,-1.29247,0
3.25769,-1.32812,0
1.32295,1.25883,0
0.95417,1.26173,0
3.40361,-1.30608,0
2.67012,-1.25072,0
-0.54183,-0.96817,0
-0.53645,-0.57052,0
0.88665,1.2991,0
2.68732,-1.27258,0
3.52781,0.96592,0
-0.51053,-0.58938,0
3.30253,-1.28342,0
3.11472,-1.26501,0
-0.11372,1.2844,0
0.11115,1.31287,0
-0.23402,1.27466,0
2.30903,-1.275,0
2.45243,-1.27235,0
0.75305,1.26946,0
-0.55143,-1.07132,0
3.52121,0.10442,0
0.26805,1.31581,0
0.43332,1.34644,0
2.82921,-1.32622,0
0.02658,1.26377,0
3.13315,-1.25306,0
-0.01375,1.36943,0
1.93818,-1.28119,0
-0.3311,1.31926,0
3.53549,0.67083,0
-0.54824,-0.93464,0
3.57603,1.05265,0
3.10691,-1.28886,0
3.55674,0.72498,0
0.33462,1.34602,0
3.32304,-1.3469,0
-0.11168,1.39166,0
-0.23798,1.32266,0
3.5104,0.41393,0
3.58739,0.95436,0
3.51831,0.83828,0
1.67368,-1.25914,0
2.98999,-1.29027,0
0.76446,1.26104,0
2.25881,-1.30074,0
2.67317,-1.28515,0
2.3822,-1.29956,0
3.55091,0.98445,0
3.08782,-1.36039,0
3.51926,0.67426,0
2.30675,-1.31054,0
2.81508,-1.32244,0
-0.54491,-0.6172,0
3.35531,-1.29111,0
3.34984,-1.38266,0
0.45072,1.27671,0
3.53871,0.83981,0
3.3961,-1.3894,0
0.29096,1.2999,0
0.23685,1.27079,0
0.27323,1.34368,0
3.5456,1.00795,0
0.42681,1.26318,0
0.61225,1.33589,0
2.73974,-1.30759,0
3.0792,-1.33713,0
1.06267,1.25727,0
0.08192,1.37294,0
2.48841,-1.31882,0
0.4146,1.25125,0
-0.3688,1.39383,0
1.31133,1.26773,0
-0.52274,-0.61583,0
2.6643,-1.31618,0
0.56426,1.28776,0
3.57584,0.81386,0
0.69426,1.26004,0
0.84936,1.2835,0
1.43511,1.26771,0
-0.53245,-0.47056,0
0.70873,1.3236,0
3.52479,1.02196,0
-0.2485,1.28252,0
0.21112,1.28651,0
2.00357,-1.2788,0
-0.23463,1.26224,0
2.60941,-1.27162,0
3.02477,-1.33296,0
0.10926,1.36887,0
2.62735,-1.2747,0
0.53633,1.29182,0
2.14403,-1.25355,0
2.25649,-1.27292,0
3.5473,0.46374,0
-0.50469,-0.54615,0
0.78401,1.29126,0
3.11434,-1.37342,0
2.19794,-1.2544,0
2.93098,-1.35722,0
0.49834,1.26646,0
1.88643,-1.27368,0
0.30004,1.33241,0
-0.05691,1.34749,0
0.04425,1.30877,0
3.54863,0.97262,0
3.50957,1.04532,0
0.24631,1.33523,0
3.1818,-1.2927,0
-0.19356,1.30121,0
-0.33456,1.41171,0
-0.10541,1.26961,0
-0.53809,-0.49735,0
-0.53458,-0.48013,0
2.41603,-1.25021,0
1.8748,-1.26711,0
3.08747,-1.27284,0
3.57838,0.87026,0
1.55003,1.25609,0
0.18913,1.28232,0
3.24511,-1.38694,0
1.93577,-1.25896,0
3.32691,-1.29346,0
2.65764,-1.30352,0
-0.50677,-0.83307,0
3.51253,0.03116,0
3.53958,0.5466,0
0.18653,1.26177,0
3.05958,-1.3388,0
1.85989,-1.26528,0
3.51045,0.9971,0
3.51855,0.59132,0
0.59784,1.31812,0
0.04594,1.33001,0
3.50752,1.068,0
3.55071,0.9449,0
3.55376,0.71922,0
1.32428,1.26341,0
0.31222,1.26876,0
-0.13709,1.36679,0
1.13305,1.26328,0
3.36902,-1.37961,0
3.33456,-1.30012,0
-0.55194,-0.70912,0
2.90946,-1.2662,0
2.59558,-1.29806,0
0.37742,1.26884,0
1.1079,1.28761,0
1.39233,1.27094,0
3.51252,0.49373,0
0.79691,1.31649,0
0.52091,1.28327,0
3.54772,0.49085,0
1.13376,1.29234,0
3.50013,1.06449,0
3.26008,-1.26344,0
3.31006,-1.32665,0
0.91241,1.29893,0
-0.57476,-0.96679,0
-0.02665,1.26895,0
0.36362,1.2678,0
3.1627,-1.33104,0
2.85696,-1.32883,0
0.33987,1.34624,0
3.2743,-1.32618,0
3.35495,-1.33186,0
-0.55195,-0.92721,0
3.25565,-1.34151,0
-0.35944,1.36627,0
0.43668,1.3254,0
0.73812,1.282,0
2.1856,-1.3006,0
1.1337,1.26404,0
0.13289,1.31025,0
2.15213,-1.29304,0
-0.55793,-0.79378,0
0.8294,1.26187,0
1.18611,1.28487,0
2.16813,-1.26789,0
1.81276,-1.2694,0
-0.38375,1.32238,0
0.25392,1.31946,0
2.9623,-1.34836,0
0.16312,1.29507,0
1.20235,1.28612,0
2.12778,-1.26547,0
2.06413,-1.25853,0
3.2244,-1.29503,0
-0.18699,1.31689,0
2.87715,-1.3369,0
0.14752,1.29275,0
3.54918,0.7381,0
3.51336,0.50595,0
-0.5039,-0.50484,0
-0.55185,-0.90723,0
2.4891,-1.31991,0
3.34197,-1.355,0
0.53322,1.25052,0
-0.14794,1.3448,0
1.66861,-1.25363,0
3.55672,0.68515,0
0.7228,1.29202,0
0.15203,1.32112,0
3.52997,1.09363,0
2.72762,-1.32696,0
3.53382,0.44107,0
-0.54548,-1.07241,0
3.5544,0.81623,0
1.03735,1.26932,0
0.02557,1.27001,0
2.00668,-1.25103,0
0.19606,1.25074,0
0.27635,1.28131,0
3.2346,-1.31924,0
0.43801,1.33505,0
-0.16616,1.33173,0
-0.54402,-1.04211,0
3.51738,0.58521,0
0.57733,1.25561,0
-0.51813,-0.91628,0
2.13361,-1.25347,0
2.11379,-1.25257,0
2.9058,-1.33628,0
-0.04812,1.25117,0
3.05163,-1.30652,0
2.49895,-1.32176,0
3.54527,0.5226,0
-0.30895,1.38739,0
3.56697,0.75527,0
3.53155,0.5881,0
-0.2997,1.30511,0
2.7632,-1.33317,0
0.9416,1.2544,0
0.92508,1.30278,0
0.75148,1.31944,0
0.51955,1.27993,0
0.35433,1.30271,0
3.50925,0.74078,0
2.37559,-1.2581,0
2.25003,-1.29624,0
3.58591,0.91206,0
3.33119,-1.27062,0
3.55529,0.58655,0
2.28795,-1.29022,0
0.30165,1.33648,0
-0.5126,-0.83174,0
2.6693,-1.32936,0
3.51614,0.13627,0
0.84164,1.28136,0
-0.51315,-0.49088,0
2.61204,-1.28466,0
1.32625,1.25017,0
-0.53994,-0.8645,0
-0.06364,1.35183,0
-0.50166,-0.6858,0
3.52523,0.67846,0
2.23248,-1.27909,0
3.39339,-1.3121,0
0.07371,1.2972,0
3.50092,0.23124,0
3.29987,-1.26686,0
-0.09687,1.34989,0
1.82067,-1.26596,0
-0.27617,1.40773,0
-0.51849,-0.79597,0
2.70235,-1.29573,0
2.79115,-1.32358,0
2.62373,-1.26456,0
0.0174,1.2616,0
3.50537,0.02319,0
2.32669,-1.29226,0
-0.56421,-0.82004,0
-0.50851,-0.14309,0
0.4358,1.31185,0
2.0161,-1.27336,0
2.90547,-1.34305,0
2.50389,-1.25736,0
-0.52732,-0.89302,0
2.49437,-1.29086,0
-0.56835,-0.93055,0
3.50511,0.28592,0
2.73684,-1.33119,0
0.04085,1.36193,0
0.73996,1.30258,0
-0.51445,-0.76165,0
1.90841,-1.2661,0
3.50262,0.51588,0
0.44361,1.25104,0
3.53048,0.59865,0
2.9612,-1.32954,0
2.34787,-1.30852,0
3.22141,-1.31486,0
-0.54222,-0.56269,0
2.20331,-1.25522,0
2.04689,-1.2698,0
0.60874,1.31099,0
2.59537,-1.33388,0
-0.1578,1.38046,0
2.25876,-1.30451,0
3.50392,0.27327,0
3.24452,-1.33239,0
2.7315,-1.28054,0
-0.37763,1.38131,0
-0.5074,-0.73152,0
2.23449,-1.257,0
2.82593,-1.29569,0
1.04478,1.28834,0
3.37765,-1.32722,0
0.22359,1.31338,0
-0.52867,-0.90766,0
0.15657,1.35651,0
3.04828,-1.30064,0
1.07064,1.2945,0
1.73922,-1.25602,0
0.18292,1.35567,0
3.51609,0.24644,0
2.36112,-1.28741,0
0.49022,1.25816,0
2.15388,-1.2626,0
2.7876,-1.30351,0
2.66358,-1.30442,0
-0.17328,1.28705,0
3.53675,0.69477,0
3.51757,0.81544,0
-0.56707,-0.88828,0
0.60962,1.25498,0
-0.3412,1.37378,0
-0.07764,1.32022,0
3.59858,1.01487,0
-0.28146,1.37974,0
0.36989,1.34764,0
2.13227,-1.27077,0
0.48135,1.31467,0
2.60287,-1.30142,0
0.66145,1.26519,0
3.13849,-1.34165,0
-0.33091,1.37094,0
0.45252,1.32897,0
-0.5159,-0.60002,0
3.51729,0.37991,0
2.99092,-1.28633,0
0.22999,1.33624,0
1.96839,-1.27391,0
0.14395,1.3149,0
1.22774,1.27504,0
2.94161,-1.34566,0
0.8142,1.28767,0
0.15012,1.27708,0
2.93099,-1.3485,0
-0.53164,-0.41074,0
3.51881,0.29423,0
2.64783,-1.33363,0
0.81383,1.26002,0
0.36637,1.28048,0
-0.24081,1.29426,0
0.35578,1.28167,0
3.24228,-1.38235,0
2.99456,-1.34896,0
3.52672,0.82086,0
3.18304,-1.25495,0
-0.27957,1.25102,0
0.16,1.29601,0
3.55075,0.8033,0
2.98379,-1.3006,0
0.2578,1.30572,0
2.85083,-1.34317,0
3.30695,-1.38687,0
3.51864,0.71889,0
3.24363,-1.37115,0
-0.18203,1.27622,0
2.41803,-1.29193,0
-0.28947,1.27106,0
3.57371,0.85137,0
-0.5333,-0.61724,0
2.91025,-1.29758,0
3.24601,-1.259,0
-0.53721,-1.07293,0
3.55401,0.72576,0
3.53044,0.31179,0
-0.55754,-0.77879,0
0.62706,1.32724,0
3.06613,-1.33654,0
2.59219,-1.29182,0
1.94161,-1.27287,0
0.33811,1.26793,0
1.11619,1.25842,0
3.53286,0.37012,0
-0.06966,1.25426,0
2.1405,-1.29706,0
3.11714,-1.36463,0
1.91281,-1.26135,0
1.8455,-1.25224,0
3.51577,0.15787,0
-0.22607,1.30204,0
3.52837,0.99059,0
3.50775,0.66022,0
0.07234,1.36102,0
0.80138,1.26341,0
3.29285,-1.37079,0
3.55484,1.01506,0
3.0306,-1.26793,0
0.18985,1.34146,0
-0.10469,1.31233,0
0.66277,1.31381,0
0.49573,1.29051,0
2.30175,-1.29471,0
2.21205,-1.25667,0
-0.32465,1.31081,0
3.03202,-1.33773,0
-0.516,-0.72531,0
2.70566,-1.27137,0
3.51646,0.20768,0
1.04778,1.29318,0
3.50012,0.58471,0
2.34349,-1.2605,0
0.68988,1.27848,0
0.06047,1.36173,0
-0.53716,-0.63621,0
-0.54158,-1.04522,0
-0.52688,-0.80895,0
2.8173,-1.32604,0
3.09683,-1.3176,0
0.14914,1.33785,0
0.58572,1.30784,0
2.31933,-1.29472,0
3.34622,-1.33442,0
2.33604,-1.27695,0
-0.05798,1.3791,0
2.26745,-1.30554,0
2.42465,-1.2559,0
-0.50589,-0.44979,0
3.5967,0.99969,0
3.50595,-0.09593,0
2.69145,-1.25802,0
0.00114,1.31524,0
-0.05651,1.30683,0
3.58006,1.08932,0
0.14434,1.36782,0
0.3839,1.25441,0
0.78326,1.26152,0
1.51456,1.25165,0
3.21191,-1.30727,0
2.24231,-1.29983,0
0.02923,1.36532,0
-0.23702,1.38275,0
2.13146,-1.27062,0
2.95425,-1.25326,0
0.35892,1.35085,0
2.68147,-1.33607,0
-0.04593,1.28284,0
0.92149,1.28426,0
3.22947,-1.32427,0
3.52217,1.07775,0
3.28878,-1.25158,0
-0.53892,-0.74969,0
-0.50939,-0.41911,0
2.50158,-1.2689,0
1.13339,1.27748,0
-0.51043,-0.32115,0
3.2632,-1.26423,0
-0.30575,1.3346,0
-0.54801,-0.69514,0
2.80656,-1.32006,0
-0.37345,1.33225,0
3.53546,0.4077,0
0.39002,1.27658,0
3.55016,1.0395,0
3.1639,-1.37024,0
3.57163,0.8195,0
0.06774,1.26435,0
3.56614,0.62092,0
-0.53979,-0.78424,0
2.04232,-1.27611,0
-0.51742,-0.78444,0
3.30259,-1.3467,0
3.00297,-1.29136,0
-0.32091,1.34658,0
3.07496,-1.31321,0
0.50301,1.3246,0
0.12038,1.37156,0
0.20148,1.31684,0
0.3378,1.28259,0
2.90637,-1.36066,0
3.53663,0.83945,0
2.63901,-1.26409,0
3.04181,-1.34793,0
0.4178,1.3139,0
0.58287,1.3295,0
3.13123,-1.3027,0
3.38275,-1.29744,0
3.51662,1.14364,0
-0.5085,-1.08737,0
3.44975,-1.26253,0
3.50688,1.17872,0
3.5033,1.19883,0
3.46238,-1.26316,0
3.54169,1.11463,0
-0.50537,-1.0956,0
3.43245,-1.27649,0
3.51358,-0.06213,0
3.50039,-0.70882,0
3.51618,1.15031,0
3.54669,1.09736,0
3.47502,-1.26129,0
3.54745,1.09491,0
3.50713,-0.14949,0
3.44207,-1.27651,0
3.5052,-0.35466,0
3.54297,1.09617,0
-0.50207,-1.10813,0
3.50343,1.17093,0
3.50771,1.19084,0
3.43744,-1.28394,0
3.42421,-1.2583,0
3.51308,1.20196,0
3.46043,-1.28637,0
3.51576,-0.0299,0
3.50575,-0.36582,0
3.50849,-0.38167,0
-0.42963,1.28878,0
-0.40617,1.25932,0
3.53924,1.19808,0
3.50319,-0.58002,0
-0.43784,1.25269,0
3.50483,-0.36239,0
3.52676,1.19815,0
-0.44,1.25672,0
3.50148,-0.5422,0
3.51892,0.00431,0
3.54755,1.1326,0
3.48628,-1.25307,0
3.51226,1.16758,0
3.50565,-0.50474,0
3.45488,-1.28668,0
3.50099,-0.48086,0
-0.50479,-1.10307,0
3.52627,1.09933,0
3.46019,-1.26651,0
2.39938,-1.32992,0
0.54404,1.35698,0
3.26438,-1.42491,0
1.59317,-1.258,0
3.0124,-1.37154,0
2.61619,-1.37056,0
-0.586,-0.72414,0
3.6525,0.94919,0
3.5495,0.14079,0
-0.18939,1.43838,0
-0.59539,-0.93495,0
3.07877,-1.44187,0
-0.30262,1.43553,0
3.17646,-1.45869,0
3.569,0.57668,0
2.46806,-1.36359,0
0.26946,1.37194,0
2.63727,-1.36003,0
3.25506,-1.47084,0
-0.5477,-0.41946,0
-0.05794,1.44448,0
0.35565,1.4016,0
0.64314,1.34104,0
0.71225,1.35521,0
0.23763,1.39623,0
2.51725,-1.38433,0
2.12425,-1.33546,0
-0.58182,-0.94673,0
3.60013,0.4871,0
3.33043,-1.45913,0
2.30813,-1.33382,0
3.12264,-1.44106,0
0.07312,1.43235,0
2.20327,-1.30688,0
3.58319,0.75195,0
-0.6086,-0.92797,0
1.54839,-1.25358,0
3.63434,0.83596,0
0.01661,1.40643,0
3.60207,0.60968,0
0.53516,1.34448,0
-0.16096,1.41286,0
0.42162,1.378,0
-0.01355,1.46309,0
2.07444,-1.30594,0
2.07753,-1.31032,0
3.33248,-1.40756,0
-0.12486,1.43087,0
3.2445,-1.47809,0
3.31379,-1.48576,0
2.53979,-1.34196,0
2.75766,-1.36443,0
-0.06587,1.40686,0
1.78676,-1.27997,0
2.54126,-1.35026,0
0.84459,1.33675,0
3.54425,0.33319,0
-0.22538,1.41711,0
2.4202,-1.33224,0
2.31742,-1.34498,0
-0.05912,1.46889,0
2.10856,-1.30719,0
0.40818,1.35946,0
2.5229,-1.37641,0
3.52621,-0.04945,0
0.15756,1.39201,0
-0.0528,1.44451,0
-0.20993,1.46497,0
-0.08374,1.4455,0
0.32276,1.36435,0
-0.27897,1.47282,0
3.60267,0.62542,0
2.4503,-1.36675,0
3.15885,-1.45586,0
2.79703,-1.38268,0
3.17844,-1.40234,0
2.58376,-1.39382,0
-0.58294,-0.79903,0
0.28957,1.42391,0
-0.13341,1.43053,0
2.43099,-1.34198,0
1.97434,-1.3017,0
3.58414,0.45857,0
3.5209,-0.04461,0
3.65958,0.91322,0
3.52633,-0.01967,0
1.61636,-1.26271,0
2.00683,-1.30649,0
0.99994,1.31472,0
0.0485,1.38349,0
3.08743,-1.42186,0
1.88668,-1.28573,0
3.62342,0.82903,0
0.28419,1.38893,0
3.60981,0.59745,0
2.94722,-1.42348,0
-0.22032,1.47741,0
-0.54791,-0.49176,0
-0.15091,1.41192,0
0.45051,1.4,0
3.53182,0.00725,0
-0.19098,1.48081,0
3.5615,0.34826,0
0.45436,1.36719,0
0.35304,1.41115,0
0.15386,1.37692,0
3.13616,-1.41469,0
2.03274,-1.3112,0
2.76623,-1.37553,0
0.75953,1.34466,0
3.6263,0.79559,0
3.53251,0.13329,0
3.58858,0.36379,0
3.52765,0.1244,0
0.30399,1.36228,0
3.22082,-1.47431,0
3.5502,0.06536,0
0.16123,1.44601,0
2.86474,-1.41048,0
3.569,0.52949,0
-0.58416,-0.81587,0
3.18189,-1.42569,0
-0.57682,-0.7126,0
2.4219,-1.32269,0
0.41066,1.40484,0
0.91215,1.32842,0
2.94712,-1.41142,0
0.54823,1.38537,0
1.97067,-1.28659,0
1.38527,1.27465,0
-0.55201,-0.44637,0
3.26373,-1.45841,0
2.58523,-1.38176,0
2.75557,-1.36322,0
0.27919,1.40455,0
0.77548,1.35202,0
0.49992,1.37137,0
3.07676,-1.41023,0
2.37672,-1.34266,0
2.241,-1.32674,0
-0.14211,1.47291,0
3.61536,0.58718,0
3.56579,0.37784,0
3.63305,0.91835,0
-0.56528,-0.73415,0
0.0481,1.44562,0
3.08921,-1.40944,0
0.6513,1.3805,0
-0.54692,-0.47636,0
3.58135,0.48916,0
0.74694,1.34554,0
2.59334,-1.39162,0
0.45772,1.36024,0
-0.18588,1.44974,0
3.56329,0.22457,0
2.52106,-1.35712,0
-0.56658,-0.79508,0
2.61143,-1.39394,0
0.80956,1.35246,0
3.05359,-1.44563,0
2.23797,-1.33034,0
-0.55763,-0.48994,0
3.32891,-1.39913,0
0.49148,1.3874,0
3.63927,0.88534,0
3.57862,0.62647,0
3.20498,-1.40476,0
2.08336,-1.32766,0
3.51779,-0.16136,0
3.53522,-0.01575,0
3.65526,0.86801,0
3.16032,-1.44733,0
2.92135,-1.42958,0
3.20897,-1.40956,0
3.55793,0.15309,0
-0.21824,1.48826,0
2.03384,-1.3117,0
-0.13518,1.43742,0
2.0984,-1.3171,0
2.96102,-1.40852,0
3.59767,0.87862,0
2.67376,-1.3629,0
-0.11731,1.47119,0
-0.24008,1.41262,0
2.49738,-1.35346,0
3.31513,-1.43018,0
2.64921,-1.34519,0
-0.60176,-0.84414,0
0.40127,1.37075,0
3.66734,0.97518,0
2.88286,-1.37633,0
3.27943,-1.43538,0
0.2005,1.41933,0
-0.08777,1.43517,0
1.16892,1.29601,0
3.01535,-1.40392,0
2.3206,-1.35593,0
3.62046,0.66952,0
2.73904,-1.38367,0
2.43925,-1.34018,0
3.54014,0.08835,0
0.64582,1.36575,0
2.29099,-1.3303,0
-0.54726,-0.46999,0
1.23452,1.29655,0
2.76278,-1.40474,0
1.95492,-1.29199,0
3.30273,-1.47056,0
-0.2859,1.46076,0
3.53689,0.00522,0
1.87068,-1.27858,0
0.22056,1.37188,0
3.13861,-1.45781,0
3.64588,0.84777,0
2.62708,-1.39153,0
0.06167,1.44116,0
2.13932,-1.33206,0
3.61359,0.61392,0
3.60653,0.85323,0
2.67032,-1.38054,0
2.43769,-1.36801,0
0.02196,1.42009,0
0.22349,1.38431,0
2.58992,-1.35697,0
-0.53171,-0.37774,0
2.27485,-1.31958,0
0.04367,1.4207,0
1.97462,-1.31352,0
2.21138,-1.32777,0
-0.5638,-0.54021,0
-0.57096,-0.82094,0
3.61022,0.89515,0
-0.51881,-0.19238,0
2.86414,-1.38408,0
3.56154,0.47735,0
2.99839,-1.38071,0
3.29398,-1.45951,0
2.0306,-1.29205,0
3.06359,-1.41287,0
3.10361,-1.38047,0
3.28235,-1.41406,0
3.60659,0.82605,0
0.76117,1.3359,0
-0.18144,1.42979,0
0.11019,1.43402,0
0.50862,1.3633,0
2.73301,-1.37037,0
3.60497,0.57023,0
2.79049,-1.39146,0
2.47669,-1.34288,0
0.93509,1.31798,0
0.08727,1.43997,0
2.59069,-1.33747,0
0.02959,1.42716,0
0.17506,1.40701,0
3.27521,-1.4673,0
0.76017,1.35684,0
3.34065,-1.48216,0
3.33572,-1.49656,0
2.85101,-1.35757,0
-0.58045,-0.757,0
2.39354,-1.34019,0
0.27704,1.39345,0
1.18304,1.29216,0
2.00021,-1.31219,0
-0.21912,1.40834,0
0.68954,1.34054,0
2.80303,-1.41042,0
-0.12138,1.4151,0
0.591,1.37947,0
3.56793,0.63479,0
0.28827,1.41802,0
0.53987,1.37693,0
3.62124,0.69162,0
0.06022,1.38562,0
0.56099,1.37899,0
0.10518,1.39835,0
2.05362,-1.32051,0
0.58561,1.37327,0
0.8852,1.32158,0
0.49381,1.35098,0
2.27187,-1.35306,0
2.89663,-1.40234,0
3.33554,-1.41876,0
2.46498,-1.3707,0
0.57674,1.37248,0
3.64047,0.77936,0
-0.22591,1.49584,0
2.79369,-1.40314,0
-0.53384,-0.4096,0
3.57856,0.62616,0
-0.13887,1.43565,0
3.60144,0.7116,0
2.84458,-1.42468,0
0.33508,1.36834,0
1.08649,1.31379,0
3.6271,0.73462,0
2.60453,-1.36618,0
2.15141,-1.2996,0
2.26138,-1.32071,0
0.03095,1.44417,0
3.11222,-1.38517,0
3.28889,-1.41524,0
3.6402,0.78952,0
2.6623,-1.36883,0
-0.13489,1.48244,0
0.00449,1.4371,0
1.85371,-1.28984,0
1.67329,-1.26908,0
2.19436,-1.31154,0
2.5161,-1.35702,0
1.96307,-1.30574,0
1.06505,1.29961,0
0.23059,1.42815,0
0.22964,1.38652,0
2.53639,-1.38215,0
-0.22885,1.47915,0
2.94595,-1.37789,0
3.54219,0.25048,0
0.64456,1.37292,0
2.07958,-1.3156,0
2.94011,-1.43443,0
2.10137,-1.32293,0
1.02469,1.32015,0
0.29772,1.37171,0
3.59615,0.91179,0
3.53481,0.08695,0
2.71748,-1.3477,0
-0.12289,1.46373,0
2.23759,-1.34723,0
3.2251,-1.39736,0
3.22647,-1.45144,0
3.59653,0.56858,0
-0.09902,1.46915,0
3.57877,0.615,0
-0.09583,1.41212,0
3.58035,0.37591,0
-0.10246,1.41112,0
2.31257,-1.34867,0
1.13353,1.30566,0
3.62537,0.9654,0
3.60875,0.91876,0
-0.5835,-0.90571,0
3.56447,0.34536,0
3.08541,-1.40406,0
0.62499,1.36465,0
1.75889,-1.28729,0
2.6383,-1.39207,0
-0.00437,1.42873,0
2.81938,-1.4081,0
3.57786,0.4415,0
3.59304,0.86205,0
2.8956,-1.40643,0
2.44373,-1.32697,0
3.62252,0.78624,0
-0.53126,-0.29233,0
3.53937,0.26277,0
1.1039,1.30041,0
2.98528,-1.43816,0
3.64817,0.80798,0
2.00857,-1.30795,0
3.59079,0.83395,0
-0.2011,1.48228,0
2.38928,-1.35975,0
3.58036,0.37736,0
0.62584,1.37275,0
2.60845,-1.37403,0
1.80579,-1.28313,0
3.23324,-1.4491,0
3.59709,0.97338,0
3.08729,-1.44547,0
2.77572,-1.41043,0
3.60479,0.58045,0
3.57597,0.26341,0
0.00626,1.39442,0
3.65322,0.84325,0
0.33536,1.40538,0
3.32548,-1.48906,0
3.60405,0.77811,0
-0.04479,1.4627,0
0.86862,1.32498,0
3.59717,0.97106,0
0.37635,1.372,0
2.97891,-1.37604,0
3.61088,0.69976,0
2.15725,-1.3012,0
1.10272,1.31009,0
0.01098,1.44385,0
0.51194,1.38931,0
2.72202,-1.37793,0
3.2548,-1.43001,0
3.0987,-1.44165,0
3.55508,0.39039,0
0.42148,1.38887,0
3.6565,0.96934,0
3.27155,-1.46951,0
-0.21694,1.47274,0
0.52108,1.38504,0
0.12451,1.42233,0
3.59834,0.94633,0
3.1374,-1.44627,0
0.09008,1.39753,0
0.58284,1.35779,0
3.59171,0.46926,0
3.61582,0.77061,0
2.63316,-1.36622,0
3.29023,-1.45205,0
3.15295,-1.4085,0
2.54688,-1.37879,0
1.00775,1.3212,0
3.16006,-1.39181,0
-0.59883,-0.90257,0
0.88031,1.32482,0
2.42417,-1.36858,0
1.97764,-1.31274,0
-0.25362,1.46912,0
3.09645,-1.38079,0
3.53228,-0.0164,0
2.04238,-1.31419,0
3.66221,0.95451,0
3.23591,-1.47929,0
-0.58146,-0.87972,0
1.27838,1.29509,0
0.3753,1.36741,0
-0.03705,1.45313,0
0.87181,1.34382,0
2.98565,-1.37302,0
1.80891,-1.27928,0
1.86156,-1.27793,0
2.05294,-1.30869,0
3.60162,0.96014,0
3.61257,0.68301,0
0.57942,1.38603,0
3.28262,-1.444,0
3.33711,-1.43662,0
0.30749,1.39797,0
0.30374,1.41224,0
2.24006,-1.31548,0
3.27378,-1.4129,0
2.71111,-1.34905,0
1.7138,-1.27077,0
0.89672,1.32607,0
2.67791,-1.34469,0
2.81054,-1.4029,0
-0.05065,1.43018,0
0.26555,1.39552,0
0.08223,1.39871,0
0.94646,1.33005,0
2.85984,-1.39846,0
3.26152,-1.42913,0
3.09587,-1.43518,0
-0.59721,-0.82201,0
3.61378,0.54804,0
3.59989,0.63857,0
2.54075,-1.37142,0
2.35202,-1.36188,0
1.69031,-1.27647,0
3.65938,0.89167,0
-0.20042,1.49148,0
3.60437,0.66645,0
2.31271,-1.35727,0
3.55717,0.37068,0
0.59218,1.36899,0
2.61276,-1.38272,0
0.86267,1.33915,0
-0.15917,1.44009,0
0.90918,1.33252,0
3.63627,0.74709,0
3.17966,-1.46195,0
3.57399,0.62298,0
3.02972,-1.3791,0
-0.54232,-0.46329,0
2.82379,-1.36768,0
2.49913,-1.37656,0
0.5788,1.35683,0
2.65221,-1.37297,0
3.05555,-1.44072,0
2.9575,-1.37416,0
-0.03676,1.39846,0
3.1739,-1.40527,0
0.80605,1.33546,0
3.31684,-1.48671,0
-0.13112,1.43063,0
0.03574,1.42388,0
0.84047,1.35593,0
-0.53223,-0.32194,0
2.47008,-1.36695,0
3.06253,-1.39918,0
3.59272,0.47787,0
-0.18542,1.40514,0
0.16908,1.39513,0
2.67349,-1.38633,0
-0.20213,1.43866,0
-0.56977,-0.77992,0
3.62802,0.84309,0
3.29745,-1.41287,0
3.58114,0.31317,0
0.43005,1.39799,0
3.52188,-0.09479,0
2.40888,-1.33491,0
0.71619,1.33807,0
0.11503,1.399,0
-0.05888,1.45969,0
2.95978,-1.39824,0
2.27969,-1.35445,0
2.91024,-1.41507,0
2.41049,-1.36672,0
1.18021,1.29979,0
2.99309,-1.41976,0
0.06753,1.44093,0
3.63087,0.98558,0
-0.17049,1.4595,0
2.19179,-1.33096,0
-0.58818,-0.87432,0
0.66484,1.36316,0
-0.13886,1.47934,0
3.13382,-1.43932,0
-0.15904,1.43769,0
0.26995,1.38465,0
2.53051,-1.33558,0
0.85755,1.33914,0
3.1906,-1.41645,0
-0.23163,1.48942,0
3.61474,0.83237,0
2.82394,-1.38609,0
1.13967,1.30257,0
0.3205,1.38434,0
-0.57299,-0.87439,0
2.74918,-1.40575,0
2.04865,-1.31752,0
2.73692,-1.34921,0
2.41258,-1.3437,0
0.35574,1.3816,0
0.00868,1.43388,0
3.59365,0.48676,0
2.83309,-1.40195,0
3.3032,-1.41811,0
-0.57993,-0.71264,0
-0.61138,-0.8912,0
2.98895,-1.3891,0
3.59359,0.79445,0
1.50762,-1.25269,0
0.30279,1.36577,0
-0.52426,-0.25294,0
0.51279,1.38732,0
1.23678,1.29433,0
3.54853,0.08083,0
3.57464,0.34884,0
3.61048,0.5846,0
-0.27433,1.49132,0
2.97206,-1.44816,0
-0.0863,1.43925,0
-0.53956,-0.38755,0
-0.58733,-0.85528,0
3.62071,0.78205,0
0.6553,1.35229,0
1.99249,-1.28976,0
0.15531,1.40465,0
2.98945,-1.40017,0
2.47375,-1.35766,0
-0.06543,1.44551,0
-0.27059,1.48831,0
3.5375,0.11048,0
1.11153,1.30657,0
0.21424,1.39451,0
1.85621,-1.28675,0
3.34555,-1.44626,0
0.48287,1.3877,0
1.24431,1.29445,0
2.66063,-1.3757,0
0.51923,1.39,0
2.6671,-1.39138,0
0.92342,1.3175,0
0.04766,1.42277,0
-0.18296,1.48827,0
0.01704,1.38806,0
2.704,-1.39406,0
1.40261,1.28056,0
3.2527,-1.40224,0
-0.18516,1.40503,0
2.56016,-1.38826,0
3.58458,0.49902,0
0.75429,1.36249,0
-0.11483,1.39696,0
1.26238,1.28405,0
-0.25006,1.42058,0
3.61165,0.96756,0
-0.57961,-0.81415,0
-0.54638,-0.4299,0
3.57894,0.33764,0
2.45003,-1.35806,0
3.62765,0.91361,0
1.92254,-1.30522,0
3.32303,-1.423,0
0.10553,1.41891,0
0.40553,1.40283,0
0.16993,1.37677,0
3.59942,0.44709,0
1.1075,1.30978,0
3.57819,0.38191,0
1.86359,-1.28067,0
3.62765,0.79052,0
2.0187,-1.30052,0
2.95267,-1.37832,0
3.58628,0.71755,0
2.84649,-1.36918,0
1.97976,-1.31311,0
-0.11226,1.40094,0
2.68392,-1.34687,0
0.62993,1.37724,0
-0.18911,1.48173,0
0.34341,1.40898,0
0.63713,1.37244,0
2.89801,-1.42253,0
2.93044,-1.41979,0
3.03969,-1.40395,0
0.30571,1.40033,0
0.65013,1.37744,0
-0.54104,-0.50267,0
2.87321,-1.3862,0
0.27225,1.39804,0
3.5905,0.42043,0
2.6345,-1.36183,0
2.47726,-1.32966,0
3.58499,0.72636,0
3.5842,0.54665,0
0.62051,1.36088,0
3.60383,0.65124,0
0.09186,1.43462,0
1.86647,-1.28852,0
2.51759,-1.37497,0
3.62274,0.97426,0
3.6071,0.72832,0
2.88891,-1.37781,0
3.25435,-1.39925,0
0.16551,1.4366,0
-0.11984,1.46124,0
0.36908,1.36178,0
2.5965,-1.35291,0
2.31088,-1.32621,0
3.02469,-1.39415,0
0.38148,1.37872,0
-0.09913,1.40307,0
3.15455,-1.39032,0
2.5819,-1.36229,0
0.19338,1.42169,0
3.55231,0.32378,0
0.78713,1.33099,0
2.19631,-1.32008,0
3.32397,-1.4828,0
0.99535,1.3266,0
2.11321,-1.32244,0
2.6743,-1.3848,0
3.14396,-1.39199,0
2.93652,-1.3753,0
0.71836,1.36396,0
0.21945,1.38505,0
3.56415,0.1969,0
3.309,-1.39671,0
2.2447,-1.31723,0
-0.05463,1.46096,0
0.64466,1.35198,0
3.206,-1.42614,0
3.17839,-1.42564,0
3.13833,-1.38526,0
3.53617,0.18004,0
3.56452,0.32985,0
1.00502,1.32524,0
3.06553,-1.42155,0
2.58307,-1.37948,0
3.3349,-1.40134,0
-0.57077,-0.73502,0
2.5901,-1.36959,0
2.99149,-1.44726,0
2.34944,-1.35222,0
3.01961,-1.37293,0
3.52831,-0.05323,0
2.95983,-1.43089,0
2.80051,-1.41747,0
2.94124,-1.43739,0
2.29614,-1.35399,0
2.72038,-1.39526,0
1.13871,1.29987,0
3.65112,0.94409,0
-0.56821,-0.60172,0
0.39448,1.40276,0
0.94919,1.33067,0
2.60461,-1.37519,0
2.6824,-1.35435,0
3.58202,0.75807,0
-0.58522,-0.84498,0
0.638,1.35875,0
3.34382,-1.47358,0
2.89183,-1.40031,0
3.62237,0.6225,0
-0.61488,-0.9684,0
0.2219,1.36926,0
0.74629,1.34337,0
3.60224,0.76512,0
3.64597,0.97623,0
3.52141,-0.0909,0
0.50499,1.35796,0
3.03972,-1.39936,0
2.39076,-1.31922,0
2.5806,-1.37375,0
3.60842,0.60577,0
0.02427,1.45788,0
3.65535,0.86297,0
0.37764,1.36308,0
-0.21062,1.42235,0
2.45678,-1.33677,0
3.26485,-1.43016,0
3.54774,0.16536,0
3.52891,0.16307,0
2.9727,-1.3691,0
3.5725,0.41591,0
-0.07882,1.44226,0
3.333,-1.42598,0
2.92537,-1.40137,0
3.29676,-1.43974,0
2.58261,-1.38158,0
3.55744,0.40636,0
2.25668,-1.33813,0
0.034,1.39763,0
0.37219,1.36813,0
3.52721,-0.14133,0
3.51283,-0.30902,0
3.60547,1.06953,0
3.41254,-1.32677,0
-0.51862,-1.10757,0
3.51915,-0.28303,0
3.51646,-0.32179,0
3.58692,1.09893,0
-0.52142,-1.09583,0
3.43081,-1.37067,0
3.40998,-1.35336,0
3.59581,1.10221,0
3.44888,-1.32696,0
3.58446,1.1122,0
-0.51669,-1.09556,0
3.6036,1.00013,0
3.41749,-1.3136,0
3.4189,-1.31763,0
3.55536,1.10049,0
3.42146,-1.32544,0
3.42754,-1.3195,0
3.43684,-1.32383,0
3.56082,1.10652,0
3.42652,-1.30386,0
3.65015,1.00042,0
3.55185,0.03993,0
3.60109,0.40553,0
3.55459,0.06878,0
3.5548,0.03303,0
3.66899,0.98517,0
3.36419,-1.42131,0
3.59214,0.34026,0
3.55414,0.09318,0
3.56921,0.18386,0
3.59304,0.33489,0
3.61167,0.99665,0
3.57237,0.20982,0
3.37753,-1.43081,0
3.62691,0.6318,0
3.57725,0.20961,0
3.63738,0.70317,0
3.54538,-0.00488,0
3.56282,0.11504,0
3.64271,0.74764,0
3.61419,0.99713,0
3.60119,0.42941,0
3.58058,0.265,0
3.5379,-0.07075,0
3.58672,0.32394,0
3.52986,-0.18964,0
3.59849,0.40359,0
3.36104,-1.40841,0
3.43587,-1.38602,0
3.52091,-0.27652,0
3.61183,1.02606,0
3.5278,-0.24431,0
3.62164,1.01707,0
3.41895,-1.38608,0
3.42637,-1.39997,0
3.52334,-0.25838,0
3.44033,-1.38351,0
3.61609,1.02698,0
3.61262,1.02705,0
3.52928,-0.22518,0
3.43563,-1.38712,0
3.52254,-0.41741,0
3.50867,-0.60113,0
3.52689,-0.44758,0
3.4985,-1.31693,0
3.50987,-0.52924,0
3.52673,-0.37527,0
3.52719,-0.5942,0
3.50988,-0.57368,0
3.52014,-0.59535,0
3.50232,-0.79758,0
3.53392,-0.30509,0
3.55187,1.14285,0
3.52037,-0.40965,0
3.485,-1.29875,0
3.51375,-0.71176,0
3.55441,1.15465,0
3.51875,-0.79558,0
3.56898,1.17359,0
3.53362,-0.34883,0
3.51634,-0.69699,0
3.50094,-0.80127,0
3.51008,-0.60803,0
3.50898,-1.08354,0
3.52049,-0.49398,0
3.53358,-0.37791,0
3.51767,-0.53857,0
3.53936,-0.17909,0
3.52996,-0.34587,0
3.51342,-0.947,0
3.53194,-0.31489,0
3.46881,-1.30807,0
3.53302,-0.38722,0
3.54189,-0.1909,0
3.50842,-0.8835,0
3.53336,-0.21259,0
3.51946,-0.62851,0
3.56768,1.12929,0
3.4985,-1.2879,0
3.56475,1.12394,0
3.50669,-0.76412,0
3.53593,-0.3626,0
3.57817,1.14158,0
3.58048,1.14516,0
3.57007,1.15676,0
3.51146,-0.73782,0
3.52116,-0.42858,0
3.54023,-0.25778,0
3.50811,-0.9594,0
3.50071,-1.15456,0
3.52908,-0.44853,0
3.52771,-0.58286,0
3.51076,-0.60139,0
3.51293,-0.50502,0
3.52478,-0.68162,0
3.50343,-1.1488,0
3.51464,-0.67831,0
3.52139,-0.55577,0
3.51218,-0.58974,0
3.39925,-1.42603,0
3.40219,-1.42212,0
3.55456,-0.05263,0
3.58184,0.2004,0
3.56771,0.07346,0
-0.31249,1.41376,0
3.40065,-1.41632,0
3.55601,-0.05034,0
3.63444,1.03836,0
3.40506,-1.41859,0
3.55466,-0.00849,0
3.38761,-1.43085,0
3.56806,0.07623,0
3.56154,0.02628,0
3.54656,-0.11678,0
3.57263,0.15457,0
3.65478,1.02299,0
3.5487,-0.10141,0
3.39709,-1.42037,0
3.64305,1.03582,0
3.65763,1.01277,0
3.55527,-0.0454,0
3.64329,0.74555,0
3.62881,0.48119,0
3.55432,-0.10063,0
3.3828,-1.49031,0
3.65619,0.77234,0
3.64627,0.6472,0
3.63848,0.57417,0
3.60276,0.24573,0
3.60956,0.3215,0
3.69244,0.94979,0
3.60403,0.29897,0
3.55415,-0.14097,0
3.60393,0.36788,0
3.62205,0.55076,0
3.65702,0.7343,0
3.65043,0.78532,0
3.67477,0.86755,0
3.605,0.3234,0
3.59138,0.24554,0
3.54924,-0.17234,0
3.66488,0.84915,0
3.62958,0.54365,0
3.38134,-1.44883,0
3.64857,0.60894,0
3.66437,0.91339,0
3.68092,0.87098,0
3.6427,0.59417,0
3.6442,0.62637,0
3.58096,0.11836,0
3.63133,0.48158,0
3.61038,0.31388,0
3.60024,0.25835,0
3.6612,0.74371,0
3.66399,0.7317,0
3.66896,0.76758,0
3.60652,0.31843,0
3.68179,0.9628,0
3.58437,0.16667,0
3.66531,0.8363,0
3.66203,0.76043,0
3.60469,0.25486,0
3.54472,-0.20792,0
3.6265,0.5268,0
3.5644,-0.05168,0
3.68145,0.92528,0
3.69593,0.97918,0
3.66579,0.77322,0
3.66459,0.80104,0
3.10565,-1.47775,0
3.13149,-1.50228,0
2.13518,-1.39892,0
2.67684,-1.43103,0
-0.5483,-0.23985,0
-0.00474,1.49409,0
3.59217,-0.05741,0
0.72025,1.37976,0
0.19237,1.47218,0
2.67547,-1.44852,0
0.93852,1.42597,0
0.19718,1.60462,0
1.89964,-1.35413,0
3.57452,-0.08291,0
3.22158,-1.51816,0
2.51568,-1.40774,0
2.9983,-1.59972,0
-0.5381,-0.18786,0
-0.0619,1.49886,0
3.64339,0.52514,0
2.16301,-1.42064,0
3.68932,0.37648,0
3.06408,-1.48809,0
2.96816,-1.5347,0
1.51417,1.26831,0
0.14728,1.53001,0
-0.07039,1.65557,0
1.37697,1.32444,0
0.61477,1.45249,0
2.28477,-1.38844,0
0.87031,1.44073,0
2.22799,-1.43801,0
-0.56364,-0.27971,0
2.31021,-1.4029,0
0.03126,1.50459,0
0.18249,1.48706,0
1.34896,1.3174,0
0.26595,1.56043,0
3.18736,-1.56694,0
3.01607,-1.60739,0
2.96951,-1.56743,0
2.37132,-1.46099,0
2.21459,-1.43276,0
3.1566,-1.55172,0
2.72668,-1.46691,0
3.67274,0.72999,0
1.69932,-1.30104,0
2.80681,-1.54185,0
3.70858,0.72735,0
2.42919,-1.40366,0
0.16042,1.55987,0
-0.56836,-0.55329,0
3.63345,0.43645,0
-0.60622,-0.44934,0
1.93003,-1.32474,0
3.65893,0.63306,0
0.1568,1.49519,0
-0.60587,-0.65705,0
0.27244,1.45396,0
0.37365,1.42087,0
0.38119,1.49339,0
3.66202,0.67693,0
2.46227,-1.44561,0
2.84156,-1.59037,0
0.47055,1.45896,0
0.41297,1.48359,0
2.06922,-1.3297,0
0.72843,1.39553,0
0.55558,1.47029,0
3.20984,-1.53308,0
0.24077,1.56733,0
0.97721,1.37733,0
-0.09509,1.64761,0
3.1239,-1.60153,0
0.12012,1.46777,0
3.59418,0.02066,0
0.39853,1.5463,0
0.45254,1.45309,0
3.72558,0.7401,0
0.03181,1.63775,0
-0.06918,1.59267,0
2.78079,-1.44373,0
1.49037,-1.26653,0
0.53799,1.51053,0
2.9972,-1.46539,0
1.04757,1.38457,0
-0.0543,1.57136,0
2.65469,-1.50333,0
0.17846,1.55535,0
2.68173,-1.43389,0
1.36366,1.29846,0
-0.51374,-0.06888,0
1.73086,-1.31163,0
-0.09608,1.60324,0
1.01992,1.38307,0
0.23239,1.5943,0
2.99503,-1.52403,0
0.10159,1.51476,0
1.48719,1.27673,0
-0.00325,1.47429,0
2.10928,-1.34633,0
2.84154,-1.53876,0
1.01566,1.34555,0
2.8127,-1.53921,0
1.14988,1.37399,0
2.85032,-1.60111,0
3.58612,0.01695,0
0.7118,1.43409,0
-0.55332,-0.2948,0
0.84565,1.41193,0
-0.55681,-0.30002,0
2.85822,-1.50553,0
2.94267,-1.5652,0
2.61396,-1.43262,0
0.27688,1.43623,0
0.86733,1.42849,0
3.6494,0.40951,0
0.26388,1.50715,0
1.31177,1.29559,0
0.79176,1.36919,0
2.55803,-1.52275,0
2.69192,-1.53561,0
0.23621,1.58239,0
1.15827,1.35101,0
3.76989,0.72567,0
0.87125,1.43714,0
-0.11722,1.51603,0
0.1492,1.47012,0
1.85572,-1.31262,0
0.56236,1.46239,0
0.58994,1.48747,0
2.48775,-1.44421,0
0.54711,1.51298,0
3.75789,0.6129,0
2.50733,-1.50177,0
2.09044,-1.35808,0
-0.56097,-0.30647,0
2.12598,-1.42359,0
2.94857,-1.50117,0
3.5559,-0.20145,0
0.23995,1.48541,0
0.8623,1.41093,0
0.5214,1.43956,0
1.33552,1.32471,0
1.40498,1.29365,0
1.03613,1.40219,0
3.16381,-1.58887,0
3.22187,-1.52503,0
3.59505,-0.0721,0
2.18018,-1.34404,0
2.61044,-1.49246,0
2.39012,-1.46193,0
0.00919,1.55137,0
2.81769,-1.52716,0
3.06854,-1.59026,0
0.28923,1.45812,0
-0.58944,-0.66339,0
3.57345,-0.17549,0
2.82529,-1.5732,0
1.30516,1.29847,0
0.46362,1.49864,0
2.0011,-1.38796,0
2.43013,-1.4096,0
0.51492,1.52657,0
1.97061,-1.38169,0
0.2701,1.54886,0
1.91124,-1.33559,0
3.12056,-1.54583,0
0.84885,1.40204,0
1.18111,1.32362,0
-0.57967,-0.44491,0
-0.62469,-0.70984,0
3.5555,-0.17049,0
0.35948,1.48917,0
3.59783,0.06316,0
1.36963,1.29926,0
-0.03931,1.57375,0
3.61777,0.05319,0
3.24447,-1.52221,0
3.04945,-1.59033,0
2.78609,-1.48635,0
3.65466,0.6012,0
2.80961,-1.50654,0
2.60295,-1.53957,0
0.27239,1.47472,0
-0.04824,1.55083,0
1.07773,1.35347,0
0.78113,1.42431,0
-0.10291,1.55698,0
2.66791,-1.50763,0
0.70671,1.45338,0
3.67293,0.68827,0
-0.04466,1.62713,0
0.01216,1.51557,0
3.11425,-1.4875,0
1.34155,1.32451,0
2.98804,-1.49447,0
0.15559,1.55927,0
-0.03721,1.64928,0
2.59167,-1.44919,0
0.27186,1.49491,0
2.49127,-1.4402,0
0.90505,1.38544,0
1.93623,-1.31211,0
0.02895,1.60881,0
3.65469,0.52846,0
1.22283,1.3435,0
2.63134,-1.41503,0
3.65432,0.1564,0
3.60164,0.04855,0
0.48304,1.45633,0
0.28251,1.59278,0
3.66402,0.40859,0
3.03739,-1.57024,0
0.81485,1.36457,0
0.00551,1.64201,0
0.22734,1.50723,0
3.66712,0.20949,0
-0.03045,1.60089,0
3.19079,-1.64898,0
0.29082,1.56519,0
3.67967,0.35731,0
2.93015,-1.45741,0
-0.10827,1.52335,0
0.56091,1.45663,0
3.59711,0.03956,0
2.29997,-1.40374,0
3.76114,0.62074,0
2.37035,-1.4843,0
2.46863,-1.49091,0
0.40233,1.50975,0
3.70462,0.36425,0
2.8712,-1.46624,0
2.88391,-1.47345,0
0.07864,1.54895,0
0.3117,1.49026,0
0.06481,1.48319,0
2.60845,-1.46635,0
2.02315,-1.36017,0
3.68585,0.72506,0
0.92146,1.40428,0
3.58725,-0.017,0
2.50741,-1.46197,0
1.10887,1.33818,0
0.01218,1.56928,0
0.05734,1.50336,0
1.93939,-1.31199,0
2.78104,-1.43163,0
0.76235,1.42046,0
0.43549,1.48873,0
3.69554,0.40628,0
2.94018,-1.58346,0
1.00422,1.41076,0
2.14266,-1.39218,0
3.5537,-0.1947,0
2.60689,-1.47607,0
3.17371,-1.47558,0
0.75512,1.39318,0
2.68779,-1.49762,0
3.08847,-1.61857,0
0.28243,1.49797,0
3.17864,-1.67187,0
-0.0806,1.57472,0
2.7744,-1.46856,0
2.76055,-1.44358,0
0.64477,1.38732,0
-0.62028,-0.73294,0
2.97696,-1.46813,0
1.20976,1.36491,0
1.78066,-1.31319,0
0.47576,1.44341,0
2.90858,-1.58958,0
-0.03543,1.5699,0
0.1715,1.5225,0
3.64793,0.39232,0
-0.63237,-0.71129,0
2.17062,-1.35145,0
-0.63336,-0.67998,0
3.2219,-1.6005,0
3.74625,0.67953,0
2.33476,-1.3714,0
3.56707,-0.08961,0
0.7084,1.43646,0
2.66816,-1.49056,0
0.30335,1.49959,0
2.56602,-1.52881,0
0.69196,1.40658,0
2.33897,-1.47773,0
-0.61109,-0.62497,0
0.07771,1.60258,0
2.19235,-1.37137,0
0.51479,1.5094,0
2.49627,-1.41246,0
0.85008,1.42671,0
2.66451,-1.52605,0
-0.55776,-0.47057,0
3.04775,-1.58906,0
2.70096,-1.53688,0
3.13494,-1.53378,0
-0.08318,1.64487,0
2.19474,-1.36472,0
-0.58703,-0.67378,0
3.76987,0.64466,0
0.08163,1.59331,0
2.3006,-1.40072,0
2.50778,-1.5146,0
0.01209,1.64578,0
3.22947,-1.55919,0
2.20693,-1.41921,0
0.47927,1.51283,0
3.6957,0.51616,0
3.6849,0.66431,0
2.44527,-1.39466,0
2.7463,-1.51675,0
-0.58927,-0.6883,0
0.16912,1.61237,0
2.71864,-1.50936,0
2.49187,-1.40057,0
1.1896,1.32006,0
-0.05214,1.58692,0
1.53437,-1.2642,0
2.77344,-1.55962,0
0.99565,1.36628,0
1.38394,1.29645,0
0.47957,1.4045,0
3.1816,-1.61616,0
0.25565,1.4988,0
-0.57569,-0.46646,0
3.73573,0.72651,0
3.01968,-1.59384,0
0.24396,1.599,0
1.09851,1.34771,0
3.60923,0.17351,0
3.57931,-0.02565,0
2.2696,-1.44315,0
2.21144,-1.37904,0
0.04895,1.58736,0
2.87871,-1.52925,0
2.47635,-1.49133,0
1.37037,1.29953,0
1.86792,-1.32741,0
2.79672,-1.554,0
3.59239,0.12315,0
3.68399,0.49114,0
3.67681,0.5136,0
3.71476,0.71558,0
1.0456,1.38187,0
3.57666,0.01769,0
2.00919,-1.333,0
2.67035,-1.54498,0
0.91892,1.38308,0
0.25026,1.47265,0
3.09541,-1.63572,0
1.88342,-1.34233,0
3.14475,-1.57277,0
3.55979,-0.18023,0
0.32609,1.5536,0
0.10764,1.59501,0
1.81861,-1.30385,0
3.21744,-1.6197,0
0.27532,1.59121,0
0.61706,1.45104,0
1.07557,1.37093,0
3.01586,-1.48653,0
0.79797,1.38697,0
0.29704,1.55784,0
2.69242,-1.51708,0
0.43311,1.52283,0
0.57171,1.4557,0
0.54686,1.50755,0
2.2539,-1.44893,0
0.63682,1.4365,0
3.5933,0.15966,0
2.04326,-1.39913,0
2.01605,-1.35067,0
3.57331,-0.06825,0
2.70099,-1.41903,0
0.03522,1.48797,0
-0.55674,-0.29655,0
0.24864,1.52233,0
2.51363,-1.40814,0
2.90274,-1.47133,0
3.04322,-1.60173,0
2.86854,-1.49817,0
2.88338,-1.46908,0
1.34348,1.30716,0
0.44178,1.53405,0
0.86758,1.4172,0
2.18399,-1.35616,0
2.07543,-1.40901,0
0.10536,1.4539,0
2.19675,-1.37574,0
2.77079,-1.58317,0
1.6551,-1.28646,0
1.41866,1.30628,0
1.06815,1.32696,0
3.11041,-1.58829,0
2.16994,-1.34322,0
2.30639,-1.37628,0
2.37892,-1.40222,0
-0.08439,1.64678,0
1.99782,-1.37685,0
3.04471,-1.6127,0
2.49067,-1.51251,0
3.67038,0.30187,0
2.18947,-1.36477,0
2.15236,-1.35948,0
2.36624,-1.46918,0
2.59632,-1.537,0
0.39345,1.42656,0
-0.53535,-0.27137,0
3.65556,0.3792,0
0.82482,1.39496,0
2.38637,-1.42522,0
2.50793,-1.49321,0
2.48081,-1.40285,0
2.37557,-1.44622,0
-0.58615,-0.51842,0
0.29895,1.43374,0
0.22775,1.54116,0
3.66361,0.70447,0
2.64406,-1.46815,0
3.11135,-1.62649,0
0.20896,1.55973,0
3.19329,-1.48161,0
3.64492,0.39481,0
3.22037,-1.48316,0
0.63201,1.45214,0
3.0775,-1.59762,0
-0.60069,-0.66364,0
3.6785,0.28866,0
2.70908,-1.43926,0
2.73469,-1.43619,0
3.56792,-0.18037,0
3.66883,0.68407,0
1.16803,1.34464,0
-0.59711,-0.58128,0
0.03874,1.56778,0
3.03223,-1.64216,0
3.58133,-0.03953,0
3.77978,0.68541,0
2.52554,-1.52062,0
3.17954,-1.57165,0
2.3438,-1.47034,0
2.45131,-1.4425,0
0.91121,1.41692,0
0.57451,1.40033,0
2.5981,-1.41999,0
1.04332,1.34531,0
3.69343,0.70705,0
3.08895,-1.58082,0
3.15104,-1.58341,0
1.24843,1.34721,0
1.81163,-1.31778,0
-0.58747,-0.66914,0
0.34544,1.55568,0
2.37819,-1.4444,0
0.48742,1.46652,0
3.684,0.63456,0
3.67862,0.59751,0
2.95485,-1.51639,0
1.41494,1.31283,0
0.26286,1.51395,0
0.65514,1.43598,0
3.67032,0.2229,0
2.91184,-1.46753,0
3.03779,-1.6468,0
2.15674,-1.39123,0
3.71209,0.39662,0
0.00985,1.59701,0
0.91466,1.3637,0
3.61214,0.22173,0
1.69952,-1.31678,0
3.14794,-1.51032,0
3.64218,0.41651,0
3.00022,-1.519,0
0.69016,1.38266,0
2.18637,-1.4334,0
2.16668,-1.42249,0
3.61238,0.02749,0
0.95526,1.39057,0
0.21308,1.57218,0
2.6636,-1.48964,0
0.15127,1.47728,0
1.28261,1.32067,0
2.14817,-1.3533,0
0.91162,1.38631,0
0.53669,1.44519,0
3.66159,0.63103,0
3.68298,0.58744,0
3.65007,0.19407,0
3.75954,0.72494,0
2.79683,-1.58499,0
-0.02111,1.59896,0
0.14823,1.56274,0
0.43099,1.47861,0
-0.57269,-0.33706,0
3.14498,-1.54363,0
2.82429,-1.54803,0
0.3111,1.43315,0
0.89001,1.4316,0
2.34941,-1.40359,0
1.78681,-1.33135,0
2.89361,-1.57573,0
2.73841,-1.5729,0
3.06763,-1.6514,0
3.60578,0.12709,0
3.1157,-1.49926,0
0.83012,1.41496,0
3.73016,0.52554,0
0.70827,1.44069,0
3.73872,0.70863,0
3.66503,0.3325,0
0.12057,1.53664,0
2.56002,-1.51765,0
0.39599,1.52913,0
2.92713,-1.61746,0
2.60475,-1.40053,0
0.02135,1.63723,0
2.07797,-1.34933,0
0.31403,1.55875,0
0.24692,1.45595,0
1.03967,1.37891,0
0.03047,1.58398,0
2.88042,-1.58129,0
0.1507,1.49243,0
2.46609,-1.4872,0
0.96165,1.4188,0
3.1573,-1.55249,0
0.95562,1.40817,0
0.27168,1.56929,0
1.6146,1.25547,0
1.67841,-1.28199,0
3.18285,-1.52509,0
3.55964,-0.17402,0
-0.61232,-0.70824,0
0.1759,1.53958,0
3.25374,-1.48772,0
0.07948,1.60058,0
3.67376,0.49724,0
-0.60834,-0.6989,0
1.57413,-1.27442,0
0.07103,1.49573,0
1.13578,1.3724,0
3.61169,0.11685,0
2.27156,-1.45287,0
-0.64506,-0.65503,0
1.10919,1.38351,0
0.04525,1.46491,0
0.99466,1.4014,0
3.08402,-1.46705,0
0.31273,1.52751,0
3.03846,-1.5465,0
0.05689,1.46755,0
1.97197,-1.37522,0
0.61561,1.40095,0
2.63081,-1.53634,0
0.26238,1.47631,0
0.15415,1.50855,0
3.19654,-1.50599,0
3.73793,0.69258,0
1.07198,1.35375,0
-0.52996,-0.15226,0
2.43128,-1.41804,0
-0.56804,-0.32778,0
1.18466,1.36314,0
2.04173,-1.39136,0
3.04035,-1.50004,0
3.16636,-1.49844,0
0.18598,1.48219,0
3.0626,-1.59636,0
3.68088,0.50052,0
3.72077,0.68778,0
2.97723,-1.62248,0
0.77065,1.39737,0
3.68639,0.4563,0
2.94075,-1.60271,0
3.61601,0.05191,0
2.46241,-1.3939,0
2.76066,-1.50897,0
3.60436,0.0492,0
2.87162,-1.55695,0
2.13973,-1.38569,0
3.70773,0.43838,0
0.6455,1.38772,0
3.12081,-1.51853,0
2.81637,-1.49016,0
2.18977,-1.39864,0
1.24837,1.32897,0
3.68638,0.41397,0
-0.65078,-0.68927,0
1.85611,-1.31291,0
0.75895,1.38329,0
2.50185,-1.42082,0
-0.60049,-0.66666,0
3.04074,-1.58766,0
0.19294,1.55669,0
0.88109,1.35273,0
0.03384,1.60643,0
-0.04442,1.61965,0
0.87571,1.40363,0
2.97163,-1.49231,0
1.4438,-1.25293,0
0.08846,1.51029,0
0.04854,1.60482,0
0.07685,1.53363,0
0.43788,1.49567,0
2.34987,-1.37049,0
3.08573,-1.55235,0
0.25323,1.49936,0
3.20262,-1.53932,0
1.14619,1.34473,0
0.11324,1.61561,0
3.14285,-1.49334,0
0.44081,1.47531,0
2.35436,-1.36859,0
2.56585,-1.50924,0
2.09346,-1.36537,0
0.2692,1.54718,0
2.4668,-1.41578,0
0.03657,1.53751,0
2.32937,-1.37597,0
3.07123,-1.63392,0
0.89723,1.37846,0
3.0375,-1.61414,0
1.95523,-1.35823,0
0.43019,1.42328,0
1.70335,-1.30953,0
-0.04489,1.53231,0
0.18691,1.46632,0
1.26771,1.34162,0
1.57753,-1.27972,0
3.07225,-1.63184,0
2.76855,-1.5327,0
3.20054,-1.67133,0
1.85265,-1.31994,0
-0.58398,-0.49691,0
-0.6529,-0.74929,0
0.33166,1.50976,0
1.21187,1.32587,0
0.15883,1.57756,0
-0.05826,1.61807,0
1.90735,-1.32884,0
-0.57103,-0.4956,0
0.74807,1.39478,0
0.9962,1.34023,0
1.68343,-1.31076,0
2.50756,-1.4461,0
2.86696,-1.46525,0
1.95441,-1.33047,0
2.80715,-1.48312,0
2.1208,-1.37564,0
0.04726,1.56197,0
0.40671,1.42917,0
2.86236,-1.59414,0
0.80214,1.44026,0
2.82975,-1.55129,0
-0.55342,-0.2546,0
3.77824,0.70531,0
2.89402,-1.44449,0
3.11025,-1.56666,0
2.45517,-1.40262,0
2.24426,-1.42144,0
3.74226,0.73747,0
-0.60065,-0.72251,0
0.92677,1.39011,0
0.24705,1.52191,0
0.1078,1.62151,0
2.20648,-1.41409,0
3.72542,0.6622,0
2.9707,-1.5395,0
3.15012,-1.48575,0
3.674,0.67005,0
3.65501,0.62142,0
0.50324,1.48542,0
0.6574,1.46093,0
1.03761,1.3454,0
0.24935,1.54585,0
3.09134,-1.53487,0
3.09901,-1.57342,0
0.44286,1.44218,0
3.21472,-1.49866,0
-0.55907,-0.44105,0
3.59612,0.02507,0
2.94817,-1.52485,0
0.06805,1.53931,0
3.0541,-1.50978,0
0.70799,1.38715,0
3.66902,0.4631,0
2.30292,-1.46411,0
3.68036,0.67589,0
0.82265,1.4096,0
0.93423,1.37434,0
-0.54474,-0.21093,0
2.63945,-1.46495,0
0.85652,1.36164,0
3.65437,0.56847,0
0.67371,1.42196,0
2.59807,-1.45376,0
0.66672,1.48652,0
2.96607,-1.58179,0
-0.60152,-0.64487,0
0.61653,1.41584,0
3.19998,-1.54244,0
0.94271,1.4115,0
3.7408,0.68127,0
2.387,-1.48057,0
3.17091,-1.60562,0
2.67135,-1.45335,0
3.1468,-1.55561,0
2.85872,-1.57886,0
3.56575,-0.14482,0
0.64136,1.48008,0
2.45344,-1.42153,0
-0.59806,-0.69602,0
0.84101,1.43364,0
3.7367,0.65978,0
2.65452,-1.41609,0
-0.08064,1.58698,0
2.12385,-1.36312,0
2.74133,-1.41946,0
0.6322,1.42531,0
1.42845,1.31344,0
0.15676,1.60594,0
3.75692,0.65801,0
2.60635,-1.43809,0
2.82452,-1.52536,0
2.55607,-1.50356,0
0.55192,1.42082,0
0.79517,1.4068,0
3.65778,0.32459,0
-0.61069,-0.71417,0
0.93132,1.41293,0
2.38699,-1.46351,0
-0.58177,-0.38138,0
3.04719,-1.55775,0
2.94104,-1.51292,0
2.71435,-1.41683,0
2.77272,-1.42427,0
2.76343,-1.43322,0
3.22486,-1.51105,0
2.51559,-1.44185,0
2.25894,-1.4228,0
1.08319,1.35336,0
3.59151,0.09819,0
-0.50819,-0.04809,0
0.44941,1.44536,0
1.12781,1.3589,0
0.94359,1.39881,0
2.3087,-1.41994,0
2.01322,-1.36032,0
2.39014,-1.4465,0
2.05168,-1.40331,0
3.77588,0.69099,0
0.46875,1.48776,0
1.14422,1.38125,0
3.7775,0.73323,0
1.59533,-1.29755,0
0.46767,1.54805,0
3.10146,-1.52336,0
2.15973,-1.37831,0
3.15359,-1.56188,0
0.66333,1.40805,0
2.80384,-1.49687,0
-0.65236,-0.67965,0
0.627,1.41093,0
-0.56886,-0.40368,0
0.21456,1.46101,0
2.31993,-1.47353,0
0.68697,1.39809,0
3.55436,-0.20052,0
1.36625,1.31138,0
2.59805,-1.53985,0
3.16229,-1.65959,0
2.49691,-1.39079,0
0.75129,1.47045,0
0.72882,1.46162,0
0.30212,1.58148,0
-0.08739,1.52143,0
0.58182,1.43741,0
0.51478,1.42393,0
-0.56382,-0.31961,0
3.65693,0.22573,0
2.21056,-1.43051,0
2.26311,-1.45793,0
3.71245,0.39507,0
3.19371,-1.53694,0
0.38735,1.55853,0
2.99801,-1.54973,0
2.50762,-1.40767,0
0.75779,1.36902,0
0.43876,1.42062,0
0.22899,1.58775,0
0.7177,1.42298,0
-0.56476,-0.49794,0
-0.04211,1.56319,0
3.58273,0.00237,0
2.55251,-1.51777,0
2.60219,-1.40605,0
3.13237,-1.57116,0
0.12122,1.52779,0
1.49825,1.27233,0
1.33336,1.30848,0
2.01023,-1.34169,0
2.78019,-1.438,0
0.20188,1.47046,0
3.72448,0.55258,0
2.45626,-1.41143,0
2.99484,-1.60092,0
3.61755,0.13859,0
2.74582,-1.44071,0
2.52928,-1.4235,0
0.673,1.44525,0
0.0563,1.49984,0
2.89572,-1.57426,0
0.50219,1.48475,0
0.64736,1.4545,0
2.52186,-1.42885,0
0.73238,1.43456,0
1.18667,1.34247,0
2.27483,-1.41874,0
3.62604,0.16244,0
2.36573,-1.42018,0
1.32266,1.33464,0
0.41452,1.52379,0
3.14373,-1.63421,0
2.94694,-1.54583,0
0.99245,1.41478,0
3.67935,0.35844,0
3.68991,0.41154,0
-0.61844,-0.54406,0
2.06428,-1.34438,0
0.05453,1.57124,0
1.99921,-1.33976,0
1.42249,1.29934,0
3.03642,-1.48441,0
2.70542,-1.42307,0
3.02981,-1.59958,0
0.98467,1.40217,0
1.48534,-1.25723,0
2.58162,-1.45141,0
3.68497,0.32008,0
3.17378,-1.52573,0
-0.54318,-0.19199,0
3.08509,-1.65001,0
3.75921,0.63512,0
3.10853,-1.55617,0
3.06443,-1.62486,0
3.70834,0.69477,0
2.68534,-1.54047,0
2.89186,-1.52299,0
0.58652,1.43871,0
0.185,1.53657,0
1.68264,-1.28155,0
3.67276,0.33148,0
0.57812,1.4066,0
2.06969,-1.35696,0
2.38487,-1.39723,0
0.91095,1.3734,0
3.02211,-1.59675,0
3.19129,-1.6049,0
1.22061,1.31031,0
-0.03341,1.59946,0
3.68673,0.6439,0
2.28905,-1.43946,0
2.87641,-1.4489,0
3.73826,0.56826,0
3.1478,-1.602,0
1.32496,1.31531,0
3.0736,-1.53591,0
0.14778,1.44983,0
-0.5563,-0.39913,0
1.82404,-1.33732,0
2.80508,-1.44014,0
1.99645,-1.3888,0
0.31597,1.51644,0
3.1025,-1.46907,0
0.52268,1.44296,0
0.28589,1.50435,0
1.88783,-1.33278,0
1.03856,1.36574,0
2.65088,-1.40844,0
3.17805,-1.60964,0
-0.05674,1.55109,0
2.69094,-1.44304,0
3.60941,0.10863,0
2.03989,-1.39649,0
1.3996,1.31217,0
-0.09067,1.58622,0
0.03063,1.65202,0
0.84386,1.36884,0
0.08382,1.57684,0
-0.55995,-0.48859,0
2.78071,-1.58496,0
2.90146,-1.55482,0
2.86858,-1.57043,0
3.00685,-1.5961,0
2.07381,-1.39093,0
-0.00338,1.64284,0
1.44578,1.28105,0
-0.58399,-0.52065,0
-0.55489,-0.40921,0
2.14122,-1.42354,0
2.48649,-1.40074,0
0.69515,1.48617,0
0.28046,1.50108,0
3.02985,-1.61067,0
-0.07679,1.51013,0
1.76675,-1.28977,0
-0.60579,-0.55329,0
0.77413,1.38867,0
2.54815,-1.42968,0
0.39064,1.52057,0
3.5922,0.01788,0
2.50877,-1.51267,0
-0.58175,-0.4211,0
0.00879,1.62931,0
3.1536,-1.63327,0
3.79121,0.73709,0
0.31542,1.53606,0
-0.60336,-0.45476,0
3.70764,0.46974,0
0.49859,1.51238,0
-0.51352,-0.09175,0
3.1975,-1.67567,0
0.03643,1.50688,0
-0.51723,-0.12365,0
1.0754,1.39317,0
2.58513,-1.40561,0
0.37466,1.49286,0
1.85793,-1.34865,0
2.19821,-1.34858,0
0.8034,1.46568,0
1.34608,1.32578,0
0.86056,1.36661,0
2.4535,-1.48937,0
0.68864,1.3841,0
0.47717,1.41774,0
3.74578,0.60724,0
0.09497,1.46181,0
1.82718,-1.3077,0
0.99534,1.39916,0
-0.6151,-0.59207,0
3.75372,0.64558,0
2.74011,-1.49789,0
-0.00347,1.60123,0
0.0088,1.53157,0
3.64291,0.14353,0
2.04651,-1.34194,0
-0.58909,-0.59905,0
3.57475,-0.13912,0
3.05325,-1.62737,0
2.00823,-1.33538,0
2.86759,-1.52572,0
0.02448,1.61024,0
2.69693,-1.50617,0
2.00434,-1.34202,0
0.74244,1.46152,0
2.6015,-1.40945,0
0.63731,1.46408,0
3.59807,0.0858,0
-0.5484,-0.22698,0
3.16278,-1.57954,0
1.66323,-1.29037,0
1.44564,1.2973,0
0.13724,1.50276,0
2.99149,-1.58162,0
3.65651,0.36549,0
-0.59705,-0.73343,0
3.15717,-1.60201,0
2.94133,-1.58288,0
0.72804,1.39473,0
1.19441,1.32009,0
3.64038,0.5045,0
0.95229,1.35409,0
2.70355,-1.50071,0
-0.57226,-0.4476,0
2.19579,-1.37945,0
0.87905,1.35755,0
2.89042,-1.60933,0
2.65592,-1.51671,0
3.62868,0.05165,0
2.72983,-1.51783,0
2.91199,-1.5286,0
2.82806,-1.58735,0
0.62182,1.41819,0
0.32877,1.52497,0
-0.00224,1.51822,0
-0.58875,-0.6853,0
2.98767,-1.45162,0
3.63437,0.40805,0
2.62202,-1.46896,0
3.07225,-1.56226,0
-0.5796,-0.3791,0
2.23115,-1.45157,0
-0.00533,1.58223,0
3.6197,0.12416,0
1.11905,1.324,0
2.50685,-1.48092,0
-0.54007,-0.22507,0
1.19185,1.3188,0
-0.01566,1.55122,0
-0.01313,1.50776,0
-0.0141,1.62266,0
0.144,1.59271,0
0.24422,1.51325,0
3.61495,0.32342,0
0.53151,1.45847,0
-0.61347,-0.52979,0
0.22481,1.60622,0
-0.53381,-0.2795,0
2.77805,-1.53785,0
0.58746,1.39391,0
1.11814,1.32179,0
-0.64359,-0.63677,0
-0.10898,1.57204,0
3.19838,-1.50076,0
1.44471,1.27637,0
0.22357,1.57621,0
0.47902,1.54055,0
2.25427,-1.43764,0
3.64821,0.29143,0
0.68613,1.43709,0
3.56867,-0.04634,0
2.70492,-1.53438,0
0.55824,1.4571,0
3.66743,0.72084,0
2.83238,-1.4554,0
0.90133,1.38166,0
0.61537,1.50462,0
0.32143,1.53408,0
0.6361,1.4503,0
3.73889,0.70183,0
0.85856,1.39008,0
0.22445,1.49987,0
2.67645,-1.50819,0
2.32907,-1.46951,0
-0.57207,-0.54473,0
-0.65453,-0.69876,0
0.33711,1.4882,0
1.96111,-1.318,0
0.04491,1.64803,0
2.18383,-1.40327,0
1.68566,-1.2785,0
2.05261,-1.34625,0
2.70314,-1.54496,0
2.6464,-1.47615,0
-0.59713,-0.50384,0
1.60113,1.25835,0
0.19314,1.48886,0
1.73022,-1.31037,0
1.2968,1.33852,0
2.13149,-1.35222,0
1.16097,1.31421,0
1.79735,-1.30457,0
2.52896,-1.45195,0
3.02809,-1.63425,0
-0.07961,1.4815,0
0.81857,1.4071,0
2.42391,-1.46198,0
1.41493,1.31245,0
0.00028,1.54651,0
0.95398,1.35771,0
2.65366,-1.49149,0
0.91707,1.35285,0
2.3103,-1.46679,0
2.93513,-1.62351,0
0.71291,1.4608,0
1.62319,1.26176,0
0.51279,1.41775,0
0.29149,1.4741,0
0.40062,1.55041,0
3.64905,0.16904,0
2.99795,-1.58866,0
0.0931,1.51026,0
0.3113,1.5746,0
2.17566,-1.3925,0
3.6145,0.12185,0
1.42228,1.28299,0
0.33743,1.55724,0
2.92869,-1.49015,0
0.4657,1.43699,0
0.84271,1.44184,0
3.67703,0.45856,0
3.63891,0.37411,0
-0.01378,1.58606,0
1.92239,-1.34994,0
-0.61162,-0.64298,0
0.62958,1.42956,0
2.11003,-1.35183,0
1.28071,1.337,0
0.46696,1.42672,0
-0.56721,-0.35288,0
2.51039,-1.50696,0
1.60379,1.27143,0
0.34733,1.54293,0
0.4674,1.46283,0
2.95623,-1.47616,0
2.70227,-1.41747,0
1.16206,1.33697,0
3.00337,-1.58278,0
-0.64021,-0.7127,0
3.18324,-1.64269,0
2.00421,-1.33279,0
3.20442,-1.62658,0
-0.51483,-0.0674,0
3.07809,-1.53461,0
-0.11219,1.56259,0
3.73372,0.53743,0
0.05727,1.54666,0
2.83652,-1.4654,0
2.90181,-1.5598,0
3.02261,-1.53231,0
-0.54647,-0.19721,0
2.52476,-1.43194,0
2.76493,-1.47593,0
-0.00565,1.65053,0
1.16455,1.33889,0
0.63337,1.38679,0
3.60184,0.10805,0
3.0294,-1.57195,0
3.07193,-1.52996,0
2.21373,-1.41218,0
2.4586,-1.45084,0
0.66316,1.39778,0
3.59976,0.09988,0
0.29276,1.48414,0
-0.58785,-0.65228,0
0.51645,1.43096,0
0.64867,1.40657,0
0.90197,1.43988,0
3.18911,-1.5069,0
0.87206,1.43376,0
0.17733,1.54074,0
3.68624,0.76148,0
0.28776,1.49919,0
2.16138,-1.3898,0
3.62051,0.131,0
0.52913,1.39738,0
3.10165,-1.57991,0
0.04137,1.57516,0
-0.01695,1.5012,0
1.92047,-1.33103,0
2.80764,-1.43566,0
3.01148,-1.51372,0
3.68882,0.61445,0
2.69477,-1.43064,0
0.34602,1.53934,0
0.18775,1.5861,0
-0.02093,1.50902,0
3.62572,0.34618,0
3.164,-1.47878,0
2.45851,-1.49473,0
2.56188,-1.42091,0
2.49565,-1.40846,0
3.70131,0.44653,0
2.57657,-1.40412,0
3.00535,-1.61397,0
-0.00707,1.60972,0
2.07843,-1.4038,0
1.81916,-1.3202,0
3.18198,-1.66132,0
1.15836,1.32136,0
0.44718,1.46523,0
2.36359,-1.39053,0
3.03307,-1.54517,0
3.64378,0.11788,0
3.70618,0.57375,0
2.28685,-1.41583,0
0.88645,1.4074,0
0.14595,1.57354,0
-0.05848,1.51131,0
0.13015,1.47739,0
-0.60678,-0.63685,0
1.12634,1.34371,0
2.95595,-1.49076,0
0.31837,1.50679,0
2.06609,-1.39173,0
1.14693,1.33091,0
2.79824,-1.47023,0
0.20164,1.5748,0
-0.63217,-0.63686,0
0.04416,1.59767,0
0.47224,1.46759,0
0.00062,1.58061,0
3.56791,-0.0496,0
1.27039,1.34645,0
2.36305,-1.39753,0
0.91432,1.39285,0
2.77227,-1.53434,0
0.36087,1.53482,0
3.06738,-1.58513,0
0.76922,1.45988,0
1.39779,1.3202,0
2.24454,-1.35747,0
0.464,1.49181,0
-0.54154,-0.3179,0
2.21273,-1.39303,0
0.67514,1.46907,0
2.02192,-1.37724,0
3.62766,0.35219,0
3.1056,-1.60304,0
-0.63892,-0.64417,0
2.9539,-1.51457,0
3.73181,0.53014,0
0.99983,1.3534,0
0.15062,1.50915,0
3.19871,-1.54173,0
1.23393,1.35648,0
-0.58004,-0.47673,0
-0.56709,-0.38011,0
1.58188,1.26452,0
2.61556,-1.49878,0
3.72046,0.55212,0
0.85164,1.38002,0
0.0276,1.51585,0
0.75939,1.43445,0
1.40715,1.29448,0
0.28556,1.54242,0
2.67817,-1.51057,0
1.39656,1.30722,0
0.02269,1.55186,0
3.55795,-0.1606,0
3.04381,-1.47428,0
0.31017,1.4854,0
1.32028,1.31212,0
2.4039,-1.37781,0
-0.05969,1.67257,0
0.59729,1.44502,0
3.75473,0.6217,0
3.65098,0.2405,0
1.12131,1.32656,0
3.19374,-1.49591,0
1.42008,1.30559,0
2.56587,-1.5308,0
-0.67041,-0.73913,0
0.88553,1.40129,0
2.03759,-1.32658,0
0.64269,1.45323,0
2.27464,-1.39557,0
2.89311,-1.46157,0
2.74243,-1.48785,0
3.65669,0.48095,0
0.35319,1.47409,0
0.50335,1.50805,0
3.09338,-1.57272,0
2.9248,-1.50796,0
0.06151,1.50948,0
3.74121,0.63039,0
3.64836,0.36373,0
2.8499,-1.44125,0
0.55867,1.40862,0
2.7857,-1.58506,0
0.38903,1.47263,0
3.75036,0.65613,0
2.23744,-1.37594,0
3.68206,0.42118,0
2.98218,-1.47773,0
3.74562,0.6886,0
-0.65684,-0.72448,0
2.938,-1.44607,0
0.18146,1.49269,0
2.51525,-1.50807,0
2.22739,-1.44849,0
1.80162,-1.32087,0
0.36999,1.47138,0
1.23611,1.35293,0
0.31769,1.42959,0
3.0501,-1.63708,0
2.90339,-1.51893,0
2.38803,-1.45776,0
2.32012,-1.42121,0
1.62605,1.26117,0
-0.54632,-0.25552,0
2.68674,-1.45627,0
2.17558,-1.39564,0
2.68244,-1.49935,0
2.48949,-1.40766,0
2.60526,-1.48436,0
3.68427,0.29231,0
-0.58318,-0.42823,0
0.29611,1.58746,0
2.56548,-1.42668,0
0.81298,1.45059,0
1.06322,1.39288,0
2.6515,-1.54843,0
2.40574,-1.43163,0
-0.06574,1.64604,0
0.01644,1.62039,0
0.85923,1.43101,0
2.70774,-1.44881,0
1.60061,-1.27219,0
0.58621,1.40284,0
2.88609,-1.50258,0
3.64317,0.36768,0
3.71962,0.49258,0
2.72123,-1.56199,0
3.16593,-1.52002,0
3.03802,-1.48528,0
2.36593,-1.46355,0
3.75808,0.57943,0
1.79337,-1.34467,0
2.14028,-1.37705,0
3.68409,0.40741,0
3.7547,0.72616,0
0.9459,1.35555,0
-0.05772,1.61459,0
1.54121,1.28359,0
2.4986,-1.45781,0
2.51689,-1.44104,0
-0.09534,1.6221,0
2.44999,-1.43031,0
0.33074,1.47774,0
1.94413,-1.33806,0
0.88839,1.35598,0
0.21765,1.52869,0
2.8979,-1.56079,0
2.6425,-1.54144,0
2.3172,-1.4469,0
1.97211,-1.38029,0
0.85611,1.4291,0
2.33952,-1.46629,0
2.08752,-1.37465,0
0.39142,1.44378,0
2.71456,-1.48992,0
1.59012,-1.26655,0
0.32092,1.50926,0
3.69956,0.74384,0
0.81179,1.4085,0
3.66797,0.24905,0
-0.61493,-0.51029,0
0.28347,1.53211,0
0.65671,1.38907,0
3.6759,0.66948,0
3.58866,0.03034,0
2.07736,-1.39128,0
-0.60068,-0.4489,0
3.73398,0.73218,0
0.1229,1.48053,0
0.54162,1.49307,0
1.91698,-1.3151,0
3.12623,-1.5645,0
1.11564,1.33202,0
-0.5501,-0.40894,0
-0.6191,-0.7178,0
3.62784,0.06441,0
2.54984,-1.5236,0
3.2139,-1.49879,0
1.25949,1.3554,0
-0.58101,-0.41412,0
2.50191,-1.45745,0
3.74848,0.56858,0
2.15585,-1.37981,0
0.14241,1.61966,0
2.71682,-1.49549,0
3.70627,0.66366,0
-0.00282,1.51299,0
-0.55945,-0.31641,0
0.73901,1.44175,0
2.23128,-1.40941,0
2.61055,-1.50205,0
3.5666,-0.05735,0
2.63347,-1.45949,0
0.74737,1.43021,0
0.4369,1.53196,0
-0.00456,1.48906,0
3.66305,0.37475,0
0.41372,1.47488,0
2.7042,-1.45536,0
1.18643,1.35333,0
0.52527,1.46539,0
2.44714,-1.44253,0
3.18308,-1.68373,0
2.90997,-1.49449,0
0.08349,1.45942,0
2.9184,-1.52933,0
2.68424,-1.42327,0
3.62512,0.0517,0
2.0466,-1.36996,0
1.9618,-1.3409,0
-0.04583,1.64522,0
0.60553,1.44318,0
1.70998,-1.32299,0
1.54603,1.28009,0
1.24852,1.31837,0
2.12237,-1.42457,0
0.24613,1.46689,0
1.17688,1.33652,0
3.76697,0.72591,0
-0.00336,1.50306,0
2.15739,-1.44502,0
-0.64485,-0.5417,0
0.00599,1.67752,0
0.18888,1.65334,0
0.61798,1.54072,0
3.56186,-0.25581,0
3.74937,0.53903,0
0.30605,1.6005,0
3.61106,-0.06672,0
2.99244,-1.65291,0
2.11359,-1.42615,0
3.64148,0.05882,0
1.28995,1.35796,0
1.14222,1.39829,0
3.78646,0.60525,0
3.65231,0.10841,0
3.72094,0.42355,0
2.24974,-1.46479,0
1.80707,-1.35215,0
2.37187,-1.48861,0
2.72099,-1.59125,0
0.0952,1.65539,0
0.91357,1.44949,0
2.18626,-1.44884,0
3.60342,-0.08353,0
0.61412,1.53072,0
1.17195,1.38961,0
2.62162,-1.56737,0
-0.64386,-0.54806,0
-0.54707,-0.18501,0
3.17693,-1.70767,0
0.89567,1.45141,0
2.07113,-1.42589,0
0.16033,1.64801,0
1.21791,1.37266,0
1.01166,1.42505,0
3.64251,0.05333,0
3.17105,-1.69864,0
3.68284,0.25751,0
2.71513,-1.59676,0
2.48847,-1.53199,0
3.6743,0.22648,0
2.69194,-1.57021,0
-0.58352,-0.29958,0
0.3903,1.57167,0
-0.68213,-0.69181,0
0.3151,1.60598,0
2.19129,-1.45423,0
0.5989,1.5245,0
0.10523,1.63895,0
0.7582,1.48377,0
2.61637,-1.54837,0
2.88794,-1.61279,0
1.52273,-1.2813,0
-0.62113,-0.44769,0
3.80038,0.68211,0
3.09842,-1.6764,0
0.9589,1.451,0
1.73146,-1.33586,0
2.75852,-1.60825,0
3.05751,-1.67831,0
0.65616,1.53068,0
3.76831,0.59319,0
3.72452,0.38707,0
0.42421,1.58043,0
1.75796,-1.3404,0
3.02502,-1.66877,0
1.05041,1.41226,0
2.77927,-1.59529,0
2.99543,-1.66453,0
3.70832,0.30138,0
0.04364,1.6858,0
-0.61318,-0.43104,0
2.10867,-1.43574,0
0.71144,1.49543,0
3.69064,0.23583,0
2.17831,-1.44698,0
2.44352,-1.51693,0
-0.0205,1.6751,0
3.05224,-1.6849,0
2.30479,-1.47679,0
1.00886,1.42712,0
1.39592,1.33074,0
0.1843,1.6417,0
3.58877,-0.12757,0
0.23536,1.62435,0
2.08515,-1.42902,0
3.57414,-0.20466,0
-0.63157,-0.52092,0
3.70065,0.32061,0
3.12728,-1.67489,0
-0.53894,-0.14351,0
0.89064,1.45198,0
-0.6717,-0.68456,0
1.91162,-1.38123,0
0.28139,1.61487,0
0.58922,1.54216,0
-0.6033,-0.40079,0
0.10306,1.66157,0
2.95316,-1.6543,0
0.74973,1.4836,0
1.07037,1.40317,0
2.06444,-1.4178,0
3.00939,-1.64524,0
3.15705,-1.69217,0
2.22066,-1.4634,0
0.08936,1.66326,0
0.07647,1.65506,0
-0.02842,1.67312,0
3.77999,0.59143,0
-0.61207,-0.41815,0
1.81815,-1.35511,0
2.27135,-1.47076,0
3.67194,0.17936,0
3.67764,0.18076,0
2.75269,-1.59435,0
3.67704,0.18954,0
3.05617,-1.66927,0
3.69143,0.27997,0
2.79638,-1.60434,0
3.1205,-1.68895,0
0.16769,1.65353,0
2.66801,-1.56183,0
0.98961,1.43547,0
3.55618,-0.27557,0
2.17442,-1.45154,0
2.97013,-1.66096,0
0.49936,1.57145,0
3.6114,-0.06914,0
2.85264,-1.62761,0
0.04735,1.67496,0
3.63129,0.04973,0
3.65861,0.14782,0
3.74711,0.48911,0
3.81054,0.69543,0
2.82386,-1.61464,0
3.05183,-1.65928,0
0.06764,1.6817,0
0.62906,1.52955,0
-0.65511,-0.63278,0
0.35774,1.59669,0
3.6789,0.18652,0
2.6388,-1.57021,0
0.0252,1.66594,0
0.92793,1.44683,0
0.95186,1.43829,0
3.61815,-0.00702,0
-0.61692,-0.47796,0
0.29131,1.62369,0
2.70161,-1.5912,0
-0.65861,-0.5973,0
1.31705,1.35351,0
1.30241,1.35391,0
2.92665,-1.65202,0
0.34008,1.59529,0
1.06493,1.41957,0
0.92329,1.45489,0
0.84334,1.4651,0
2.62221,-1.55859,0
2.87982,-1.62036,0
-0.55444,-0.19721,0
2.46637,-1.52621,0
2.79249,-1.61532,0
3.06919,-1.68594,0
0.9306,1.43837,0
-0.57628,-0.31339,0
0.13901,1.65043,0
0.07312,1.68452,0
0.03851,1.66644,0
0.11,1.64495,0
-0.66639,-0.67687,0
-0.65291,-0.55805,0
2.61565,-1.57073,0
0.33595,1.61081,0
2.40656,-1.49983,0
2.0428,-1.40933,0
3.12048,-1.66911,0
3.04664,-1.67437,0
0.54831,1.54663,0
1.1506,1.38527,0
2.83959,-1.62692,0
3.78405,0.66849,0
-0.01407,1.67831,0
1.00848,1.41862,0
0.25616,1.61258,0
3.74526,0.43878,0
2.88123,-1.6281,0
-0.63972,-0.55314,0
0.15821,1.65883,0
2.31299,-1.48501,0
3.80707,0.69284,0
1.8846,-1.36838,0
-0.63121,-0.48643,0
-0.62191,-0.46527,0
0.20561,1.62031,0
0.30096,1.61397,0
3.72646,0.39262,0
1.49857,1.29967,0
0.39561,1.56879,0
3.71382,0.38476,0
3.56561,-0.23345,0
1.57198,1.28415,0
3.78354,0.66672,0
0.21841,1.63444,0
3.64746,0.10242,0
0.0325,1.66072,0
1.01364,1.42333,0
2.95153,-1.63506,0
2.96641,-1.638,0
1.64457,-1.31111,0
0.07068,1.68249,0
3.5669,-0.23942,0
3.63298,0.0155,0
-0.50933,-0.03864,0
2.99663,-1.65694,0
0.7295,1.50197,0
1.3456,1.34121,0
0.22847,1.61342,0
0.31328,1.59754,0
0.46217,1.55847,0
3.69343,0.25553,0
3.05837,-1.67631,0
0.22826,1.62764,0
0.63598,1.51758,0
1.52594,-1.28226,0
-0.63568,-0.53561,0
3.72172,0.39914,0
3.08054,-1.6619,0
1.94192,-1.38774,0
1.00086,1.43145,0
3.74061,0.49235,0
2.46201,-1.51434,0
3.64813,0.08873,0
0.17175,1.6509,0
0.43341,1.58591,0
0.87026,1.46353,0
1.37756,1.33851,0
3.5576,-0.27095,0
3.78027,0.61678,0
0.27424,1.63124,0
0.21028,1.63768,0
2.46146,-1.51292,0
0.01441,1.673,0
-0.58365,-0.33963,0
3.08962,-1.67837,0
2.16776,-1.43829,0
1.44613,1.3204,0
-0.65102,-0.59095,0
3.78657,0.6104,0
3.1721,-1.68984,0
1.72504,-1.33225,0
2.14842,-1.4434,0
-0.65826,-0.58282,0
0.23422,1.60977,0
-0.0565,1.69414,0
0.46828,1.5582,0
0.4276,1.5746,0
1.33849,1.33979,0
0.18921,1.65013,0
0.29811,1.61646,0
3.63252,0.03607,0
1.08069,1.40401,0
3.1023,-1.67436,0
2.16454,-1.43818,0
0.74866,1.48134,0
0.00173,1.70034,0
0.33721,1.58257,0
3.75516,0.52859,0
0.10778,1.67196,0
2.6409,-1.55785,0
3.69522,0.29915,0
0.45364,1.57459,0
3.02915,-1.64796,0
-0.00692,1.67229,0
-0.68869,-0.69438,0
3.74755,0.46713,0
3.7071,0.29536,0
0.81509,1.46702,0
3.01123,-1.65284,0
2.83779,-1.60361,0
3.70827,0.32717,0
3.63195,0.04766,0
-0.63948,-0.47688,0
-0.66706,-0.52359,0
3.07009,-1.70171,0
0.46986,1.60477,0
3.77976,0.54464,0
0.25092,1.69616,0
0.30188,1.65733,0
-0.68117,-0.58861,0
-0.62465,-0.4436,0
0.8547,1.48486,0
-0.00574,1.71822,0
3.04125,-1.69603,0
0.08253,1.71589,0
2.97397,-1.72858,0
1.26626,1.38212,0
1.77185,-1.35025,0
2.51863,-1.57882,0
2.07316,-1.43251,0
3.06682,-1.69194,0
0.65149,1.55568,0
0.65948,1.55946,0
1.81974,-1.38195,0
0.44318,1.60061,0
2.66052,-1.60796,0
3.57733,-0.22782,0
2.97304,-1.70543,0
3.69739,0.25376,0
-0.61143,-0.29815,0
2.33553,-1.50326,0
-0.55162,-0.12008,0
0.97939,1.45919,0
2.23935,-1.49102,0
2.71807,-1.60289,0
2.30699,-1.50906,0
3.8175,0.57635,0
3.56034,-0.27036,0
2.63712,-1.57924,0
0.50314,1.60846,0
1.00817,1.46367,0
3.77638,0.52127,0
0.69125,1.54274,0
2.13531,-1.45773,0
2.73026,-1.60458,0
2.10332,-1.45772,0
3.0379,-1.69424,0
3.79814,0.53419,0
0.90049,1.50047,0
0.36765,1.64571,0
3.80606,0.59426,0
2.88241,-1.67835,0
-0.657,-0.55483,0
2.71742,-1.63806,0
2.92958,-1.65869,0
3.06323,-1.70678,0
0.9214,1.47465,0
1.95771,-1.41847,0
2.24971,-1.47682,0
2.85411,-1.65608,0
-0.66823,-0.48871,0
0.68673,1.55113,0
3.07923,-1.72912,0
0.50303,1.60037,0
0.18072,1.67388,0
2.95799,-1.68464,0
2.34921,-1.53902,0
1.66816,1.27074,0
0.77737,1.52484,0
1.97273,-1.41049,0
0.60769,1.58879,0
3.7787,0.48403,0
0.89951,1.4969,0
-0.6105,-0.39122,0
2.90102,-1.65285,0
3.79699,0.50082,0
0.76835,1.5301,0
1.59984,-1.3046,0
-0.64616,-0.47467,0
3.74068,0.37232,0
3.11128,-1.70366,0
2.41057,-1.52563,0
1.14598,1.41036,0
2.57681,-1.584,0
-0.56032,-0.16797,0
0.30828,1.67369,0
0.43785,1.63835,0
2.61978,-1.62178,0
2.96457,-1.69987,0
0.45864,1.59096,0
2.95877,-1.71809,0
3.06355,-1.70087,0
3.66305,0.1194,0
-0.5491,-0.1495,0
1.96108,-1.4086,0
-0.67183,-0.62246,0
2.99778,-1.70936,0
-0.60277,-0.28625,0
1.06529,1.42562,0
1.67084,1.26664,0
3.08491,-1.6978,0
3.56849,-0.26668,0
3.76929,0.50225,0
2.44431,-1.56987,0
1.16234,1.41778,0
0.28343,1.64587,0
3.09858,-1.74601,0
-0.63741,-0.46714,0
2.6072,-1.5868,0
2.04051,-1.42096,0
3.75378,0.40905,0
1.27173,1.37658,0
0.36258,1.64647,0
2.59572,-1.6106,0
2.08346,-1.4529,0
0.28735,1.68146,0
0.11762,1.73475,0
3.74088,0.39617,0
3.57955,-0.21256,0
2.98411,-1.70786,0
2.59462,-1.57913,0
3.79244,0.5055,0
0.58428,1.55444,0
0.56668,1.56071,0
0.77217,1.50553,0
1.97934,-1.41574,0
2.27207,-1.48349,0
3.607,-0.12671,0
0.53191,1.57909,0
-0.51682,0.01285,0
-0.62165,-0.40106,0
1.60665,-1.30897,0
3.7889,0.49227,0
-0.5571,-0.12034,0
3.65059,0.0106,0
2.47242,-1.56902,0
3.80505,0.51852,0
3.78564,0.50625,0
-0.63499,-0.41,0
1.21024,1.39338,0
2.24366,-1.49898,0
0.03056,1.70685,0
2.68843,-1.63168,0
0.85542,1.51267,0
-0.5232,-0.01164,0
1.05205,1.43137,0
-0.65023,-0.45914,0
-0.5098,0.0469,0
0.56739,1.5952,0
2.89756,-1.69504,0
0.56939,1.56677,0
3.73024,0.32401,0
2.39386,-1.54476,0
0.00469,1.712,0
1.13166,1.42723,0
3.09698,-1.70756,0
0.78225,1.50596,0
1.91544,-1.40933,0
-0.55863,-0.14187,0
3.72508,0.25809,0
2.84262,-1.6669,0
3.7393,0.35279,0
2.24261,-1.48127,0
-0.54468,-0.13593,0
1.22596,1.38216,0
3.03839,-1.73832,0
1.30986,1.36449,0
1.76772,-1.35715,0
2.10739,-1.44636,0
2.58554,-1.58657,0
2.65532,-1.60795,0
3.79081,0.5764,0
3.76165,0.36841,0
2.97295,-1.69583,0
3.61813,-0.08896,0
3.75939,0.40002,0
3.68085,0.19044,0
1.70393,-1.34759,0
3.06453,-1.72588,0
2.52593,-1.55183,0
0.16831,1.69231,0
2.71646,-1.60072,0
-0.65347,-0.55713,0
3.09619,-1.70497,0
1.11607,1.42461,0
3.02954,-1.7378,0
2.41907,-1.54476,0
2.98803,-1.70374,0
1.11733,1.43526,0
3.78417,0.53245,0
2.66818,-1.58724,0
0.9521,1.46882,0
3.83017,0.6095,0
3.6301,-0.04891,0
3.58736,-0.20368,0
3.80607,0.60324,0
0.30505,1.63995,0
2.61607,-1.61207,0
1.09979,1.43936,0
0.12413,1.69171,0
-0.60995,-0.322,0
2.12701,-1.46527,0
2.57747,-1.60278,0
1.33542,1.3629,0
1.21153,1.393,0
1.60558,1.28762,0
0.49397,1.5972,0
0.64629,1.56048,0
0.51712,1.57666,0
2.72483,-1.643,0
2.11389,-1.44974,0
0.57647,1.59055,0
2.19972,-1.47464,0
0.67344,1.52975,0
2.53115,-1.57825,0
-0.61296,-0.33034,0
3.54043,-0.35565,0
2.29318,-1.48703,0
2.85243,-1.66228,0
3.78182,0.47976,0
3.67545,0.1168,0
2.36262,-1.52827,0
2.69924,-1.62094,0
0.34213,1.63271,0
0.03647,1.69816,0
1.81621,-1.37062,0
0.29171,1.67915,0
0.96798,1.46625,0
-0.57832,-0.21575,0
2.86528,-1.66625,0
1.88144,-1.38533,0
1.82225,-1.37034,0
2.71008,-1.61035,0
2.91813,-1.66688,0
-0.66489,-0.51692,0
1.92905,-1.40142,0
2.00732,-1.4241,0
0.93194,1.45848,0
2.53112,-1.55367,0
2.62611,-1.59967,0
0.83969,1.50832,0
1.84474,-1.37542,0
0.27791,1.66058,0
1.47902,1.32571,0
3.83182,0.61021,0
0.20304,1.65149,0
0.13588,1.68581,0
3.6718,0.07881,0
0.70415,1.53147,0
2.90188,-1.64863,0
-0.50223,0.06973,0
-0.62524,-0.42474,0
2.07079,-1.43323,0
0.69092,1.53666,0
-0.57342,-0.22597,0
2.89402,-1.65698,0
3.78263,0.53649,0
2.45238,-1.53495,0
0.14991,1.69739,0
3.63745,-0.03828,0
1.31303,1.376,0
2.12455,-1.45924,0
2.49524,-1.58299,0
2.76655,-1.62697,0
3.78709,0.57538,0
2.67028,-1.61624,0
-0.52155,-0.00104,0
-0.68346,-0.53307,0
-0.64247,-0.51635,0
-0.64927,-0.44829,0
3.09973,-1.74305,0
1.09617,1.43083,0
0.31578,1.66158,0
0.21465,1.65348,0
0.9461,1.46685,0
1.80548,-1.36113,0
-0.60201,-0.31846,0
0.55404,1.59231,0
0.20387,1.70354,0
1.67317,-1.33597,0
2.55326,-1.56706,0
0.73742,1.51109,0
3.74139,0.36261,0
0.28834,1.66411,0
1.39254,1.35011,0
3.09607,-1.7353,0
0.68257,1.54503,0
1.02041,1.46172,0
3.79368,0.51322,0
0.93892,1.4639,0
3.82141,0.59452,0
1.74988,-1.35907,0
2.53057,-1.57073,0
1.36497,1.35499,0
0.96538,1.47015,0
2.42787,-1.55653,0
3.69744,0.24473,0
3.72132,0.25585,0
2.75223,-1.65807,0
-0.53673,-0.07364,0
0.39837,1.59987,0
2.08316,-1.43957,0
1.87954,-1.39687,0
2.11633,-1.45526,0
0.53089,1.59757,0
0.24164,1.66912,0
3.70608,0.20852,0
-0.61985,-0.39635,0
-0.66443,-0.502,0
0.27428,1.63982,0
2.20462,-1.48525,0
1.1265,1.43213,0
0.8473,1.51374,0
1.56901,1.29409,0
2.21479,-1.49023,0
0.2364,1.66317,0
0.07181,1.69053,0
2.3923,-1.53602,0
3.58327,-0.21765,0
3.62833,-0.02261,0
1.06865,1.43805,0
3.62127,-0.05539,0
2.31691,-1.51773,0
0.14864,1.69981,0
2.82504,-1.65995,0
-0.664,-0.54059,0
-0.58131,-0.22561,0
-0.56794,-0.2184,0
3.76344,0.50342,0
-0.62653,-0.38561,0
3.78642,0.459,0
0.3168,1.64001,0
-0.56922,-0.20763,0
-0.66404,-0.59221,0
2.49602,-1.54541,0
3.67653,0.1658,0
-0.68995,-0.58711,0
2.55492,-1.57266,0
1.27379,1.39009,0
2.65487,-1.60315,0
0.26417,1.63687,0
2.98142,-1.68163,0
1.18464,1.39293,0
-0.62946,-0.40372,0
-0.57152,-0.18844,0
2.58883,-1.57494,0
2.99357,-1.71121,0
0.42044,1.59961,0
2.2246,-1.50091,0
0.30312,1.66725,0
1.79545,-1.37064,0
0.31314,1.62576,0
2.78435,-1.64209,0
0.64752,1.54621,0
0.06202,1.697,0
0.28762,1.66926,0
1.67087,-1.32732,0
0.85522,1.51035,0
0.25218,1.65916,0
0.46751,1.61154,0
2.90246,-1.64975,0
-0.57386,-0.19266,0
2.94328,-1.71824,0
3.81013,0.58017,0
2.58402,-1.58761,0
0.17683,1.68714,0
1.12917,1.42075,0
0.07247,1.69861,0
2.96186,-1.6833,0
0.22378,1.67565,0
0.43434,1.61264,0
3.70206,0.20537,0
3.67238,0.13874,0
2.36794,-1.53021,0
3.7903,0.52654,0
-0.64266,-0.40909,0
2.36042,-1.51046,0
1.29703,1.36425,0
3.77797,0.53653,0
1.04171,1.449,0
2.94749,-1.66778,0
0.16898,1.71053,0
2.08372,-1.45055,0
0.09593,1.71706,0
0.51309,1.59016,0
3.74245,0.31402,0
2.76569,-1.66449,0
1.27804,1.37729,0
0.01465,1.74208,0
0.42971,1.62156,0
2.99004,-1.691,0
1.35451,1.36439,0
1.81549,-1.3699,0
3.79801,0.59333,0
2.72318,-1.61773,0
2.36252,-1.52844,0
3.61996,-0.09592,0
0.08416,1.69138,0
3.04707,-1.72782,0
1.7777,-1.3642,0
3.54407,-0.35844,0
2.36424,-1.52014,0
-0.62955,-0.43659,0
2.98792,-1.69499,0
0.89383,1.48723,0
0.97341,1.45118,0
-0.67406,-0.56673,0
2.2683,-1.51027,0
3.66104,0.10404,0
0.22227,1.69225,0
2.6098,-1.59203,0
2.52906,-1.54837,0
2.74068,-1.612,0
3.10716,-1.71199,0
0.71019,1.52631,0
1.70139,-1.3332,0
2.23828,-1.49998,0
0.53028,1.60657,0
3.79133,0.54582,0
3.69797,0.19105,0
3.71251,0.30646,0
-0.59528,-0.25119,0
-0.56377,-0.16167,0
3.6641,0.12188,0
2.33441,-1.51309,0
3.64557,0.0173,0
2.93703,-1.71488,0
2.56654,-1.58505,0
-0.67453,-0.5855,0
3.55599,-0.31473,0
2.31755,-1.52863,0
3.64039,-0.02295,0
1.09463,1.43661,0
3.56711,-0.24795,0
2.12781,-1.45459,0
-0.6016,-0.29147,0
2.94464,-1.70404,0
-0.60875,-0.36373,0
1.34964,1.35332,0
1.5146,-1.28298,0
3.66896,0.10284,0
1.86999,-1.38021,0
2.37879,-1.53158,0
2.56918,-1.59679,0
3.69899,0.17851,0
0.25376,1.65878,0
-0.59107,-0.29604,0
0.37699,1.64947,0
3.08887,-1.726,0
0.83058,1.50074,0
1.88109,-1.3867,0
2.69315,-1.62311,0
-0.66071,-0.58081,0
-0.59164,-0.25011,0
3.01706,-1.70919,0
0.13067,1.70363,0
0.83781,1.51872,0
3.63928,0.01879,0
0.45382,1.63243,0
3.07774,-1.74121,0
0.72882,1.52631,0
2.75818,-1.65303,0
1.28281,1.36709,0
3.79286,0.4949,0
0.54187,1.57547,0
2.35431,-1.50696,0
0.61914,1.57756,0
1.101,1.42986,0
2.01258,-1.42432,0
-0.59883,-0.31049,0
2.23324,-1.49418,0
3.77878,0.43183,0
1.43559,-1.26095,0
2.90336,-1.67314,0
0.33701,1.61668,0
2.37037,-1.54634,0
2.85715,-1.66309,0
3.80351,0.62664,0
0.46183,1.60308,0
0.50638,1.57941,0
-0.673,-0.55008,0
2.15459,-1.47469,0
2.52338,-1.57117,0
1.78937,-1.35939,0
3.76286,0.38614,0
2.87032,-1.64424,0
2.95,-1.69509,0
1.18446,1.41422,0
-0.65034,-0.46405,0
-0.66091,-0.48516,0
2.07042,-1.45117,0
2.53671,-1.57996,0
0.6818,1.56249,0
3.64123,0.01285,0
3.00319,-1.68334,0
0.19566,1.70855,0
2.15811,-1.46298,0
0.13528,1.67391,0
3.05444,-1.71045,0
0.59402,1.55717,0
0.30177,1.6249,0
3.0336,-1.70379,0
3.65652,0.09411,0
2.69147,-1.6364,0
0.79593,1.5125,0
3.10169,-1.7607,0
0.15534,1.7074,0
0.42641,1.63874,0
0.11971,1.67737,0
-0.67454,-0.53392,0
0.61151,1.56581,0
2.98366,-1.71473,0
0.32557,1.67318,0
0.29814,1.66086,0
0.66291,1.56696,0
2.34583,-1.50072,0
0.8046,1.50725,0
1.63988,-1.32754,0
3.81849,0.62501,0
0.32883,1.65905,0
0.2109,1.68549,0
0.09427,1.69782,0
0.49305,1.59232,0
3.02535,-1.67979,0
2.49058,-1.56621,0
0.47393,1.58762,0
-0.02994,1.7244,0
-0.01611,1.71324,0
3.82271,0.67312,0
-0.6762,-0.6398,0
-0.03344,1.71358,0
-0.00614,1.73046,0
3.80778,0.5145,0
2.97785,-1.73086,0
3.58713,-0.21823,0
1.54202,1.31099,0
1.56401,1.30404,0
0.38149,1.65865,0
0.17701,1.72693,0
3.8259,0.58201,0
2.40216,-1.55832,0
3.72169,0.22221,0
0.57316,1.6115,0
2.01283,-1.44229,0
1.11053,1.44175,0
3.79803,0.48015,0
0.95281,1.48787,0
0.50944,1.63075,0
1.24914,1.40115,0
3.83681,0.60164,0
3.75371,0.30788,0
3.69565,0.10762,0
3.77581,0.3793,0
0.06697,1.75857,0
1.6476,1.28107,0
3.78991,0.45416,0
3.7837,0.41605,0
0.28943,1.69839,0
1.35403,1.37156,0
3.71223,0.18221,0
1.01127,1.47088,0
3.68285,0.08931,0
3.6035,-0.18403,0
2.03565,-1.44808,0
3.7182,0.21447,0
3.78536,0.42269,0
3.59576,-0.20635,0
0.2745,1.70216,0
1.23979,1.40696,0
2.72068,-1.65712,0
3.75126,0.30852,0
3.67002,0.03997,0
0.07804,1.75713,0
2.68,-1.64536,0
1.19775,1.4155,0
0.75346,1.54853,0
3.70556,0.15875,0
3.62259,-0.13354,0
2.76487,-1.66896,0
0.52069,1.61766,0
3.54543,-0.36588,0
1.09094,1.44957,0
3.54069,-0.39417,0
3.76909,0.35688,0
3.11136,-1.77237,0
0.08097,1.74795,0
2.9179,-1.7129,0
3.77017,0.35895,0
2.53412,-1.60301,0
0.21889,1.70806,0
0.92823,1.49514,0
0.9817,1.48103,0
3.55122,-0.36351,0
1.39066,1.3596,0
0.52367,1.62284,0
3.60463,-0.17013,0
0.3579,1.67381,0
0.22383,1.71175,0
3.61678,-0.12096,0
1.15482,1.42643,0
0.42468,1.64663,0
3.56029,-0.33036,0
0.63077,1.5916,0
2.64463,-1.63419,0
2.78911,-1.68095,0
1.58226,1.30239,0
3.77759,0.40601,0
3.80705,0.48627,0
2.94843,-1.73074,0
3.78243,0.41767,0
0.04381,1.77011,0
3.63268,-0.06614,0
3.59116,-0.21197,0
2.4885,-1.58579,0
2.11774,-1.47413,0
0.44608,1.64231,0
0.61291,1.58933,0
0.74895,1.55189,0
3.02535,-1.75209,0
3.06572,-1.76161,0
2.88943,-1.71088,0
3.7992,0.4914,0
1.0387,1.46408,0
3.04471,-1.75611,0
3.68812,0.11568,0
0.74252,1.55701,0
2.93123,-1.72558,0
0.41035,1.6581,0
3.71102,0.15808,0
0.41862,1.64832,0
3.65796,-0.0118,0
1.98175,-1.43364,0
0.06786,1.75297,0
0.4713,1.63953,0
3.74547,0.29253,0
1.32188,1.37685,0
0.57803,1.60069,0
0.10598,1.75196,0
0.57355,1.60881,0
2.70024,-1.64797,0
0.87048,1.5195,0
0.61801,1.59463,0
1.93654,-1.42056,0
3.70441,0.14511,0
3.60542,-0.17674,0
3.61871,-0.1251,0
2.562,-1.61127,0
2.22816,-1.50854,0
3.71044,0.18559,0
3.83402,0.58344,0
2.94313,-1.72125,0
3.04552,-1.75076,0
1.29639,1.38615,0
0.38697,1.6591,0
0.26717,1.70067,0
3.70397,0.17336,0
0.13008,1.73958,0
3.61568,-0.14234,0
3.66797,0.03251,0
1.03919,1.4681,0
2.06558,-1.47254,0
3.01678,-1.76772,0
0.94416,1.50952,0
2.23852,-1.54804,0
-0.60107,-0.21976,0
3.03514,-1.77951,0
1.20759,1.43434,0
0.65193,1.59535,0
3.80184,0.40063,0
3.78223,0.31597,0
2.96355,-1.79431,0
2.91562,-1.75386,0
-0.58073,-0.12832,0
2.35195,-1.55411,0
0.5198,1.6456,0
3.81254,0.40764,0
2.28462,-1.54841,0
2.83223,-1.73491,0
0.36513,1.71486,0
1.70055,-1.34965,0
2.74888,-1.7005,0
2.35458,-1.58461,0
3.69572,0.04027,0
2.17909,-1.49718,0
0.26923,1.72303,0
0.37767,1.68619,0
2.82863,-1.72605,0
3.62787,-0.13843,0
1.24629,1.42149,0
2.08983,-1.48891,0
1.42187,1.35528,0
3.63864,-0.09175,0
0.45673,1.67176,0
1.79513,-1.3902,0
2.44211,-1.58049,0
3.72057,0.11768,0
1.86273,-1.41836,0
2.88759,-1.74662,0
0.61739,1.61012,0
2.84698,-1.7137,0
-0.68848,-0.45667,0
2.71282,-1.69155,0
0.31337,1.74447,0
1.74838,-1.37829,0
1.25055,1.41475,0
1.6051,1.30006,0
3.7781,0.32324,0
2.59727,-1.63435,0
0.87672,1.53986,0
1.94306,-1.44523,0
2.32542,-1.55829,0
2.37065,-1.57904,0
2.80357,-1.73011,0
2.97334,-1.76311,0
-0.58891,-0.17275,0
1.15949,1.45692,0
1.1707,1.44502,0
1.52916,1.32371,0
3.73135,0.1534,0
2.5433,-1.60992,0
0.41306,1.694,0
1.98149,-1.4479,0
2.93502,-1.73261,0
2.75798,-1.6931,0
0.8284,1.54787,0
-0.59764,-0.20886,0
1.82862,-1.39134,0
0.34456,1.70315,0
1.04273,1.48934,0
3.83713,0.48822,0
0.30882,1.69761,0
2.84537,-1.74887,0
-0.54139,-0.01158,0
-0.69913,-0.47902,0
3.78237,0.33248,0
0.74405,1.56873,0
1.03981,1.49864,0
2.34274,-1.57677,0
2.69332,-1.67891,0
1.71186,-1.36727,0
3.66914,-0.02467,0
-0.66609,-0.39388,0
-0.56748,-0.0829,0
-0.6977,-0.50358,0
3.78277,0.37606,0
-0.53958,-0.00356,0
0.70808,1.58717,0
3.00719,-1.79407,0
-0.65775,-0.41797,0
-0.56123,-0.1124,0
2.62415,-1.63635,0
1.0461,1.47843,0
3.61119,-0.19188,0
1.13591,1.45171,0
3.76341,0.29157,0
2.74343,-1.71304,0
2.30678,-1.53691,0
2.31509,-1.56166,0
1.58691,-1.31663,0
1.25843,1.41023,0
0.21116,1.77999,0
2.73705,-1.68068,0
2.9087,-1.76784,0
3.78834,0.37872,0
0.42324,1.66874,0
2.64187,-1.63874,0
3.81698,0.41382,0
2.76168,-1.67945,0
2.06801,-1.48125,0
1.6837,-1.35646,0
2.77594,-1.7149,0
0.66279,1.60369,0
-0.63139,-0.34984,0
-0.66452,-0.3972,0
2.16842,-1.51314,0
0.99523,1.51332,0
2.87844,-1.74527,0
3.63905,-0.12883,0
1.5666,-1.31194,0
3.66132,-0.0292,0
0.19006,1.72922,0
1.70971,-1.35153,0
0.2381,1.75823,0
0.29743,1.70448,0
0.54878,1.65876,0
1.53368,1.3243,0
2.4017,-1.59806,0
1.50947,1.32905,0
0.08682,1.80267,0
2.26113,-1.53911,0
0.59274,1.65024,0
1.71893,-1.36715,0
1.37956,1.36585,0
3.6163,-0.1813,0
1.53313,-1.30855,0
0.52241,1.64098,0
3.59405,-0.2402,0
2.99915,-1.77741,0
2.86881,-1.73688,0
0.76229,1.554,0
0.3286,1.68718,0
0.2178,1.77322,0
2.29028,-1.54314,0
2.87541,-1.75788,0
-0.70045,-0.52042,0
0.49678,1.66572,0
3.74184,0.24533,0
-0.69912,-0.53482,0
2.04406,-1.46539,0
-0.5762,-0.1416,0
2.42935,-1.60948,0
2.28306,-1.55551,0
3.84579,0.49486,0
2.71763,-1.68955,0
2.08995,-1.49017,0
2.20437,-1.5246,0
2.5701,-1.63056,0
0.29796,1.7419,0
0.19477,1.76273,0
1.04978,1.47495,0
0.20197,1.74471,0
0.96748,1.50385,0
3.79473,0.37376,0
0.6067,1.61304,0
-0.61029,-0.26237,0
2.59857,-1.62869,0
3.73382,0.17509,0
2.99877,-1.75854,0
2.39907,-1.57389,0
3.72837,0.14709,0
0.49575,1.63906,0
2.96232,-1.7611,0
0.23675,1.72192,0
3.8525,0.52284,0
2.25557,-1.55082,0
3.63201,-0.13985,0
1.48767,1.34119,0
1.90514,-1.42652,0
-0.62835,-0.33555,0
0.09728,1.77797,0
3.5893,-0.24936,0
0.23351,1.73594,0
2.76662,-1.70115,0
3.79885,0.35833,0
0.5292,1.6364,0
1.2147,1.41722,0
-0.54367,-0.03777,0
0.21035,1.73035,0
1.18729,1.43288,0
2.49931,-1.61068,0
2.45974,-1.60555,0
2.75366,-1.71807,0
1.5832,-1.32084,0
1.38664,1.37955,0
0.49435,1.67148,0
0.36998,1.70105,0
3.67696,0.00722,0
1.39248,-1.25996,0
0.31292,1.72206,0
-0.60888,-0.2355,0
-0.57901,-0.15945,0
0.65045,1.60999,0
2.92812,-1.75669,0
0.62461,1.62576,0
3.82894,0.46295,0
3.68121,0.03674,0
1.32971,1.39304,0
-0.50054,0.08239,0
1.51686,1.3226,0
0.36018,1.70219,0
0.78965,1.5594,0
2.63626,-1.67034,0
-0.60058,-0.21943,0
-0.71758,-0.52538,0
3.03657,-1.76392,0
3.77567,0.3442,0
0.67765,1.61539,0
2.35266,-1.58279,0
0.07591,1.77134,0
1.54854,1.32069,0
0.73408,1.56865,0
2.50822,-1.61113,0
2.80193,-1.71978,0
1.41381,1.36123,0
1.63086,-1.34193,0
3.75737,0.2911,0
2.15673,-1.51828,0
1.95608,-1.45065,0
3.54518,-0.39601,0
1.86024,-1.4129,0
1.50438,1.33693,0
2.07818,-1.48316,0
3.83016,0.51617,0
0.28444,1.71068,0
0.50184,1.66709,0
2.4783,-1.60719,0
1.39097,1.36532,0
1.01941,1.48256,0
1.49084,1.34385,0
0.98922,1.50812,0
2.50423,-1.61721,0
1.2769,1.41114,0
0.92588,1.51014,0
2.71629,-1.67413,0
0.84512,1.54271,0
0.26179,1.7402,0
3.83998,0.46063,0
3.79531,0.35007,0
0.15413,1.77873,0
-0.6417,-0.34133,0
1.64387,-1.33137,0
-0.67877,-0.50252,0
1.17921,1.43314,0
0.41923,1.70462,0
2.36492,-1.56425,0
2.74873,-1.67713,0
3.66056,-0.02452,0
0.76443,1.57402,0
-0.62053,-0.24355,0
2.71781,-1.69463,0
2.51736,-1.6367,0
0.15651,1.78502,0
0.48508,1.65351,0
2.38505,-1.58816,0
3.67221,0.0056,0
3.73113,0.15295,0
2.43989,-1.5751,0
2.58171,-1.6376,0
2.8649,-1.73008,0
3.75527,0.289,0
2.09052,-1.4769,0
1.08156,1.4815,0
2.05145,-1.47654,0
2.02426,-1.45533,0
1.96001,-1.43882,0
2.7312,-1.71169,0
1.96745,-1.43746,0
3.02225,-1.80788,0
2.86618,-1.74674,0
0.80986,1.54883,0
-0.70261,-0.49786,0
0.6608,1.61517,0
0.34647,1.7021,0
1.99017,-1.44422,0
1.83594,-1.39139,0
0.37198,1.67687,0
2.433,-1.60129,0
0.18667,1.76228,0
0.82249,1.55001,0
1.86315,-1.41979,0
2.88378,-1.74002,0
2.66002,-1.64955,0
1.62841,1.29601,0
1.87924,-1.41039,0
2.34618,-1.55413,0
0.63052,1.63391,0
-0.69399,-0.4748,0
2.50428,-1.59893,0
3.65697,-0.06365,0
1.00626,1.49368,0
-0.68618,-0.45916,0
3.83887,0.46795,0
0.21609,1.74434,0
-0.50661,0.06533,0
2.42459,-1.59859,0
1.95113,-1.4298,0
3.61324,-0.20245,0
3.64375,-0.09353,0
0.14471,1.78032,0
1.96845,-1.43571,0
-0.69007,-0.54635,0
3.64986,-0.08475,0
-0.63471,-0.36772,0
0.17457,1.789,0
3.02852,-1.76699,0
3.57277,-0.29696,0
2.73166,-1.69861,0
3.75302,0.2689,0
0.18668,1.76757,0
0.30339,1.71406,0
2.02278,-1.44768,0
-0.71001,-0.5177,0
2.38462,-1.59762,0
3.06612,-1.78754,0
0.14234,1.79076,0
-0.55214,-0.07682,0
2.87457,-1.728,0
1.64707,-1.33645,0
2.63113,-1.66731,0
0.56697,1.63945,0
2.90198,-1.75821,0
2.57206,-1.64421,0
0.10816,1.76238,0
1.02725,1.48029,0
2.52513,-1.62566,0
1.08738,1.47219,0
0.37613,1.69655,0
2.56047,-1.6434,0
-0.71457,-0.52348,0
2.52997,-1.64685,0
2.00682,-1.4509,0
2.61573,-1.63405,0
1.60044,1.30586,0
2.65845,-1.65199,0
0.40129,1.70213,0
0.29004,1.7164,0
0.85064,1.55875,0
1.51367,1.3277,0
3.78464,0.32081,0
1.85377,-1.41565,0
3.80468,0.3623,0
0.23391,1.76465,0
2.81931,-1.6918,0
0.53664,1.64857,0
3.53685,-0.42933,0
0.12824,1.78075,0
2.28008,-1.5455,0
0.82311,1.55361,0
2.77639,-1.7233,0
3.80707,0.37427,0
2.65554,-1.67562,0
1.4571,1.35481,0
1.78642,-1.38411,0
1.96159,-1.43201,0
0.24839,1.75544,0
2.37832,-1.59441,0
3.55561,-0.35955,0
0.30582,1.72762,0
1.37927,1.37116,0
1.29943,1.39988,0
0.93291,1.53401,0
0.33383,1.69801,0
3.75402,0.21341,0
1.05482,1.4765,0
3.71246,0.11772,0
2.81085,-1.73806,0
0.11271,1.79256,0
1.19207,1.43959,0
2.89928,-1.75078,0
2.36748,-1.56171,0
1.08751,1.46013,0
3.58235,-0.27672,0
0.81223,1.55049,0
2.40592,-1.57166,0
3.62105,-0.16593,0
2.22483,-1.5351,0
2.67063,-1.65517,0
0.54026,1.6253,0
0.35243,1.68905,0
1.12823,1.44653,0
1.8315,-1.39692,0
1.71714,-1.35399,0
-0.61623,-0.23777,0
2.88195,-1.74644,0
-0.55714,-0.05947,0
-0.5537,-0.07167,0
1.62749,1.29336,0
-0.65156,-0.40936,0
2.62474,-1.64201,0
2.59422,-1.66179,0
2.2778,-1.55483,0
2.00064,-1.44619,0
0.49405,1.68259,0
3.55426,-0.36607,0
2.11543,-1.48201,0
2.22992,-1.51578,0
1.46634,1.34798,0
2.75305,-1.71785,0
0.34666,1.71469,0
0.17117,1.773,0
0.92696,1.51427,0
0.41432,1.68241,0
2.2838,-1.56168,0
3.63703,-0.12281,0
2.40619,-1.56551,0
3.60564,-0.22196,0
-0.55141,-0.05467,0
2.28728,-1.53051,0
0.68019,1.60223,0
2.91584,-1.75957,0
2.57584,-1.66131,0
1.39082,1.37701,0
0.47454,1.6693,0
2.88845,-1.75771,0
1.50104,-1.29226,0
0.16769,1.77922,0
3.65757,-0.06301,0
1.00252,1.49636,0
2.67835,-1.652,0
0.57567,1.61175,0
1.40674,1.37297,0
1.52905,-1.29648,0
3.72066,0.12325,0
0.5876,1.64461,0
1.00429,1.49348,0
3.68738,0.07233,0
0.31705,1.78847,0
-0.5704,0.03506,0
2.16182,-1.57554,0
0.81414,1.63235,0
-0.62082,-0.15949,0
0.28849,1.85751,0
1.34722,-1.25114,0
1.42724,-1.28483,0
0.44528,1.70933,0
2.18736,-1.59358,0
-0.67851,-0.24891,0
2.12865,-1.53183,0
1.87654,-1.47407,0
2.21107,-1.58603,0
2.1686,-1.59355,0
2.40138,-1.68777,0
0.1974,1.81898,0
2.6746,-1.74253,0
0.275,1.82906,0
0.43983,1.77872,0
2.7065,-1.80448,0
-0.63809,-0.20045,0
3.67014,-0.04929,0
1.70057,1.27783,0
0.94069,1.55782,0
3.75887,0.09223,0
0.45487,1.69791,0
0.6228,1.69131,0
2.18904,-1.55705,0
1.34912,-1.25731,0
0.30229,1.79952,0
0.8469,1.60934,0
3.81055,0.35748,0
2.67181,-1.78547,0
0.50958,1.72686,0
1.41231,-1.27854,0
-0.67064,-0.20967,0
0.84838,1.59518,0
3.5505,-0.40928,0
1.82017,-1.40992,0
1.73837,1.27683,0
1.13487,1.49943,0
1.40106,1.38924,0
0.96081,1.52783,0
2.88229,-1.77473,0
0.87901,1.60101,0
0.64014,1.67923,0
0.71586,1.6355,0
2.78858,-1.77885,0
3.78015,0.19315,0
0.18539,1.79419,0
1.49986,1.35322,0
-0.72472,-0.38267,0
3.6179,-0.25519,0
3.82214,0.26155,0
1.47063,1.36869,0
1.76715,1.27075,0
3.85902,0.33052,0
2.49867,-1.65226,0
2.22933,-1.61707,0
0.73535,1.62351,0
3.76751,0.10913,0
0.27457,1.83035,0
2.76355,-1.76186,0
-0.66449,-0.35191,0
2.68963,-1.75946,0
0.33826,1.78674,0
1.36454,1.40611,0
2.62953,-1.77983,0
0.93331,1.58182,0
2.30192,-1.62214,0
-0.64492,-0.18013,0
-0.50263,0.18507,0
0.85261,1.61758,0
1.5076,-1.30457,0
1.68514,-1.38571,0
-0.5863,-0.02585,0
1.53144,1.35147,0
3.74679,0.06549,0
2.49812,-1.67605,0
0.8141,1.64124,0
1.96427,-1.49551,0
0.26351,1.87266,0
1.54297,-1.31776,0
2.69037,-1.78657,0
2.72298,-1.81907,0
1.00393,1.53972,0
1.88085,-1.45077,0
0.36385,1.73927,0
1.14853,1.47675,0
2.59551,-1.69542,0
2.72251,-1.73983,0
0.385,1.83692,0
2.78107,-1.74371,0
-0.51263,0.14619,0
2.23491,-1.5798,0
1.09575,1.50659,0
1.43233,1.38885,0
2.91462,-1.89917,0
2.82877,-1.82937,0
0.36848,1.82611,0
2.8188,-1.79185,0
0.34411,1.80486,0
-0.57069,0.00497,0
3.75991,0.13164,0
2.29165,-1.60983,0
0.69831,1.63775,0
1.85622,-1.44313,0
0.64872,1.69291,0
0.82871,1.6285,0
0.53963,1.69846,0
0.64244,1.64945,0
0.40955,1.80918,0
2.93766,-1.88106,0
1.7816,1.25437,0
2.95484,-1.88905,0
2.47718,-1.68381,0
2.4299,-1.69735,0
2.8462,-1.75736,0
2.55849,-1.74527,0
-0.51631,0.07279,0
0.2452,1.84163,0
0.54641,1.69801,0
2.91328,-1.81301,0
2.86539,-1.77103,0
0.15924,1.81112,0
0.8541,1.61606,0
1.51039,1.34293,0
0.83061,1.64176,0
3.65294,-0.18564,0
3.68484,-0.04366,0
2.30387,-1.63252,0
3.54422,-0.45489,0
3.59668,-0.32652,0
2.79666,-1.79593,0
0.55065,1.66614,0
3.5882,-0.32972,0
2.63267,-1.72612,0
0.61403,1.74092,0
2.35412,-1.59433,0
2.47479,-1.69018,0
0.96933,1.58962,0
0.21406,1.86461,0
3.66441,-0.084,0
2.00061,-1.48055,0
0.3015,1.77351,0
2.04005,-1.51383,0
2.52462,-1.72613,0
-0.64189,-0.19959,0
2.77301,-1.73804,0
1.31285,1.45183,0
2.60325,-1.70293,0
2.4683,-1.70797,0
0.23873,1.82093,0
1.93643,-1.45419,0
2.46846,-1.6576,0
1.53611,1.34985,0
1.39014,1.38147,0
0.6289,1.67242,0
2.32704,-1.60958,0
1.47303,-1.29047,0
0.57946,1.74701,0
0.66706,1.69142,0
3.65567,-0.0977,0
0.90131,1.62513,0
0.65374,1.66067,0
2.33522,-1.62079,0
1.65147,1.3087,0
2.48822,-1.67036,0
2.54639,-1.72087,0
0.37369,1.74128,0
2.53246,-1.72154,0
2.53945,-1.70578,0
2.39841,-1.68105,0
3.80903,0.18214,0
3.73218,0.09278,0
1.33863,1.41722,0
0.43498,1.72222,0
-0.66468,-0.20426,0
2.86885,-1.8063,0
0.31133,1.85807,0
2.02783,-1.51194,0
3.81769,0.25212,0
1.76463,-1.41721,0
-0.69621,-0.33041,0
2.85651,-1.7669,0
2.04312,-1.53982,0
0.35883,1.82531,0
-0.62464,-0.24598,0
0.27697,1.76127,0
1.21081,1.46166,0
2.81821,-1.85401,0
2.34247,-1.61135,0
0.36806,1.74196,0
3.76277,0.08925,0
1.44516,1.37404,0
0.83553,1.60872,0
2.84804,-1.86297,0
1.80087,-1.4318,0
3.7956,0.22837,0
0.32528,1.76647,0
3.77128,0.24383,0
2.12617,-1.55111,0
2.98478,-1.81972,0
-0.66331,-0.31739,0
0.40577,1.81004,0
1.61674,1.31014,0
0.72966,1.65323,0
3.80889,0.30336,0
0.82939,1.64225,0
2.98451,-1.83176,0
1.36384,1.39908,0
-0.66187,-0.23676,0
-0.57451,0.00464,0
2.41112,-1.68284,0
0.74545,1.61451,0
1.40218,1.39985,0
1.60608,-1.34019,0
2.2144,-1.59438,0
0.54715,1.74438,0
0.6342,1.65323,0
2.96,-1.7944,0
3.54049,-0.46358,0
1.50263,1.37936,0
3.75849,0.06401,0
1.32806,1.44757,0
2.55831,-1.67603,0
1.70482,-1.38986,0
-0.68591,-0.41102,0
1.25822,1.45109,0
1.90436,-1.43625,0
1.42663,1.3779,0
2.74066,-1.8094,0
0.51359,1.69927,0
2.60076,-1.71036,0
0.50712,1.71322,0
2.70937,-1.81671,0
3.72675,0.01905,0
0.88218,1.56385,0
3.85781,0.31004,0
3.8386,0.31448,0
-0.72787,-0.40544,0
3.59091,-0.30202,0
0.37766,1.77418,0
3.71998,0.07395,0
1.60008,1.31619,0
0.88863,1.60327,0
1.10012,1.51573,0
3.80138,0.249,0
3.63729,-0.14783,0
0.85721,1.63608,0
0.1958,1.86914,0
2.60327,-1.69023,0
2.21945,-1.60018,0
1.7059,-1.38019,0
0.68054,1.67549,0
2.78185,-1.83336,0
2.30059,-1.59421,0
2.27843,-1.58551,0
3.71784,-0.03938,0
-0.67844,-0.27363,0
2.71285,-1.78499,0
2.22095,-1.61261,0
0.23556,1.82177,0
2.24357,-1.55587,0
3.77983,0.24982,0
2.863,-1.82228,0
1.08203,1.50678,0
3.66996,-0.13493,0
2.80342,-1.74768,0
0.45913,1.78184,0
-0.60444,-0.06412,0
0.34683,1.81672,0
2.94015,-1.8112,0
0.31402,1.7911,0
3.74146,0.15228,0
-0.59358,-0.08083,0
0.99162,1.51992,0
0.62011,1.70455,0
2.94454,-1.88517,0
3.65292,-0.12698,0
3.78566,0.14403,0
1.32583,1.40758,0
0.78089,1.67227,0
2.12835,-1.57139,0
2.38931,-1.61298,0
3.64936,-0.17021,0
2.63789,-1.73193,0
0.66941,1.65721,0
0.4481,1.7603,0
2.39469,-1.68406,0
0.51949,1.70567,0
-0.63427,-0.1363,0
2.3344,-1.60149,0
2.96389,-1.84354,0
2.95028,-1.88265,0
3.8201,0.25094,0
3.5679,-0.39966,0
2.66907,-1.79634,0
0.49118,1.74802,0
3.81231,0.25056,0
0.82094,1.60361,0
2.45063,-1.67887,0
1.58464,-1.35408,0
0.20017,1.89761,0
0.61851,1.70391,0
-0.59181,-0.05799,0
1.53182,-1.32246,0
2.76339,-1.83684,0
2.7533,-1.73431,0
1.08344,1.5112,0
1.52952,-1.31405,0
0.89336,1.60907,0
2.06848,-1.53916,0
1.02137,1.55236,0
1.79816,-1.43243,0
0.21875,1.81553,0
1.73301,-1.40422,0
1.30955,1.40801,0
2.12557,-1.53239,0
3.82179,0.25782,0
1.42916,-1.28698,0
2.3812,-1.63086,0
1.65559,-1.36206,0
2.98334,-1.83176,0
2.35438,-1.62231,0
1.79132,1.26156,0
2.51613,-1.70882,0
2.55471,-1.72014,0
2.04527,-1.53354,0
2.09572,-1.55358,0
1.3714,1.41922,0
2.74236,-1.7705,0
3.70089,-0.06661,0
1.09796,1.5057,0
0.29048,1.80505,0
2.22259,-1.55413,0
0.89812,1.62611,0
2.27695,-1.63889,0
1.76461,1.26651,0
0.49164,1.73751,0
0.25335,1.88219,0
2.92593,-1.81436,0
1.04706,1.55806,0
-0.64722,-0.2449,0
2.71051,-1.79117,0
3.73568,0.07339,0
0.65213,1.70632,0
0.22959,1.78522,0
3.78665,0.20575,0
3.78798,0.27088,0
0.44806,1.77793,0
3.85221,0.40665,0
3.80746,0.32461,0
0.18787,1.86531,0
1.47026,1.38338,0
1.01131,1.5142,0
1.67828,1.29742,0
3.55486,-0.42951,0
1.54299,1.36204,0
0.41028,1.74248,0
1.80277,-1.4013,0
-0.57368,0.03173,0
2.5612,-1.66677,0
2.66991,-1.78887,0
2.53969,-1.71875,0
3.54313,-0.41926,0
0.67736,1.65822,0
2.67092,-1.78466,0
1.73795,1.28036,0
0.59101,1.71423,0
1.08035,1.53906,0
3.63412,-0.175,0
0.7018,1.65497,0
1.46402,1.37677,0
3.62333,-0.22796,0
1.28272,1.42004,0
-0.60005,-0.17559,0
1.15555,1.5171,0
2.89785,-1.79894,0
0.79016,1.65871,0
1.89233,-1.43835,0
1.8779,-1.44748,0
2.59205,-1.69456,0
2.35097,-1.61137,0
1.86042,-1.46523,0
1.27566,1.47291,0
3.6435,-0.18523,0
0.23399,1.77733,0
0.70827,1.67614,0
-0.66082,-0.22174,0
-0.61967,-0.14405,0
0.72747,1.68162,0
0.37279,1.74856,0
0.9121,1.5814,0
2.68277,-1.74544,0
0.76811,1.6045,0
1.9195,-1.46599,0
2.9147,-1.84664,0
-0.57599,0.02828,0
0.25496,1.782,0
0.77226,1.67356,0
0.89786,1.56884,0
2.75731,-1.73502,0
2.7222,-1.78167,0
1.01643,1.54806,0
2.85349,-1.86138,0
0.51166,1.69216,0
0.83652,1.60969,0
-0.59471,-0.05813,0
3.83697,0.34426,0
0.17689,1.84842,0
0.54523,1.67469,0
3.64087,-0.20255,0
2.75499,-1.73251,0
0.61117,1.6745,0
0.66799,1.64688,0
0.49628,1.72442,0
0.50725,1.74426,0
2.908,-1.81873,0
0.83955,1.64799,0
2.51278,-1.70482,0
0.18591,1.87309,0
2.86972,-1.79,0
2.0203,-1.51511,0
3.60676,-0.29022,0
0.7443,1.68429,0
0.74919,1.62271,0
0.33194,1.77166,0
-0.64329,-0.27261,0
2.37196,-1.62873,0
2.91507,-1.88071,0
0.92186,1.59822,0
0.28152,1.85139,0
0.28746,1.81045,0
0.48209,1.76777,0
2.52014,-1.68968,0
3.79146,0.17959,0
0.56523,1.72439,0
2.57198,-1.69137,0
2.15416,-1.53162,0
2.36902,-1.64637,0
3.81593,0.27512,0
0.98087,1.56149,0
1.42279,-1.27241,0
2.00999,-1.52317,0
2.30633,-1.60899,0
2.59908,-1.68551,0
0.64967,1.71906,0
2.93197,-1.90698,0
0.59731,1.74728,0
2.55991,-1.69962,0
2.34814,-1.63029,0
0.26637,1.78439,0
3.85148,0.40662,0
2.25794,-1.55662,0
-0.63037,-0.1551,0
2.75177,-1.80092,0
2.21778,-1.60948,0
2.25934,-1.58735,0
1.77073,1.25954,0
1.38013,1.38534,0
0.62021,1.67482,0
1.27799,1.44001,0
2.63566,-1.74384,0
2.25095,-1.60473,0
3.85388,0.31738,0
2.7757,-1.74882,0
0.38197,1.76411,0
1.05094,1.5423,0
1.31012,1.45829,0
0.86031,1.57482,0
0.6651,1.69057,0
2.72721,-1.80234,0
2.10405,-1.51082,0
1.27251,1.47055,0
1.85464,-1.41848,0
1.41887,1.40943,0
1.0117,1.54974,0
3.79651,0.20518,0
3.8624,0.33346,0
2.12986,-1.54759,0
-0.66595,-0.20497,0
0.43042,1.73868,0
0.29838,1.8704,0
3.82475,0.37058,0
1.11659,1.53499,0
0.90555,1.59554,0
2.66499,-1.69714,0
1.5992,-1.33402,0
0.88311,1.61112,0
1.68583,-1.36108,0
2.46148,-1.64077,0
3.78518,0.28329,0
-0.64978,-0.21228,0
1.27642,1.46213,0
-0.63036,-0.17504,0
0.52803,1.67514,0
2.71728,-1.78205,0
0.91246,1.61299,0
2.5788,-1.76064,0
2.79505,-1.75526,0
2.8,-1.85213,0
2.52349,-1.65227,0
-0.60945,-0.1417,0
2.56735,-1.67323,0
2.02299,-1.48393,0
1.77337,-1.40724,0
2.68362,-1.72462,0
1.45524,1.3984,0
1.06659,1.49155,0
2.12952,-1.54484,0
-0.65403,-0.19217,0
2.90502,-1.86586,0
0.62361,1.73186,0
-0.61231,-0.14258,0
-0.51751,0.1411,0
2.59267,-1.75645,0
2.66336,-1.78708,0
0.93437,1.55432,0
2.06076,-1.54994,0
-0.65,-0.16577,0
2.40626,-1.67808,0
-0.70398,-0.37086,0
2.25562,-1.56929,0
2.73493,-1.76902,0
0.55967,1.7153,0
1.66785,1.2903,0
0.62569,1.69338,0
0.36412,1.74597,0
0.25566,1.78391,0
1.84397,-1.44492,0
3.87599,0.38593,0
0.32422,1.75294,0
3.60283,-0.26546,0
3.5623,-0.36338,0
2.1498,-1.5822,0
2.66425,-1.79685,0
2.26555,-1.61137,0
2.49867,-1.66544,0
2.37625,-1.67564,0
3.58567,-0.35094,0
-0.64585,-0.15859,0
2.57236,-1.6819,0
3.66488,-0.11597,0
2.80765,-1.84613,0
2.84963,-1.79001,0
2.38574,-1.67227,0
2.18127,-1.55715,0
0.17454,1.85,0
0.98386,1.56799,0
3.63106,-0.23853,0
1.18236,1.45323,0
2.09843,-1.51104,0
1.45188,1.37955,0
0.92971,1.5589,0
0.51646,1.67932,0
3.7424,0.09453,0
0.36134,1.77756,0
0.33741,1.82946,0
-0.56866,0.00284,0
3.85394,0.3875,0
1.20697,1.46556,0
3.82819,0.37019,0
2.63607,-1.73651,0
1.41645,-1.28427,0
1.56038,1.34153,0
0.36469,1.83847,0
3.77437,0.18177,0
2.4379,-1.61629,0
-0.68088,-0.28698,0
2.94277,-1.86772,0
1.89912,-1.44361,0
2.7025,-1.79806,0
2.04679,-1.51117,0
2.63847,-1.78274,0
0.28776,1.79237,0
2.21685,-1.56511,0
0.38976,1.81981,0
2.29739,-1.6059,0
2.86979,-1.76977,0
1.48659,-1.30873,0
2.02001,-1.50151,0
0.44754,1.724,0
0.38753,1.7531,0
0.36932,1.77267,0
1.15379,1.5008,0
3.66196,-0.17264,0
1.57252,1.32793,0
0.23696,1.8622,0
2.69422,-1.71051,0
3.64565,-0.14788,0
2.26631,-1.59212,0
2.79663,-1.8422,0
2.85461,-1.76845,0
2.61936,-1.75747,0
1.52572,-1.32977,0
2.9612,-1.88381,0
1.68335,1.28096,0
2.02445,-1.51614,0
1.05366,1.5023,0
1.33303,1.42769,0
2.56081,-1.7014,0
3.75582,0.15961,0
0.65982,1.66152,0
1.35686,1.40009,0
0.72593,1.63962,0
3.83351,0.34569,0
2.17219,-1.58461,0
2.03336,-1.53165,0
1.11221,1.50689,0
1.59049,-1.34788,0
0.19166,1.80204,0
3.87604,0.37182,0
3.82295,0.35211,0
2.29496,-1.56796,0
3.68161,-0.05577,0
0.65422,1.72362,0
1.82125,-1.41216,0
0.52368,1.7107,0
-0.64348,-0.27362,0
0.27706,1.7627,0
1.67374,1.29574,0
0.5986,1.65811,0
1.64029,1.31505,0
0.73213,1.62852,0
3.73936,0.13603,0
2.35628,-1.62852,0
-0.51285,0.091,0
0.39973,1.81818,0
1.93209,-1.4558,0
3.66679,-0.06816,0
2.49638,-1.68535,0
1.54242,1.33842,0
3.75674,0.159,0
2.91471,-1.88062,0
2.18607,-1.53551,0
3.81962,0.2863,0
3.67674,-0.07056,0
2.67275,-1.7337,0
2.6746,-1.76062,0
3.76719,0.12164,0
3.78841,0.18552,0
2.44182,-1.64964,0
3.84411,0.34086,0
2.79704,-1.812,0
1.00642,1.57685,0
2.1537,-1.57415,0
-0.57244,-0.05683,0
0.27639,1.8328,0
0.62121,1.73181,0
-0.65203,-0.26684,0
1.10252,1.52263,0
2.42497,-1.62042,0
0.42111,1.72573,0
3.82644,0.2636,0
-0.67883,-0.25171,0
0.40692,1.72665,0
-0.70371,-0.3768,0
3.61293,-0.23078,0
1.02522,1.51451,0
0.28909,1.83934,0
2.72325,-1.72218,0
3.67731,-0.04024,0
-0.53346,0.04214,0
2.39771,-1.68584,0
0.31355,1.86398,0
2.64065,-1.69756,0
2.12498,-1.53671,0
3.76212,0.17752,0
0.46478,1.8014,0
3.75847,0.20417,0
0.38046,1.77498,0
2.5084,-1.71512,0
0.66331,1.67432,0
1.53163,1.3595,0
2.91188,-1.8319,0
-0.59632,-0.0714,0
3.54152,-0.46502,0
0.84026,1.64664,0
0.55273,1.7421,0
2.40355,-1.65373,0
3.67198,-0.04029,0
2.60843,-1.74255,0
0.49479,1.74238,0
1.72928,1.28275,0
0.41193,1.77629,0
-0.66813,-0.3197,0
0.74586,1.65115,0
2.64092,-1.69377,0
0.75351,1.66252,0
0.85194,1.63903,0
2.77155,-1.80907,0
2.36032,-1.63829,0
0.81904,1.61257,0
-0.59427,-0.14069,0
2.0738,-1.50756,0
1.33166,1.4018,0
0.63024,1.73267,0
1.75864,1.25889,0
2.87541,-1.82347,0
-0.57136,-0.00641,0
2.76483,-1.75771,0
-0.6827,-0.32836,0
1.11515,1.53652,0
2.54946,-1.66543,0
0.81071,1.63086,0
1.21903,1.47884,0
3.66484,-0.13309,0
3.77223,0.18422,0
1.06629,1.55354,0
2.55869,-1.71357,0
0.74594,1.6494,0
3.72162,0.10303,0
2.78525,-1.75047,0
1.3656,1.42555,0
3.73281,0.10365,0
0.49248,1.70147,0
1.51611,1.35662,0
0.44841,1.806,0
-0.56904,0.02819,0
0.3083,1.85476,0
3.6585,-0.09577,0
2.09863,-1.52914,0
0.68951,1.63346,0
1.55096,-1.33433,0
1.98434,-1.46826,0
3.55286,-0.43803,0
-0.65502,-0.26776,0
0.32557,1.75542,0
2.93537,-1.83857,0
0.66182,1.6717,0
1.12095,1.48645,0
0.67326,1.63577,0
2.905,-1.85643,0
0.52253,1.69732,0
0.42991,1.81962,0
-0.66604,-0.35136,0
1.64269,1.31869,0
-0.5745,-0.03639,0
0.56573,1.72599,0
2.08554,-1.52232,0
3.71517,0.04514,0
0.19866,1.83924,0
1.93385,-1.44927,0
2.63039,-1.76187,0
0.34319,1.79271,0
3.76253,0.16986,0
1.81566,-1.42616,0
3.72909,0.07708,0
-0.588,-0.12014,0
3.79825,0.23756,0
1.66788,-1.3591,0
-0.51488,0.09965,0
2.39883,-1.6524,0
1.33623,1.40848,0
3.71789,0.08864,0
2.79257,-1.75966,0
1.67565,-1.37523,0
2.90918,-1.83125,0
0.84669,1.5829,0
0.60528,1.66014,0
0.1887,1.84767,0
1.57351,-1.3399,0
0.4881,1.76976,0
3.77779,0.15934,0
3.75654,0.08516,0
2.96723,-1.85094,0
0.52969,1.7624,0
1.05357,1.55146,0
2.77241,-1.76163,0
0.3871,1.82345,0
0.72904,1.6941,0
2.43666,-1.69282,0
-0.6669,-0.26549,0
2.53594,-1.70497,0
2.30061,-1.59869,0
2.40857,-1.66247,0
0.3258,1.81769,0
3.73708,0.04768,0
0.65787,1.70195,0
1.11478,1.47979,0
-0.5277,0.0951,0
3.67627,-0.1098,0
2.89713,-1.7988,0
3.69995,-0.06464,0
3.87445,0.37422,0
2.93645,-1.86749,0
0.96728,1.55055,0
0.95359,1.52955,0
3.71974,0.02604,0
0.33586,1.77407,0
1.63592,1.30586,0
1.67043,1.30771,0
2.93877,-1.86434,0
0.26541,1.87198,0
3.8596,0.35358,0
0.57914,1.75113,0
3.7985,0.21758,0
2.66859,-1.76569,0
-0.63931,-0.16879,0
3.68531,-0.04675,0
2.77656,-1.81319,0
0.68848,1.62731,0
2.988,-1.83144,0
2.97139,-1.86884,0
-0.72514,-0.41145,0
0.15797,1.87323,0
-0.70451,-0.45563,0
3.84921,0.4546,0
3.84716,0.43285,0
3.84521,0.43539,0
0.15215,1.83362,0
3.88015,0.4156,0
2.98628,-1.86823,0
-0.72363,-0.41372,0
2.99223,-1.83425,0
3.00609,-1.83165,0
-0.6892,-0.43911,0
-0.69741,-0.42475,0
2.99078,-1.83946,0
3.83501,0.43095,0
3.86598,0.4263,0
-0.69236,-0.44767,0
3.01,-1.82042,0
-0.7369,-0.4045,0
2.97004,-1.89222,0
0.13659,1.82515,0
0.09106,1.82523,0
-0.7127,-0.50836,0
0.12381,1.81319,0
0.11421,1.83597,0
3.85557,0.48568,0
0.09257,1.82694,0
3.86006,0.50524,0
1.47751,1.39568,0
3.88811,0.42505,0
1.14194,1.52811,0
0.87578,1.63706,0
1.38515,1.43077,0
1.64483,1.32952,0
1.1858,1.51272,0
1.74356,1.28613,0
1.73299,1.29132,0
1.50498,1.38474,0
1.65455,1.32158,0
1.49751,1.3835,0
1.47859,1.39318,0
1.50139,1.38483,0
1.58892,1.3461,0
1.71818,1.29665,0
1.67864,1.30918,0
1.36346,1.44035,0
0.17622,1.88822,0
1.39025,1.43109,0
3.89186,0.42982,0
1.45982,1.39954,0
1.71713,1.30079,0
1.81845,1.25778,0
1.57898,1.35671,0
1.37791,1.43978,0
1.13384,1.537,0
1.26948,1.48175,0
1.02303,1.57902,0
1.04478,1.57219,0
0.90255,1.62769,0
1.75171,1.29027,0
3.54297,-0.47185,0
1.77076,1.28314,0
1.18722,1.51594,0
1.68501,1.31565,0
0.38227,1.84467,0
0.562,1.77048,0
1.54628,1.37479,0
0.39272,1.83697,0
1.12985,1.54194,0
0.85442,1.65675,0
0.52898,1.78324,0
0.36456,1.84835,0
0.80208,1.67856,0
0.99323,1.59531,0
1.60955,1.34832,0
1.24548,1.497,0
0.40289,1.83771,0
0.70113,1.71141,0
3.633,-0.25945,0
0.99615,1.60021,0
0.50668,1.79078,0
1.35679,1.45373,0
0.80469,1.67163,0
3.69014,-0.11683,0
1.46065,1.4117,0
1.07479,1.56147,0
0.42195,1.82529,0
0.71187,1.70961,0
0.64598,1.73443,0
0.9864,1.60013,0
1.69459,1.31426,0
1.47985,1.39943,0
3.7097,-0.07054,0
0.59685,1.76063,0
0.98416,1.60255,0
3.54972,-0.46355,0
1.2948,1.48011,0
2.97406,-1.89062,0
0.58942,1.76164,0
3.61926,-0.29444,0
0.9507,1.61571,0
0.67517,1.72694,0
1.06018,1.57325,0
0.7798,1.67946,0
0.12687,1.83987,0
3.01929,-1.81621,0
3.87118,0.46241,0
3.871,0.49285,0
3.86138,0.55104,0
3.8465,0.57545,0
0.06246,1.78683,0
3.84594,0.61485,0
3.85893,0.55741,0
3.8504,0.59942,0
3.83715,0.56349,0
0.05242,1.78215,0
3.83101,0.65374,0
3.83377,0.65568,0
3.85893,0.6346,0
3.84846,0.61657,0
3.83908,0.64403,0
3.82122,0.62893,0
3.85014,0.63657,0
3.87481,0.45883,0
3.56488,-0.44423,0
3.87728,0.45842,0
3.03849,-1.8385,0
3.88055,0.46552,0
3.88796,0.47378,0
3.8937,0.45923,0
3.54075,-0.50804,0
1.79106,1.28227,0
1.82216,1.26937,0
3.88146,0.55018,0
3.09308,-1.77995,0
3.86614,0.5584,0
3.86799,0.56895,0
3.14217,-1.74603,0
3.10616,-1.80461,0
3.89137,0.52163,0
3.56179,-0.45428,0
3.54114,-0.53634,0
3.07284,-1.80139,0
3.53775,-0.5523,0
3.53114,-0.54966,0
3.11352,-1.78309,0
3.60988,-0.33905,0
3.65557,-0.2125,0
3.17208,-1.74375,0
3.87316,0.61504,0
3.87635,0.64188,0
3.8784,0.61257,0
3.17409,-1.74122,0
3.22647,-1.6591,0
3.23772,-1.63895,0
3.23395,-1.66138,0
3.82563,0.67942,0
3.85845,0.68574,0
3.81805,0.702,0
3.25234,-1.59132,0
3.25907,-1.5184,0
3.24331,-1.62003,0
3.85528,0.66567,0
3.21693,-1.70126,0
3.23263,-1.62393,0
3.85121,0.6642,0
3.22959,-1.66767,0
3.20411,-1.69396,0
3.2453,-1.56922,0
3.85315,0.67462,0
3.22128,-1.65654,0
3.26183,-1.54084,0
3.84957,0.68945,0
3.25803,-1.52217,0
3.88932,0.61539,0
3.89503,0.60808,0
3.16688,-1.74957,0
3.82921,0.71992,0
3.73464,0.77943,0
3.79848,0.76221,0
3.29792,-1.50355,0
3.71795,0.81744,0
3.27325,-1.62058,0
3.81544,0.77361,0
3.73409,0.7589,0
3.32555,-1.50429,0
3.76588,0.78212,0
3.32522,-1.49574,0
3.28297,-1.58033,0
3.28007,-1.52963,0
3.53022,-0.59143,0
3.77652,0.80638,0
3.74587,0.76588,0
3.81294,0.75879,0
3.29738,-1.53565,0
3.67762,0.8106,0
3.82126,0.7547,0
3.55707,-0.51425,0
3.77249,0.75709,0
3.74089,0.81006,0
3.74011,0.79893,0
3.81025,0.7915,0
3.80393,0.73633,0
3.80155,0.76505,0
3.28619,-1.50184,0
3.83014,0.75117,0
3.30044,-1.503,0
3.77422,0.74859,0
3.69373,0.811,0
3.53317,-0.57885,0
3.68531,0.8113,0
3.32033,-1.51801,0
3.77693,0.77982,0
3.74886,0.81226,0
3.70946,0.78143,0
3.81028,0.7568,0
3.80293,0.7769,0
3.75835,0.77113,0
3.76171,0.78645,0
3.85186,0.7654,0
3.25955,-1.58248,0
3.73148,0.78946,0
3.74201,0.79157,0
3.85075,0.76779,0
3.81384,0.76895,0
3.83079,0.73824,0
3.83056,0.78347,0
3.71391,0.78547,0
3.71902,0.76333,0
3.26122,-1.57774,0
3.29468,-1.60068,0
3.68891,0.77696,0
3.72923,0.77829,0
3.24057,-1.6604,0
3.24011,-1.66289,0
3.78476,0.82877,0
3.55624,-0.54287,0
3.36781,-1.49978,0
3.56646,-0.47942,0
3.36835,-1.50229,0
3.73125,0.8281,0
3.34524,-1.52232,0
3.73723,0.8388,0
3.72118,0.85005,0
3.34065,-1.5467,0
3.78208,0.8125,0
3.82378,0.81926,0
3.75042,0.81959,0
3.79862,0.83173,0
3.56736,-0.50643,0
3.74456,0.84709,0
3.73703,0.86935,0
3.70827,0.83527,0
3.75355,0.83324,0
3.33979,-1.57134,0
3.75238,0.82999,0
3.72347,0.85395,0
3.73079,0.86575,0
3.31459,-1.58989,0
3.76418,0.85246,0
3.81103,0.8447,0
3.32832,-1.51149,0
3.31468,-1.57329,0
3.53728,-0.66138,0
3.69348,0.86004,0
3.34005,-1.54079,0
3.35952,-1.54125,0
3.55509,-0.56019,0
3.3182,-1.57765,0
3.34068,-1.54095,0
3.56647,-0.5041,0
3.57738,-0.46012,0
3.35655,-1.50929,0
3.81167,0.82515,0
3.69281,0.84174,0
3.68005,0.83266,0
3.52513,-0.71706,0
3.33236,-1.60371,0
3.83486,0.79727,0
3.33467,-1.59885,0
3.54169,-0.6485,0
3.25826,-1.65158,0
3.60308,-0.36921,0
3.58146,-0.46349,0
3.25546,-1.68335,0
3.85602,0.72502,0
3.26321,-1.67373,0
3.61544,-0.33395,0
3.3046,-1.64722,0
3.86895,0.77476,0
3.58876,-0.44359,0
3.29904,-1.64128,0
3.84815,0.74109,0
3.57635,-0.48871,0
3.29294,-1.65349,0
3.85471,0.73628,0
3.42169,-1.46721,0
3.7516,0.9409,0
3.43315,-1.45622,0
3.80183,0.86004,0
3.41596,-1.47608,0
3.52201,-0.79128,0
3.39133,-1.49751,0
3.73314,0.88496,0
3.45458,-1.33757,0
3.77992,0.91556,0
3.5202,-0.90912,0
3.3955,-1.52522,0
3.5632,-0.61246,0
3.7317,0.87936,0
3.53089,-0.74979,0
3.78653,0.93733,0
3.52066,-0.82946,0
3.58016,-0.54207,0
3.55355,-0.61525,0
3.72211,0.89061,0
3.60752,-0.38364,0
3.44362,-1.40136,0
3.73725,0.94594,0
3.53212,-0.75829,0
3.70363,0.94195,0
3.41519,-1.50005,0
3.69479,0.88537,0
3.70155,0.91406,0
3.58438,-0.4826,0
3.39751,-1.446,0
3.41203,-1.44493,0
3.79437,0.91525,0
3.68589,0.88981,0
3.53467,-0.79709,0
3.80425,0.88124,0
3.55296,-0.65377,0
3.38754,-1.50796,0
3.42381,-1.5115,0
3.54353,-0.75091,0
3.77454,0.92741,0
3.41539,-1.45962,0
3.76792,0.8678,0
3.79857,0.9218,0
3.55879,-0.6936,0
3.74214,0.94528,0
3.39536,-1.48482,0
3.806,0.90099,0
3.69323,0.89262,0
3.71113,0.89109,0
3.55633,-0.60176,0
3.73362,0.92446,0
3.75112,0.89344,0
3.42792,-1.47074,0
3.72326,0.89523,0
3.53955,-0.77593,0
3.78382,0.92657,0
3.52814,-0.88561,0
3.45058,-1.35243,0
3.79032,0.87168,0
3.56891,-0.58803,0
3.77396,0.90282,0
3.42231,-1.45813,0
-0.14192,1.49558,0
3.83141,0.87622,0
3.82375,0.8704,0
3.366,-1.54963,0
3.81479,0.86546,0
3.38698,-1.54355,0
3.614,-0.35846,0
3.82498,0.8946,0
3.59067,-0.50484,0
3.52351,-0.94017,0
3.61269,-0.38302,0
3.71475,0.96103,0
3.57949,-0.64612,0
3.7009,0.9944,0
3.47192,-1.39996,0
3.4769,-1.39485,0
3.47019,-1.38518,0
3.56062,-0.70288,0
3.55411,-0.73108,0
3.6145,-0.39034,0
3.45215,-1.39703,0
3.44228,-1.44912,0
3.61197,-0.42557,0
3.51408,-1.04887,0
3.61229,-0.3933,0
3.7352,0.99406,0
3.78564,0.97389,0
3.53577,-0.8607,0
3.52216,-1.03593,0
3.78641,0.96939,0
3.44662,-1.4825,0
3.74338,0.95236,0
-0.14537,1.51923,0
3.79876,0.98043,0
3.55995,-0.8125,0
3.57174,-0.7152,0
3.57644,-0.60876,0
3.5202,-1.07886,0
3.72407,0.96802,0
3.55233,-0.76796,0
3.53868,-0.83807,0
3.44362,-1.45644,0
3.51146,-1.05594,0
3.75828,0.9514,0
3.78595,0.97539,0
3.44615,-1.47341,0
3.79559,0.98797,0
3.47268,-1.40449,0
3.70366,0.99927,0
3.4505,-1.38736,0
3.53365,-0.98411,0
3.48301,-1.32715,0
3.61372,-0.39211,0
3.59456,-0.49557,0
3.46488,-1.48531,0
3.52352,-0.96918,0
3.519,-1.10326,0
3.53241,-0.91743,0
3.53066,-0.88782,0
3.60055,-0.51285,0
3.52452,-1.0173,0
3.73941,1.04436,0
3.53674,-1.14798,0
3.53399,-1.13858,0
3.52234,-1.24826,0
3.52137,-1.125,0
3.60537,-0.54462,0
3.54222,-0.98034,0
3.53978,-1.15233,0
3.58594,-0.69893,0
3.57492,-0.76882,0
3.52773,-1.20347,0
3.53263,-1.10544,0
3.72412,1.03326,0
3.75359,1.04228,0
3.54775,-1.09397,0
3.55661,-0.87568,0
3.53039,-1.06225,0
3.4964,-1.36073,0
3.53468,-1.1536,0
3.53574,-1.05265,0
3.52938,-1.26507,0
3.57128,-0.82632,0
3.73193,1.04639,0
3.54897,-1.01218,0
3.58511,-0.64146,0
3.50688,-1.25973,0
3.50961,-1.37343,0
3.56503,-0.90113,0
3.52168,-1.3079,0
3.49835,-1.38706,0
3.49368,-1.37341,0
3.7397,1.03818,0
3.52417,-1.26317,0
3.52834,-1.18445,0
3.57032,-0.78329,0
3.71333,1.0058,0
3.51045,-1.37154,0
3.52203,-1.24473,0
3.57669,-0.78233,0
3.61746,-0.43376,0
3.77041,0.99644,0
3.5355,-1.07285,0
3.52626,-1.08575,0
3.76678,1.03421,0
3.56542,-0.83269,0
3.55888,-0.91035,0
3.72894,1.05096,0
3.52329,-1.10162,0
3.75245,1.01504,0
3.50099,-1.36566,0
3.58859,-0.68672,0
3.5275,-1.16162,0
3.59565,-0.58597,0
3.71295,1.05265,0
3.56803,-0.82337,0
3.55757,-0.85089,0
3.55379,-0.98436,0
3.71625,1.03024,0
3.59803,-0.5867,0
3.61138,-0.44701,0
3.53747,-1.02738,0
3.50661,-1.3011,0
3.67943,1.01428,0
3.58575,-0.66966,0
3.49589,-1.40701,0
3.55594,-0.93502,0
3.48271,-1.43386,0
3.56279,-0.81668,0
3.58164,-0.71484,0
3.55046,-0.95625,0
3.7518,1.02097,0
3.579,-0.72848,0
3.62969,-0.3364,0
3.60183,-0.60268,0
3.62045,-0.43116,0
3.61414,-0.48308,0
3.52974,-1.27972,0
3.67469,1.05858,0
3.55747,-1.0258,0
3.63377,-0.29996,0
3.55148,-1.0622,0
3.57235,-1.09658,0
3.6187,-0.48681,0
3.61382,-1.19994,0
1.93011,1.2581,0
3.63007,1.08768,0
3.6603,1.10662,0
3.63381,-0.43694,0
3.59366,-1.02253,0
3.60944,-1.1816,0
3.62636,-0.95084,0
3.6052,-1.20768,0
3.62003,-1.26603,0
3.5876,1.17574,0
3.69558,1.14936,0
3.6834,1.11645,0
3.58844,-0.74146,0
3.61825,1.15644,0
3.58453,-1.00544,0
3.56599,-1.0875,0
3.62716,1.13118,0
3.56405,-1.04795,0
3.59593,-0.84822,0
3.57635,-1.21276,0
3.64552,-0.42668,0
3.62677,-0.86582,0
3.65698,1.10954,0
3.64057,1.11545,0
3.66878,1.13238,0
3.62228,-0.93307,0
3.60546,-1.05178,0
3.56821,-1.21075,0
3.56531,-1.07778,0
3.6442,-0.5264,0
3.62819,-0.41456,0
3.6368,1.18782,0
1.92945,1.25538,0
3.64174,1.13206,0
3.6098,-1.1014,0
3.61834,1.18637,0
3.59288,-1.03724,0
3.62889,1.14909,0
3.59759,-1.13538,0
3.61089,-0.60639,0
3.677,1.17283,0
3.54748,-1.22204,0
3.58655,-1.0436,0
3.60218,-0.8249,0
3.61983,1.18459,0
3.69001,1.09266,0
3.61259,-0.5919,0
3.54969,-1.25159,0
3.64568,-0.32098,0
3.56966,-1.02566,0
3.63208,-0.68038,0
3.62319,-0.74417,0
3.566,-1.1566,0
3.56914,-1.26355,0
3.63796,-0.73131,0
3.6316,-0.78955,0
3.60873,-0.97552,0
1.97364,1.25692,0
3.6033,-0.61477,0
3.64847,-0.34528,0
3.60318,-1.2134,0
3.59979,1.12696,0
1.8836,1.25816,0
3.5953,-0.70044,0
3.54728,-1.23015,0
3.68332,1.0752,0
3.59197,-0.99134,0
3.56651,-1.09117,0
3.64184,-0.49475,0
3.59923,-1.28125,0
3.64777,-0.36554,0
3.62233,-0.65651,0
3.63925,1.20285,0
3.58912,-0.8694,0
3.64752,-0.39877,0
3.66877,1.10419,0
3.6248,-0.90908,0
3.58128,-1.18169,0
3.60783,-0.80855,0
3.61535,-0.81667,0
3.61335,-0.55965,0
3.59981,-0.80126,0
3.55233,-1.08252,0
3.62627,-0.75796,0
3.63777,-0.65305,0
3.64364,-0.25258,0
3.64572,-0.30114,0
3.59477,-1.05621,0
3.60447,-0.99809,0
3.61426,-1.22244,0
3.62609,-1.06082,0
3.59135,-1.10387,0
3.65137,1.17872,0
3.64334,-0.39151,0
3.60935,-0.61864,0
3.5575,-1.26818,0
3.64175,1.07901,0
3.62566,-0.65329,0
3.59335,-0.88655,0
3.6138,-1.18545,0
1.92221,1.2531,0
3.63881,-0.43063,0
3.58497,-1.18844,0
3.55611,-1.22808,0
3.63503,-0.72596,0
3.59504,-0.96869,0
3.61943,-0.46654,0
3.62319,-0.92355,0
3.60745,1.20412,0
3.62093,-0.83292,0
3.63418,-0.76909,0
3.62518,-0.41526,0
3.61988,-1.20586,0
3.56518,-1.23611,0
3.58316,-1.18178,0
3.63638,-0.34883,0
3.62774,-0.98346,0
3.55677,1.17904,0
3.5642,-1.03898,0
3.61662,-1.18686,0
3.63466,-0.709,0
3.60214,-0.85697,0
3.6607,1.08013,0
3.62513,-0.78307,0
3.64592,-0.45502,0
3.62913,1.12394,0
3.60742,-1.10744,0
3.56828,-1.14967,0
3.65733,1.2047,0
3.64983,-0.34931,0
3.63656,-0.63997,0
3.60656,-0.9727,0
3.62967,-0.89177,0
3.57463,-0.90308,0
3.6525,1.07077,0
3.60558,-0.86066,0
3.62672,-0.73283,0
3.67112,1.10319,0
3.66435,1.12709,0
3.58977,-1.17534,0
3.58602,-0.91603,0
3.61379,-0.74161,0
3.58528,-1.28771,0
3.62642,-0.66972,0
3.6386,1.18894,0
3.69148,1.10001,0
3.64485,1.10831,0
3.59502,-0.9802,0
3.66059,1.12062,0
3.63102,-0.9216,0
3.53921,-1.23514,0
3.59944,-1.241,0
3.64294,-0.49712,0
3.59665,-1.18708,0
3.61924,-1.12605,0
3.61887,-0.74082,0
3.64919,-0.31573,0
3.57681,-1.10828,0
3.60928,-0.91425,0
3.65246,-0.23026,0
3.57423,-1.20899,0
3.69265,1.18391,0
3.61587,-0.69268,0
3.60242,-1.28646,0
3.60214,-1.20837,0
3.58828,-1.23755,0
3.60758,-1.05368,0
3.57329,-1.20083,0
3.62007,-0.89783,0
3.59,-1.07133,0
3.54895,-1.24219,0
3.60607,1.14322,0
3.63462,-0.33911,0
3.60595,-0.88108,0
3.60457,-0.60958,0
3.69184,1.08277,0
3.62547,-1.07427,0
3.61106,1.19776,0
3.59715,-0.9207,0
3.61588,1.08817,0
3.57987,-0.92239,0
3.6014,-0.63569,0
3.54313,-1.26909,0
3.67425,1.18603,0
3.62004,-0.46398,0
3.65565,1.08289,0
3.68372,1.11214,0
3.63394,-0.32857,0
3.60896,-1.18702,0
2.16711,1.25034,0
3.59499,-1.2674,0
3.63586,-0.48679,0
3.53139,-1.28816,0
3.58166,-1.06258,0
1.07353,-1.30007,0
3.7102,-0.40627,0
3.66997,-0.89746,0
3.65625,-0.42401,0
3.1857,1.50448,0
2.15477,1.35333,0
2.14826,1.31795,0
3.36111,1.32704,0
2.86456,1.42619,0
0.09117,-1.39046,0
3.19895,1.25121,0
3.69943,-0.35207,0
2.97072,1.36709,0
0.52974,-1.33475,0
2.27952,1.33717,0
0.69591,-1.28953,0
0.43265,-1.39083,0
0.48705,-1.41495,0
3.68618,-0.32055,0
3.14248,1.33693,0
0.36171,-1.29039,0
-0.04249,-1.44627,0
0.4399,-1.41724,0
0.12917,-1.28628,0
-0.07852,-1.4746,0
2.05285,1.28453,0
0.01716,-1.31808,0
3.16975,1.34611,0
3.29565,1.51147,0
0.41487,-1.4277,0
1.21814,-1.29989,0
0.0853,-1.34307,0
3.13316,1.31869,0
0.81588,-1.36274,0
1.33467,-1.25409,0
3.03047,1.40587,0
3.09958,1.38233,0
2.55469,1.37808,0
2.85364,1.34732,0
0.4931,-1.32414,0
0.29893,-1.43578,0
3.76768,-0.66411,0
2.65406,1.25387,0
0.10499,-1.44087,0
0.47114,-1.41988,0
2.38847,1.32415,0
3.64756,-0.94517,0
3.05665,1.32998,0
-0.12053,-1.2548,0
2.53106,1.26089,0
0.28452,-1.29488,0
3.72234,-0.44865,0
3.1728,1.36697,0
0.58283,-1.29576,0
3.22466,1.33056,0
0.73467,-1.28631,0
2.02674,1.2677,0
3.65941,-0.80468,0
0.01185,-1.27628,0
3.2767,1.34578,0
2.8927,1.44003,0
0.40032,-1.33062,0
3.15354,1.2794,0
3.77348,-0.84581,0
3.44903,1.30513,0
2.16413,1.30453,0
0.28031,-1.36568,0
2.39717,1.3333,0
0.4543,-1.3074,0
0.49164,-1.27899,0
3.14649,1.33142,0
3.7546,-0.70664,0
3.76815,-0.66578,0
3.46296,1.41343,0
3.29066,1.3877,0
2.98891,1.34508,0
3.28707,1.36838,0
0.00385,-1.36915,0
3.64757,-0.83434,0
2.42496,1.25733,0
0.53318,-1.36946,0
2.54122,1.41277,0
2.69031,1.25772,0
2.79593,1.34701,0
0.4865,-1.37322,0
0.22051,-1.44161,0
0.99754,-1.30723,0
0.55942,-1.34926,0
2.64837,1.2595,0
3.07405,1.27878,0
3.06685,1.28693,0
3.66611,-0.80736,0
3.71327,-0.5986,0
3.73915,-0.73605,0
-0.13794,-1.28968,0
3.44512,1.46178,0
0.28658,-1.40748,0
0.11618,-1.38443,0
0.28308,-1.32066,0
2.90198,1.31785,0
1.14681,-1.3099,0
2.78477,1.3322,0
2.89488,1.42688,0
0.48253,-1.31641,0
0.5609,-1.35129,0
0.2981,-1.35897,0
3.03337,1.47153,0
3.33135,1.25686,0
3.65027,-0.85449,0
2.9454,1.32743,0
3.28584,1.43587,0
3.74097,-0.71984,0
3.75154,-0.47556,0
1.97592,1.30371,0
2.35896,1.27933,0
2.03372,1.33195,0
-0.11736,-1.34434,0
1.34309,-1.25824,0
1.12203,-1.31182,0
3.73358,-0.73505,0
2.52786,1.26263,0
3.3776,1.29022,0
0.01233,-1.33823,0
0.21348,-1.26173,0
2.59413,1.31891,0
2.2022,1.27209,0
-0.06864,-1.41869,0
2.88287,1.40341,0
2.32357,1.29308,0
0.15301,-1.45547,0
1.90048,1.27803,0
3.73714,-0.43266,0
0.06176,-1.38798,0
3.15189,1.35764,0
0.43874,-1.2787,0
3.67763,-0.33035,0
0.6441,-1.37294,0
0.45855,-1.37125,0
0.23626,-1.27959,0
1.03621,-1.29293,0
-0.01671,-1.43501,0
3.67482,-0.24936,0
2.84936,1.31378,0
0.03775,-1.30042,0
3.37148,1.26926,0
3.41705,1.2896,0
2.97279,1.28341,0
2.20953,1.25718,0
2.40493,1.28127,0
2.68309,1.43145,0
3.75332,-0.51895,0
3.08139,1.28199,0
2.67537,1.30563,0
2.26079,1.32863,0
3.27148,1.47303,0
3.44349,1.27848,0
3.05732,1.34531,0
3.00657,1.46057,0
3.69519,-0.44485,0
3.42729,1.50644,0
3.69409,-0.31325,0
2.54578,1.29218,0
0.93226,-1.25511,0
2.55263,1.40972,0
-0.07481,-1.32261,0
2.74195,1.317,0
3.34775,1.29554,0
-0.08052,-1.32959,0
0.49562,-1.2964,0
0.32187,-1.31376,0
1.06358,-1.26947,0
0.3751,-1.35821,0
0.37809,-1.25094,0
0.71916,-1.25456,0
0.60657,-1.36248,0
2.02956,1.33182,0
0.81536,-1.28924,0
2.5779,1.36698,0
0.02741,-1.37329,0
2.20799,1.25323,0
3.41753,1.48708,0
3.77498,-0.66799,0
3.65696,-0.70394,0
2.78478,1.40685,0
0.01184,-1.45458,0
0.56208,-1.25681,0
3.32399,1.37782,0
3.4729,1.32769,0
0.47518,-1.32933,0
3.32125,1.43731,0
3.24768,1.37233,0
0.63655,-1.37248,0
0.83303,-1.2885,0
2.81284,1.31318,0
2.79372,1.27875,0
3.65866,-0.76393,0
2.55147,1.28261,0
0.98826,-1.2576,0
3.06224,1.37986,0
-0.08232,-1.33222,0
3.74468,-0.55619,0
3.65615,-0.57305,0
0.55034,-1.26588,0
3.05372,1.40088,0
2.4364,1.38295,0
3.20684,1.27242,0
3.11379,1.29334,0
3.71,-0.30964,0
0.29148,-1.36734,0
3.68988,-0.19286,0
2.92267,1.44693,0
3.12365,1.43153,0
3.45528,1.46969,0
2.71993,1.42355,0
3.4347,1.34117,0
0.16572,-1.42509,0
0.14689,-1.39189,0
2.49705,1.3081,0
3.2821,1.44095,0
0.21105,-1.30727,0
0.62664,-1.29551,0
3.18171,1.27352,0
2.65097,1.29926,0
-0.03562,-1.36523,0
0.61152,-1.37468,0
0.04729,-1.36151,0
2.89359,1.4497,0
3.25443,1.40205,0
3.19081,1.25199,0
0.32374,-1.41545,0
3.6879,-0.5678,0
3.12069,1.35777,0
0.75245,-1.33082,0
0.5674,-1.35145,0
0.30929,-1.39707,0
0.08504,-1.2844,0
3.74875,-0.51969,0
3.73762,-0.74598,0
3.70008,-0.50537,0
0.06541,-1.36119,0
3.64973,-0.47873,0
2.13968,1.30366,0
2.97517,1.45253,0
0.14436,-1.40579,0
-0.03866,-1.25365,0
3.71076,-0.48344,0
0.45726,-1.40545,0
0.10836,-1.267,0
3.65557,-0.4704,0
2.40578,1.37806,0
3.19295,1.31154,0
3.15261,1.39688,0
3.2535,1.33612,0
0.13766,-1.39967,0
3.69357,-0.30473,0
0.40406,-1.38716,0
2.13259,1.32563,0
3.11754,1.30144,0
0.00966,-1.36073,0
2.7978,1.25807,0
-0.07296,-1.33162,0
0.13324,-1.3763,0
3.10391,1.45387,0
0.11928,-1.31192,0
3.74925,-0.9236,0
3.77601,-0.78111,0
2.62675,1.3447,0
0.18543,-1.30242,0
3.68537,-0.40146,0
0.01765,-1.26032,0
1.85499,1.27842,0
0.05208,-1.38969,0
2.37594,1.37644,0
2.89825,1.29526,0
0.70611,-1.2526,0
3.71506,-0.46982,0
3.67547,-0.83206,0
3.68366,-0.23475,0
0.29334,-1.34617,0
0.37363,-1.3436,0
0.45304,-1.28241,0
0.08724,-1.41393,0
0.71055,-1.26454,0
0.63987,-1.37851,0
3.74325,-0.49784,0
0.77294,-1.31807,0
3.13993,1.4601,0
0.19453,-1.33597,0
2.06908,1.32768,0
1.03893,-1.29301,0
3.35714,1.28919,0
3.40021,1.40715,0
2.93654,1.43685,0
1.36128,-1.28555,0
3.68224,-0.36696,0
-0.02745,-1.39419,0
3.10476,1.35455,0
2.5131,1.38648,0
2.15972,1.32465,0
1.07724,-1.30848,0
3.18014,1.36493,0
3.69335,-0.37635,0
3.1083,1.43963,0
3.45421,1.34771,0
0.286,-1.31665,0
0.98549,-1.32438,0
2.81147,1.33542,0
0.97264,-1.3206,0
3.6877,-0.74661,0
3.70927,-0.25959,0
0.06595,-1.43689,0
0.09631,-1.25552,0
3.7447,-0.58176,0
0.46379,-1.31542,0
2.17412,1.32859,0
0.61638,-1.2774,0
3.48286,1.32853,0
2.39217,1.2644,0
0.32725,-1.3244,0
3.47548,1.39785,0
0.48184,-1.36834,0
2.26489,1.25533,0
1.17656,-1.26183,0
2.85207,1.383,0
0.51846,-1.36677,0
2.36482,1.38603,0
3.28741,1.31145,0
2.99911,1.2874,0
3.65065,-0.89836,0
0.4069,-1.30867,0
3.69115,-0.52558,0
3.68648,-0.43369,0
0.37918,-1.3141,0
2.48508,1.26869,0
3.67996,-0.34892,0
-0.06935,-1.36272,0
-0.08532,-1.4948,0
3.36901,1.2964,0
-0.1177,-1.49801,0
3.6632,-0.43962,0
-0.10922,-1.48486,0
0.84184,-1.26281,0
3.6825,-0.63497,0
1.28315,-1.25813,0
3.67324,-0.92382,0
0.68595,-1.33494,0
3.01334,1.29399,0
0.50144,-1.25022,0
3.63936,-0.71503,0
3.66403,-0.72092,0
3.35199,1.29285,0
2.91176,1.29896,0
2.98134,1.30866,0
0.21247,-1.3837,0
2.76936,1.41023,0
0.27602,-1.3392,0
0.42567,-1.42795,0
2.9816,1.27939,0
0.0389,-1.32151,0
2.73429,1.29421,0
3.65897,-0.5292,0
3.20765,1.44033,0
-0.15168,-1.28292,0
3.13351,1.369,0
2.12475,1.32525,0
0.67995,-1.35362,0
2.86792,1.43211,0
-0.15348,-1.36735,0
2.9385,1.27993,0
3.42269,1.52679,0
1.24963,-1.2526,0
2.7001,1.33309,0
0.34701,-1.25254,0
2.46454,1.29626,0
3.14028,1.38253,0
3.647,-0.63618,0
-0.07448,-1.28886,0
2.72837,1.29096,0
0.73287,-1.28807,0
3.22395,1.38905,0
2.87014,1.41419,0
0.31252,-1.4146,0
2.86276,1.3165,0
3.73088,-0.62641,0
0.99014,-1.28922,0
-0.13529,-1.38619,0
0.79453,-1.34864,0
3.67356,-0.93172,0
3.18345,1.48262,0
0.80144,-1.29178,0
1.18843,-1.29908,0
0.53521,-1.35284,0
3.28033,1.46962,0
0.54323,-1.33364,0
2.61455,1.27881,0
3.66599,-0.27894,0
-0.10807,-1.40021,0
0.53981,-1.27825,0
2.33463,1.30287,0
0.67696,-1.28973,0
0.97295,-1.2765,0
3.4262,1.41901,0
3.66976,-0.23958,0
0.4881,-1.28723,0
2.92783,1.47061,0
3.32715,1.34912,0
3.80305,-0.84186,0
1.24694,-1.29817,0
0.50502,-1.39276,0
-0.12798,-1.30382,0
3.70434,-0.29622,0
-0.13256,-1.36354,0
2.99296,1.2711,0
3.72405,-0.91182,0
3.4086,1.46344,0
2.0105,1.31409,0
1.84208,1.26794,0
3.7436,-0.77851,0
0.58059,-1.39592,0
3.46251,1.36266,0
2.32406,1.37789,0
1.0936,-1.27359,0
3.41686,1.33307,0
3.7557,-0.8137,0
0.69814,-1.36894,0
1.9143,1.26283,0
3.65387,-0.63756,0
2.2022,1.3349,0
3.32711,1.40055,0
2.92267,1.45536,0
0.34555,-1.34273,0
3.28182,1.33012,0
2.71314,1.27527,0
3.29603,1.36786,0
3.03001,1.44984,0
2.98487,1.40482,0
1.90467,1.3135,0
2.87514,1.4207,0
3.44667,1.4127,0
3.40133,1.25564,0
3.21368,1.29929,0
0.71381,-1.35794,0
0.42892,-1.40845,0
2.54198,1.26523,0
3.42731,1.26452,0
1.91425,1.29129,0
3.6866,-0.76329,0
0.47225,-1.34955,0
0.82508,-1.30197,0
0.21902,-1.25976,0
2.96697,1.34618,0
2.32097,1.27038,0
3.43209,1.52526,0
3.06921,1.38028,0
0.17123,-1.35479,0
-0.04777,-1.25316,0
3.46583,1.3835,0
-0.02459,-1.34766,0
0.079,-1.4599,0
2.28053,1.36001,0
2.98692,1.37261,0
3.20817,1.33603,0
2.20189,1.3481,0
2.64642,1.25048,0
0.79639,-1.30036,0
0.87445,-1.30798,0
3.13975,1.48454,0
0.68044,-1.28079,0
0.78108,-1.37385,0
2.97412,1.34352,0
2.83527,1.36821,0
3.41459,1.5093,0
2.30198,1.35311,0
3.25586,1.40864,0
3.71741,-0.4585,0
3.66894,-0.20271,0
3.16664,1.39817,0
1.27096,-1.30268,0
3.3024,1.50867,0
2.16278,1.3026,0
2.61257,1.39916,0
1.91231,1.31335,0
0.47747,-1.38739,0
0.80564,-1.34989,0
3.1972,1.32337,0
2.93906,1.33434,0
1.35892,-1.28108,0
0.64902,-1.29644,0
3.23487,1.38354,0
0.62387,-1.33854,0
3.03863,1.32752,0
3.18081,1.26356,0
3.40372,1.35032,0
1.25547,-1.29806,0
3.70186,-0.65183,0
3.39298,1.34104,0
3.74724,-0.87415,0
0.51312,-1.39071,0
3.01559,1.27731,0
0.05101,-1.38317,0
3.67528,-0.52388,0
2.85362,1.26371,0
2.56611,1.39669,0
3.36895,1.4588,0
2.41428,1.36834,0
2.23348,1.32026,0
2.221,1.25048,0
3.13059,1.47194,0
0.15268,-1.32,0
0.00588,-1.34376,0
-0.11351,-1.34765,0
3.08302,1.29962,0
3.77975,-0.85516,0
0.68104,-1.37742,0
1.91818,1.31716,0
3.45022,1.32291,0
3.09967,1.31002,0
2.67139,1.3312,0
3.27331,1.27324,0
0.75316,-1.27014,0
0.46404,-1.27102,0
3.30199,1.30933,0
-0.06129,-1.39423,0
0.06568,-1.41967,0
0.37948,-1.31834,0
0.59677,-1.35016,0
3.71981,-0.70183,0
1.32488,-1.27166,0
2.33837,1.32637,0
0.97872,-1.26645,0
2.68382,1.41423,0
3.41591,1.46829,0
2.61882,1.26449,0
1.93649,1.25938,0
3.77927,-0.88032,0
3.03439,1.34462,0
3.37712,1.35087,0
3.37199,1.49971,0
0.91106,-1.28985,0
3.70689,-0.73443,0
0.37044,-1.36429,0
3.24924,1.40452,0
0.88676,-1.31354,0
3.71088,-0.3329,0
2.9631,1.38984,0
3.13984,1.28283,0
2.68291,1.34588,0
3.72319,-0.53261,0
3.69758,-0.53115,0
2.49345,1.32123,0
-0.13114,-1.34693,0
2.06512,1.27397,0
2.59429,1.4004,0
0.12557,-1.25135,0
2.81277,1.40045,0
3.72307,-0.49738,0
-0.00121,-1.42739,0
3.72113,-0.46124,0
0.10434,-1.36131,0
0.64709,-1.25014,0
3.21186,1.50049,0
3.1278,1.30817,0
2.93006,1.41578,0
2.9053,1.44165,0
3.42728,1.45183,0
2.23999,1.36014,0
3.70212,-0.21704,0
3.73065,-0.69726,0
3.25267,1.25179,0
2.78237,1.26667,0
0.01301,-1.39006,0
3.67414,-0.8772,0
0.86806,-1.31254,0
3.24948,1.33877,0
3.11126,1.45609,0
0.33736,-1.29687,0
0.6731,-1.35053,0
3.0358,1.3493,0
3.64298,-0.7641,0
0.17164,-1.33185,0
2.96809,1.475,0
3.22706,1.51435,0
3.655,-0.57269,0
3.70325,-0.29996,0
2.44641,1.39113,0
0.40574,-1.32637,0
3.23764,1.35948,0
0.10203,-1.3876,0
0.12459,-1.32518,0
2.53899,1.38279,0
2.84238,1.37017,0
0.6465,-1.27492,0
3.10693,1.34857,0
0.05013,-1.41474,0
0.10763,-1.42803,0
-0.13193,-1.49632,0
3.72457,-0.90322,0
3.27922,1.30136,0
3.75969,-0.53548,0
2.66587,1.37618,0
0.13553,-1.42365,0
2.29058,1.26383,0
3.67157,-0.5743,0
2.88094,1.46312,0
0.36389,-1.3906,0
-0.15711,-1.32368,0
3.70214,-0.36069,0
2.82427,1.32574,0
3.26125,1.50219,0
3.39737,1.26063,0
0.7256,-1.30979,0
3.74988,-0.53313,0
0.06224,-1.4046,0
2.86901,1.40537,0
2.21099,1.35264,0
0.56048,-1.33197,0
2.76083,1.42183,0
3.22609,1.45309,0
3.39614,1.31991,0
3.06814,1.37673,0
3.67909,-0.61912,0
3.43397,1.53217,0
3.40594,1.38767,0
3.0292,1.38093,0
0.0397,-1.40503,0
0.16418,-1.4208,0
0.19834,-1.28497,0
-0.11542,-1.44262,0
3.64867,-0.77201,0
1.9885,1.2828,0
3.30403,1.51856,0
0.05452,-1.4055,0
-0.05111,-1.28755,0
3.32391,1.36169,0
1.19572,-1.2905,0
2.47612,1.29794,0
2.80994,1.30702,0
3.7136,-0.7496,0
3.75736,-0.52184,0
1.06417,-1.25578,0
3.24724,1.36113,0
3.21948,1.40294,0
0.82901,-1.31963,0
2.77113,1.3555,0
2.94363,1.32362,0
1.96548,1.29965,0
0.50258,-1.38521,0
3.3227,1.41895,0
0.96765,-1.25105,0
3.2114,1.37353,0
3.69155,-0.24388,0
3.73838,-0.93412,0
2.81529,1.43685,0
0.72525,-1.26878,0
2.70493,1.35314,0
2.86678,1.43882,0
-0.08539,-1.39867,0
3.75251,-0.8716,0
0.97484,-1.32298,0
0.34043,-1.34875,0
1.08403,-1.29353,0
2.00278,1.27034,0
0.17827,-1.44331,0
0.12744,-1.37975,0
3.22811,1.356,0
3.31315,1.51453,0
0.58717,-1.35663,0
0.58254,-1.3104,0
0.83146,-1.34424,0
2.97442,1.31401,0
3.32542,1.49296,0
3.45564,1.48656,0
3.65301,-0.38732,0
0.36165,-1.38394,0
3.71235,-0.5681,0
2.83425,1.35488,0
-0.11502,-1.48622,0
0.92481,-1.3189,0
3.79941,-0.87208,0
0.45303,-1.31011,0
1.89795,1.29866,0
0.45292,-1.35254,0
1.09152,-1.25083,0
2.42938,1.33042,0
1.10913,-1.25982,0
2.73596,1.37322,0
2.76194,1.35394,0
0.68326,-1.32513,0
3.09521,1.30473,0
2.5459,1.32617,0
2.96749,1.40244,0
1.95196,1.31402,0
3.75083,-0.55553,0
3.41342,1.26208,0
2.64978,1.41238,0
0.27406,-1.30381,0
3.6451,-0.57238,0
3.41342,1.30906,0
2.69783,1.27558,0
0.70746,-1.38623,0
2.21373,1.31556,0
3.67051,-0.23299,0
3.65736,-0.41833,0
2.58667,1.30111,0
0.05905,-1.35613,0
3.20524,1.50521,0
2.7012,1.39019,0
2.45762,1.26634,0
3.70492,-0.81132,0
0.76632,-1.2981,0
2.61711,1.32195,0
2.43196,1.35323,0
3.26605,1.48838,0
0.49375,-1.33093,0
3.67325,-0.89492,0
0.87625,-1.25598,0
0.07197,-1.32954,0
0.51038,-1.29635,0
3.47051,1.36148,0
0.63559,-1.30497,0
2.55718,1.41402,0
3.73428,-0.88842,0
3.66726,-0.33766,0
3.17171,1.41828,0
2.59981,1.32951,0
2.62922,1.33559,0
2.57674,1.2695,0
2.82316,1.38809,0
-0.05392,-1.46233,0
3.2111,1.32146,0
2.25696,1.28479,0
3.69731,-0.60579,0
3.6965,-0.78598,0
-0.02555,-1.26487,0
0.54577,-1.33554,0
3.78501,-0.82639,0
3.27488,1.39945,0
3.02579,1.37109,0
0.52044,-1.34966,0
3.06508,1.27916,0
2.83184,1.33935,0
3.74776,-0.67477,0
1.16119,-1.30643,0
0.88687,-1.26699,0
2.21678,1.25635,0
2.51263,1.33517,0
3.66876,-0.33718,0
2.96988,1.38639,0
3.7005,-0.32433,0
3.15614,1.48008,0
2.7523,1.36022,0
0.17617,-1.41863,0
-0.06686,-1.49875,0
0.10931,-1.36274,0
2.88958,1.36713,0
0.98826,-1.25763,0
0.19507,-1.34809,0
3.69915,-0.20752,0
0.31964,-1.34817,0
0.72273,-1.25298,0
0.36618,-1.39884,0
3.77372,-0.78093,0
0.60357,-1.26525,0
2.6869,1.39337,0
3.02789,1.26523,0
3.36433,1.47211,0
0.2722,-1.34268,0
1.02105,-1.27521,0
0.91219,-1.28519,0
2.70258,1.36182,0
3.69306,-0.91907,0
3.35144,1.34462,0
3.42841,1.46909,0
0.71621,-1.26515,0
0.25494,-1.29604,0
1.90393,1.28847,0
1.25552,-1.26281,0
0.01785,-1.46601,0
0.60117,-1.39131,0
0.18892,-1.43152,0
2.97538,1.25727,0
0.74399,-1.29977,0
2.412,1.33631,0
0.25683,-1.33303,0
2.96805,1.35448,0
2.7267,1.38743,0
2.3137,1.35325,0
3.09781,1.29741,0
3.18371,1.4816,0
1.0386,-1.32263,0
0.73217,-1.29513,0
3.75237,-0.85165,0
0.64683,-1.30499,0
2.05422,1.32481,0
3.30617,1.44496,0
0.90431,-1.33214,0
3.78196,-0.81707,0
3.66519,-0.41551,0
3.7064,-0.78954,0
0.4485,-1.25352,0
2.27113,1.26726,0
0.17439,-1.35849,0
3.19415,1.33602,0
0.79451,-1.26617,0
0.66435,-1.34915,0
2.53045,1.40047,0
0.03098,-1.30074,0
3.39062,1.47687,0
0.1632,-1.43259,0
0.35404,-1.33739,0
-0.08522,-1.27952,0
0.07534,-1.30963,0
2.5423,1.36478,0
3.66989,-0.93932,0
2.82704,1.2805,0
2.50677,1.37917,0
0.99002,-1.25132,0
1.26655,-1.27071,0
2.96803,1.28064,0
3.11956,1.37147,0
3.73816,-0.53802,0
3.36986,1.52292,0
3.05722,1.32412,0
0.22575,-1.31932,0
0.53647,-1.29796,0
3.78037,-0.64777,0
1.96005,1.30089,0
2.40873,1.36147,0
1.21424,-1.30727,0
3.73496,-0.60262,0
0.34523,-1.31317,0
0.79169,-1.25657,0
2.47158,1.29615,0
3.02411,1.29407,0
2.88147,1.35826,0
3.44315,1.27966,0
-0.102,-1.28536,0
2.51741,1.38811,0
3.69051,-0.43953,0
-0.0954,-1.31042,0
3.13454,1.49748,0
3.68507,-0.32787,0
-0.13264,-1.35595,0
0.58982,-1.32557,0
0.69501,-1.33509,0
1.29359,-1.27638,0
2.91995,1.42584,0
1.34398,-1.26235,0
2.58648,1.25567,0
-0.04307,-1.36513,0
3.05679,1.34736,0
0.09268,-1.25012,0
-0.00967,-1.42758,0
3.74236,-0.70757,0
2.46957,1.38978,0
0.28084,-1.28332,0
0.96792,-1.28576,0
3.28762,1.47621,0
3.65234,-0.43731,0
-0.03247,-1.45792,0
0.21467,-1.35039,0
2.11846,1.3408,0
0.45717,-1.42353,0
0.59012,-1.25493,0
1.1632,-1.3,0
2.75075,1.37638,0
2.47354,1.25092,0
3.64193,-0.88384,0
3.20645,1.40913,0
-0.12846,-1.29993,0
2.18561,1.26016,0
2.46149,1.30973,0
1.08302,-1.25669,0
2.68111,1.43249,0
2.57919,1.31228,0
2.85335,1.29432,0
0.27382,-1.27705,0
3.08731,1.30527,0
1.28265,-1.28862,0
2.77105,1.40815,0
2.45672,1.37866,0
2.11138,1.31414,0
3.76354,-0.71131,0
3.04921,1.33808,0
1.23376,-1.26993,0
3.73612,-0.43848,0
3.7365,-0.47393,0
2.99112,1.36877,0
2.86862,1.37947,0
0.77707,-1.33429,0
2.47408,1.27082,0
3.03016,1.32808,0
0.56645,-1.29099,0
0.06108,-1.48154,0
0.32729,-1.25497,0
3.80703,-0.91219,0
0.63333,-1.28926,0
3.68633,-0.77648,0
0.60849,-1.3629,0
3.45287,1.27073,0
1.8081,1.281,0
-0.1133,-1.40525,0
-0.09457,-1.33765,0
0.51593,-1.32487,0
2.87319,1.29972,0
0.4182,-1.33752,0
2.95964,1.37776,0
2.30879,1.25293,0
0.3161,-1.3017,0
3.72068,-0.41795,0
0.21526,-1.44648,0
2.13936,1.27239,0
3.74828,-0.48063,0
3.73423,-0.63635,0
2.04467,1.292,0
2.64259,1.40133,0
0.2969,-1.43699,0
3.28581,1.52357,0
0.93209,-1.34122,0
3.0754,1.41055,0
3.68472,-0.69132,0
0.18365,-1.44107,0
3.04415,1.2717,0
2.25639,1.29367,0
3.65133,-0.67506,0
2.87705,1.37355,0
0.16239,-1.40488,0
0.64172,-1.31483,0
2.68479,1.42356,0
2.77455,1.42816,0
3.77338,-0.59838,0
3.23454,1.48192,0
0.42641,-1.31667,0
0.85693,-1.36197,0
1.94313,1.3227,0
0.73657,-1.34395,0
3.69306,-0.74771,0
2.82839,1.30031,0
0.69367,-1.27407,0
2.12174,1.2961,0
0.02317,-1.25626,0
3.17053,1.33692,0
0.13189,-1.4001,0
2.84868,1.42862,0
0.79229,-1.2771,0
0.97163,-1.28101,0
0.20101,-1.43326,0
3.74826,-0.91338,0
2.7482,1.27365,0
0.19029,-1.25178,0
0.00862,-1.37679,0
3.38772,1.27721,0
3.15887,1.4876,0
2.18891,1.2904,0
3.64425,-0.83709,0
3.1478,1.36288,0
0.91669,-1.26087,0
3.4672,1.28368,0
0.34092,-1.37367,0
3.24932,1.36822,0
1.31453,-1.28625,0
3.71821,-0.74104,0
3.68079,-0.71459,0
3.16518,1.39516,0
3.33885,1.31938,0
2.77749,1.30167,0
3.10729,1.30166,0
2.27806,1.32394,0
0.37059,-1.42688,0
2.77448,1.44278,0
0.08609,-1.3413,0
3.36057,1.41395,0
2.87999,1.38169,0
0.72783,-1.25567,0
3.68089,-0.45939,0
2.50952,1.35231,0
0.62857,-1.26248,0
1.07004,-1.32645,0
0.27004,-1.42622,0
0.89849,-1.30149,0
3.69008,-0.32436,0
0.25574,-1.39829,0
2.94492,1.41255,0
1.87337,1.27742,0
2.42636,1.28917,0
2.19049,1.27381,0
0.20555,-1.39524,0
0.04211,-1.26359,0
0.16355,-1.29938,0
2.12405,1.32434,0
0.00402,-1.40895,0
3.01764,1.27089,0
3.40783,1.33838,0
0.32639,-1.26293,0
3.40527,1.52819,0
3.39297,1.52761,0
0.62827,-1.33466,0
2.52173,1.26279,0
3.68069,-0.35704,0
1.89685,1.31693,0
0.17494,-1.4599,0
-0.04273,-1.45049,0
3.67973,-0.66757,0
3.40179,1.38098,0
3.29073,1.26727,0
0.45969,-1.25646,0
-0.0544,-1.33211,0
3.35506,1.43487,0
0.42623,-1.41028,0
3.70494,-0.68991,0
0.69232,-1.29652,0
3.73378,-0.59455,0
3.02167,1.37785,0
2.47944,1.31597,0
3.72198,-0.4265,0
3.75461,-0.61231,0
1.16921,-1.25762,0
3.70199,-0.67524,0
0.42456,-1.28682,0
2.52909,1.32463,0
3.26468,1.37437,0
3.25081,1.47256,0
2.68516,1.34541,0
3.8023,-0.84828,0
0.61198,-1.37002,0
0.11732,-1.25094,0
2.99615,1.31483,0
1.90721,1.30053,0
3.75195,-0.48856,0
0.42096,-1.30622,0
0.46348,-1.33609,0
0.07642,-1.4698,0
2.78643,1.41703,0
2.62331,1.33921,0
3.67251,-0.76341,0
0.73466,-1.34851,0
3.66663,-0.22882,0
0.17839,-1.37027,0
3.40788,1.33797,0
3.70787,-0.49885,0
0.07096,-1.27267,0
1.01197,-1.26998,0
3.69969,-0.81428,0
3.29963,1.51113,0
1.19099,-1.25306,0
3.01951,1.35058,0
2.6269,1.3931,0
1.86291,1.27334,0
0.2362,-1.37241,0
0.44028,-1.34323,0
3.80765,-0.83898,0
0.27905,-1.39737,0
0.60153,-1.25473,0
2.67399,1.33017,0
3.46221,1.26128,0
0.7272,-1.25964,0
0.05838,-1.36422,0
2.89403,1.43126,0
3.06585,1.31818,0
3.67489,-0.31606,0
0.54716,-1.25963,0
2.50681,1.37455,0
3.70426,-0.4249,0
0.2314,-1.34042,0
0.33269,-1.35124,0
1.06091,-1.32333,0
3.33757,1.25151,0
3.07149,1.33067,0
0.32632,-1.26152,0
0.56898,-1.39959,0
3.73935,-0.78539,0
-0.13426,-1.41616,0
2.43138,1.34525,0
2.91026,1.45553,0
3.65684,-0.54876,0
3.06494,1.46893,0
2.54763,1.35812,0
0.36601,-1.28194,0
2.2965,1.29739,0
3.13325,1.40315,0
2.99771,1.44999,0
3.77974,-0.79476,0
0.09402,-1.38208,0
2.31419,1.29177,0
3.80435,-0.90347,0
2.25169,1.28097,0
2.23495,1.31569,0
2.07176,1.2595,0
3.66443,-0.41792,0
2.08912,1.33574,0
3.68772,-0.60699,0
3.45457,1.47212,0
0.35106,-1.35343,0
0.07273,-1.45395,0
3.76109,-0.62086,0
0.91737,-1.30474,0
1.85081,1.30967,0
2.90467,1.3691,0
3.71713,-0.72555,0
3.72692,-0.71133,0
3.77921,-0.72819,0
3.24593,1.48057,0
0.45573,-1.3461,0
2.52653,1.3234,0
3.04266,1.37463,0
3.71986,-0.55354,0
2.89359,1.44728,0
0.14379,-1.45672,0
0.42147,-1.26623,0
0.19803,-1.29996,0
0.25578,-1.39097,0
3.74286,-0.80011,0
1.33239,-1.26882,0
2.31676,1.2996,0
0.05921,-1.38624,0
3.64581,-0.51424,0
3.15353,1.49473,0
3.41674,1.50815,0
2.45112,1.38657,0
1.01757,-1.30305,0
2.16692,1.26478,0
2.41919,1.28972,0
3.25967,1.32868,0
0.49123,-1.37389,0
2.72158,1.30068,0
3.74327,-0.86842,0
3.44483,1.44397,0
3.43985,1.43269,0
3.67446,-0.53976,0
-0.12498,-1.312,0
0.47559,-1.35264,0
2.55425,1.3265,0
3.0317,1.31947,0
0.14526,-1.4362,0
3.45884,1.32404,0
3.73818,-0.49252,0
0.6937,-1.29958,0
2.26735,1.31128,0
3.72164,-0.70105,0
0.95285,-1.27718,0
-0.02594,-1.4084,0
0.43499,-1.31129,0
2.08781,1.26712,0
2.55993,1.29626,0
3.3002,1.29119,0
3.76304,-0.92055,0
0.37397,-1.27055,0
0.59333,-1.28991,0
3.64637,-0.51702,0
-0.02489,-1.43716,0
0.59289,-1.31321,0
2.81686,1.44142,0
0.26879,-1.27918,0
0.64706,-1.31053,0
3.67392,-0.79097,0
0.49887,-1.26271,0
0.9585,-1.28722,0
1.06863,-1.28863,0
3.67686,-0.74434,0
1.84958,1.29606,0
2.61546,1.31074,0
2.47932,1.38633,0
3.74161,-0.81207,0
3.69049,-0.33805,0
-0.06577,-1.28616,0
3.64969,-0.70399,0
3.03535,1.31987,0
2.28191,1.33153,0
2.77641,1.27723,0
0.8607,-1.2682,0
0.26572,-1.43317,0
-0.12462,-1.31861,0
3.0981,1.31255,0
1.03716,-1.26809,0
0.58695,-1.25835,0
0.61914,-1.28962,0
2.36304,1.25699,0
2.86562,1.32489,0
0.05126,-1.32475,0
1.14127,-1.29505,0
2.32705,1.25896,0
0.24059,-1.34195,0
0.74484,-1.30639,0
-0.06209,-1.36239,0
2.67599,1.41605,0
3.71444,-0.20377,0
2.86607,1.25158,0
0.52275,-1.3125,0
3.17002,1.40072,0
2.99042,1.42499,0
0.30833,-1.40689,0
0.31719,-1.39963,0
0.71834,-1.32551,0
3.7678,-0.89823,0
0.67078,-1.35504,0
2.42997,1.26141,0
2.59111,1.34947,0
2.95866,1.37103,0
0.55682,-1.37016,0
0.3057,-1.37805,0
3.30619,1.45896,0
2.75026,1.26636,0
0.99037,-1.25815,0
2.40351,1.29767,0
2.32774,1.29668,0
3.65559,-0.56171,0
3.71037,-0.53432,0
2.55201,1.29819,0
2.50241,1.35103,0
1.09535,-1.27017,0
2.6609,1.31334,0
3.76206,-0.89225,0
3.41205,1.4615,0
0.03326,-1.43105,0
3.70354,-0.21922,0
2.68505,1.34761,0
2.63118,1.31844,0
0.09452,-1.46304,0
3.70927,-0.28789,0
2.13947,1.27223,0
-0.1064,-1.50058,0
3.27766,1.49314,0
3.40268,1.3709,0
2.58027,1.37222,0
3.70137,-0.63782,0
2.90055,1.40552,0
0.5912,-1.33909,0
2.88903,1.38126,0
0.20474,-1.43511,0
3.33051,1.28866,0
-0.09668,-1.49682,0
3.68667,-0.41158,0
2.98522,1.27072,0
3.65434,-0.94272,0
3.724,-0.38431,0
2.96801,1.40605,0
0.87552,-1.27491,0
3.72832,-0.58646,0
1.10121,-1.25051,0
0.81123,-1.35601,0
3.70436,-0.82938,0
3.67931,-0.15551,0
1.09294,-1.31857,0
0.02307,-1.27044,0
3.67509,-0.60402,0
1.00606,-1.29266,0
3.28224,1.26403,0
3.33731,1.47368,0
3.71106,-0.5807,0
0.41541,-1.38684,0
3.76665,-0.62233,0
0.01778,-1.38315,0
3.76768,-0.8689,0
2.69904,1.27466,0
1.06003,-1.31715,0
0.76749,-1.32945,0
0.50253,-1.38788,0
3.32337,1.51497,0
3.73067,-0.36255,0
3.44963,1.25801,0
3.207,1.49687,0
2.83942,1.40546,0
0.46447,-1.36635,0
2.63009,1.36989,0
0.17162,-1.36012,0
3.72103,-0.24688,0
2.89696,1.40928,0
0.90915,-1.276,0
3.06329,1.38539,0
0.03663,-1.46552,0
3.33257,1.26587,0
0.21396,-1.2658,0
-0.03482,-1.4671,0
0.06789,-1.307,0
2.90545,1.36182,0
0.26031,-1.2998,0
0.62093,-1.37404,0
0.25067,-1.33128,0
3.716,-0.70672,0
0.37543,-1.29625,0
-0.02138,-1.30576,0
2.53188,1.27935,0
-0.07915,-1.40055,0
2.95269,1.44745,0
1.20755,-1.28097,0
2.3205,1.32563,0
1.0627,-1.29693,0
3.22198,1.45124,0
1.86013,1.29954,0
-0.09173,-1.32487,0
0.04602,-1.29206,0
3.06141,1.30578,0
3.66158,-0.67276,0
1.8697,1.3104,0
2.70805,1.40616,0
3.66614,-0.3403,0
0.84183,-1.25743,0
0.37511,-1.28034,0
0.54909,-1.26052,0
0.01456,-1.27651,0
-0.02186,-1.36423,0
2.67681,1.40551,0
2.93402,1.39566,0
-0.12048,-1.38806,0
0.82585,-1.27466,0
1.23442,-1.28713,0
0.23295,-1.33187,0
2.46,1.38485,0
0.15071,-1.34325,0
3.29737,1.40087,0
2.98766,1.45339,0
0.64796,-1.32803,0
2.7099,1.29877,0
0.65907,-1.29564,0
3.47657,1.30173,0
3.71494,-0.5418,0
2.58546,1.39589,0
-0.10118,-1.46282,0
1.9597,1.26472,0
2.77653,1.31121,0
2.52387,1.39122,0
2.89291,1.38559,0
1.25363,-1.27613,0
2.23372,1.25171,0
2.80417,1.43519,0
0.20521,-1.41288,0
3.30811,1.30206,0
0.01731,-1.43063,0
2.9079,1.32513,0
3.18678,1.36793,0
-0.05766,-1.40975,0
2.95495,1.28483,0
3.38458,1.37101,0
0.50839,-1.4103,0
0.23115,-1.44156,0
-0.02968,-1.41592,0
3.44406,1.47314,0
3.79093,-0.86565,0
2.93043,1.36582,0
3.0674,1.37298,0
3.67291,-0.92345,0
2.00439,1.25739,0
2.81192,1.29728,0
1.33966,-1.28975,0
2.71755,1.28142,0
2.46197,1.264,0
0.70775,-1.31617,0
3.74734,-0.91521,0
2.22235,1.34428,0
2.66379,1.38789,0
3.09063,1.42742,0
3.76427,-0.74144,0
3.28828,1.3026,0
0.46227,-1.37032,0
3.2758,1.42352,0
0.35365,-1.30798,0
2.23392,1.3171,0
3.46365,1.25246,0
0.52152,-1.34151,0
2.41162,1.30804,0
0.25477,-1.39723,0
3.67856,-0.69636,0
0.16673,-1.2878,0
2.25772,1.31577,0
2.73751,1.3567,0
0.58445,-1.39192,0
3.73816,-0.79681,0
-0.02873,-1.29105,0
0.26844,-1.27949,0
2.76509,1.40551,0
0.88446,-1.29616,0
-0.15271,-1.29649,0
3.24411,1.45778,0
3.66443,-0.6778,0
2.41255,1.29274,0
-0.05719,-1.44441,0
0.63461,-1.35325,0
3.26911,1.2511,0
3.79348,-0.88189,0
0.09335,-1.29799,0
2.34186,1.37503,0
0.52502,-1.31527,0
0.64188,-1.28709,0
3.15693,1.33822,0
0.29857,-1.31053,0
3.37822,1.42161,0
0.55526,-1.38594,0
2.29635,1.31207,0
-0.00373,-1.45761,0
-0.12285,-1.43966,0
3.6973,-0.74489,0
0.2194,-1.33804,0
1.06616,-1.27321,0
2.96,1.45806,0
0.1113,-1.28586,0
2.57157,1.4053,0
-0.12207,-1.25761,0
0.43601,-1.4097,0
2.4613,1.33253,0
2.59816,1.38076,0
2.70385,1.42151,0
3.77277,-0.59607,0
0.54542,-1.25405,0
3.73993,-0.62136,0
3.24063,1.30993,0
0.62527,-1.28977,0
2.42351,1.34419,0
0.41498,-1.31334,0
3.29145,1.25692,0
3.05062,1.43106,0
2.49813,1.35886,0
-0.03334,-1.27374,0
0.48282,-1.26057,0
1.86989,1.31008,0
3.47101,1.41663,0
3.27674,1.30295,0
3.77037,-0.63126,0
-0.02789,-1.27166,0
3.69434,-0.90645,0
2.05197,1.32059,0
3.01142,1.42718,0
0.08222,-1.3579,0
3.37953,1.49634,0
2.99378,1.35806,0
3.16519,1.4128,0
2.27373,1.3001,0
3.23083,1.3576,0
3.73466,-0.49232,0
2.65183,1.40212,0
3.10265,1.30956,0
3.76491,-0.84829,0
0.87427,-1.31365,0
3.42501,1.41281,0
3.65965,-0.33428,0
3.74162,-0.46962,0
3.74727,-0.91789,0
3.06394,1.25126,0
3.70191,-0.21152,0
0.29473,-1.44026,0
3.41477,1.53529,0
3.08701,1.40115,0
3.78528,-0.7729,0
1.34052,-1.26931,0
3.64422,-0.75228,0
-0.12196,-1.42983,0
0.59396,-1.32448,0
3.10564,1.38275,0
3.70847,-0.55089,0
0.23875,-1.32452,0
0.65014,-1.26026,0
3.01158,1.36716,0
0.05935,-1.30969,0
1.19104,-1.28833,0
3.69109,-0.8307,0
0.02313,-1.46434,0
0.98354,-1.34202,0
3.74941,-0.7374,0
3.42261,1.41748,0
0.20179,-1.3014,0
3.07828,1.27381,0
3.12324,1.45423,0
3.0534,1.25588,0
3.69427,-0.4749,0
3.21939,1.38037,0
3.27892,1.25175,0
0.64916,-1.33919,0
0.83143,-1.30699,0
2.76463,1.38665,0
3.34181,1.44016,0
-0.07309,-1.45013,0
1.19017,-1.30314,0
3.73955,-0.49081,0
3.75989,-0.72456,0
2.28291,1.34112,0
0.74686,-1.28481,0
3.22993,1.42525,0
3.02824,1.35131,0
-0.11184,-1.48443,0
2.65449,1.4172,0
2.36015,1.3104,0
2.31013,1.30302,0
2.39821,1.33791,0
3.29699,1.30943,0
0.42673,-1.34236,0
2.01665,1.2797,0
3.782,-0.84804,0
0.51571,-1.31291,0
-0.08911,-1.35818,0
3.79796,-0.80824,0
2.62792,1.36976,0
2.6161,1.41974,0
0.15032,-1.31308,0
-0.06826,-1.35242,0
3.09528,1.40825,0
0.42679,-1.42176,0
3.04878,1.43803,0
0.34973,-1.32512,0
3.20262,1.43375,0
3.38117,1.25753,0
3.06932,1.35856,0
2.3521,1.30725,0
0.60578,-1.27516,0
3.68673,-0.73704,0
2.68879,1.28929,0
3.28527,1.32656,0
2.87491,1.28681,0
3.34804,1.28816,0
3.66347,-0.68078,0
3.7021,-0.73117,0
3.71236,-0.23742,0
3.09553,1.47162,0
3.00345,1.36359,0
3.14241,1.34207,0
0.35025,-1.30925,0
2.83753,1.33094,0
2.95762,1.2685,0
0.4084,-1.33985,0
-0.05552,-1.35613,0
2.29641,1.37064,0
3.75206,-0.69264,0
0.12768,-1.29838,0
2.71162,1.34295,0
0.23979,-1.38235,0
2.08782,1.3045,0
0.14451,-1.31836,0
3.65543,-0.91335,0
0.13009,-1.26316,0
2.36977,1.33959,0
1.16917,-1.31567,0
0.11335,-1.3495,0
3.28964,1.51456,0
3.36516,1.28756,0
0.39249,-1.3171,0
2.46647,1.32815,0
3.72189,-0.7939,0
0.82031,-1.25832,0
2.99969,1.25488,0
3.7213,-0.60501,0
2.81212,1.39768,0
1.14288,-1.27847,0
0.61065,-1.29879,0
0.82969,-1.35397,0
0.20179,-1.40275,0
3.07748,1.35377,0
3.06436,1.31412,0
2.08193,1.29271,0
3.11691,1.33876,0
2.10981,1.32674,0
3.16877,1.49475,0
3.7617,-0.66685,0
3.39915,1.31251,0
1.16198,-1.26221,0
0.32795,-1.35972,0
0.03089,-1.45988,0
0.97457,-1.26753,0
0.24438,-1.31996,0
3.27306,1.34898,0
3.17921,1.40132,0
3.18052,1.35976,0
1.17102,-1.31467,0
2.96368,1.26423,0
0.76476,-1.25185,0
3.04686,1.29934,0
2.28818,1.34437,0
3.25703,1.28272,0
3.45866,1.33916,0
2.8198,1.29771,0
3.71886,-0.63066,0
2.01622,1.29832,0
2.45808,1.33782,0
0.86156,-1.2628,0
2.09978,1.29435,0
3.70857,-0.69805,0
3.37829,1.32334,0
3.66477,-0.2982,0
3.77411,-0.64906,0
3.11685,1.25502,0
3.13539,1.30152,0
3.48099,1.33798,0
1.99084,1.31433,0
3.68808,-0.71512,0
0.274,-1.36877,0
0.59389,-1.38245,0
3.6926,-0.46973,0
3.80424,-0.84852,0
3.7861,-0.83719,0
0.11224,-1.44673,0
3.68641,-0.37946,0
3.65848,-0.7275,0
3.7342,-0.80391,0
2.79445,1.38063,0
2.51192,1.39151,0
3.05231,1.44517,0
3.24624,1.51109,0
2.4718,1.33144,0
2.86886,1.33757,0
2.50511,1.36256,0
2.85758,1.35671,0
3.27876,1.35541,0
2.74179,1.25966,0
0.16601,-1.45054,0
2.99758,1.34302,0
3.71341,-0.56083,0
2.97485,1.28323,0
2.00731,1.31145,0
1.86241,1.29011,0
3.7291,-0.7047,0
3.69657,-0.50051,0
1.32405,-1.26784,0
3.12658,1.26719,0
0.32328,-1.36057,0
-0.04868,-1.29889,0
2.54435,1.3543,0
1.22073,-1.25574,0
3.32602,1.46999,0
3.39568,1.49826,0
0.20755,-1.45563,0
3.13485,1.30596,0
3.25095,1.41999,0
-0.09616,-1.49275,0
2.05064,1.28593,0
3.68674,-0.37663,0
0.5671,-1.39182,0
-0.03372,-1.49559,0
1.80871,1.30168,0
3.00644,1.35455,0
3.10734,1.34723,0
3.45034,1.39725,0
0.35093,-1.26263,0
2.8656,1.29408,0
0.11963,-1.27776,0
3.07485,1.44469,0
0.4219,-1.34986,0
2.82964,1.27438,0
0.21907,-1.35219,0
2.81305,1.26861,0
0.66293,-1.33716,0
0.67482,-1.25322,0
3.16061,1.29693,0
3.14747,1.41163,0
3.76766,-0.89744,0
-0.0131,-1.37766,0
1.25632,-1.26139,0
1.39005,-1.28285,0
-0.11382,-1.2895,0
2.67425,1.29447,0
2.14716,1.32019,0
3.33445,1.40253,0
3.32605,1.28686,0
-0.0919,-1.28339,0
1.96815,1.27928,0
0.19393,-1.37776,0
0.25424,-1.33875,0
3.70138,-0.38437,0
3.13377,1.25549,0
3.10998,1.45857,0
2.47864,1.30634,0
3.71901,-0.58756,0
3.75704,-0.67056,0
2.38035,1.31377,0
0.50449,-1.2969,0
3.68884,-0.47203,0
-0.04955,-1.47106,0
3.03051,1.39499,0
1.92987,1.26804,0
3.66418,-0.8323,0
0.89664,-1.33756,0
3.02363,1.42866,0
2.51966,1.31316,0
3.02462,1.28108,0
0.8389,-1.38184,0
0.00724,-1.51843,0
3.08148,1.50998,0
0.26876,-1.45476,0
3.27743,1.52889,0
3.13713,1.51657,0
3.72656,-0.20322,0
3.82759,-0.88462,0
2.81244,1.47177,0
0.61113,-1.40911,0
-0.50242,0.90294,0
0.75684,-1.38194,0
0.8837,-1.3616,0
0.52999,-1.41606,0
1.15659,-1.32747,0
0.27176,-1.47719,0
2.85724,1.46669,0
-0.02258,-1.526,0
0.1059,-1.49085,0
2.17181,1.36647,0
2.99324,1.49764,0
3.79497,-0.65105,0
-0.04933,-1.50713,0
3.01754,1.50313,0
0.21031,-1.48776,0
2.96542,1.49727,0
2.45553,1.40842,0
1.06052,-1.34622,0
3.41618,1.57152,0
2.81416,1.45851,0
0.87174,-1.3689,0
0.90281,-1.36216,0
2.47412,1.41694,0
3.02048,1.50322,0
2.79702,1.45603,0
-0.05811,-1.50801,0
2.77289,1.45248,0
3.20753,1.53845,0
2.84986,1.46555,0
3.11251,1.51516,0
0.34681,-1.46307,0
3.76014,-0.48439,0
0.83129,-1.38127,0
2.67332,1.43522,0
3.12546,1.52587,0
2.9976,1.49329,0
2.54174,1.41935,0
3.8138,-0.78722,0
2.88557,1.46536,0
0.56334,-1.42936,0
3.7347,-0.29843,0
2.97481,1.49193,0
3.26627,1.54326,0
3.32264,1.53704,0
3.82431,-0.84078,0
0.82545,-1.37982,0
3.75032,-0.36592,0
2.94495,1.47508,0
2.951,1.48841,0
0.03758,-1.49042,0
0.10774,-1.48445,0
0.91489,-1.35675,0
0.3102,-1.4666,0
-0.50377,0.87947,0
0.52026,-1.42663,0
2.46885,1.41541,0
0.10701,-1.48114,0
3.81496,-0.79386,0
1.13172,-1.32803,0
3.22312,1.52071,0
2.22776,1.37294,0
1.37602,-1.29097,0
2.94489,1.48893,0
3.42365,1.55116,0
3.27556,1.52353,0
2.82081,1.46765,0
3.20369,1.51991,0
3.76557,-0.51307,0
2.03184,1.33973,0
2.56966,1.4218,0
3.38932,1.5564,0
3.2593,1.54399,0
0.89282,-1.3654,0
-0.06746,-1.52729,0
2.10995,1.35125,0
1.96319,1.33318,0
1.03103,-1.33906,0
2.60265,1.43984,0
2.08773,1.34642,0
0.70607,-1.40546,0
3.37505,1.54483,0
3.70973,-0.09526,0
2.74318,1.45753,0
0.60733,-1.41252,0
2.59915,1.43614,0
0.06588,-1.48403,0
3.81205,-0.76953,0
2.53998,1.42334,0
0.74627,-1.38811,0
0.44706,-1.4297,0
0.51214,-1.42853,0
0.723,-1.3845,0
3.33724,1.55258,0
3.82313,-0.8398,0
1.40682,-1.28844,0
3.12156,1.50192,0
0.82856,-1.37771,0
0.33171,-1.4459,0
3.05237,1.5143,0
3.81659,-0.78382,0
3.77523,-0.59203,0
2.66634,1.43726,0
0.47228,-1.43566,0
3.40318,1.5589,0
3.81846,-0.82062,0
0.46534,-1.42755,0
2.53023,1.41311,0
2.44295,1.41104,0
3.72605,-0.23206,0
3.37276,1.54448,0
-0.09738,-1.52357,0
3.75445,-0.37919,0
3.76078,-0.47708,0
3.19908,1.52176,0
0.73621,-1.39314,0
2.52312,1.41097,0
0.62498,-1.41707,0
0.01175,-1.49917,0
0.13922,-1.48728,0
0.74595,-1.38432,0
1.33013,-1.29558,0
2.91696,1.48755,0
2.33591,1.39026,0
3.37867,1.56411,0
2.8592,1.48133,0
3.76287,-0.43992,0
3.81169,-0.79547,0
0.67493,-1.39672,0
0.74645,-1.38466,0
0.44524,-1.43763,0
0.23069,-1.45956,0
2.08215,1.3498,0
0.34106,-1.44313,0
0.05196,-1.50632,0
0.54642,-1.42827,0
2.49081,1.4127,0
0.86392,-1.37541,0
3.40091,1.56051,0
2.21549,1.37157,0
3.37074,1.56036,0
3.79796,-0.6968,0
0.64978,-1.4038,0
-0.5069,0.91656,0
2.67598,1.43524,0
3.15048,1.52241,0
3.75356,-0.43736,0
3.76591,-0.47967,0
0.91095,-1.36412,0
0.63837,-1.4106,0
2.95536,1.48372,0
3.72152,-0.22018,0
3.79809,-0.72868,0
3.80896,-0.79389,0
0.61254,-1.40694,0
3.78946,-0.61631,0
1.95437,1.33068,0
0.51767,-1.42576,0
3.81191,-0.82142,0
3.82395,-0.8339,0
-0.02832,-1.50378,0
3.36575,1.56209,0
0.4771,-1.42302,0
1.01107,-1.35005,0
2.61757,1.43546,0
2.65564,1.44657,0
0.73374,-1.39682,0
1.09962,-1.33511,0
2.71096,1.44935,0
0.83296,-1.36975,0
3.29169,1.52904,0
0.39125,-1.45055,0
3.30831,1.53842,0
0.24679,-1.46559,0
0.32818,-1.45029,0
1.15382,-1.32817,0
3.78656,-0.62295,0
3.32242,1.53941,0
3.43324,1.56602,0
0.04665,-1.53601,0
3.83067,-0.79305,0
3.81745,-0.58214,0
2.82297,1.50791,0
0.5881,-1.47572,0
0.34514,-1.52132,0
0.21347,-1.52925,0
1.91459,1.33746,0
0.21063,-1.50867,0
0.36177,-1.46495,0
2.31457,1.41535,0
2.83622,1.48717,0
2.60357,1.46726,0
0.58744,-1.46708,0
3.32311,1.60883,0
3.01863,1.53942,0
2.24502,1.38801,0
2.95,1.52048,0
3.86133,-0.79851,0
2.89205,1.52654,0
2.26113,1.41683,0
2.61768,1.46135,0
0.44761,-1.47183,0
0.86389,-1.39197,0
2.24691,1.38223,0
0.625,-1.45146,0
3.73657,-0.1431,0
2.68059,1.50195,0
0.5533,-1.48619,0
1.8626,1.33089,0
3.03015,1.52044,0
-0.03267,-1.56934,0
0.97963,-1.38967,0
0.81647,-1.39117,0
2.63488,1.47279,0
0.94958,-1.39418,0
3.82105,-0.74639,0
3.34914,1.62321,0
0.64913,-1.4429,0
1.07469,-1.3465,0
-0.51068,0.71969,0
0.17713,-1.53157,0
0.37284,-1.50543,0
0.29515,-1.47613,0
0.36126,-1.48657,0
3.71453,-0.06359,0
2.75893,1.478,0
2.57649,1.46114,0
0.31032,-1.49233,0
1.01454,-1.38292,0
2.49568,1.44423,0
0.35432,-1.47168,0
3.13096,1.56719,0
0.87799,-1.39587,0
0.01303,-1.56671,0
3.78222,-0.45238,0
1.10003,-1.34581,0
-0.53727,0.82008,0
1.30554,-1.31292,0
-0.50916,0.82556,0
3.37022,1.62647,0
2.88826,1.53421,0
2.00204,1.35484,0
0.52822,-1.46972,0
3.05735,1.53272,0
0.51631,-1.45775,0
1.10368,-1.34325,0
3.00475,1.56431,0
0.19558,-1.50986,0
3.13044,1.56848,0
3.15101,1.55119,0
3.33223,1.60893,0
0.07159,-1.52755,0
0.88838,-1.3882,0
0.85745,-1.40369,0
2.7438,1.50961,0
-0.04038,-1.56077,0
2.58342,1.457,0
-0.01144,-1.57613,0
2.73774,1.48193,0
-0.04035,-1.54611,0
1.12913,-1.3398,0
2.60433,1.48756,0
2.7951,1.50678,0
3.29592,1.58586,0
2.83986,1.52845,0
1.98528,1.3458,0
3.04574,1.56939,0
2.96411,1.55954,0
-0.50754,0.75757,0
3.76964,-0.44371,0
1.93021,1.34952,0
2.9228,1.49347,0
2.72201,1.48969,0
3.79369,-0.51919,0
2.99105,1.51819,0
3.73381,-0.11577,0
1.42205,-1.30565,0
3.03338,1.52291,0
0.84534,-1.41693,0
0.36878,-1.51999,0
2.84755,1.50378,0
-0.50636,0.79069,0
3.18312,1.57141,0
1.28652,-1.32871,0
2.41557,1.42674,0
0.36094,-1.48949,0
1.97276,1.35536,0
0.60254,-1.45708,0
2.82022,1.52357,0
0.50795,-1.49008,0
0.02009,-1.54574,0
2.80384,1.51074,0
0.4816,-1.47927,0
2.13721,1.36652,0
3.78751,-0.49783,0
2.09544,1.36036,0
2.47817,1.43244,0
-0.03391,-1.59542,0
-0.01319,-1.55919,0
0.03472,-1.53085,0
0.05744,-1.56778,0
0.66795,-1.42779,0
0.70095,-1.4173,0
3.82738,-0.73999,0
3.72501,-0.18453,0
0.08384,-1.55505,0
0.26283,-1.50517,0
2.93005,1.51771,0
0.15942,-1.5009,0
3.26391,1.58377,0
2.42173,1.41129,0
3.04915,1.5274,0
-0.02576,-1.60212,0
0.31808,-1.52435,0
3.34999,1.60048,0
3.85167,-0.71324,0
-0.01118,-1.58586,0
1.06432,-1.3507,0
3.05175,1.51569,0
2.93906,1.51142,0
2.92568,1.50482,0
3.81851,-0.53045,0
2.68142,1.4641,0
1.37192,-1.30893,0
0.99323,-1.39283,0
3.74995,-0.33686,0
3.75742,-0.3333,0
1.0015,-1.38987,0
1.38643,-1.30381,0
3.82236,-0.5724,0
3.04999,1.57881,0
3.77005,-0.3323,0
0.8066,-1.39179,0
2.28309,1.39191,0
0.94417,-1.37122,0
2.14117,1.36464,0
0.03176,-1.5551,0
3.38481,1.57763,0
3.80962,-0.52087,0
-0.5055,0.8028,0
0.42067,-1.50926,0
2.31425,1.42195,0
2.60804,1.45908,0
0.15025,-1.52811,0
0.92426,-1.38268,0
3.82885,-0.80203,0
2.48074,1.44227,0
2.55033,1.44394,0
0.1846,-1.53766,0
0.11682,-1.52758,0
0.85505,-1.39614,0
3.3676,1.64333,0
3.36142,1.5885,0
2.34334,1.41915,0
0.56477,-1.43169,0
2.72099,1.51219,0
3.02229,1.5726,0
0.98832,-1.39253,0
0.06227,-1.54705,0
3.22427,1.58869,0
2.61516,1.44946,0
2.78047,1.5231,0
3.73713,-0.18456,0
2.89376,1.5251,0
1.17642,-1.34051,0
3.71995,-0.06687,0
3.17327,1.58317,0
0.57397,-1.43102,0
0.24521,-1.48958,0
2.87163,1.51338,0
3.1484,1.58989,0
3.04015,1.5313,0
0.38729,-1.46573,0
3.77647,-0.44877,0
0.19259,-1.51191,0
2.85921,1.53397,0
2.44181,1.43365,0
2.81044,1.49342,0
2.43252,1.43508,0
0.08286,-1.57892,0
1.40678,-1.29639,0
3.84888,-0.7506,0
2.64021,1.49075,0
0.12768,-1.50817,0
2.74661,1.47052,0
2.16887,1.39538,0
3.29321,1.57038,0
2.81675,1.47752,0
0.02397,-1.54383,0
0.44022,-1.45376,0
3.77494,-0.34694,0
3.35498,1.59828,0
2.53405,1.43975,0
3.7484,-0.2588,0
2.02781,1.36371,0
2.90056,1.50587,0
3.31412,1.60641,0
0.43271,-1.48257,0
0.52169,-1.43845,0
3.81016,-0.5184,0
2.93039,1.54833,0
0.72392,-1.4337,0
2.79985,1.52175,0
3.79288,-0.52238,0
0.15978,-1.50375,0
3.72405,-0.10068,0
2.58814,1.47556,0
3.20827,1.5553,0
0.07887,-1.51892,0
3.81765,-0.62385,0
3.06071,1.58218,0
0.53826,-1.43975,0
2.58995,1.47907,0
-0.51261,0.76405,0
2.59866,1.48038,0
2.98984,1.53203,0
0.37978,-1.48979,0
0.5119,-1.44858,0
0.07935,-1.51437,0
2.69636,1.46488,0
3.77127,-0.35823,0
0.58985,-1.43505,0
3.81573,-0.70416,0
0.00524,-1.59838,0
2.48016,1.42231,0
0.00122,-1.52974,0
0.33726,-1.47974,0
0.07341,-1.5416,0
2.28334,1.41196,0
2.71999,1.49486,0
1.92704,1.34885,0
0.67019,-1.42447,0
0.7264,-1.42519,0
2.7443,1.46458,0
0.29378,-1.51387,0
2.09221,1.36509,0
2.35422,1.40628,0
0.81684,-1.4067,0
2.41268,1.44398,0
2.78433,1.52464,0
-0.01971,-1.53283,0
2.96954,1.53945,0
3.03559,1.51807,0
3.3019,1.62787,0
1.96703,1.34271,0
0.1801,-1.49952,0
2.64564,1.4704,0
3.11688,1.57865,0
3.848,-0.71754,0
0.20827,-1.49935,0
3.72199,-0.14826,0
-0.50007,0.66934,0
0.31262,-1.51655,0
3.72755,-0.16113,0
1.87368,1.33579,0
3.11768,1.58065,0
1.01236,-1.38683,0
1.07009,-1.34883,0
3.27621,1.60518,0
3.75395,-0.21395,0
3.82982,-0.78668,0
3.82212,-0.71216,0
3.23494,1.58549,0
3.25096,1.56363,0
3.82436,-0.7244,0
1.21618,-1.34176,0
3.16597,1.57493,0
1.12293,-1.35745,0
0.16864,-1.52844,0
2.65721,1.45156,0
0.4461,-1.49961,0
3.23212,1.58731,0
0.60361,-1.4531,0
0.99946,-1.36563,0
-0.50699,0.66504,0
0.30408,-1.47442,0
2.44084,1.41544,0
0.16889,-1.52818,0
1.2625,-1.32391,0
3.82768,-0.70539,0
3.83991,-0.77772,0
-0.01998,-1.59821,0
2.77373,1.50104,0
3.80906,-0.69309,0
0.4629,-1.47231,0
1.9977,1.34383,0
3.80101,-0.52884,0
0.81947,-1.40867,0
2.83835,1.48032,0
2.8751,1.51744,0
3.81456,-0.59021,0
-0.53561,0.81879,0
0.37178,-1.48475,0
0.25531,-1.52833,0
2.83812,1.51744,0
1.79597,1.31202,0
2.21078,1.3828,0
2.85141,1.53811,0
-0.50592,0.77151,0
2.55242,1.47728,0
0.90267,-1.40436,0
3.77119,-0.34295,0
0.16792,-1.54451,0
2.6822,1.45562,0
0.54033,-1.43375,0
2.62656,1.49239,0
3.25577,1.61397,0
3.80335,-0.4805,0
0.85794,-1.42227,0
0.03666,-1.53562,0
3.04303,1.52819,0
2.47908,1.45877,0
3.04994,1.51498,0
2.08516,1.37116,0
-0.50581,0.71111,0
3.83351,-0.73617,0
3.77429,-0.31155,0
3.71801,-0.12429,0
3.26636,1.61404,0
0.10371,-1.53455,0
0.14038,-1.56661,0
0.43673,-1.50271,0
1.16661,-1.35149,0
3.84325,-0.67009,0
2.44267,1.43716,0
2.78519,1.51421,0
3.19066,1.57528,0
0.2122,-1.49359,0
2.03304,1.35537,0
0.4702,-1.45045,0
2.52706,1.4532,0
0.94694,-1.38283,0
3.02664,1.54735,0
0.12345,-1.54643,0
3.8602,-0.79073,0
0.02861,-1.57792,0
1.11622,-1.36752,0
0.1008,-1.53902,0
3.79597,-0.44711,0
2.22611,1.40065,0
2.98514,1.56561,0
2.98033,1.55245,0
3.35691,1.61571,0
1.10866,-1.3547,0
3.82391,-0.62943,0
-0.04716,-1.54321,0
3.7861,-0.45148,0
2.15761,1.37045,0
3.03061,1.53088,0
2.95619,1.55229,0
3.80366,-0.66429,0
2.3178,1.422,0
3.83482,-0.66421,0
0.438,-1.48619,0
-0.51054,0.66992,0
-0.0035,-1.58509,0
0.21532,-1.5438,0
0.21536,-1.51306,0
3.15946,1.53837,0
2.32943,1.39593,0
3.24727,1.6033,0
3.16866,1.59141,0
3.11595,1.5257,0
3.19446,1.54501,0
3.80646,-0.66112,0
3.85613,-0.78444,0
2.34883,1.41945,0
2.43535,1.43121,0
0.27215,-1.5262,0
1.03958,-1.37537,0
2.98925,1.51824,0
-0.5168,0.79792,0
3.83116,-0.73184,0
3.33105,1.60642,0
2.68537,1.48501,0
2.25107,1.40503,0
0.92324,-1.40834,0
0.61085,-1.45697,0
0.24957,-1.54551,0
3.76593,-0.36494,0
2.67768,1.45325,0
0.41217,-1.48683,0
0.02482,-1.52072,0
0.14117,-1.55415,0
0.64883,-1.42422,0
0.19398,-1.50871,0
3.04284,1.56924,0
1.26384,-1.33954,0
0.13022,-1.54848,0
3.78922,-0.43046,0
1.01849,-1.38447,0
-0.53097,0.81223,0
1.37102,-1.30858,0
0.10286,-1.53847,0
0.05496,-1.5486,0
0.24475,-1.49077,0
0.02448,-1.57654,0
0.02951,-1.54489,0
2.87047,1.51781,0
0.14087,-1.49964,0
0.24675,-1.51774,0
3.11594,1.53292,0
-0.03385,-1.54268,0
0.75899,-1.41131,0
2.93926,1.54164,0
2.77689,1.48184,0
0.33245,-1.48642,0
1.15174,-1.3604,0
3.83746,-0.76352,0
-0.007,-1.57624,0
3.8109,-0.67135,0
3.79024,-0.42604,0
1.32382,-1.32307,0
0.96756,-1.39987,0
1.17426,-1.33831,0
2.45453,1.41728,0
1.02398,-1.36008,0
0.13631,-1.55587,0
3.79016,-0.49553,0
-0.51896,0.79056,0
2.5586,1.43361,0
2.87117,1.4932,0
0.35697,-1.51339,0
0.64606,-1.43721,0
0.90822,-1.38247,0
3.81455,-0.72117,0
1.40302,-1.30185,0
2.75804,1.49903,0
2.44821,1.43626,0
2.81945,1.49784,0
0.3281,-1.52435,0
3.05917,1.58185,0
3.30368,1.61391,0
0.21263,-1.51643,0
2.50723,1.43679,0
3.14447,1.55977,0
2.60773,1.48397,0
0.11033,-1.53181,0
3.22359,1.56031,0
1.2723,-1.32547,0
3.02139,1.5657,0
3.78776,-0.40196,0
3.22702,1.60584,0
3.751,-0.28869,0
3.84487,-0.68243,0
0.85105,-1.39203,0
2.82103,1.51223,0
0.83595,-1.42603,0
0.57473,-1.43006,0
0.36381,-1.51119,0
3.75927,-0.29925,0
3.25646,1.56237,0
0.77882,-1.40747,0
3.85099,-0.7538,0
0.47857,-1.4643,0
0.26969,-1.51062,0
3.73542,-0.20342,0
2.79436,1.49759,0
3.2336,1.56184,0
3.85096,-0.78756,0
3.79545,-0.48737,0
1.15978,-1.35622,0
3.83205,-0.89677,0
3.82288,-0.90294,0
-0.11256,-1.51502,0
3.83944,-0.87565,0
-0.05923,-1.53505,0
3.39366,1.60836,0
3.83633,-0.8402,0
3.40549,1.59064,0
3.39018,1.58188,0
3.8335,-0.82545,0
-0.05982,-1.542,0
3.41123,1.58836,0
-0.51871,0.88717,0
-0.50816,0.89043,0
-0.07551,-1.55214,0
-0.50779,0.88493,0
3.85677,-0.6871,0
3.26898,1.64517,0
3.272,1.63257,0
2.41239,1.45252,0
2.8786,1.54489,0
3.20002,1.61423,0
0.31225,-1.55329,0
0.601,-1.48061,0
0.76827,-1.45413,0
3.78486,-0.32414,0
2.1561,1.3992,0
3.08975,1.58837,0
0.101,-1.5992,0
0.29369,-1.54073,0
0.11514,-1.57993,0
0.43919,-1.5114,0
1.21006,-1.35492,0
2.92902,1.55957,0
3.72399,-0.03551,0
0.15314,-1.58575,0
3.32044,1.64185,0
3.00422,1.58191,0
0.93385,-1.41026,0
1.31081,-1.3335,0
3.7478,-0.16293,0
0.03815,-1.59734,0
3.83874,-0.60305,0
3.78928,-0.33183,0
3.06067,1.59698,0
2.38436,1.44832,0
0.88648,-1.42162,0
0.46604,-1.50636,0
3.72878,-0.04827,0
3.21092,1.625,0
2.79546,1.52933,0
0.03873,-1.59503,0
3.77096,-0.24779,0
-0.50812,0.63671,0
3.84663,-0.60622,0
3.16851,1.61706,0
3.83023,-0.57897,0
0.42538,-1.5321,0
3.87511,-0.73736,0
0.72695,-1.465,0
3.86255,-0.7103,0
0.0389,-1.59589,0
0.63762,-1.47706,0
3.85659,-0.66907,0
0.66227,-1.47155,0
3.87891,-0.75795,0
1.11924,-1.38011,0
0.37602,-1.52796,0
2.0698,1.38371,0
2.42366,1.45492,0
3.72237,-0.0541,0
0.02094,-1.60385,0
2.99473,1.57238,0
0.13187,-1.59472,0
0.37872,-1.52818,0
3.7939,-0.34877,0
0.12722,-1.59162,0
1.84701,1.33518,0
0.15468,-1.57172,0
1.20316,-1.35272,0
2.97418,1.56609,0
1.29948,-1.33726,0
2.56375,1.48454,0
3.24232,1.63083,0
3.76283,-0.2146,0
2.16364,1.39884,0
3.79208,-0.33161,0
0.5437,-1.48933,0
1.15499,-1.37413,0
0.0939,-1.5812,0
0.39379,-1.5388,0
3.83407,-0.58146,0
3.24216,1.63449,0
0.28258,-1.55473,0
3.21846,1.62331,0
0.84167,-1.43358,0
0.54958,-1.49668,0
0.32105,-1.54457,0
0.86038,-1.42748,0
0.90449,-1.41677,0
3.77019,-0.24258,0
2.68588,1.51465,0
2.67234,1.51581,0
2.89037,1.55486,0
0.57517,-1.49944,0
0.0184,-1.61152,0
0.59053,-1.49426,0
0.28371,-1.54735,0
2.97564,1.56916,0
3.84277,-0.62667,0
1.07758,-1.39031,0
0.93452,-1.41486,0
3.16514,1.60623,0
0.04089,-1.60719,0
0.48955,-1.50017,0
2.59179,1.49788,0
2.94655,1.56272,0
3.87508,-0.72878,0
2.917,1.56626,0
0.73215,-1.45679,0
2.10961,1.38673,0
2.53922,1.48366,0
3.00276,1.57583,0
3.80856,-0.43317,0
0.59447,-1.49611,0
2.06145,1.37812,0
0.14057,-1.59289,0
0.00032,-1.62444,0
3.72863,-0.04646,0
0.13107,-1.5861,0
0.51812,-1.5037,0
2.79104,1.53647,0
2.47517,1.47044,0
2.74588,1.52513,0
1.10362,-1.37484,0
3.23197,1.6248,0
-0.54221,0.80186,0
3.78424,-0.30935,0
2.02451,1.37029,0
2.93252,1.56193,0
0.80801,-1.44747,0
1.90578,1.34615,0
3.86291,-0.72508,0
3.76905,-0.2627,0
3.79999,-0.41628,0
3.7533,-0.16682,0
3.83639,-0.54044,0
-0.01872,-1.6049,0
0.94362,-1.41273,0
0.06429,-1.60515,0
3.73041,-0.07746,0
1.32596,-1.32808,0
0.28411,-1.55552,0
3.05645,1.59613,0
3.79781,-0.40546,0
2.72332,1.51354,0
0.59453,-1.49123,0
0.46475,-1.52304,0
2.91321,1.55343,0
0.69888,-1.45989,0
0.43898,-1.51568,0
0.57822,-1.4993,0
2.4337,1.45705,0
1.21315,-1.35415,0
3.30143,1.64866,0
1.45153,-1.30541,0
-0.50088,0.60556,0
3.33686,1.64307,0
3.7541,-0.20004,0
0.99242,-1.39625,0
3.30962,1.65316,0
2.76849,1.52996,0
3.8687,-0.69519,0
0.00309,-1.60441,0
3.03495,1.58112,0
3.28341,1.63645,0
2.72423,1.52024,0
2.77689,1.53222,0
0.60813,-1.47754,0
0.06828,-1.60524,0
3.82672,-0.48764,0
3.72814,-0.03673,0
3.74224,-0.09882,0
3.83809,-0.53944,0
3.84499,-0.5627,0
1.00362,-1.40777,0
0.59374,-1.49823,0
0.23698,-1.57677,0
0.72017,-1.47116,0
3.88048,-0.69718,0
2.91685,1.57052,0
3.73034,-0.02463,0
0.6555,-1.48642,0
2.33023,1.44389,0
3.32694,1.66155,0
3.14747,1.62166,0
0.07537,-1.61197,0
1.35199,-1.33258,0
3.05315,1.60343,0
0.39643,-1.53986,0
3.03232,1.59728,0
0.6665,-1.48341,0
0.36007,-1.55142,0
3.79264,-0.2993,0
2.30284,1.43646,0
3.7509,-0.11684,0
3.83067,-0.49684,0
0.39512,-1.54352,0
0.70186,-1.47588,0
3.86459,-0.63836,0
0.10367,-1.60557,0
3.83152,-0.47339,0
0.25211,-1.57223,0
2.79849,1.54568,0
3.81955,-0.43727,0
0.25499,-1.57081,0
3.83886,-0.50589,0
2.29039,1.43282,0
3.82823,-0.46946,0
0.88173,-1.43628,0
2.42692,1.46447,0
0.04223,-1.62041,0
0.25943,-1.57272,0
0.54193,-1.51058,0
0.19875,-1.58664,0
3.87709,-0.69753,0
3.76063,-0.15353,0
2.34769,1.44581,0
0.32035,-1.55659,0
3.74706,-0.08418,0
0.06055,-1.62093,0
3.80132,-0.33283,0
2.63808,1.51242,0
1.39375,-1.32437,0
3.84191,-0.50238,0
0.20039,-1.59031,0
0.07486,-1.61574,0
0.71015,-1.4766,0
0.86257,-1.44234,0
1.17639,-1.37175,0
3.77661,-0.21102,0
0.5634,-1.51069,0
0.45144,-1.53416,0
3.79179,-0.27934,0
3.27293,1.6528,0
0.04134,-1.62555,0
3.83928,-0.50552,0
0.00501,-1.63098,0
0.11298,-1.60775,0
2.24951,1.42625,0
3.74487,-0.0785,0
3.73837,-0.04866,0
3.78582,-0.26493,0
2.0786,1.43946,0
2.10973,1.43997,0
3.81133,-0.22928,0
3.86824,-0.60062,0
0.29815,-1.68081,0
1.51389,-1.33063,0
0.55003,-1.57764,0
3.88834,-0.43302,0
0.32912,-1.58072,0
0.12872,-1.69049,0
1.86787,1.36913,0
2.34882,1.48001,0
3.88722,-0.4408,0
3.74444,-0.00015,0
2.75418,1.63003,0
3.13577,1.71928,0
-0.53034,0.48418,0
3.86073,-0.53312,0
0.44348,-1.56991,0
2.46938,1.50705,0
0.47077,-1.55737,0
-0.51616,0.51862,0
0.30918,-1.62812,0
3.83041,-0.20176,0
3.77996,-0.21802,0
1.16554,-1.39601,0
3.14274,1.71855,0
2.75998,1.61208,0
0.19175,-1.70502,0
2.98191,1.67956,0
3.06693,1.61032,0
0.34383,-1.57029,0
3.77726,-0.14795,0
2.22779,1.43985,0
2.47822,1.48716,0
0.60757,-1.55702,0
0.60298,-1.55582,0
1.00363,-1.44564,0
0.42163,-1.59452,0
3.81185,-0.34844,0
0.92638,-1.47206,0
1.06052,-1.40133,0
3.06752,1.61901,0
2.56025,1.58145,0
3.76126,-0.03448,0
0.53528,-1.62311,0
-0.57311,0.6265,0
3.18106,1.67425,0
1.36071,-1.34917,0
3.87625,-0.35227,0
3.91673,-0.59875,0
0.28404,-1.60862,0
1.02903,-1.47168,0
2.31299,1.48583,0
3.14123,1.75268,0
3.78213,-0.16377,0
2.7342,1.62348,0
3.23375,1.77973,0
2.72113,1.54905,0
0.23079,-1.63776,0
3.00395,1.61924,0
0.38111,-1.58692,0
0.84591,-1.46794,0
2.8265,1.56514,0
3.77474,-0.18782,0
1.15716,-1.41719,0
3.75703,-0.03243,0
2.69789,1.57156,0
0.53301,-1.60986,0
1.22197,-1.3853,0
0.23542,-1.64089,0
3.8081,-0.23026,0
2.10452,1.41923,0
3.18415,1.69065,0
-0.54217,0.62226,0
1.40034,-1.35302,0
-0.50365,0.43001,0
0.62791,-1.5763,0
0.32682,-1.5763,0
1.10799,-1.41485,0
2.85405,1.60284,0
2.88307,1.58951,0
1.12436,-1.41954,0
3.01944,1.69805,0
2.34596,1.49087,0
0.15207,-1.71146,0
0.24608,-1.6928,0
0.5432,-1.55672,0
2.61664,1.54276,0
1.04059,-1.45046,0
2.43262,1.52717,0
1.19499,-1.37833,0
1.32923,-1.34788,0
0.4121,-1.63424,0
2.6882,1.58369,0
0.94379,-1.43663,0
0.16118,-1.64156,0
0.71269,-1.50111,0
0.67901,-1.50808,0
2.00168,1.38069,0
0.73446,-1.50104,0
0.26133,-1.60164,0
1.33769,-1.38618,0
3.88112,-0.43592,0
0.6496,-1.55101,0
3.1717,1.75394,0
3.03258,1.69552,0
2.69339,1.58203,0
0.4344,-1.5731,0
0.591,-1.55914,0
3.82037,-0.34717,0
3.88862,-0.5399,0
1.06572,-1.4433,0
2.46271,1.51619,0
3.88686,-0.44013,0
0.23977,-1.63724,0
2.27006,1.48829,0
0.51307,-1.52469,0
2.50534,1.52697,0
0.47495,-1.54579,0
3.22085,1.74643,0
0.12237,-1.74175,0
1.18294,-1.41533,0
2.31345,1.48925,0
2.95077,1.68261,0
0.87033,-1.4811,0
1.21018,-1.39945,0
3.01605,1.68893,0
-0.53018,0.50458,0
3.84769,-0.28833,0
3.8305,-0.44145,0
0.404,-1.62485,0
2.23733,1.43964,0
0.13577,-1.67989,0
0.30986,-1.62496,0
2.32026,1.47287,0
0.67814,-1.53668,0
3.89129,-0.40774,0
2.62563,1.58947,0
2.81436,1.5855,0
2.38338,1.45947,0
1.39493,-1.34906,0
0.34127,-1.60874,0
0.16252,-1.64393,0
3.88278,-0.41895,0
-0.52301,0.61242,0
2.75929,1.61256,0
0.76805,-1.48827,0
3.76502,-0.14411,0
1.2603,-1.40722,0
2.52569,1.52018,0
0.76594,-1.48428,0
2.88665,1.67985,0
0.51112,-1.52623,0
3.12987,1.74352,0
0.92065,-1.48558,0
-0.57288,0.62327,0
0.93552,-1.46616,0
2.32397,1.50127,0
0.15785,-1.61755,0
2.29189,1.44445,0
3.05874,1.6965,0
1.4351,-1.31751,0
1.34427,-1.36598,0
2.60532,1.54363,0
1.98738,1.38051,0
3.01846,1.61824,0
0.64682,-1.57789,0
2.26406,1.46575,0
3.15089,1.75015,0
0.5944,-1.53427,0
-0.50766,0.44685,0
3.77324,-0.04987,0
1.34965,-1.38168,0
2.94496,1.65484,0
0.75304,-1.52355,0
3.17659,1.68983,0
3.85126,-0.39597,0
0.36634,-1.57623,0
2.67557,1.54147,0
0.28163,-1.59108,0
0.76293,-1.49426,0
1.10531,-1.42828,0
0.15507,-1.69911,0
-0.52998,0.61927,0
3.83898,-0.34759,0
0.47869,-1.63187,0
3.81026,-0.28362,0
1.46664,-1.3258,0
2.66582,1.60042,0
0.35029,-1.56523,0
0.2992,-1.58281,0
-0.52285,0.4358,0
1.04384,-1.4361,0
-0.56863,0.59385,0
1.35522,-1.3707,0
0.39119,-1.62787,0
1.29986,-1.38581,0
3.13825,1.64396,0
1.07266,-1.41777,0
0.55162,-1.55709,0
0.54885,-1.60433,0
2.36015,1.49889,0
3.23389,1.72637,0
2.65056,1.60449,0
1.51013,-1.32641,0
0.75158,-1.49885,0
2.82753,1.65067,0
2.60464,1.5192,0
0.19456,-1.62453,0
1.21251,-1.39392,0
3.80245,-0.12429,0
0.80853,-1.50847,0
2.72266,1.62927,0
0.59581,-1.52838,0
1.4282,-1.35552,0
3.00834,1.6945,0
2.74512,1.57579,0
-0.51613,0.41929,0
0.4621,-1.53569,0
0.61407,-1.59877,0
0.48151,-1.56117,0
1.29936,-1.36618,0
-0.5279,0.66127,0
0.83826,-1.51586,0
0.22933,-1.61272,0
2.76154,1.58316,0
3.21703,1.74505,0
2.60086,1.57333,0
1.03619,-1.4171,0
0.67341,-1.54584,0
3.82237,-0.36333,0
0.41597,-1.57271,0
3.05512,1.69238,0
3.04201,1.71015,0
3.90137,-0.44568,0
0.2276,-1.59872,0
0.12668,-1.68698,0
-0.53368,0.59248,0
2.27807,1.44686,0
3.89574,-0.58034,0
3.08933,1.69596,0
3.18231,1.74867,0
0.31723,-1.56686,0
2.60143,1.56743,0
1.08067,-1.44404,0
-0.50679,0.51084,0
3.11948,1.66872,0
2.64737,1.59237,0
2.75778,1.60301,0
3.8305,-0.37179,0
1.23062,-1.37095,0
0.64435,-1.52949,0
2.89534,1.57108,0
3.11171,1.66885,0
2.96706,1.62176,0
2.91864,1.66361,0
1.09371,-1.42088,0
3.83755,-0.40846,0
3.90105,-0.49048,0
1.06906,-1.44206,0
1.05035,-1.43939,0
2.0657,1.43261,0
2.74099,1.54923,0
0.61522,-1.59459,0
3.10565,1.74247,0
2.94662,1.60201,0
-0.50637,0.44043,0
2.16089,1.42458,0
0.13118,-1.69473,0
3.02099,1.62246,0
-0.5448,0.63444,0
0.30629,-1.67702,0
2.26583,1.49492,0
0.10047,-1.64021,0
2.51705,1.51469,0
2.83378,1.65775,0
2.30565,1.49591,0
2.22723,1.42848,0
3.73995,-0.01259,0
1.41714,-1.35911,0
3.8233,-0.34002,0
3.86382,-0.55892,0
2.73591,1.57967,0
3.17453,1.67997,0
2.42882,1.52878,0
1.97144,1.36545,0
2.67919,1.52752,0
2.32088,1.49439,0
1.78317,1.34906,0
2.90652,1.64699,0
2.63342,1.58019,0
2.24311,1.45414,0
3.80686,-0.28942,0
1.88868,1.35647,0
0.47147,-1.56497,0
2.71782,1.62253,0
1.03159,-1.43298,0
2.67136,1.56007,0
3.83608,-0.21335,0
3.24632,1.73238,0
3.06906,1.67932,0
3.22364,1.75586,0
2.71976,1.58386,0
2.58223,1.51915,0
2.46689,1.52859,0
1.05965,-1.43616,0
2.98807,1.60317,0
1.28193,-1.35638,0
2.95234,1.6635,0
0.22971,-1.7044,0
0.94066,-1.45031,0
0.66143,-1.54198,0
3.85712,-0.28889,0
0.17601,-1.69941,0
1.87322,1.3605,0
0.41399,-1.55055,0
2.01497,1.3959,0
3.81632,-0.34568,0
3.06187,1.62029,0
3.75691,0.01844,0
0.84715,-1.48698,0
0.67173,-1.53035,0
0.72259,-1.50465,0
1.9538,1.37204,0
1.01935,-1.46023,0
3.07982,1.6967,0
0.23892,-1.64274,0
2.93006,1.64807,0
3.81074,-0.32832,0
3.92214,-0.60501,0
0.15696,-1.67922,0
2.91216,1.61096,0
2.74065,1.61456,0
2.53932,1.49529,0
2.85668,1.66413,0
2.65801,1.52786,0
2.57915,1.56702,0
3.94122,-0.60194,0
0.19504,-1.66112,0
0.32307,-1.64837,0
3.08941,1.64785,0
3.18696,1.66228,0
3.89824,-0.53211,0
0.48352,-1.54998,0
1.93069,1.37579,0
1.11721,-1.41558,0
1.0255,-1.46676,0
1.02964,-1.41885,0
2.86968,1.67148,0
0.48041,-1.61687,0
2.75678,1.60953,0
0.81149,-1.49881,0
0.74526,-1.52647,0
3.85565,-0.54759,0
2.93599,1.585,0
2.71804,1.61501,0
0.38826,-1.59529,0
0.73416,-1.51882,0
-0.53889,0.49801,0
2.1219,1.41531,0
2.27237,1.48002,0
3.18418,1.68999,0
3.79098,-0.06572,0
0.40759,-1.58611,0
3.23609,1.71578,0
3.7834,-0.21153,0
3.05416,1.61364,0
1.00725,-1.44406,0
3.83984,-0.43911,0
2.51054,1.54671,0
2.93455,1.59992,0
0.34268,-1.63166,0
3.06531,1.68748,0
1.00872,-1.43123,0
3.88149,-0.56008,0
0.49767,-1.54957,0
0.3652,-1.59448,0
3.13085,1.73095,0
1.94775,1.36596,0
1.1512,-1.43205,0
1.94375,1.37556,0
3.86864,-0.33462,0
2.21049,1.47559,0
2.46164,1.52568,0
2.43675,1.48462,0
2.29413,1.48459,0
2.758,1.61022,0
3.23554,1.75449,0
3.78969,-0.1967,0
0.31835,-1.6034,0
0.38769,-1.55413,0
1.10297,-1.39762,0
3.77684,-0.11267,0
2.8833,1.6475,0
0.2054,-1.65673,0
-0.54847,0.55894,0
2.97557,1.70349,0
2.16469,1.43713,0
0.70052,-1.48544,0
3.89929,-0.43048,0
3.13907,1.72486,0
3.82885,-0.19458,0
2.6391,1.51369,0
0.80184,-1.53512,0
3.89802,-0.48261,0
3.77519,-0.02714,0
0.16005,-1.72042,0
2.66052,1.53027,0
-0.57572,0.62846,0
1.25067,-1.39479,0
3.85184,-0.37382,0
3.85354,-0.48358,0
2.52373,1.51275,0
0.4473,-1.56488,0
2.7948,1.63006,0
3.09087,1.62695,0
2.95043,1.61599,0
2.81535,1.60104,0
3.1142,1.71151,0
2.41559,1.48213,0
3.16308,1.64757,0
0.80467,-1.47192,0
0.284,-1.66382,0
3.19689,1.72971,0
0.13372,-1.73274,0
3.24973,1.66513,0
3.92809,-0.59343,0
3.00307,1.59607,0
0.13742,-1.67546,0
0.39781,-1.55897,0
3.18978,1.75913,0
2.41916,1.5004,0
2.2236,1.42405,0
3.24362,1.71304,0
2.65854,1.56481,0
2.80552,1.56033,0
3.86225,-0.37217,0
0.66147,-1.53709,0
3.1492,1.62706,0
0.89315,-1.51175,0
2.9753,1.67089,0
0.28761,-1.65978,0
0.71445,-1.5213,0
0.43182,-1.56684,0
1.1057,-1.44104,0
1.02686,-1.41811,0
3.16096,1.74101,0
2.51848,1.49439,0
0.69928,-1.52131,0
2.55034,1.55779,0
2.97795,1.63974,0
2.8994,1.60433,0
2.5144,1.48565,0
2.70156,1.6079,0
0.47658,-1.63773,0
-0.50361,0.36706,0
-0.54721,0.60846,0
3.90039,-0.45621,0
2.71191,1.59385,0
0.11817,-1.71178,0
3.17401,1.69451,0
0.65333,-1.57152,0
0.77173,-1.47994,0
3.79048,-0.09998,0
2.49658,1.50575,0
2.04576,1.40796,0
2.11352,1.40394,0
0.25467,-1.67767,0
0.27773,-1.57866,0
0.43794,-1.64094,0
2.45876,1.49766,0
0.73585,-1.53908,0
0.14541,-1.67789,0
2.4757,1.51972,0
0.1192,-1.66208,0
0.74855,-1.48072,0
2.92716,1.62855,0
0.41313,-1.61592,0
3.83229,-0.25135,0
0.10793,-1.68299,0
3.03412,1.68505,0
2.68709,1.58177,0
0.67236,-1.48711,0
2.24709,1.46291,0
1.30613,-1.36841,0
1.36448,-1.34497,0
1.30437,-1.37787,0
0.29177,-1.66048,0
2.45945,1.49601,0
0.16919,-1.67922,0
2.94729,1.67633,0
0.7257,-1.52507,0
2.84428,1.58426,0
1.02047,-1.43194,0
3.22771,1.68096,0
2.67359,1.57085,0
3.16889,1.67372,0
3.23228,1.75577,0
1.19974,-1.40439,0
3.11089,1.68057,0
0.33085,-1.63581,0
2.44446,1.50744,0
3.13558,1.64339,0
1.28586,-1.37366,0
2.11117,1.42269,0
2.03668,1.40712,0
0.97291,-1.49301,0
2.61228,1.55257,0
0.95244,-1.43488,0
0.61422,-1.51417,0
1.11319,-1.44199,0
0.58972,-1.53775,0
-0.52459,0.45383,0
0.78459,-1.48734,0
3.86289,-0.57254,0
0.9984,-1.4188,0
0.5061,-1.59435,0
3.17677,1.75685,0
0.21603,-1.69482,0
1.43882,-1.33132,0
0.91995,-1.47779,0
0.93686,-1.49082,0
1.71586,1.32839,0
0.88724,-1.49496,0
0.13855,-1.69122,0
3.90971,-0.46165,0
-0.56144,0.56143,0
2.31791,1.45116,0
0.532,-1.5961,0
2.4251,1.51393,0
0.17089,-1.67907,0
0.69799,-1.52595,0
0.56909,-1.54906,0
2.25788,1.4926,0
3.15186,1.73462,0
2.84257,1.56569,0
2.73076,1.61118,0
2.96145,1.6352,0
2.47401,1.5016,0
0.85449,-1.4805,0
2.64037,1.5852,0
0.616,-1.57605,0
2.6627,1.58271,0
3.7666,-0.11928,0
2.42988,1.50968,0
2.63657,1.54868,0
2.51108,1.53459,0
3.16623,1.72431,0
2.11901,1.39971,0
0.17929,-1.5969,0
1.30431,-1.3463,0
0.26235,-1.69765,0
2.35083,1.50968,0
3.0512,1.62894,0
2.29466,1.49426,0
0.14403,-1.71176,0
2.52127,1.53683,0
3.1225,1.73026,0
3.87555,-0.37708,0
0.73127,-1.50575,0
0.21337,-1.68879,0
0.35486,-1.65295,0
0.27849,-1.62103,0
0.80588,-1.51987,0
1.02159,-1.45875,0
-0.50686,0.53184,0
3.24015,1.71119,0
2.27727,1.43863,0
0.13743,-1.72812,0
3.87518,-0.5671,0
2.55452,1.50684,0
3.79967,-0.18922,0
0.90934,-1.45301,0
2.50821,1.54238,0
1.45649,-1.31531,0
2.49909,1.50751,0
1.95517,1.37652,0
3.7732,-0.03847,0
3.25541,1.66667,0
3.16007,1.71295,0
3.77284,-0.01652,0
0.97344,-1.48715,0
0.97005,-1.48737,0
0.98111,-1.45153,0
3.00081,1.59442,0
2.59422,1.57991,0
1.09503,-1.44964,0
2.67891,1.52874,0
2.6233,1.56454,0
2.98459,1.64172,0
3.13525,1.63693,0
0.27483,-1.67006,0
0.25873,-1.67735,0
2.90677,1.67236,0
-0.53781,0.60158,0
0.43424,-1.60911,0
1.94516,1.39485,0
1.13922,-1.40065,0
0.54285,-1.59237,0
2.79644,1.61789,0
3.19833,1.74311,0
1.21002,-1.38335,0
-0.57096,0.64895,0
1.17229,-1.38125,0
0.24528,-1.6204,0
0.81873,-1.47306,0
0.57075,-1.56906,0
0.29072,-1.66401,0
0.74672,-1.51102,0
3.88518,-0.58203,0
3.04013,1.67457,0
1.18291,-1.38825,0
3.84832,-0.37563,0
2.42976,1.52361,0
0.61522,-1.59605,0
0.17245,-1.64035,0
1.03544,-1.45397,0
0.14989,-1.60437,0
3.24579,1.66362,0
2.89562,1.60935,0
2.42739,1.48376,0
2.77701,1.62496,0
0.62967,-1.51388,0
0.75627,-1.47192,0
0.14688,-1.63048,0
0.50285,-1.58834,0
3.0645,1.64941,0
2.9218,1.64735,0
0.99972,-1.46948,0
0.42692,-1.57967,0
2.58053,1.5595,0
2.18686,1.461,0
0.30783,-1.64064,0
0.53088,-1.57315,0
0.7072,-1.48241,0
1.21165,-1.39024,0
2.49993,1.50527,0
3.1332,1.65619,0
2.73652,1.62327,0
3.09279,1.70729,0
3.9422,-0.60811,0
0.66393,-1.49193,0
3.17048,1.75401,0
3.91471,-0.5845,0
2.46615,1.48139,0
3.25772,1.69318,0
3.17063,1.68098,0
2.72527,1.61891,0
3.88336,-0.41121,0
2.9081,1.6275,0
-0.51405,0.43605,0
3.06722,1.71941,0
0.8514,-1.50661,0
3.88683,-0.49694,0
0.97679,-1.47141,0
0.35869,-1.66876,0
3.03964,1.61048,0
2.39902,1.4619,0
1.38817,-1.33069,0
3.77332,-0.07698,0
3.01859,1.69274,0
2.3118,1.48242,0
2.22053,1.48073,0
0.54891,-1.58321,0
2.35189,1.49972,0
2.39887,1.47788,0
2.9014,1.58531,0
3.10874,1.69358,0
-0.53802,0.52433,0
2.2024,1.4659,0
-0.5175,0.51363,0
0.37344,-1.63558,0
1.42276,-1.31961,0
0.68762,-1.54938,0
2.59329,1.52236,0
2.82294,1.6237,0
2.88082,1.57578,0
3.80168,-0.11063,0
-0.53253,0.48234,0
2.81394,1.59828,0
3.76194,-0.10519,0
-0.52791,0.59319,0
2.81112,1.63899,0
2.8891,1.58818,0
3.79765,-0.15848,0
3.79844,-0.22626,0
3.12183,1.63304,0
-0.53,0.50304,0
2.70136,1.5742,0
0.70848,-1.50296,0
1.48762,-1.31743,0
0.53281,-1.53042,0
2.80857,1.58053,0
0.17137,-1.71052,0
1.93898,1.37073,0
0.45913,-1.62515,0
2.99796,1.61061,0
1.41442,-1.33526,0
1.87871,1.35688,0
3.92097,-0.56182,0
3.81822,-0.25462,0
0.15031,-1.61553,0
2.59234,1.54846,0
2.2372,1.43798,0
0.86907,-1.487,0
3.00736,1.63798,0
-0.55419,0.54259,0
3.24468,1.69101,0
0.14056,-1.66838,0
1.49488,-1.32826,0
0.10661,-1.63215,0
0.44321,-1.56069,0
0.16318,-1.61522,0
-0.50742,0.58452,0
0.86386,-1.4986,0
0.99646,-1.47159,0
2.64039,1.52276,0
1.04552,-1.40799,0
0.84802,-1.45761,0
2.99226,1.60978,0
1.37989,-1.36611,0
1.13346,-1.42567,0
0.35707,-1.63806,0
3.83341,-0.44558,0
1.40755,-1.3297,0
0.28739,-1.67996,0
0.90191,-1.45912,0
3.8591,-0.33878,0
0.37623,-1.62808,0
0.53612,-1.60057,0
3.22556,1.76106,0
3.84276,-0.31188,0
3.84811,-0.52904,0
1.07898,-1.45991,0
2.31943,1.49192,0
2.95598,1.59192,0
0.19129,-1.70045,0
1.41666,-1.35145,0
2.94985,1.60372,0
2.51984,1.51817,0
-0.50103,0.53433,0
2.59317,1.54131,0
3.13656,1.64093,0
2.65729,1.55449,0
0.49506,-1.56918,0
2.73697,1.57076,0
2.16876,1.41259,0
2.39653,1.47616,0
2.18376,1.43053,0
3.77307,-0.09755,0
1.74652,1.33691,0
3.89729,-0.59218,0
0.15628,-1.67604,0
0.92661,-1.49469,0
0.50454,-1.58052,0
2.32957,1.47518,0
0.69511,-1.49427,0
0.6102,-1.50548,0
2.18053,1.44656,0
2.83419,1.65044,0
3.93397,-0.55659,0
1.76797,1.3474,0
0.54098,-1.60277,0
0.95919,-1.46493,0
2.8662,1.58406,0
0.16117,-1.63723,0
2.80658,1.64863,0
3.83132,-0.23904,0
2.63407,1.58708,0
0.411,-1.56043,0
0.48308,-1.53546,0
3.88789,-0.70363,0
3.89517,-0.73031,0
3.88468,-0.81895,0
3.91013,-0.6312,0
3.89692,-0.6649,0
3.28319,1.66902,0
3.28138,1.74526,0
3.28171,1.68311,0
3.28912,1.70945,0
-0.54939,0.68389,0
3.94069,-0.64264,0
3.92984,-0.66714,0
0.07821,-1.64161,0
3.27423,1.71863,0
3.91565,-0.65038,0
3.88832,-0.64652,0
3.88831,-0.65085,0
3.28049,1.67709,0
3.88531,-0.65891,0
3.89948,-0.63823,0
3.26854,1.73283,0
3.93268,-0.64545,0
0.09238,-1.67069,0
-0.54842,0.68214,0
3.89887,-0.66798,0
3.27756,1.7213,0
3.5437,1.24951,0
3.68514,-0.96606,0
3.58501,1.28159,0
-0.18678,-1.37026,0
3.51968,1.362,0
3.73934,-0.96917,0
3.77857,-0.9896,0
3.53059,1.27785,0
3.5449,1.42101,0
-0.17915,-1.25263,0
3.6964,-1.04164,0
3.5275,1.40207,0
3.52862,1.33442,0
3.76332,-0.93426,0
3.55777,1.21596,0
3.65444,-0.96573,0
3.78033,-1.00084,0
3.50131,1.26359,0
3.76728,-1.05651,0
3.77399,-0.93269,0
3.65125,-0.97162,0
3.76024,-1.04473,0
3.63732,-0.97047,0
3.49759,1.35479,0
-0.18252,-1.29331,0
3.51382,1.37559,0
3.56455,1.2988,0
3.73252,-0.99053,0
3.70409,-1.045,0
3.55612,1.31004,0
3.76962,-0.99739,0
3.67013,-0.95269,0
3.55027,1.38586,0
3.58171,1.27567,0
-0.18102,-1.33577,0
3.55792,1.34878,0
3.52492,1.28864,0
3.64156,-0.97352,0
-0.1699,-1.30707,0
3.57561,1.36021,0
-0.18575,-1.38038,0
-0.16072,-1.39331,0
3.76512,-0.98705,0
3.76216,-0.93622,0
3.57255,1.20799,0
3.64713,-0.96309,0
3.66689,-1.0368,0
-0.18421,-1.26646,0
3.58394,1.24635,0
3.67012,-0.98979,0
3.54382,1.29874,0
3.78283,-0.94926,0
3.52053,1.22342,0
3.67838,-1.01257,0
3.74902,-0.96529,0
3.73938,-1.06411,0
-0.19173,-1.25918,0
3.55093,1.3305,0
-0.18093,-1.3634,0
3.52858,1.26607,0
-0.19861,-1.31354,0
3.6603,-1.03411,0
3.63831,-0.95932,0
3.51444,1.42262,0
3.63774,-1.00849,0
3.57988,1.38348,0
-0.18464,-1.26612,0
3.49485,1.29851,0
3.63946,-0.95371,0
-0.18831,-1.34397,0
-0.19944,-1.28214,0
-0.19431,-1.33517,0
3.72843,-1.02828,0
3.76561,-1.03193,0
-0.18717,-1.2628,0
-0.16601,-1.36761,0
-0.16844,-1.32631,0
3.68308,-0.99594,0
3.54505,1.35015,0
3.51091,1.28399,0
3.49566,1.41525,0
3.51764,1.28092,0
3.50791,1.40014,0
3.66335,-1.0367,0
3.48529,1.41027,0
3.68861,-0.95495,0
-0.16307,-1.36791,0
3.75749,-0.94603,0
3.55882,1.22434,0
3.78117,-1.04473,0
3.5718,1.3117,0
3.76296,-1.05241,0
3.52871,1.25961,0
3.49341,1.31664,0
3.72301,-0.9712,0
3.55432,1.38316,0
3.52772,1.23143,0
3.51067,1.3856,0
3.69822,-1.04042,0
3.5863,1.24735,0
3.51462,1.31628,0
3.57211,1.31766,0
3.57009,1.4217,0
3.54995,1.35234,0
3.51243,1.35215,0
3.75289,-0.93617,0
3.63494,-1.04675,0
3.56929,1.26885,0
3.69303,-1.00711,0
3.75227,-0.94755,0
-0.17393,-1.40128,0
3.56633,1.41143,0
3.54135,1.24372,0
3.65409,-0.95847,0
3.72141,-1.0041,0
3.71358,-0.98487,0
3.76238,-0.97225,0
3.55969,1.38133,0
3.53818,1.39222,0
3.52103,1.3107,0
3.75826,-0.9636,0
3.57203,1.41716,0
3.68294,-1.00562,0
-0.19951,-1.30787,0
-0.17185,-1.3066,0
3.59633,1.31713,0
-0.20399,-1.34937,0
3.70417,-1.08701,0
-0.21433,-1.35472,0
3.59022,1.31283,0
3.59419,1.33165,0
-0.2056,-1.33058,0
3.60066,1.25803,0
3.67841,-1.10027,0
3.6114,1.30403,0
3.62925,-1.074,0
3.63413,-1.09225,0
3.75312,-1.09765,0
3.61304,1.36742,0
3.62853,-1.11421,0
3.67793,-1.08905,0
3.65047,-1.10713,0
3.65583,-1.08829,0
3.74586,-1.06618,0
3.69687,-1.09444,0
3.58996,1.34283,0
3.72903,-1.06551,0
-0.21688,-1.26528,0
-0.20556,-1.34981,0
-0.22496,-1.26237,0
-0.2075,-1.27348,0
3.60923,1.22709,0
-0.22061,-1.25485,0
3.59295,1.38084,0
-0.21366,-1.25984,0
-0.21579,-1.30846,0
3.66812,-1.08076,0
3.76311,-1.07992,0
3.6298,-1.08813,0
3.59634,1.25254,0
3.60761,1.36083,0
3.61831,1.27783,0
3.76843,-1.09353,0
3.60583,1.38602,0
-0.21149,-1.36026,0
3.72154,-1.13931,0
3.6356,1.29148,0
3.72136,-1.11825,0
3.62881,1.26559,0
3.6256,1.26509,0
3.70065,-1.13039,0
3.6352,1.32405,0
3.63978,1.25405,0
3.62122,1.26799,0
3.63926,-1.14357,0
3.72102,-1.1163,0
3.70234,-1.13075,0
3.63116,1.27421,0
3.62999,1.23725,0
3.74092,-1.13357,0
3.64213,1.24933,0
3.74625,-1.12008,0
3.73522,-1.12199,0
3.74228,-1.12438,0
3.63034,1.24295,0
3.71726,-1.13096,0
3.70453,-1.12007,0
3.63438,1.35041,0
3.63383,1.29317,0
3.62444,1.23152,0
3.71387,-1.13151,0
-0.22474,-1.28335,0
3.64145,1.2683,0
3.61596,1.3603,0
-0.22123,-1.33916,0
3.69012,-1.16227,0
3.66942,1.25051,0
3.7157,-1.17494,0
3.65554,-1.20798,0
3.65514,-1.14992,0
3.66985,1.22326,0
3.68964,-1.17883,0
3.71129,-1.16454,0
-0.2727,-1.26392,0
3.68002,1.2807,0
3.64713,1.22168,0
3.69828,-1.1468,0
3.62388,-1.20189,0
3.65743,-1.18945,0
3.62727,-1.18568,0
3.63944,-1.18644,0
3.62959,-1.19296,0
3.72011,-1.19276,0
3.6565,1.20974,0
3.67206,-1.20758,0
3.64674,-1.20369,0
3.65244,1.28609,0
3.64074,-1.15247,0
-0.25172,-1.25497,0
3.66647,-1.17153,0
3.71092,-1.15222,0
3.66565,1.28418,0
3.7005,-1.18259,0
-0.26378,-1.25716,0
3.67916,-1.14799,0
3.64494,1.27755,0
3.76603,-1.12396,0
3.63345,1.3691,0
3.53461,1.4593,0
3.51254,1.45362,0
3.52105,1.45682,0
3.47976,1.43761,0
3.54341,1.46182,0
3.80979,-0.99586,0
3.5215,1.45698,0
3.7897,-0.95259,0
3.79181,-1.01295,0
3.50275,1.43436,0
3.80288,-0.97013,0
3.78735,-0.98107,0
3.7955,-0.93303,0
3.47768,1.4231,0
3.83509,-0.93347,0
3.47917,1.47549,0
3.5108,1.4638,0
3.51654,1.46784,0
3.83126,-0.97966,0
3.48329,1.47678,0
3.5507,1.48117,0
3.82598,-0.95578,0
3.48103,1.4628,0
3.58691,1.39884,0
3.80003,-1.02327,0
3.58045,1.42798,0
-0.15507,-1.42061,0
3.57578,1.45232,0
3.72259,-1.20083,0
3.733,-1.14324,0
3.73077,-1.19747,0
3.6965,1.06665,0
3.73354,-1.16133,0
3.69654,1.08254,0
3.69509,1.26675,0
3.69803,1.10486,0
3.64281,1.30007,0
3.68747,1.30064,0
3.69397,1.3006,0
3.73899,-1.16042,0
3.70667,1.18117,0
3.70712,1.24603,0
3.69818,1.27546,0
3.70183,1.24083,0
3.66704,-1.21656,0
3.72444,-1.20828,0
3.63893,-1.21506,0
3.70084,1.23073,0
3.71182,1.16165,0
3.69878,1.2784,0
3.79829,-1.04032,0
3.80126,-1.05112,0
3.79808,-1.0674,0
3.79899,-1.0663,0
3.79785,-1.05882,0
3.78051,-1.06451,0
3.77925,-1.08685,0
3.78431,-1.10354,0
3.78626,-1.08806,0
3.79214,-1.09914,0
3.77589,-1.09611,0
3.78356,-1.09137,0
3.51737,1.5037,0
3.84253,-0.96143,0
3.86286,-0.9125,0
3.85912,-0.86681,0
3.5056,1.50309,0
3.84069,-0.89436,0
3.54304,1.50776,0
3.83612,-0.92068,0
3.85453,-0.94063,0
3.84869,-0.88599,0
3.54388,1.5081,0
3.8441,-0.96524,0
3.87339,-0.96159,0
3.52608,1.50007,0
3.84448,-0.97077,0
3.85573,-0.99221,0
3.85456,-0.9849,0
3.84795,-0.9967,0
3.86198,-0.85971,0
3.49829,1.52706,0
3.46434,1.52813,0
3.87065,-0.85546,0
3.8758,-0.86291,0
3.53356,1.52861,0
3.53157,1.53338,0
3.49,1.51681,0
3.5335,1.52403,0
3.85712,-0.97035,0
3.408,1.63997,0
3.90976,-0.70884,0
3.90322,-0.73767,0
3.92913,-0.7303,0
3.42763,1.60757,0
3.76548,0.0443,0
3.41553,1.61415,0
3.92699,-0.7276,0
3.77896,0.00313,0
3.78652,-0.03685,0
3.90924,-0.67504,0
3.92899,-0.74867,0
3.77783,0.00019,0
3.89805,-0.69549,0
3.7856,-0.04063,0
3.91926,-0.73209,0
3.91942,-0.71794,0
3.44221,1.57222,0
3.91923,-0.67127,0
3.8994,-0.70026,0
3.76964,0.03122,0
3.9219,-0.77982,0
3.76662,0.03573,0
3.93176,-0.75485,0
3.91002,-0.79075,0
3.43992,1.62294,0
3.92176,-0.80054,0
3.45021,1.551,0
3.44679,1.57648,0
3.92203,-0.78834,0
3.90783,-0.80046,0
3.92531,-0.49834,0
3.80439,-0.04914,0
3.88408,-0.27719,0
3.92296,-0.44746,0
3.80156,-0.06082,0
3.82123,-0.13813,0
3.9563,-0.59816,0
3.89397,-0.32529,0
3.95847,-0.59136,0
3.94399,-0.55903,0
3.83419,-0.18171,0
3.82738,-0.07703,0
3.32061,1.6978,0
3.87192,-0.33134,0
3.79598,0.03735,0
3.33978,1.68027,0
3.32337,1.71445,0
3.30491,1.72147,0
3.94544,-0.5342,0
3.95846,-0.62864,0
3.82004,-0.10046,0
3.35052,1.69152,0
3.89439,-0.3472,0
3.8743,-0.26771,0
3.9611,-0.58672,0
3.95738,-0.63945,0
3.975,-0.66881,0
3.82743,-0.08358,0
3.77884,0.0499,0
3.92417,-0.49427,0
3.84963,-0.20115,0
3.88898,-0.36957,0
3.2921,1.73359,0
3.91604,-0.46477,0
3.86668,-0.29309,0
3.82159,-0.09209,0
3.92826,-0.47912,0
3.92926,-0.44591,0
3.83791,-0.17511,0
3.81075,-0.09988,0
3.8505,-0.23518,0
3.93223,-0.68146,0
3.84047,-0.1704,0
3.85171,-0.21265,0
3.92178,-0.49145,0
3.33086,1.71188,0
3.78538,0.08307,0
3.82957,-0.0746,0
3.80656,-0.09174,0
3.85609,-0.26194,0
3.77524,0.07421,0
3.78521,0.05104,0
3.86156,-0.24268,0
3.84558,-0.18458,0
3.90195,-0.38419,0
3.82452,-0.06189,0
3.84089,-0.12321,0
3.92643,-0.48189,0
3.80141,0.00778,0
3.83308,-0.16736,0
3.34436,1.68077,0
3.97701,-0.65141,0
3.85534,-0.18251,0
3.84659,-0.14328,0
3.91261,-0.4576,0
1.19685,-1.4286,0
0.62678,-1.61137,0
0.82398,-1.54569,0
3.99688,-0.58495,0
3.28158,1.78374,0
0.26786,-1.73168,0
1.24102,-1.42716,0
0.77166,-1.55476,0
0.27226,-1.70228,0
1.14939,-1.44721,0
3.86919,-0.14806,0
3.94979,-0.46344,0
0.97371,-1.51771,0
1.40466,-1.37694,0
3.26191,1.75704,0
3.82635,-0.05995,0
3.91756,-0.29819,0
3.2822,1.78987,0
3.95741,-0.42518,0
1.3567,-1.38901,0
1.48984,-1.34341,0
1.11586,-1.47024,0
3.84965,-0.104,0
3.95034,-0.45517,0
3.27134,1.76194,0
3.9821,-0.58196,0
3.83191,-0.07495,0
3.95727,-0.4871,0
1.2027,-1.44476,0
0.7515,-1.56342,0
0.86669,-1.5353,0
3.93883,-0.40068,0
3.95739,-0.48766,0
1.22886,-1.43697,0
3.81225,0.0179,0
1.5016,-1.34109,0
0.49339,-1.64913,0
0.69568,-1.60203,0
3.13876,1.75581,0
0.81873,-1.56252,0
0.21099,-1.72154,0
0.79829,-1.54813,0
1.11103,-1.45592,0
3.93928,-0.43505,0
3.81034,0.05432,0
1.11783,-1.46263,0
1.12538,-1.46569,0
0.18257,-1.75044,0
0.75314,-1.56198,0
3.82636,-0.03887,0
0.36631,-1.6831,0
0.53975,-1.64221,0
0.49721,-1.66016,0
0.58439,-1.63148,0
1.53562,-1.34113,0
0.74647,-1.58685,0
3.94213,-0.38768,0
3.93405,-0.35137,0
3.82986,-0.04685,0
1.09617,-1.46334,0
3.84051,-0.06393,0
0.64248,-1.61181,0
1.29845,-1.41079,0
0.68537,-1.59713,0
1.09064,-1.46508,0
1.25765,-1.42694,0
3.96042,-0.54516,0
0.82038,-1.54201,0
0.56444,-1.62333,0
0.68169,-1.59766,0
1.44011,-1.36318,0
1.44813,-1.36681,0
0.26928,-1.70788,0
3.92433,-0.38789,0
3.92134,-0.41281,0
3.89405,-0.30792,0
3.84553,-0.1309,0
0.55105,-1.63,0
3.9421,-0.45153,0
3.85629,-0.09537,0
1.09366,-1.48087,0
1.14265,-1.45828,0
1.07517,-1.48316,0
3.82056,0.00824,0
3.88405,-0.19014,0
3.94104,-0.38444,0
1.52545,-1.34632,0
0.35859,-1.68574,0
0.49706,-1.63874,0
3.94502,-0.45916,0
0.24313,-1.71194,0
3.84406,-0.0884,0
3.96283,-0.48499,0
0.19866,-1.74743,0
1.19793,-1.44593,0
3.97271,-0.5812,0
0.301,-1.70726,0
3.9721,-0.59183,0
0.59626,-1.60637,0
0.84227,-1.55697,0
0.45373,-1.65199,0
3.83517,-0.03316,0
3.94209,-0.4172,0
1.02187,-1.49327,0
0.43419,-1.66003,0
3.99338,-0.5524,0
0.47301,-1.64711,0
0.77806,-1.56472,0
1.09978,-1.46325,0
1.40922,-1.38304,0
1.19634,-1.44414,0
3.93973,-0.41903,0
3.85049,-0.07111,0
3.84798,-0.11768,0
3.93692,-0.43462,0
1.01202,-1.49116,0
3.90335,-0.33096,0
1.35537,-1.38351,0
0.2753,-1.72573,0
0.30351,-1.69661,0
3.95236,-0.50253,0
0.52744,-1.65223,0
3.91488,-0.29216,0
3.91381,-0.30324,0
3.96386,-0.5557,0
3.96511,-0.50007,0
0.66638,-1.60602,0
0.71627,-1.58834,0
3.89388,-0.26511,0
3.95941,-0.46475,0
3.93851,-0.42188,0
3.99446,-0.55802,0
0.40185,-1.68967,0
0.21035,-1.73536,0
3.79018,0.0946,0
0.35477,-1.70259,0
0.2018,-1.7488,0
3.81315,0.05151,0
3.82919,-0.00947,0
1.52978,-1.3347,0
1.27768,-1.41486,0
0.79705,-1.55955,0
0.95,-1.50509,0
3.92977,-0.33524,0
0.62006,-1.62448,0
3.84534,-0.09341,0
3.93316,-0.39138,0
1.27795,-1.40479,0
0.39081,-1.67392,0
1.32562,-1.40823,0
1.07765,-1.47504,0
1.06076,-1.48472,0
3.92438,-0.38272,0
0.20296,-1.74152,0
3.94019,-0.43693,0
4.0025,-0.58194,0
0.38039,-1.67517,0
0.64784,-1.60809,0
1.25133,-1.41782,0
1.4367,-1.36727,0
0.92425,-1.5239,0
1.14737,-1.45454,0
3.93363,-0.39444,0
1.28536,-1.41171,0
3.93351,-0.44432,0
0.88606,-1.52709,0
0.81277,-1.54637,0
3.94369,-0.71441,0
3.95139,-0.75542,0
3.40667,1.66209,0
3.9788,-0.6256,0
3.98037,-0.62124,0
3.96558,-0.71065,0
3.97278,-0.70544,0
3.36101,1.69243,0
3.37321,1.69091,0
3.38205,1.69408,0
3.36009,1.69135,0
3.38287,1.68904,0
3.36163,1.67344,0
3.40815,1.67884,0
3.95095,-0.72468,0
3.95216,-0.74341,0
3.67456,1.30765,0
3.65368,1.32029,0
3.65616,1.30607,0
3.65187,1.30262,0
3.77382,-1.17067,0
3.67955,1.32388,0
3.67184,1.31145,0
3.8299,-1.00633,0
3.82484,-1.05393,0
3.83544,-1.02397,0
3.83769,-1.04327,0
3.8221,-1.04118,0
3.6109,1.41889,0
3.60484,1.41883,0
3.83207,-1.04719,0
3.8117,-1.05676,0
3.81905,-1.08681,0
3.81966,-1.06428,0
3.65589,1.32881,0
3.66936,1.34084,0
3.65572,1.35295,0
3.80193,-1.1009,0
3.67062,1.35663,0
3.52979,-1.32442,0
3.56391,-1.36782,0
3.80254,0.99074,0
3.7775,1.07302,0
3.63879,-1.21972,0
3.72867,1.0715,0
3.62308,-1.27759,0
3.78263,0.9974,0
3.81104,1.02158,0
3.56816,-1.37076,0
3.80289,1.00378,0
3.80554,0.99232,0
3.74526,1.09127,0
3.75686,1.07944,0
3.615,-1.32917,0
3.7428,1.0616,0
3.81493,1.03414,0
3.73784,1.05522,0
3.60645,-1.36727,0
3.5653,-1.36714,0
3.52965,-1.34371,0
3.6447,-1.29158,0
3.82428,0.94406,0
3.56882,-1.35452,0
3.7665,1.06273,0
3.79675,1.08706,0
3.82181,0.95475,0
3.64403,-1.25931,0
3.7903,1.09342,0
3.62604,-1.25465,0
3.63665,-1.37445,0
3.80591,1.05475,0
3.77978,1.07101,0
3.63285,-1.27182,0
3.56724,-1.34434,0
3.62905,-1.22898,0
3.55384,-1.33077,0
3.60206,-1.33587,0
3.8165,1.02014,0
3.80372,0.9817,0
3.62776,-1.3329,0
3.74647,1.05471,0
3.8053,1.01923,0
3.63402,-1.26188,0
3.53952,-1.32079,0
3.78522,1.04068,0
3.80057,0.95133,0
3.79274,1.01376,0
3.79276,1.00431,0
3.8329,1.06606,0
3.58067,-1.30809,0
3.63955,-1.32937,0
3.76607,1.06539,0
3.73312,1.10717,0
3.82139,0.97184,0
3.83385,1.09429,0
3.63506,-1.24267,0
3.8112,0.98276,0
3.82349,1.01003,0
3.64444,-1.25896,0
3.78258,1.06167,0
3.55475,-1.365,0
3.81423,0.94815,0
3.73167,1.09257,0
3.80428,0.99942,0
3.53046,-1.37231,0
3.82492,0.98787,0
3.54686,-1.33063,0
3.75387,1.08084,0
3.72349,1.21649,0
3.71795,1.27001,0
3.73352,1.2625,0
3.7155,1.20377,0
3.65162,-1.21779,0
3.73521,1.2316,0
3.71633,1.14377,0
3.73611,-1.20291,0
3.71613,1.22812,0
3.7342,1.11682,0
3.74158,-1.20413,0
3.72679,1.19416,0
3.71489,1.12372,0
3.7271,1.27641,0
3.72785,1.25681,0
3.71473,1.2296,0
3.73484,1.17294,0
3.73647,1.19619,0
3.72139,1.25661,0
3.64481,-1.30344,0
3.7859,1.11354,0
3.64027,-1.35628,0
3.65641,-1.2507,0
3.79014,1.12623,0
3.65487,-1.31555,0
3.65,-1.29167,0
3.65403,-1.32942,0
3.7066,1.2962,0
3.70415,1.33064,0
3.68118,-1.21855,0
3.70808,-1.23478,0
3.74068,1.25608,0
3.74357,1.19525,0
3.7462,1.24956,0
3.69297,-1.22696,0
3.73923,1.22169,0
3.741,1.18654,0
3.67288,-1.22904,0
3.72885,-1.22456,0
3.67259,-1.3064,0
3.75513,1.16086,0
3.77385,1.17559,0
3.68867,-1.27554,0
3.76739,1.14469,0
3.66458,-1.2811,0
3.79102,1.1714,0
3.69005,-1.25706,0
3.67233,-1.3004,0
3.78842,1.16259,0
3.66592,1.37561,0
3.68569,1.34666,0
3.8082,-1.1286,0
3.67965,1.36757,0
3.69312,1.35432,0
3.71639,1.29537,0
3.64368,1.41341,0
3.643,1.42669,0
3.84604,-1.01849,0
3.84737,-1.04351,0
3.82552,-1.06852,0
3.46834,1.57313,0
3.50579,1.57353,0
3.45634,1.59629,0
3.51107,1.53822,0
3.45899,1.57465,0
3.89764,-0.85624,0
3.47408,1.59195,0
3.49887,1.58468,0
3.89591,-0.83267,0
3.50041,1.53602,0
3.92002,-0.82885,0
3.50106,1.59387,0
3.88061,-0.83002,0
3.93726,-0.81772,0
3.47385,1.57905,0
3.44711,1.61669,0
3.45046,1.604,0
3.46079,1.61561,0
3.93914,-0.81815,0
3.9428,-0.79027,0
3.41528,1.68881,0
3.4,1.68545,0
3.39211,1.68665,0
3.41127,1.67536,0
3.96832,-0.74191,0
3.96333,-0.7582,0
3.43142,1.66452,0
3.46132,1.65371,0
3.44132,1.67088,0
3.42941,1.67797,0
3.51972,1.54543,0
3.84443,-0.01986,0
3.88211,-0.14749,0
3.923,-0.30695,0
3.85721,-0.04817,0
3.80933,0.10864,0
3.9287,-0.30122,0
3.94692,-0.37463,0
3.86515,-0.08651,0
3.83304,0.01456,0
3.89882,-0.20006,0
3.81477,0.11482,0
3.98419,-0.49019,0
3.83407,0.02273,0
3.31728,1.74832,0
3.99538,-0.62971,0
3.94083,-0.35305,0
3.98597,-0.51058,0
3.81002,0.10894,0
3.86066,-0.067,0
3.34495,1.73395,0
4.01044,-0.63551,0
3.86625,-0.06862,0
3.87058,-0.10788,0
3.97405,-0.45953,0
3.81227,0.09242,0
3.92339,-0.30119,0
3.84484,-0.03283,0
3.98109,-0.49649,0
3.88426,-0.13817,0
4.00902,-0.63104,0
3.97656,-0.47208,0
3.89869,-0.19903,0
3.98915,-0.52202,0
3.83811,-0.02447,0
4.01269,-0.6478,0
3.95792,-0.34279,0
4.02734,-0.59277,0
3.96352,-0.40377,0
4.01477,-0.57456,0
3.83352,0.07826,0
1.01814,-1.50468,0
4.01385,-0.58221,0
3.89159,-0.10156,0
3.98018,-0.42879,0
3.89123,-0.10445,0
3.87224,-0.02917,0
3.90779,-0.16866,0
4.00172,-0.54384,0
3.98684,-0.48984,0
4.018,-0.5403,0
3.30958,1.76211,0
3.96065,-0.32037,0
3.89339,-0.14497,0
3.31064,1.78862,0
3.29863,1.78328,0
3.89645,-0.13347,0
3.95207,-0.35795,0
3.87365,-0.07399,0
4.0226,-0.57303,0
4.03675,-0.59436,0
3.9724,-0.4357,0
3.87768,-0.05442,0
3.97063,-0.40714,0
3.96588,-0.41229,0
4.00031,-0.52616,0
3.98902,-0.41857,0
3.95471,-0.3083,0
4.00437,-0.54948,0
4.00335,-0.47769,0
3.91562,-0.22007,0
3.9627,-0.34779,0
3.91043,-0.19111,0
3.31154,1.77523,0
3.8335,0.07609,0
3.92072,-0.23829,0
3.98614,-0.40967,0
3.83805,0.0656,0
1.0177,-1.50476,0
3.87923,-0.08965,0
3.93265,-0.23445,0
3.89272,-0.13974,0
3.84546,0.04962,0
3.94438,-0.32011,0
3.97036,-0.41802,0
3.98861,-0.4512,0
3.89069,-0.09442,0
3.91895,-0.24886,0
3.29767,1.78318,0
3.90022,-0.14648,0
3.9826,-0.43207,0
4.02018,-0.56358,0
3.82305,0.10414,0
3.93023,-0.24761,0
3.91348,-0.15976,0
2.95597,1.70101,0
0.44972,-1.68866,0
0.88179,-1.55275,0
4.02814,-0.54076,0
1.49089,-1.3688,0
1.17784,-1.46258,0
0.81051,-1.57271,0
1.3427,-1.40925,0
0.60332,-1.638,0
0.40295,-1.69624,0
1.00561,-1.51313,0
0.63524,-1.62654,0
0.66352,-1.61752,0
0.23646,-1.74928,0
3.82189,0.14845,0
0.82318,-1.5725,0
1.25083,-1.44201,0
4.01038,-0.46442,0
0.46201,-1.67907,0
4.01692,-0.48321,0
1.24666,-1.4442,0
0.35402,-1.70772,0
0.37833,-1.69946,0
3.99503,-0.42624,0
3.07588,1.73831,0
0.91204,-1.5394,0
0.68619,-1.60734,0
4.03288,-0.5591,0
1.50159,-1.36162,0
3.98853,-0.39505,0
1.39928,-1.39225,0
4.03275,-0.54786,0
3.00155,1.71562,0
3.98745,-0.40178,0
1.24265,-1.44339,0
1.28673,-1.42619,0
1.51504,-1.35879,0
1.01447,-1.50863,0
1.42317,-1.3879,0
0.2979,-1.73583,0
0.90348,-1.54325,0
1.14871,-1.47325,0
0.28205,-1.73794,0
1.23385,-1.44356,0
1.11333,-1.48506,0
0.25744,-1.741,0
0.5082,-1.67358,0
3.9023,-0.11177,0
0.23916,-1.74432,0
4.04392,-0.56514,0
0.78379,-1.58701,0
1.45784,-1.37895,0
0.8973,-1.54648,0
0.45925,-1.67885,0
1.26544,-1.43859,0
1.29244,-1.42377,0
4.01448,-0.48636,0
3.29383,1.80218,0
1.28344,-1.42992,0
3.89564,-0.09547,0
3.95955,-0.31575,0
0.76888,-1.59148,0
2.26196,1.55081,0
1.39244,-1.40984,0
1.01506,-1.52737,0
4.07621,-0.36099,0
2.33012,1.54935,0
0.88623,-1.59202,0
3.1665,1.89739,0
0.9359,-1.56226,0
1.40835,-1.45908,0
1.90505,1.41475,0
4.01618,-0.35819,0
1.28941,-1.45495,0
2.93762,1.76293,0
1.06302,-1.51576,0
2.58304,1.69917,0
2.72556,1.64766,0
1.72671,1.34802,0
0.84067,-1.67494,0
0.70124,-1.61743,0
3.97701,-0.33884,0
3.94594,-0.2343,0
1.42013,-1.39587,0
3.01375,1.77059,0
1.89994,1.40182,0
-0.52222,0.39721,0
0.39575,-1.74023,0
3.84106,0.11321,0
1.81113,1.38692,0
0.67252,-1.76063,0
1.52995,-1.41846,0
2.7392,1.72923,0
0.62392,-1.69351,0
1.37468,-1.4112,0
0.83956,-1.68774,0
0.33485,-1.73906,0
2.7651,1.74596,0
2.83581,1.75605,0
1.15673,-1.54356,0
0.40103,-1.7878,0
2.83975,1.74286,0
2.44417,1.60079,0
0.62381,-1.7178,0
2.14532,1.46892,0
3.02187,1.74867,0
3.13293,1.79076,0
2.84497,1.70414,0
1.08002,-1.58395,0
2.95934,1.70802,0
1.03841,-1.54816,0
0.38268,-1.74896,0
2.33784,1.56604,0
2.34462,1.53314,0
2.22618,1.48592,0
1.22647,-1.51219,0
3.01889,1.87341,0
-0.54946,0.43394,0
2.99295,1.72652,0
1.19658,-1.54416,0
2.4025,1.6153,0
2.4977,1.62883,0
0.60205,-1.7698,0
2.97178,1.76681,0
3.04002,1.8239,0
2.30492,1.57845,0
1.34585,-1.41771,0
3.85148,0.13399,0
-0.54165,0.41145,0
3.00814,1.78378,0
3.12659,1.87806,0
2.98551,1.71228,0
3.18285,1.84525,0
2.82751,1.68749,0
1.10583,-1.54432,0
1.57537,-1.36294,0
0.69622,-1.63197,0
0.39029,-1.75085,0
2.54775,1.64506,0
3.96667,-0.1001,0
0.78467,-1.61777,0
0.99444,-1.60624,0
3.85013,0.09849,0
3.91088,-0.11827,0
0.67441,-1.71249,0
2.82017,1.78296,0
0.998,-1.61474,0
1.95748,1.41365,0
3.0988,1.77145,0
2.83928,1.75099,0
0.41178,-1.8408,0
2.10388,1.49122,0
3.04072,1.82398,0
4.01024,-0.35305,0
2.01184,1.45424,0
0.80827,-1.61531,0
1.97338,1.42009,0
3.01698,1.73732,0
1.00175,-1.5379,0
2.35551,1.52666,0
0.90714,-1.61589,0
2.46618,1.57969,0
0.39848,-1.82129,0
3.85849,0.10869,0
2.6925,1.641,0
1.90683,1.39927,0
2.73562,1.69875,0
1.49254,-1.43121,0
0.64644,-1.63777,0
0.89663,-1.6167,0
3.0745,1.89323,0
1.70611,1.3419,0
2.53796,1.64171,0
0.38407,-1.8336,0
3.14503,1.86592,0
0.79173,-1.62547,0
0.89854,-1.64869,0
2.87356,1.769,0
2.27452,1.56641,0
2.28864,1.55212,0
3.16599,1.81643,0
4.02703,-0.38198,0
1.42889,-1.43244,0
1.60529,-1.38823,0
1.57353,-1.37147,0
2.33076,1.53562,0
4.0538,-0.34702,0
1.04966,-1.57594,0
3.05323,1.89176,0
0.75342,-1.64566,0
0.53009,-1.72822,0
3.88599,0.03102,0
2.22192,1.48369,0
3.90681,-0.052,0
2.14497,1.46325,0
1.37458,-1.44765,0
3.95476,-0.23609,0
2.69394,1.67122,0
2.88554,1.73723,0
1.82125,1.39294,0
0.98214,-1.59372,0
2.23168,1.52277,0
0.41266,-1.7533,0
1.3493,-1.48631,0
1.08633,-1.52076,0
2.9515,1.727,0
3.85339,0.05862,0
2.93178,1.81064,0
3.84866,0.19308,0
0.50489,-1.71602,0
2.72104,1.75453,0
3.00815,1.82468,0
2.42078,1.58765,0
0.5939,-1.79071,0
2.31817,1.5496,0
0.61206,-1.77825,0
1.21342,-1.47833,0
3.0583,1.80204,0
1.35802,-1.48234,0
2.82722,1.80022,0
0.86353,-1.65176,0
2.18184,1.49315,0
1.41593,-1.4564,0
1.97339,1.41839,0
4.01848,-0.232,0
0.5975,-1.69719,0
0.71744,-1.64034,0
2.4173,1.62941,0
0.90646,-1.60929,0
0.77306,-1.63059,0
2.39663,1.53748,0
3.04075,1.87376,0
0.3951,-1.77789,0
1.49025,-1.42583,0
2.29136,1.56609,0
2.76128,1.70485,0
3.13894,1.85162,0
3.86192,0.16288,0
2.64451,1.65009,0
3.99919,-0.32395,0
0.41699,-1.79797,0
3.88205,0.04491,0
1.18069,-1.51786,0
0.94912,-1.60947,0
2.38909,1.6199,0
3.99841,-0.26543,0
2.04443,1.43812,0
0.39341,-1.78137,0
3.99912,-0.26788,0
0.40876,-1.794,0
0.61902,-1.67269,0
0.70528,-1.73307,0
0.66898,-1.74324,0
4.05059,-0.33568,0
3.94456,-0.14314,0
2.03993,1.43746,0
2.27591,1.56987,0
0.8142,-1.70062,0
4.06938,-0.38961,0
2.92077,1.71207,0
0.82987,-1.58021,0
2.69379,1.68709,0
0.6092,-1.7311,0
1.49791,-1.42653,0
1.94644,1.43827,0
2.18024,1.50586,0
0.71888,-1.69527,0
1.29542,-1.45426,0
2.25262,1.56431,0
2.28419,1.54988,0
2.68548,1.70363,0
1.08005,-1.59259,0
3.96923,-0.30466,0
2.42167,1.61561,0
0.63434,-1.66893,0
0.45544,-1.74472,0
2.53916,1.63152,0
2.89014,1.71624,0
2.32892,1.58052,0
0.57514,-1.78756,0
3.97313,-0.13988,0
2.51086,1.64234,0
1.0086,-1.60175,0
2.21647,1.53633,0
3.13576,1.87788,0
0.75928,-1.71695,0
0.63638,-1.67811,0
4.01983,-0.4067,0
2.98315,1.84899,0
3.15466,1.77233,0
2.75813,1.74932,0
3.11595,1.8502,0
0.49565,-1.77926,0
2.51524,1.59416,0
2.50991,1.63673,0
1.17181,-1.55572,0
2.77475,1.66803,0
3.0511,1.77337,0
2.38641,1.57215,0
3.90699,-0.11939,0
2.0022,1.44091,0
2.47933,1.6317,0
0.55307,-1.67409,0
3.97603,-0.26446,0
-0.55023,0.43397,0
2.01528,1.42339,0
2.22145,1.49608,0
3.89263,-0.01826,0
0.51814,-1.81425,0
1.06728,-1.58698,0
2.95025,1.72062,0
2.07182,1.44256,0
3.88866,0.06843,0
0.4424,-1.69518,0
2.40506,1.59052,0
2.51499,1.61021,0
1.31571,-1.49281,0
3.8216,0.19533,0
2.28626,1.5037,0
1.20984,-1.47312,0
3.92627,-0.17783,0
0.36526,-1.80356,0
0.74713,-1.70728,0
1.94128,1.41533,0
3.02559,1.85517,0
4.04707,-0.31932,0
0.90485,-1.55182,0
1.37185,-1.44192,0
1.94652,1.42397,0
0.64623,-1.74616,0
1.56419,-1.39206,0
1.2053,-1.50295,0
3.06405,1.76663,0
1.34991,-1.44926,0
3.15082,1.88806,0
3.08728,1.83181,0
3.87269,0.15572,0
3.84152,0.22867,0
2.12416,1.50243,0
1.44422,-1.44856,0
0.70334,-1.67804,0
2.36254,1.53492,0
3.07197,1.89359,0
0.95104,-1.57206,0
3.09312,1.78715,0
3.04886,1.77495,0
2.41882,1.63442,0
1.60372,-1.37033,0
3.94244,-0.15587,0
2.29849,1.51849,0
1.29165,-1.489,0
3.13968,1.75914,0
3.11455,1.88624,0
0.78283,-1.62962,0
3.88928,0.08975,0
0.38299,-1.80386,0
1.22757,-1.5306,0
3.05298,1.86203,0
3.97612,-0.17733,0
0.65936,-1.67461,0
2.36801,1.57975,0
0.35622,-1.80682,0
3.92723,-0.0831,0
0.42445,-1.81083,0
0.43089,-1.78912,0
1.97725,1.42082,0
1.40049,-1.44055,0
2.65655,1.66805,0
2.85339,1.73101,0
0.87509,-1.59329,0
1.5199,-1.41003,0
2.86591,1.70525,0
3.12602,1.80094,0
3.01443,1.75279,0
3.03765,1.79231,0
0.39467,-1.87289,0
1.34212,-1.45207,0
3.87627,0.01475,0
2.63239,1.63398,0
2.8643,1.76047,0
1.10848,-1.54342,0
2.94044,1.80105,0
4.02936,-0.30109,0
0.43559,-1.71564,0
3.90652,-0.0902,0
0.47078,-1.69517,0
1.06178,-1.55458,0
1.21922,-1.46501,0
2.80838,1.77411,0
0.73971,-1.6533,0
2.49778,1.56828,0
2.75205,1.67701,0
2.72885,1.7386,0
1.68803,1.3393,0
2.45493,1.57494,0
2.09993,1.50408,0
0.63492,-1.77801,0
2.59177,1.62944,0
4.00924,-0.23266,0
3.06596,1.81356,0
2.48919,1.594,0
0.69169,-1.71674,0
3.07709,1.86885,0
0.84255,-1.61419,0
1.97496,1.43158,0
0.86899,-1.63963,0
1.92715,1.40606,0
0.91288,-1.55517,0
3.94321,-0.12944,0
1.54931,-1.36891,0
3.88049,0.00164,0
2.80947,1.75006,0
1.28855,-1.51134,0
0.75824,-1.69703,0
2.58639,1.63565,0
2.67506,1.62397,0
3.17295,1.83597,0
1.02303,-1.57778,0
2.54552,1.6053,0
2.52373,1.6107,0
3.87507,0.04935,0
3.13417,1.8706,0
0.38595,-1.73193,0
3.96877,-0.30807,0
1.15726,-1.51437,0
2.9395,1.80229,0
1.9251,1.42211,0
2.91448,1.77023,0
0.64279,-1.7438,0
2.26376,1.49713,0
2.21029,1.48802,0
2.63764,1.63925,0
1.4218,-1.3914,0
2.98017,1.76707,0
1.47923,-1.43568,0
0.45456,-1.71545,0
2.90271,1.7603,0
0.42643,-1.82639,0
3.08006,1.77084,0
0.69747,-1.65182,0
1.44144,-1.45331,0
3.89977,-0.09405,0
2.82238,1.79755,0
2.97823,1.8003,0
0.43395,-1.71991,0
2.29684,1.55676,0
0.6358,-1.67224,0
2.65726,1.7041,0
3.17684,1.85076,0
1.1094,-1.52753,0
2.25647,1.54414,0
2.82475,1.71352,0
3.85494,0.07919,0
2.89349,1.76176,0
2.61541,1.63808,0
0.45099,-1.74973,0
1.84486,1.37874,0
2.61277,1.62436,0
2.89814,1.73126,0
0.37656,-1.77907,0
0.71495,-1.62817,0
0.72605,-1.6087,0
1.61154,-1.37297,0
0.62746,-1.75038,0
1.26892,-1.45543,0
3.10589,1.81609,0
0.59932,-1.7578,0
2.84901,1.75604,0
2.40753,1.6053,0
3.11816,1.75483,0
2.70981,1.74479,0
2.44499,1.57912,0
2.66798,1.64472,0
0.49399,-1.70031,0
3.12493,1.77622,0
3.03072,1.82606,0
3.17217,1.83539,0
2.3831,1.61484,0
3.99134,-0.34065,0
0.59678,-1.75569,0
3.17013,1.8097,0
0.55841,-1.66912,0
0.3944,-1.85164,0
1.00636,-1.62301,0
0.93233,-1.58821,0
-0.53602,0.44199,0
3.00414,1.768,0
4.01876,-0.35293,0
3.97172,-0.19874,0
1.18987,-1.54787,0
2.558,1.68837,0
1.82145,1.3826,0
3.98203,-0.23084,0
2.77022,1.66329,0
2.93832,1.80454,0
0.55484,-1.79164,0
2.31205,1.53066,0
1.28453,-1.49107,0
2.90141,1.83033,0
0.96776,-1.57069,0
2.9229,1.78322,0
3.94605,-0.12397,0
3.99853,-0.33199,0
2.66186,1.64874,0
0.52161,-1.7651,0
0.98831,-1.54776,0
2.36814,1.61307,0
3.95651,-0.25138,0
2.61578,1.6145,0
3.11664,1.8282,0
2.33742,1.59981,0
0.41535,-1.71447,0
0.61994,-1.72123,0
4.07568,-0.36239,0
1.81082,1.38863,0
0.45089,-1.8494,0
0.57166,-1.66454,0
1.87427,1.39251,0
0.6108,-1.68831,0
0.66598,-1.71638,0
2.76662,1.68978,0
1.21723,-1.53706,0
2.29978,1.5385,0
3.87275,0.12663,0
2.97703,1.74498,0
0.38093,-1.73566,0
1.13275,-1.49978,0
1.1393,-1.56895,0
0.61782,-1.65038,0
3.86975,-0.00214,0
2.70808,1.65131,0
3.88422,0.10466,0
0.40112,-1.83579,0
-0.54167,0.43329,0
1.02826,-1.60546,0
1.44298,-1.39448,0
3.84427,0.15875,0
3.90204,0.07006,0
2.62722,1.64879,0
2.91693,1.74111,0
2.49061,1.57842,0
2.21167,1.53875,0
4.00057,-0.20736,0
1.43002,-1.44225,0
2.72957,1.74049,0
0.3886,-1.79584,0
3.14704,1.77268,0
0.366,-1.81554,0
0.48521,-1.83389,0
0.47673,-1.84134,0
0.68189,-1.69986,0
1.47786,-1.40143,0
3.00775,1.85042,0
1.84114,1.38226,0
1.80261,1.38546,0
1.16855,-1.51999,0
2.79885,1.71616,0
3.93154,-0.1617,0
2.44184,1.56322,0
0.89126,-1.61341,0
0.6312,-1.67013,0
0.46016,-1.698,0
1.0209,-1.60163,0
1.06183,-1.52932,0
3.8877,0.10036,0
2.5683,1.63281,0
2.77976,1.77591,0
1.15373,-1.5189,0
2.03275,1.46835,0
1.1995,-1.49926,0
0.39168,-1.80617,0
3.94425,-0.24255,0
3.82242,0.17928,0
2.00529,1.44147,0
1.39979,-1.46269,0
2.454,1.59606,0
2.33194,1.59374,0
1.70157,1.33267,0
0.41337,-1.7997,0
3.82702,0.16294,0
0.89365,-1.63017,0
3.19594,1.82763,0
3.93994,-0.15448,0
3.20999,1.78074,0
0.90631,-1.65377,0
2.35322,1.5762,0
2.18984,1.53286,0
2.67732,1.73142,0
2.34253,1.55422,0
2.57244,1.59504,0
0.40566,-1.86769,0
2.83299,1.77972,0
1.17511,-1.54828,0
2.87302,1.69989,0
1.01603,-1.53947,0
0.94337,-1.60757,0
1.14037,-1.50439,0
1.85173,1.37925,0
0.662,-1.76761,0
2.16238,1.52209,0
1.05907,-1.58878,0
3.12233,1.78285,0
0.78004,-1.71554,0
2.78574,1.73482,0
2.4498,1.55109,0
2.91833,1.72185,0
4.05813,-0.32657,0
1.02623,-1.53083,0
4.02552,-0.27733,0
3.89789,-0.06651,0
2.80447,1.75906,0
1.75638,1.3594,0
2.05914,1.48771,0
0.9441,-1.65238,0
0.67355,-1.76021,0
3.96983,-0.23784,0
2.55484,1.61218,0
3.91197,-0.01547,0
3.85886,0.06287,0
3.90402,0.07464,0
3.8633,0.15664,0
0.88595,-1.6707,0
0.91496,-1.58737,0
3.15231,1.81543,0
2.94343,1.70479,0
0.77811,-1.69911,0
2.9777,1.82054,0
0.95599,-1.55318,0
3.10239,1.78958,0
0.9122,-1.58964,0
1.01062,-1.57633,0
0.9478,-1.63786,0
1.55554,-1.37796,0
0.41997,-1.851,0
1.80484,1.3793,0
2.34415,1.53154,0
1.31628,-1.47356,0
2.6899,1.62456,0
1.58113,-1.37282,0
1.40752,-1.41951,0
2.51819,1.63136,0
2.94287,1.7076,0
0.64489,-1.67457,0
1.53021,-1.37313,0
0.77794,-1.68989,0
4.00216,-0.16703,0
2.73105,1.6764,0
2.86489,1.73361,0
2.3948,1.57214,0
2.38264,1.60722,0
2.72613,1.72239,0
1.46163,-1.3882,0
1.01797,-1.54585,0
3.90985,-0.01119,0
4.01178,-0.26058,0
3.04692,1.882,0
3.06307,1.7578,0
3.13061,1.9163,0
0.49918,-1.8297,0
0.39076,-1.80535,0
0.58264,-1.74669,0
2.95901,1.73484,0
1.0815,-1.52598,0
0.47864,-1.7035,0
1.42694,-1.42107,0
3.90616,0.03118,0
3.85924,0.11858,0
0.87493,-1.63112,0
3.04904,1.74876,0
3.15078,1.82914,0
2.16874,1.51203,0
2.71093,1.72014,0
0.57646,-1.76779,0
2.80592,1.75978,0
0.77324,-1.71031,0
0.90292,-1.64234,0
1.69028,1.3414,0
2.87579,1.7572,0
2.4598,1.61385,0
0.86533,-1.60908,0
2.54926,1.59584,0
4.00407,-0.3168,0
1.23524,-1.49801,0
0.6809,-1.66163,0
0.39894,-1.79891,0
4.0488,-0.37465,0
2.47129,1.56099,0
2.6358,1.6324,0
1.14385,-1.53592,0
1.18655,-1.47047,0
1.79152,1.37123,0
3.9496,-0.11957,0
1.23672,-1.48064,0
0.79442,-1.64018,0
0.57919,-1.71071,0
3.06626,1.7377,0
2.08828,1.44436,0
1.20784,-1.46194,0
0.55419,-1.74737,0
0.38249,-1.84627,0
1.00781,-1.61075,0
3.01979,1.84454,0
0.97113,-1.61027,0
2.15747,1.46449,0
0.3702,-1.84741,0
1.44633,-1.41261,0
3.88818,0.11066,0
2.71627,1.68782,0
1.98349,1.43316,0
0.34713,-1.75336,0
0.94938,-1.62665,0
0.51663,-1.76267,0
0.69909,-1.69612,0
0.95932,-1.59057,0
1.71676,1.34325,0
2.29156,1.5786,0
0.58432,-1.78771,0
1.1222,-1.50469,0
0.86818,-1.58711,0
0.56003,-1.71991,0
1.09545,-1.585,0
3.89956,-0.04527,0
2.8317,1.78505,0
1.02689,-1.56906,0
1.07444,-1.50655,0
0.89791,-1.64686,0
2.10896,1.49326,0
0.97812,-1.5355,0
0.66149,-1.63892,0
0.72764,-1.71623,0
3.83158,0.19026,0
2.60722,1.63568,0
3.05082,1.84455,0
0.52631,-1.71311,0
2.91331,1.81858,0
1.17906,-1.51631,0
0.48305,-1.80017,0
1.99823,1.41749,0
0.562,-1.80329,0
1.04414,-1.56386,0
1.15624,-1.52143,0
3.03192,1.74296,0
0.43986,-1.72115,0
0.85974,-1.61057,0
2.24153,1.55652,0
2.95011,1.73235,0
1.36812,-1.4633,0
3.89926,0.03478,0
2.72895,1.66165,0
2.10642,1.45179,0
2.97954,1.82437,0
2.55905,1.62543,0
3.15124,1.77695,0
3.03498,1.82959,0
2.15361,1.48734,0
2.60758,1.65274,0
0.67375,-1.76242,0
3.94018,-0.19085,0
3.18124,1.86091,0
2.99398,1.84533,0
2.82738,1.74337,0
0.69812,-1.74231,0
2.3859,1.55078,0
2.5882,1.5934,0
1.29749,-1.4348,0
2.96803,1.71964,0
3.94152,-0.09013,0
3.859,0.1619,0
1.95358,1.41807,0
3.96678,-0.19593,0
1.18799,-1.55334,0
2.73368,1.72168,0
0.88962,-1.63936,0
0.52307,-1.81117,0
1.54984,-1.35363,0
3.02948,1.77752,0
3.05679,1.80915,0
1.22338,-1.53006,0
1.44084,-1.39532,0
3.13733,1.79131,0
4.01402,-0.21353,0
0.62063,-1.73708,0
-0.51094,0.376,0
0.85265,-1.59633,0
2.10753,1.46957,0
2.67257,1.67253,0
0.41589,-1.85847,0
3.14196,1.81702,0
1.96507,1.43571,0
3.08511,1.76047,0
3.05148,1.79381,0
2.1416,1.4991,0
2.92157,1.70132,0
0.59232,-1.70452,0
2.97727,1.86028,0
0.40084,-1.77408,0
2.73361,1.69534,0
3.12588,1.90673,0
0.82414,-1.63126,0
3.94279,-0.20349,0
0.88736,-1.59835,0
2.77883,1.71766,0
1.28489,-1.44651,0
4.01911,-0.21987,0
2.37915,1.57569,0
3.93581,-0.09458,0
0.80286,-1.68726,0
2.27389,1.56766,0
1.35206,-1.43967,0
1.23584,-1.48715,0
3.90833,-0.09919,0
1.16832,-1.50808,0
2.99127,1.83854,0
3.10467,1.77472,0
2.82269,1.68523,0
2.59594,1.69164,0
0.62363,-1.66253,0
1.02759,-1.5915,0
3.19319,1.77671,0
2.32268,1.52749,0
2.39189,1.55968,0
0.52134,-1.73363,0
1.11538,-1.53683,0
3.11582,1.79458,0
0.6199,-1.77941,0
3.15393,1.81718,0
2.5072,1.6077,0
2.49143,1.65101,0
3.17683,1.85987,0
3.97511,-0.17133,0
0.45229,-1.74209,0
2.58577,1.59882,0
4.00515,-0.26281,0
2.11159,1.49644,0
0.51115,-1.71428,0
1.55989,-1.37249,0
3.0583,1.82289,0
2.59626,1.65964,0
3.97201,-0.27348,0
3.94461,-0.24321,0
0.6565,-1.71311,0
1.4713,-1.41452,0
1.35498,-1.46566,0
3.10332,1.78385,0
3.06307,1.80047,0
0.50593,-1.73968,0
1.93265,1.39989,0
1.14601,-1.52287,0
1.83918,1.37759,0
0.45786,-1.78697,0
2.37445,1.54046,0
0.62577,-1.75135,0
2.49486,1.60544,0
1.10725,-1.56852,0
2.08199,1.4431,0
2.6637,1.71362,0
0.38495,-1.79685,0
2.74231,1.66078,0
1.25079,-1.48754,0
0.49465,-1.79747,0
2.62317,1.61111,0
2.7481,1.66568,0
2.48842,1.63397,0
3.1884,1.84239,0
3.13319,1.89752,0
2.31866,1.55154,0
3.84567,0.1,0
2.68609,1.73057,0
1.85595,1.38166,0
0.56128,-1.72407,0
0.65526,-1.76772,0
0.69525,-1.67166,0
2.69318,1.66022,0
2.30282,1.53539,0
0.79095,-1.61808,0
2.66968,1.70098,0
2.41526,1.54218,0
2.49861,1.65883,0
2.72546,1.63874,0
3.98228,-0.23275,0
2.04718,1.44873,0
3.91844,-0.06876,0
2.05583,1.45582,0
2.18899,1.49232,0
1.13981,-1.48233,0
0.56128,-1.70205,0
1.1856,-1.52119,0
1.47158,-1.3893,0
0.99224,-1.54021,0
1.46086,-1.42278,0
0.75827,-1.63875,0
2.48399,1.64775,0
4.07497,-0.3907,0
4.05048,-0.28417,0
3.1432,1.79767,0
0.49761,-1.74572,0
3.97162,-0.13271,0
1.44574,-1.39839,0
2.0607,1.47354,0
2.75957,1.65629,0
3.97012,-0.25718,0
2.53898,1.64509,0
4.02227,-0.27011,0
0.48263,-1.79121,0
1.27712,-1.43868,0
0.65184,-1.76604,0
3.13685,1.82452,0
3.85292,0.08611,0
3.91195,-0.07671,0
1.45693,-1.38558,0
0.60996,-1.64711,0
2.26554,1.51043,0
4.00036,-0.26481,0
2.37719,1.5617,0
0.56078,-1.79923,0
1.57315,-1.36837,0
4.00661,-0.27611,0
3.83845,0.17046,0
3.98852,-0.31957,0
3.97416,-0.20744,0
0.65609,-1.76119,0
3.84843,0.12727,0
2.85967,1.74245,0
2.80501,1.76733,0
1.06757,-1.50956,0
2.13128,1.47204,0
2.71427,1.66411,0
2.1933,1.48712,0
2.34054,1.60111,0
1.02809,-1.60185,0
2.55331,1.59291,0
3.1331,1.90637,0
1.98997,1.43046,0
1.02277,-1.61855,0
3.87511,-0.00682,0
2.60334,1.64501,0
0.69006,-1.62104,0
0.39301,-1.79503,0
1.07987,-1.54437,0
2.77846,1.69135,0
2.96783,1.79309,0
2.85438,1.77914,0
3.9663,-0.14604,0
3.96106,-0.29601,0
0.4554,-1.72655,0
2.87765,1.75133,0
3.1942,1.82049,0
3.86175,0.11523,0
2.79937,1.74814,0
1.30119,-1.47728,0
3.12609,1.80852,0
0.44456,-1.77693,0
0.61274,-1.76984,0
0.87366,-1.6088,0
1.55609,-1.36424,0
3.86956,0.14146,0
2.12251,1.46325,0
3.17866,1.83476,0
4.0296,-0.28141,0
2.99096,1.72569,0
4.0054,-0.20296,0
3.95129,-0.15164,0
2.97702,1.7888,0
2.99667,1.77963,0
0.95917,-1.64102,0
3.87486,-0.00486,0
0.53283,-1.66691,0
3.90992,-0.09256,0
2.81115,1.75155,0
0.36203,-1.74779,0
1.0563,-1.53183,0
2.21459,1.53729,0
0.66832,-1.62983,0
2.86922,1.75927,0
3.22117,1.80133,0
4.07353,-0.41095,0
3.17672,1.88641,0
0.34356,-1.80576,0
4.05829,-0.40901,0
4.02802,-0.43219,0
4.03296,-0.42242,0
0.35285,-1.81174,0
4.06008,-0.41684,0
0.33671,-1.78611,0
0.3321,-1.76614,0
4.02849,-0.41706,0
3.16181,1.92706,0
4.05623,-0.42583,0
3.23389,1.79646,0
0.3088,-1.74118,0
4.01698,-0.44569,0
3.22295,1.81676,0
0.31122,-1.74427,0
0.30866,-1.74063,0
2.8701,1.84714,0
1.17847,-1.57427,0
2.97945,1.88403,0
0.80185,-1.72288,0
-0.50511,0.27318,0
0.44179,-1.89256,0
1.10178,-1.59733,0
2.38351,1.6297,0
4.03431,-0.16711,0
0.6815,-1.76566,0
0.79179,-1.75659,0
-0.52843,0.35655,0
0.9016,-1.68979,0
4.0477,-0.27415,0
2.63834,1.75894,0
-0.52265,0.30253,0
1.72125,1.36284,0
1.38158,-1.49582,0
2.16557,1.54493,0
3.86069,0.19919,0
0.73294,-1.7512,0
-0.51117,0.28452,0
1.05615,-1.62936,0
2.67313,1.76619,0
1.21525,-1.57283,0
3.96262,-0.04398,0
4.01164,-0.14588,0
4.00656,-0.16594,0
0.74786,-1.74783,0
2.09318,1.52317,0
0.66261,-1.779,0
0.52045,-1.84621,0
1.71633,1.36013,0
3.86214,0.20522,0
1.05975,-1.61781,0
3.02009,1.90636,0
0.87776,-1.68346,0
1.69254,1.34896,0
0.75657,-1.73978,0
3.92071,0.05904,0
2.30112,1.60039,0
2.41745,1.65232,0
0.46873,-1.88862,0
3.92473,0.07576,0
1.14222,-1.59799,0
0.54442,-1.83054,0
4.03868,-0.19337,0
2.62073,1.72635,0
2.95729,1.87889,0
0.78743,-1.74003,0
4.03749,-0.22435,0
1.61919,-1.38983,0
4.0095,-0.15972,0
4.01688,-0.18454,0
0.56896,-1.8428,0
1.5199,-1.43333,0
2.24275,1.58841,0
1.79961,1.38812,0
3.01807,1.90202,0
0.49057,-1.87671,0
2.71923,1.77642,0
0.59507,-1.83909,0
3.90027,0.13655,0
4.07392,-0.29309,0
0.586,-1.80392,0
3.92611,0.05717,0
0.84855,-1.72825,0
3.91374,0.11293,0
3.9948,-0.1328,0
-0.52359,0.34425,0
4.03264,-0.18051,0
0.60314,-1.83901,0
2.9232,1.87493,0
2.64936,1.75258,0
2.79613,1.80833,0
3.0271,1.90793,0
1.53612,-1.42968,0
0.74207,-1.73761,0
2.31599,1.60364,0
2.29387,1.59447,0
3.85963,0.20672,0
0.78911,-1.72593,0
1.02125,-1.65604,0
2.95322,1.87792,0
0.95846,-1.6821,0
0.55104,-1.82585,0
1.29254,-1.53665,0
0.54403,-1.8238,0
2.28525,1.60015,0
3.07797,1.94498,0
4.02517,-0.18307,0
2.94749,1.85871,0
2.79737,1.81245,0
1.57141,-1.41566,0
1.61317,-1.39319,0
2.18647,1.55576,0
0.45192,-1.89179,0
3.0528,1.94038,0
3.03861,1.89096,0
0.60328,-1.83761,0
2.601,1.72995,0
2.37417,1.64736,0
2.81085,1.79629,0
0.85261,-1.72581,0
1.53317,-1.43208,0
4.0242,-0.1801,0
1.77477,1.37717,0
2.96687,1.86348,0
2.70704,1.78941,0
2.75045,1.7896,0
1.05372,-1.62306,0
4.00361,-0.11435,0
2.91384,1.8567,0
2.94009,1.87058,0
0.4962,-1.84806,0
2.88348,1.8373,0
2.75225,1.78162,0
0.78216,-1.73359,0
0.76966,-1.76439,0
3.93666,0.03155,0
1.001,-1.63554,0
0.7399,-1.77438,0
0.94158,-1.65829,0
0.74551,-1.75154,0
2.34071,1.6326,0
4.06948,-0.24737,0
4.0812,-0.29074,0
2.52235,1.70557,0
2.22768,1.55881,0
2.54228,1.71427,0
2.26426,1.58282,0
0.81935,-1.72462,0
1.90149,1.43485,0
2.85417,1.823,0
1.90625,1.43191,0
1.34323,-1.51844,0
1.72131,1.36022,0
4.07536,-0.299,0
0.71734,-1.78069,0
2.5692,1.69788,0
1.15152,-1.5929,0
1.80244,1.38783,0
2.66536,1.76821,0
2.8144,1.83428,0
-0.52963,0.36736,0
2.20305,1.56949,0
1.21785,-1.55858,0
2.39602,1.64093,0
2.86743,1.82303,0
4.0262,-0.15906,0
1.03163,-1.63447,0
1.36362,-1.48626,0
1.07569,-1.62625,0
0.504,-1.83645,0
1.59524,-1.40933,0
2.21236,1.57463,0
0.6734,-1.76908,0
4.09378,-0.31513,0
3.08418,1.93762,0
-0.5333,0.37766,0
3.85214,0.23735,0
2.89335,1.84071,0
0.6805,-1.76844,0
0.72946,-1.74288,0
1.17396,-1.58922,0
0.7462,-1.77153,0
1.24197,-1.53587,0
3.84266,0.25457,0
2.05046,1.49805,0
0.92624,-1.69906,0
0.88683,-1.70933,0
0.4824,-1.84587,0
0.43732,-1.88935,0
4.03378,-0.17489,0
3.00785,1.89886,0
2.82249,1.82683,0
2.47053,1.66826,0
1.06031,-1.60897,0
3.86668,0.18219,0
0.5051,-1.84858,0
2.21431,1.56474,0
2.0719,1.51236,0
2.99362,1.87972,0
1.07569,-1.63217,0
2.95636,1.891,0
0.87216,-1.70191,0
-0.52953,0.35992,0
2.25845,1.57382,0
1.49112,-1.44927,0
2.68935,1.75446,0
2.74144,1.76634,0
2.92193,1.88031,0
2.87558,1.86099,0
1.50938,-1.43151,0
0.79891,-1.72735,0
-0.53661,0.36402,0
3.02851,1.92363,0
2.30367,1.61741,0
-0.552,0.37855,0
0.62069,-1.81001,0
2.59517,1.73108,0
-0.54116,0.37581,0
1.00192,-1.64968,0
0.521,-1.85343,0
2.55679,1.7112,0
1.17899,-1.571,0
3.98225,-0.09655,0
4.003,-0.11011,0
2.77931,1.79845,0
2.57678,1.73434,0
3.88386,0.15875,0
3.93812,0.01101,0
0.99841,-1.64797,0
0.69593,-1.76434,0
1.16226,-1.57849,0
2.81492,1.80394,0
3.93731,0.00173,0
1.12812,-1.61104,0
0.68458,-1.79318,0
2.2429,1.56905,0
3.06571,1.93919,0
2.35164,1.62458,0
3.96721,-0.04965,0
1.19732,-1.56565,0
2.93958,1.88151,0
2.55219,1.6952,0
2.04451,1.49711,0
0.91855,-1.70221,0
0.89253,-1.68193,0
2.20513,1.56266,0
1.2956,-1.53873,0
2.54983,1.70928,0
0.99753,-1.63626,0
-0.53205,0.36097,0
3.10425,1.93238,0
0.53865,-1.833,0
2.08465,1.51849,0
0.87001,-1.71078,0
1.34555,-1.49512,0
2.95173,1.87209,0
1.17489,-1.59109,0
2.26617,1.5834,0
3.88203,0.17572,0
1.00346,-1.64487,0
1.14647,-1.59186,0
1.33509,-1.51136,0
1.19934,-1.57619,0
0.65051,-1.777,0
1.26847,-1.53581,0
0.94233,-1.67291,0
3.07242,1.93603,0
2.2346,1.57916,0
4.08185,-0.27566,0
1.37438,-1.4902,0
1.28965,-1.52898,0
0.67705,-1.77605,0
3.95623,-0.02,0
3.92236,0.08477,0
1.96103,1.45701,0
0.49339,-1.8714,0
2.87276,1.84468,0
2.76903,1.78301,0
2.21603,1.57799,0
2.26107,1.58108,0
0.66201,-1.80612,0
3.02666,1.90703,0
2.96642,1.90034,0
0.50301,-1.8536,0
2.54328,1.71431,0
0.51777,-1.83187,0
0.72374,-1.7722,0
0.63719,-1.81437,0
1.50655,-1.44771,0
3.86406,0.22242,0
0.4364,-1.86158,0
4.04756,-0.48315,0
3.24658,1.86811,0
0.31709,-1.78193,0
4.05736,-0.4818,0
3.24675,1.79665,0
3.23125,1.82957,0
0.28409,-1.74541,0
0.30806,-1.81044,0
4.04969,-0.47673,0
4.06001,-0.43761,0
4.03778,-0.47723,0
0.32334,-1.79749,0
3.2693,1.81021,0
4.06664,-0.49076,0
0.2991,-1.77882,0
0.31432,-1.79265,0
3.24717,1.82813,0
3.23405,1.81746,0
4.06049,-0.48083,0
3.19004,1.91184,0
3.22254,1.87418,0
0.32289,-1.81138,0
4.07915,-0.46248,0
3.23673,1.87071,0
4.07645,-0.45625,0
4.03201,-0.51716,0
3.27614,1.81829,0
3.27924,1.8148,0
0.2833,-1.77664,0
0.28059,-1.76376,0
3.27908,1.81285,0
3.27976,1.8268,0
4.05908,-0.51785,0
3.25766,1.84603,0
3.26816,1.82659,0
0.27584,-1.7511,0
3.20628,1.88817,0
4.01936,-0.11834,0
3.9094,0.13203,0
4.01309,-0.10411,0
4.09044,-0.33518,0
3.8548,0.26619,0
3.88362,0.19193,0
3.86462,0.23556,0
3.96787,-0.00886,0
3.12619,1.95651,0
3.99315,-0.06159,0
0.41752,-1.88926,0
4.0914,-0.34481,0
3.17967,1.91566,0
3.21963,1.8791,0
3.27599,1.8559,0
4.05763,-0.5236,0
0.27573,-1.7705,0
4.03959,-0.54018,0
3.29204,1.83313,0
4.05261,-0.53417,0
3.29236,1.81412,0
3.29736,1.83079,0
3.37054,1.77218,0
4.04226,-0.62276,0
4.0329,-0.62014,0
3.34104,1.77111,0
3.36714,1.75996,0
4.07501,-0.50565,0
3.28105,1.84402,0
3.32911,1.78186,0
4.05659,-0.55569,0
3.29518,1.84597,0
4.08373,-0.49525,0
3.2778,1.85733,0
4.02938,-0.64323,0
3.39177,1.74533,0
3.39909,1.72215,0
4.0267,-0.64411,0
3.37975,1.76749,0
4.05628,-0.61354,0
3.43129,1.6825,0
3.43668,1.70753,0
3.41905,1.70228,0
4.0298,-0.68303,0
3.42737,1.71392,0
3.43172,1.70301,0
4.00456,-0.68336,0
3.42816,1.70673,0
4.02313,-0.66743,0
3.99885,-0.75608,0
3.99458,-0.72664,0
4.00248,-0.72472,0
3.97887,-0.75972,0
4.00575,-0.75408,0
3.98839,-0.74812,0
3.98943,-0.7366,0
3.99224,-0.74757,0
4.0021,-0.73654,0
3.44805,1.68938,0
3.45043,1.68602,0
3.44047,1.70263,0
3.44089,1.69577,0
3.4238,1.73257,0
3.34404,1.77922,0
3.34028,1.80255,0
3.33141,1.82249,0
4.08552,-0.52151,0
4.08339,-0.5248,0
3.21279,1.90894,0
4.0994,-0.38093,0
4.08928,-0.50924,0
4.08581,-0.46429,0
4.10745,-0.38103,0
3.9623,0.01692,0
4.10752,-0.37672,0
3.85414,0.27302,0
3.15806,1.93721,0
3.17073,1.94341,0
3.96262,0.04126,0
4.08476,-0.25431,0
3.88072,0.2357,0
4.08303,-0.25273,0
4.06766,-0.21398,0
4.09483,-0.29157,0
4.11427,-0.33404,0
3.17608,1.92518,0
4.09841,-0.29925,0
4.104,-0.31222,0
4.08256,-0.25975,0
3.90469,0.18227,0
4.01567,-0.08968,0
4.10562,-0.30615,0
4.04666,-0.15884,0
3.91753,0.13626,0
3.9058,0.16166,0
4.07259,-0.23557,0
4.0383,-0.15144,0
3.96486,0.03547,0
3.88817,0.21467,0
0.81332,-1.75324,0
1.08621,-1.63315,0
0.76483,-1.77586,0
1.0122,-1.66686,0
3.97459,0.03491,0
3.95449,0.07327,0
0.55915,-1.86577,0
4.12859,-0.32815,0
4.06714,-0.17586,0
0.84391,-1.73876,0
3.98558,0.01379,0
0.90282,-1.71624,0
1.19737,-1.58449,0
0.94309,-1.69978,0
1.39808,-1.50244,0
1.53855,-1.44063,0
3.9997,-0.02544,0
1.50046,-1.46022,0
4.12515,-0.32385,0
0.85286,-1.73992,0
0.46188,-1.90602,0
0.72332,-1.7957,0
4.08136,-0.22403,0
1.52287,-1.45094,0
0.93188,-1.69999,0
1.03127,-1.65804,0
0.58426,-1.85583,0
1.00033,-1.67721,0
3.89838,0.21494,0
3.94238,0.11492,0
4.06453,-0.17467,0
3.13954,1.94971,0
1.50442,-1.45644,0
1.44882,-1.47457,0
0.5126,-1.88647,0
3.86815,0.28141,0
0.8568,-1.73868,0
4.07909,-0.22536,0
0.70138,-1.80171,0
3.88173,0.2494,0
1.18198,-1.5971,0
0.78259,-1.76376,0
0.87482,-1.73134,0
4.07139,-0.1999,0
1.04895,-1.6556,0
1.0898,-1.63139,0
4.02464,-0.07187,0
0.73385,-1.78865,0
4.10982,-0.29852,0
3.93588,0.11901,0
0.71804,-1.79369,0
0.50872,-1.88407,0
4.05726,-0.16955,0
3.88029,0.26462,0
4.03587,-0.09425,0
0.79022,-1.7662,0
0.95233,-1.68881,0
1.33173,-1.53191,0
4.11995,-0.307,0
0.56516,-1.8782,0
1.0207,-1.68242,0
1.16214,-1.61298,0
1.33891,-1.53795,0
0.86971,-1.74896,0
0.93174,-1.7075,0
0.78912,-1.77229,0
1.02472,-1.67917,0
1.07147,-1.65548,0
2.32488,1.62664,0
4.08704,-0.1929,0
4.05707,-0.13672,0
0.9311,-1.70822,0
2.97585,1.91098,0
0.7192,-1.81504,0
0.86148,-1.75259,0
0.92802,-1.71284,0
2.50573,1.70589,0
0.81161,-1.76103,0
0.58001,-1.8605,0
4.05724,-0.11694,0
4.05935,-0.1321,0
4.13572,-0.29959,0
0.82369,-1.75996,0
2.85174,1.86019,0
0.8182,-1.767,0
0.64097,-1.83572,0
0.96198,-1.70339,0
2.69325,1.78716,0
2.86802,1.8611,0
0.57071,-1.87308,0
3.92741,0.17678,0
1.47454,-1.48094,0
1.04706,-1.66954,0
0.7921,-1.78102,0
0.60741,-1.8594,0
2.96591,1.90945,0
2.99079,1.9219,0
0.9317,-1.72057,0
1.62647,-1.41258,0
4.08308,-0.17793,0
3.99039,0.02377,0
0.72076,-1.7992,0
2.62126,1.75615,0
1.00491,-1.68813,0
0.53242,-1.89114,0
0.71626,-1.80296,0
3.95164,0.11679,0
2.42085,1.66934,0
1.38879,-1.51412,0
0.61769,-1.84797,0
0.78992,-1.77262,0
0.79854,-1.77867,0
4.087,-0.20915,0
1.20932,-1.59382,0
2.83459,1.85318,0
1.28492,-1.55531,0
2.71897,1.79962,0
2.47706,1.69233,0
1.5663,-1.4354,0
2.71595,1.79641,0
0.99059,-1.68656,0
2.94113,1.90027,0
2.78314,1.82831,0
2.5869,1.74216,0
0.57661,-1.86893,0
0.68899,-1.81767,0
1.65359,-1.39664,0
3.19194,1.92958,0
0.91281,-1.73124,0
0.55767,-1.88992,0
4.04491,-0.08523,0
2.83569,1.85582,0
2.92985,1.89744,0
2.67217,1.78451,0
3.02371,1.94048,0
0.78921,-1.78848,0
4.00424,0.01019,0
2.91926,1.89563,0
2.99338,1.92718,0
1.1484,-1.62853,0
2.80926,1.84642,0
2.63955,1.77058,0
0.52706,-1.90311,0
1.34105,-1.54232,0
3.04294,1.9474,0
0.84459,-1.76323,0
2.61816,1.75922,0
4.05689,-0.11423,0
4.11532,-0.39917,0
3.21314,1.92298,0
4.10708,-0.4355,0
3.23453,1.8854,0
3.2475,1.87107,0
4.11124,-0.42954,0
3.31509,1.84296,0
4.09286,-0.52209,0
4.09438,-0.50976,0
3.35987,1.80034,0
3.30569,1.85385,0
4.09898,-0.54016,0
4.06571,-0.62373,0
3.39498,1.7725,0
4.10341,-0.48776,0
4.09795,-0.54543,0
4.13631,-0.36988,0
4.11959,-0.44621,0
3.22749,1.90907,0
4.05692,-0.64676,0
4.06322,-0.65166,0
3.43567,1.7334,0
4.05782,-0.66826,0
3.54059,1.52844,0
3.52288,1.59804,0
3.53073,1.58355,0
3.48457,1.64247,0
3.49411,1.62043,0
3.52114,1.58556,0
3.52788,1.58865,0
3.53704,1.6236,0
3.99157,-0.78803,0
3.5143,1.62562,0
3.55164,1.52715,0
3.99555,-0.7946,0
3.53698,1.62317,0
3.53754,1.52616,0
3.4991,1.64256,0
3.50418,1.61514,0
3.99002,-0.78055,0
3.55296,1.60979,0
4.01853,-0.81929,0
3.54922,1.60048,0
4.00858,-0.80448,0
3.5639,1.53816,0
3.58735,1.43548,0
3.96503,-0.81176,0
3.57021,1.52168,0
3.60446,1.44212,0
3.94972,-0.86711,0
3.90043,-0.87723,0
3.97308,-0.88071,0
3.58863,1.45965,0
3.57978,1.4906,0
3.96677,-0.86467,0
3.98044,-0.85019,0
3.91065,-0.87473,0
3.58787,1.51908,0
3.5968,1.47485,0
3.6084,1.43622,0
3.90362,-0.88149,0
3.60902,1.44495,0
3.95562,-0.83225,0
3.59704,1.44953,0
3.59228,1.53294,0
3.90806,-0.86455,0
3.92849,-0.87192,0
3.98787,-0.87667,0
3.9416,-0.85655,0
3.58608,1.56435,0
3.89969,-0.87628,0
3.60193,1.50955,0
3.88002,-0.87708,0
3.58358,1.46605,0
3.56953,1.60879,0
4.01142,-0.84796,0
3.99986,-0.83739,0
3.56828,1.6084,0
3.44324,1.73523,0
4.09805,-0.5661,0
4.08028,-0.58579,0
4.08181,-0.60226,0
4.07624,-0.60081,0
4.08772,-0.58718,0
3.37572,1.80051,0
3.50768,1.68139,0
3.50335,1.66509,0
4.04152,-0.74225,0
3.49559,1.66078,0
3.48567,1.67324,0
3.51772,1.65509,0
3.50171,1.68653,0
4.05176,-0.73422,0
3.54045,1.64497,0
3.52255,1.6713,0
4.06222,-0.71952,0
4.06421,-0.72568,0
3.49059,1.70196,0
4.05231,-0.70588,0
4.04626,-0.69262,0
4.0626,-0.7061,0
3.40804,1.78411,0
4.101,-0.60628,0
4.1043,-0.55488,0
4.0835,-0.61847,0
4.09622,-0.63691,0
3.89457,0.27537,0
3.24406,1.92417,0
3.88316,0.28857,0
3.23881,1.90657,0
4.13388,-0.38133,0
4.13173,-0.34954,0
4.14096,-0.37163,0
3.27867,1.89837,0
4.13375,-0.43574,0
3.28055,1.88986,0
3.27715,1.89448,0
3.87452,0.32905,0
4.15454,-0.38136,0
3.94496,0.1547,0
3.89392,0.2786,0
3.94395,0.1514,0
4.1591,-0.3869,0
4.01192,0.03178,0
4.06752,-0.07334,0
4.09569,-0.16471,0
4.1689,-0.31972,0
4.03498,-0.02961,0
3.90372,0.27385,0
4.11418,-0.19715,0
4.13788,-0.26688,0
3.90941,0.24661,0
4.11611,-0.23386,0
3.98638,0.06331,0
4.09502,-0.16509,0
3.90625,0.28816,0
1.67683,-1.39778,0
4.02344,-0.00708,0
1.60934,-1.42999,0
1.64433,-1.41538,0
3.88246,0.32855,0
4.05597,-0.08917,0
4.04398,-0.04184,0
3.91301,0.26233,0
1.18182,-1.61645,0
4.08551,-0.16119,0
3.91119,0.276,0
4.00048,0.02988,0
4.13902,-0.27156,0
4.04885,-0.04782,0
4.06313,-0.10926,0
4.01876,-0.0131,0
4.06333,-0.07234,0
1.37377,-1.53347,0
1.55986,-1.45277,0
3.97057,0.11957,0
3.17425,1.96795,0
1.29683,-1.56311,0
4.0613,-0.10249,0
4.14731,-0.28177,0
3.96659,0.10524,0
4.16175,-0.32215,0
1.22546,-1.5977,0
4.07175,-0.11605,0
4.05864,-0.0541,0
1.15113,-1.62793,0
4.05471,-0.06215,0
3.96152,0.16226,0
3.92882,0.20664,0
4.11056,-0.53528,0
4.1454,-0.47963,0
3.30868,1.86397,0
3.33518,1.83518,0
4.12122,-0.49534,0
4.12064,-0.50648,0
4.13057,-0.49669,0
3.32739,1.84842,0
3.33661,1.83956,0
4.10942,-0.60759,0
4.10059,-0.6259,0
4.08622,-0.68807,0
3.4837,1.7234,0
3.46489,1.72944,0
4.099,-0.67529,0
4.09889,-0.66621,0
4.08066,-0.74365,0
3.52281,1.68452,0
4.05051,-0.74865,0
4.07093,-0.73655,0
4.08038,-0.73807,0
4.06192,-0.7825,0
3.53533,1.66056,0
3.55834,1.61141,0
4.05721,-0.75952,0
3.54803,1.65751,0
4.07545,-0.76151,0
4.1038,-0.67634,0
4.11787,-0.63559,0
4.11627,-0.61333,0
4.11094,-0.62838,0
4.11646,-0.65319,0
3.56571,1.61694,0
3.99048,-0.88043,0
3.95469,-0.90526,0
4.00086,-0.92249,0
3.97689,-0.89338,0
3.94661,-0.93117,0
3.94876,-0.90999,0
3.64477,1.5044,0
3.62653,1.53324,0
4.01214,-0.89001,0
3.63374,1.53824,0
3.67099,1.45219,0
3.93602,-0.90851,0
3.62372,1.52373,0
3.99892,-0.86799,0
3.61729,1.51815,0
4.00414,-0.88076,0
3.67111,1.42404,0
3.94472,-0.88707,0
3.93209,-0.89345,0
3.62048,1.46356,0
3.69084,1.37679,0
4.01241,-0.88645,0
3.678,1.4834,0
3.9502,-0.93165,0
3.68058,1.40921,0
3.92617,-0.9282,0
4.00927,-0.89226,0
3.97067,-0.92993,0
3.66247,1.47498,0
3.96893,-0.92959,0
3.66067,1.46221,0
4.00229,-0.92424,0
3.62569,1.45179,0
3.89735,-0.9377,0
3.98862,-0.90529,0
3.92794,-0.89395,0
3.94217,-0.92301,0
3.97052,-0.89914,0
4.01567,-0.89333,0
3.66615,1.41601,0
3.66787,1.43286,0
4.01062,-0.91882,0
3.88533,-0.89867,0
3.63384,1.45351,0
3.66234,1.47305,0
3.66932,1.47485,0
3.67959,1.4104,0
3.63806,1.50551,0
4.00614,-0.89542,0
4.05448,-0.78811,0
4.05638,-0.83004,0
4.03298,-0.84083,0
4.05039,-0.83645,0
3.61253,1.56413,0
3.60276,1.60569,0
4.02798,-0.83073,0
4.03029,-0.83408,0
4.05095,-0.82715,0
3.64416,1.55145,0
4.02945,-0.88866,0
4.03216,-0.85865,0
3.63339,1.55084,0
4.02693,-0.84814,0
4.02912,-0.88702,0
4.0318,-0.89056,0
4.02717,-0.89238,0
3.61852,1.59661,0
3.597,1.62103,0
4.07282,-0.81983,0
4.06146,-0.79366,0
3.69996,1.36899,0
4.0298,-0.90063,0
3.68935,1.41461,0
3.67484,1.53991,0
4.02437,-0.91389,0
3.63817,1.57898,0
3.69665,1.4164,0
3.89974,-0.96226,0
3.99756,-0.95242,0
3.70281,1.39267,0
3.99602,-0.96298,0
3.71326,1.47195,0
3.70406,1.38414,0
3.99185,-0.93784,0
3.73233,1.3121,0
3.71543,1.45579,0
3.894,-0.97319,0
3.72252,1.28445,0
3.70622,1.47607,0
3.6895,1.50209,0
4.01236,-0.95526,0
3.88343,-0.97927,0
3.97082,-0.93943,0
3.69539,1.45708,0
3.9678,-0.94042,0
3.98371,-0.94567,0
3.97387,-0.94333,0
3.71034,1.45911,0
3.7053,1.38595,0
3.70621,1.48069,0
3.72775,1.35344,0
3.93428,-0.94503,0
3.70049,1.4389,0
3.95501,-0.96299,0
3.90603,-0.94703,0
3.67962,1.52116,0
3.68805,1.51421,0
3.69122,1.52675,0
3.7413,1.3993,0
3.75286,1.30978,0
3.74378,1.3937,0
3.85322,-0.99901,0
3.98083,-0.98436,0
3.7464,1.27577,0
3.74535,1.36643,0
3.90312,-0.99916,0
3.76484,1.20069,0
3.74667,1.35128,0
3.73818,1.46594,0
3.88119,-0.98839,0
3.88219,-0.99174,0
3.94725,-0.99242,0
3.73262,1.3468,0
3.73374,1.38895,0
3.74395,1.28183,0
3.73682,1.45991,0
3.94661,-0.9834,0
3.737,1.47295,0
3.72386,1.47631,0
3.75541,1.29154,0
3.75564,1.29559,0
3.98671,-0.98374,0
3.87291,-0.99044,0
3.92638,-0.99041,0
3.73124,1.47172,0
3.75951,1.23443,0
3.75085,1.39471,0
3.75359,1.44717,0
3.76105,1.34015,0
3.97636,-1.01498,0
3.7606,1.28954,0
3.75651,1.35756,0
3.78003,1.1977,0
3.90085,-1.01449,0
3.97272,-1.00635,0
3.74828,1.4515,0
3.75882,1.37702,0
3.76341,1.3229,0
3.76938,1.25875,0
3.85503,-1.01524,0
3.88218,-1.00981,0
3.75601,1.44613,0
3.75366,1.34629,0
3.98466,-1.02052,0
3.77663,1.25233,0
3.9066,-1.01588,0
3.75426,1.44844,0
3.76988,1.19636,0
3.77061,1.37117,0
3.77793,1.31705,0
3.77779,1.28968,0
3.77596,1.33299,0
3.97112,-1.04373,0
3.92544,-1.03762,0
3.79052,1.23396,0
3.86424,-1.04453,0
3.94946,-1.05231,0
3.91637,-1.05428,0
3.79529,1.22279,0
3.80169,1.19094,0
3.90079,-1.03271,0
3.78673,1.25046,0
3.82639,0.89382,0
3.92074,-1.04354,0
3.90975,-1.04326,0
3.85811,-1.05915,0
3.82577,0.89795,0
3.79184,1.23323,0
3.80049,1.14077,0
3.79665,1.22501,0
3.78179,1.22765,0
3.83632,-1.06015,0
3.76836,1.36597,0
4.04327,-0.90569,0
4.05529,-0.88308,0
3.70847,1.53016,0
3.68991,1.54979,0
3.68897,1.54681,0
4.01239,-0.97171,0
4.0154,-0.97045,0
3.72518,1.52078,0
3.75466,1.48802,0
3.73425,1.49642,0
3.77247,1.46736,0
3.7628,1.46116,0
3.7706,1.44205,0
3.99725,-0.9985,0
3.99612,-1.00344,0
3.83028,0.91096,0
3.75964,1.47236,0
3.9245,-1.0682,0
3.84358,0.92629,0
3.84037,1.1536,0
3.85471,-1.0921,0
3.80038,1.39331,0
3.82856,1.11152,0
3.81561,1.38812,0
3.83176,0.96349,0
3.82936,1.3164,0
3.80969,1.27177,0
3.95561,-1.06992,0
3.82352,1.32472,0
3.82244,1.15447,0
3.81418,1.40014,0
3.79955,1.3807,0
3.84477,1.0654,0
3.83891,1.15459,0
3.96551,-1.06505,0
3.80437,1.2982,0
3.86468,0.78256,0
3.80063,1.3979,0
3.80271,1.32979,0
3.84721,0.95734,0
3.85049,0.8372,0
3.94039,-1.07526,0
3.83241,0.91777,0
3.8515,0.91648,0
3.84295,-1.07263,0
3.87677,-1.07119,0
3.94546,-1.08662,0
3.79783,1.38478,0
3.83788,1.06074,0
3.82177,1.26573,0
3.88168,-1.07033,0
3.8545,0.82604,0
3.90074,-1.07267,0
3.96933,-1.08379,0
3.83427,1.01035,0
3.84229,1.08093,0
3.82348,1.15741,0
3.83932,1.03148,0
3.80107,1.27589,0
3.83755,0.93104,0
3.96025,-1.0677,0
3.85269,0.87484,0
3.81964,1.30555,0
3.86743,-1.07548,0
3.84377,-1.06965,0
3.85429,0.92275,0
3.80578,1.22264,0
3.82722,1.17309,0
3.82329,1.19518,0
3.84517,0.98249,0
3.85798,0.86709,0
3.84267,1.07841,0
3.81072,1.25737,0
3.86071,0.78727,0
3.97629,-1.06645,0
3.8205,1.32475,0
3.91027,-1.07512,0
3.79246,1.3523,0
3.87861,-1.06889,0
3.82205,1.30775,0
3.81306,1.23219,0
3.86612,-1.07798,0
3.82543,1.38322,0
3.98864,-1.07422,0
3.8377,1.19769,0
3.86305,0.82155,0
3.78972,1.40354,0
3.98788,-1.07215,0
3.85236,0.98833,0
3.83884,1.19002,0
3.83986,1.24471,0
3.83205,-1.11451,0
3.9753,-1.10909,0
3.85035,1.26299,0
3.84462,1.3297,0
3.85601,1.07648,0
3.85307,1.08288,0
3.93536,-1.09702,0
3.84563,1.24301,0
3.86746,-1.10872,0
3.84258,1.29033,0
3.85189,1.2161,0
3.95447,-1.10369,0
3.89775,0.35473,0
3.85355,1.04136,0
3.81925,-1.11772,0
3.85567,1.03857,0
3.87292,0.85214,0
3.82877,1.37501,0
3.87248,-1.11473,0
3.8533,1.13625,0
3.87449,-1.11413,0
3.89606,-1.11169,0
3.87176,0.77785,0
3.84783,1.30233,0
3.97747,-1.11533,0
3.87669,0.76357,0
3.83273,1.34901,0
3.88084,-1.11663,0
3.95047,-1.10265,0
3.8522,1.24671,0
3.85304,1.23939,0
3.87033,0.90306,0
3.87478,0.82438,0
3.86301,1.12733,0
3.87605,0.88264,0
3.90932,-1.13507,0
3.88394,0.85294,0
3.87893,1.09135,0
3.87057,1.28713,0
3.86732,1.29729,0
3.87942,0.93242,0
3.84834,-1.15193,0
3.88038,0.77818,0
3.85859,1.18748,0
3.91089,-1.12854,0
3.87763,0.82024,0
3.86918,1.19556,0
3.8588,1.20215,0
3.91182,-1.13217,0
3.86387,1.13204,0
3.91523,-1.14832,0
3.88067,1.0139,0
3.86773,1.14807,0
3.86827,1.28532,0
3.93752,-1.13999,0
3.92916,-1.13148,0
3.84261,-1.1384,0
3.85863,1.32046,0
3.92733,-1.15149,0
3.88094,0.75759,0
3.94506,-1.14431,0
3.86208,-1.15616,0
3.90042,0.43666,0
3.85599,1.21684,0
3.83793,-1.15699,0
3.86709,1.31245,0
3.86782,1.32197,0
3.89234,0.63902,0
3.86235,1.18438,0
3.89131,0.74672,0
3.90368,0.37099,0
3.9014,0.35247,0
3.81249,-1.1606,0
3.83376,-1.14399,0
3.85382,1.29038,0
3.86782,1.13273,0
3.86061,1.29418,0
3.884,0.92217,0
3.88762,-1.15845,0
3.88986,0.79922,0
3.86847,1.12363,0
3.88532,0.74643,0
3.8886,0.74698,0
3.87584,1.17448,0
3.87445,1.06207,0
3.88501,-1.13601,0
3.85062,-1.14518,0
3.86729,1.14256,0
3.8741,0.89006,0
3.89603,0.81042,0
3.92144,-1.17111,0
3.9045,-1.15891,0
3.90426,0.58245,0
3.89005,0.99146,0
3.88759,0.93859,0
3.89654,0.67691,0
3.8956,0.8646,0
3.8805,1.27042,0
3.80044,-1.18251,0
3.88707,0.95424,0
3.8891,1.12533,0
3.89039,0.90839,0
3.88465,1.29082,0
3.89589,0.77378,0
3.90628,-1.1604,0
3.89267,1.01126,0
3.89446,-1.17106,0
3.88076,1.25841,0
3.85606,-1.17955,0
3.91791,-1.17494,0
3.89025,0.94821,0
3.79642,-1.16678,0
3.87712,1.23427,0
3.9,0.56967,0
3.90786,0.42026,0
3.89164,0.79387,0
3.90238,0.58684,0
3.85803,1.34362,0
3.90988,0.45058,0
3.90466,0.69391,0
3.81173,-1.1914,0
3.84885,-1.19288,0
3.882,-1.19466,0
3.90807,0.46509,0
3.91281,0.30725,0
3.79093,-1.18649,0
3.89975,-1.18229,0
3.90716,0.56542,0
3.9041,0.62255,0
3.9023,0.8382,0
3.89833,0.8852,0
3.89614,1.14711,0
3.89504,1.25596,0
3.89909,1.19375,0
3.89641,1.05424,0
3.90285,0.84513,0
3.90846,0.63723,0
3.90723,1.15617,0
3.90839,0.74927,0
3.90789,1.09851,0
3.91483,0.49801,0
3.9111,0.79048,0
3.75597,-1.20364,0
3.90307,1.25645,0
3.90763,0.78291,0
3.90706,1.00018,0
3.9041,1.17717,0
3.88948,-1.20024,0
3.91421,0.35228,0
3.80544,-1.20838,0
3.90661,0.98484,0
3.9016,1.16343,0
3.90949,0.90021,0
3.90757,1.10936,0
3.90778,0.9925,0
3.91008,0.96661,0
3.96547,-1.11776,0
3.91779,1.09643,0
3.91902,0.49647,0
3.91587,0.7333,0
3.85786,-1.25042,0
3.92755,1.06737,0
3.92561,0.44615,0
3.74905,-1.2264,0
3.75548,-1.21177,0
3.79501,-1.25273,0
3.92038,0.71272,0
3.91393,1.15441,0
3.92072,0.8805,0
3.92296,0.33245,0
3.92205,0.80292,0
3.923,0.60245,0
3.87782,-1.21623,0
3.79704,-1.21832,0
3.93008,0.49242,0
3.88318,-1.23106,0
3.69591,-1.24493,0
3.91141,1.12481,0
3.9257,0.53521,0
3.73726,-1.25152,0
3.92146,0.45875,0
3.77556,-1.24093,0
3.78514,-1.24016,0
3.78256,-1.21484,0
3.93021,0.91478,0
3.93695,1.00348,0
3.92299,0.78263,0
3.93729,1.13203,0
3.89415,-1.23896,0
3.91275,0.93899,0
3.74838,-1.24752,0
3.83471,-1.24598,0
3.91796,0.73527,0
3.92741,0.94009,0
3.92337,0.47808,0
3.81956,-1.23857,0
3.92761,0.53831,0
3.92914,0.56105,0
3.93414,1.22551,0
3.91879,0.90485,0
3.93219,1.15925,0
3.92241,0.81243,0
3.92353,1.23954,0
3.93342,1.15689,0
3.91951,0.85738,0
3.92897,0.45639,0
3.93578,0.96903,0
3.8413,-1.22709,0
3.92206,1.15446,0
3.92004,0.69323,0
3.9142,1.20186,0
3.92126,0.50259,0
3.92551,1.11792,0
3.93157,0.99892,0
3.92481,1.10981,0
3.92987,0.61078,0
3.93326,1.1273,0
3.92395,0.30472,0
3.93071,1.03967,0
3.92804,1.18779,0
3.91926,1.03855,0
3.77037,-1.24027,0
3.92645,0.87746,0
3.76554,-1.22237,0
3.8208,-1.2211,0
3.78581,-1.23797,0
3.9207,0.55573,0
3.9109,-1.21076,0
3.92263,1.26118,0
3.91912,-1.2262,0
3.94809,1.13448,0
3.93168,0.33066,0
3.89171,-1.26328,0
3.79719,-1.25954,0
3.93466,0.64508,0
3.93069,0.24564,0
3.93829,0.57467,0
3.94125,0.99929,0
3.94746,1.13165,0
3.74873,-1.25767,0
3.94063,0.87142,0
3.94119,1.13566,0
3.94008,0.89582,0
3.93572,0.78797,0
3.93662,0.5085,0
3.93282,1.25689,0
3.95042,1.20655,0
3.70928,-1.26808,0
3.9584,1.15786,0
3.9401,0.42388,0
3.94698,0.75624,0
3.95475,1.1704,0
3.94523,0.81031,0
3.95162,1.00416,0
3.74304,-1.27132,0
3.95046,0.98081,0
3.94094,0.52387,0
3.83514,-1.26862,0
3.86838,-1.27423,0
3.9449,0.58844,0
3.93529,0.3378,0
3.9439,0.54824,0
3.9519,0.86357,0
3.94773,1.00981,0
3.85397,-1.26539,0
3.69367,-1.26745,0
3.949,1.0336,0
3.94846,0.81237,0
3.80273,-1.27829,0
3.75221,-1.27673,0
3.93918,0.49879,0
3.94931,0.93244,0
3.76629,-1.26685,0
3.95242,1.03655,0
3.95656,1.07481,0
3.94858,0.72987,0
3.95132,1.16339,0
3.94574,0.79544,0
3.95543,0.98854,0
3.69128,-1.27015,0
3.94448,0.81756,0
3.93589,0.3618,0
3.94299,0.72894,0
3.90352,-1.26229,0
3.94817,1.23951,0
3.9549,0.81211,0
3.94185,0.3141,0
3.96455,0.99435,0
3.96632,1.18256,0
3.94472,0.50056,0
3.93935,0.22726,0
3.9601,0.96169,0
3.95125,0.64863,0
3.94657,0.50018,0
3.96288,0.95689,0
3.94917,0.66584,0
3.94468,0.40426,0
3.94648,0.47866,0
3.87135,-1.28292,0
3.94593,0.56539,0
3.94447,0.41609,0
3.94752,0.5864,0
3.94641,0.51686,0
3.95794,0.97426,0
3.96026,1.03542,0
3.95519,0.79927,0
3.9492,0.55145,0
3.95172,0.70197,0
3.77283,-1.29057,0
3.9681,1.05488,0
3.80952,-1.29124,0
3.96662,0.97338,0
3.96925,1.03407,0
3.97372,1.17926,0
3.96767,0.99054,0
3.86852,-1.2954,0
3.95648,0.66802,0
3.76395,-1.29138,0
3.97168,1.13854,0
3.95131,0.46679,0
3.96113,0.74455,0
3.94978,0.38214,0
3.97463,0.83451,0
3.94942,0.37929,0
3.98317,1.12278,0
3.97443,0.93911,0
3.70236,-1.31006,0
3.97268,1.03769,0
3.96412,0.73235,0
3.95647,0.41672,0
3.76778,-1.31021,0
3.95472,0.42698,0
3.98192,0.89062,0
3.80309,-1.3109,0
3.97601,0.80217,0
3.9724,0.87362,0
3.95663,0.48809,0
3.94894,0.26311,0
3.78563,-1.31658,0
3.98476,1.02767,0
3.95161,0.43123,0
3.97338,0.82992,0
3.97114,1.01325,0
3.97298,0.97483,0
3.94464,0.21494,0
3.98939,1.16872,0
3.98597,0.99993,0
3.94573,0.25146,0
3.94543,0.29435,0
3.80747,-1.30085,0
3.97777,1.14312,0
3.94597,0.21683,0
3.98571,1.0485,0
3.98566,1.09002,0
3.97427,0.80355,0
3.97895,0.97685,0
3.97914,0.91272,0
3.94469,0.30349,0
3.97721,0.90454,0
3.97473,0.91141,0
3.9691,0.96733,0
3.96573,0.57245,0
3.74645,-1.31153,0
3.94765,0.23794,0
3.95629,0.41601,0
3.84087,-1.30849,0
3.9586,0.57864,0
3.9717,0.76315,0
3.97596,0.96231,0
3.73642,-1.3174,0
3.98148,0.98512,0
3.8756,-1.30636,0
3.67017,-1.32011,0
3.99207,1.03301,0
3.79196,-1.32726,0
3.96526,0.53531,0
3.96034,0.41489,0
3.99488,0.91334,0
3.97476,0.65554,0
3.66888,-1.32241,0
3.66826,-1.3286,0
3.99973,1.1272,0
3.79874,-1.33642,0
3.99793,1.00802,0
3.96303,0.45245,0
3.96608,0.48436,0
3.99146,0.86061,0
3.69744,-1.33597,0
3.98112,0.7503,0
3.96429,0.47691,0
3.77398,-1.33842,0
3.96498,0.49099,0
3.9709,0.60317,0
3.99176,0.93542,0
3.70267,-1.33147,0
3.68686,-1.32322,0
3.99678,1.0134,0
3.77064,-1.33023,0
3.98281,0.74684,0
3.9644,0.47983,0
3.99876,1.06121,0
3.99183,0.86744,0
3.99087,0.90393,0
3.98449,0.7835,0
3.99212,0.8919,0
3.9936,0.95984,0
3.97512,0.52105,0
3.96759,0.40395,0
3.97881,0.57764,0
3.97217,0.4954,0
3.97066,0.49928,0
3.95932,0.32215,0
3.97468,0.54198,0
3.95918,0.33345,0
3.98587,0.72037,0
3.99271,0.79433,0
3.96471,0.37388,0
3.96894,0.46341,0
3.95921,0.33335,0
3.90364,-1.27574,0
3.88679,-1.29586,0
3.92051,1.27959,0
3.93044,-1.21655,0
3.91697,-1.24203,0
3.91247,1.2881,0
3.94988,-1.20209,0
3.95266,-1.17617,0
3.95805,0.20689,0
3.88549,-1.31231,0
3.9616,0.29508,0
3.95931,0.19137,0
3.96879,0.34302,0
3.96856,0.39975,0
3.97944,0.57998,0
4.00738,1.16515,0
3.87933,-1.32697,0
3.97117,0.39876,0
3.97815,0.55726,0
3.98802,0.69733,0
3.99385,0.80501,0
3.9786,0.50199,0
3.96356,0.21442,0
3.96666,0.25219,0
3.989,0.67826,0
4.00625,0.7782,0
4.01491,0.83638,0
4.02059,0.89606,0
3.98169,0.45649,0
3.99435,0.67564,0
4.024,0.93063,0
4.01837,1.07231,0
4.00436,0.81927,0
3.99905,0.66373,0
3.99932,0.62387,0
4.02722,1.06301,0
3.968,0.2424,0
3.71475,-1.34367,0
4.00889,1.00566,0
3.99639,0.7288,0
3.72888,-1.34209,0
3.9842,0.55042,0
4.0053,0.72514,0
3.99054,0.54986,0
3.99415,0.6902,0
4.01431,0.89157,0
4.01019,0.92736,0
4.00049,0.71942,0
3.98738,0.52897,0
4.01558,0.90986,0
4.00228,0.80633,0
3.69012,-1.3547,0
4.01951,1.11234,0
4.01721,1.04061,0
3.98226,0.45788,0
3.99424,0.58667,0
3.97622,0.31402,0
3.66923,-1.35244,0
3.97271,0.24592,0
3.70164,-1.35137,0
4.02835,1.10641,0
3.98827,0.62216,0
3.98678,0.51034,0
4.02361,1.03447,0
4.01968,1.02541,0
4.02583,1.05019,0
3.76452,-1.35651,0
3.71123,-1.34991,0
3.99946,0.75039,0
3.82129,-1.35944,0
4.00512,0.6926,0
3.9976,0.73175,0
3.97865,0.43978,0
3.99219,0.56549,0
4.01241,1.07677,0
3.74366,-1.34891,0
3.83455,-1.37377,0
3.97691,0.2532,0
4.01684,0.77704,0
3.82364,-1.36782,0
4.02073,0.88196,0
4.04477,1.06354,0
4.03661,1.03008,0
4.04474,1.06672,0
3.74777,-1.37386,0
3.67521,-1.36289,0
4.03924,1.08582,0
4.01256,0.67089,0
4.04551,1.06931,0
3.98576,0.3618,0
3.72184,-1.36651,0
4.02009,0.76102,0
4.03374,0.9904,0
4.01515,1.14659,0
3.90531,-1.30025,0
4.00239,1.18457,0
3.88767,-1.31564,0
4.00781,1.16941,0
3.96691,-1.20397,0
3.93723,1.29088,0
3.93335,1.28765,0
3.93463,1.2848,0
3.97424,-1.17871,0
3.99299,-1.16539,0
3.90318,1.31715,0
3.98908,-1.13114,0
3.98248,-1.10732,0
3.99239,-1.14403,0
3.89601,1.31106,0
3.88618,1.33562,0
3.95315,1.25601,0
3.95215,-1.20818,0
3.94537,1.28232,0
3.93202,-1.27085,0
3.98689,1.21867,0
3.92748,-1.2626,0
3.98242,-1.17126,0
3.92853,1.30985,0
3.98872,1.21898,0
3.90888,-1.29111,0
3.96702,-1.22818,0
3.96504,1.27205,0
3.99347,1.21617,0
4.00596,1.2027,0
3.98115,0.17578,0
3.93087,-1.28699,0
3.97761,0.1906,0
4.02382,1.16187,0
4.00009,0.46588,0
3.99182,0.33061,0
4.00008,0.44766,0
4.00261,0.49917,0
4.00232,0.53539,0
3.99039,0.34217,0
3.99101,0.36311,0
3.99303,0.36996,0
3.98806,0.25561,0
3.99503,0.33534,0
4.00199,0.44847,0
4.00008,0.41754,0
3.89257,-1.33316,0
3.91277,-1.32299,0
4.0145,0.62271,0
4.01842,0.7335,0
3.99949,0.29757,0
4.00891,0.56079,0
4.01365,0.54,0
4.03138,0.885,0
3.98724,0.1154,0
3.98905,0.18844,0
3.9879,0.12423,0
3.9927,0.25687,0
3.99877,0.34817,0
4.0135,0.59003,0
4.01166,0.545,0
4.04376,0.993,0
4.04706,1.02619,0
4.01609,0.53482,0
4.01625,0.51934,0
4.02028,0.62688,0
4.02526,0.71007,0
4.01418,0.49511,0
4.01096,0.48156,0
4.03506,0.82954,0
4.05723,1.1213,0
4.03444,0.88302,0
4.0435,0.96596,0
4.03062,0.77107,0
4.03107,0.74799,0
4.01096,0.4869,0
4.02157,0.58964,0
4.03152,0.80414,0
4.03935,0.90635,0
4.02057,0.60842,0
4.04081,0.94748,0
4.03584,0.91248,0
4.05447,1.09458,0
4.00701,0.37853,0
4.02613,0.74515,0
4.0058,0.38539,0
4.00295,0.33081,0
4.04499,0.77529,0
3.84945,-1.37981,0
4.04757,0.86131,0
4.06654,1.04722,0
3.82384,-1.38657,0
4.03988,0.6205,0
4.01269,0.36525,0
4.00899,0.27103,0
4.03445,0.6347,0
3.80119,-1.39397,0
4.00523,0.25216,0
4.04582,0.85468,0
4.01386,0.46157,0
4.03613,0.64269,0
4.03241,0.69092,0
4.0264,0.58634,0
4.02269,0.437,0
4.03573,0.70685,0
3.82278,-1.39263,0
3.99895,0.24069,0
4.01309,0.33431,0
4.05967,0.83916,0
4.05918,1.00199,0
4.04186,0.7304,0
4.01983,0.53943,0
4.01905,0.49408,0
4.05717,1.05894,0
4.07005,1.043,0
4.04131,0.76164,0
4.04245,0.80079,0
3.79236,-1.38829,0
3.85523,-1.3754,0
4.0647,0.97023,0
4.03888,0.67329,0
4.06173,0.93024,0
4.04467,0.6714,0
4.02522,0.45375,0
3.79324,-1.38577,0
4.00042,0.2709,0
4.06506,1.0125,0
4.00873,0.36737,0
3.75557,-1.3941,0
4.06355,1.00441,0
4.04773,0.81096,0
3.68252,-1.37989,0
3.99161,0.13907,0
4.05775,0.91459,0
4.05004,0.86882,0
3.6638,-1.3861,0
4.00223,0.265,0
4.04497,0.92372,0
4.06535,0.91451,0
4.04124,0.80906,0
3.79696,-1.38469,0
4.05124,0.98519,0
4.03887,0.58887,0
4.00977,0.24372,0
4.02865,0.47931,0
4.0248,0.41253,0
3.99819,0.13169,0
3.65903,-1.38728,0
4.05947,0.79824,0
4.08356,1.0709,0
4.03697,0.56391,0
4.01714,0.33895,0
4.07633,0.9622,0
3.8103,-1.40138,0
4.03581,0.52013,0
4.04534,0.62682,0
3.53189,-1.37791,0
4.035,0.50769,0
4.07874,0.98015,0
4.0108,0.19943,0
4.05248,0.6464,0
4.06659,0.8347,0
4.02318,0.33347,0
4.02021,0.31481,0
4.07506,0.93164,0
4.04884,0.60607,0
4.08484,1.01811,0
4.07859,0.96433,0
4.06926,0.85344,0
4.04547,0.58445,0
4.06431,1.10762,0
4.06901,1.12396,0
4.02791,0.33304,0
4.01898,0.26206,0
4.00799,0.0931,0
4.07635,0.68728,0
4.08753,0.82277,0
3.6803,-1.40317,0
3.74678,-1.42192,0
4.01548,0.11385,0
3.59594,-1.38843,0
3.66715,-1.41199,0
4.08694,0.98838,0
3.73972,-1.41013,0
3.79676,-1.41431,0
4.05317,0.54934,0
3.79545,-1.41228,0
4.03716,0.44564,0
3.73563,-1.40718,0
4.02927,0.26919,0
4.06887,0.67787,0
4.03749,0.34984,0
3.6273,-1.39287,0
4.02804,0.3074,0
4.09577,0.87471,0
4.01302,0.06656,0
4.05101,0.52032,0
3.84366,-1.41301,0
4.03817,0.31304,0
3.78076,-1.41315,0
4.08796,0.84123,0
4.01608,0.1647,0
3.84886,-1.41966,0
4.07933,0.74096,0
4.03171,0.24703,0
4.05814,0.65001,0
4.02014,0.14138,0
3.8161,-1.40882,0
4.11659,1.02914,0
4.07328,0.84845,0
3.57166,-1.40362,0
3.65469,-1.3942,0
4.06071,0.70206,0
4.07169,0.64501,0
4.04325,0.42291,0
4.04058,0.35572,0
4.10966,1.00935,0
3.61538,-1.39549,0
4.07181,0.81734,0
4.05709,0.64665,0
4.10786,1.01918,0
3.58012,-1.40169,0
4.0366,0.34072,0
3.75334,-1.41096,0
4.0701,0.73565,0
4.10143,0.99808,0
4.06849,0.64344,0
3.85516,-1.42138,0
4.05613,0.571,0
4.10602,1.01028,0
4.05574,0.59602,0
3.77105,-1.4209,0
3.52746,-1.39156,0
3.60742,-1.39478,0
4.10717,0.95979,0
3.53405,-1.38602,0
3.84608,-1.41468,0
4.10599,1.02725,0
4.02062,0.18314,0
4.05105,0.4383,0
4.01049,0.07677,0
4.06336,0.70453,0
4.06074,0.49672,0
3.57241,-1.40753,0
3.83467,-1.44317,0
3.80511,-1.43104,0
3.81221,-1.43647,0
3.71596,-1.4287,0
3.6397,-1.42259,0
3.64985,-1.42171,0
3.63984,-1.41147,0
4.10639,0.89076,0
4.09802,0.82478,0
3.5897,-1.41511,0
3.65003,-1.41916,0
3.77555,-1.43008,0
4.09818,0.8424,0
3.59705,-1.41122,0
4.09341,0.78593,0
4.09666,0.81339,0
4.04325,0.32928,0
4.05317,0.41552,0
4.10503,0.8954,0
4.10861,0.91051,0
4.11509,0.98122,0
3.7683,-1.42508,0
4.11042,0.91372,0
3.70047,-1.42853,0
3.86696,-1.41555,0
3.87051,-1.41388,0
4.10461,1.06474,0
4.0295,0.18004,0
3.90808,-1.34176,0
3.91927,-1.35266,0
3.91465,-1.34433,0
4.11556,1.06957,0
4.03319,0.18812,0
4.01797,0.05477,0
4.02867,0.1524,0
4.09903,1.08296,0
4.0293,0.12584,0
4.02186,0.09883,0
4.04198,0.26305,0
4.0205,0.08041,0
4.04115,0.26423,0
4.02276,0.05356,0
4.02787,0.10832,0
4.04746,0.25972,0
4.12438,0.97947,0
4.08485,0.66021,0
4.07484,0.55284,0
4.11364,0.88435,0
4.12671,1.04367,0
4.06373,0.43038,0
4.08757,0.62086,0
4.07883,0.58675,0
4.05735,0.37403,0
4.10527,0.78081,0
4.10217,0.76911,0
4.09473,0.68784,0
4.12109,1.05634,0
4.07524,0.51628,0
4.10621,0.79237,0
4.11928,1.03675,0
4.11406,0.90823,0
4.1095,0.8798,0
4.08738,0.65876,0
4.09535,0.71351,0
4.09273,0.60032,0
4.05417,0.25191,0
4.06729,0.35887,0
4.08169,0.46857,0
4.0509,0.21246,0
4.11536,0.87469,0
4.12816,0.90572,0
4.05036,0.21122,0
3.51921,-1.41157,0
4.07266,0.40609,0
4.13662,0.94968,0
4.11374,0.84884,0
4.08663,0.59724,0
4.12621,0.89985,0
4.13803,1.00572,0
4.07756,0.49601,0
4.04699,0.19778,0
4.13188,0.9536,0
4.07867,0.4525,0
4.07451,0.47934,0
4.05641,0.25709,0
4.11245,0.78923,0
4.11824,0.80824,0
4.12904,0.93511,0
4.08683,0.561,0
4.14261,0.99614,0
3.70326,-1.44225,0
3.68044,-1.44001,0
4.1228,0.81908,0
3.55297,-1.42047,0
3.76548,-1.4414,0
3.66781,-1.43501,0
3.81845,-1.45262,0
4.14203,0.93488,0
4.03648,0.06666,0
4.0755,0.38251,0
4.13874,0.92519,0
4.15032,1.00255,0
4.13392,0.9207,0
4.14432,0.94589,0
4.08455,0.46068,0
3.78948,-1.44295,0
4.14546,0.95874,0
4.10456,0.627,0
3.68084,-1.44096,0
4.11845,0.73262,0
3.51948,-1.42014,0
4.08366,0.47734,0
4.10295,0.61817,0
4.14575,1.0223,0
4.13739,1.03702,0
3.90076,-1.39597,0
4.09027,1.11845,0
3.94901,-1.30795,0
3.94985,-1.31048,0
4.06138,1.15001,0
3.94584,-1.28491,0
3.93803,-1.29385,0
4.04832,1.15057,0
3.93316,-1.32255,0
4.07941,1.16442,0
4.04554,1.1545,0
4.03442,1.1657,0
4.09171,1.14245,0
4.11163,1.12193,0
3.9124,-1.38876,0
4.03777,0.0326,0
4.14162,1.04464,0
4.05374,0.1558,0
4.07456,0.34702,0
4.04106,0.06264,0
4.03903,0.0352,0
4.07166,0.33804,0
4.12454,0.73815,0
4.04954,0.08711,0
4.05378,0.10078,0
4.13525,0.81433,0
4.15081,0.9757,0
4.09663,0.47979,0
4.11319,0.61635,0
4.08856,0.4073,0
4.13688,0.86996,0
4.08958,0.44858,0
4.1253,0.78326,0
4.05007,0.0904,0
4.06803,0.24237,0
4.14161,0.85797,0
4.15124,0.96146,0
4.14234,0.92016,0
4.07282,0.26936,0
4.04414,0.02599,0
4.12067,0.71384,0
3.86789,-1.43351,0
4.06406,0.20566,0
4.08057,0.34511,0
4.08717,0.4003,0
4.1498,1.05278,0
3.91851,-1.37477,0
3.91537,-1.3869,0
3.89389,-1.42209,0
4.13174,1.07431,0
4.13585,1.07716,0
4.15512,1.03515,0
4.04944,0.0353,0
4.0727,0.24841,0
4.06437,0.17383,0
3.9192,-1.3804,0
3.92087,-1.38268,0
4.15864,0.91123,0
4.08196,0.28572,0
4.0889,0.3317,0
4.16602,1.00826,0
4.11362,0.53258,0
4.14968,0.85633,0
4.11455,0.56552,0
4.07412,0.24013,0
4.05132,0.02427,0
4.07081,0.18597,0
4.10503,0.51331,0
4.16413,0.99403,0
4.0975,0.44954,0
4.15715,0.90691,0
4.09058,0.36186,0
4.12691,0.69457,0
4.12507,0.67221,0
4.08942,0.36204,0
4.09198,0.36428,0
4.15178,0.90357,0
3.87149,-1.45628,0
4.16373,0.98523,0
4.09963,0.44697,0
4.05549,0.04623,0
4.08821,0.31173,0
4.06276,0.10837,0
4.09107,0.34165,0
4.05406,0.03227,0
4.16375,0.94225,0
4.09267,0.3464,0
4.14935,0.81855,0
3.84699,-1.47138,0
4.16459,0.88169,0
4.11333,0.4541,0
4.08163,0.21967,0
4.16915,0.95041,0
4.16118,0.84292,0
4.07009,0.13364,0
3.74635,-1.46072,0
3.84947,-1.47761,0
4.15439,0.85373,0
3.64928,-1.44401,0
3.55504,-1.43209,0
4.15996,0.87608,0
3.69912,-1.44431,0
3.5291,-1.43366,0
3.82987,-1.46348,0
3.746,-1.46011,0
3.59233,-1.4314,0
4.1419,0.73363,0
4.17453,0.94541,0
4.07116,0.13739,0
4.14939,0.72951,0
3.78808,-1.45719,0
4.09448,0.3283,0
3.68152,-1.45205,0
4.11747,0.52128,0
3.81602,-1.4679,0
3.67577,-1.44548,0
4.09595,0.36141,0
4.14629,0.76145,0
4.13812,0.71549,0
4.16249,0.88446,0
3.70831,-1.44816,0
4.10717,0.45807,0
3.82774,-1.46094,0
4.14511,0.70898,0
3.79221,-1.46173,0
3.78883,-1.45691,0
4.11434,0.43485,0
4.14761,0.64468,0
4.16695,0.79717,0
4.16425,0.76023,0
4.17868,0.94302,0
4.05705,0.0119,0
4.14076,0.64267,0
3.69318,-1.46559,0
3.74356,-1.47013,0
4.15133,0.68896,0
3.64713,-1.46684,0
4.11364,0.40079,0
3.59119,-1.45908,0
3.47751,-1.43735,0
3.71271,-1.47286,0
4.07897,0.16385,0
4.09648,0.27672,0
4.14419,0.65433,0
4.18252,0.89018,0
3.63967,-1.46002,0
3.66474,-1.47485,0
3.72036,-1.47905,0
3.71671,-1.48262,0
4.11684,0.43968,0
4.19067,0.94094,0
4.07919,0.15419,0
4.17748,0.91747,0
4.08255,0.20549,0
3.81925,-1.47975,0
3.72229,-1.46994,0
4.13132,0.53341,0
3.63002,-1.46041,0
3.65225,-1.46775,0
3.80245,-1.47842,0
3.7417,-1.47278,0
3.78392,-1.48888,0
4.05758,0.01802,0
4.19705,0.94441,0
4.11142,0.35117,0
4.14936,0.61116,0
3.71758,-1.49044,0
4.14899,0.63993,0
4.08569,0.18648,0
4.14084,0.55765,0
3.71645,-1.49253,0
4.16197,0.70615,0
3.5442,-1.4663,0
3.72002,-1.49518,0
3.49669,-1.46035,0
3.52042,-1.46848,0
3.6796,-1.49278,0
3.6707,-1.4915,0
4.12378,0.46084,0
3.79319,-1.50908,0
3.61023,-1.46955,0
3.68549,-1.48433,0
4.09448,0.25884,0
3.47792,-1.46218,0
3.81751,-1.51562,0
4.1169,0.40163,0
3.47604,-1.45932,0
3.74819,-1.49818,0
3.72572,-1.49071,0
3.52983,-1.46764,0
3.52699,-1.47065,0
4.13735,0.53531,0
4.16902,0.74348,0
3.54842,-1.46793,0
4.12481,0.45476,0
1.64971,1.33869,0
4.08654,0.20211,0
3.49942,-1.47743,0
4.20315,0.90349,0
4.14149,0.47278,0
4.20185,0.91741,0
4.1308,0.40967,0
4.05416,-0.03609,0
3.50703,-1.48396,0
3.58844,-1.48946,0
3.55768,-1.49426,0
3.74754,-1.52373,0
3.55829,-1.47797,0
3.72853,-1.52636,0
1.61823,1.35061,0
4.06143,0.00606,0
4.10943,0.30038,0
3.65687,-1.4981,0
4.14257,0.50845,0
4.13797,0.45189,0
4.1041,0.24485,0
4.10303,0.28022,0
4.18117,0.73265,0
4.18495,0.81214,0
4.15574,0.57625,0
4.16362,0.69167,0
4.19613,0.84817,0
3.78405,-1.52578,0
4.07124,0.06984,0
1.64393,1.34431,0
4.13427,0.47954,0
4.08535,0.16665,0
3.59754,-1.49703,0
3.6524,-1.50987,0
3.57951,-1.49546,0
4.18526,0.81356,0
3.51526,-1.48092,0
4.14626,0.54174,0
4.13786,0.49164,0
4.14808,0.50834,0
3.78543,-1.52637,0
4.14171,0.51463,0
4.17374,0.66993,0
3.68608,-1.51697,0
4.07359,0.07864,0
4.17474,0.68092,0
3.69559,-1.49901,0
3.73971,-1.50932,0
3.81301,-1.52451,0
4.10399,0.23746,0
4.14768,0.50291,0
4.20668,0.94033,0
4.14191,0.46738,0
4.2013,0.78595,0
4.21383,0.88184,0
4.12764,0.33069,0
4.141,0.41175,0
4.20496,0.83629,0
3.66735,-1.52545,0
4.10368,0.22525,0
4.17944,0.69275,0
3.51492,-1.50485,0
4.09198,0.12348,0
3.46638,-1.49059,0
4.15979,0.54304,0
4.20581,0.82226,0
4.17491,0.6063,0
4.18633,0.72134,0
4.17908,0.69275,0
4.1865,0.7355,0
3.66693,-1.52039,0
4.13118,0.36416,0
4.07266,0.01059,0
3.7711,-1.54826,0
4.05991,-0.0486,0
4.1295,0.344,0
3.66594,-1.52171,0
4.17058,0.63093,0
4.11235,0.27262,0
4.1967,0.73808,0
4.13526,0.42565,0
4.19886,0.7669,0
3.68361,-1.5225,0
4.16655,0.6156,0
4.17892,0.69192,0
1.59179,1.36059,0
3.67825,-1.52987,0
4.14733,0.45441,0
3.68983,-1.53088,0
3.52522,-1.50075,0
3.60225,-1.51549,0
4.20468,0.84453,0
4.10157,0.18928,0
3.78432,-1.53809,0
4.11024,0.24414,0
4.21917,0.87654,0
3.53857,-1.50989,0
3.70292,-1.53993,0
3.43726,-1.49529,0
4.17879,0.62309,0
3.53116,-1.51201,0
4.15361,0.47367,0
4.21255,0.8173,0
4.12974,0.33233,0
4.07563,0.01846,0
3.57783,-1.52524,0
3.60798,-1.52731,0
4.19129,0.66468,0
3.60821,-1.5289,0
4.13803,0.36598,0
4.12343,0.29809,0
4.07966,0.04049,0
4.09669,0.12746,0
4.1869,0.66367,0
4.10095,0.16309,0
4.17305,0.5594,0
4.186,0.6527,0
3.56712,-1.52414,0
4.21381,0.81578,0
4.18561,0.65402,0
4.09728,0.12955,0
3.85961,-1.49763,0
3.83315,-1.52342,0
4.09436,0.11105,0
4.06835,-0.04808,0
4.17167,0.52017,0
4.08545,0.00491,0
4.2148,0.77486,0
4.17716,0.55272,0
1.67975,1.34923,0
4.21701,0.76235,0
4.1661,0.46299,0
4.20034,0.6674,0
4.14543,0.39569,0
4.139,0.32704,0
4.18477,0.58295,0
4.22309,0.76934,0
3.68451,-1.54706,0
4.18917,0.61644,0
4.14663,0.39573,0
4.16555,0.4472,0
4.1759,0.50374,0
4.11525,0.16469,0
4.22961,0.83617,0
4.19628,0.618,0
1.59764,1.36336,0
4.09632,0.06406,0
4.21085,0.75606,0
4.23377,0.84246,0
4.15016,0.4,0
4.23489,0.86231,0
4.11801,0.18199,0
4.23091,0.81598,0
4.08341,0.03727,0
4.19184,0.59689,0
4.07455,-0.02373,0
4.18841,0.59239,0
4.20481,0.68326,0
4.07953,0.00672,0
4.16484,0.44287,0
4.08718,0.04694,0
4.22011,0.79284,0
4.19422,0.64675,0
4.10557,0.17004,0
4.11646,0.21274,0
4.10406,0.14364,0
3.45719,-1.51435,0
3.76136,-1.56284,0
3.7146,-1.55822,0
3.75953,-1.56596,0
3.68331,-1.54884,0
4.16376,0.42825,0
3.44316,-1.5052,0
3.7803,-1.56636,0
4.08006,-0.04197,0
4.21076,0.67561,0
3.45736,-1.50725,0
4.12107,0.18688,0
3.43985,-1.51135,0
4.13437,0.26265,0
3.48157,-1.51316,0
4.24246,0.87126,0
3.78902,-1.57245,0
3.79753,-1.57319,0
3.70427,-1.5552,0
3.69133,-1.55195,0
4.1696,0.46463,0
4.2,0.63634,0
4.23105,0.78955,0
3.43286,-1.50552,0
4.19403,0.46526,0
4.13914,0.24421,0
4.11993,0.08017,0
4.09232,-0.03085,0
4.20123,0.55403,0
4.22124,0.58969,0
4.23219,0.65795,0
3.59052,-1.59365,0
3.51545,-1.54841,0
3.6809,-1.5825,0
3.71493,-1.58157,0
3.53853,-1.56964,0
3.69705,-1.5747,0
4.24137,0.77711,0
4.20914,0.62798,0
4.14532,0.26826,0
4.1165,0.11139,0
3.70743,-1.57453,0
3.60921,-1.56575,0
3.62933,-1.61511,0
4.19529,0.47009,0
3.46197,-1.54731,0
1.58584,1.37654,0
4.23817,0.76047,0
3.41362,-1.55826,0
4.17964,0.49376,0
4.17805,0.41979,0
3.52013,-1.55736,0
4.07706,-0.06573,0
4.21298,0.53545,0
4.20832,0.49014,0
3.73697,-1.64006,0
4.24656,0.73728,0
3.53513,-1.55138,0
4.1662,0.31813,0
4.23617,0.78343,0
4.10236,0.01058,0
3.63944,-1.61057,0
3.41624,-1.5503,0
3.64725,-1.60783,0
3.62934,-1.5928,0
4.23607,0.7868,0
4.1798,0.48541,0
1.4581,1.4224,0
3.50024,-1.53451,0
4.2162,0.50831,0
3.6074,-1.54583,0
4.24109,0.76105,0
3.43499,-1.55298,0
3.56783,-1.56032,0
3.71994,-1.62057,0
3.46333,-1.52785,0
4.19824,0.56642,0
4.17793,0.37855,0
4.16742,0.28483,0
3.53415,-1.53009,0
3.64206,-1.5855,0
3.58754,-1.57773,0
4.17182,0.46009,0
3.70067,-1.61721,0
4.07634,-0.08597,0
1.62353,1.38769,0
4.25488,0.71687,0
4.24608,0.74006,0
4.20155,0.6218,0
3.61701,-1.551,0
3.45913,-1.56439,0
4.18267,0.38888,0
1.59236,1.37992,0
3.57666,-1.59294,0
3.5189,-1.53809,0
4.16811,0.40762,0
1.46041,1.42132,0
3.40111,-1.56664,0
3.53614,-1.58063,0
3.69143,-1.61986,0
3.73035,-1.61106,0
3.61085,-1.55309,0
4.22542,0.61061,0
3.53487,-1.5828,0
1.49711,1.41669,0
3.72978,-1.60554,0
4.08177,-0.05963,0
4.24466,0.75233,0
4.13255,0.1535,0
3.60938,-1.58894,0
1.51241,1.41113,0
4.25121,0.79653,0
4.23422,0.64414,0
4.1961,0.59287,0
4.20154,0.48876,0
3.45187,-1.5622,0
4.22917,0.70064,0
4.09106,0.01335,0
3.58011,-1.55704,0
3.66603,-1.55872,0
1.67061,1.36147,0
4.20373,0.55011,0
1.69567,1.35816,0
3.67739,-1.56573,0
4.25654,0.76698,0
4.23905,0.70976,0
4.25719,0.78672,0
3.69801,-1.5942,0
1.67449,1.37753,0
3.45776,-1.55382,0
1.4796,1.40656,0
3.70744,-1.61892,0
4.16527,0.35216,0
4.25822,0.7015,0
3.49737,-1.56109,0
3.56937,-1.54693,0
4.07823,-0.0578,0
4.21012,0.55667,0
1.59897,1.38271,0
3.48066,-1.52628,0
3.51179,-1.52686,0
4.23425,0.73247,0
4.20614,0.60506,0
4.21182,0.63227,0
4.09312,-0.01853,0
3.55699,-1.58335,0
4.18041,0.35501,0
4.23202,0.66933,0
3.50697,-1.56193,0
4.2081,0.63969,0
4.07916,-0.07333,0
4.19852,0.59811,0
4.14316,0.28135,0
4.19653,0.50473,0
1.59639,1.38827,0
4.12978,0.19189,0
4.21814,0.58961,0
4.19055,0.46132,0
3.68539,-1.59746,0
4.24793,0.67269,0
3.52402,-1.57695,0
4.15451,0.29042,0
3.48332,-1.53672,0
3.51745,-1.57256,0
3.69076,-1.60397,0
1.55516,1.38729,0
3.52498,-1.57222,0
1.62718,1.37942,0
4.21787,0.54253,0
1.56014,1.38279,0
3.64759,-1.57383,0
4.12745,0.14104,0
4.19941,0.57924,0
3.73223,-1.57786,0
3.58417,-1.56535,0
1.4873,1.40621,0
3.55794,-1.53818,0
3.50095,-1.53204,0
3.44198,-1.55976,0
1.64433,1.36439,0
1.54027,1.40529,0
3.64486,-1.55604,0
1.70827,1.36691,0
3.69484,-1.59469,0
4.12428,0.11604,0
4.21967,0.56145,0
3.39992,-1.54629,0
3.63331,-1.55174,0
3.7633,-1.59186,0
3.76494,-1.596,0
4.25258,0.80518,0
4.25776,0.82424,0
4.26691,0.82718,0
4.26732,0.81307,0
3.66649,-1.64286,0
4.18848,0.36409,0
4.24084,0.60473,0
4.24893,0.59743,0
1.4299,1.43484,0
1.45624,1.43383,0
1.43497,1.44541,0
4.2026,0.4139,0
3.52687,-1.60902,0
3.68538,-1.6398,0
3.43543,-1.59176,0
1.57846,1.4076,0
1.71797,1.37055,0
3.71032,-1.63924,0
4.12226,0.07073,0
4.20171,0.41128,0
4.18298,0.331,0
3.61939,-1.63358,0
4.16602,0.25825,0
4.16947,0.26436,0
3.46769,-1.59687,0
4.24019,0.60552,0
4.2526,0.64066,0
3.4671,-1.59303,0
4.28018,0.73842,0
1.40615,1.4427,0
4.24685,0.63442,0
1.63448,1.38846,0
4.21572,0.45911,0
1.66126,1.39209,0
3.40794,-1.57978,0
4.16452,0.26539,0
4.17584,0.2814,0
4.25115,0.62467,0
1.7303,1.37124,0
3.49698,-1.59073,0
4.14863,0.178,0
3.55249,-1.60564,0
3.63654,-1.63171,0
1.66041,1.3926,0
1.675,1.38622,0
3.53739,-1.61528,0
1.61338,1.39818,0
1.59625,1.40322,0
1.62508,1.39699,0
1.64949,1.38878,0
4.21801,0.48309,0
4.11178,0.00751,0
1.35156,1.46056,0
4.18146,0.30365,0
3.67232,-1.64614,0
3.54271,-1.60635,0
3.58342,-1.62598,0
3.5208,-1.59582,0
4.28513,0.75951,0
3.57047,-1.60733,0
3.47623,-1.59527,0
3.45004,-1.57874,0
4.18129,0.34597,0
4.25456,0.84107,0
3.77632,-1.58119,0
4.26042,0.85512,0
4.25875,0.86358,0
4.20194,0.38672,0
4.14075,0.12,0
4.15462,0.16771,0
4.16057,0.1926,0
4.28933,0.77644,0
4.22765,0.48389,0
4.28828,0.78876,0
4.13547,0.09631,0
4.21582,0.43106,0
3.73779,-1.64438,0
4.15202,0.15469,0
4.1779,0.28165,0
4.16057,0.19903,0
4.17595,0.22182,0
1.35056,1.47011,0
4.22227,0.44213,0
4.23979,0.49942,0
4.19157,0.28123,0
4.26842,0.65927,0
4.25414,0.57737,0
1.47602,1.44135,0
1.55039,1.42494,0
4.14579,0.09362,0
4.19883,0.3316,0
4.22257,0.45734,0
4.15234,0.13329,0
4.30163,0.74655,0
4.20206,0.31883,0
4.24129,0.52332,0
4.29619,0.73408,0
4.22501,0.43824,0
4.08985,-0.1204,0
4.18709,0.27145,0
4.11309,-0.02443,0
4.17359,0.23716,0
4.21472,0.42087,0
1.706,1.38901,0
1.38408,1.46236,0
4.22573,0.44331,0
1.53058,1.42824,0
4.26833,0.63289,0
4.15691,0.15615,0
4.17964,0.25429,0
4.11829,-0.02217,0
4.1777,0.24052,0
4.20683,0.35905,0
1.2422,1.50616,0
1.68694,1.39418,0
3.7149,-1.66672,0
3.40379,-1.58671,0
4.21697,0.36658,0
3.63369,-1.647,0
1.3281,1.4855,0
4.15021,0.09678,0
3.41346,-1.59008,0
4.19094,0.25648,0
3.56362,-1.62567,0
1.56563,1.42356,0
4.30004,0.69916,0
4.12592,-0.016,0
3.65321,-1.65029,0
4.15732,0.12879,0
4.30255,0.72018,0
4.18271,0.22007,0
4.25943,0.53785,0
1.3606,1.47507,0
3.49229,-1.61117,0
1.48086,1.44716,0
1.30737,1.48999,0
4.29703,0.70352,0
4.30103,0.73119,0
4.24162,0.46233,0
3.55734,-1.62194,0
4.30156,0.77504,0
4.29709,0.77506,0
3.48392,-1.62121,0
3.51919,-1.63391,0
1.1865,1.52735,0
1.55955,1.43738,0
4.17805,0.17294,0
1.25199,1.50556,0
1.3353,1.48635,0
1.483,1.4558,0
1.40991,1.46698,0
4.2418,0.43653,0
4.21645,0.31758,0
3.42109,-1.59794,0
3.68243,-1.67075,0
3.66019,-1.65833,0
4.2765,0.55211,0
1.3059,1.50103,0
3.69285,-1.66208,0
4.26274,0.54221,0
4.13889,0.02407,0
4.31507,0.70767,0
4.2107,0.32088,0
4.21136,0.31945,0
4.21652,0.33375,0
1.30131,1.49851,0
4.14647,0.05086,0
4.2742,0.56639,0
1.52862,1.4387,0
4.14753,0.05199,0
4.17491,0.1737,0
1.53289,1.44247,0
1.24063,1.51602,0
3.70445,-1.67889,0
3.63872,-1.65248,0
4.12905,-0.01508,0
4.11004,-0.09243,0
1.64244,1.41676,0
3.39299,-1.59644,0
4.25739,0.49425,0
4.16221,0.11719,0
4.25448,0.49404,0
4.1903,0.2291,0
3.559,-1.63605,0
4.26075,0.49726,0
4.24846,0.45253,0
3.53253,-1.63493,0
1.34824,1.48432,0
4.26605,0.53828,0
4.10091,-0.12883,0
3.49095,-1.61413,0
3.49496,-1.62282,0
4.18644,0.20704,0
1.48806,1.45547,0
4.20859,0.2883,0
1.72142,1.39372,0
1.53127,1.43793,0
3.58352,-1.6368,0
3.47549,-1.61882,0
3.44235,-1.6087,0
3.51455,-1.62095,0
1.35412,1.48526,0
1.5446,1.43934,0
1.39845,1.47184,0
1.45122,1.46166,0
1.13961,1.54437,0
1.36198,1.47843,0
3.64309,-1.67313,0
3.55856,-1.65066,0
3.58089,-1.65861,0
4.14354,0.00976,0
4.31027,0.66279,0
4.29561,0.61824,0
4.16558,0.09606,0
3.56443,-1.64867,0
3.44808,-1.62373,0
4.22555,0.33261,0
3.43151,-1.61884,0
3.64275,-1.6709,0
3.39391,-1.60636,0
4.10165,-0.14748,0
3.628,-1.66482,0
4.20087,0.23114,0
4.15211,0.03784,0
3.57213,-1.65022,0
3.43663,-1.61549,0
3.65899,-1.67087,0
3.38895,-1.60309,0
1.53654,1.44503,0
1.26839,1.51436,0
1.15063,1.54762,0
1.37897,1.48616,0
3.44451,-1.62884,0
1.15415,1.54682,0
1.12094,1.55564,0
4.12182,-0.0821,0
1.17121,1.54267,0
3.36818,-1.61011,0
1.33434,1.50182,0
4.25536,0.42115,0
3.39794,-1.61649,0
3.40822,-1.61901,0
4.1961,0.19656,0
4.11006,-0.13342,0
3.69773,-1.69488,0
1.15046,1.54864,0
3.69379,-1.69159,0
3.43641,-1.62414,0
1.3863,1.48277,0
3.49059,-1.63603,0
4.25708,0.42233,0
4.16189,0.06022,0
4.24025,0.37912,0
4.32406,0.70286,0
1.11373,1.555,0
3.60231,-1.66738,0
3.43432,-1.62462,0
3.74421,-1.63847,0
4.14674,-0.01334,0
4.27165,0.46525,0
4.22813,0.29801,0
4.32481,0.67739,0
4.22991,0.31624,0
4.24648,0.36597,0
3.52243,-1.66142,0
1.3142,1.51296,0
3.51418,-1.66543,0
3.49845,-1.65335,0
4.21028,0.20731,0
1.17858,1.55315,0
3.55855,-1.66126,0
3.57188,-1.68371,0
1.20024,1.54886,0
4.28368,0.4963,0
1.73429,1.40038,0
4.31709,0.59378,0
1.66647,1.41913,0
3.4997,-1.64824,0
4.33654,0.69161,0
1.1524,1.56558,0
4.21272,0.2045,0
1.36241,1.5075,0
3.55266,-1.67187,0
3.41399,-1.62364,0
4.30914,0.58648,0
1.72473,1.40501,0
3.52922,-1.66418,0
3.67037,-1.69844,0
1.32556,1.50495,0
3.54455,-1.66257,0
1.67019,1.42202,0
3.41948,-1.63663,0
3.41511,-1.63954,0
1.18094,1.56189,0
1.66985,1.41561,0
1.2824,1.52746,0
4.14034,-0.0529,0
4.27378,0.46511,0
4.27596,0.42989,0
4.29795,0.50937,0
1.46624,1.47672,0
4.32147,0.64347,0
3.57657,-1.68417,0
1.28765,1.51692,0
1.26766,1.5311,0
0.94853,1.62364,0
4.13305,-0.08687,0
4.17941,0.08016,0
1.51667,1.46863,0
3.66753,-1.70435,0
4.23327,0.28718,0
3.6601,-1.70694,0
1.20368,1.53733,0
4.306,0.54941,0
3.43188,-1.63908,0
4.12347,-0.11818,0
4.17982,0.10731,0
1.42895,1.48771,0
4.18022,0.09234,0
3.59481,-1.69413,0
1.57912,1.4493,0
0.95605,1.61668,0
1.17362,1.5445,0
4.16998,0.06211,0
3.49852,-1.65653,0
1.00158,1.6081,0
1.21511,1.53775,0
3.63989,-1.70735,0
4.27255,0.43058,0
1.68604,1.42332,0
3.65697,-1.69066,0
1.44012,1.48039,0
4.11724,-0.13379,0
1.38525,1.49918,0
3.48829,-1.65387,0
1.25728,1.52725,0
1.10925,1.57628,0
1.37729,1.50189,0
4.1599,0.00889,0
1.27484,1.52277,0
1.3483,1.50987,0
1.70894,1.40574,0
1.44901,1.48076,0
1.72627,1.40928,0
3.45663,-1.65517,0
1.26199,1.53486,0
1.12897,1.5603,0
4.31886,0.64015,0
3.47906,-1.64494,0
1.3966,1.48752,0
1.01963,1.59325,0
1.51722,1.46256,0
4.27949,0.48841,0
3.59363,-1.67462,0
1.68086,1.41899,0
1.38715,1.49985,0
1.77354,1.39587,0
1.64603,1.43142,0
4.15339,-0.01064,0
1.0615,1.59126,0
1.25298,1.53268,0
3.57777,-1.673,0
1.48411,1.4726,0
0.99785,1.61166,0
3.34101,-1.61491,0
4.3085,0.57469,0
3.56832,-1.67987,0
4.29564,0.508,0
1.09658,1.5729,0
4.20687,0.17665,0
1.34569,1.50781,0
4.31572,0.59413,0
3.70144,-1.70417,0
3.68831,-1.70996,0
4.2983,0.49754,0
4.27486,0.41896,0
4.26286,0.37049,0
4.18204,0.07696,0
4.34855,0.68682,0
4.21223,0.18184,0
4.28252,0.44258,0
4.26271,0.37443,0
3.69097,-1.709,0
4.16737,0.0286,0
4.18871,0.10871,0
4.34904,0.65927,0
4.3313,0.60957,0
4.34625,0.63994,0
4.30927,0.52889,0
3.35387,-1.63118,0
4.21064,0.16116,0
3.38083,-1.63694,0
4.24578,0.28567,0
4.28095,0.40041,0
3.5076,-1.67237,0
3.46449,-1.66008,0
4.27381,0.40486,0
4.27803,0.3929,0
4.24872,0.29889,0
4.24854,0.29977,0
4.35735,0.67631,0
3.36571,-1.63607,0
4.20099,0.13248,0
4.26379,0.34717,0
0.99432,1.61639,0
4.30234,0.49729,0
1.04136,1.6015,0
4.34415,0.64916,0
3.35628,-1.63127,0
3.62952,-1.71034,0
3.67556,-1.72412,0
1.37961,1.50898,0
1.60373,1.44625,0
3.40379,-1.6495,0
4.13629,-0.11302,0
3.5946,-1.70119,0
3.47813,-1.66539,0
3.76639,-1.63155,0
3.77049,-1.6354,0
4.30871,0.78949,0
4.30051,0.78594,0
3.77216,-1.61653,0
4.2943,0.80007,0
4.288,0.80679,0
3.78676,-1.61561,0
4.31793,0.80756,0
4.27968,0.83631,0
4.29347,0.83866,0
3.8287,-1.53886,0
3.81725,-1.56713,0
3.80582,-1.5968,0
3.81343,-1.57267,0
4.29981,0.81738,0
3.79983,-1.60834,0
4.34483,0.71286,0
4.36106,0.68689,0
4.35352,0.67936,0
4.22689,0.20504,0
4.18241,0.03568,0
4.17427,0.00315,0
4.25191,0.29089,0
4.22228,0.18024,0
3.7792,-1.64746,0
4.35287,0.71161,0
4.33876,0.78239,0
4.33442,0.79099,0
4.33047,0.7977,0
3.80832,-1.61669,0
3.80356,-1.6294,0
4.12843,-0.18509,0
4.35161,0.75398,0
4.35175,0.75979,0
4.35167,0.7521,0
3.78331,-1.66057,0
4.12758,-0.20234,0
4.13046,-0.19352,0
4.35874,0.75496,0
4.34741,0.6214,0
4.31514,0.50498,0
3.73449,-1.70499,0
4.302,0.44115,0
4.35195,0.62613,0
4.27156,0.32684,0
4.20585,0.06477,0
3.71634,-1.7131,0
4.19149,0.03601,0
4.20885,0.09957,0
4.18642,0.00673,0
4.30339,0.42738,0
4.36555,0.66492,0
4.32224,0.51341,0
4.15417,-0.14171,0
4.32525,0.51757,0
4.17726,-0.02088,0
4.31767,0.47176,0
4.23693,0.16675,0
4.35738,0.6054,0
4.17276,-0.0771,0
4.2634,0.30153,0
4.20196,0.07455,0
4.22586,0.17565,0
4.27894,0.32243,0
4.36454,0.68406,0
4.20037,0.03424,0
4.21298,0.10228,0
4.35521,0.62884,0
4.37297,0.672,0
4.24239,0.2194,0
4.15008,-0.13522,0
4.26579,0.32936,0
4.35539,0.61144,0
4.25836,0.2682,0
4.26985,0.29789,0
4.20972,0.08536,0
4.22535,0.12028,0
3.71813,-1.70115,0
4.21406,0.092,0
4.19457,0.04537,0
4.30479,0.46286,0
4.17453,-0.0544,0
4.35886,0.61378,0
4.31196,0.45098,0
4.22654,0.13021,0
4.28991,0.41218,0
4.18889,-0.02822,0
4.14154,-0.19902,0
4.20279,0.03088,0
4.16347,-0.11544,0
4.24506,0.18762,0
4.15344,-0.15633,0
4.37176,0.69847,0
4.35732,0.7134,0
3.74161,-1.70788,0
3.73976,-1.7125,0
4.3778,0.61944,0
3.6977,-1.72092,0
0.99474,1.61769,0
1.26246,1.54299,0
4.31936,0.42145,0
4.23824,0.12062,0
1.17548,1.57079,0
4.2869,0.32406,0
1.08771,1.59366,0
1.65664,1.43621,0
4.16745,-0.13063,0
1.22728,1.5522,0
0.85086,1.66237,0
4.33578,0.50948,0
4.2875,0.31938,0
0.88434,1.6537,0
0.93145,1.6354,0
1.01866,1.61141,0
1.41624,1.50278,0
4.15604,-0.15553,0
1.45677,1.48778,0
1.71403,1.41908,0
4.29316,0.34306,0
0.96176,1.62971,0
0.99435,1.61982,0
4.29705,0.33718,0
4.20181,0.01583,0
4.25126,0.1893,0
4.21082,0.04994,0
4.18363,-0.0638,0
1.1722,1.57118,0
4.27161,0.24292,0
1.16238,1.57445,0
1.00535,1.61996,0
4.39188,0.67154,0
4.3232,0.43919,0
0.98778,1.62421,0
1.68703,1.42648,0
1.6189,1.44403,0
4.24857,0.18934,0
4.37038,0.72102,0
3.75122,-1.70288,0
3.73711,-1.71769,0
4.1449,-0.2139,0
4.14749,-0.2092,0
4.1784,-0.095,0
4.37918,0.7213,0
3.7843,-1.68209,0
4.18993,-0.08573,0
1.28416,1.54249,0
4.35165,0.49858,0
3.49639,-1.6785,0
4.26594,0.19033,0
1.07903,1.60021,0
3.57607,-1.6999,0
1.51109,1.47881,0
4.15557,-0.18795,0
4.24645,0.14694,0
3.71668,-1.73555,0
4.19205,-0.06414,0
4.33861,0.44071,0
4.16406,-0.17455,0
1.03949,1.6113,0
4.31386,0.37528,0
4.34262,0.49242,0
4.34954,0.51402,0
4.22427,0.04345,0
4.3729,0.58207,0
4.31673,0.36407,0
4.14638,-0.22401,0
3.46948,-1.67036,0
4.28446,0.24939,0
3.64896,-1.72312,0
0.91277,1.64711,0
1.06549,1.60336,0
0.8717,1.66772,0
4.19507,-0.07711,0
4.27561,0.21323,0
1.07125,1.61244,0
4.39244,0.61309,0
1.37482,1.52047,0
4.33447,0.39557,0
1.58983,1.45783,0
1.36878,1.5262,0
3.6252,-1.72443,0
4.2817,0.22132,0
1.78366,1.40796,0
3.48488,-1.67833,0
1.19934,1.5745,0
3.6017,-1.71268,0
1.11549,1.60044,0
4.39445,0.60312,0
1.54975,1.4693,0
4.37529,0.54556,0
1.06446,1.61418,0
1.36498,1.52747,0
4.29248,0.26362,0
1.68284,1.43132,0
0.81241,1.68363,0
0.94678,1.64446,0
4.37269,0.53439,0
0.93172,1.65416,0
3.32942,-1.63872,0
1.75553,1.41537,0
1.73327,1.41903,0
0.77563,1.69658,0
3.52994,-1.69004,0
0.87809,1.66456,0
4.29239,0.2577,0
4.37927,0.58307,0
3.45005,-1.67084,0
1.36714,1.52115,0
3.66776,-1.73742,0
3.48273,-1.68037,0
4.30229,0.30177,0
1.18338,1.57701,0
1.62174,1.45459,0
4.37065,0.52513,0
3.37459,-1.651,0
1.691,1.43303,0
1.01605,1.62428,0
4.29178,0.23456,0
3.56021,-1.71078,0
4.14955,-0.25368,0
0.78663,1.70206,0
3.57628,-1.71444,0
3.47479,-1.69028,0
1.61351,1.45775,0
4.33359,0.38436,0
4.33259,0.37022,0
3.34271,-1.65074,0
3.40443,-1.665,0
1.29771,1.55121,0
3.52157,-1.70253,0
1.10222,1.60642,0
4.27241,0.16899,0
3.65256,-1.73721,0
1.10602,1.61047,0
1.51811,1.48719,0
4.36709,0.49842,0
4.23752,0.04913,0
1.15706,1.59325,0
4.40199,0.61972,0
3.66119,-1.7437,0
4.40432,0.63127,0
0.75447,1.70629,0
3.36253,-1.65528,0
4.37135,0.5026,0
1.58739,1.46562,0
0.7419,1.71309,0
0.92637,1.65826,0
3.54077,-1.70863,0
3.35148,-1.65013,0
3.59034,-1.71957,0
4.40116,0.66347,0
1.35609,1.53747,0
1.6065,1.46502,0
0.65272,1.75575,0
1.00831,1.63924,0
4.25195,0.07188,0
4.26386,0.10409,0
1.3359,1.54453,0
0.97497,1.65908,0
4.27291,0.14385,0
4.30566,0.2527,0
4.22666,0.00018,0
1.325,1.55184,0
0.81033,1.70464,0
3.66825,-1.75989,0
0.69941,1.73597,0
4.32803,0.34951,0
0.87852,1.68828,0
3.68365,-1.76193,0
0.77505,1.71251,0
0.9353,1.66251,0
1.40895,1.52185,0
0.6104,1.77126,0
0.73872,1.72038,0
0.89954,1.67818,0
1.2158,1.58374,0
4.35753,0.41849,0
1.0062,1.64152,0
1.14857,1.60308,0
0.91263,1.67902,0
4.31025,0.27929,0
1.11623,1.60784,0
4.30939,0.2765,0
3.68066,-1.76502,0
4.20396,-0.08399,0
1.51435,1.49524,0
3.51861,-1.70995,0
4.32201,0.30727,0
1.35078,1.54569,0
4.21388,-0.04856,0
0.95181,1.66637,0
3.39768,-1.676,0
4.36759,0.46817,0
0.93927,1.66394,0
4.36591,0.47451,0
4.34854,0.39281,0
3.51471,-1.7067,0
3.44011,-1.68764,0
1.30878,1.56054,0
1.37906,1.532,0
3.51573,-1.70983,0
0.85811,1.69168,0
1.00182,1.65463,0
3.69377,-1.76317,0
4.40701,0.58424,0
3.54687,-1.71605,0
4.34062,0.37293,0
4.34996,0.41945,0
4.20538,-0.08736,0
4.19217,-0.13171,0
1.00732,1.64973,0
3.32937,-1.65707,0
4.29782,0.23402,0
1.76106,1.41988,0
3.6952,-1.76529,0
3.47733,-1.69199,0
3.64098,-1.74221,0
4.39812,0.56632,0
4.35801,0.4523,0
1.16599,1.59364,0
1.72951,1.43333,0
0.90082,1.67257,0
4.32898,0.34687,0
0.70092,1.73135,0
1.79053,1.41522,0
3.64708,-1.75213,0
0.89477,1.67306,0
4.33708,0.36057,0
0.60699,1.76354,0
4.23792,0.02853,0
1.11385,1.61318,0
1.26589,1.564,0
3.42204,-1.68242,0
3.39076,-1.68183,0
4.20821,-0.09712,0
4.39299,0.51285,0
0.67189,1.76114,0
0.68575,1.75425,0
4.33203,0.32553,0
3.56235,-1.737,0
4.26952,0.11693,0
4.27646,0.12944,0
1.8212,1.41005,0
4.20862,-0.08449,0
4.40181,0.54816,0
3.67205,-1.76747,0
1.03816,1.64478,0
4.23414,-0.00178,0
0.93975,1.67439,0
1.13436,1.62034,0
3.45445,-1.70249,0
4.17921,-0.1887,0
3.47269,-1.705,0
4.378,0.46804,0
0.84859,1.70203,0
1.28438,1.56972,0
4.21548,-0.0729,0
4.31317,0.24802,0
4.31882,0.27046,0
1.04803,1.64708,0
3.51935,-1.72153,0
4.417,0.60064,0
1.26242,1.57904,0
3.44373,-1.69943,0
1.09568,1.63179,0
0.73057,1.7397,0
1.0263,1.65376,0
1.05679,1.64021,0
4.29276,0.17522,0
3.67965,-1.77549,0
3.4915,-1.71691,0
3.315,-1.66343,0
3.45348,-1.70517,0
0.91463,1.68857,0
4.39932,0.52658,0
4.3536,0.37565,0
3.33152,-1.66877,0
1.60767,1.47657,0
4.29871,0.19707,0
3.3622,-1.679,0
4.35548,0.37745,0
4.36448,0.40897,0
0.96776,1.67269,0
3.65706,-1.77018,0
3.53291,-1.73121,0
3.71869,-1.74534,0
1.72725,1.44012,0
4.34369,0.33757,0
4.17193,-0.21944,0
4.25875,0.06086,0
4.21911,-0.07147,0
4.33267,0.29595,0
4.19044,-0.1671,0
4.18544,-0.18499,0
4.22799,-0.04663,0
4.3651,0.39882,0
3.52986,-1.73765,0
4.32428,0.2461,0
1.72102,1.44571,0
0.83789,1.71786,0
1.20298,1.60641,0
1.33906,1.56541,0
4.19115,-0.17957,0
1.64259,1.46958,0
4.34889,0.32807,0
1.12202,1.62667,0
0.84927,1.71862,0
4.2789,0.11726,0
0.67783,1.7713,0
4.28188,0.11808,0
1.2769,1.58332,0
1.15006,1.6218,0
1.52547,1.50621,0
3.49213,-1.72596,0
4.4085,0.53051,0
3.60277,-1.7629,0
1.0745,1.64136,0
0.84761,1.72122,0
3.37692,-1.68763,0
0.68961,1.76891,0
4.24548,-0.00278,0
3.57556,-1.75296,0
1.43039,1.53617,0
1.69904,1.45076,0
4.31775,0.23556,0
1.03903,1.6553,0
3.61052,-1.75787,0
3.63954,-1.77055,0
4.42805,0.57359,0
1.29329,1.57602,0
3.4138,-1.69889,0
4.30239,0.18733,0
3.62181,-1.76771,0
0.93174,1.69326,0
1.44029,1.53489,0
3.61147,-1.75876,0
4.38196,0.43357,0
0.95761,1.67974,0
1.65214,1.46815,0
4.23199,-0.03648,0
1.10368,1.63792,0
3.64361,-1.7754,0
3.71142,-1.75612,0
3.7444,-1.72321,0
3.74782,-1.72862,0
4.40624,0.65783,0
4.41433,0.63543,0
4.40364,0.68874,0
4.40515,0.67933,0
4.2026,-0.15702,0
4.28108,0.09924,0
4.20601,-0.14722,0
4.2044,-0.14829,0
4.30004,0.15597,0
4.24274,-0.0301,0
4.30298,0.16517,0
3.71513,-1.7594,0
1.45159,1.54512,0
0.73625,1.76797,0
4.36,0.3025,0
4.35393,0.30196,0
4.42918,0.56403,0
4.27343,0.04824,0
1.18642,1.61976,0
1.83759,1.42058,0
1.68296,1.46942,0
1.12414,1.64927,0
0.952,1.6979,0
0.89545,1.70926,0
1.46317,1.53578,0
1.10245,1.65476,0
4.38891,0.41282,0
4.36606,0.35257,0
0.93094,1.70224,0
1.66791,1.47333,0
4.30953,0.18288,0
4.4143,0.51598,0
1.81272,1.4256,0
1.72934,1.45611,0
4.26093,0.0209,0
0.7006,1.77747,0
3.30725,-1.67623,0
4.36905,0.35529,0
3.59982,-1.77487,0
4.39098,0.40614,0
1.59424,1.49299,0
3.27181,-1.66569,0
1.66007,1.47358,0
4.39992,0.45964,0
4.42066,0.52827,0
1.00363,1.6737,0
4.36833,0.36559,0
4.37561,0.38413,0
4.26016,0.00305,0
1.56648,1.50034,0
0.9242,1.69805,0
1.47985,1.52678,0
0.75837,1.75882,0
1.70233,1.45816,0
1.30225,1.5944,0
1.47863,1.52362,0
0.91171,1.71196,0
4.23537,-0.05714,0
4.41854,0.51835,0
1.21536,1.60675,0
4.39376,0.41315,0
4.32309,0.21916,0
3.51911,-1.7447,0
4.32166,0.21045,0
1.16031,1.62343,0
1.25008,1.60716,0
1.31024,1.58319,0
1.22478,1.61556,0
4.39688,0.45382,0
4.26672,0.02912,0
4.38061,0.40179,0
3.27714,-1.67026,0
4.3469,0.27891,0
3.35379,-1.69468,0
4.40769,0.46008,0
4.31377,0.18654,0
3.57336,-1.75981,0
4.26842,0.04496,0
4.43489,0.57279,0
1.37596,1.56421,0
0.72066,1.76838,0
0.99582,1.67643,0
0.94317,1.70265,0
0.93356,1.70481,0
1.36068,1.56416,0
4.39489,0.42968,0
4.36672,0.33766,0
4.23421,-0.0751,0
1.1906,1.62608,0
0.87467,1.72979,0
1.70858,1.45478,0
4.35889,0.31781,0
0.81728,1.73139,0
3.3953,-1.70409,0
4.24143,-0.05529,0
1.67095,1.4701,0
4.3829,0.39544,0
3.53547,-1.74863,0
0.90969,1.71255,0
0.84833,1.74165,0
3.26937,-1.67011,0
1.57359,1.50889,0
1.06996,1.674,0
1.82146,1.42957,0
4.41772,0.46563,0
1.51829,1.52777,0
3.62944,-1.78803,0
1.68864,1.47191,0
1.12368,1.65725,0
4.36523,0.31759,0
4.39555,0.40165,0
4.25983,-0.01419,0
4.30918,0.14447,0
4.23729,-0.08035,0
4.31102,0.14018,0
4.25149,-0.03708,0
0.89393,1.72823,0
1.25122,1.61533,0
4.18586,-0.24022,0
4.31349,0.15615,0
3.56211,-1.77141,0
4.4241,0.49612,0
0.92262,1.72178,0
4.31445,0.15634,0
1.28406,1.60165,0
3.59053,-1.77806,0
3.66395,-1.80377,0
3.38466,-1.70827,0
1.31868,1.59151,0
0.74493,1.77672,0
0.84561,1.7425,0
4.2919,0.07983,0
3.40159,-1.71388,0
0.72767,1.78385,0
4.26692,0.00915,0
4.42287,0.487,0
4.43785,0.53765,0
0.88093,1.73623,0
1.07699,1.66776,0
4.28622,0.06869,0
4.3212,0.17644,0
1.08529,1.67245,0
0.80935,1.76298,0
1.84621,1.42252,0
4.26924,-0.00107,0
1.00679,1.71653,0
4.4092,0.41117,0
0.67504,1.82761,0
1.61306,1.50266,0
0.87489,1.75577,0
1.67794,1.48488,0
3.42973,-1.7471,0
4.34929,0.21883,0
4.37822,0.33835,0
1.67478,1.48195,0
4.40799,0.43084,0
3.31743,-1.69782,0
3.5682,-1.78838,0
3.38769,-1.72568,0
1.46786,1.54922,0
1.45603,1.55477,0
1.58769,1.51319,0
4.25585,-0.04679,0
3.60749,-1.8088,0
3.49402,-1.76904,0
1.18464,1.65591,0
1.26672,1.61906,0
0.82968,1.75786,0
0.85409,1.7505,0
4.32949,0.19097,0
1.01577,1.70741,0
1.09808,1.68314,0
3.44426,-1.7473,0
4.39666,0.36794,0
0.77942,1.77794,0
1.1517,1.65838,0
4.31998,0.14991,0
3.44992,-1.74579,0
4.34279,0.22925,0
4.31957,0.14173,0
1.1053,1.67355,0
1.28358,1.60784,0
3.49991,-1.77002,0
1.26592,1.62421,0
3.32867,-1.70065,0
3.58736,-1.78055,0
1.51839,1.533,0
1.81971,1.43422,0
4.26907,0.00846,0
3.42398,-1.73564,0
0.67797,1.82101,0
4.40655,0.4004,0
3.48298,-1.74705,0
3.48154,-1.75519,0
1.09132,1.67645,0
3.60387,-1.79129,0
3.52186,-1.7731,0
1.56145,1.51723,0
3.55479,-1.79321,0
4.26678,-0.01607,0
4.36697,0.2814,0
0.78789,1.78903,0
1.5994,1.5088,0
3.39848,-1.72774,0
3.53824,-1.77608,0
1.44638,1.55824,0
0.97938,1.70836,0
0.70435,1.80153,0
3.57911,-1.78948,0
3.4499,-1.74976,0
4.37902,0.33684,0
1.56893,1.51513,0
1.74505,1.45703,0
1.24697,1.62234,0
1.2567,1.6228,0
3.6517,-1.81802,0
1.13323,1.6727,0
3.35804,-1.71833,0
1.5712,1.51749,0
1.66207,1.48619,0
4.29317,0.07748,0
4.26175,-0.01957,0
1.09135,1.67575,0
3.30113,-1.69527,0
0.82789,1.77094,0
1.5563,1.5405,0
3.60942,-1.81547,0
1.02146,1.73507,0
0.92126,1.77138,0
4.32221,0.1074,0
1.15642,1.67747,0
0.93643,1.75246,0
3.51143,-1.78892,0
4.45197,0.50454,0
0.89472,1.77675,0
1.31306,1.61531,0
3.57198,-1.82247,0
1.07763,1.70093,0
3.49605,-1.79616,0
3.41234,-1.7666,0
4.33975,0.18724,0
1.16361,1.66547,0
3.4406,-1.76507,0
1.64156,1.51168,0
1.5919,1.51844,0
4.4349,0.42882,0
3.609,-1.83496,0
1.59094,1.52014,0
1.44711,1.58032,0
4.34435,0.18551,0
1.11444,1.70284,0
0.73617,1.80982,0
3.5971,-1.83195,0
0.79255,1.80114,0
4.34581,0.18087,0
3.5235,-1.80388,0
4.33646,0.14768,0
0.9098,1.76563,0
4.33846,0.17395,0
1.37882,1.5948,0
1.59394,1.52257,0
4.2728,-0.03137,0
0.83862,1.78535,0
1.23868,1.65297,0
0.96122,1.75457,0
3.3753,-1.75182,0
1.46828,1.56668,0
1.16147,1.68694,0
1.30124,1.63144,0
4.26148,-0.05011,0
4.2038,-0.21762,0
4.40127,0.34506,0
1.83949,1.43739,0
3.33068,-1.7403,0
0.76147,1.82295,0
4.3402,0.16584,0
4.4164,0.39977,0
1.36518,1.60308,0
1.03913,1.71242,0
1.41876,1.57858,0
1.00639,1.73031,0
1.20908,1.64859,0
0.83482,1.80193,0
0.90146,1.77385,0
1.84364,1.44134,0
1.22713,1.65451,0
3.38359,-1.75143,0
3.51864,-1.80013,0
4.29679,0.04769,0
1.30395,1.63029,0
4.31214,0.1006,0
4.21409,-0.18506,0
1.05157,1.7212,0
1.08719,1.6965,0
0.91123,1.76008,0
1.32821,1.61771,0
3.54575,-1.79401,0
4.45393,0.48497,0
0.91267,1.7748,0
0.74957,1.81848,0
1.55578,1.54182,0
0.8808,1.76873,0
1.22896,1.64208,0
0.93649,1.7672,0
3.56056,-1.8075,0
1.81174,1.44921,0
3.46632,-1.76994,0
1.75332,1.47527,0
4.40721,0.35992,0
1.84327,1.43629,0
3.4523,-1.76131,0
4.30481,0.07466,0
4.38725,0.31076,0
4.38603,0.29975,0
4.30553,0.08593,0
1.75465,1.46809,0
3.50153,-1.80144,0
1.1295,1.69265,0
1.36127,1.61016,0
4.33493,0.17413,0
4.40026,0.33373,0
3.55111,-1.79361,0
1.15006,1.6717,0
3.33084,-1.72515,0
1.71832,1.47442,0
1.21545,1.65447,0
0.8467,1.78284,0
1.33752,1.61574,0
0.78149,1.80397,0
0.81713,1.80325,0
0.9051,1.77147,0
1.60751,1.51519,0
3.34808,-1.73941,0
1.06093,1.69958,0
1.62916,1.51768,0
1.20424,1.66032,0
3.36708,-1.75235,0
3.5802,-1.82242,0
1.3929,1.60411,0
0.93594,1.74244,0
1.43927,1.57684,0
4.36718,0.24489,0
3.43396,-1.75903,0
1.42525,1.57722,0
1.31877,1.63358,0
3.57524,-1.85868,0
0.93388,1.77389,0
0.78984,1.83027,0
1.12345,1.72418,0
0.8317,1.83328,0
1.68082,1.51168,0
1.44181,1.59274,0
4.23542,-0.15652,0
0.8013,1.82408,0
1.10109,1.71218,0
3.49446,-1.8151,0
1.13864,1.71919,0
1.73643,1.49632,0
1.72597,1.49607,0
4.3903,0.25573,0
1.42545,1.594,0
3.35619,-1.76975,0
3.24478,-1.7159,0
3.57414,-1.85253,0
1.16155,1.69011,0
4.179,-0.30369,0
1.17458,1.68971,0
4.18,-0.30071,0
1.006,1.75693,0
1.36489,1.61724,0
4.18877,-0.2844,0
3.53911,-1.81539,0
4.43536,0.396,0
1.79841,1.4709,0
4.41676,0.35616,0
4.44631,0.44541,0
4.19537,-0.26245,0
1.24112,1.66558,0
1.51291,1.57842,0
4.41177,0.3414,0
1.43563,1.59614,0
1.20616,1.68364,0
1.60696,1.52899,0
3.29693,-1.74257,0
4.40205,0.32986,0
1.48625,1.58191,0
1.55796,1.55701,0
1.40905,1.61966,0
0.93196,1.76958,0
1.14895,1.71508,0
3.22362,-1.72159,0
1.68594,1.51591,0
4.1706,-0.3326,0
3.33469,-1.75516,0
1.42872,1.59819,0
4.33585,0.13764,0
1.32007,1.6442,0
1.11696,1.70471,0
0.92498,1.79582,0
1.24158,1.66629,0
1.29653,1.66198,0
4.22971,-0.17264,0
1.74593,1.49119,0
3.32186,-1.74079,0
4.22282,-0.18957,0
1.10304,1.72856,0
1.12537,1.71691,0
3.3844,-1.77002,0
1.00804,1.75746,0
1.59984,1.53167,0
3.54246,-1.84324,0
1.345,1.64322,0
0.78208,1.83605,0
4.39722,0.29336,0
3.50208,-1.81566,0
0.80996,1.84415,0
1.36525,1.61815,0
0.91809,1.80196,0
4.30064,0.03815,0
3.35722,-1.77481,0
3.48827,-1.8125,0
4.19421,-0.26872,0
0.82009,1.83301,0
1.02858,1.75267,0
0.80416,1.83199,0
1.84224,1.44922,0
3.50166,-1.8239,0
3.42679,-1.78628,0
1.1381,1.70684,0
4.2463,-0.11607,0
1.37251,1.62633,0
3.51228,-1.8066,0
4.42305,0.3782,0
0.77757,1.84652,0
3.52364,-1.82607,0
3.40868,-1.77744,0
4.39876,0.27965,0
0.93471,1.7946,0
1.10569,1.72521,0
4.36174,0.19274,0
1.48438,1.58158,0
4.44069,0.42324,0
3.49913,-1.81246,0
1.50541,1.56805,0
1.52666,1.57282,0
1.81341,1.45835,0
4.42184,0.35416,0
4.45562,0.47546,0
4.25127,-0.09501,0
0.93464,1.77407,0
3.36561,-1.77216,0
0.84443,1.81876,0
1.1877,1.67804,0
1.20109,1.67587,0
0.9897,1.76392,0
4.22976,-0.16549,0
3.38792,-1.76469,0
1.71097,1.5053,0
4.45141,0.42433,0
1.49975,1.58345,0
0.74665,1.83796,0
3.46785,-1.81385,0
1.73492,1.49284,0
1.13197,1.71684,0
0.99765,1.75981,0
4.45568,0.47648,0
0.90141,1.8059,0
3.55674,-1.85028,0
3.57868,-1.84055,0
4.28129,-0.03266,0
1.22903,1.67314,0
3.59509,-1.85953,0
0.87013,1.82868,0
3.37765,-1.79167,0
0.79794,1.85006,0
3.32648,-1.77386,0
1.1742,1.71235,0
1.09524,1.74313,0
1.49111,1.59151,0
3.57374,-1.86596,0
0.95893,1.79251,0
3.4368,-1.81524,0
1.01076,1.7763,0
4.44441,0.3916,0
3.28138,-1.75878,0
3.30132,-1.76502,0
1.49955,1.58972,0
3.54412,-1.8537,0
1.67205,1.52235,0
3.24295,-1.73999,0
3.4326,-1.81453,0
1.88444,1.44292,0
3.33834,-1.77998,0
1.51975,1.58238,0
4.46191,0.43223,0
3.33651,-1.77225,0
1.11922,1.73558,0
1.33066,1.65517,0
1.80385,1.47417,0
4.39291,0.24569,0
0.93443,1.79911,0
3.36903,-1.78541,0
1.53112,1.58104,0
1.03836,1.76378,0
1.76342,1.48832,0
1.72743,1.50571,0
1.88965,1.44077,0
0.7642,1.86406,0
4.25366,-0.12448,0
3.48027,-1.83194,0
0.76347,1.86797,0
3.42942,-1.81551,0
1.39035,1.63431,0
4.20523,-0.24625,0
3.43277,-1.81896,0
3.23873,-1.74472,0
3.5822,-1.87547,0
4.39119,0.23286,0
4.38683,0.22104,0
0.98095,1.81067,0
1.57341,1.56596,0
1.23625,1.70844,0
1.52735,1.59309,0
0.83943,1.85253,0
4.24906,-0.14297,0
1.04869,1.80913,0
4.19881,-0.2915,0
3.31998,-1.79194,0
4.20725,-0.2717,0
3.54884,-1.88479,0
1.12669,1.77229,0
1.36667,1.65711,0
3.39167,-1.80958,0
1.70914,1.52657,0
1.04239,1.80047,0
1.3313,1.66233,0
1.89792,1.46242,0
1.74072,1.50876,0
1.13855,1.75148,0
1.80826,1.49879,0
1.56634,1.59621,0
1.03649,1.77759,0
0.94029,1.82037,0
0.87622,1.87681,0
1.09561,1.77675,0
0.93897,1.82442,0
1.59761,1.58398,0
3.2182,-1.76239,0
3.49385,-1.88612,0
1.85895,1.47004,0
1.34776,1.65247,0
4.21354,-0.25609,0
0.81202,1.88625,0
1.26289,1.71962,0
0.79422,1.8817,0
1.2666,1.69601,0
1.73478,1.52402,0
1.34449,1.67778,0
1.5813,1.57652,0
3.35405,-1.82077,0
1.35172,1.67066,0
4.42515,0.31081,0
4.31915,0.0355,0
0.93464,1.84465,0
1.76845,1.50829,0
4.41166,0.27415,0
4.39242,0.18641,0
3.29703,-1.7856,0
0.95126,1.82614,0
1.69066,1.54248,0
1.30174,1.70203,0
1.52489,1.60527,0
4.38757,0.19538,0
3.44107,-1.82299,0
3.25245,-1.78693,0
4.3465,0.06933,0
4.44904,0.3409,0
3.54186,-1.86394,0
1.05492,1.76406,0
1.00473,1.81246,0
0.7812,1.89653,0
1.04536,1.81034,0
3.50476,-1.87606,0
1.34395,1.6854,0
0.90112,1.82254,0
4.33657,0.05188,0
0.83086,1.89523,0
0.84193,1.84796,0
1.11817,1.75599,0
1.49062,1.59913,0
1.22499,1.70973,0
1.32602,1.66221,0
4.39506,0.20496,0
4.41821,0.2747,0
1.73414,1.5058,0
1.68989,1.54585,0
1.31452,1.68553,0
1.1167,1.75115,0
1.62754,1.56699,0
1.73523,1.51432,0
3.20185,-1.76925,0
1.15443,1.74113,0
3.35418,-1.81101,0
1.22828,1.7305,0
3.25838,-1.78496,0
3.18606,-1.75112,0
0.9539,1.82221,0
0.86708,1.8712,0
3.51909,-1.89188,0
4.21277,-0.25799,0
4.47725,0.40324,0
4.27637,-0.11107,0
4.17329,-0.35975,0
1.63766,1.56866,0
4.42502,0.26187,0
1.43695,1.63209,0
0.80422,1.87548,0
1.38451,1.6463,0
4.31532,0.01921,0
4.47067,0.41029,0
1.3777,1.6596,0
4.43412,0.2965,0
3.54013,-1.90756,0
1.01075,1.80267,0
3.49423,-1.84421,0
1.01239,1.79013,0
4.34357,0.05691,0
0.80639,1.88092,0
4.45407,0.37194,0
0.84123,1.85861,0
1.39688,1.64563,0
4.38604,0.17261,0
1.89902,1.44411,0
3.24332,-1.78486,0
3.37644,-1.83308,0
1.28352,1.70907,0
1.91347,1.44921,0
3.49271,-1.88011,0
1.23131,1.69794,0
1.28375,1.67681,0
0.84957,1.8802,0
1.22939,1.72042,0
1.64706,1.54541,0
1.70543,1.53886,0
1.55147,1.5779,0
3.52921,-1.87621,0
0.99227,1.80649,0
0.96255,1.82049,0
1.13578,1.76266,0
4.47171,0.38105,0
1.27101,1.69932,0
1.26659,1.72012,0
0.96701,1.82737,0
3.52864,-1.86061,0
3.36869,-1.83581,0
1.46179,1.61044,0
1.12639,1.77361,0
3.49307,-1.84714,0
0.82877,1.86392,0
1.38612,1.66804,0
4.25146,-0.14654,0
4.24648,-0.17411,0
0.86625,1.84999,0
3.54085,-1.89427,0
0.87519,1.87577,0
3.47484,-1.87691,0
1.14893,1.74229,0
3.32392,-1.78281,0
1.46948,1.62777,0
1.39123,1.64362,0
4.28993,-0.06859,0
1.64299,1.56192,0
4.47232,0.38057,0
1.08844,1.77977,0
4.40295,0.25782,0
1.6845,1.52374,0
3.47146,-1.86136,0
1.1102,1.78199,0
4.407,0.22733,0
1.90311,1.45238,0
4.45545,0.35254,0
3.52148,-1.89155,0
1.244,1.71213,0
3.20259,-1.73258,0
1.10789,1.76115,0
4.44713,0.33283,0
1.41554,1.62911,0
1.04212,1.77983,0
1.64439,1.55378,0
4.41645,0.22899,0
4.38543,0.1527,0
3.54865,-1.89567,0
4.152,-0.41609,0
3.55755,-1.87461,0
4.20243,-0.29554,0
4.21407,-0.26497,0
1.26077,1.73396,0
0.85782,1.90389,0
1.58431,1.59649,0
3.41031,-1.86323,0
3.17788,-1.7616,0
3.39577,-1.85015,0
4.45709,0.32093,0
1.22422,1.75171,0
0.81103,1.90805,0
0.94299,1.85356,0
4.37162,0.11682,0
4.38821,0.14565,0
0.93831,1.8618,0
3.46936,-1.88336,0
1.82026,1.49989,0
4.42414,0.23464,0
3.5002,-1.89779,0
1.26921,1.72185,0
1.63716,1.57744,0
1.10193,1.80208,0
0.88347,1.89139,0
3.4507,-1.87706,0
1.19311,1.75597,0
1.56917,1.59805,0
1.34959,1.69844,0
3.46832,-1.8923,0
3.38445,-1.86076,0
0.83663,1.91367,0
1.01732,1.83632,0
0.82449,1.91443,0
1.23261,1.73822,0
0.97858,1.84368,0
0.88251,1.88338,0
1.44704,1.65107,0
4.48046,0.37487,0
4.46045,0.31894,0
1.60145,1.58831,0
1.73522,1.53409,0
1.27643,1.72161,0
4.45725,0.3149,0
0.83813,1.90846,0
1.10294,1.80322,0
3.28042,-1.80415,0
1.68077,1.55499,0
1.50313,1.63172,0
4.37991,0.13269,0
0.89513,1.87314,0
1.88396,1.47319,0
3.31303,-1.81757,0
4.45323,0.3027,0
0.96691,1.85222,0
3.49626,-1.89382,0
1.53693,1.61793,0
4.27023,-0.13957,0
0.8788,1.89624,0
1.37582,1.68083,0
1.04837,1.81653,0
4.44002,0.27845,0
3.35736,-1.85052,0
1.75738,1.52696,0
1.43964,1.65935,0
1.4858,1.63783,0
3.50361,-1.89407,0
1.92292,1.45974,0
3.20877,-1.77784,0
1.08012,1.79948,0
4.19776,-0.31012,0
0.98414,1.85629,0
4.35805,0.06075,0
3.49422,-1.91267,0
1.0933,1.81132,0
4.32338,-0.02192,0
0.94749,1.87215,0
0.9979,1.84756,0
4.36924,0.08895,0
4.28112,-0.11966,0
4.21254,-0.28209,0
4.31134,-0.0443,0
3.36842,-1.85885,0
1.76532,1.5274,0
1.24498,1.74481,0
1.52822,1.62716,0
0.84697,1.91275,0
4.18662,-0.34382,0
0.85714,1.90801,0
0.90127,1.8899,0
1.67646,1.56322,0
1.01214,1.84266,0
1.42195,1.67176,0
3.15979,-1.77152,0
0.82141,1.92149,0
4.34632,0.04049,0
1.7145,1.54932,0
4.35103,0.04768,0
0.80609,1.92795,0
0.97769,1.86892,0
3.35344,-1.85899,0
0.84863,1.91459,0
1.16249,1.79173,0
0.84449,1.91906,0
1.25416,1.75268,0
1.17307,1.78736,0
0.89826,1.8978,0
1.18014,1.77496,0
1.18915,1.78103,0
4.29939,-0.08519,0
3.16391,-1.78031,0
3.46662,-1.90179,0
0.90781,1.89359,0
1.21945,1.76762,0
3.39232,-1.87631,0
1.40247,1.68727,0
3.48917,-1.92087,0
3.18559,-1.78939,0
0.92048,1.89161,0
4.48142,0.34023,0
1.13627,1.7948,0
3.25806,-1.81981,0
0.99606,1.85622,0
1.53165,1.62881,0
4.46798,0.31886,0
4.35744,0.05776,0
1.21193,1.76344,0
4.43155,0.22946,0
3.18329,-1.82288,0
1.1951,1.80492,0
3.42511,-1.91631,0
0.92284,1.89708,0
4.38713,0.11459,0
4.36342,0.05128,0
1.83275,1.52126,0
3.272,-1.85914,0
3.14923,-1.80993,0
1.25982,1.77088,0
0.87336,1.93368,0
1.05548,1.85112,0
1.50301,1.66861,0
4.32101,-0.03713,0
4.43541,0.20577,0
1.69622,1.56735,0
1.07754,1.85903,0
4.20831,-0.30473,0
3.23469,-1.82098,0
1.62378,1.59632,0
4.39676,0.09669,0
1.26939,1.77046,0
4.49548,0.30974,0
4.16358,-0.41,0
0.97391,1.89743,0
1.71936,1.56295,0
1.00001,1.87166,0
1.29026,1.75096,0
4.35308,0.03333,0
1.54509,1.64746,0
1.16693,1.805,0
1.47313,1.6678,0
3.30032,-1.88017,0
4.4604,0.26401,0
1.23606,1.77565,0
1.83067,1.5093,0
1.09556,1.84212,0
1.18641,1.78712,0
1.29091,1.76757,0
0.99927,1.86823,0
1.23208,1.78934,0
3.46981,-1.95093,0
3.39268,-1.88722,0
3.29036,-1.8605,0
3.29985,-1.84809,0
1.38393,1.70285,0
1.3558,1.73057,0
4.34798,0.01853,0
1.11776,1.84734,0
1.12359,1.8112,0
3.32119,-1.87475,0
1.53913,1.64035,0
3.3041,-1.84455,0
3.31042,-1.87994,0
4.35337,0.03278,0
4.43494,0.20038,0
1.27929,1.74452,0
1.10832,1.83284,0
4.2193,-0.30262,0
1.59766,1.62825,0
3.36079,-1.89027,0
4.39306,0.11961,0
4.46894,0.2773,0
1.26481,1.76678,0
0.97041,1.9034,0
0.97272,1.90299,0
1.85605,1.50773,0
0.9696,1.87674,0
1.70618,1.58102,0
0.88524,1.91362,0
3.43201,-1.93386,0
4.21559,-0.30934,0
3.41316,-1.89211,0
1.89688,1.49304,0
1.15149,1.81403,0
0.94091,1.89318,0
3.19467,-1.79589,0
1.10173,1.84844,0
4.48078,0.28268,0
1.06152,1.84574,0
1.64984,1.59204,0
1.43506,1.70168,0
3.28332,-1.84839,0
0.86487,1.92612,0
1.07968,1.83351,0
3.3024,-1.84277,0
0.88226,1.94898,0
4.25561,-0.19696,0
1.31683,1.74839,0
1.07704,1.8333,0
1.20534,1.80776,0
0.87773,1.92182,0
4.43135,0.19549,0
1.59431,1.62883,0
4.28278,-0.15225,0
1.32277,1.73511,0
0.94946,1.8951,0
0.88098,1.94898,0
3.23277,-1.82177,0
3.41924,-1.93275,0
3.41954,-1.9175,0
4.32683,-0.04281,0
1.36281,1.73532,0
4.43999,0.18862,0
1.91617,1.47925,0
3.46748,-1.91284,0
1.10798,1.84019,0
4.2739,-0.16736,0
3.43308,-1.91679,0
1.12754,1.82758,0
0.88458,1.93691,0
1.59682,1.62735,0
3.4151,-1.91683,0
0.93242,1.89484,0
1.13985,1.81669,0
1.2779,1.75133,0
1.73096,1.56453,0
4.36936,0.0331,0
4.1866,-0.36378,0
1.40686,1.69611,0
1.60445,1.60474,0
3.24394,-1.84754,0
1.41147,1.69802,0
1.51393,1.65342,0
4.35688,0.01185,0
3.29275,-1.87616,0
1.5108,1.6676,0
3.16186,-1.81657,0
3.25202,-1.8271,0
1.60183,1.61858,0
1.91597,1.47721,0
1.04715,1.86381,0
0.99223,1.89122,0
4.27406,-0.17554,0
4.30344,-0.08041,0
4.23759,-0.24002,0
4.41827,0.14633,0
1.89745,1.48774,0
1.08983,1.8467,0
1.68105,1.58415,0
3.34883,-1.86413,0
1.1752,1.8178,0
1.69684,1.57461,0
4.46949,0.28836,0
3.455,-1.92053,0
4.46068,0.23811,0
1.1805,1.81227,0
1.56019,1.64022,0
1.76441,1.5558,0
1.8442,1.51074,0
1.20644,1.79033,0
3.47811,-1.9178,0
1.68628,1.57655,0
1.60793,1.62412,0
0.86067,1.95678,0
1.2282,1.76568,0
0.9497,1.90544,0
1.71839,1.56053,0
1.63635,1.59117,0
3.44896,-1.93121,0
1.11906,1.82689,0
1.12982,1.8135,0
1.42829,1.69585,0
4.22069,-0.27673,0
4.21715,-0.2983,0
4.20009,-0.3373,0
1.45836,1.68732,0
1.12925,1.83586,0
1.39602,1.69908,0
1.01806,1.86323,0
3.4318,-1.8993,0
4.38842,0.10376,0
0.88362,1.94447,0
3.46027,-1.94243,0
1.82681,1.52224,0
0.85344,1.9525,0
3.35868,-1.89808,0
1.68546,1.58587,0
3.42092,-1.89653,0
1.70767,1.57429,0
3.48432,-1.93048,0
0.83785,1.93578,0
4.48434,0.33292,0
4.48222,0.26295,0
1.50504,1.69108,0
0.98842,1.93193,0
3.25966,-1.86289,0
1.91527,1.49248,0
4.41178,0.10852,0
1.33943,1.75781,0
1.04124,1.90309,0
1.00603,1.92397,0
1.62232,1.62114,0
1.71111,1.5937,0
1.5302,1.68041,0
1.73061,1.57764,0
4.1691,-0.41589,0
3.22617,-1.85778,0
3.21329,-1.84895,0
1.05437,1.90146,0
1.01796,1.91319,0
4.42384,0.13825,0
3.30039,-1.88567,0
4.14112,-0.48753,0
4.3721,0.00861,0
4.24074,-0.26318,0
4.27308,-0.1922,0
1.74051,1.57559,0
1.51691,1.67634,0
3.27297,-1.88964,0
1.06129,1.8886,0
1.84277,1.53365,0
1.47248,1.69699,0
1.40216,1.73117,0
1.20262,1.82621,0
3.25442,-1.87248,0
3.41963,-1.93837,0
1.72051,1.58165,0
1.51667,1.6781,0
3.10785,-1.80453,0
1.90814,1.50126,0
0.99156,1.90782,0
3.18422,-1.84657,0
4.45368,0.18875,0
4.47251,0.2233,0
1.65835,1.60997,0
1.72708,1.57789,0
1.88995,1.50094,0
1.79093,1.54729,0
3.45815,-1.95213,0
0.97309,1.93744,0
1.12585,1.85856,0
1.45771,1.70826,0
1.19846,1.81824,0
1.64922,1.61979,0
0.89224,1.97387,0
4.3552,-0.0114,0
0.87538,1.95934,0
1.49605,1.68532,0
1.82264,1.53092,0
1.10319,1.86283,0
3.35559,-1.91833,0
1.78714,1.55702,0
3.41308,-1.93356,0
1.79685,1.5446,0
1.77239,1.55982,0
3.35636,-1.91788,0
1.82702,1.53397,0
1.02091,1.89401,0
3.30191,-1.88927,0
1.58315,1.65187,0
0.90137,1.96575,0
3.21147,-1.85984,0
4.47518,0.23881,0
1.33822,1.76501,0
1.76023,1.56978,0
1.76665,1.56832,0
3.15262,-1.82973,0
3.16253,-1.82754,0
1.89552,1.49822,0
4.12423,-0.51888,0
1.04948,1.88853,0
4.44181,0.17475,0
4.47339,0.22383,0
4.39249,0.0573,0
1.03016,1.9112,0
1.83285,1.53756,0
3.31813,-1.90527,0
1.22758,1.81016,0
1.5059,1.69059,0
0.87702,1.96691,0
1.78963,1.55414,0
1.80893,1.53819,0
1.00879,1.92245,0
3.11229,-1.80447,0
3.39301,-1.92575,0
0.91293,1.95013,0
4.44214,0.18671,0
3.40452,-1.94657,0
4.45755,0.19317,0
1.04388,1.91019,0
1.10113,1.88777,0
3.41842,-1.96022,0
4.46861,0.19583,0
4.19735,-0.36955,0
1.34368,1.77488,0
4.2948,-0.16138,0
4.49688,0.26977,0
1.43886,1.72657,0
1.44703,1.72123,0
1.29255,1.79779,0
3.33513,-1.92093,0
1.18158,1.84624,0
4.4837,0.23731,0
3.24953,-1.88979,0
1.21579,1.83348,0
1.34766,1.76584,0
4.38909,0.03017,0
1.56531,1.66782,0
4.17367,-0.42714,0
3.11599,-1.82216,0
4.44461,0.14719,0
1.03833,1.91794,0
4.22275,-0.32081,0
1.06136,1.90278,0
3.25138,-1.8882,0
1.77489,1.5679,0
3.29521,-1.9088,0
0.9088,1.97156,0
4.16742,-0.44055,0
3.39924,-1.9605,0
1.23292,1.82351,0
4.45187,0.17098,0
1.72889,1.59263,0
3.35516,-1.92928,0
1.18219,1.84546,0
1.0605,1.90716,0
1.18721,1.84849,0
1.6612,1.62397,0
3.43248,-1.97849,0
1.19711,1.83885,0
0.99077,1.93983,0
1.22573,1.82854,0
3.1987,-1.8589,0
4.28216,-0.19607,0
3.29524,-1.90222,0
4.35609,-0.03777,0
1.85344,1.53075,0
4.2523,-0.25735,0
3.38976,-1.95714,0
3.26119,-1.89748,0
1.25165,1.81371,0
4.13836,-0.49793,0
1.09021,1.8966,0
1.76991,1.57399,0
4.30168,-0.15483,0
0.86942,1.96323,0
4.49835,0.33437,0
4.49804,0.32435,0
3.45288,-1.96472,0
1.56753,1.67527,0
4.41556,0.07832,0
1.74786,1.58747,0
3.14995,-1.84722,0
3.33369,-1.93335,0
3.1762,-1.85869,0
4.19961,-0.37562,0
1.58335,1.6674,0
1.77212,1.57701,0
1.00674,1.94219,0
1.1934,1.85085,0
4.18675,-0.40372,0
4.27977,-0.20434,0
1.08495,1.90501,0
4.22936,-0.3116,0
4.50503,0.26284,0
4.14057,-0.49947,0
4.38247,0.00665,0
1.28708,1.80694,0
1.43383,1.73567,0
3.27957,-1.90911,0
1.15719,1.86707,0
1.65181,1.63367,0
3.2455,-1.89059,0
3.27447,-1.90573,0
4.34989,-0.06091,0
1.14456,1.8731,0
1.05105,1.91738,0
1.5737,1.6695,0
1.01587,1.93456,0
4.40158,0.04665,0
0.89914,1.99017,0
1.0419,1.92568,0
4.25203,-0.26349,0
1.36652,1.7695,0
1.54747,1.68451,0
0.94957,1.99099,0
3.08219,-1.82168,0
1.58465,1.67754,0
1.35871,1.78049,0
3.24498,-1.90954,0
1.5814,1.67187,0
1.29612,1.81817,0
4.27573,-0.22997,0
3.13366,-1.85629,0
1.15236,1.88998,0
4.39792,0.02709,0
4.50033,0.22742,0
1.13809,1.88101,0
4.42233,0.07505,0
0.93155,1.99254,0
1.8383,1.55601,0
1.06819,1.93489,0
4.38161,-0.00877,0
4.31864,-0.13397,0
4.4212,0.06861,0
1.72087,1.61478,0
1.48069,1.72607,0
3.15382,-1.8641,0
0.99666,1.94925,0
1.95867,1.49481,0
4.34569,-0.08101,0
0.98157,1.97633,0
4.49084,0.2255,0
4.46474,0.16386,0
1.1527,1.87777,0
4.46896,0.18201,0
1.95027,1.49763,0
3.34226,-1.96185,0
1.53514,1.70025,0
1.33718,1.80255,0
4.4514,0.14373,0
3.0767,-1.832,0
4.38552,-0.01024,0
1.84275,1.55285,0
4.46485,0.1756,0
4.4154,0.06133,0
0.98362,1.969,0
1.55119,1.69591,0
1.05577,1.93019,0
3.21663,-1.89774,0
1.66849,1.63723,0
0.97141,1.98192,0
3.2102,-1.87875,0
1.70936,1.61538,0
1.95162,1.49723,0
3.22859,-1.90279,0
1.11676,1.89886,0
1.03596,1.93932,0
1.1621,1.87485,0
4.4277,0.0745,0
1.27821,1.82089,0
1.73875,1.60073,0
4.4632,0.17123,0
1.17132,1.88281,0
1.41264,1.7645,0
4.48774,0.20611,0
4.17762,-0.42965,0
1.16711,1.86747,0
4.34126,-0.09156,0
4.25968,-0.25952,0
1.22561,1.8568,0
3.28363,-1.92827,0
0.93479,1.98671,0
1.05849,1.9372,0
1.5606,1.68429,0
1.83607,1.55727,0
1.33648,1.79696,0
3.23493,-1.90832,0
4.4924,0.22231,0
1.20254,1.86569,0
1.44419,1.74396,0
1.24294,1.84451,0
1.70143,1.617,0
1.48694,1.71992,0
0.98559,1.9733,0
1.71057,1.61141,0
1.86585,1.54182,0
3.18727,-1.88349,0
0.97795,1.96769,0
1.59405,1.67625,0
3.15511,-1.85581,0
1.35291,1.78943,0
1.38287,1.76892,0
3.25156,-1.90134,0
1.48117,1.72664,0
1.48235,1.72643,0
3.46516,-1.9615,0
4.50689,0.26159,0
4.50996,0.26217,0
4.46163,0.12686,0
3.11311,-1.85126,0
1.41849,1.76725,0
1.61737,1.67104,0
4.33725,-0.12719,0
4.33513,-0.12037,0
1.08259,1.93811,0
1.61853,1.66879,0
1.47427,1.7378,0
1.22166,1.86356,0
4.34954,-0.09903,0
1.44361,1.75923,0
4.18162,-0.44166,0
4.40407,0.011,0
3.32911,-1.95599,0
1.50366,1.7287,0
1.81434,1.57491,0
4.15505,-0.48961,0
1.71503,1.62,0
4.33558,-0.12952,0
1.12003,1.91646,0
1.83306,1.5664,0
1.54987,1.70608,0
4.21286,-0.37152,0
0.97211,1.99196,0
3.08919,-1.84064,0
1.29744,1.82366,0
4.30222,-0.19223,0
1.21602,1.86603,0
4.17151,-0.46272,0
4.49209,0.19806,0
0.95701,1.9931,0
1.09078,1.92856,0
1.31949,1.81514,0
4.50734,0.21861,0
1.70041,1.63036,0
4.33315,-0.12923,0
1.00087,1.97221,0
0.95182,1.99395,0
1.17362,1.88872,0
4.4818,0.17085,0
1.59333,1.6851,0
1.87327,1.54715,0
4.15952,-0.48751,0
3.42875,-1.98665,0
4.51439,0.24284,0
4.51181,0.21643,0
4.36486,-0.08336,0
1.41106,1.78042,0
4.29163,-0.22947,0
4.18027,-0.45002,0
1.56991,1.69903,0
3.39953,-1.99955,0
0.95192,2.00588,0
1.18876,1.89234,0
4.50013,0.19589,0
1.05882,1.95482,0
4.40794,0.00112,0
1.64899,1.66113,0
1.34193,1.81044,0
1.69706,1.63486,0
4.37783,-0.05442,0
1.88506,1.54241,0
1.54222,1.71393,0
4.50514,0.19949,0
1.17959,1.89465,0
1.75365,1.61101,0
1.27199,1.85032,0
4.29491,-0.22208,0
1.34486,1.81003,0
4.31115,-0.18761,0
1.13784,1.91374,0
1.80064,1.58758,0
4.42414,0.04422,0
3.08792,-1.84475,0
1.4133,1.77634,0
0.97206,1.99789,0
1.63527,1.6693,0
4.46497,0.12856,0
0.95956,2.00098,0
4.31238,-0.18231,0
3.17362,-1.8886,0
3.06539,-1.83282,0
4.39462,-0.02082,0
1.08192,1.94197,0
4.14858,-0.51623,0
0.96825,1.99641,0
4.48271,0.15546,0
4.32743,-0.15255,0
1.27103,1.84867,0
4.11636,-0.58549,0
4.37731,-0.06333,0
3.37959,-1.9931,0
3.28058,-1.94353,0
4.26434,-0.28964,0
4.24128,-0.33674,0
4.19188,-0.43697,0
1.64246,1.68835,0
1.50151,1.75335,0
1.47748,1.77512,0
4.45098,0.03054,0
1.10709,1.95422,0
1.51136,1.74877,0
3.31558,-2.0008,0
4.41215,-0.03779,0
4.18283,-0.47362,0
1.00498,2.0149,0
1.89508,1.55424,0
3.31924,-2.00028,0
1.45795,1.76822,0
1.5679,1.7306,0
4.14014,-0.55324,0
4.1623,-0.51632,0
1.55078,1.73451,0
4.34836,-0.15932,0
2.00909,1.49417,0
1.19557,1.89652,0
3.24288,-1.93836,0
4.16056,-0.5089,0
4.38324,-0.07348,0
1.50646,1.73846,0
1.03148,1.99604,0
3.34616,-2.01792,0
1.09179,1.944,0
3.04361,-1.85816,0
1.06049,1.98921,0
1.76031,1.61482,0
1.67491,1.6517,0
1.16985,1.92269,0
1.34085,1.84346,0
3.23771,-1.9309,0
1.93998,1.53326,0
4.32644,-0.19854,0
3.1684,-1.92775,0
1.86731,1.56907,0
1.50702,1.76138,0
3.2603,-1.95268,0
3.18638,-1.93748,0
4.17096,-0.50117,0
1.47019,1.77467,0
4.26892,-0.31246,0
4.19145,-0.44809,0
3.08785,-1.88295,0
1.49856,1.75957,0
3.35166,-1.98685,0
1.19509,1.8964,0
1.64737,1.6774,0
1.07881,1.95631,0
4.40486,-0.02497,0
1.2096,1.91013,0
1.11514,1.95564,0
1.07567,1.95513,0
1.18623,1.91843,0
3.25352,-1.94124,0
0.99153,2.01243,0
3.21358,-1.93448,0
1.53473,1.73255,0
4.25469,-0.32225,0
4.51798,0.17872,0
1.24804,1.87695,0
4.30506,-0.21787,0
3.34057,-2.00143,0
3.36819,-2.0271,0
1.24939,1.877,0
4.49774,0.16857,0
1.53372,1.72632,0
1.92427,1.53845,0
1.19855,1.90208,0
1.05232,1.97304,0
1.21493,1.91191,0
1.51808,1.75396,0
1.02095,1.99352,0
4.43393,0.03014,0
3.34169,-1.99509,0
4.26541,-0.28993,0
4.44104,0.03925,0
1.00294,2.00556,0
4.43289,0.00366,0
1.49308,1.75606,0
1.44731,1.78955,0
4.47773,0.08497,0
1.43773,1.79549,0
1.14805,1.93548,0
1.60064,1.70508,0
1.19232,1.92303,0
1.79792,1.59819,0
3.32723,-1.97645,0
4.45252,0.07959,0
3.33639,-1.98086,0
3.0118,-1.84381,0
4.25972,-0.32759,0
1.39493,1.79474,0
3.16162,-1.91673,0
1.28444,1.86036,0
2.01177,1.4925,0
4.31434,-0.22301,0
4.32579,-0.18116,0
4.47311,0.12643,0
1.36708,1.8202,0
4.2563,-0.3281,0
4.49715,0.16475,0
1.1073,1.93993,0
4.37293,-0.08506,0
4.29941,-0.2268,0
1.25754,1.86809,0
1.03515,2.00777,0
3.06427,-1.84351,0
1.01418,2.01955,0
4.35805,-0.13309,0
3.08992,-1.87121,0
3.18587,-1.90365,0
4.51021,0.16074,0
1.9928,1.4995,0
1.77119,1.6221,0
1.78369,1.61892,0
4.2008,-0.42464,0
1.387,1.82338,0
4.46387,0.08331,0
4.36275,-0.0945,0
4.27394,-0.28937,0
1.36006,1.82032,0
1.90933,1.54679,0
1.14977,1.91698,0
1.72968,1.63992,0
1.6809,1.65332,0
4.48799,0.11605,0
4.44209,0.03438,0
1.29573,1.85799,0
3.33288,-2.00666,0
1.05055,1.99082,0
4.38819,-0.05494,0
1.37587,1.80965,0
1.08994,1.96127,0
1.31569,1.83515,0
3.19763,-1.93864,0
1.09527,1.94986,0
1.47197,1.76342,0
4.2561,-0.31422,0
4.28267,-0.26554,0
1.29386,1.86211,0
1.7352,1.63752,0
4.42604,0.01946,0
1.39592,1.81159,0
4.51325,0.16593,0
1.26032,1.88539,0
1.15339,1.9246,0
0.99098,2.00247,0
1.00076,2.00011,0
4.23625,-0.36203,0
1.87078,1.55672,0
1.56015,1.72813,0
4.36304,-0.10601,0
3.2715,-1.96983,0
4.31487,-0.19455,0
1.63848,1.68941,0
1.81487,1.5831,0
3.19295,-1.92914,0
3.08316,-1.85477,0
4.12095,-0.5922,0
1.72346,1.63687,0
1.29512,1.84512,0
3.12064,-1.87429,0
1.61492,1.70476,0
4.39336,-0.07216,0
3.1951,-1.91236,0
1.5897,1.70521,0
1.2982,1.84714,0
1.16618,1.92852,0
0.99992,1.99474,0
1.03066,1.97877,0
3.21693,-1.95376,0
4.46076,0.05347,0
1.01411,1.99499,0
4.32525,-0.17247,0
4.16534,-0.49801,0
1.12596,1.96798,0
1.9664,1.52661,0
1.62565,1.70341,0
1.22625,1.91319,0
4.28621,-0.28981,0
1.28221,1.88449,0
1.50868,1.77348,0
1.8893,1.56441,0
3.22161,-1.96352,0
1.00674,2.03754,0
1.1039,1.98112,0
3.31122,-2.01104,0
1.8102,1.61359,0
1.93972,1.53876,0
1.13592,1.9688,0
3.19284,-1.94786,0
1.42693,1.80855,0
1.47046,1.78501,0
1.29657,1.88168,0
2.01527,1.50273,0
1.04422,2.01255,0
1.25013,1.90614,0
1.34385,1.85125,0
4.37399,-0.12386,0
1.1816,1.93884,0
4.48629,0.09595,0
1.18101,1.94226,0
2.00739,1.50553,0
1.32923,1.86493,0
4.43637,-0.00115,0
4.39941,-0.0695,0
4.53011,0.16947,0
1.82285,1.60439,0
4.37271,-0.12513,0
4.19948,-0.45221,0
1.22862,1.91108,0
1.79965,1.61611,0
4.44455,0.01642,0
3.35375,-2.03531,0
1.05263,2.00693,0
1.83546,1.59498,0
4.42666,-0.02211,0
1.05506,2.00443,0
3.31024,-2.02068,0
3.09651,-1.90358,0
3.27985,-2.01963,0
3.14969,-1.94472,0
4.50961,0.12183,0
2.02756,1.51013,0
4.47614,0.04491,0
1.38529,1.85367,0
3.09272,-1.90671,0
1.55465,1.75931,0
1.33351,1.87116,0
4.29975,-0.28178,0
1.05008,2.03254,0
3.2954,-2.00642,0
1.03379,2.04136,0
1.30997,1.88281,0
1.34007,1.86632,0
1.56023,1.76343,0
3.02219,-1.87419,0
4.38853,-0.11389,0
1.76312,1.65252,0
4.41276,-0.06582,0
4.49942,0.09679,0
4.30434,-0.26562,0
1.56835,1.74983,0
2.99966,-1.86948,0
3.24255,-1.99053,0
4.281,-0.31226,0
4.45443,0.02092,0
1.09287,2.00229,0
3.2477,-2.00197,0
3.23645,-1.99165,0
1.20682,1.95053,0
1.1779,1.97387,0
3.28191,-2.00203,0
1.60213,1.73825,0
1.55094,1.76243,0
4.47085,0.05628,0
1.78422,1.63612,0
1.48729,1.79315,0
1.42959,1.83196,0
4.38726,-0.11979,0
4.34486,-0.18418,0
4.41156,-0.06031,0
3.00616,-1.86651,0
4.49054,0.07691,0
3.25666,-1.98992,0
4.39235,-0.10341,0
3.26931,-2.00288,0
4.17171,-0.51711,0
4.50402,0.10182,0
3.02125,-1.86995,0
1.12857,1.98124,0
3.33212,-2.04979,0
1.20264,1.96172,0
3.33039,-2.03722,0
1.23425,1.93333,0
1.37542,1.86715,0
3.18508,-1.94786,0
1.11958,2.00536,0
1.3741,1.86272,0
1.07556,2.01456,0
1.84733,1.59776,0
4.15371,-0.54135,0
3.14945,-1.94543,0
3.15194,-1.94301,0
1.99676,1.52449,0
3.05516,-1.88379,0
4.49063,0.07696,0
4.32218,-0.23723,0
3.3251,-2.03501,0
1.22206,1.93799,0
4.42891,-0.02239,0
4.4861,0.07347,0
4.40777,-0.07944,0
1.52708,1.77966,0
1.54927,1.76081,0
1.21737,1.92954,0
1.10231,2.00808,0
4.13016,-0.59226,0
1.03723,2.02544,0
4.38521,-0.11116,0
1.38344,1.84174,0
4.26005,-0.34446,0
4.41388,-0.06566,0
1.06823,2.0258,0
1.27129,1.91586,0
4.52362,0.13605,0
4.13327,-0.58697,0
4.37704,-0.14468,0
4.4974,0.10637,0
4.51176,0.11276,0
1.54554,1.76399,0
1.25066,1.91371,0
3.03446,-1.87475,0
1.66624,1.69282,0
3.3119,-2.0197,0
1.06931,2.02417,0
2.01419,1.51007,0
4.51338,0.1354,0
3.28024,-2.01122,0
1.12994,1.97805,0
3.28318,-2.01676,0
1.17375,1.95999,0
1.85128,1.60093,0
3.10619,-1.91373,0
1.42069,1.8415,0
4.2565,-0.36376,0
1.12223,1.987,0
3.23441,-1.98981,0
1.38704,1.84514,0
1.0827,2.01597,0
1.53462,1.76066,0
1.21279,1.9539,0
3.25111,-1.98929,0
4.52527,0.11337,0
3.13206,-1.95293,0
1.9518,1.56221,0
4.44467,-0.02754,0
1.03866,2.05813,0
1.63962,1.72697,0
1.18536,1.97181,0
1.22004,1.95825,0
1.43273,1.8516,0
4.37522,-0.16059,0
1.69059,1.69884,0
4.50684,0.07121,0
1.23905,1.95917,0
1.68458,1.69986,0
1.40998,1.86163,0
3.20741,-1.99738,0
4.1433,-0.57743,0
3.15669,-1.96213,0
1.49644,1.81588,0
3.298,-2.0425,0
1.8122,1.63411,0
3.24374,-2.01377,0
1.41919,1.84336,0
4.17226,-0.52813,0
4.49244,0.04223,0
1.53743,1.78295,0
3.19522,-1.99199,0
1.23841,1.9531,0
3.25179,-2.02116,0
1.37765,1.87906,0
1.96653,1.55108,0
1.68127,1.7015,0
4.48124,0.02757,0
3.21356,-1.99358,0
3.32454,-2.04971,0
4.44738,-0.03415,0
1.16853,1.98125,0
4.22806,-0.43068,0
2.02343,1.51575,0
3.04321,-1.90767,0
1.13165,2.00122,0
1.27177,1.93571,0
4.16912,-0.52554,0
1.46315,1.83004,0
4.15628,-0.55009,0
1.48102,1.82167,0
1.91047,1.58106,0
1.1174,2.01974,0
1.99469,1.53257,0
3.19164,-1.98456,0
4.29512,-0.30251,0
1.8316,1.61803,0
1.29049,1.91907,0
1.88604,1.59288,0
1.55576,1.77693,0
1.9318,1.57435,0
1.05104,2.04772,0
3.03012,-1.89467,0
1.22987,1.96579,0
1.26874,1.93928,0
1.59779,1.74584,0
3.0129,-1.87895,0
1.91264,1.58053,0
1.38166,1.86431,0
4.21941,-0.43768,0
1.31366,1.91843,0
3.2116,-1.99669,0
1.3964,1.86877,0
3.15047,-1.96502,0
3.31684,-2.04686,0
3.03225,-1.89218,0
3.16914,-1.97179,0
4.40195,-0.10325,0
2.02251,1.51464,0
4.30497,-0.27682,0
1.70893,1.68684,0
4.47122,0.0148,0
4.20523,-0.4617,0
2.9964,-1.87423,0
1.11338,2.01453,0
1.64207,1.72752,0
3.02729,-1.90299,0
1.7672,1.69198,0
1.62928,1.75003,0
4.15613,-0.57249,0
1.79585,1.66277,0
1.55431,1.78938,0
1.66772,1.72521,0
1.18409,2.02158,0
1.71748,1.7206,0
4.47429,0.00382,0
1.57902,1.79649,0
1.26461,1.97192,0
1.21283,1.99201,0
4.26759,-0.38148,0
1.2724,1.97173,0
1.44895,1.86172,0
1.1557,2.02636,0
4.29077,-0.32049,0
4.33712,-0.24256,0
3.02501,-1.93063,0
1.68583,1.73235,0
4.19468,-0.50903,0
3.2892,-2.06683,0
4.14312,-0.58715,0
1.5227,1.82749,0
1.22942,1.9958,0
1.22949,1.97777,0
3.15922,-1.98702,0
4.17397,-0.53093,0
1.07322,2.06921,0
1.1659,2.00747,0
3.05152,-1.94661,0
4.52151,0.0637,0
3.12673,-1.97395,0
4.2705,-0.37161,0
3.14883,-1.99329,0
4.26985,-0.36727,0
4.37725,-0.17596,0
3.15508,-1.9803,0
1.69947,1.70958,0
1.47039,1.85437,0
4.25933,-0.39567,0
1.47587,1.84395,0
1.22519,1.98398,0
4.44004,-0.05603,0
2.00177,1.55234,0
1.19509,2.01837,0
3.24677,-2.03118,0
1.13459,2.02346,0
4.15163,-0.57347,0
4.35482,-0.2109,0
1.20817,2.00634,0
4.36271,-0.20693,0
1.15718,2.0086,0
1.90694,1.59386,0
1.32363,1.92209,0
1.24145,1.97586,0
1.93828,1.59109,0
1.39814,1.89387,0
4.42191,-0.10482,0
4.30317,-0.3174,0
1.96597,1.56537,0
4.34076,-0.23851,0
4.44682,-0.07452,0
3.08567,-1.95593,0
1.40909,1.8775,0
3.26893,-2.07077,0
1.70002,1.72573,0
1.81473,1.64722,0
4.46239,-0.02329,0
2.00197,1.55292,0
3.23638,-2.02967,0
1.15581,2.04499,0
1.33232,1.93882,0
1.51069,1.82399,0
1.81728,1.64236,0
3.26978,-2.03607,0
1.68883,1.71531,0
1.07629,2.08004,0
3.17731,-2.01085,0
4.41616,-0.09849,0
1.08251,2.08364,0
1.30042,1.95837,0
1.59435,1.77262,0
4.42679,-0.08905,0
1.16566,2.02259,0
2.0449,1.51961,0
4.30673,-0.30812,0
4.12826,-0.62097,0
1.1556,2.03698,0
1.62297,1.76506,0
4.14011,-0.6033,0
1.45892,1.85647,0
1.24497,1.96524,0
1.55039,1.79076,0
4.39496,-0.16256,0
1.19967,2.0216,0
3.09215,-1.95992,0
1.74943,1.68472,0
1.12088,2.06013,0
1.41954,1.86383,0
4.49554,0.01108,0
3.25914,-2.05895,0
4.52267,0.05788,0
3.20452,-2.03406,0
2.00677,1.54369,0
1.24908,1.96722,0
1.71303,1.70472,0
3.17022,-1.98107,0
1.22057,1.98163,0
4.41289,-0.10966,0
3.14412,-1.99556,0
1.49271,1.83094,0
3.03909,-1.92494,0
1.64723,1.74104,0
1.96675,1.55516,0
1.88001,1.62003,0
4.52079,0.0755,0
4.4858,-0.00723,0
4.19535,-0.50156,0
3.02183,-1.9041,0
1.26761,1.94768,0
4.41991,-0.10063,0
1.18124,2.02051,0
3.09526,-1.9537,0
1.15693,2.0202,0
1.73755,1.6968,0
1.88766,1.62173,0
3.03718,-1.92326,0
3.00743,-1.90977,0
1.20588,2.00687,0
3.23986,-2.0455,0
1.12354,2.03837,0
1.07066,2.0779,0
1.07157,2.07836,0
1.05623,2.06589,0
1.05916,2.06876,0
4.47352,-0.05609,0
2.96401,-1.90748,0
1.53456,1.84852,0
1.30379,1.97571,0
1.13104,2.08284,0
2.01787,1.54813,0
4.44075,-0.09089,0
2.00767,1.5662,0
4.47265,-0.06151,0
3.24721,-2.0726,0
1.53338,1.84152,0
2.06013,1.52744,0
1.82085,1.66467,0
1.49397,1.86944,0
3.26479,-2.08011,0
1.16136,2.04671,0
1.40514,1.91842,0
4.14322,-0.61387,0
1.55467,1.83097,0
3.13495,-2.01999,0
1.47997,1.86481,0
3.17227,-2.02572,0
3.17083,-2.03499,0
1.44787,1.8881,0
3.23674,-2.06602,0
4.46536,-0.04945,0
1.175,2.06021,0
4.21959,-0.48156,0
1.1615,2.05143,0
1.28159,1.99704,0
4.42958,-0.11342,0
1.18708,2.0577,0
1.18279,2.05209,0
4.35852,-0.23618,0
3.07016,-1.98007,0
1.95939,1.59341,0
3.20814,-2.05836,0
1.39921,1.92217,0
4.33693,-0.28153,0
4.42816,-0.11878,0
4.15459,-0.59165,0
1.17097,2.05066,0
1.48352,1.87925,0
1.75008,1.71296,0
1.18493,2.03978,0
1.10846,2.10245,0
4.42271,-0.13892,0
4.4734,-0.04334,0
2.02597,1.54324,0
3.23266,-2.06258,0
4.20456,-0.51076,0
1.80644,1.68042,0
1.33029,1.95254,0
1.43967,1.89615,0
1.6078,1.78545,0
3.20193,-2.04646,0
3.07252,-1.97651,0
1.51746,1.84678,0
1.19564,2.05137,0
1.88244,1.62864,0
1.20426,2.0286,0
1.48203,1.86959,0
3.04434,-1.95057,0
4.45321,-0.08777,0
1.7712,1.70799,0
3.24482,-2.06696,0
3.22839,-2.05812,0
3.10726,-1.98699,0
1.61559,1.78568,0
1.48402,1.86317,0
3.193,-2.04713,0
4.30915,-0.32243,0
4.37971,-0.2171,0
4.25622,-0.42144,0
1.49283,1.85557,0
1.12085,2.08823,0
4.42733,-0.12589,0
3.17953,-2.03367,0
1.26736,1.98959,0
1.11466,2.09117,0
1.51175,1.85475,0
1.73124,1.7252,0
1.76549,1.70839,0
1.56323,1.81181,0
1.47366,1.87564,0
1.56688,1.81411,0
4.12387,-0.63726,0
4.15124,-0.5945,0
1.7774,1.69669,0
1.60222,1.79252,0
1.65795,1.77646,0
1.54826,1.83559,0
1.69087,1.74347,0
1.51743,1.84782,0
3.25746,-2.08391,0
4.40986,-0.1656,0
1.22341,2.02676,0
1.71618,1.73475,0
4.32143,-0.29704,0
1.11263,2.08652,0
1.64844,1.76845,0
1.68906,1.7406,0
4.13375,-0.62654,0
3.10533,-1.98515,0
1.2642,1.99527,0
4.44704,-0.08534,0
4.25801,-0.41476,0
1.96775,1.59113,0
1.54836,1.84142,0
1.33547,1.96901,0
1.18189,2.04187,0
1.72408,1.73712,0
4.50326,-0.00186,0
3.19719,-2.04741,0
1.65002,1.77408,0
3.16127,-2.0166,0
1.40775,1.91232,0
1.22372,2.01007,0
1.3798,1.92885,0
3.08417,-1.96805,0
4.50255,0.00304,0
3.29968,-2.0718,0
4.53859,0.08125,0
4.15133,-0.602,0
4.1479,-0.60986,0
3.26745,-2.0895,0
4.54045,0.05391,0
4.52832,0.02585,0
4.45802,-0.0912,0
4.48792,-0.04193,0
4.18714,-0.54615,0
4.40341,-0.19194,0
4.49762,-0.02854,0
4.12776,-0.65475,0
4.47002,-0.0757,0
4.3976,-0.19867,0
4.40132,-0.19797,0
4.19404,-0.54541,0
4.22054,-0.49902,0
4.27412,-0.41005,0
4.14561,-0.62645,0
4.54955,0.04942,0
4.18321,-0.56194,0
4.27966,-0.39625,0
4.4213,-0.1617,0
4.48855,-0.05347,0
4.08918,-0.72156,0
1.86402,1.67785,0
2.02793,1.57419,0
4.49915,-0.04607,0
3.18128,-2.09005,0
3.16045,-2.06446,0
2.8987,-1.90179,0
1.81596,1.69684,0
3.00147,-1.954,0
2.98641,-1.95524,0
1.25939,2.01964,0
1.57813,1.83862,0
2.09879,1.53223,0
1.66527,1.78699,0
1.39705,1.96429,0
1.4282,1.93498,0
1.72379,1.75195,0
1.3563,1.97825,0
1.36456,2.00066,0
1.20309,2.07882,0
1.33147,1.97894,0
2.84941,-1.88181,0
1.72844,1.7522,0
1.95389,1.62121,0
4.20757,-0.54855,0
4.4448,-0.12872,0
1.60722,1.8138,0
2.99671,-1.96959,0
1.67026,1.7753,0
1.40629,1.93476,0
1.19228,2.0978,0
1.32728,1.98507,0
4.27033,-0.42045,0
2.08505,1.53911,0
4.18302,-0.57505,0
3.08815,-2.00569,0
1.32191,1.98217,0
1.67393,1.77622,0
1.46998,1.93106,0
1.53456,1.88553,0
1.54363,1.86149,0
1.40119,1.97267,0
1.29374,2.03894,0
4.27121,-0.43245,0
3.15942,-2.04738,0
1.57311,1.86954,0
4.36719,-0.25813,0
1.28019,2.01088,0
3.15254,-2.06746,0
1.79039,1.71616,0
1.39738,1.94453,0
4.39395,-0.24255,0
1.38582,1.95298,0
1.2441,2.06709,0
4.43014,-0.17118,0
1.39942,1.95955,0
3.15583,-2.03365,0
2.01501,1.58599,0
2.93174,-1.92652,0
1.45962,1.92315,0
1.60276,1.84033,0
1.30146,2.01456,0
1.56851,1.85975,0
1.24948,2.04032,0
4.51567,-0.05289,0
1.57434,1.84336,0
1.67106,1.77243,0
3.16848,-2.06427,0
1.60663,1.84637,0
1.93004,1.64221,0
1.71046,1.75143,0
4.50172,-0.077,0
1.16601,2.09781,0
3.0244,-1.98536,0
3.04139,-1.98003,0
3.01032,-1.95807,0
1.40774,1.96868,0
4.42299,-0.17425,0
1.92143,1.64232,0
1.17392,2.08145,0
4.4865,-0.10053,0
1.84552,1.67316,0
1.85005,1.66794,0
1.39818,1.93314,0
4.28174,-0.41541,0
4.1548,-0.62568,0
4.36741,-0.29345,0
1.72472,1.75174,0
4.4862,-0.08776,0
1.68109,1.76836,0
1.20577,2.07016,0
1.31317,2.02431,0
4.12684,-0.6713,0
2.98323,-1.94704,0
1.55344,1.847,0
1.7643,1.74847,0
3.15976,-2.04432,0
4.43403,-0.14801,0
1.91997,1.62287,0
1.81363,1.68513,0
1.179,2.09162,0
1.90403,1.65815,0
4.51153,-0.01803,0
1.58228,1.85292,0
1.53387,1.85449,0
1.73914,1.7516,0
1.2247,2.08401,0
1.16232,2.11689,0
2.96442,-1.93668,0
4.32952,-0.33705,0
3.22851,-2.09579,0
3.12206,-2.0494,0
1.35573,1.99988,0
1.59076,1.82247,0
1.47172,1.92188,0
3.18446,-2.07883,0
1.71783,1.75188,0
4.47118,-0.12663,0
4.27814,-0.43253,0
4.32212,-0.36812,0
1.45278,1.93392,0
4.09037,-0.72332,0
1.22672,2.07462,0
4.42695,-0.16941,0
2.9179,-1.92155,0
1.78759,1.72544,0
1.55368,1.86049,0
2.98221,-1.96243,0
4.44688,-0.16735,0
2.02671,1.57624,0
4.11356,-0.70152,0
4.53536,0.00177,0
1.43927,1.94657,0
2.06617,1.53476,0
1.65453,1.81837,0
4.514,-0.04782,0
3.09889,-2.03802,0
1.85172,1.69427,0
4.48873,-0.08173,0
1.20566,2.08421,0
3.0379,-1.97673,0
4.31048,-0.38512,0
1.56898,1.86239,0
4.32176,-0.34118,0
1.49266,1.89584,0
2.94671,-1.94028,0
1.17421,2.09185,0
2.07423,1.54875,0
1.84021,1.68985,0
4.18062,-0.58973,0
3.19385,-2.06563,0
2.96773,-1.92749,0
1.75962,1.74306,0
4.22881,-0.49617,0
1.76622,1.73651,0
4.26705,-0.43204,0
2.02281,1.57519,0
2.94272,-1.91693,0
3.08873,-2.00811,0
1.18982,2.08677,0
4.21112,-0.54016,0
1.30592,2.02338,0
1.35968,1.97437,0
1.84191,1.66823,0
1.80399,1.71114,0
1.42426,1.9315,0
1.32951,1.99677,0
1.30068,1.99713,0
1.31045,1.98621,0
1.89751,1.63791,0
1.24395,2.04954,0
1.46734,1.99038,0
1.70085,1.81101,0
2.85154,-1.89188,0
4.14699,-0.65801,0
2.75733,-1.83969,0
2.95428,-1.99295,0
4.48307,-0.15881,0
1.69021,1.82094,0
2.65204,-1.79951,0
4.45726,-0.15738,0
1.68949,1.84194,0
3.09638,-2.09755,0
2.83192,-1.90538,0
1.63731,1.87363,0
3.1492,-2.12076,0
3.05867,-2.02116,0
4.21759,-0.55514,0
4.32083,-0.38317,0
1.36558,2.02287,0
4.34601,-0.3574,0
3.10559,-2.05977,0
1.31366,2.08308,0
1.53275,1.90427,0
1.62157,1.86432,0
1.81622,1.75084,0
1.7661,1.76288,0
3.14362,-2.11405,0
1.87137,1.69175,0
1.75255,1.7763,0
1.39925,2.01274,0
1.2993,2.08384,0
2.04369,1.58441,0
1.35224,2.02193,0
2.98523,-1.97248,0
1.21486,2.11804,0
2.77287,-1.85797,0
1.55886,1.92053,0
1.4086,2.02487,0
4.5415,-0.07134,0
1.40676,1.99277,0
1.44419,1.95758,0
3.03873,-2.05098,0
1.67372,1.81295,0
1.24168,2.12515,0
1.35711,2.00579,0
1.66263,1.82185,0
4.51654,-0.06908,0
1.32851,2.03658,0
1.49578,1.96388,0
3.14443,-2.11253,0
3.13323,-2.07275,0
4.42426,-0.24207,0
2.08809,1.54814,0
1.31612,2.0376,0
1.9441,1.64135,0
1.60348,1.85974,0
2.0408,1.58216,0
1.32925,2.05033,0
2.85599,-1.90415,0
1.58666,1.89981,0
3.04827,-2.06392,0
1.89161,1.67803,0
1.90406,1.69614,0
3.09639,-2.04258,0
1.48149,1.93141,0
1.74344,1.7943,0
3.08855,-2.08461,0
1.2704,2.07535,0
4.31318,-0.42643,0
2.9398,-1.99797,0
1.38052,2.00386,0
2.94791,-1.97285,0
2.06699,1.57943,0
3.01988,-2.03324,0
3.0169,-2.0492,0
2.91337,-1.96938,0
3.08298,-2.052,0
1.38621,2.04004,0
4.16644,-0.64357,0
2.89779,-1.93379,0
3.01633,-2.0481,0
1.83094,1.71717,0
1.55354,1.8909,0
3.15225,-2.13015,0
4.37768,-0.32723,0
4.21089,-0.56868,0
3.15378,-2.1025,0
1.78885,1.76117,0
1.37095,2.05361,0
1.64683,1.82431,0
1.72066,1.78462,0
1.91341,1.68327,0
4.37609,-0.28636,0
1.82091,1.71685,0
1.34355,2.05676,0
1.59879,1.89975,0
2.10508,1.5443,0
4.52133,-0.1039,0
1.36567,2.05179,0
4.45713,-0.17766,0
4.28201,-0.46791,0
1.38408,2.00336,0
3.00653,-2.01902,0
2.81582,-1.90727,0
4.53374,-0.06312,0
4.45885,-0.20429,0
2.933,-1.96356,0
2.0197,1.61478,0
2.61364,-1.77927,0
2.78934,-1.85435,0
4.53419,-0.06988,0
4.3989,-0.24773,0
1.28325,2.0818,0
1.56113,1.89993,0
3.02601,-2.02539,0
2.67113,-1.81725,0
1.31617,2.09186,0
2.00504,1.61491,0
1.36987,2.02556,0
4.42931,-0.20688,0
4.43794,-0.18839,0
3.05897,-2.06793,0
1.6658,1.85567,0
1.96954,1.6534,0
4.34822,-0.33905,0
4.22058,-0.56573,0
4.37374,-0.31232,0
3.15679,-2.09738,0
1.63688,1.85915,0
4.507,-0.12928,0
4.29058,-0.45654,0
1.50519,1.93574,0
1.74479,1.79947,0
1.99586,1.6304,0
3.00646,-2.01809,0
1.3298,2.0539,0
2.08305,1.56016,0
2.99664,-2.02983,0
3.06622,-2.0684,0
4.2521,-0.48721,0
1.68262,1.8454,0
3.1178,-2.0936,0
4.51027,-0.09244,0
4.41576,-0.25003,0
2.67708,-1.80842,0
4.40309,-0.24591,0
2.80026,-1.86857,0
4.39529,-0.28932,0
2.82587,-1.87707,0
3.07588,-2.07344,0
1.36194,2.05211,0
1.57148,1.88682,0
1.61395,1.86253,0
4.47625,-0.12612,0
2.87773,-1.93806,0
1.47703,1.96828,0
1.42754,1.96478,0
1.45912,1.9637,0
1.27171,2.12019,0
1.82368,1.74125,0
2.9429,-1.95202,0
2.99068,-2.00156,0
1.67247,1.81962,0
4.34386,-0.33799,0
1.38364,2.00643,0
4.27862,-0.47894,0
3.12521,-2.06663,0
4.16884,-0.63488,0
1.83301,1.73886,0
2.80938,-1.86735,0
2.93671,-1.98563,0
2.70731,-1.81858,0
2.11721,1.55327,0
4.35564,-0.34225,0
1.26789,2.11002,0
4.1495,-0.67273,0
4.30777,-0.41687,0
2.69971,-1.81444,0
1.68211,1.82952,0
2.93862,-1.95237,0
2.87674,-1.90694,0
1.27573,2.06096,0
4.36439,-0.33731,0
2.0559,1.59779,0
4.4492,-0.21923,0
3.07321,-2.05832,0
2.6936,-1.81738,0
1.23857,2.09012,0
4.24777,-0.50912,0
2.84958,-1.92435,0
4.1696,-0.62456,0
3.11236,-2.07049,0
2.77941,-1.86109,0
1.61638,1.8717,0
1.24731,2.11354,0
2.85063,-1.93718,0
2.8779,-1.94832,0
2.76663,-1.87482,0
4.22825,-0.53099,0
3.16973,-2.12871,0
1.42694,1.98852,0
1.26452,2.0773,0
2.06889,1.58336,0
2.77415,-1.87269,0
1.8395,1.71021,0
1.31927,2.03337,0
2.96341,-1.97616,0
1.21364,2.09856,0
1.86776,1.71979,0
4.39291,-0.29622,0
1.72431,1.81372,0
2.79739,-1.8623,0
2.73561,-1.84267,0
1.29474,2.06263,0
2.80706,-1.86388,0
1.48291,1.96248,0
1.55804,1.90253,0
4.17409,-0.6181,0
1.82904,1.73249,0
1.54792,1.89375,0
2.76537,-1.85016,0
1.5742,1.91917,0
4.33366,-0.38064,0
3.09296,-2.08707,0
3.08778,-2.086,0
4.12343,-0.68953,0
1.26792,2.06882,0
3.14704,-2.09948,0
4.44472,-0.21601,0
3.14205,-2.0824,0
1.32232,2.08113,0
1.21358,2.11218,0
2.87399,-1.93415,0
1.29398,2.09173,0
3.15782,-2.13925,0
1.52919,1.94742,0
2.98886,-1.98876,0
1.41364,1.98878,0
1.74365,1.78718,0
4.23618,-0.52186,0
3.01021,-2.00216,0
3.19558,-2.10384,0
1.19171,2.12848,0
1.19495,2.12569,0
4.5458,-0.02649,0
3.18381,-2.11829,0
1.90302,1.70074,0
4.43034,-0.25601,0
4.2755,-0.48608,0
4.49227,-0.1621,0
4.52451,-0.11329,0
4.10102,-0.7481,0
4.30618,-0.4385,0
1.19787,2.13056,0
2.93896,-2.00516,0
4.32364,-0.42624,0
4.25427,-0.53282,0
4.14305,-0.68861,0
1.72691,1.82154,0
1.56494,1.93075,0
4.51802,-0.12633,0
4.44489,-0.25376,0
1.83862,1.7472,0
2.98018,-2.0347,0
1.68686,1.85735,0
1.45093,2.01227,0
2.7761,-1.89534,0
1.34218,2.07973,0
1.41073,2.03946,0
2.79135,-1.90666,0
1.39456,2.04462,0
1.87998,1.72105,0
4.23659,-0.5597,0
4.08077,-0.78297,0
1.81243,1.77453,0
2.70295,-1.84541,0
1.61102,1.90835,0
3.09467,-2.10294,0
1.91413,1.69484,0
1.7237,1.82395,0
4.23472,-0.56423,0
1.85617,1.73442,0
3.01913,-2.05187,0
3.12309,-2.1253,0
1.26806,2.13529,0
1.44411,2.02018,0
1.29551,2.12095,0
4.42256,-0.27192,0
2.79191,-1.90531,0
1.7095,1.84377,0
1.93316,1.68416,0
1.31413,2.09989,0
4.42179,-0.28586,0
4.39497,-0.31417,0
1.47595,1.99049,0
2.00747,1.63253,0
3.0033,-2.04229,0
2.8332,-1.92954,0
1.89109,1.71485,0
2.61675,-1.78499,0
2.93723,-2.00441,0
1.85661,1.73649,0
4.15414,-0.68246,0
4.39005,-0.33166,0
4.28389,-0.47872,0
4.43293,-0.26372,0
4.37328,-0.34354,0
4.21828,-0.58014,0
1.31952,2.09967,0
4.3526,-0.38456,0
1.77529,1.78763,0
4.50217,-0.16599,0
2.99135,-2.04114,0
4.52412,-0.13574,0
4.27495,-0.49426,0
4.54896,-0.09372,0
1.83583,1.75319,0
2.86838,-1.95815,0
4.37499,-0.34308,0
4.54186,-0.09212,0
3.01392,-2.05647,0
3.10514,-2.1197,0
4.42458,-0.28172,0
3.20429,-2.13089,0
2.79338,-1.9137,0
2.62263,-1.7993,0
4.20493,-0.61822,0
2.84413,-1.95099,0
2.07056,1.61467,0
4.43639,-0.27283,0
1.77114,1.80754,0
1.66223,1.89116,0
4.13639,-0.71284,0
1.57644,1.94316,0
1.48367,2.01482,0
1.86952,1.74915,0
1.65433,1.88425,0
1.7196,1.85337,0
1.66865,1.88866,0
2.91409,-1.99547,0
2.66458,-1.83233,0
1.85822,1.74548,0
4.13562,-0.71177,0
4.15038,-0.70039,0
2.96861,-2.0538,0
2.98665,-2.04041,0
2.62985,-1.80903,0
4.54018,-0.13129,0
1.70824,1.84716,0
2.07133,1.60646,0
4.51226,-0.16049,0
1.80712,1.78131,0
2.8395,-1.9659,0
2.02073,1.63544,0
1.28723,2.1577,0
1.60291,1.93578,0
1.85555,1.75135,0
4.491,-0.19284,0
4.25704,-0.54855,0
1.77962,1.80041,0
2.97346,-2.05205,0
1.39566,2.08827,0
1.65308,1.89194,0
3.07118,-2.12192,0
3.06362,-2.10398,0
1.6281,1.92453,0
2.92733,-2.00409,0
1.95409,1.69684,0
4.54767,-0.11583,0
1.43234,2.05236,0
2.58631,-1.77095,0
2.82707,-1.93242,0
3.05137,-2.08985,0
2.66811,-1.84034,0
2.00224,1.65285,0
3.00462,-2.0721,0
4.35138,-0.41231,0
2.96843,-2.05201,0
2.76614,-1.89288,0
1.39096,2.07996,0
2.05143,1.6151,0
4.09929,-0.77544,0
2.61473,-1.80777,0
1.54643,1.96278,0
2.59408,-1.79074,0
4.22647,-0.59137,0
4.35999,-0.38711,0
3.03839,-2.10753,0
2.68705,-1.86128,0
1.75482,1.82333,0
1.56155,1.95341,0
4.37635,-0.38005,0
1.95334,1.68471,0
2.72007,-1.86019,0
1.4322,2.06264,0
4.26297,-0.54241,0
1.98895,1.66955,0
3.08335,-2.10895,0
4.15884,-0.6909,0
1.44556,2.05108,0
4.22712,-0.58451,0
3.12112,-2.14717,0
1.31237,2.14664,0
1.94234,1.68877,0
1.89438,1.72635,0
2.71313,-1.86824,0
2.91075,-2.00253,0
1.98252,1.67402,0
1.43584,2.05394,0
3.04407,-2.09817,0
1.69295,1.86675,0
3.11979,-2.13948,0
4.51996,-0.14399,0
2.73438,-1.87742,0
3.0727,-2.12264,0
4.45256,-0.25107,0
2.62317,-1.7958,0
1.33762,2.12026,0
4.36972,-0.38885,0
2.61704,-1.80216,0
2.85491,-1.95528,0
1.31884,2.14159,0
4.44637,-0.25659,0
2.90319,-2.0029,0
1.55219,1.97099,0
1.50328,2.00873,0
1.5329,1.97807,0
2.96609,-2.03806,0
4.53684,-0.13771,0
3.09587,-2.12209,0
4.25925,-0.54252,0
1.72909,1.84312,0
4.51783,-0.15451,0
1.78642,1.80856,0
1.98394,1.67832,0
2.77257,-1.91341,0
2.65452,-1.83574,0
2.5347,-1.75369,0
1.29881,2.13027,0
3.13184,-2.1521,0
4.18813,-0.64878,0
4.26349,-0.52308,0
1.67774,1.87308,0
1.82601,1.77724,0
1.70457,1.87304,0
1.83445,1.76307,0
4.5376,-0.13146,0
2.91682,-1.99754,0
2.62893,-1.81685,0
2.58444,-1.77123,0
2.70239,-1.87134,0
1.71917,1.84753,0
1.56343,1.96068,0
4.26581,-0.5404,0
1.48593,2.02138,0
3.0149,-2.06603,0
1.70258,1.85407,0
2.82566,-1.95825,0
4.38976,-0.3461,0
3.00325,-2.0673,0
1.64057,1.9165,0
2.97519,-2.04254,0
2.83782,-1.95373,0
2.13741,1.56344,0
4.25025,-0.55862,0
4.54833,-0.06373,0
4.55185,-0.06103,0
4.56406,-0.07351,0
4.5524,-0.10904,0
4.09631,-0.78379,0
4.09189,-0.79198,0
4.207,-0.62687,0
4.40047,-0.37094,0
1.35776,2.14788,0
1.5165,2.02688,0
1.42144,2.0869,0
3.05717,-2.12385,0
2.94548,-2.04828,0
4.25082,-0.58186,0
1.57893,1.97123,0
4.25027,-0.57412,0
1.64317,1.94451,0
2.94544,-2.0432,0
1.84835,1.7944,0
1.33209,2.14499,0
3.03678,-2.11016,0
2.1615,1.56042,0
4.3343,-0.45855,0
4.40418,-0.36432,0
1.99108,1.67964,0
4.41755,-0.3446,0
1.79781,1.81104,0
3.02067,-2.10966,0
2.52985,-1.75508,0
1.67036,1.91571,0
4.07944,-0.81408,0
1.6948,1.90486,0
4.35446,-0.42319,0
4.11235,-0.76959,0
1.33045,2.16865,0
1.44538,2.07834,0
4.46905,-0.2781,0
1.99708,1.67007,0
4.48957,-0.22965,0
1.62871,1.94121,0
2.09904,1.6118,0
1.39743,2.10045,0
4.48599,-0.24978,0
1.34112,2.15686,0
2.83165,-1.96721,0
4.23655,-0.58772,0
2.87981,-2.01406,0
1.46007,2.05871,0
1.74844,1.85104,0
4.44841,-0.30259,0
2.6201,-1.81575,0
1.35432,2.14905,0
1.75067,1.85573,0
1.4055,2.09235,0
4.52227,-0.18824,0
3.03621,-2.11559,0
4.23729,-0.60565,0
4.46232,-0.29225,0
1.82726,1.79931,0
1.45998,2.05919,0
2.90997,-2.02807,0
4.2135,-0.62537,0
2.83542,-1.98345,0
1.37122,2.12799,0
2.86526,-1.98727,0
4.32179,-0.46731,0
1.5118,2.03629,0
4.51635,-0.20493,0
3.11174,-2.16857,0
4.45257,-0.28293,0
4.20266,-0.64816,0
1.6621,1.93255,0
2.89308,-2.00685,0
4.17503,-0.68714,0
4.42257,-0.3286,0
4.46745,-0.2591,0
2.83433,-1.97611,0
4.54916,-0.14124,0
3.04082,-2.12504,0
1.90774,1.73688,0
4.385,-0.38168,0
2.1492,1.56738,0
2.52325,-1.75748,0
1.67125,1.90665,0
2.76497,-1.92823,0
1.54896,2.01346,0
1.88413,1.77287,0
1.46622,2.06215,0
4.55089,-0.15449,0
1.80703,1.81166,0
4.16485,-0.70405,0
1.55301,1.98675,0
4.37227,-0.39063,0
4.53402,-0.17107,0
1.34428,2.14984,0
2.98722,-2.08429,0
4.38528,-0.37048,0
1.69692,1.89246,0
1.71931,1.87228,0
1.96378,1.70303,0
2.47705,-1.72255,0
4.26287,-0.56723,0
1.67368,1.91902,0
1.50258,2.0317,0
2.0324,1.64637,0
1.72051,1.87068,0
4.14359,-0.73017,0
1.87297,1.76224,0
1.47803,2.06015,0
2.08968,1.60768,0
4.26333,-0.56425,0
4.44178,-0.32413,0
2.77646,-1.93383,0
1.99347,1.67652,0
4.38416,-0.37493,0
4.38686,-0.38218,0
2.93545,-2.05374,0
2.01849,1.67487,0
1.74398,1.86308,0
1.47749,2.05809,0
2.6341,-1.83152,0
1.31807,2.17481,0
2.94461,-2.053,0
2.83561,-1.96758,0
1.63041,1.93064,0
4.40299,-0.35979,0
4.49594,-0.22425,0
4.07986,-0.8284,0
4.45161,-0.28432,0
1.67848,1.89285,0
4.40629,-0.36089,0
4.39285,-0.37932,0
2.07067,1.62272,0
4.19743,-0.65404,0
2.52121,-1.75338,0
2.87338,-2.00128,0
1.51639,2.00624,0
4.2951,-0.51519,0
1.70392,1.88166,0
1.39664,2.0957,0
2.59022,-1.81522,0
2.99769,-2.10572,0
4.19983,-0.66942,0
1.69568,1.91619,0
2.15138,1.5819,0
2.99497,-2.1112,0
3.07165,-2.15458,0
4.52039,-0.22015,0
1.62781,1.96839,0
3.07262,-2.16131,0
1.77452,1.86318,0
2.83886,-1.99746,0
2.63568,-1.8421,0
2.07372,1.63776,0
2.89511,-2.03908,0
4.17579,-0.69597,0
2.66974,-1.87206,0
2.4876,-1.74098,0
1.42268,2.11057,0
2.04055,1.66273,0
1.46613,2.07401,0
1.58916,1.99232,0
2.58052,-1.80602,0
4.3154,-0.50996,0
2.73987,-1.92033,0
3.02669,-2.13348,0
1.47005,2.0721,0
2.93108,-2.06046,0
4.53294,-0.19828,0
2.78546,-1.9502,0
1.8212,1.82674,0
4.52508,-0.21121,0
2.71055,-1.90151,0
1.35842,2.15618,0
2.81219,-1.97517,0
1.69378,1.92073,0
1.6192,1.96405,0
3.04784,-2.14225,0
1.60603,1.98006,0
3.02903,-2.12821,0
1.9967,1.70221,0
1.53573,2.02704,0
1.75278,1.87127,0
2.91778,-2.05384,0
2.79624,-1.95989,0
4.1902,-0.67828,0
1.89062,1.77915,0
2.08713,1.63384,0
1.53379,2.03538,0
4.3765,-0.42844,0
2.15888,1.58501,0
1.46263,2.09042,0
2.52623,-1.77168,0
2.66587,-1.87296,0
4.39674,-0.40182,0
4.51069,-0.24446,0
1.8812,1.78639,0
2.77257,-1.95051,0
1.63003,1.97068,0
2.50083,-1.75532,0
1.38977,2.14304,0
4.38321,-0.41994,0
2.67005,-1.87693,0
4.41841,-0.37056,0
2.71931,-1.9126,0
4.07011,-0.84877,0
4.52771,-0.22579,0
1.97485,1.72115,0
1.81279,1.83908,0
4.43068,-0.35629,0
1.95029,1.73808,0
4.24481,-0.61354,0
1.30136,2.16663,0
4.51487,-0.24489,0
4.11792,-0.79089,0
4.21276,-0.65847,0
2.08212,1.64647,0
4.56785,-0.15595,0
4.40229,-0.40077,0
1.69053,1.93014,0
4.56753,-0.17137,0
1.95908,1.73539,0
1.90079,1.77645,0
2.14753,1.5979,0
1.3526,2.17679,0
4.47836,-0.29467,0
4.48831,-0.28056,0
1.6723,1.9441,0
4.18669,-0.69545,0
2.09992,1.6331,0
1.40558,2.13777,0
4.57302,-0.11343,0
4.57363,-0.11728,0
4.56553,-0.07809,0
4.57013,-0.06156,0
4.56445,-0.06708,0
4.55757,-0.04603,0
3.21141,-2.13978,0
3.17046,-2.15273,0
4.16141,-0.73744,0
4.1743,-0.71773,0
4.25559,-0.60462,0
1.76525,1.87784,0
1.45713,2.13029,0
4.19874,-0.69364,0
3.07302,-2.18007,0
2.71468,-1.92338,0
4.40799,-0.42586,0
2.0643,1.67879,0
1.4056,2.16967,0
2.94845,-2.10138,0
1.3711,2.16904,0
4.11573,-0.81505,0
1.69841,1.95442,0
4.25394,-0.61289,0
2.73844,-1.93311,0
4.10722,-0.82225,0
4.27767,-0.60181,0
2.84634,-2.01081,0
4.48997,-0.28957,0
1.58528,2.01277,0
1.49106,2.10853,0
4.43154,-0.38338,0
1.9291,1.78146,0
1.84089,1.85567,0
2.97623,-2.11704,0
2.02263,1.71282,0
1.54476,2.07097,0
4.43912,-0.36015,0
1.98111,1.74385,0
4.55284,-0.21806,0
2.8349,-2.01464,0
2.77832,-1.97313,0
1.62633,1.9875,0
4.08783,-0.84777,0
4.56531,-0.19516,0
4.48384,-0.29313,0
1.67653,1.94804,0
4.15741,-0.76247,0
1.68216,1.95675,0
4.36524,-0.47436,0
2.4298,-1.7063,0
4.16417,-0.75038,0
4.45455,-0.3428,0
4.57055,-0.20692,0
3.06545,-2.18568,0
4.23218,-0.64565,0
4.22176,-0.6724,0
1.84741,1.83226,0
4.32541,-0.51121,0
1.60781,2.01038,0
1.71983,1.94057,0
2.9426,-2.08628,0
4.54975,-0.21531,0
1.83223,1.84794,0
1.42367,2.13645,0
4.42331,-0.3746,0
1.70639,1.93964,0
2.99375,-2.12038,0
2.87606,-2.04801,0
4.46586,-0.34144,0
2.99474,-2.13672,0
2.16281,1.59059,0
1.49455,2.11203,0
4.10683,-0.81764,0
4.31212,-0.54022,0
4.29338,-0.57573,0
4.4529,-0.36321,0
4.12205,-0.80409,0
4.29146,-0.57251,0
2.94679,-2.082,0
2.61464,-1.8459,0
1.54231,2.07241,0
1.38846,2.15818,0
2.74015,-1.94301,0
1.53977,2.05249,0
4.34505,-0.50919,0
4.41189,-0.39798,0
1.50846,2.09547,0
1.75327,1.90084,0
1.47615,2.11718,0
4.48253,-0.31829,0
1.61138,2.00229,0
2.11226,1.64794,0
1.44105,2.11306,0
1.52276,2.08135,0
3.04848,-2.1739,0
2.77244,-1.95583,0
3.01856,-2.14457,0
1.65528,1.99381,0
4.35831,-0.49656,0
1.5799,2.01994,0
1.43252,2.1469,0
1.86667,1.83642,0
1.94362,1.77744,0
1.69703,1.95152,0
2.12173,1.63703,0
2.98659,-2.11643,0
1.88197,1.81051,0
1.89575,1.80397,0
4.10157,-0.82574,0
2.10305,1.63913,0
1.81635,1.85596,0
4.56654,-0.2069,0
1.79102,1.86517,0
4.24873,-0.63807,0
4.35772,-0.46763,0
4.27615,-0.60613,0
1.63618,1.99707,0
2.9755,-2.12309,0
2.60581,-1.84208,0
4.56974,-0.20113,0
1.60073,2.00957,0
1.55417,2.04538,0
1.68778,1.96239,0
2.14006,1.62532,0
1.77606,1.89886,0
1.66914,1.97209,0
2.57335,-1.81984,0
1.39603,2.17084,0
1.84968,1.82634,0
1.8135,1.86603,0
1.62844,1.9785,0
4.27319,-0.60027,0
2.95434,-2.08977,0
1.83298,1.84734,0
4.16752,-0.7402,0
1.74512,1.89962,0
2.60905,-1.84667,0
1.50528,2.07596,0
2.87909,-2.04404,0
4.4135,-0.42433,0
4.50269,-0.27526,0
4.42807,-0.38292,0
3.02308,-2.1578,0
2.49675,-1.75772,0
2.60607,-1.83616,0
1.38291,2.17079,0
1.49979,2.0802,0
4.45543,-0.33852,0
1.52436,2.06462,0
1.91081,1.7725,0
1.38514,2.15874,0
2.14102,1.62557,0
3.11654,-2.17608,0
1.35686,2.17409,0
4.56678,-0.18731,0
1.43673,2.16697,0
1.6716,1.99227,0
1.83013,1.86882,0
4.31927,-0.55027,0
2.57713,-1.8265,0
4.34601,-0.52532,0
4.34193,-0.5325,0
2.87342,-2.05506,0
1.4945,2.12673,0
4.47288,-0.35006,0
4.18882,-0.72436,0
2.18417,1.60198,0
1.75654,1.92605,0
4.4495,-0.38074,0
1.86771,1.8376,0
2.91273,-2.07674,0
1.87542,1.83128,0
4.5391,-0.26201,0
4.20631,-0.70708,0
4.55081,-0.24664,0
1.82365,1.87121,0
1.6923,1.97041,0
2.1767,1.60813,0
1.66218,1.99764,0
4.18189,-0.73831,0
2.93835,-2.09656,0
2.43618,-1.71855,0
1.49917,2.11892,0
1.49149,2.12326,0
4.44038,-0.39881,0
2.45111,-1.73641,0
1.51835,2.10212,0
4.0717,-0.88441,0
2.47715,-1.75063,0
2.40363,-1.69658,0
1.5445,2.08356,0
2.84136,-2.03121,0
1.41154,2.18722,0
1.83343,1.86568,0
1.54709,2.08621,0
1.7895,1.90039,0
1.52029,2.10658,0
1.5973,2.04156,0
2.12708,1.64252,0
4.28514,-0.60771,0
1.54282,2.0887,0
2.79363,-1.98914,0
2.72904,-1.94729,0
4.27984,-0.60474,0
1.76007,1.92128,0
1.56611,2.0717,0
1.97248,1.76046,0
4.40909,-0.43394,0
1.52363,2.09738,0
4.11325,-0.83376,0
1.44235,2.16127,0
2.17638,1.60592,0
1.45468,2.15138,0
4.45104,-0.37546,0
2.78607,-1.98473,0
4.35859,-0.50011,0
4.33104,-0.54169,0
1.40612,2.19599,0
2.79394,-2.00225,0
4.49016,-0.33793,0
2.09489,1.67165,0
1.85287,1.85851,0
2.43508,-1.72821,0
1.51183,2.1206,0
2.71763,-1.94508,0
4.22209,-0.69142,0
4.21752,-0.6984,0
1.76149,1.92848,0
1.70342,1.97043,0
2.80121,-2.00496,0
2.15857,1.62302,0
1.95609,1.77646,0
4.36616,-0.50194,0
1.44326,2.17163,0
3.03667,-2.18681,0
2.39331,-1.69486,0
2.8158,-2.01929,0
2.01866,1.73111,0
2.5295,-1.80008,0
1.87568,1.84334,0
2.80073,-2.00908,0
4.31498,-0.57175,0
2.19892,1.5936,0
1.87011,1.84224,0
3.0343,-2.18536,0
2.76707,-1.98042,0
2.87583,-2.06242,0
4.53317,-0.28546,0
2.6904,-1.92377,0
1.73801,1.94582,0
1.84723,1.86447,0
1.69522,1.97676,0
2.98982,-2.18515,0
4.28509,-0.62729,0
2.88491,-2.08961,0
2.74782,-1.97202,0
1.49817,2.14969,0
2.88338,-2.07799,0
4.14809,-0.79393,0
2.56208,-1.83328,0
2.57698,-1.8502,0
2.13864,1.65346,0
2.96392,-2.13619,0
2.60692,-1.86706,0
2.80739,-2.03834,0
1.52638,2.11196,0
4.56246,-0.2714,0
1.603,2.0715,0
4.31542,-0.5784,0
2.72537,-1.97445,0
2.7299,-1.95868,0
2.78394,-2.0115,0
1.55345,2.12114,0
1.55899,2.09282,0
1.526,2.13727,0
4.13816,-0.80791,0
2.36823,-1.69026,0
1.60339,2.06292,0
4.49342,-0.35765,0
1.66745,2.02489,0
4.48182,-0.36889,0
1.78764,1.91636,0
2.43293,-1.74689,0
1.54125,2.1049,0
1.52039,2.12928,0
1.55883,2.08822,0
2.40497,-1.72101,0
1.64975,2.02202,0
2.9486,-2.14157,0
2.07834,1.6948,0
4.15036,-0.79117,0
2.66403,-1.93135,0
2.56129,-1.83747,0
4.53501,-0.28506,0
1.98064,1.77796,0
1.75169,1.93974,0
1.56732,2.10316,0
2.05223,1.72341,0
2.9602,-2.13774,0
1.57037,2.09306,0
4.30051,-0.60098,0
2.13842,1.66157,0
1.50024,2.14451,0
2.75197,-1.98963,0
4.44379,-0.41555,0
2.64702,-1.90458,0
3.02856,-2.21558,0
1.47444,2.17505,0
4.52279,-0.32723,0
2.48079,-1.77375,0
2.68629,-1.93438,0
4.2681,-0.64687,0
1.64467,2.04592,0
1.78638,1.93606,0
1.77935,1.93767,0
2.20318,1.60628,0
2.90213,-2.09196,0
1.44622,2.1985,0
2.37314,-1.68428,0
2.93484,-2.12875,0
2.67293,-1.91994,0
1.87437,1.85094,0
2.01651,1.74951,0
4.51344,-0.31676,0
4.52577,-0.32436,0
2.38298,-1.70958,0
2.17004,1.62158,0
2.9444,-2.14609,0
2.16849,1.63529,0
1.7264,1.96719,0
2.20703,1.60757,0
4.53447,-0.30311,0
2.04676,1.71359,0
1.51952,2.13529,0
4.42912,-0.44207,0
2.78882,-2.01952,0
1.61244,2.05384,0
2.17848,1.61287,0
4.21445,-0.70849,0
3.02616,-2.20606,0
2.96234,-2.16203,0
1.86271,1.8771,0
2.60281,-1.87593,0
2.07597,1.70393,0
2.61452,-1.86963,0
2.99254,-2.18842,0
4.27517,-0.62973,0
2.09344,1.6864,0
2.83668,-2.0467,0
2.6026,-1.86284,0
1.96687,1.77815,0
1.62294,2.06376,0
1.57624,2.10147,0
2.87283,-2.06868,0
2.02855,1.7453,0
2.16123,1.6425,0
2.53729,-1.82675,0
2.08659,1.68521,0
2.68635,-1.92736,0
1.56102,2.08728,0
2.11499,1.6636,0
2.84364,-2.04811,0
2.6073,-1.88136,0
2.00628,1.74607,0
1.93386,1.80878,0
4.36868,-0.51815,0
4.55317,-0.27282,0
1.79299,1.9238,0
1.53005,2.13017,0
4.55301,-0.27271,0
4.50195,-0.3557,0
4.23252,-0.69022,0
1.42834,2.20237,0
2.68104,-1.92309,0
2.85645,-2.06638,0
2.63058,-1.89382,0
4.48354,-0.37936,0
1.65283,2.03883,0
4.44036,-0.42372,0
1.55909,2.09121,0
1.90017,1.84418,0
4.24766,-0.67687,0
1.52619,2.13219,0
2.73459,-1.96914,0
1.86734,1.85871,0
4.28762,-0.62187,0
4.56032,-0.28152,0
2.88134,-2.10699,0
4.53314,-0.32039,0
2.32772,-1.67234,0
2.17822,1.63222,0
4.37299,-0.52246,0
1.61482,2.08243,0
1.85049,1.89134,0
1.57287,2.11377,0
2.89886,-2.12876,0
4.20368,-0.73528,0
2.55589,-1.85622,0
2.89796,-2.12561,0
4.18498,-0.76108,0
2.30326,-1.65373,0
2.65456,-1.92887,0
2.77888,-2.0282,0
2.85045,-2.08919,0
2.30207,-1.65412,0
2.08924,1.70885,0
1.73049,1.98389,0
2.92933,-2.14432,0
1.79602,1.93235,0
2.43648,-1.75773,0
2.73954,-1.99804,0
2.53678,-1.83239,0
1.53344,2.14403,0
2.22417,1.60036,0
2.74718,-2.00539,0
1.55158,2.13241,0
2.97542,-2.18576,0
1.97698,1.79153,0
4.09048,-0.87983,0
2.55988,-1.85625,0
4.49262,-0.37121,0
1.94805,1.82123,0
2.40848,-1.73348,0
2.78102,-2.03312,0
1.83006,1.9083,0
1.93355,1.82948,0
1.89506,1.85534,0
1.8102,1.92481,0
2.93134,-2.15154,0
2.09089,1.70427,0
1.72523,1.99493,0
4.12886,-0.83149,0
1.80392,1.93352,0
2.12229,1.67759,0
2.81302,-2.05535,0
4.38873,-0.50525,0
2.32382,-1.67178,0
2.55531,-1.85456,0
1.76081,1.96305,0
1.4247,2.20404,0
4.5801,-0.23767,0
3.06012,-2.21272,0
4.58182,-0.2106,0
3.1312,-2.17825,0
3.10746,-2.18556,0
4.59038,-0.17234,0
4.58652,-0.23327,0
4.11957,-0.84684,0
4.14132,-0.81986,0
4.1591,-0.79645,0
4.5941,-0.16975,0
4.59286,-0.20291,0
4.22634,-0.71856,0
4.07144,-0.92075,0
4.19262,-0.76284,0
4.04011,-0.95964,0
4.43112,-0.45271,0
4.19296,-0.75431,0
4.18211,-0.77667,0
4.26681,-0.65934,0
4.59961,-0.23424,0
4.20388,-0.7489,0
4.07607,-0.91714,0
4.58271,-0.25301,0
4.03861,-0.95988,0
4.36835,-0.53192,0
4.27985,-0.64893,0
4.23193,-0.71423,0
4.31356,-0.60576,0
4.44838,-0.43216,0
3.12389,-2.19727,0
4.09792,-0.88927,0
4.4723,-0.40137,0
4.35224,-0.56211,0
4.51802,-0.34709,0
4.24562,-0.69802,0
4.07976,-0.91317,0
4.30174,-0.62458,0
4.39447,-0.50478,0
4.31136,-0.61394,0
4.58861,-0.25207,0
4.41,-0.48644,0
4.25699,-0.68495,0
4.25667,-0.68623,0
4.0765,-0.92041,0
4.17012,-0.79861,0
4.06646,-0.9356,0
4.3089,-0.62009,0
4.21942,-0.73707,0
4.26172,-0.6815,0
4.59261,-0.14554,0
3.16567,-2.18264,0
4.60134,-0.12423,0
4.57803,-0.09602,0
4.59373,-0.11785,0
4.59552,-0.07285,0
3.2481,-2.09506,0
3.23204,-2.12928,0
3.24503,-2.12226,0
4.59153,-0.09882,0
3.22843,-2.12951,0
3.23327,-2.14699,0
4.58934,-0.09099,0
4.61558,-0.09709,0
3.2372,-2.11888,0
3.20286,-2.16092,0
3.19672,-2.17258,0
4.61588,-0.11087,0
4.62032,-0.10802,0
4.61906,-0.14869,0
4.62639,-0.0622,0
4.61123,-0.05448,0
4.59002,-0.05264,0
4.60675,-0.0601,0
3.25277,-2.13744,0
4.12076,-0.86629,0
4.11286,-0.87706,0
4.0987,-0.89883,0
4.11053,-0.88126,0
4.19594,-0.77019,0
4.14727,-0.83582,0
4.08713,-0.91524,0
4.62536,-0.161,0
4.31591,-0.64528,0
4.08619,-0.93367,0
2.07901,1.7308,0
1.70681,2.03026,0
1.74158,2.026,0
2.24574,1.61881,0
4.19625,-0.779,0
1.51925,2.20808,0
1.85814,1.93322,0
1.80506,1.9795,0
4.53431,-0.38448,0
4.09659,-0.91387,0
2.01092,1.8143,0
4.36621,-0.56867,0
4.55882,-0.34819,0
3.04835,-2.22938,0
1.71398,2.01252,0
1.96178,1.81156,0
4.4108,-0.51006,0
4.25759,-0.69586,0
2.03898,1.75098,0
1.94567,1.84853,0
4.26138,-0.68909,0
4.27001,-0.71019,0
1.71605,2.01874,0
1.99647,1.78506,0
2.22948,1.60882,0
4.44519,-0.45066,0
2.00702,1.80611,0
4.39782,-0.54033,0
4.28035,-0.70194,0
4.15731,-0.83676,0
2.23884,1.59763,0
1.52952,2.16943,0
1.89397,1.86915,0
1.94276,1.84335,0
2.24298,1.60032,0
1.60948,2.12552,0
1.94145,1.86247,0
1.59289,2.14365,0
1.71114,2.0103,0
4.3625,-0.57231,0
1.80482,1.95934,0
4.30898,-0.66564,0
1.76894,1.99757,0
1.96336,1.83018,0
2.00629,1.8031,0
1.62965,2.11567,0
4.46682,-0.42239,0
4.57741,-0.31461,0
1.6455,2.09135,0
1.61739,2.11795,0
1.84847,1.93315,0
2.1133,1.72308,0
4.21957,-0.7756,0
1.95298,1.82439,0
4.32091,-0.64618,0
4.33006,-0.60697,0
4.19744,-0.79726,0
4.18453,-0.82006,0
2.15232,1.66389,0
2.22807,1.60032,0
4.51676,-0.37163,0
1.75958,1.9719,0
4.34547,-0.58238,0
4.2201,-0.76857,0
2.11004,1.71047,0
4.54436,-0.34028,0
2.1277,1.68028,0
1.75806,2.02243,0
4.30107,-0.64288,0
2.09705,1.71598,0
1.95744,1.84955,0
4.51164,-0.39147,0
1.7674,2.01379,0
4.58119,-0.31461,0
4.24948,-0.70532,0
1.50923,2.21161,0
3.04795,-2.22991,0
1.69064,2.04677,0
1.63627,2.10836,0
2.0193,1.77172,0
4.20859,-0.76592,0
1.6914,2.02868,0
1.68014,2.05235,0
1.68548,2.06887,0
4.43517,-0.50129,0
1.49983,2.21145,0
4.3632,-0.60133,0
2.10436,1.74141,0
4.12532,-0.86821,0
4.2206,-0.75773,0
1.84943,1.94713,0
4.43269,-0.4731,0
4.51198,-0.38665,0
1.71898,2.03106,0
4.54656,-0.3494,0
1.65493,2.06445,0
1.74227,1.99385,0
4.26559,-0.72076,0
4.00995,-1.03732,0
1.61662,2.11003,0
2.23756,1.60295,0
1.8516,1.9037,0
1.63202,2.10321,0
4.37382,-0.5744,0
4.41368,-0.51101,0
4.20724,-0.7871,0
4.43632,-0.48764,0
1.53423,2.15203,0
1.51357,2.18638,0
1.96982,1.83228,0
2.23324,1.59538,0
1.61105,2.12956,0
1.51715,2.16883,0
4.03352,-1.00863,0
4.09808,-0.91665,0
4.35145,-0.56588,0
1.81683,1.96053,0
4.48041,-0.45947,0
4.44249,-0.46065,0
1.74581,2.01906,0
4.44242,-0.45345,0
1.89223,1.90553,0
4.11811,-0.88664,0
1.5293,2.15835,0
1.66398,2.08662,0
4.10787,-0.9011,0
4.25509,-0.73203,0
4.60346,-0.29821,0
4.1371,-0.85639,0
2.2226,1.61373,0
2.00278,1.7919,0
2.16417,1.66063,0
1.6874,2.07339,0
1.51193,2.18783,0
1.81876,1.95544,0
2.20392,1.62006,0
1.61698,2.10099,0
4.44733,-0.4517,0
2.09018,1.73941,0
1.97187,1.84108,0
2.22488,1.62793,0
4.48214,-0.41452,0
1.77048,1.99644,0
3.04571,-2.22321,0
4.31203,-0.66569,0
4.43124,-0.46823,0
4.02971,-1.01725,0
4.4046,-0.52803,0
4.55221,-0.34243,0
2.01854,1.76997,0
4.49728,-0.42834,0
4.52424,-0.38129,0
4.5105,-0.37138,0
1.59789,2.10296,0
1.55057,2.18412,0
4.17277,-0.8363,0
1.82811,1.95444,0
1.68,2.06716,0
4.42074,-0.50874,0
2.09289,1.7404,0
4.48225,-0.43701,0
1.54302,2.17313,0
4.58387,-0.29141,0
2.05429,1.77467,0
1.91599,1.89307,0
2.14328,1.6908,0
4.52135,-0.39285,0
4.38545,-0.55384,0
4.45293,-0.44465,0
2.23697,1.6169,0
1.71774,2.02265,0
4.31576,-0.65617,0
1.64337,2.10854,0
2.25026,1.61625,0
1.85968,1.91999,0
4.60331,-0.25562,0
4.60525,-0.26018,0
4.60271,-0.25208,0
4.58916,-0.26008,0
4.60063,-0.24909,0
2.79341,-2.05261,0
4.47321,-0.49264,0
2.09849,1.77459,0
2.69544,-1.97475,0
4.33117,-0.66315,0
2.02358,1.81041,0
4.2403,-0.76245,0
1.72683,2.08776,0
4.36991,-0.61213,0
2.97583,-2.22031,0
4.34324,-0.63115,0
1.96267,1.89282,0
4.3571,-0.61959,0
4.3239,-0.66345,0
4.09044,-0.95414,0
4.05828,-0.98942,0
1.61198,2.16481,0
2.70421,-1.98812,0
2.55354,-1.86196,0
1.61282,2.15257,0
4.04473,-0.99968,0
2.91259,-2.15851,0
1.7755,2.02245,0
2.12098,1.73847,0
4.49262,-0.45912,0
2.14139,1.71527,0
4.58766,-0.34259,0
2.00103,1.8602,0
1.54567,2.2191,0
2.0198,1.82351,0
4.34517,-0.63505,0
1.56196,2.22393,0
4.08841,-0.94935,0
2.99328,-2.22985,0
1.62631,2.16565,0
2.9,-2.14163,0
2.13751,1.71603,0
4.60842,-0.33501,0
4.57983,-0.3634,0
1.67904,2.12297,0
1.87066,1.95536,0
1.55353,2.23174,0
2.18429,1.695,0
2.86277,-2.10674,0
1.61014,2.18439,0
2.94298,-2.18823,0
1.78368,2.02734,0
2.24157,1.65052,0
1.69149,2.094,0
1.80344,1.99229,0
2.04109,1.80143,0
4.37581,-0.60772,0
1.84842,1.9645,0
1.60695,2.1817,0
2.16704,1.71278,0
1.83905,1.98589,0
4.43748,-0.51991,0
2.76253,-2.02344,0
4.39908,-0.58394,0
4.52137,-0.43809,0
1.67097,2.13504,0
2.18876,1.6868,0
2.86821,-2.11278,0
4.48074,-0.46432,0
1.88753,1.92865,0
4.46486,-0.50432,0
2.82583,-2.09183,0
1.58539,2.20419,0
4.5914,-0.32723,0
4.45193,-0.50962,0
2.18775,1.68096,0
2.43863,-1.76604,0
2.64635,-1.94008,0
4.37889,-0.59411,0
2.1608,1.71108,0
4.52991,-0.42954,0
2.9721,-2.20786,0
1.89185,1.93952,0
2.93723,-2.17919,0
4.46064,-0.5127,0
2.77426,-2.04672,0
4.43776,-0.53557,0
4.21693,-0.79373,0
2.12516,1.73138,0
1.70186,2.07009,0
1.85229,1.95187,0
4.37508,-0.6023,0
1.86424,1.95103,0
2.93285,-2.17721,0
1.64984,2.13754,0
4.59515,-0.34801,0
2.97378,-2.19538,0
2.15818,1.70806,0
2.82557,-2.08089,0
1.58361,2.17979,0
1.77205,2.03406,0
1.58377,2.17136,0
4.45563,-0.4949,0
2.12287,1.74161,0
1.71931,2.07765,0
2.69994,-1.97278,0
4.22472,-0.78028,0
4.34331,-0.64612,0
3.00345,-2.22412,0
2.25849,1.62783,0
2.96571,-2.1996,0
2.01489,1.84176,0
4.52228,-0.42973,0
1.98733,1.84889,0
1.63592,2.13649,0
1.64157,2.11909,0
4.59155,-0.35497,0
2.21952,1.65392,0
1.60434,2.17672,0
1.80505,2.0051,0
2.69153,-1.96695,0
1.91215,1.92894,0
2.24918,1.63178,0
1.58887,2.1806,0
2.79764,-2.0598,0
2.88389,-2.136,0
4.46499,-0.48594,0
4.35247,-0.63125,0
1.57563,2.20939,0
1.60319,2.17913,0
2.21908,1.66193,0
1.83939,1.96071,0
2.20017,1.67056,0
4.42133,-0.53631,0
2.98344,-2.20566,0
1.91952,1.89678,0
2.11293,1.73836,0
4.44,-0.51875,0
4.40728,-0.55659,0
2.03728,1.81559,0
2.03681,1.79763,0
1.90726,1.90646,0
4.24867,-0.75566,0
2.9871,-2.22075,0
1.9849,1.85681,0
1.88197,1.95401,0
4.42461,-0.55229,0
3.08906,-2.21481,0
4.61634,-0.23368,0
4.61231,-0.27028,0
4.61675,-0.26662,0
4.59941,-0.31358,0
1.51017,2.22354,0
1.52626,2.21369,0
4.6015,-0.3141,0
1.53945,2.23354,0
1.60512,2.21455,0
4.40974,-0.58112,0
1.81905,2.03087,0
1.75295,2.07452,0
4.19298,-0.83917,0
2.83759,-2.11046,0
4.56215,-0.3966,0
2.58149,-1.89438,0
1.65521,2.16072,0
1.95269,1.91936,0
2.22466,1.68671,0
2.82952,-2.10021,0
4.55617,-0.40184,0
2.1166,1.76876,0
2.25998,1.65649,0
1.82944,2.00789,0
4.43461,-0.55185,0
4.52707,-0.44166,0
2.21236,1.69495,0
1.90036,1.95273,0
2.49225,-1.81614,0
2.08379,1.80014,0
1.76152,2.07957,0
4.36929,-0.62433,0
4.15044,-0.88332,0
1.87632,1.9725,0
1.73919,2.10017,0
4.14823,-0.88805,0
4.55629,-0.41174,0
2.22472,1.67588,0
1.74298,2.07983,0
1.63142,2.17999,0
2.75565,-2.04232,0
2.17611,1.72565,0
4.29588,-0.71007,0
2.57663,-1.88645,0
4.09463,-0.95401,0
1.76329,2.06892,0
1.90396,1.95028,0
1.62478,2.19095,0
1.94682,1.91058,0
1.57096,2.24292,0
2.86072,-2.13279,0
4.40317,-0.58637,0
1.62702,2.19271,0
2.82017,-2.0915,0
2.8954,-2.15399,0
1.62849,2.19333,0
2.18913,1.70362,0
4.59595,-0.36379,0
2.68833,-1.98496,0
1.83098,2.00556,0
4.27104,-0.74676,0
4.44428,-0.53726,0
4.49113,-0.48178,0
2.83615,-2.10771,0
4.06818,-0.98123,0
1.85826,1.99025,0
1.59085,2.22415,0
1.57698,2.22648,0
2.8375,-2.11151,0
2.27823,1.63349,0
2.2509,1.65227,0
4.61759,-0.28538,0
4.61866,-0.31146,0
4.61558,-0.31531,0
1.90313,1.99592,0
1.6839,2.18714,0
1.86739,1.99404,0
4.43432,-0.56451,0
2.9419,-2.20598,0
2.36488,-1.7221,0
4.27577,-0.74345,0
2.71427,-2.04548,0
2.78664,-2.11133,0
1.64104,2.19872,0
1.8593,2.00827,0
2.24975,-1.63436,0
1.93385,1.93613,0
2.24404,1.70206,0
2.86777,-2.15548,0
1.92479,1.96661,0
1.78668,2.06847,0
2.18611,1.72775,0
2.34234,-1.7201,0
2.24907,1.68421,0
2.82305,-2.11511,0
2.44736,-1.80721,0
2.21073,1.70251,0
2.82496,-2.13991,0
2.29098,1.64065,0
1.7161,2.1369,0
2.69069,-2.00448,0
2.0265,1.87256,0
1.78829,2.07579,0
2.53011,-1.88656,0
2.41364,-1.77282,0
4.26807,-0.77064,0
1.73086,2.15235,0
2.13485,1.78355,0
2.91241,-2.20225,0
1.70827,2.12972,0
1.63819,2.22021,0
1.81238,2.05853,0
2.55631,-1.89146,0
2.30164,1.6382,0
2.93113,-2.20197,0
2.21878,1.71823,0
1.61178,2.21352,0
2.88212,-2.19577,0
2.4857,-1.83633,0
2.88343,-2.1579,0
4.41961,-0.60598,0
2.55245,-1.89072,0
1.62613,2.20295,0
2.93179,-2.23087,0
4.31448,-0.70417,0
2.9625,-2.23477,0
2.12686,1.79373,0
2.45455,-1.81323,0
1.72227,2.11854,0
1.78366,2.09783,0
4.12048,-0.93901,0
4.47488,-0.51958,0
4.45652,-0.55019,0
4.30077,-0.73342,0
1.8699,1.99577,0
2.36351,-1.71078,0
2.27549,1.64736,0
2.24335,1.70079,0
2.65091,-1.9863,0
2.60938,-1.91981,0
4.40201,-0.61458,0
1.86806,2.02124,0
2.8533,-2.14896,0
1.97357,1.90212,0
4.48471,-0.51571,0
4.49278,-0.49797,0
2.05905,1.83707,0
4.36781,-0.64441,0
1.83683,2.0209,0
4.43252,-0.56094,0
2.86799,-2.15929,0
2.30964,1.64338,0
2.66186,-1.99308,0
4.42702,-0.58938,0
4.29756,-0.72912,0
1.68068,2.169,0
2.58177,-1.91245,0
2.57451,-1.90967,0
2.78261,-2.08401,0
4.55085,-0.45755,0
4.10834,-0.94414,0
2.84915,-2.13535,0
1.60151,2.23415,0
1.81081,2.05269,0
2.89811,-2.20185,0
2.89862,-2.18039,0
2.00297,1.90046,0
2.39901,-1.76218,0
1.62743,2.20304,0
2.25788,1.67421,0
2.61192,-1.93215,0
4.37975,-0.64593,0
1.6309,2.20138,0
4.46127,-0.53157,0
4.07843,-0.9798,0
4.28529,-0.73097,0
2.03943,1.88418,0
2.49283,-1.84833,0
4.47882,-0.50393,0
2.06594,1.84626,0
2.76126,-2.09031,0
4.49153,-0.51339,0
4.59982,-0.39689,0
1.68138,2.16415,0
4.12735,-0.92051,0
2.29901,1.64093,0
1.97253,1.93833,0
2.23094,1.7089,0
1.968,1.94105,0
1.73768,2.13984,0
1.8781,1.99348,0
4.50083,-0.5075,0
2.75684,-2.05436,0
4.17912,-0.86374,0
2.64176,-1.96294,0
2.60184,-1.93564,0
4.29297,-0.74934,0
4.05539,-1.01669,0
2.4278,-1.77547,0
4.5706,-0.42892,0
2.91628,-2.20824,0
4.29433,-0.73293,0
1.62824,2.19928,0
2.23682,1.70237,0
2.10748,1.79112,0
4.33877,-0.67424,0
1.94692,1.95546,0
4.25339,-0.78901,0
2.18356,1.72717,0
1.72509,2.15679,0
2.406,-1.75085,0
2.912,-2.20377,0
2.443,-1.79656,0
4.17727,-0.86634,0
2.15882,1.76423,0
4.55365,-0.44949,0
4.48784,-0.49821,0
1.60775,2.24432,0
4.43956,-0.56577,0
4.45119,-0.54599,0
4.39832,-0.62314,0
2.30391,-1.68188,0
4.36499,-0.64822,0
2.55795,-1.87814,0
2.51748,-1.87037,0
1.83445,2.04125,0
2.39212,-1.75628,0
1.93318,1.9478,0
4.5247,-0.45886,0
1.87,2.00569,0
1.99835,1.89022,0
2.38804,-1.74282,0
2.57341,-1.89479,0
2.33452,-1.68911,0
1.99816,1.89497,0
1.78578,2.10391,0
4.53374,-0.44184,0
2.44332,-1.77968,0
2.92013,-2.19726,0
2.60884,-1.9376,0
4.54558,-0.44392,0
4.02644,-1.03717,0
2.33957,-1.70478,0
4.47957,-0.52793,0
2.20036,1.73662,0
2.76713,-2.06644,0
4.072,-0.99389,0
1.96239,1.92912,0
2.14402,1.75717,0
2.84064,-2.15371,0
2.03469,1.85724,0
1.89576,1.98296,0
1.62279,2.2326,0
4.46978,-0.52247,0
1.74191,2.13255,0
4.08835,-0.96997,0
1.7279,2.1453,0
2.0241,1.86075,0
1.87419,2.00216,0
4.55377,-0.48911,0
2.6199,-1.9982,0
1.67767,2.23879,0
4.51011,-0.5122,0
2.34347,1.64258,0
2.44578,-1.8461,0
2.16793,1.78597,0
1.70801,2.21449,0
4.06902,-1.00677,0
2.19063,1.76519,0
2.60366,-1.95936,0
2.20415,1.74715,0
1.84481,2.08498,0
2.19793,-1.61284,0
1.76203,2.13166,0
2.85459,-2.22486,0
2.32448,1.65578,0
1.85399,2.08572,0
2.79053,-2.13245,0
1.71051,2.19115,0
4.35847,-0.67689,0
4.28202,-0.7723,0
4.48909,-0.55084,0
1.77647,2.13122,0
4.29133,-0.76636,0
2.2319,1.72823,0
2.73845,-2.09484,0
2.4106,-1.79516,0
2.22916,-1.63376,0
2.56085,-1.93223,0
2.22611,-1.63172,0
1.6526,2.24108,0
2.77752,-2.13272,0
1.65764,2.23705,0
2.66541,-2.03387,0
2.88881,-2.25262,0
4.43613,-0.5957,0
2.8507,-2.20193,0
2.2136,1.75435,0
2.57873,-1.95819,0
2.33556,1.64833,0
2.57481,-1.95871,0
4.56441,-0.44405,0
2.14939,1.79567,0
2.56892,-1.96305,0
2.86815,-2.20282,0
1.93483,1.98311,0
4.10326,-0.97865,0
2.01105,1.94096,0
2.11535,1.8503,0
2.71647,-2.06938,0
1.65143,2.25643,0
2.55279,-1.91603,0
2.19371,1.75021,0
2.30288,1.65382,0
2.54164,-1.92213,0
2.83894,-2.17844,0
2.59756,-1.98486,0
2.5458,-1.92925,0
2.02353,1.91105,0
1.82023,2.12024,0
2.92545,-2.24451,0
2.35963,-1.743,0
2.5477,-1.93258,0
4.58202,-0.44946,0
2.08331,1.8577,0
1.69243,2.20984,0
2.84863,-2.19478,0
4.2983,-0.75191,0
2.22859,-1.63781,0
2.22302,-1.62847,0
2.76233,-2.09958,0
2.43425,-1.81049,0
4.2262,-0.84301,0
2.46858,-1.8391,0
1.67247,2.21324,0
2.74909,-2.08858,0
1.86295,2.07131,0
1.976,1.96675,0
2.04087,1.89161,0
2.06645,1.86547,0
4.21729,-0.83922,0
2.51726,-1.90076,0
2.59471,-1.95462,0
2.34587,-1.73284,0
2.1735,1.77107,0
2.33443,1.65506,0
2.05543,1.88374,0
2.59311,-1.9748,0
4.07354,-0.99909,0
1.97887,1.94263,0
2.57534,-1.94296,0
2.8471,-2.20424,0
4.41573,-0.63371,0
2.52061,-1.89651,0
2.23048,-1.64083,0
1.7593,2.13601,0
2.3333,-1.74259,0
1.84208,2.09342,0
2.80254,-2.16188,0
4.38669,-0.6501,0
1.69861,2.204,0
2.07052,1.86869,0
2.72068,-2.06298,0
2.57785,-1.93636,0
2.13483,1.8141,0
2.32174,-1.72143,0
2.56952,-1.96196,0
4.0909,-0.98853,0
1.97408,1.98864,0
2.35025,-1.73851,0
2.26764,1.70337,0
2.79619,-2.12591,0
2.87649,-2.23886,0
2.11083,1.83044,0
2.01549,1.90736,0
1.91376,2.02748,0
2.20738,-1.62426,0
2.24553,-1.64589,0
2.50262,-1.90094,0
1.77711,2.13745,0
4.55714,-0.46018,0
2.22472,-1.62505,0
2.90082,-2.23368,0
2.84396,-2.20289,0
1.94836,1.99473,0
2.6643,-2.04694,0
2.23054,-1.64672,0
1.77569,2.12714,0
2.80481,-2.13471,0
1.82855,2.12062,0
2.44372,-1.81409,0
2.30664,-1.71554,0
4.42889,-0.60327,0
2.06233,1.89216,0
4.58119,-0.44588,0
2.35213,-1.74238,0
2.85469,-2.2138,0
2.90723,-2.23866,0
1.72014,2.21988,0
1.72866,2.20624,0
1.88162,2.04269,0
2.37299,-1.77215,0
2.67597,-2.0351,0
4.53796,-0.49719,0
1.96522,1.97619,0
4.36941,-0.68662,0
2.08835,1.87959,0
2.908,-2.26504,0
2.90002,-2.22505,0
4.03627,-1.04025,0
2.69449,-2.03696,0
2.33236,-1.73221,0
1.99879,1.93491,0
2.41323,-1.79962,0
2.02576,1.9322,0
2.60096,-1.96065,0
2.80529,-2.1774,0
2.28628,-1.6943,0
2.2089,-1.62174,0
1.85702,2.06001,0
1.6522,2.231,0
2.02542,1.9244,0
4.34675,-0.69942,0
2.68841,-2.03535,0
1.72234,2.19395,0
2.77251,-2.13704,0
2.3807,-1.75822,0
2.87919,-2.20969,0
4.12902,-0.95085,0
2.72957,-2.10986,0
4.58762,-0.45286,0
2.3033,1.66642,0
3.99649,-1.09152,0
2.26565,1.69321,0
1.98933,1.94042,0
1.7395,2.19892,0
2.32036,1.66511,0
1.81718,2.13052,0
2.19987,1.76673,0
2.5479,-1.92393,0
2.59187,-1.95631,0
2.65865,-2.01441,0
2.28664,-1.68512,0
2.04217,1.90754,0
2.65859,-2.03748,0
2.45289,-1.85369,0
2.88716,-2.22108,0
2.86461,-2.21633,0
2.3149,-1.70648,0
1.86071,2.06807,0
1.63789,2.24856,0
2.92937,-2.26038,0
2.16622,1.8122,0
1.70332,2.24501,0
2.34135,1.65484,0
1.98912,1.98374,0
4.55244,-0.49728,0
4.50903,-0.54668,0
1.76854,2.18718,0
2.64989,-2.04192,0
4.17577,-0.90248,0
4.33729,-0.72815,0
1.73459,2.22054,0
4.21691,-0.86336,0
2.38287,-1.792,0
1.90944,2.05219,0
4.50523,-0.55434,0
2.21993,1.7638,0
4.19443,-0.88628,0
2.31256,1.68177,0
4.50873,-0.54687,0
1.87561,2.0882,0
2.62631,-2.02146,0
2.4159,-1.82471,0
4.22976,-0.84504,0
2.19468,1.79206,0
2.62355,-2.01674,0
1.8691,2.087,0
4.04657,-1.04314,0
2.07149,1.9085,0
2.70621,-2.09047,0
4.49753,-0.55375,0
2.51868,-1.92136,0
2.87392,-2.24812,0
2.09943,1.87402,0
4.50833,-0.54495,0
4.05249,-1.0369,0
2.13851,1.84459,0
1.81074,2.1443,0
1.90893,2.05632,0
4.40481,-0.65906,0
1.90836,2.06059,0
2.09073,1.88919,0
2.21759,1.7737,0
4.46143,-0.59399,0
1.81849,2.14267,0
2.14458,1.83855,0
4.23719,-0.84056,0
1.85074,2.11496,0
1.92339,2.04002,0
4.5198,-0.53231,0
1.88801,2.07944,0
2.3902,-1.80228,0
1.83271,2.13765,0
4.35643,-0.71597,0
2.30248,-1.72959,0
2.49536,-1.91605,0
2.82437,-2.21079,0
2.05512,1.92759,0
2.57374,-1.99104,0
4.51298,-0.55512,0
1.94436,2.04453,0
2.83162,-2.23669,0
2.56809,-1.97214,0
2.00994,1.97256,0
4.24711,-0.84049,0
2.36979,-1.80038,0
1.81351,2.16649,0
2.23048,1.77077,0
2.77653,-2.16899,0
1.81267,2.17007,0
2.00734,1.98005,0
1.89097,2.08149,0
2.6277,-2.0443,0
2.65984,-2.05593,0
2.79926,-2.1848,0
2.59208,-2.00146,0
1.87976,2.09335,0
4.33339,-0.74311,0
2.71648,-2.11057,0
1.80908,2.17451,0
2.47286,-1.89662,0
4.53068,-0.53334,0
2.24266,1.76164,0
2.71226,-2.11855,0
4.04682,-1.04979,0
2.40377,-1.83009,0
2.36747,-1.78741,0
2.84466,-2.24136,0
1.95301,2.03315,0
2.16409,1.82362,0
1.96979,2.02357,0
2.73502,-2.13834,0
4.32484,-0.75514,0
2.73841,-2.13222,0
2.86469,-2.26357,0
1.8294,2.1406,0
2.25049,1.75188,0
2.15749,1.83935,0
2.59226,-2.01002,0
2.63395,-2.03336,0
1.85662,2.128,0
2.50095,-1.90826,0
2.15617,-1.59479,0
2.32783,1.6821,0
4.38958,-0.6811,0
2.21193,1.78868,0
4.5437,-0.51944,0
2.7127,-2.1125,0
4.59433,-0.47353,0
2.56386,-1.97018,0
1.8882,2.08479,0
1.70643,2.26386,0
4.01069,-1.08765,0
2.88339,-2.27552,0
1.89966,2.09045,0
2.40042,-1.82366,0
4.49748,-0.57214,0
2.44183,-1.8526,0
2.65134,-2.04881,0
1.97731,2.00543,0
1.88639,2.08536,0
2.02033,1.97291,0
2.22076,1.7775,0
1.73059,2.2303,0
4.2485,-0.83843,0
4.39495,-0.67907,0
2.88262,-2.26747,0
4.38028,-0.6981,0
2.51073,-1.933,0
2.24136,1.75968,0
4.29305,-0.78571,0
4.32658,-0.74957,0
2.02423,1.96873,0
2.16314,1.8267,0
2.80228,-2.1876,0
1.72728,2.25345,0
2.10731,1.89063,0
2.82739,-2.21778,0
2.74969,-2.14141,0
2.75184,-2.15051,0
1.96338,2.0189,0
1.73795,2.2288,0
4.18429,-0.90568,0
2.18503,1.81934,0
2.67268,-2.07015,0
2.12275,1.87155,0
2.79088,-2.17697,0
2.52205,-1.94222,0
2.94543,-2.26265,0
4.60557,-0.40979,0
4.60165,-0.36961,0
2.89192,-2.27151,0
2.88981,-2.28055,0
4.56566,-0.52293,0
4.03696,-1.07391,0
2.14242,-1.59714,0
2.84786,-2.25618,0
2.80915,-2.22817,0
2.61395,-2.05421,0
2.34974,1.68232,0
2.83138,-2.2413,0
4.40003,-0.69876,0
1.97873,2.03697,0
4.14984,-0.9588,0
2.1361,-1.59322,0
2.68864,-2.10677,0
2.35596,1.67388,0
1.73504,2.24794,0
2.67273,-2.09274,0
4.47392,-0.60364,0
1.90709,2.09573,0
2.6992,-2.12489,0
2.51725,-1.94178,0
4.56264,-0.52859,0
1.7331,2.27061,0
1.73752,2.25312,0
2.28234,-1.72886,0
1.94886,2.07307,0
1.95995,2.06396,0
1.99132,2.01741,0
1.8799,2.13326,0
1.99702,2.01752,0
2.32833,1.69388,0
2.43838,-1.87647,0
2.69215,-2.1134,0
2.81549,-2.23252,0
4.20805,-0.88742,0
2.15212,-1.5977,0
2.42926,-1.85738,0
2.10431,1.92075,0
4.54351,-0.55476,0
1.73792,2.26875,0
2.24128,1.77332,0
4.42457,-0.67369,0
2.54232,-1.98085,0
2.52743,-1.97725,0
2.02603,1.97236,0
2.81962,-2.23707,0
2.54797,-1.98907,0
4.28352,-0.80972,0
2.27972,-1.71902,0
4.39672,-0.69585,0
2.45162,-1.88484,0
1.85618,2.14329,0
4.28411,-0.8063,0
1.72856,2.25394,0
1.98192,2.01363,0
2.37614,-1.82724,0
4.41387,-0.68495,0
4.40186,-0.70042,0
1.92888,2.06728,0
1.97468,2.02562,0
1.75709,2.25673,0
2.02231,1.98176,0
2.23452,1.7852,0
2.61303,-2.04194,0
2.25869,-1.70301,0
2.3451,-1.78851,0
1.89013,2.12003,0
2.26071,-1.69933,0
1.99569,2.02541,0
1.78583,2.22668,0
2.6478,-2.09297,0
1.77158,2.2323,0
2.82821,-2.26354,0
1.78541,2.22912,0
1.97909,2.03042,0
2.04291,1.9759,0
2.30493,-1.74079,0
2.16456,1.86063,0
4.28723,-0.81195,0
2.12021,1.88903,0
2.29716,1.71815,0
1.78202,2.21151,0
2.01362,2.00148,0
4.48599,-0.6086,0
1.83594,2.16931,0
2.16686,-1.60865,0
4.37674,-0.72121,0
4.1504,-0.95394,0
2.31336,1.71356,0
1.88798,2.11318,0
4.48693,-0.5964,0
1.84956,2.15423,0
2.36119,-1.813,0
2.2748,-1.71556,0
1.72204,2.26867,0
1.89175,2.1259,0
4.26397,-0.8403,0
1.80271,2.20761,0
2.68407,-2.1112,0
2.2825,-1.73297,0
2.82416,-2.25407,0
2.82755,-2.26132,0
2.14593,1.86146,0
2.79484,-2.20799,0
2.49948,-1.93561,0
2.36984,-1.82192,0
2.36709,1.65361,0
2.22859,-1.67515,0
1.92185,2.08742,0
2.39791,-1.83801,0
4.36698,-0.71822,0
4.15212,-0.94881,0
4.06309,-1.04223,0
2.15651,-1.60842,0
2.11156,1.89096,0
2.54136,-1.97506,0
2.81471,-2.23372,0
4.40348,-0.69364,0
4.41295,-0.67362,0
2.82349,-2.24483,0
2.1971,-1.65462,0
1.72561,2.26792,0
2.64553,-2.06593,0
3.99677,-1.11237,0
2.56513,-1.99579,0
2.12064,-1.58096,0
2.31223,-1.75571,0
4.40071,-0.69135,0
2.07174,1.95055,0
1.79135,2.20111,0
2.84779,-2.27622,0
2.36038,1.65832,0
2.02171,2.00593,0
2.69211,-2.14203,0
1.83832,2.18526,0
2.39529,-1.84991,0
1.86691,2.16241,0
1.95593,2.07337,0
1.95724,2.07049,0
2.4185,-1.8714,0
2.46567,-1.92455,0
2.66379,-2.11871,0
2.81548,-2.26178,0
4.56398,-0.53843,0
4.52159,-0.57968,0
2.46269,-1.92128,0
2.18022,1.85422,0
2.75363,-2.20394,0
2.18185,-1.6414,0
2.65252,-2.10356,0
2.58223,-2.03547,0
2.04763,1.98345,0
1.74554,2.27497,0
1.85123,2.17117,0
2.47693,-1.92951,0
2.60928,-2.06571,0
2.67759,-2.12614,0
2.76063,-2.20777,0
2.07345,1.95799,0
2.3327,1.70592,0
2.6662,-2.11594,0
2.80353,-2.24845,0
2.20779,1.82879,0
4.42332,-0.68811,0
1.88417,2.15115,0
2.23787,1.80056,0
1.88904,2.14561,0
1.75202,2.28126,0
4.18131,-0.93402,0
2.11145,1.92764,0
4.52039,-0.58962,0
2.07316,1.9686,0
1.85758,2.17842,0
4.29881,-0.81563,0
4.38676,-0.72553,0
4.38744,-0.72591,0
1.79275,2.23802,0
1.76233,2.27041,0
4.37847,-0.73197,0
4.3732,-0.73757,0
2.02833,2.01281,0
2.17902,1.85761,0
4.42942,-0.68034,0
4.53146,-0.57858,0
4.61576,-0.39028,0
4.62047,-0.39731,0
2.95125,-2.26688,0
4.61703,-0.36499,0
4.60852,-0.47245,0
4.24712,-0.87311,0
4.1718,-0.94939,0
4.2082,-0.91318,0
4.12,-1.00288,0
4.49491,-0.61757,0
4.26599,-0.85363,0
4.15734,-0.96294,0
4.21353,-0.90654,0
4.43283,-0.68286,0
4.42189,-0.70563,0
2.38554,1.67013,0
4.53282,-0.59001,0
4.51107,-0.61165,0
4.54992,-0.57814,0
2.03512,2.01028,0
2.10938,1.94154,0
1.77555,2.27689,0
2.63192,-2.08931,0
4.27757,-0.85092,0
1.81622,2.22851,0
2.37043,1.69179,0
1.81433,2.23083,0
2.22714,1.82659,0
2.07988,1.97306,0
1.86324,2.18281,0
4.25201,-0.8753,0
2.13954,1.90491,0
4.30141,-0.81889,0
4.20901,-0.9146,0
2.36751,1.68254,0
4.40173,-0.72193,0
4.34756,-0.77102,0
2.15006,1.90414,0
2.11628,1.93002,0
2.2027,1.85542,0
4.58898,-0.53828,0
2.08039,1.96704,0
4.56251,-0.55464,0
1.91501,2.13449,0
1.88571,2.15635,0
1.86106,2.18198,0
1.84072,2.20561,0
1.92809,2.12681,0
2.20312,1.8495,0
1.93356,2.11315,0
4.0757,-1.05018,0
4.13294,-0.99397,0
4.40431,-0.71615,0
4.55083,-0.57689,0
2.16739,1.88336,0
1.83644,2.22209,0
4.54546,-0.56987,0
2.0851,1.95849,0
4.30575,-0.82126,0
1.9268,2.12859,0
2.01596,2.03377,0
4.27433,-0.85584,0
4.40276,-0.72315,0
1.79089,2.26608,0
1.91089,2.13003,0
1.95063,2.09842,0
4.36924,-0.74992,0
1.88364,2.16646,0
4.51531,-0.60073,0
4.5462,-0.56841,0
4.31322,-0.80974,0
4.47705,-0.64434,0
2.3889,1.66104,0
1.7572,2.28991,0
1.80167,2.25938,0
2.00124,2.06035,0
4.44145,-0.68859,0
4.24283,-0.888,0
4.58357,-0.54694,0
2.40005,1.66535,0
4.1885,-0.94275,0
2.03309,2.03207,0
1.82039,2.24314,0
2.2215,1.8454,0
4.55868,-0.57075,0
2.14603,1.91932,0
2.19842,1.88314,0
4.35171,-0.80865,0
4.33982,-0.7995,0
1.93786,2.16735,0
4.28022,-0.85936,0
2.58801,-2.08081,0
2.0754,2.00041,0
2.31505,-1.77868,0
4.54335,-0.5954,0
2.24619,-1.73725,0
4.23666,-0.90627,0
2.19217,-1.68293,0
2.02616,2.04102,0
2.32876,1.74736,0
2.77709,-2.24764,0
1.84298,2.25034,0
2.35238,-1.81511,0
2.39516,1.67429,0
2.33471,1.73805,0
2.14246,-1.61605,0
2.79326,-2.26501,0
2.74004,-2.25543,0
2.43185,-1.91431,0
2.25274,-1.73917,0
4.15373,-0.99328,0
2.23609,1.83304,0
2.46601,-1.93521,0
4.13654,-1.00054,0
4.28239,-0.85624,0
4.0065,-1.13377,0
2.11422,1.98178,0
2.35009,1.72821,0
1.9316,2.15909,0
2.23024,-1.70495,0
4.17664,-0.9623,0
2.31902,1.76263,0
2.15362,-1.62582,0
2.1807,-1.66193,0
2.192,1.87597,0
2.70865,-2.22573,0
2.71853,-2.20123,0
1.9144,2.18895,0
2.58022,-2.04987,0
4.40476,-0.73941,0
4.39282,-0.76985,0
1.83777,2.23412,0
2.69312,-2.17025,0
2.41569,-1.91833,0
2.10755,1.9872,0
4.52941,-0.61131,0
2.03842,2.05769,0
2.5275,-2.01016,0
2.33711,-1.80311,0
2.69032,-2.157,0
2.41897,1.68216,0
2.10134,-1.57697,0
4.20415,-0.93167,0
1.88945,2.21452,0
4.14695,-0.99928,0
1.84719,2.25443,0
2.66376,-2.1244,0
2.20716,1.89477,0
2.78821,-2.27435,0
4.46064,-0.70116,0
2.44939,-1.93241,0
2.45818,-1.94192,0
2.26908,-1.73601,0
2.4154,-1.90732,0
2.02298,2.0877,0
2.04778,2.04536,0
2.12017,1.96663,0
2.30019,1.77,0
2.25717,-1.73732,0
2.69695,-2.21134,0
4.44716,-0.68739,0
2.4024,-1.87595,0
2.39295,1.68804,0
2.64432,-2.13407,0
2.10474,-1.5726,0
2.4364,-1.91055,0
2.74669,-2.21565,0
2.79836,-2.286,0
4.01945,-1.12592,0
2.72652,-2.2366,0
2.29068,1.81848,0
2.0862,2.00805,0
4.37888,-0.77298,0
4.34415,-0.81511,0
4.4672,-0.66444,0
1.88043,2.24792,0
2.20809,-1.6999,0
2.55109,-2.01388,0
1.8856,2.23834,0
2.54108,-2.00921,0
2.0572,2.00896,0
1.86003,2.25768,0
2.46825,-1.92893,0
2.28831,1.78563,0
2.45662,-1.95368,0
4.22077,-0.93246,0
2.07196,1.99924,0
4.16243,-0.9847,0
2.26153,-1.73014,0
2.40301,-1.89789,0
1.91563,2.17384,0
2.29559,-1.77391,0
1.98386,2.13206,0
4.56296,-0.601,0
4.01916,-1.12199,0
2.76454,-2.22217,0
2.09302,2.01368,0
2.37753,-1.86708,0
4.52152,-0.64267,0
4.39904,-0.76643,0
2.29428,-1.78644,0
2.7366,-2.24841,0
2.49276,-1.99514,0
2.62916,-2.11529,0
2.25406,-1.72764,0
4.30897,-0.83347,0
4.08993,-1.04702,0
2.51919,-2.0247,0
4.36963,-0.78727,0
2.12759,-1.6153,0
2.57176,-2.03502,0
2.24289,1.85922,0
2.6735,-2.17724,0
2.56138,-2.05126,0
2.344,-1.81896,0
2.54524,-2.00455,0
1.99123,2.10793,0
4.57579,-0.59615,0
2.47167,-1.94121,0
4.52255,-0.61352,0
2.5636,-2.03616,0
2.34646,-1.8466,0
1.93201,2.14014,0
2.15725,1.94306,0
4.34258,-0.79137,0
2.32806,1.76165,0
2.43087,-1.9063,0
4.43433,-0.73232,0
2.66978,-2.14845,0
2.12938,-1.61392,0
2.33125,1.77168,0
2.7632,-2.27233,0
2.33147,1.75848,0
2.31553,1.76943,0
2.3377,1.75549,0
2.11198,-1.57963,0
2.07134,1.99992,0
2.60503,-2.11592,0
2.74042,-2.21885,0
2.72007,-2.22923,0
2.06903,2.01409,0
2.4016,1.68181,0
2.24336,1.82815,0
2.29099,-1.75784,0
4.3596,-0.79487,0
2.12407,1.94872,0
2.10487,-1.57784,0
2.62868,-2.09379,0
1.92429,2.20066,0
2.2024,1.91313,0
2.34783,1.76128,0
2.77806,-2.26672,0
2.63486,-2.11846,0
2.01729,2.05923,0
2.64427,-2.10481,0
1.90273,2.19691,0
1.93528,2.17691,0
2.46693,-1.96876,0
2.24544,1.8617,0
2.41536,-1.89537,0
2.51923,-2.0105,0
1.96398,2.12736,0
2.23292,-1.72902,0
2.02912,2.06766,0
2.67569,-2.1539,0
2.2255,1.8464,0
1.91829,2.20298,0
4.47939,-0.67584,0
2.02569,2.07639,0
2.02479,2.08435,0
2.196,-1.66943,0
2.09613,-1.58158,0
4.56986,-0.56917,0
2.10114,1.98472,0
4.53073,-0.61667,0
2.12974,1.96639,0
4.10108,-1.03632,0
4.56736,-0.60194,0
2.60849,-2.07012,0
2.59963,-2.06214,0
2.11282,-1.60324,0
2.24167,1.86353,0
2.23784,-1.71319,0
2.77353,-2.25472,0
2.27291,1.80238,0
1.82992,2.27869,0
4.54043,-0.62788,0
4.40451,-0.76105,0
4.03664,-1.10955,0
2.35787,-1.85867,0
4.41023,-0.72671,0
2.74603,-2.22452,0
2.03008,2.0738,0
2.69956,-2.1632,0
1.83041,2.27886,0
2.19628,1.87704,0
1.9124,2.17478,0
2.48335,-1.94723,0
2.79922,-2.26243,0
2.77923,-2.26337,0
2.26839,1.82452,0
1.96824,2.12619,0
4.52399,-0.60816,0
4.14792,-0.99764,0
1.85165,2.23707,0
2.3172,-1.78964,0
2.0448,2.05707,0
2.18825,-1.66486,0
2.74006,-2.21704,0
2.03612,2.04739,0
4.51939,-0.63673,0
2.20596,1.90116,0
4.51606,-0.63105,0
2.4834,-1.98437,0
1.86903,2.23186,0
4.05824,-1.07829,0
4.26062,-0.88414,0
4.48932,-0.64863,0
4.18953,-0.94401,0
2.11075,1.95989,0
2.39634,-1.86524,0
4.06512,-1.06959,0
2.02633,2.04251,0
2.77399,-2.29234,0
1.85559,2.23143,0
2.40294,1.70183,0
1.84587,2.23186,0
2.41498,-1.9044,0
2.33426,-1.82963,0
2.78176,-2.24271,0
2.6771,-2.17017,0
2.6093,-2.10069,0
1.81119,2.2594,0
2.57108,-2.035,0
2.2697,-1.75248,0
4.58833,-0.56133,0
1.7849,2.2815,0
1.79929,2.29839,0
4.59699,-0.55706,0
2.84528,-2.29751,0
4.59836,-0.54583,0
4.62286,-0.42831,0
2.92778,-2.27115,0
4.60436,-0.53857,0
4.134,-1.02582,0
4.05838,-1.10038,0
4.13019,-1.02521,0
2.83168,-2.29814,0
4.31847,-0.84465,0
4.00925,-1.14982,0
4.61204,-0.55343,0
4.164,-1.0028,0
4.37795,-0.78976,0
4.01185,-1.15015,0
4.07312,-1.08825,0
4.58467,-0.59163,0
4.04301,-1.12083,0
4.35055,-0.81843,0
4.14586,-1.02026,0
4.30519,-0.86197,0
4.61957,-0.54257,0
4.61898,-0.53679,0
2.91011,-2.28644,0
4.63726,-0.45076,0
4.63658,-0.4434,0
4.61861,-0.50301,0
4.64047,-0.49728,0
4.63648,-0.49545,0
2.90355,-2.29099,0
4.00735,-1.16048,0
3.98008,-1.19291,0
4.12129,-1.05106,0
4.15905,-1.01568,0
4.16388,-1.00505,0
3.98472,-1.19395,0
4.27191,-0.90356,0
4.52856,-0.64893,0
4.16829,-1.00767,0
4.52217,-0.65554,0
4.52798,-0.64959,0
4.26856,-0.90586,0
2.37479,1.73555,0
4.15044,-1.02455,0
4.29394,-0.89135,0
4.54397,-0.63762,0
4.60975,-0.58274,0
4.37656,-0.8071,0
2.13403,1.98638,0
4.37969,-0.80696,0
2.24492,1.87779,0
2.20248,1.9171,0
4.54916,-0.6367,0
2.14731,1.9721,0
2.19498,1.92975,0
2.86496,-2.29821,0
4.4125,-0.76856,0
2.38534,1.73449,0
4.25574,-0.92438,0
2.29445,1.82763,0
4.16021,-1.02334,0
4.43779,-0.74844,0
2.09771,2.0303,0
2.34897,1.7682,0
4.38727,-0.7958,0
2.05323,2.0763,0
2.36171,1.75054,0
1.92608,2.20431,0
2.26609,1.85985,0
2.37316,1.73849,0
4.10477,-1.07935,0
4.29764,-0.88215,0
4.03344,-1.14997,0
4.37147,-0.8121,0
2.26643,1.8533,0
2.34369,1.77741,0
2.8695,-2.30082,0
2.33399,1.7964,0
4.44305,-0.75228,0
4.60699,-0.59901,0
4.23526,-0.95761,0
4.07665,-1.11077,0
2.12344,2.01869,0
1.87382,2.27309,0
2.40659,1.72785,0
4.45463,-0.739,0
2.0329,2.10305,0
4.25053,-0.9391,0
2.04796,2.0857,0
4.25995,-0.92944,0
4.62778,-0.56885,0
4.43913,-0.75999,0
2.14164,1.9896,0
4.1102,-1.07936,0
1.87458,2.26882,0
1.87646,2.2762,0
2.15677,1.97255,0
2.07636,2.05605,0
1.97188,2.16768,0
1.89593,2.24819,0
4.05844,-1.129,0
2.23741,1.90448,0
2.11713,2.02469,0
2.11866,2.0123,0
4.30607,-0.88805,0
2.26554,1.8686,0
1.88281,2.25247,0
4.53277,-0.66946,0
2.43349,1.69475,0
4.56464,-0.63187,0
4.51002,-0.69202,0
4.30884,-0.88557,0
3.97342,-1.21243,0
4.41264,-0.78454,0
1.88402,2.26212,0
4.56771,-0.62939,0
2.85338,-2.30245,0
2.00933,2.14035,0
4.20861,-0.98958,0
4.2763,-0.92422,0
4.5587,-0.6506,0
4.49284,-0.71473,0
4.51929,-0.68715,0
4.21056,-0.98809,0
2.31158,1.82895,0
4.5467,-0.66642,0
1.94708,2.20557,0
2.00726,2.14642,0
4.53054,-0.68229,0
2.10785,2.0431,0
2.24666,1.89774,0
2.13533,2.01502,0
4.64055,-0.43852,0
2.95919,-2.27929,0
4.17833,-1.02775,0
2.01857,2.13884,0
4.0377,-1.16211,0
4.17499,-1.03049,0
2.34258,1.80087,0
2.43665,1.7059,0
2.07721,2.07756,0
1.93845,2.21992,0
2.41695,1.72386,0
2.21048,1.93806,0
2.36261,1.78368,0
3.98808,-1.21134,0
2.09187,2.06442,0
2.17032,1.98039,0
2.44478,1.69905,0
1.98826,2.1691,0
1.99953,2.15961,0
2.08535,2.06752,0
4.13303,-1.07066,0
2.34165,1.80289,0
2.29941,1.84723,0
4.63835,-0.55132,0
2.9206,-2.29442,0
3.06338,-2.23752,0
4.62984,-0.35725,0
4.65076,-0.3347,0
4.64264,-0.37268,0
4.64268,-0.38891,0
4.6655,-0.35418,0
4.64209,-0.34417,0
4.63617,-0.32653,0
4.64603,-0.34085,0
3.0513,-2.23862,0
3.08243,-2.23912,0
4.62019,-0.33786,0
3.0773,-2.24526,0
4.63979,-0.367,0
4.63336,-0.40305,0
3.09779,-2.21795,0
4.67788,-0.36758,0
3.019,-2.26393,0
4.66765,-0.42819,0
3.02049,-2.25847,0
4.6767,-0.42068,0
4.65904,-0.40516,0
4.66631,-0.40359,0
4.65871,-0.41146,0
4.65814,-0.42379,0
4.67297,-0.40851,0
4.66924,-0.42614,0
3.00209,-2.26077,0
2.97792,-2.28451,0
2.95271,-2.28728,0
4.6499,-0.53891,0
3.04439,-2.26671,0
4.68247,-0.4194,0
4.63707,-0.30937,0
3.09176,-2.24069,0
3.10367,-2.23626,0
3.10919,-2.22699,0
4.69552,-0.35337,0
4.62977,-0.30593,0
3.07533,-2.2555,0
4.68746,-0.40706,0
4.6883,-0.40661,0
4.69379,-0.39333,0
3.05459,-2.26838,0
3.01261,-2.27974,0
3.04401,-2.27812,0
4.06738,-1.13672,0
4.01197,-1.2006,0
3.97296,-1.24488,0
4.07732,-1.13411,0
2.98299,-2.2952,0
4.07324,-1.1422,0
4.05814,-1.15803,0
4.10978,-1.10207,0
4.09748,-1.11532,0
4.08474,-1.13189,0
4.02369,-1.19644,0
3.01241,-2.29015,0
4.69832,-0.4562,0
4.10236,-1.1173,0
4.01809,-1.20449,0
4.6999,-0.43067,0
4.7045,-0.41737,0
3.03349,-2.28751,0
4.09542,-1.12661,0
4.21463,-1.00178,0
4.14261,-1.09384,0
4.36656,-0.86361,0
4.2675,-0.95779,0
4.19435,-1.04028,0
4.37512,-0.84674,0
4.34194,-0.8802,0
2.95162,-2.29818,0
4.24145,-0.9842,0
4.51444,-0.70309,0
4.30675,-0.91717,0
4.21296,-1.01392,0
4.33623,-0.89581,0
4.22525,-1.00918,0
4.68086,-0.54624,0
4.65181,-0.5749,0
4.56318,-0.65984,0
4.12384,-1.10889,0
4.0869,-1.14517,0
4.19778,-1.03692,0
4.32535,-0.89113,0
4.21574,-1.01839,0
4.23815,-0.97644,0
4.33594,-0.88461,0
4.20302,-1.01287,0
4.64436,-0.58184,0
4.15643,-1.06718,0
4.34659,-0.87843,0
4.18874,-1.02858,0
4.03102,-1.20665,0
4.47815,-0.74918,0
3.96387,-1.26938,0
4.03364,-1.19894,0
4.4457,-0.78562,0
4.13126,-1.09633,0
4.0979,-1.13662,0
4.22273,-0.99459,0
4.42416,-0.79572,0
4.57646,-0.64825,0
4.13654,-1.09952,0
4.18468,-1.05327,0
4.00537,-1.23591,0
