"Points:0","Points:1","Points:2"
13.9574,2.26429,0
16.1528,1.29163,0
16.0988,1.18124,0
16.121,1.18016,0
16.1152,1.15981,0
13.9518,2.25087,0
16.1144,1.18288,0
16.1451,1.2524,0
16.1341,1.24309,0
13.8828,2.28219,0
16.1494,1.28822,0
16.1523,1.25289,0
16.1141,1.18274,0
16.1038,1.19464,0
16.1215,1.23208,0
13.9082,2.29029,0
16.1388,1.21873,0
16.1089,1.34641,0
15.8886,1.5488,0
15.9326,1.56593,0
15.9918,1.54924,0
15.9015,1.5456,0
15.9122,1.56313,0
15.2366,1.77877,0
15.1643,1.78111,0
15.8981,1.54699,0
15.4903,1.70741,0
15.9577,1.53665,0
13.6016,2.24823,0
15.8683,1.59854,0
15.4463,1.71563,0
15.9612,1.54017,0
15.2564,1.76542,0
15.8938,1.55277,0
15.3594,1.74769,0
15.3337,1.74681,0
13.5995,2.23067,0
15.2395,1.77324,0
15.9007,1.58496,0
15.9229,1.5548,0
15.1962,1.78512,0
15.8461,1.56703,0
15.851,1.5793,0
15.3837,1.74114,0
15.9558,1.53267,0
15.4228,1.72157,0
13.5834,2.16898,0
15.2687,1.77364,0
15.9225,1.56075,0
15.992,1.52521,0
15.3437,1.74669,0
15.9234,1.57393,0
15.1319,1.81097,0
15.1222,1.81855,0
13.3329,2.11882,0
15.3334,1.85644,0
15.5098,1.76445,0
15.406,1.74224,0
13.3522,2.06886,0
15.1705,1.83553,0
15.7236,1.71563,0
15.583,1.71009,0
13.2919,2.10481,0
15.527,1.80161,0
13.3544,2.08025,0
15.6325,1.75938,0
15.3111,1.84305,0
15.7433,1.69823,0
15.0801,1.86784,0
15.6429,1.79699,0
15.1346,1.87828,0
15.2655,1.78387,0
15.2909,1.77555,0
15.635,1.69933,0
13.3606,2.03501,0
15.6443,1.78741,0
15.5576,1.7437,0
15.2245,1.79226,0
15.4654,1.83084,0
15.7107,1.8017,0
13.3058,2.07671,0
13.3703,2.12675,0
15.1196,1.83435,0
15.6429,1.74204,0
15.5397,1.80288,0
15.202,1.81505,0
15.6591,1.75024,0
15.4971,1.74138,0
13.3331,2.03982,0
15.5371,1.82271,0
15.5509,1.79626,0
15.1646,1.85716,0
15.6239,1.75929,0
15.7069,1.75043,0
13.3094,2.02708,0
15.1555,1.85842,0
15.3272,1.82077,0
15.5216,1.80306,0
15.2759,1.83165,0
15.7077,1.66784,0
15.7177,1.73924,0
13.3636,2.06444,0
15.5973,1.70996,0
15.73,1.70213,0
15.5938,1.71016,0
15.3084,1.84298,0
15.1001,1.88646,0
15.1047,1.88371,0
15.3828,1.74307,0
15.1195,1.82842,0
15.4423,1.75921,0
15.6397,1.68295,0
15.434,1.79611,0
15.648,1.80099,0
15.163,1.87217,0
15.426,1.80507,0
15.194,1.86377,0
15.6769,1.79061,0
15.1144,1.87174,0
15.7377,1.70531,0
15.5541,1.7049,0
15.6025,1.75434,0
15.442,1.76425,0
15.3533,1.81493,0
15.3581,1.81321,0
15.68,1.68162,0
15.4922,1.77574,0
15.349,1.84856,0
15.7299,1.69795,0
15.2265,1.81891,0
15.6279,1.73543,0
15.4414,1.82214,0
15.6491,1.759,0
15.6309,1.78249,0
13.3494,2.00893,0
15.4213,1.73286,0
15.6544,1.66996,0
15.2256,1.85282,0
15.6975,1.69274,0
15.5384,1.7702,0
15.5148,1.71854,0
15.6945,1.66351,0
15.6003,1.70637,0
13.3709,2.09242,0
15.3221,1.8548,0
15.5123,1.77986,0
13.2888,2.07328,0
15.1997,1.82518,0
13.3206,2.06429,0
13.2995,2.04408,0
15.1542,1.83219,0
15.5948,1.71929,0
15.6966,1.78939,0
13.3094,2.13599,0
15.5047,1.76044,0
15.2836,1.8061,0
15.763,1.76973,0
15.4143,1.83789,0
15.4287,1.7392,0
15.2287,1.83893,0
13.3097,2.08866,0
15.6277,1.78117,0
15.4249,1.73707,0
13.4028,2.10081,0
15.6171,1.77355,0
15.6593,1.75759,0
15.4161,1.84559,0
15.7308,1.70629,0
15.3031,1.76754,0
15.5842,1.73664,0
15.7155,1.71572,0
13.365,2.06667,0
15.3829,1.76551,0
15.6712,1.76064,0
15.3567,1.77506,0
15.6746,1.73596,0
13.309,2.12065,0
15.2854,1.82031,0
15.3379,1.82703,0
15.4634,1.75145,0
15.4408,1.82631,0
15.5546,1.73055,0
15.4058,1.76476,0
15.5399,1.78196,0
15.5801,1.6973,0
15.534,1.79542,0
15.6521,1.75985,0
13.3425,2.13029,0
15.1166,1.87814,0
15.2963,1.78624,0
15.2207,1.85644,0
15.4659,1.73117,0
15.3724,1.84532,0
15.418,1.77952,0
15.3854,1.83835,0
15.6301,1.80584,0
15.7316,1.72608,0
15.4365,1.74425,0
13.3263,2.12049,0
13.3128,2.12773,0
15.1165,1.82993,0
15.5107,1.83296,0
15.1749,1.80832,0
15.2177,1.83141,0
13.3163,2.01427,0
15.1424,1.8543,0
15.5013,1.79296,0
15.2064,1.84214,0
13.331,2.08683,0
13.335,2.04628,0
15.4675,1.74109,0
15.7077,1.76634,0
15.2564,1.81426,0
15.7088,1.74724,0
15.4714,1.83159,0
15.7197,1.67744,0
13.3555,2.0708,0
15.4975,1.7513,0
15.2259,1.82313,0
15.4906,1.8218,0
15.6694,1.72766,0
15.5391,1.78007,0
15.598,1.78668,0
15.1684,1.84528,0
15.3886,1.77929,0
15.2141,1.79745,0
13.2907,2.12921,0
15.1595,1.92915,0
15.5023,1.90972,0
15.2344,1.93425,0
15.4593,1.89905,0
15.3384,-2.06101,0
15.6157,1.82884,0
15.0563,1.93153,0
13.1432,2.07179,0
13.2321,2.0443,0
15.6076,1.83729,0
15.5724,1.91364,0
15.54,1.9049,0
15.5147,1.87909,0
15.4637,1.86276,0
15.4164,1.86118,0
13.1455,1.93685,0
13.1876,1.97493,0
15.4988,1.86286,0
15.5514,1.86367,0
13.2503,2.04862,0
15.5844,1.87423,0
15.118,1.91346,0
15.0847,1.92414,0
13.2427,2.03674,0
15.5014,1.8431,0
13.1417,2.00755,0
15.624,1.82828,0
13.1472,1.96632,0
15.278,1.90572,0
15.2513,1.92235,0
15.4035,1.90086,0
15.4751,1.89755,0
15.6134,1.88928,0
15.3542,1.91094,0
13.2275,2.04188,0
15.336,1.92192,0
15.332,1.89692,0
13.2148,2.028,0
13.1459,2.02294,0
15.3451,1.867,0
15.3095,1.92926,0
15.561,1.90959,0
13.217,2.04564,0
15.4651,1.86873,0
15.5401,1.86713,0
15.3045,1.87461,0
15.3808,1.85495,0
15.4714,1.89505,0
15.5031,1.85057,0
15.1582,1.94358,0
15.0942,1.91622,0
15.1112,1.93708,0
13.2027,2.06582,0
15.5482,1.86933,0
13.2745,2.0465,0
15.5163,1.84702,0
13.2128,2.01093,0
15.2761,1.92558,0
15.0465,1.93621,0
15.3375,-2.05781,0
15.1744,1.93503,0
15.3374,1.92424,0
15.3503,1.92414,0
13.1769,2.04158,0
13.2457,2.06294,0
15.2483,1.89176,0
15.0241,1.93613,0
15.1096,1.93565,0
15.2754,1.9302,0
15.0428,1.92022,0
15.2616,1.89205,0
15.1146,1.92091,0
13.2228,1.98725,0
15.3777,1.87726,0
13.1766,1.99303,0
15.1748,1.8839,0
15.3725,1.92811,0
15.4252,1.91501,0
13.1881,2.03072,0
13.1812,2.01586,0
15.629,1.87444,0
13.1509,1.99576,0
15.5927,1.9151,0
15.5775,1.87312,0
15.5177,1.86139,0
15.1539,1.89259,0
15.5299,1.87793,0
15.2335,1.90105,0
13.1936,2.03913,0
13.1484,1.99324,0
15.3257,1.86481,0
15.338,1.92684,0
15.5282,1.87371,0
15.2828,1.88559,0
15.3758,1.88571,0
15.1372,1.92373,0
13.2072,2.00038,0
15.2573,1.93183,0
15.519,1.86581,0
15.2513,1.90756,0
13.139,2.04713,0
15.1335,1.9376,0
15.3963,1.92166,0
15.5937,1.86678,0
15.2731,1.90088,0
15.1455,1.9129,0
15.2881,1.87948,0
15.5445,1.91174,0
15.1478,1.90731,0
15.2168,1.91719,0
13.2024,1.98957,0
13.1309,1.88906,0
15.5247,1.85149,0
13.1756,2.06293,0
15.1282,2.00887,0
13.0916,1.92639,0
15.1557,2.03669,0
15.1171,2.04491,0
15.1154,2.01241,0
15.1063,1.96927,0
15.2238,2.00643,0
13.0114,1.91658,0
15.2434,2.08224,0
15.1897,2.05346,0
15.6063,-1.85794,0
15.1502,2.04844,0
15.1753,1.98966,0
15.0201,1.98779,0
12.9777,1.90683,0
15.0584,1.98688,0
15.1899,2.02776,0
14.9744,2.02864,0
15.0747,2.03747,0
12.98,1.92022,0
14.9662,2.04247,0
13.0283,1.92139,0
15.0276,2.01063,0
15.2368,1.99357,0
15.0145,2.02284,0
15.3645,1.93703,0
15.3074,2.04843,0
12.9848,1.91353,0
15.3569,1.94565,0
15.3492,2.0321,0
15.3097,2.07639,0
12.9304,1.80457,0
12.9006,1.79724,0
15.2682,1.93929,0
15.2241,1.99892,0
15.268,2.031,0
15.3309,1.93856,0
15.1469,2.04302,0
12.9945,1.87418,0
15.6104,-1.51722,0
15.1632,1.99781,0
15.1884,2.02803,0
15.3523,1.96177,0
15.1567,2.03651,0
15.2335,2.07298,0
13.0978,1.91349,0
12.8738,1.84358,0
15.3575,1.9766,0
15.3122,1.9864,0
13.046,1.87668,0
13.0679,1.87681,0
13.0349,1.89574,0
15.6128,-1.88029,0
15.2213,2.01445,0
15.6181,-1.54021,0
15.2743,1.94149,0
15.1613,1.97504,0
15.0285,1.97678,0
15.3429,2.07804,0
14.9869,2.05229,0
15.6139,-1.71013,0
15.1417,2.03286,0
15.3498,2.08188,0
15.0271,2.06815,0
15.6362,-1.77115,0
12.9239,1.78676,0
14.9805,2.00808,0
14.9434,2.04883,0
15.1806,2.02404,0
15.6197,-1.81079,0
15.1893,1.95579,0
12.9259,1.87386,0
12.8999,1.81009,0
15.1887,2.04423,0
15.3543,1.97926,0
15.1112,2.01856,0
12.9842,1.90611,0
15.3308,1.9732,0
15.2011,2.05283,0
15.3207,1.99151,0
15.3173,1.95262,0
15.6196,-1.4976,0
14.9495,2.02753,0
15.1097,1.96065,0
15.2549,2.04527,0
12.9496,1.86074,0
15.1289,2.07496,0
13.0389,1.89447,0
12.9736,1.9075,0
15.6318,-1.80036,0
12.924,1.81694,0
15.2765,2.00945,0
12.9467,1.80859,0
15.2751,2.08377,0
15.6219,-1.59325,0
15.2823,1.99947,0
15.0063,2.01474,0
15.1274,1.97671,0
15.0031,2.03047,0
15.3467,2.07221,0
13.0999,1.90455,0
13.0999,1.92546,0
12.9414,1.80843,0
15.0704,2.0645,0
12.9197,1.8629,0
15.0935,1.96987,0
13.01,1.87458,0
15.2804,2.0586,0
12.9922,1.87438,0
13.0494,1.87131,0
15.0866,2.01413,0
14.978,2.02149,0
13.0321,1.88516,0
15.2959,2.01802,0
15.1316,1.96845,0
15.6066,-1.72767,0
13.0183,1.88071,0
14.9741,1.98186,0
12.9285,1.80561,0
15.1147,2.00169,0
13.1051,1.91048,0
15.098,2.05092,0
15.6409,-1.83974,0
15.3589,2.08131,0
15.1407,2.05941,0
14.9516,2.03875,0
12.9985,1.87282,0
15.2244,1.96814,0
15.1966,2.02324,0
15.1308,1.95276,0
15.1225,1.96185,0
12.9572,1.82279,0
15.0702,2.02273,0
15.2022,1.98652,0
15.2398,2.02875,0
15.0839,1.98123,0
12.9847,1.88315,0
15.3676,1.97938,0
15.016,1.96843,0
15.6211,-1.55621,0
13.0243,1.8736,0
12.886,1.82009,0
15.2326,2.01882,0
12.9154,1.80645,0
12.9576,1.79088,0
15.2364,2.05666,0
15.0711,1.95817,0
15.0344,2.03769,0
12.8957,1.81455,0
15.2711,2.04246,0
12.9001,1.87636,0
15.2268,2.06066,0
14.9242,2.0511,0
15.3119,2.08235,0
12.9762,1.90678,0
12.875,1.86654,0
15.0362,2.03399,0
12.8963,1.87422,0
15.6166,-1.60989,0
13.0903,1.90642,0
15.0918,1.96251,0
12.8913,1.77694,0
15.2139,2.03075,0
15.2982,2.0119,0
15.2372,2.06398,0
15.1959,2.0683,0
14.9705,1.9971,0
15.3088,2.08161,0
15.1788,2.07576,0
15.2037,2.00634,0
15.2065,1.94323,0
15.2207,1.94619,0
13.0065,1.91869,0
12.893,1.90358,0
15.0445,2.04951,0
15.152,2.04315,0
15.0057,2.03706,0
15.3473,1.93802,0
13.0705,1.91478,0
15.6124,-1.77251,0
15.0467,1.97914,0
14.9561,2.03386,0
14.9679,2.01444,0
15.3561,2.0256,0
15.2521,2.07919,0
15.1433,1.98228,0
15.6262,-1.74217,0
15.002,2.05504,0
15.0836,1.9732,0
15.6023,-1.8329,0
15.6073,-1.7417,0
13.0938,1.90455,0
15.6335,-1.89564,0
15.0454,2.02096,0
15.7979,1.65222,0
15.8848,1.63079,0
15.8638,1.60538,0
15.9081,1.61945,0
15.9744,1.58767,0
15.9607,1.60449,0
15.9291,1.60733,0
15.8144,1.64829,0
15.8449,1.64533,0
16.0134,1.51853,0
15.8595,1.61245,0
16.0257,1.56609,0
15.9584,1.59106,0
16.0082,1.58986,0
15.8373,1.65047,0
16.014,1.5166,0
16.0164,1.54488,0
15.8888,1.60975,0
15.8608,1.60731,0
15.8076,1.66296,0
15.8642,1.63169,0
13.6565,2.25178,0
16.0106,1.56331,0
16.029,1.59849,0
15.7811,1.66368,0
15.9124,1.60434,0
15.9795,1.60598,0
13.3476,2.14389,0
15.6967,1.85388,0
15.7311,1.82121,0
15.6804,1.84862,0
15.7063,1.85874,0
15.6631,1.83785,0
13.2795,2.13042,0
15.6291,1.82148,0
15.6311,1.84916,0
13.2758,2.08653,0
13.4061,2.13046,0
15.6621,1.85108,0
13.3139,2.14615,0
15.6512,1.8604,0
13.4058,2.12952,0
15.6343,1.84901,0
15.7274,1.86277,0
13.3952,2.1389,0
15.6785,1.8498,0
13.2755,2.14109,0
13.2794,2.07336,0
13.2779,2.0758,0
15.6403,1.83327,0
15.6347,1.84178,0
15.7374,1.84743,0
13.2783,2.10348,0
15.4875,2.02475,0
13.0243,1.99331,0
15.4579,1.98731,0
13.0218,1.97015,0
15.4529,1.9754,0
15.445,2.01362,0
15.4168,2.03736,0
15.433,2.0314,0
15.4875,1.97551,0
13.1169,1.95969,0
15.3869,2.00181,0
13.0812,1.93016,0
13.0829,1.94025,0
15.4928,1.94217,0
15.4771,1.95463,0
13.0366,1.9629,0
15.4492,2.03452,0
15.4311,2.02221,0
15.4091,1.99507,0
13.0222,1.92892,0
15.4956,1.9271,0
13.0463,1.96546,0
13.0839,1.94255,0
15.3797,1.94973,0
15.4489,1.92741,0
15.5046,2.01787,0
15.4381,2.00417,0
15.4013,1.99668,0
13.0451,1.93613,0
15.3955,1.93063,0
13.0575,1.99454,0
15.4345,1.96459,0
15.4778,1.94615,0
15.4343,1.95638,0
15.4253,1.99207,0
13.09,1.99289,0
15.4181,2.01701,0
15.4724,1.92626,0
15.498,1.93008,0
15.4437,1.95233,0
15.4783,2.04281,0
15.4391,1.98839,0
15.3761,1.95465,0
15.4215,1.99993,0
13.0519,1.98681,0
13.0072,1.97524,0
15.3712,2.02833,0
13.0844,1.96568,0
15.4319,1.99634,0
15.3938,1.95569,0
13.0415,1.96556,0
13.0597,1.94987,0
15.4298,1.96118,0
15.7622,1.84078,0
15.2942,-2.11674,0
15.2973,-2.11482,0
15.2948,-2.11816,0
15.7615,1.82048,0
15.7711,1.73106,0
15.7821,1.83101,0
15.7655,1.75732,0
15.765,1.83893,0
15.7585,1.68016,0
15.2851,-2.12004,0
15.7837,1.82914,0
15.7788,1.79769,0
15.7805,1.83186,0
15.7702,1.79001,0
15.7589,1.6977,0
15.7692,1.71142,0
16.2653,0.83712,0
14.9876,2.11372,0
14.8992,2.26683,0
16.494,0.6945,0
16.4253,0.52522,0
16.4656,0.40792,0
16.3461,0.78544,0
15.0171,2.11887,0
16.3665,0.656,0
16.3854,0.7544,0
14.911,2.12203,0
16.4726,0.57445,0
16.4514,0.73872,0
16.5736,0.55662,0
16.1959,0.91559,0
14.9969,2.14218,0
16.3227,0.75859,0
16.4552,0.73431,0
16.5913,0.45973,0
16.2968,0.89338,0
16.5328,0.41324,0
14.8571,2.11898,0
16.6231,0.54337,0
16.4886,0.56357,0
16.5683,0.43165,0
16.5446,0.59571,0
16.5292,0.64465,0
16.6114,0.5798,0
16.6058,0.45233,0
16.5023,0.51727,0
14.9362,2.20426,0
16.3246,0.81415,0
16.2413,0.91901,0
14.9529,2.07741,0
15.0365,2.10706,0
14.9094,2.20431,0
14.9062,2.17152,0
16.4596,0.65153,0
16.4743,0.48231,0
16.4724,0.54599,0
14.9046,2.18585,0
16.6238,0.5281,0
16.4514,0.49368,0
16.4881,0.61142,0
14.8876,2.25452,0
16.4626,0.70715,0
16.2463,0.91318,0
16.5295,0.44863,0
14.8801,2.20684,0
16.4675,0.66404,0
16.3865,0.68939,0
16.459,0.4893,0
14.9012,2.23995,0
16.3815,0.68893,0
14.8613,2.20735,0
16.4846,0.51675,0
16.5222,0.65873,0
16.2098,0.91266,0
16.4718,0.63532,0
16.484,0.54016,0
14.9261,2.1845,0
16.3272,0.7791,0
16.4848,0.51607,0
14.9702,2.07418,0
16.2983,0.85036,0
16.3728,0.75612,0
16.4307,0.63175,0
14.9165,2.0811,0
16.4993,0.67797,0
16.2807,0.81586,0
14.8824,2.15272,0
14.9791,2.14574,0
16.4679,0.42768,0
14.8395,2.16964,0
16.3614,0.81389,0
14.9854,2.18043,0
14.9412,2.17759,0
15.0543,2.10031,0
16.4767,0.64933,0
14.8822,2.13557,0
16.4485,0.61253,0
16.5639,0.63103,0
16.2722,0.84162,0
16.5154,0.53402,0
16.5106,0.5694,0
16.5969,0.57124,0
16.3933,0.51865,0
16.3094,0.83189,0
16.4567,0.43512,0
16.4906,0.35381,0
14.9057,2.11307,0
16.4448,0.4305,0
16.5328,0.54842,0
14.824,2.14031,0
14.9807,2.06962,0
14.8339,2.18559,0
16.2167,0.91601,0
16.445,0.4619,0
16.4453,0.49059,0
14.8994,2.18649,0
16.4831,0.38428,0
14.8835,2.11692,0
16.249,0.81655,0
16.4424,0.55983,0
16.4863,0.57468,0
16.3494,0.7401,0
16.5144,0.47627,0
16.3935,0.67119,0
16.4155,0.52083,0
16.4574,0.39806,0
16.5021,0.40964,0
16.1894,0.88976,0
16.4981,0.35757,0
16.2855,0.89827,0
16.5051,0.34158,0
16.6061,0.51136,0
16.5927,0.544,0
16.3758,0.65435,0
16.2174,0.83362,0
16.3952,0.6875,0
16.2889,0.81735,0
16.539,0.649,0
16.2815,0.88317,0
16.2976,0.83694,0
16.6516,0.52829,0
16.2901,0.80465,0
14.9037,2.25496,0
16.2531,0.89949,0
16.3502,0.83172,0
14.9309,2.1932,0
14.8997,2.08453,0
16.4904,0.35619,0
16.1862,0.8893,0
14.9663,2.13824,0
16.5651,0.40919,0
16.5108,0.49519,0
16.386,0.77251,0
16.6257,0.54257,0
16.4112,0.72469,0
16.2817,0.8007,0
16.5412,0.43143,0
16.1842,0.87612,0
16.4616,0.50245,0
16.6059,0.53871,0
16.4911,0.64529,0
16.4878,0.4498,0
14.9,2.22354,0
16.5883,0.47386,0
16.5108,0.44636,0
14.8113,2.16599,0
16.2755,0.89634,0
16.4819,0.64797,0
14.8781,2.19113,0
16.2477,0.83455,0
14.9207,2.15922,0
14.9663,2.14077,0
16.2545,0.85641,0
14.7497,2.11408,0
14.8046,2.16768,0
16.4694,0.44355,0
14.9286,2.13457,0
14.8062,2.14466,0
14.8648,2.14786,0
16.297,0.83628,0
14.8122,2.13128,0
14.9373,2.06421,0
16.5627,0.49964,0
14.9233,2.16649,0
16.5116,0.50806,0
16.5254,0.47719,0
16.6,0.45359,0
16.5459,0.63892,0
16.4364,0.68772,0
16.2278,0.84012,0
16.5044,0.43493,0
14.8862,2.18237,0
16.4524,0.71701,0
16.4233,0.65489,0
14.9886,2.09704,0
16.4596,0.57198,0
14.747,2.11276,0
16.2528,0.90374,0
16.4537,0.65052,0
14.8051,2.13101,0
16.5433,0.56268,0
16.4679,0.35024,0
16.4792,0.67245,0
16.4037,0.72608,0
16.3235,0.84779,0
16.4524,0.71758,0
16.5889,0.50808,0
16.2977,0.81315,0
14.744,2.10185,0
16.4272,0.64782,0
16.401,0.64379,0
16.3168,0.84772,0
16.5201,0.46522,0
16.5082,0.45896,0
16.3135,0.81698,0
16.2664,0.88162,0
14.8885,2.23067,0
16.499,0.47748,0
16.4879,0.68864,0
14.8243,2.159,0
16.4625,0.48196,0
16.5491,0.44266,0
16.5707,0.58033,0
16.4871,0.44035,0
16.4454,0.60459,0
14.9665,2.19506,0
16.5462,0.42922,0
16.4263,0.5677,0
16.6114,0.50199,0
16.5346,0.47377,0
16.2512,0.82824,0
16.3362,0.74803,0
16.5298,0.52247,0
16.2702,0.85496,0
16.4683,0.4514,0
16.5238,0.54185,0
16.5616,0.53843,0
16.256,0.81952,0
16.4879,0.3473,0
16.6551,0.49407,0
16.3876,0.70009,0
16.4774,0.70213,0
16.5448,0.42312,0
16.5076,0.40372,0
16.3528,0.86786,0
16.2754,0.94844,0
16.6473,0.55395,0
16.4383,0.75551,0
16.2277,0.98579,0
16.5503,0.6497,0
14.7251,2.12303,0
16.641,0.58445,0
16.4071,0.78823,0
16.6584,0.5844,0
14.7367,2.11172,0
16.2227,0.97612,0
16.437,0.79313,0
16.3003,0.91987,0
16.485,0.75114,0
16.5564,0.64118,0
16.6278,0.61287,0
16.2343,0.97589,0
16.3188,0.92548,0
14.8626,2.24022,0
16.3877,0.83836,0
16.5573,0.67558,0
14.8292,2.2252,0
16.4331,0.81921,0
16.5787,0.67883,0
16.6187,0.61225,0
16.2387,0.99173,0
14.7231,2.10079,0
16.3554,0.88029,0
16.302,0.91969,0
16.5821,0.65837,0
16.4876,0.71366,0
16.3646,0.87041,0
16.5109,0.71004,0
14.788,2.16686,0
16.6008,0.61309,0
16.6,0.6049,0
16.2872,0.92128,0
16.6001,0.62808,0
16.6516,0.59053,0
16.3868,0.83204,0
16.5698,0.64505,0
16.4774,0.7407,0
14.8605,2.23372,0
16.3584,0.85363,0
14.8574,2.23396,0
16.5351,0.6945,0
16.2119,1.00434,0
14.8493,2.26817,0
16.4354,0.79713,0
16.2936,0.93994,0
16.2377,0.9999,0
14.7066,2.10351,0
16.3809,0.81369,0
16.5903,0.64791,0
16.3865,0.85127,0
14.8429,2.26285,0
16.332,0.86038,0
14.8491,2.26893,0
16.2784,0.93869,0
16.3148,0.8808,0
16.6515,0.60189,0
16.2188,0.97846,0
16.4104,0.78928,0
16.6349,0.61331,0
16.2851,0.95706,0
16.5006,0.7533,0
16.2857,0.95424,0
16.2865,0.93569,0
16.4633,0.77999,0
16.6208,0.64836,0
16.4607,0.74937,0
14.8159,2.23559,0
16.4058,0.80655,0
16.5675,0.66814,0
16.456,0.76597,0
16.5175,0.74042,0
16.6156,0.63732,0
16.4782,-0.22005,0
16.2827,0.01382,0
16.2311,-0.04798,0
16.5574,0.2022,0
16.4362,-0.18826,0
16.1724,-0.27923,0
16.3165,-0.20681,0
16.1236,-0.19041,0
16.5072,-0.2536,0
16.3542,-0.19866,0
16.6435,-0.19527,0
16.632,-0.24093,0
16.2019,-0.3839,0
16.3576,-0.25373,0
16.1577,-0.03198,0
16.2395,-0.43249,0
16.1745,-0.48723,0
16.1738,-0.26542,0
16.2801,-0.11855,0
16.406,0.16905,0
16.3012,0.08975,0
16.4876,0.12255,0
16.1982,-0.44416,0
16.2284,-0.38957,0
16.5122,0.1394,0
16.1851,-0.02725,0
16.618,-0.16445,0
16.2306,-0.35634,0
16.2855,0.00872,0
15.6091,1.9621,0
16.1484,-0.45946,0
16.1766,-0.03624,0
16.1283,-0.1745,0
16.3507,0.05297,0
16.6333,-0.18668,0
16.4177,-0.30102,0
16.3319,-0.34462,0
16.4909,0.1238,0
16.2139,-0.37299,0
16.1884,-0.17756,0
16.5144,0.30591,0
16.2158,-0.41199,0
16.4506,-0.2392,0
16.6062,-0.09579,0
16.5623,-0.07958,0
16.3308,-0.03646,0
16.1826,-0.44974,0
16.3439,0.0832,0
16.4811,-0.09734,0
16.0835,-0.2448,0
16.5251,-0.04671,0
16.2429,-0.3009,0
16.2954,-0.19114,0
16.4469,0.15432,0
16.2845,-0.30398,0
16.4462,-0.17027,0
16.2021,-0.27373,0
16.5682,-0.02807,0
16.0758,-0.3072,0
16.5518,-0.28148,0
16.4954,-0.17214,0
16.4285,-0.28552,0
16.4461,0.17156,0
16.4966,0.32404,0
16.3826,-0.19293,0
16.6096,-0.04572,0
16.6223,-0.11359,0
16.3105,0.09975,0
16.1514,-0.03849,0
16.2784,-0.15988,0
16.179,-0.23328,0
16.2348,-0.42628,0
16.363,-0.13269,0
16.2497,-0.39925,0
16.5741,-0.10598,0
16.5317,0.21975,0
16.4613,0.14867,0
16.3069,-0.17865,0
15.6651,1.89116,0
16.5019,0.26938,0
16.131,-0.29163,0
16.4501,-0.01722,0
16.3607,-0.09059,0
16.4443,-0.03929,0
16.5177,-0.2101,0
16.4508,-0.31165,0
16.6224,-0.00709,0
16.4774,0.07654,0
16.6575,-0.00676,0
16.1691,-0.49142,0
16.1932,-0.31574,0
16.1118,-0.37702,0
16.4991,-0.13474,0
16.5723,0.12894,0
16.5032,-0.30955,0
16.3895,0.01555,0
16.4528,0.13251,0
16.1093,-0.2032,0
16.4091,-0.3589,0
16.1937,-0.2749,0
16.7156,-0.10219,0
16.3494,-0.01901,0
16.2218,-0.34814,0
16.3691,-0.38291,0
16.2066,-0.26583,0
16.4999,0.24203,0
16.7116,-0.12087,0
16.5996,-0.06798,0
16.2903,-0.29985,0
16.5415,-0.04861,0
15.5917,1.98507,0
16.0643,-0.26815,0
16.2601,-0.02794,0
16.6512,-0.17182,0
16.2214,-0.30992,0
16.6199,-0.26692,0
16.2286,-0.27143,0
16.4114,-0.34721,0
16.2977,0.03922,0
16.4386,-0.17332,0
16.157,-0.40604,0
16.5213,0.18699,0
16.4051,0.04766,0
16.2775,-0.1012,0
16.34,0.06574,0
16.3466,-0.23992,0
16.761,-0.19437,0
16.3934,-0.2928,0
16.1576,-0.25788,0
16.147,-0.34391,0
16.3478,-0.21492,0
16.539,-0.10873,0
16.5743,0.18339,0
16.5252,-0.16233,0
16.2876,-0.17194,0
16.4455,0.0894,0
16.6262,0.08454,0
16.4079,-0.1544,0
16.5391,0.25135,0
16.3824,-0.25802,0
16.4811,0.05355,0
16.2728,-0.17251,0
16.3612,0.14273,0
16.3629,-0.03607,0
16.4113,-0.3291,0
16.6453,0.06428,0
16.1109,-0.19637,0
16.6909,-0.10323,0
16.1684,-0.16044,0
16.3301,0.06765,0
16.6175,-0.15729,0
16.4466,-0.35803,0
16.3149,-0.02198,0
16.5829,0.04064,0
16.3788,-0.23373,0
16.6267,-0.13723,0
16.483,0.13871,0
16.425,-0.13832,0
16.3622,-0.20183,0
16.4664,0.03385,0
16.2502,-0.36541,0
16.261,-0.09729,0
16.3657,-0.25364,0
15.6684,1.89584,0
16.3124,-0.32885,0
15.522,1.9564,0
16.5894,-0.177,0
16.1069,-0.22975,0
16.392,0.11156,0
16.3722,-0.20402,0
16.7264,-0.20799,0
16.1766,-0.1287,0
16.3461,0.00537,0
16.5154,-0.1793,0
16.1585,-0.26788,0
16.5604,-0.0628,0
16.2345,-0.00885,0
16.3217,-0.40282,0
16.1369,-0.22921,0
16.4484,-0.20692,0
16.5458,0.06862,0
16.404,-0.16945,0
16.4329,-0.33036,0
16.3081,-0.38879,0
16.3587,-0.20121,0
16.4564,-0.06952,0
16.5776,0.01869,0
16.51,-0.03019,0
16.07,-0.30904,0
16.3306,-0.33924,0
16.3846,0.0988,0
16.3582,0.10617,0
16.6479,-0.0274,0
16.2112,0.01634,0
16.6731,-0.14333,0
16.0611,-0.2478,0
16.182,-0.48131,0
16.4516,0.00066,0
16.1333,-0.16475,0
16.4724,-0.3491,0
16.4134,0.04787,0
16.3734,0.15382,0
16.3741,-0.00951,0
16.4368,-0.03006,0
16.3838,-0.34799,0
16.2505,-0.40789,0
16.325,-0.39094,0
16.3061,0.0009,0
16.2134,-0.07028,0
16.4806,-0.17071,0
16.3191,0.09189,0
16.4883,0.13401,0
16.2749,-0.01611,0
16.1021,-0.35126,0
16.171,-0.2697,0
16.3365,-0.15262,0
16.2659,-0.22651,0
16.3456,0.12207,0
16.5097,0.1591,0
16.1145,-0.32124,0
16.617,-0.11728,0
16.3464,-0.00719,0
16.421,0.03296,0
16.6236,-0.20513,0
16.6152,0.12572,0
16.4988,0.22278,0
16.374,-0.39068,0
16.306,-0.4096,0
16.4714,0.0219,0
16.3903,-0.25746,0
16.5614,0.08095,0
16.2955,-0.20655,0
16.6153,-0.10202,0
16.6637,-0.03595,0
16.5005,-0.21999,0
15.665,1.89541,0
16.3721,-0.34585,0
16.1083,-0.35474,0
16.2077,-0.3113,0
16.5533,0.05225,0
16.3047,0.03375,0
16.3719,-0.14152,0
16.3073,-0.25406,0
16.492,-0.21128,0
16.2969,-0.08291,0
16.382,-0.13146,0
16.3898,-0.07709,0
16.2288,-0.3997,0
16.5472,-0.24683,0
15.5708,1.92001,0
16.4645,0.16081,0
16.4355,-0.03638,0
16.5201,-0.2235,0
16.514,0.01433,0
16.5695,0.02865,0
16.4534,0.12189,0
16.4535,-0.12842,0
16.5779,0.0288,0
16.4666,0.23921,0
15.5924,1.94527,0
16.5779,0.00956,0
16.5832,-0.23188,0
16.2525,-0.11813,0
16.589,-0.13447,0
16.4881,-0.06563,0
16.1731,-0.3432,0
16.3018,-0.29485,0
16.1455,-0.44351,0
16.5182,0.03731,0
16.3949,-0.27273,0
16.1332,-0.19121,0
16.4217,-0.09684,0
16.4605,-0.11574,0
16.4456,-0.21347,0
16.5498,-0.3099,0
16.4937,0.08803,0
16.5998,-0.1042,0
16.5961,-0.05049,0
16.4658,0.2122,0
16.24,-0.175,0
16.6461,-0.05077,0
16.2811,-0.04745,0
16.3511,-0.29473,0
16.6695,-0.06637,0
16.2695,-0.39898,0
16.6211,-0.17572,0
15.5565,1.98345,0
16.2969,0.05175,0
16.5738,-0.14049,0
16.53,-0.14438,0
16.3913,0.04045,0
16.4722,0.05881,0
16.5415,-0.14398,0
16.7062,-0.21489,0
16.2588,-0.36767,0
16.2661,0.04045,0
16.5786,-0.21244,0
16.3083,-0.37308,0
16.3937,-0.20084,0
16.3533,0.05101,0
16.2566,-0.20513,0
16.3282,0.01268,0
16.5339,-0.03194,0
16.2689,-0.43321,0
16.3496,0.02074,0
16.1544,-0.34424,0
16.4679,-0.13357,0
16.4591,0.06839,0
16.2955,-0.12405,0
16.188,-0.39563,0
16.5497,-0.12108,0
15.6441,1.93083,0
16.4203,0.10289,0
16.4432,-0.01154,0
16.3318,0.07493,0
15.5265,1.92959,0
16.6714,-0.13298,0
16.4917,-0.18488,0
16.4897,-0.32279,0
16.5196,-0.01976,0
16.6862,-0.02858,0
16.5509,-0.16549,0
16.3867,-0.18173,0
16.3716,0.0409,0
16.4579,-0.08146,0
16.3171,-0.26007,0
16.2064,-0.2533,0
16.472,0.06601,0
16.6282,-0.06707,0
16.228,-0.45761,0
16.4452,0.04717,0
16.3045,-0.0821,0
16.5289,0.19241,0
16.3911,0.13452,0
16.7186,-0.18646,0
16.2568,-0.33543,0
16.7773,-0.18134,0
16.5056,-0.1158,0
16.3421,0.08402,0
16.5578,-0.04728,0
16.3277,-0.07917,0
16.4469,-0.30902,0
16.5275,-0.13506,0
16.2159,-0.17871,0
16.4228,-0.08472,0
16.1956,-0.4264,0
16.1449,-0.37447,0
16.15,-0.14264,0
16.1875,-0.44768,0
16.6472,-0.1435,0
16.5918,-0.2828,0
16.5409,-0.065,0
16.5922,-0.12716,0
16.127,-0.38338,0
16.3469,0.12585,0
16.4788,0.07368,0
16.2298,-0.30496,0
16.3463,-0.27234,0
16.6104,0.12769,0
16.2836,-0.33018,0
16.6409,0.02514,0
16.386,0.12954,0
16.2326,0.02534,0
16.388,0.12035,0
16.4341,0.08535,0
16.6598,-0.11377,0
16.393,-0.23715,0
16.5978,-0.00572,0
16.271,0.01932,0
16.0983,-0.30965,0
15.6044,2.00688,0
16.2768,-0.34379,0
16.4556,-0.30807,0
16.1758,-0.46393,0
16.2236,-0.08948,0
16.469,-0.31314,0
16.2343,-0.08844,0
15.5411,1.92495,0
16.6004,-0.08207,0
16.3801,0.10647,0
16.5144,-0.01274,0
16.2663,-0.24372,0
16.3155,-0.27002,0
16.2307,-0.43838,0
16.3213,0.02024,0
16.6535,-0.11781,0
16.3655,-0.15669,0
16.1815,-0.43925,0
16.5131,0.06753,0
16.5424,-0.30544,0
15.5726,1.97645,0
16.408,-0.08208,0
16.31,-0.07627,0
16.2922,-0.09857,0
16.5555,-0.11707,0
16.4311,-0.19261,0
16.1629,-0.02224,0
16.1171,-0.36454,0
16.3791,-0.00314,0
16.4598,-0.21248,0
16.6259,-0.03363,0
16.6987,-0.15538,0
16.5598,-0.04366,0
16.0823,-0.2091,0
16.3322,-0.14795,0
16.2707,-0.36206,0
16.2598,0.04956,0
16.5151,-0.18791,0
16.1994,-0.15554,0
16.682,-0.13118,0
16.5174,-0.20432,0
16.5153,0.04948,0
16.3417,-0.28509,0
16.1387,-0.28336,0
16.7027,-0.09011,0
16.6274,-0.07007,0
15.6119,1.91773,0
16.1763,-0.296,0
16.2169,-0.33019,0
16.2909,-0.11263,0
16.0973,-0.33205,0
16.5745,-0.06905,0
16.1,-0.30497,0
16.6207,0.09172,0
16.5495,-0.05915,0
16.427,-0.02526,0
16.2379,-0.21585,0
16.2149,-0.14871,0
16.2169,-0.274,0
16.154,-0.3235,0
16.2541,-0.06561,0
16.3878,-0.06805,0
16.4881,0.0681,0
16.3903,-0.34884,0
16.6946,-0.12368,0
16.6085,-0.11577,0
16.5603,0.09548,0
15.5559,1.98135,0
16.2787,-0.02468,0
16.5585,-0.25106,0
16.1655,-0.23533,0
16.4095,-0.08055,0
16.406,-0.23118,0
16.5272,-0.12821,0
16.2244,-0.23373,0
16.2723,0.05265,0
16.2273,-0.03022,0
16.4778,-0.27117,0
16.4681,-0.28146,0
16.5842,-0.00608,0
16.2808,-0.11085,0
16.3003,-0.15589,0
15.5309,1.966,0
16.5303,0.00251,0
16.4946,0.20325,0
16.4579,0.1056,0
16.1725,-0.48475,0
16.1911,-0.09084,0
16.5077,-0.11392,0
16.2245,-0.01801,0
15.6161,1.95667,0
16.1687,-0.25553,0
16.0726,-0.26113,0
16.1795,-0.14531,0
16.3119,-0.06871,0
16.4316,0.20538,0
16.4831,-0.07382,0
16.3922,-0.00575,0
16.1078,-0.3272,0
16.6395,-0.08194,0
16.4788,-0.10083,0
16.102,-0.24175,0
16.615,-0.01802,0
16.2784,-0.01347,0
16.5489,-0.26482,0
16.4582,0.00178,0
16.3902,-0.01395,0
16.1598,-0.41141,0
16.3994,0.05283,0
16.1726,-0.24021,0
16.173,-0.30282,0
16.2536,-0.00031,0
16.5872,-0.06316,0
16.4308,-0.15735,0
16.2854,-0.31577,0
16.4651,-0.08937,0
16.0859,-0.27216,0
16.378,-0.36733,0
16.3193,0.03461,0
16.5114,0.05534,0
16.3174,-0.15201,0
16.6704,-0.02025,0
16.2293,-0.4126,0
16.5702,-0.16177,0
16.6337,-0.00025,0
16.5782,0.00734,0
16.3718,0.10403,0
16.5581,-0.21959,0
16.1981,-0.46136,0
16.2577,-0.13999,0
16.1217,-0.38074,0
16.6635,-0.1019,0
16.5727,-0.03003,0
16.1191,-0.18261,0
16.6758,-0.02245,0
16.1726,-0.30076,0
16.2952,-0.21956,0
16.5017,0.28159,0
16.6009,-0.08139,0
16.4566,0.13161,0
16.408,0.02523,0
16.1615,-0.44727,0
16.3343,-0.01187,0
16.4247,-0.20639,0
16.5232,0.14459,0
16.4863,-0.01344,0
16.2667,-0.44139,0
16.0716,-0.29178,0
16.0985,-0.21229,0
16.0964,-0.36595,0
16.3675,0.05203,0
16.4823,0.19105,0
16.3331,-0.15942,0
16.2828,0.00763,0
16.658,-0.06831,0
16.6208,-0.19655,0
16.2591,-0.19529,0
16.511,-0.0991,0
16.2917,-0.15944,0
16.0954,-0.30529,0
16.5432,0.0399,0
16.4067,-0.38191,0
16.7112,-0.21299,0
16.2585,-0.212,0
16.1658,-0.15561,0
16.2669,-0.02518,0
16.4062,-0.33168,0
16.4831,-0.26361,0
16.5329,0.07973,0
16.5822,-0.00625,0
16.2018,-0.28265,0
16.6499,0.02272,0
16.5677,0.07955,0
16.6521,0.044,0
16.4231,-0.26491,0
16.5129,-0.25871,0
16.1733,-0.27147,0
16.6185,0.10726,0
16.2379,0.03336,0
16.4886,-0.31308,0
16.4595,0.2255,0
16.2984,-0.20736,0
16.4655,-0.00142,0
16.4287,0.15376,0
16.4951,0.11133,0
16.4988,0.15537,0
16.7181,-0.09576,0
16.3615,-0.38736,0
16.5092,0.00904,0
16.6025,0.06614,0
16.3832,-0.09925,0
16.4849,-0.32182,0
16.381,0.16969,0
16.0742,-0.28348,0
16.5062,0.17809,0
16.5563,-0.27344,0
16.5722,-0.30057,0
16.4172,-0.27497,0
16.4265,-0.19416,0
16.4339,0.10133,0
16.5485,-0.19222,0
16.5801,0.02672,0
16.2307,0.02609,0
16.5453,-0.03838,0
16.6493,-0.16764,0
16.4704,-0.15998,0
16.2863,-0.31058,0
15.5904,2.00807,0
16.5592,-0.13879,0
15.6114,1.9272,0
16.6296,0.0269,0
16.0803,-0.32261,0
16.7118,-0.17373,0
16.2535,-0.24132,0
16.2934,-0.14051,0
16.0982,-0.25834,0
16.3703,-0.02594,0
16.2488,-0.33507,0
16.4058,-0.18226,0
16.0654,-0.31427,0
16.1867,-0.38483,0
16.1667,-0.33136,0
16.3156,-0.11398,0
15.5627,1.96815,0
16.5573,0.12731,0
16.4458,-0.12809,0
16.3944,-0.29138,0
16.3403,-0.24755,0
16.1157,-0.38158,0
16.58,-0.11099,0
16.3837,-0.24273,0
16.493,-0.07412,0
16.5655,0.01715,0
16.2182,-0.08963,0
15.5456,1.94533,0
16.1524,-0.33732,0
16.3646,0.05072,0
16.2474,-0.07864,0
16.3803,-0.03985,0
16.38,-0.2154,0
16.3811,0.02982,0
16.1582,-0.23431,0
15.5678,1.97217,0
16.2689,-0.22631,0
16.6097,-0.05552,0
16.0677,-0.31388,0
16.1408,-0.2987,0
16.2241,-0.29575,0
16.1868,-0.2907,0
16.5787,-0.15873,0
16.2403,-0.07676,0
16.255,-0.38117,0
16.4523,0.21973,0
16.6014,-0.10465,0
16.1932,-0.3279,0
16.2102,-0.2276,0
16.3594,-0.10932,0
16.242,-0.05098,0
16.3686,-0.31438,0
16.5308,0.08653,0
16.2869,-0.01797,0
16.6787,-0.09651,0
16.3317,-0.28747,0
16.6625,0.04116,0
16.6699,0.03049,0
15.5604,2.0159,0
16.6513,0.068,0
15.5251,1.99729,0
15.5689,1.99862,0
16.6448,0.09067,0
15.6089,2.0299,0
15.5476,2.00477,0
16.543,0.27668,0
16.5998,0.16837,0
16.59,0.19137,0
15.561,2.00645,0
16.7535,-0.1161,0
15.5212,1.97506,0
16.7228,-0.05695,0
15.536,1.9913,0
15.6519,1.94738,0
16.6595,0.04685,0
16.6815,0.42675,0
16.6421,0.46745,0
15.0465,2.16504,0
15.0669,2.18271,0
16.5876,0.41008,0
16.6752,0.42218,0
15.0455,2.16937,0
16.6158,0.41822,0
16.2938,0.9602,0
15.0999,2.21451,0
15.1464,2.1221,0
15.0697,2.11325,0
15.1784,2.10722,0
15.1101,2.09608,0
16.6651,0.48932,0
15.066,2.19131,0
15.0656,2.13501,0
16.5943,0.35846,0
16.5701,0.37783,0
15.218,2.10039,0
16.681,0.46998,0
15.0873,2.21555,0
15.1302,2.08718,0
16.5752,0.38131,0
15.1389,2.15897,0
16.5771,0.35737,0
15.1224,2.17426,0
16.5702,0.35231,0
15.091,2.13947,0
16.7191,0.511,0
16.3316,0.91831,0
15.0334,2.2452,0
15.0727,2.18823,0
16.2926,0.9558,0
15.0396,2.26694,0
15.0614,2.19059,0
16.6228,0.43136,0
14.9852,2.24667,0
14.9755,2.22608,0
15.082,2.22795,0
16.2315,1.03057,0
16.555,0.34982,0
15.0632,2.18908,0
15.0247,2.26925,0
15.0636,2.16685,0
16.6505,0.46508,0
15.0097,2.21369,0
15.1172,2.1805,0
16.6318,0.41029,0
15.1325,2.17431,0
15.2046,2.08989,0
16.6533,0.39237,0
15.1753,2.1038,0
15.1338,2.1583,0
15.071,2.161,0
15.0635,2.14226,0
15.1117,2.17775,0
14.9692,2.22435,0
16.6982,0.48946,0
15.0351,2.17662,0
15.0232,2.22741,0
15.0744,2.20881,0
15.0727,2.09987,0
16.6459,0.48251,0
15.109,2.11576,0
15.1548,2.09253,0
16.7104,0.50098,0
15.0376,2.20853,0
15.0357,2.14513,0
16.327,0.92283,0
15.1143,2.17916,0
14.9996,2.25372,0
15.1513,2.11955,0
16.5495,0.37076,0
16.6755,0.4443,0
15.1295,2.08083,0
15.0069,2.23902,0
16.6781,0.42521,0
14.9968,2.24674,0
15.2031,2.10264,0
16.6541,0.43194,0
15.0022,2.1676,0
14.9765,2.22726,0
16.6821,0.44346,0
16.5685,0.40123,0
16.6408,0.39162,0
15.125,2.15652,0
16.6258,0.45853,0
15.3087,2.17983,0
15.228,2.09193,0
15.1972,2.12531,0
16.6859,0.1756,0
16.666,0.13951,0
16.6094,0.3175,0
16.6341,0.22402,0
16.7276,0.28099,0
16.621,0.24837,0
15.3625,2.09508,0
15.3211,2.13296,0
16.6969,0.28132,0
16.7128,0.26628,0
16.6185,0.32131,0
16.5991,0.23894,0
16.6841,0.36552,0
15.2549,2.18158,0
16.672,0.38675,0
15.212,2.14039,0
16.6856,0.3181,0
16.7652,0.25045,0
16.6754,0.27939,0
15.3747,2.05435,0
16.6971,0.19767,0
15.2569,2.15969,0
16.6284,0.15614,0
16.6149,0.31975,0
16.7528,0.2558,0
16.6374,0.26331,0
16.5872,0.25042,0
16.6373,0.36406,0
16.7747,0.26041,0
16.6708,0.22669,0
16.781,0.24487,0
16.7664,0.26034,0
16.6848,0.1771,0
16.7614,0.27425,0
16.7379,0.29045,0
15.232,2.10487,0
16.6371,0.30045,0
16.632,0.3606,0
16.7588,0.21418,0
15.415,2.05566,0
16.6739,0.28188,0
16.694,0.33661,0
15.2969,2.18256,0
16.6398,0.21453,0
16.7275,0.2428,0
16.5774,0.24947,0
15.244,2.12003,0
16.6726,0.38384,0
15.329,2.17231,0
16.6823,0.15537,0
16.6849,0.34909,0
16.7102,0.29965,0
16.6119,0.17298,0
16.6345,0.12982,0
15.3865,2.06383,0
15.2278,2.14565,0
16.5938,0.24756,0
16.761,0.2151,0
16.6539,0.20434,0
16.7111,0.25374,0
16.6826,0.16703,0
15.4131,2.05267,0
15.2944,2.20376,0
16.6346,0.19754,0
15.2597,2.09338,0
15.3172,2.17819,0
15.3579,2.133,0
15.322,2.14168,0
16.6416,0.33774,0
16.6984,0.25016,0
15.2684,2.19503,0
16.5831,0.2476,0
15.2502,2.18069,0
16.6906,0.22005,0
16.592,0.25144,0
16.6142,0.19865,0
16.6074,0.16836,0
15.3752,2.05493,0
15.297,2.1139,0
16.7125,0.20317,0
16.6122,0.17145,0
15.3071,2.1633,0
15.3796,2.10337,0
16.7603,0.26957,0
16.6734,0.21079,0
15.3148,2.11189,0
15.2996,2.12564,0
16.6227,0.27417,0
16.7291,0.27217,0
15.2761,2.18819,0
16.6191,0.20241,0
15.3024,2.19308,0
16.6206,0.35185,0
16.5719,0.28732,0
16.6271,0.30082,0
16.5922,0.21898,0
16.6951,0.29074,0
16.622,0.20222,0
16.7225,0.20271,0
16.7513,0.26809,0
16.5706,0.2363,0
16.658,0.25721,0
16.6079,0.31872,0
16.6538,0.23416,0
16.7188,0.17642,0
16.6575,0.32864,0
16.7332,0.11657,0
15.5104,2.00245,0
16.7142,0.16388,0
15.5405,2.01881,0
15.435,2.10276,0
16.7788,0.12961,0
16.6993,0.03279,0
16.6841,0.08818,0
16.6686,0.055,0
15.455,2.1024,0
16.7043,0.07959,0
16.6915,0.0945,0
16.7309,0.10844,0
16.729,0.10199,0
15.4209,2.1641,0
15.5025,2.07227,0
15.4167,2.107,0
16.66,0.08006,0
15.4999,2.08094,0
16.7592,0.13824,0
16.6977,0.12413,0
15.4053,2.09442,0
15.4538,2.12797,0
15.5089,2.02451,0
16.7311,0.10631,0
16.754,0.16121,0
16.6856,0.07098,0
16.7002,0.10621,0
15.4907,2.09733,0
16.7002,0.15486,0
16.7215,0.17482,0
15.5238,2.05332,0
15.4397,2.08246,0
15.4496,2.13714,0
16.7263,0.06547,0
15.4322,2.15424,0
15.4058,2.11721,0
16.8022,0.10374,0
15.4518,2.05079,0
15.4334,2.1808,0
16.7584,0.07528,0
16.7325,0.09495,0
16.7764,0.08017,0
16.7882,0.12139,0
16.6538,0.12491,0
15.3825,2.11597,0
16.7872,0.08384,0
16.7464,0.10446,0
15.4731,2.05622,0
16.7381,0.07868,0
15.5259,2.02036,0
15.4151,2.14745,0
15.4388,2.18188,0
16.7006,0.13643,0
16.7075,0.06608,0
16.7397,0.05382,0
16.6692,0.11969,0
16.7198,0.09549,0
15.4704,2.07943,0
15.4331,2.06775,0
15.3765,2.14207,0
16.6692,0.08616,0
15.5142,2.02138,0
15.3748,2.12435,0
15.8266,1.69892,0
15.7241,1.93722,0
15.7922,1.70074,0
16.1994,-0.52025,0
16.1421,1.18525,0
16.2607,-0.48992,0
15.7184,1.96368,0
16.5681,-0.35046,0
16.6767,-0.28738,0
16.7225,-0.26926,0
15.8521,1.76947,0
15.8573,1.81278,0
15.8136,1.79975,0
16.6445,-0.27411,0
15.7457,1.93226,0
15.8713,1.68239,0
16.6118,-0.31454,0
15.7847,1.81439,0
15.8603,1.74608,0
16.5613,-0.31124,0
15.7573,1.86483,0
15.7716,1.85661,0
16.6345,-0.32609,0
15.8928,1.66176,0
16.3446,-0.44145,0
15.8901,1.66603,0
15.8246,1.87209,0
16.1497,1.15894,0
16.2781,-0.48291,0
15.8585,1.7963,0
16.7614,-0.24451,0
15.9389,1.63006,0
16.2351,-0.4969,0
15.8681,1.72976,0
15.8384,1.70988,0
15.7472,1.88787,0
15.8376,1.83333,0
15.8176,1.78005,0
16.4086,-0.40013,0
16.7252,-0.23082,0
15.7236,1.92181,0
15.9181,1.68188,0
15.7556,1.94024,0
16.1478,-0.55251,0
16.2004,-0.50737,0
16.2356,-0.48433,0
16.627,-0.32169,0
16.751,-0.24716,0
15.8595,1.76949,0
15.8031,1.81741,0
16.4617,-0.40691,0
16.7657,-0.23804,0
15.7282,1.94539,0
15.7882,1.82271,0
15.8492,1.71192,0
16.7706,-0.22712,0
16.492,-0.35017,0
15.8698,1.65679,0
15.706,1.95253,0
15.8639,1.77202,0
15.8064,1.88406,0
15.8032,1.67885,0
15.9105,1.65607,0
15.8629,1.75972,0
16.528,-0.36214,0
16.6604,-0.31183,0
16.4895,-0.35861,0
15.7338,1.86914,0
16.641,-0.32423,0
16.4117,-0.42327,0
16.7123,-0.23742,0
16.4797,-0.36499,0
15.7952,1.79468,0
15.8329,1.79749,0
16.2587,-0.48961,0
15.719,1.96353,0
16.5097,-0.35411,0
15.8083,1.78082,0
16.3886,-0.41039,0
15.7759,1.93996,0
15.8577,1.74559,0
16.3528,-0.45197,0
16.4823,-0.35246,0
16.6406,-0.30044,0
15.8383,1.79558,0
16.2878,-0.47851,0
15.7184,1.93348,0
16.3524,-0.44716,0
15.8638,1.7706,0
15.8585,1.72247,0
16.5305,-0.356,0
16.0148,1.47155,0
16.6321,-0.28678,0
15.7419,2.00738,0
16.2818,-0.47371,0
16.6669,-0.26145,0
15.806,1.91717,0
16.4611,-0.40116,0
16.4029,-0.39311,0
16.2768,-0.45927,0
16.6185,-0.33049,0
16.2453,-0.48542,0
15.7264,1.93061,0
15.8955,1.68189,0
15.7053,1.87773,0
16.1416,1.17472,0
15.7367,1.93346,0
16.3277,-0.4487,0
16.2781,-0.48838,0
16.5511,-0.35092,0
16.7358,-0.21401,0
16.315,-0.43857,0
16.3549,-0.42169,0
15.8027,1.8165,0
15.7768,1.92842,0
15.8633,1.73059,0
15.8435,1.75855,0
16.2827,-0.46951,0
15.6724,1.92484,0
15.7577,1.89126,0
15.6727,1.9635,0
16.6728,-0.25795,0
15.8022,1.84374,0
16.3802,-0.42797,0
15.7943,1.78549,0
16.1846,-0.53036,0
16.1611,1.14204,0
16.56,-0.35729,0
16.1417,-0.55428,0
16.6492,-0.27083,0
15.8073,1.92428,0
16.7407,-0.26674,0
16.6406,-0.31933,0
15.6694,1.92301,0
15.8006,1.85958,0
16.7045,-0.28151,0
16.6447,-0.28986,0
16.5597,-0.3269,0
15.7253,1.88185,0
15.8708,1.7553,0
15.7326,1.91819,0
15.7156,1.92333,0
16.1586,-0.53876,0
16.23,-0.50793,0
15.7549,2.00929,0
15.8044,1.91661,0
16.6302,-0.27489,0
15.6867,1.94682,0
15.8615,1.71144,0
15.8128,1.8246,0
15.8511,1.73792,0
16.7708,-0.1973,0
15.7455,1.93761,0
15.8971,1.65122,0
15.8365,1.69365,0
15.7536,1.87823,0
15.8728,1.68906,0
15.7951,1.70378,0
16.6773,-0.30825,0
16.7334,-0.22636,0
16.2501,-0.49393,0
16.7915,0.19656,0
16.7829,0.27215,0
16.7952,0.24136,0
15.3819,2.18137,0
16.6958,0.37539,0
16.7011,0.37725,0
16.7183,0.34514,0
16.7547,0.19892,0
15.3502,2.20135,0
16.8123,0.20921,0
15.3683,2.22296,0
16.8042,0.21098,0
15.3774,2.14986,0
15.3333,2.19264,0
16.7554,0.31292,0
16.7802,0.26058,0
15.3622,2.2133,0
16.2475,1.03242,0
16.2661,1.00619,0
15.4079,2.19993,0
15.5492,2.0586,0
16.2893,0.9768,0
16.7976,0.16588,0
15.4933,2.15194,0
16.2831,0.98417,0
16.798,0.18791,0
16.2535,1.02479,0
16.7955,0.18663,0
16.8078,0.17639,0
15.4505,2.21393,0
16.7985,0.18203,0
16.8095,0.14615,0
15.5479,2.05007,0
16.2405,1.04242,0
15.4996,2.12905,0
15.4783,2.15661,0
15.4811,2.12407,0
16.8136,0.17226,0
15.5353,2.06978,0
16.79,0.14423,0
16.816,-0.10885,0
16.8298,-0.1359,0
16.7699,-0.0651,0
16.7385,-0.02469,0
16.7567,-0.10361,0
15.6725,1.99019,0
15.9421,1.64536,0
16.7856,-0.15627,0
16.1628,1.18002,0
15.6964,2.05971,0
16.7876,-0.09642,0
16.0483,1.40639,0
16.7752,-0.13605,0
16.2083,1.11116,0
16.7825,-0.11458,0
15.7016,2.03658,0
16.8253,-0.11507,0
16.823,-0.11107,0
16.7727,-0.04293,0
15.7215,2.07071,0
16.7765,-0.06351,0
16.755,0.0121,0
15.6607,2.03122,0
15.6533,2.03092,0
16.0669,1.39316,0
16.7901,-0.1158,0
16.0801,1.36494,0
16.8011,-0.12049,0
15.682,2.07717,0
16.7758,-0.06371,0
15.6473,2.02097,0
15.6391,1.98138,0
16.7892,-0.12124,0
16.7502,-0.03251,0
15.6524,2.02184,0
15.7192,2.09055,0
16.7501,0.03631,0
16.7873,-0.13656,0
15.729,2.01649,0
16.7183,-0.00566,0
16.7886,-0.11652,0
16.7323,-0.03885,0
16.7768,-0.08672,0
16.7855,-0.11599,0
16.1866,1.16183,0
15.6815,2.02891,0
15.7147,2.06466,0
15.6715,1.99275,0
16.1415,1.20656,0
16.713,0.028,0
15.6917,2.0415,0
15.682,2.07659,0
15.675,2.04902,0
15.7238,2.07521,0
16.1957,1.13526,0
16.7598,-0.10357,0
15.9271,1.66817,0
16.7351,0.0158,0
16.8105,-0.1448,0
15.6447,2.01974,0
16.6988,0.01175,0
15.7903,2.04004,0
16.803,-0.20783,0
16.0352,1.46753,0
16.0311,1.54171,0
15.8933,1.76454,0
16.0526,1.50798,0
16.0672,1.47045,0
15.9598,1.62679,0
16.0558,1.46966,0
16.786,-0.15992,0
16.0748,1.44606,0
15.8986,1.81992,0
15.9546,1.70634,0
15.8816,1.77661,0
15.8841,1.83693,0
15.8874,1.84418,0
15.8815,1.78988,0
15.8085,1.9604,0
15.9128,1.76269,0
15.8573,1.85129,0
15.9222,1.72669,0
16.7856,-0.18428,0
16.2519,1.04667,0
15.9227,1.71681,0
15.9204,1.74038,0
15.8064,1.98015,0
16.1704,1.22487,0
15.8132,2.01689,0
15.7722,2.01903,0
15.9216,1.79747,0
15.9746,1.65597,0
15.8142,1.98099,0
15.8856,1.85935,0
15.8754,1.89798,0
15.8249,1.89371,0
15.899,1.80496,0
16.0702,1.43653,0
15.9393,1.69718,0
15.9755,1.61858,0
15.892,1.7708,0
15.8623,1.89131,0
15.8578,1.94061,0
15.8487,1.87515,0
15.8666,1.80599,0
15.8488,1.96322,0
15.8459,1.90901,0
16.0685,1.44334,0
15.9109,1.8229,0
15.8765,1.84745,0
15.9453,1.7468,0
16.198,1.15165,0
15.8503,1.94214,0
16.2645,1.0223,0
15.94,1.74172,0
15.9057,1.77404,0
16.119,1.3544,0
15.8391,1.95462,0
16.817,-0.21208,0
15.8761,1.8843,0
15.897,1.76647,0
15.9708,1.63255,0
16.1012,1.3877,0
15.8839,1.77571,0
15.9833,1.66209,0
15.999,1.61887,0
15.9579,1.68103,0
15.9106,1.80513,0
15.9599,1.70271,0
16.0726,1.46343,0
15.8165,1.99478,0
16.0193,1.50619,0
16.1918,1.2243,0
16.1169,1.40062,0
16.0452,1.64965,0
16.1122,1.47332,0
15.9565,1.77677,0
16.2778,-0.51388,0
16.3123,-0.48292,0
15.912,1.86493,0
15.9696,1.72986,0
16.158,1.34174,0
16.1405,1.40027,0
16.6711,-0.33122,0
16.1659,-0.57031,0
16.3242,-0.4887,0
16.201,-0.54411,0
16.4834,-0.44344,0
16.2096,1.19311,0
16.0553,1.56904,0
16.0818,1.51007,0
16.2521,-0.53258,0
16.1121,1.37645,0
16.355,-0.47337,0
16.2998,0.9819,0
16.2598,1.06928,0
16.674,-0.3218,0
15.9353,1.88148,0
15.9838,1.78264,0
15.9283,1.89681,0
16.5653,-0.39932,0
16.5678,-0.36637,0
16.2578,1.05364,0
16.0884,1.508,0
16.1398,1.3914,0
16.0729,1.50538,0
16.3785,-0.45552,0
16.1993,1.19504,0
16.407,-0.47122,0
16.0191,1.62841,0
16.0239,1.6456,0
15.8727,1.92346,0
16.0795,1.46105,0
16.6861,-0.31834,0
16.2836,0.99862,0
16.3071,-0.49117,0
16.0766,1.49628,0
16.4994,-0.40986,0
16.1003,1.50095,0
15.9588,1.87207,0
15.965,1.72879,0
15.9386,1.88334,0
15.9835,1.74464,0
16.244,1.1175,0
16.4084,-0.45632,0
16.4033,-0.47606,0
16.3947,-0.44556,0
15.8739,1.97733,0
16.2417,1.13389,0
16.2248,1.16118,0
16.2915,-0.498,0
16.2291,-0.51636,0
16.0728,1.49891,0
16.0719,1.53276,0
16.6888,-0.36167,0
16.0217,1.66626,0
15.9323,1.91904,0
15.9086,1.92338,0
16.6133,-0.34125,0
16.1365,1.38801,0
15.8997,1.88585,0
16.4071,-0.46484,0
16.6402,-0.37872,0
16.1758,-0.54086,0
16.5963,-0.35676,0
16.1449,1.35148,0
16.5049,-0.41903,0
15.8967,1.92352,0
16.6553,-0.35841,0
15.9779,1.7327,0
16.2439,1.12658,0
16.6994,-0.35812,0
16.1882,1.25121,0
16.7081,-0.32507,0
15.9458,1.8781,0
16.7631,-0.27842,0
16.1208,1.38653,0
15.8727,1.9224,0
15.8664,1.97482,0
16.3067,-0.50895,0
15.952,1.83078,0
16.7065,-0.29713,0
16.1109,1.47717,0
16.1754,1.25297,0
16.7572,-0.28404,0
15.9972,1.6441,0
16.1988,1.2392,0
16.076,1.58679,0
16.1565,1.35837,0
16.1869,1.24873,0
16.5457,-0.37046,0
15.9205,1.83302,0
16.6908,-0.37013,0
16.1384,1.4144,0
15.9736,1.79656,0
15.9631,1.83145,0
16.7104,-0.31254,0
16.0678,1.48118,0
15.9238,1.91948,0
15.9866,1.74505,0
15.8907,1.98903,0
16.7218,-0.2915,0
16.7656,-0.26923,0
16.066,1.52682,0
16.532,-0.38152,0
16.3441,-0.47672,0
16.4187,-0.43867,0
16.5832,-0.40243,0
16.0224,1.67119,0
16.128,1.44054,0
16.6997,-0.33589,0
15.9166,1.93962,0
15.934,1.84229,0
16.4409,-0.43453,0
16.0295,1.61157,0
15.9052,1.86694,0
16.2122,1.15192,0
15.952,1.77598,0
15.9307,1.82657,0
16.7791,-0.29422,0
15.9763,1.69336,0
16.7737,-0.31684,0
16.3639,-0.49465,0
15.9095,1.87403,0
16.7589,-0.34027,0
16.0612,1.61131,0
16.1849,1.28182,0
16.6127,-0.39561,0
16.2079,1.18933,0
15.9425,1.93853,0
15.8671,1.96638,0
15.85,1.98089,0
16.0159,1.62291,0
16.2507,-0.51153,0
16.5688,-0.37098,0
15.8654,1.96178,0
15.8713,1.98169,0
15.8832,1.99077,0
15.9943,1.72706,0
16.0944,1.48727,0
16.6596,-0.3478,0
16.2844,0.99232,0
16.0428,1.61944,0
15.9643,1.74568,0
16.0803,1.52197,0
16.0536,1.55891,0
15.6413,2.06547,0
16.8032,-0.03958,0
16.783,0.03093,0
15.5766,2.04902,0
16.8222,-0.05057,0
16.7584,0.05416,0
15.5925,2.08903,0
16.7781,0.01609,0
15.7324,2.09061,0
15.6813,2.10005,0
15.7053,2.10536,0
15.6426,2.0871,0
15.6304,2.07067,0
16.3038,0.99654,0
15.6291,2.06735,0
15.5933,2.06878,0
15.7007,2.1358,0
16.3299,0.94473,0
16.7721,0.02921,0
15.6051,2.05785,0
16.3186,0.97178,0
16.8136,-0.06409,0
15.7068,2.10206,0
16.7728,0.04341,0
16.3292,0.93322,0
15.7045,2.12326,0
15.6115,2.09947,0
16.832,-0.05516,0
16.7903,-0.03327,0
15.6156,2.09295,0
16.7706,0.02222,0
15.6582,2.12795,0
15.6258,2.10501,0
15.693,2.11933,0
15.628,2.11701,0
16.7952,-0.00358,0
15.5775,2.04637,0
16.8218,-0.05109,0
16.7933,-0.02012,0
15.6737,2.12399,0
15.6825,2.12587,0
16.807,-0.03604,0
16.8707,0.29853,0
16.3048,1.00997,0
16.4666,0.82803,0
15.4302,2.22641,0
16.8036,0.29441,0
16.3593,0.98409,0
15.3871,2.29004,0
16.3633,0.94962,0
16.8667,0.29713,0
15.5712,2.10296,0
15.5051,2.20211,0
15.4563,2.22202,0
16.7938,0.3416,0
16.3063,1.00349,0
16.4528,0.86026,0
16.4033,0.91778,0
15.4618,2.26318,0
16.4427,0.81997,0
15.4235,2.24992,0
16.4637,0.84468,0
16.8513,0.31119,0
16.279,1.08577,0
16.7163,0.39221,0
16.8273,0.3343,0
16.777,0.41919,0
16.8269,0.34393,0
16.3343,0.98397,0
15.4382,2.25401,0
16.3888,0.91724,0
16.345,0.92903,0
15.4333,2.26075,0
15.486,2.1966,0
16.5433,0.73573,0
15.5349,2.09637,0
16.4195,0.86378,0
16.7942,0.27756,0
16.7771,0.31528,0
16.3782,0.87727,0
16.3241,1.02786,0
16.7057,0.41648,0
15.5667,2.11289,0
16.7163,0.42265,0
16.8364,0.33758,0
15.2937,2.23186,0
15.5204,2.16064,0
15.5687,2.10611,0
16.3083,1.01367,0
16.7616,0.35094,0
16.7534,0.40796,0
15.395,2.28489,0
16.7721,0.34302,0
16.8082,0.3416,0
16.7663,0.39435,0
15.4168,2.2303,0
16.8289,0.32406,0
16.8155,0.37787,0
15.3194,2.22122,0
16.421,0.89461,0
15.4425,2.23418,0
16.4738,0.82265,0
16.738,0.3735,0
16.2665,1.12852,0
16.2639,1.12285,0
16.3801,0.90946,0
16.3671,0.9687,0
16.7325,0.40509,0
16.3527,0.97069,0
16.4072,0.85281,0
16.5358,0.7574,0
16.3528,0.98573,0
15.3602,2.26305,0
15.4342,2.23794,0
16.8469,0.29772,0
16.7983,0.26653,0
16.7924,0.40307,0
16.3857,0.88123,0
16.3909,0.90332,0
16.3256,1.05938,0
16.2351,1.18237,0
16.7313,0.43396,0
16.4115,0.88857,0
16.8587,0.31653,0
15.4276,2.24858,0
15.4885,2.21582,0
16.3945,0.89329,0
16.7639,0.42486,0
16.4253,0.90035,0
16.542,0.74048,0
16.4827,0.78979,0
16.4734,0.82521,0
16.3781,0.89222,0
16.5997,0.67079,0
16.7697,0.43126,0
16.4311,0.90943,0
15.3986,2.28061,0
15.5137,2.18835,0
16.7252,0.36546,0
15.4657,2.25253,0
16.7079,0.39008,0
16.7374,0.45613,0
16.7608,0.45397,0
16.779,0.38862,0
16.7739,0.35799,0
16.4175,0.8703,0
16.43,0.85384,0
16.2818,1.04792,0
15.4058,2.26166,0
16.2686,1.11643,0
16.8517,0.29979,0
16.3841,0.88365,0
16.4923,0.81525,0
16.7738,0.3899,0
16.3387,0.93799,0
16.7272,0.42106,0
16.3273,1.01334,0
15.3406,2.25362,0
15.3907,2.27006,0
16.8607,0.31444,0
16.2556,1.15399,0
16.7577,0.32617,0
16.3713,0.93087,0
15.4486,2.27028,0
16.3038,1.02649,0
15.5089,2.19306,0
16.8444,0.28529,0
16.7699,0.34164,0
16.7456,0.39792,0
16.4045,0.93171,0
15.4614,2.23302,0
15.4467,2.27157,0
16.7319,0.38618,0
16.3855,0.95769,0
16.3786,0.87584,0
16.736,0.41934,0
16.7788,0.3714,0
16.7914,0.32956,0
15.3807,2.29677,0
15.5284,2.16574,0
16.7266,0.60342,0
15.1525,2.24734,0
15.1305,2.22264,0
15.3109,2.32545,0
16.4819,0.88441,0
15.2641,2.37984,0
15.3386,2.27591,0
16.5379,0.76786,0
16.7479,0.48801,0
15.3299,2.2661,0
16.5951,0.73588,0
15.1968,2.28138,0
16.5634,0.74653,0
16.6933,0.65834,0
16.5525,0.75871,0
16.7929,0.46401,0
15.1895,2.16745,0
16.5829,0.74592,0
16.5385,0.7895,0
16.4998,0.89444,0
16.3264,1.08465,0
15.1367,2.23774,0
15.3166,2.33452,0
16.6077,0.70116,0
16.6721,0.60977,0
16.6542,0.64242,0
15.3118,2.26537,0
15.1103,2.22153,0
16.7598,0.53943,0
15.1371,2.28683,0
16.7357,0.5055,0
15.2277,2.19476,0
15.2362,2.19464,0
15.209,2.33869,0
16.723,0.51585,0
16.2158,1.23496,0
16.5736,0.78649,0
15.1543,2.28894,0
15.2177,2.21986,0
15.2031,2.31029,0
15.2908,2.33393,0
16.3973,0.9843,0
15.3121,2.25224,0
16.3344,1.0892,0
15.346,2.28612,0
16.4728,0.90007,0
16.7586,0.51115,0
16.4114,0.96147,0
16.6919,0.6205,0
16.4552,0.93241,0
16.3235,1.10464,0
16.7416,0.53261,0
16.7775,0.5225,0
16.2877,1.11572,0
16.2888,1.1407,0
16.4981,0.89535,0
16.6864,0.62967,0
16.4788,0.90107,0
16.6956,0.56117,0
15.1535,2.30835,0
15.1852,2.24238,0
16.8084,0.47327,0
16.4743,0.88066,0
15.2382,2.21449,0
16.6632,0.62168,0
16.6566,0.64098,0
16.5778,0.711,0
16.4518,0.90358,0
16.5471,0.76721,0
16.6019,0.68468,0
15.1567,2.26129,0
15.2606,2.33063,0
16.4625,0.94152,0
16.5728,0.7788,0
15.1394,2.20471,0
15.3138,2.27598,0
15.2261,2.23746,0
15.27,2.3003,0
15.3376,2.31077,0
15.2302,2.29916,0
16.7086,0.56873,0
16.8289,0.48522,0
16.4382,0.97129,0
15.1977,2.29596,0
15.1549,2.29976,0
16.345,1.05925,0
15.2415,2.32817,0
16.7164,0.58175,0
15.2784,2.30429,0
15.1246,2.21571,0
16.2484,1.18902,0
15.2303,2.27479,0
16.6648,0.68013,0
16.5445,0.78701,0
16.2886,1.14639,0
15.234,2.35856,0
15.3019,2.2565,0
15.1786,2.2688,0
16.2937,1.13746,0
16.7749,0.46877,0
15.1542,2.18153,0
16.3851,1.03375,0
15.2897,2.27761,0
15.3544,2.28417,0
15.1715,2.24955,0
16.5657,0.77384,0
16.2858,1.12576,0
15.1271,2.20035,0
15.1929,2.29089,0
16.7279,0.5979,0
15.2297,2.20194,0
16.6686,0.63721,0
15.2636,2.38382,0
15.1337,2.24318,0
16.7523,0.48699,0
16.5991,0.76356,0
16.5415,0.79379,0
15.1348,2.26478,0
15.1435,2.27503,0
15.1988,2.30554,0
16.4947,0.86022,0
16.7751,0.44887,0
16.5769,0.77451,0
16.586,0.77359,0
16.7137,0.62827,0
16.4839,0.89578,0
16.4679,0.90874,0
16.3229,1.0835,0
16.5088,0.85506,0
16.6669,0.68823,0
16.6309,0.7144,0
16.5567,0.77378,0
15.2704,2.23814,0
16.3876,0.99694,0
16.4771,0.91474,0
16.3643,1.02484,0
15.2823,2.27577,0
15.1163,2.25153,0
16.2656,1.16496,0
16.7231,0.6111,0
15.1615,2.23906,0
16.3783,1.03477,0
16.6675,0.6467,0
16.4067,1.00912,0
16.3282,1.0933,0
15.1612,2.20035,0
15.1979,2.3195,0
16.6562,0.68661,0
16.3859,1.00329,0
15.164,2.30334,0
16.7576,0.51773,0
16.7327,0.60115,0
15.1027,2.23285,0
15.129,2.20889,0
16.7403,0.55793,0
16.6592,0.68249,0
16.4235,1.01628,0
16.5436,0.86407,0
16.4361,0.98856,0
15.1655,2.40845,0
15.0864,2.2941,0
15.2167,2.3645,0
16.6884,0.68296,0
15.1351,2.32613,0
16.6355,0.79887,0
16.3404,1.1347,0
15.1359,2.3231,0
16.3593,1.10221,0
16.4827,0.96229,0
16.3541,1.09361,0
16.6346,0.78142,0
15.1733,2.35284,0
15.0924,2.27155,0
15.057,2.28229,0
15.142,2.31394,0
16.4079,1.03856,0
16.6142,0.8303,0
16.7739,0.60084,0
16.4967,0.95067,0
16.7943,0.62728,0
15.172,2.37357,0
16.7298,0.6665,0
16.2716,1.19872,0
15.1869,2.40177,0
15.1162,2.37082,0
16.4078,1.04222,0
15.1446,2.31988,0
16.7841,0.55427,0
16.3772,1.08491,0
15.1678,2.32731,0
16.4547,0.98304,0
16.7078,0.72151,0
14.972,2.25146,0
16.6567,0.72149,0
16.2223,1.24548,0
16.3049,1.17086,0
16.7688,0.58395,0
16.8211,0.57811,0
16.5166,0.90077,0
16.7262,0.70492,0
16.759,0.60611,0
16.5261,0.91905,0
16.4043,1.04635,0
16.3177,1.14151,0
16.2818,1.17529,0
16.7359,0.67889,0
16.366,1.08593,0
15.1513,2.36039,0
16.6775,0.69646,0
16.8242,0.57314,0
16.2083,1.25536,0
15.0713,2.32916,0
16.6793,0.7119,0
15.0476,2.30205,0
16.4198,1.02189,0
15.1358,2.30049,0
16.7481,0.61837,0
16.694,0.71812,0
16.7127,0.67165,0
16.4391,0.98278,0
15.0824,2.33797,0
15.1916,2.37517,0
16.6179,0.76165,0
16.7655,0.65884,0
16.5569,0.88316,0
16.6039,0.78465,0
16.8079,0.55682,0
16.7743,0.6,0
16.4175,1.02179,0
15.1281,2.38113,0
16.741,0.64021,0
16.6546,0.78291,0
16.5035,0.91783,0
16.6469,0.73602,0
16.8063,0.61607,0
16.206,1.27468,0
16.4404,0.98777,0
16.7126,0.66931,0
16.4643,0.98343,0
15.1993,2.34921,0
16.6966,0.73432,0
15.1457,2.33719,0
16.5281,0.92561,0
16.679,0.72895,0
15.1132,2.35151,0
16.484,0.96037,0
15.172,2.3816,0
15.1006,2.33592,0
16.7144,0.68231,0
16.6515,0.73635,0
15.0271,2.29515,0
15.1014,2.34957,0
16.5697,0.84669,0
16.5525,0.88609,0
16.2065,1.26299,0
16.8085,0.54877,0
15.0525,2.27905,0
16.8304,0.51517,0
16.8588,0.50101,0
15.2395,2.3867,0
16.1981,1.29683,0
16.8117,0.53617,0
15.2289,2.3821,0
16.2216,1.26909,0
16.8464,0.52778,0
16.8257,0.5318,0
16.3432,1.13425,0
16.7543,0.72206,0
14.965,2.29074,0
16.7241,0.74956,0
16.2321,1.29649,0
15.0888,2.40186,0
16.6933,0.76222,0
15.1107,2.4121,0
16.4629,1.00468,0
16.4897,1.01008,0
16.7974,0.69653,0
16.8036,0.62578,0
16.4253,1.06009,0
14.9617,2.25412,0
16.7133,0.78206,0
16.6008,0.90128,0
16.3039,1.19208,0
16.7416,0.69713,0
16.4578,1.04053,0
16.6204,0.84399,0
16.2892,1.23032,0
14.9669,2.26445,0
16.2705,1.24101,0
16.5406,0.91614,0
15.1289,2.40546,0
16.5829,0.88273,0
16.3026,1.20503,0
15.1396,2.43251,0
16.7757,0.66815,0
16.7714,0.72647,0
16.6555,0.78956,0
16.5872,0.9114,0
16.441,1.02697,0
16.1949,1.32638,0
16.3598,1.15018,0
16.352,1.15261,0
16.5403,0.91436,0
16.596,0.8774,0
16.524,0.97979,0
16.3638,1.11845,0
16.7361,0.75086,0
16.1729,1.34621,0
15.049,2.33985,0
16.5696,0.91433,0
14.9717,2.26159,0
16.58,0.90675,0
15.0403,2.33317,0
14.9823,2.26737,0
16.5768,0.90027,0
16.6445,0.83154,0
16.8345,0.66347,0
14.9998,2.30096,0
16.5573,0.91886,0
15.0462,2.34859,0
16.6115,0.84033,0
16.666,0.83892,0
16.6483,0.83681,0
16.6615,0.80157,0
16.7787,0.70469,0
16.5398,0.93687,0
16.7286,0.75227,0
16.6839,0.78729,0
16.7959,0.6487,0
16.6032,0.87685,0
16.4683,1.00548,0
16.8357,0.65371,0
15.1001,2.41112,0
15.074,2.3542,0
16.3308,1.16222,0
16.767,0.66817,0
16.6538,0.82624,0
16.7587,0.71275,0
16.4016,1.11651,0
16.2115,1.28769,0
16.2559,1.23522,0
16.8219,0.67546,0
16.396,1.0883,0
16.2953,1.20545,0
16.7789,0.69518,0
16.5486,0.93959,0
16.6964,0.74581,0
16.4595,1.02235,0
16.631,0.81936,0
16.6999,0.7429,0
14.9714,2.29954,0
16.447,1.06169,0
16.7904,0.68731,0
16.42,1.05937,0
16.3304,1.156,0
16.5865,0.87765,0
14.9703,2.42959,0
16.7668,0.85335,0
14.9411,2.44302,0
16.5413,1.04781,0
14.8248,2.31633,0
16.4928,1.04411,0
14.9661,2.43581,0
14.96,2.46859,0
16.753,0.7757,0
14.9499,2.3146,0
16.36,1.16497,0
14.965,2.44317,0
14.9382,2.43462,0
14.9111,2.35692,0
14.9545,2.38048,0
14.9772,2.42734,0
16.4993,1.07991,0
16.3794,1.16245,0
14.8289,2.25396,0
14.7024,2.12009,0
14.8145,2.32676,0
16.6269,0.94211,0
16.7868,0.82718,0
16.7871,0.81082,0
16.2857,1.279,0
16.7459,0.78528,0
14.7591,2.24402,0
14.7437,2.20314,0
16.4893,1.03695,0
14.8377,2.28681,0
14.9429,2.3572,0
14.951,2.44577,0
15.0287,2.35596,0
16.3647,1.16567,0
16.2566,1.27916,0
14.7328,2.18532,0
16.576,0.97704,0
14.7006,2.1737,0
16.764,0.78362,0
14.9925,2.33052,0
14.6723,2.15425,0
16.5947,0.9169,0
14.7161,2.13338,0
14.9411,2.43283,0
16.3361,1.24306,0
16.7379,0.86088,0
16.7371,0.81403,0
16.27,1.26973,0
16.6168,0.95989,0
16.6852,0.83566,0
16.7115,0.83393,0
16.224,1.34335,0
14.8598,2.3304,0
14.7136,2.18348,0
16.6765,0.92956,0
14.8478,2.32351,0
14.9368,2.27962,0
16.5169,1.0843,0
14.7296,2.21255,0
14.8221,2.26614,0
14.9708,2.43524,0
14.8167,2.23742,0
16.742,0.79717,0
16.5599,0.97078,0
16.5522,1.01733,0
16.7368,0.86791,0
14.7301,2.17821,0
15,2.42598,0
16.3323,1.19835,0
15.0473,2.39161,0
16.4146,1.16147,0
16.6689,0.91692,0
16.7602,0.86229,0
16.7454,0.85877,0
16.6629,0.95149,0
16.5747,0.95992,0
16.3551,1.23012,0
14.8737,2.33419,0
16.6751,0.91273,0
16.3528,1.21055,0
16.6637,0.94393,0
14.9971,2.40693,0
14.8804,2.35573,0
14.9531,2.40725,0
14.7681,2.24666,0
14.944,2.4659,0
14.9471,2.39396,0
16.5321,1.0614,0
16.5234,1.0524,0
14.9348,2.42156,0
14.7767,2.24084,0
16.3684,1.18232,0
14.6942,2.1899,0
14.9675,2.35488,0
16.6815,0.88407,0
14.8326,2.33837,0
14.8335,2.29526,0
14.899,2.37412,0
14.6621,2.16007,0
16.5544,1.04232,0
14.9625,2.39875,0
16.6078,0.96171,0
15.0357,2.42601,0
14.776,2.2666,0
16.1724,1.37779,0
15.0278,2.39074,0
14.6782,2.13422,0
14.8316,2.34678,0
14.7263,2.15649,0
16.382,1.20051,0
16.4027,1.18561,0
16.4462,1.13618,0
15.0092,2.4144,0
14.9452,2.46439,0
14.8508,2.32295,0
16.6838,0.86087,0
16.4998,1.06923,0
16.4645,1.10327,0
16.3734,1.16725,0
14.7364,2.17263,0
14.9574,2.37001,0
16.4903,1.1046,0
14.7085,2.16552,0
16.6053,0.91329,0
16.682,0.87985,0
14.7412,2.1973,0
14.9801,2.38404,0
16.3962,1.14461,0
14.77,2.19332,0
14.8697,2.3772,0
14.8646,2.28498,0
16.4424,1.12214,0
16.3369,1.23006,0
16.5814,0.99205,0
16.7649,0.85857,0
16.7005,0.8158,0
16.1992,1.35228,0
16.4942,1.03766,0
16.6282,0.88953,0
14.7536,2.18598,0
14.9337,2.31634,0
14.7482,2.16388,0
16.1451,1.41123,0
14.6909,2.11187,0
14.8477,2.31954,0
14.8902,2.34355,0
16.3039,1.24213,0
14.875,2.36407,0
16.7269,0.82454,0
16.3351,1.21485,0
14.8847,2.35654,0
16.7754,0.84169,0
14.7633,2.21175,0
14.7198,2.20332,0
16.455,1.07986,0
16.6973,0.84825,0
14.9011,2.39805,0
16.7466,0.83592,0
14.9821,2.38524,0
16.1957,1.36639,0
16.5207,1.06534,0
16.3235,1.25566,0
14.7351,2.15291,0
14.7544,2.20497,0
15.0108,2.35225,0
16.7172,0.85102,0
16.5238,1.02656,0
16.576,0.97936,0
14.7862,2.28197,0
16.3639,1.17164,0
14.897,2.28482,0
16.2903,1.27465,0
16.7059,0.85752,0
16.1765,1.36958,0
16.181,1.38187,0
14.6844,2.14192,0
15.0043,2.40248,0
14.8912,2.34493,0
14.9221,2.3161,0
16.7456,0.81813,0
16.6512,0.91016,0
14.9563,2.46438,0
14.943,2.29228,0
16.7266,0.82978,0
14.9183,2.39375,0
16.5887,0.97673,0
14.8743,2.37088,0
14.9574,2.47638,0
14.9838,2.31309,0
16.4815,1.0837,0
14.7718,2.20523,0
14.8851,2.30608,0
14.7061,2.20683,0
16.1532,1.41152,0
16.6839,0.83754,0
15.0385,2.42736,0
14.8063,2.28324,0
16.4081,1.15756,0
16.4069,1.1782,0
16.2958,1.25147,0
14.805,2.25734,0
16.6927,0.88441,0
16.6935,0.84535,0
14.7848,2.24634,0
16.2425,1.30223,0
16.7562,0.86242,0
16.2866,1.28708,0
14.9533,2.41446,0
15.269,2.41163,0
15.3546,2.30902,0
15.3511,2.32657,0
15.2928,2.40106,0
15.3581,2.31309,0
16.8764,0.50831,0
16.8395,0.56486,0
15.0733,2.44174,0
16.8378,0.71027,0
16.8198,0.72873,0
16.8231,0.70208,0
15.0961,2.46701,0
16.8182,0.7006,0
15.074,2.45091,0
16.7747,0.7314,0
16.8104,0.72265,0
15.0734,2.45595,0
16.8046,0.75716,0
16.167,1.40815,0
16.8463,0.71852,0
16.7969,0.73394,0
16.8054,0.75368,0
15.0885,2.45105,0
15.0702,2.44118,0
15.1203,2.46945,0
15.0952,2.4506,0
16.1723,1.41795,0
15.8497,2.02597,0
15.8524,2.06368,0
15.7896,2.18488,0
16.0684,1.63609,0
15.7963,2.14861,0
15.8415,1.98953,0
16.1242,1.48352,0
16.831,0.07015,0
16.1272,1.52999,0
15.762,2.20617,0
16.1106,1.55648,0
15.6335,2.12802,0
16.1119,1.50186,0
15.7513,2.1546,0
15.592,2.11422,0
16.875,0.07205,0
15.8157,2.06512,0
15.7672,2.13716,0
15.7653,2.09394,0
16.832,0.09867,0
15.6679,2.14296,0
16.8612,0.02063,0
16.8126,0.02564,0
16.7992,0.03603,0
16.81,0.0749,0
15.8474,1.98219,0
16.8458,0.03635,0
16.0916,1.59073,0
16.7973,0.06856,0
16.1695,1.41708,0
16.8323,0.08234,0
15.8436,2.04754,0
15.835,2.01179,0
16.1478,1.43861,0
15.6459,2.13916,0
16.8375,0.12723,0
16.8369,0.07103,0
16.8479,0.00358,0
15.8567,2.03305,0
16.075,1.59208,0
16.0865,1.57207,0
16.8427,-0.02632,0
16.8716,0.03911,0
16.8707,0.03682,0
16.818,0.1128,0
16.129,1.45142,0
15.7475,2.1313,0
15.8395,2.05588,0
15.8215,2.10564,0
16.9012,-0.01246,0
15.7568,2.12761,0
15.7189,2.15272,0
16.0794,1.62486,0
16.8527,0.10453,0
15.8713,2.01425,0
16.1471,1.48693,0
15.7728,2.05921,0
15.7704,2.11836,0
16.8251,0.10778,0
16.8584,0.0567,0
16.104,1.54598,0
16.1379,1.47375,0
16.8276,0.06543,0
15.7479,2.18674,0
15.7452,2.11658,0
15.7603,2.13357,0
15.6103,2.10972,0
15.7439,2.19703,0
15.838,2.02479,0
15.5943,2.11992,0
16.8124,0.10906,0
15.7733,2.08247,0
16.8191,0.05083,0
15.7553,2.15083,0
16.0782,1.61525,0
15.8457,2.06525,0
16.0949,1.54658,0
16.829,0.12545,0
15.7789,2.09132,0
15.7773,2.05508,0
15.8357,2.08739,0
15.8458,1.99627,0
16.8516,0.08837,0
16.1135,1.50699,0
16.8057,0.12041,0
16.8038,0.08217,0
16.8679,0.06109,0
15.5416,2.31261,0
16.8663,0.30907,0
16.8649,0.25981,0
15.4608,2.30134,0
16.878,0.29878,0
15.5798,2.18289,0
15.6162,2.15398,0
15.5871,2.23931,0
15.4824,2.31771,0
16.8898,0.28205,0
15.5898,2.15143,0
16.8337,0.45435,0
16.8875,0.29318,0
15.5103,2.24768,0
16.8926,0.37207,0
16.915,0.32528,0
15.6013,2.1816,0
15.5337,2.20259,0
16.8757,0.29522,0
15.5595,2.22482,0
15.5,2.30173,0
15.4837,2.27391,0
16.8348,0.41796,0
15.5118,2.24751,0
15.5479,2.30719,0
15.5582,2.16955,0
15.5186,2.20562,0
15.5658,2.14656,0
16.8546,0.43378,0
15.5303,2.23733,0
16.8958,0.30902,0
15.4865,2.26458,0
16.8549,0.35174,0
15.5998,2.20304,0
16.8347,0.23997,0
15.5455,2.29849,0
16.893,0.29793,0
16.824,0.24437,0
15.5108,2.24787,0
16.9339,0.30991,0
16.8689,0.32502,0
16.8471,0.35854,0
16.9394,0.29885,0
15.5457,2.22442,0
16.9221,0.29262,0
16.804,0.40021,0
16.8257,0.43957,0
15.6221,2.14844,0
15.5716,2.2137,0
15.5282,2.22954,0
15.4954,2.25829,0
16.8234,0.42607,0
15.6215,2.15903,0
15.62,2.15596,0
16.8292,0.38488,0
15.5729,2.23323,0
15.583,2.19354,0
15.6022,2.13883,0
16.9001,0.34225,0
15.5822,2.18287,0
15.5182,2.25337,0
16.8581,0.32834,0
15.5541,2.22176,0
16.9263,0.31069,0
15.4901,2.27605,0
15.5031,2.27656,0
15.5178,2.29779,0
15.491,2.27435,0
15.4454,2.28745,0
16.8818,0.36367,0
15.5137,2.21436,0
15.4771,2.31791,0
15.5638,2.24641,0
16.8372,0.42006,0
15.5873,2.18401,0
15.5073,2.28224,0
16.9208,0.32423,0
15.4883,2.32936,0
15.5466,2.22438,0
15.5554,2.19544,0
16.9076,0.30841,0
16.8113,0.42405,0
15.5737,2.11983,0
15.4622,2.2742,0
15.8688,2.07678,0
15.9258,1.98735,0
16.2041,1.44073,0
16.1101,1.64277,0
16.0032,1.81558,0
16.181,1.47849,0
16.1571,1.51957,0
15.9782,1.85869,0
16.8412,-0.12996,0
15.8598,2.15298,0
15.9787,1.93604,0
15.9839,1.93717,0
15.9435,1.98299,0
15.9223,2.03283,0
16.0341,1.76202,0
16.8629,-0.12967,0
16.9288,-0.07132,0
16.216,1.43374,0
16.8646,-0.08297,0
16.9151,-0.08374,0
16.2096,1.4297,0
16.2376,1.36667,0
16.8776,-0.03621,0
16.2031,1.40439,0
16.8372,-0.11274,0
15.9841,1.87684,0
16.1104,1.66796,0
15.9958,1.88113,0
16.852,-0.0647,0
16.0564,1.67318,0
16.1085,1.6376,0
15.9977,1.90947,0
16.0542,1.74653,0
16.8728,-0.04864,0
15.9681,1.97317,0
16.091,1.62752,0
15.8823,2.0977,0
15.9936,1.82274,0
16.1234,1.62496,0
15.8963,2.02691,0
16.9036,-0.07479,0
15.8557,2.09592,0
16.1126,1.62888,0
16.187,1.43114,0
16.0178,1.83469,0
16.2657,1.3457,0
16.0082,1.87498,0
15.9662,1.90343,0
16.8909,-0.09831,0
16.0455,1.73537,0
15.8554,2.15203,0
15.9379,1.99874,0
16.8909,-0.07184,0
16.0324,1.83438,0
16.2813,1.30178,0
16.8711,-0.04497,0
15.9015,2.0369,0
16.147,1.56584,0
16.0843,1.63593,0
16.17,1.46938,0
16.1363,1.58606,0
15.9023,2.05768,0
16.1027,1.64764,0
16.846,-0.07419,0
15.9379,1.98254,0
15.958,1.96482,0
16.0635,1.66992,0
16.1201,1.60882,0
15.8379,2.10073,0
16.191,1.46724,0
15.9475,1.99891,0
16.8315,-0.08628,0
15.8756,2.08072,0
16.2737,1.31447,0
16.8618,-0.05911,0
16.8306,-0.09433,0
16.1025,1.60195,0
15.9964,1.88981,0
16.0348,1.72482,0
16.0242,1.77,0
15.9508,2.00151,0
16.9213,-0.08476,0
16.1686,1.52056,0
16.2238,1.35443,0
16.2204,1.43368,0
16.09,1.63658,0
15.9614,1.95699,0
16.9076,-0.02452,0
16.8192,-0.09667,0
15.8323,2.12673,0
16.135,1.56571,0
16.2586,1.34519,0
16.1039,1.59315,0
15.9752,1.87419,0
16.9233,-0.05096,0
15.8643,2.10139,0
16.0268,1.77542,0
15.9777,1.88071,0
16.1837,1.48443,0
15.8825,2.08423,0
16.0617,1.66548,0
16.9205,-0.06069,0
16.1596,1.56807,0
16.1043,1.5984,0
16.0746,1.66212,0
16.0993,1.69184,0
15.8852,2.04975,0
16.1094,1.6047,0
16.9117,-0.06262,0
16.8897,-0.10452,0
16.0644,1.74281,0
15.8752,2.09624,0
16.1661,1.53577,0
15.8439,2.11339,0
16.0299,1.99096,0
16.1821,1.59312,0
16.1846,1.519,0
16.8283,-0.2817,0
16.0947,1.76804,0
16.9145,-0.24394,0
16.0737,1.7892,0
16.2029,1.49638,0
16.848,-0.14022,0
16.8915,-0.24487,0
16.0578,1.85369,0
16.0027,2.03637,0
16.876,-0.16414,0
16.8363,-0.16709,0
16.1178,1.70324,0
15.9858,2.01658,0
16.2146,1.55975,0
16.0687,1.803,0
16.247,1.47943,0
16.0849,1.73588,0
16.1371,1.63376,0
16.0543,1.90856,0
16.1395,1.66932,0
16.1191,1.70001,0
16.3131,1.30519,0
16.0508,1.88354,0
16.885,-0.14938,0
16.2171,1.46589,0
16.0297,1.90827,0
16.2645,1.37765,0
16.2724,1.4049,0
16.9179,-0.236,0
16.0878,1.85868,0
16.8402,-0.15738,0
16.8503,-0.24876,0
15.9743,1.96951,0
16.194,1.60684,0
16.8627,-0.26685,0
16.1876,1.57771,0
16.1282,1.75198,0
16.251,1.42431,0
15.9883,1.93447,0
16.0366,1.84638,0
16.2096,1.50065,0
16.8426,-0.18273,0
16.2667,1.35927,0
15.9998,1.94792,0
16.0761,1.88028,0
16.0692,1.88659,0
16.0901,1.78748,0
16.3272,1.28258,0
15.949,2.0375,0
16.0822,1.87031,0
16.0642,1.88797,0
16.0831,1.75347,0
16.0051,1.98218,0
16.8458,-0.16758,0
16.8735,-0.22552,0
16.1001,1.83535,0
15.9946,1.92858,0
16.8472,-0.1734,0
16.8449,-0.22701,0
16.0769,1.86745,0
16.1134,1.8127,0
16.3288,1.28062,0
16.0769,1.8791,0
16.0556,1.83583,0
16.2201,1.55925,0
16.1321,1.74372,0
16.2641,1.40145,0
16.8181,-0.28588,0
16.1829,1.5323,0
16.1577,1.71083,0
16.9024,-0.19068,0
16.8788,-0.19379,0
16.1698,1.56091,0
16.9059,-0.19558,0
16.8759,-0.16081,0
15.9925,1.95683,0
16.2572,1.39249,0
16.9187,-0.24538,0
16.8579,-0.21937,0
16.2247,1.53192,0
16.0606,1.86922,0
15.9638,1.98566,0
16.3053,1.28221,0
16.1105,1.77444,0
16.0438,1.92109,0
16.1515,1.7122,0
16.0345,2.01283,0
16.8534,-0.20068,0
16.2896,1.37493,0
16.8886,-0.24385,0
16.1818,1.60411,0
16.1491,1.69989,0
16.8794,-0.19874,0
16.055,1.87076,0
16.0217,1.91808,0
16.8331,-0.18032,0
16.8684,-0.26167,0
16.1808,1.59264,0
16.2835,1.38224,0
16.8652,-0.24278,0
16.0112,2.06203,0
16.0974,1.77505,0
16.0252,1.85486,0
16.1847,1.62739,0
16.2134,1.53383,0
16.054,1.88978,0
16.2343,1.50995,0
16.2427,1.43289,0
16.8927,-0.21199,0
16.1363,1.75426,0
16.1565,1.67155,0
15.9964,1.97721,0
16.0429,1.81758,0
16.2568,1.38229,0
16.0578,1.86837,0
16.1336,1.63556,0
16.03,1.99577,0
16.8619,-0.21659,0
16.1441,1.7016,0
16.8867,-0.18866,0
16.862,-0.25933,0
16.2132,1.54853,0
16.8268,-0.23637,0
16.2425,1.73919,0
16.2271,1.57023,0
16.183,1.82215,0
16.2224,1.6874,0
16.4104,1.19217,0
16.1692,1.82392,0
16.6306,-0.43567,0
16.2712,1.58625,0
16.0889,1.92736,0
16.3551,1.32835,0
16.1954,1.83906,0
16.7499,-0.37543,0
16.8531,-0.45037,0
16.2221,1.74767,0
16.8761,-0.39361,0
16.2174,1.69982,0
16.3302,-0.56737,0
16.2088,-0.58847,0
16.2538,1.71427,0
16.6815,-0.45329,0
16.1238,1.93709,0
16.847,-0.35906,0
16.228,1.78078,0
16.2739,1.58746,0
16.4644,-0.49301,0
16.4645,-0.52565,0
16.2188,1.77197,0
16.2187,1.79255,0
16.7112,-0.44953,0
16.3525,1.30221,0
16.287,1.60431,0
16.32,1.5079,0
16.3219,-0.57841,0
16.5114,-0.55197,0
16.1675,1.82008,0
16.2811,1.56889,0
16.3739,-0.53087,0
16.2479,1.57009,0
16.8762,-0.42914,0
16.8368,-0.42605,0
16.5995,-0.42657,0
16.694,-0.47568,0
16.1686,-0.60244,0
16.2028,1.64348,0
16.456,-0.49687,0
16.1495,1.77754,0
16.2959,1.49967,0
16.6996,-0.39993,0
16.2638,1.64717,0
16.827,-0.44826,0
16.8411,-0.29329,0
16.8884,-0.42323,0
16.4858,-0.46477,0
16.1689,1.86717,0
16.2223,1.79244,0
16.2517,1.54852,0
16.4595,-0.49609,0
16.1687,1.72809,0
16.2148,1.65993,0
16.178,-0.59171,0
16.1872,1.92349,0
16.6416,-0.40404,0
16.2021,1.84533,0
16.8546,-0.44591,0
16.2763,-0.59941,0
16.1689,1.8363,0
16.2853,-0.55604,0
16.4725,-0.45988,0
16.2057,-0.55792,0
16.2469,1.71516,0
16.2929,1.39536,0
16.538,-0.44102,0
16.3531,1.34685,0
16.2917,1.5459,0
16.2041,1.81133,0
16.1454,1.90183,0
16.7221,-0.46368,0
16.1699,1.71227,0
16.4256,-0.55372,0
16.6425,-0.49162,0
16.5985,-0.44391,0
16.5302,-0.49576,0
16.3392,1.34066,0
16.5859,-0.4511,0
16.2424,1.66223,0
16.328,-0.59813,0
16.4466,-0.48578,0
16.1628,-0.63111,0
16.3507,-0.59061,0
16.2016,1.84007,0
16.251,-0.58137,0
16.4402,-0.57053,0
16.2382,-0.55642,0
16.2684,-0.61495,0
16.3512,1.24923,0
16.8636,-0.38614,0
16.6188,-0.43384,0
16.2216,1.651,0
16.3507,-0.58895,0
16.4109,-0.53219,0
16.7951,-0.44129,0
16.2714,1.65802,0
16.1961,1.90598,0
16.3377,1.43588,0
16.8398,-0.29783,0
16.1538,-0.63745,0
16.2777,-0.61779,0
16.5096,-0.54025,0
16.2427,-0.6243,0
16.8267,-0.37264,0
16.7801,-0.40985,0
16.2098,1.7401,0
16.1891,1.84299,0
16.8632,-0.41148,0
16.8086,-0.3694,0
16.2127,1.78733,0
16.1061,1.92181,0
16.1544,1.7985,0
16.1864,1.77733,0
16.2219,1.76921,0
16.5284,-0.54132,0
16.2943,1.58739,0
16.411,-0.4862,0
16.5614,-0.46332,0
16.6326,-0.51326,0
16.8036,-0.44994,0
16.1848,-0.61422,0
16.2034,-0.55808,0
16.1078,1.91865,0
16.3276,-0.56939,0
16.772,-0.43568,0
16.2775,1.62235,0
16.7617,-0.38133,0
16.4964,-0.51227,0
16.1661,-0.6548,0
16.274,1.48112,0
16.4086,1.18639,0
16.2681,1.49777,0
16.2794,-0.60388,0
16.7866,-0.44336,0
16.1758,1.91417,0
16.5524,-0.4329,0
16.3577,1.33057,0
16.2079,1.62422,0
16.5167,-0.51225,0
16.3714,1.31097,0
16.1699,1.72056,0
16.262,1.61235,0
16.1591,-0.59619,0
16.1482,1.92901,0
16.1641,1.7805,0
16.2305,1.59126,0
16.7179,-0.38185,0
16.232,1.74245,0
16.1834,1.83693,0
16.5842,-0.50051,0
16.198,1.85281,0
16.7903,-0.33989,0
16.1211,1.82157,0
16.2337,1.61331,0
16.374,-0.54424,0
16.5049,-0.47278,0
16.8362,-0.28971,0
16.6206,-0.43655,0
16.2976,1.48737,0
16.1755,1.81433,0
16.2314,1.69347,0
16.4264,-0.49074,0
16.5805,-0.46222,0
16.1667,1.85322,0
16.16,-0.58626,0
16.241,1.52818,0
16.6685,-0.3843,0
16.2361,1.55773,0
16.6926,-0.37867,0
16.4162,-0.5485,0
16.4475,-0.52549,0
16.2047,1.81789,0
16.1749,1.90596,0
16.8035,-0.33547,0
16.3821,1.21968,0
16.4709,-0.551,0
16.3632,-0.50351,0
16.3814,-0.55175,0
16.6453,-0.3942,0
16.1858,1.72642,0
16.4712,-0.45816,0
16.6024,-0.51974,0
16.3002,-0.55048,0
16.2595,1.70723,0
16.4937,-0.52329,0
16.1574,-0.6228,0
16.3063,-0.5779,0
16.1746,1.7116,0
16.6351,-0.49764,0
16.6447,-0.50982,0
16.2062,1.65149,0
16.172,1.87129,0
16.6028,-0.43583,0
16.7848,-0.36852,0
16.8419,-0.44203,0
16.4479,-0.52195,0
16.3394,-0.52366,0
16.1718,1.81916,0
16.3031,1.42391,0
16.1583,1.90894,0
16.2355,1.52942,0
16.6653,-0.41832,0
16.1478,-0.64088,0
16.2843,1.49659,0
16.2503,1.65897,0
16.5785,-0.49927,0
16.3257,-0.60539,0
16.2831,1.51475,0
16.2066,1.76664,0
16.1381,1.92526,0
16.7901,-0.38455,0
16.3138,1.37795,0
16.2755,1.54182,0
16.2097,1.73085,0
16.1815,1.94092,0
16.2081,1.8402,0
16.2022,1.71042,0
16.7477,-0.41607,0
16.5848,-0.49572,0
16.1328,-0.62337,0
16.3508,1.37002,0
16.3,1.51158,0
16.8782,-0.38712,0
16.2135,-0.58805,0
16.2139,-0.5552,0
16.285,1.44124,0
16.5796,-0.42779,0
16.239,1.77486,0
16.3726,1.318,0
16.7284,-0.3608,0
16.1061,1.91894,0
16.1235,1.80905,0
16.6153,-0.44349,0
16.6964,-0.47658,0
16.701,-0.47697,0
16.2594,1.69966,0
16.8026,-0.3811,0
16.2759,-0.53922,0
16.7049,-0.42813,0
16.5528,-0.52754,0
16.3196,1.43128,0
16.7686,-0.39938,0
16.4295,-0.57074,0
16.7019,-0.43184,0
16.5713,-0.47226,0
16.2505,-0.58453,0
16.3475,-0.55086,0
16.4962,-0.51596,0
16.1378,1.90492,0
16.1942,1.68883,0
16.3717,-0.58238,0
16.1549,-0.61913,0
16.8397,-0.33796,0
16.7603,-0.38586,0
16.1947,1.87029,0
16.8151,-0.40581,0
16.6171,-0.44629,0
16.1997,-0.59846,0
16.3631,1.34269,0
16.7022,-0.42603,0
16.848,-0.38531,0
16.8259,-0.42067,0
16.3267,-0.59334,0
16.2244,1.69458,0
16.8402,-0.30934,0
16.5401,-0.48854,0
16.3577,1.26652,0
16.5388,-0.4629,0
16.7285,-0.39728,0
16.4178,-0.49242,0
16.6393,-0.46567,0
16.8772,-0.42421,0
16.2749,1.4809,0
16.2185,-0.61886,0
16.3378,1.29751,0
16.3076,1.40162,0
16.185,1.78808,0
16.19,1.85937,0
16.2583,1.46704,0
16.7227,-0.44902,0
16.8016,-0.34412,0
16.1672,1.92574,0
16.259,1.61958,0
16.2939,1.40767,0
16.3486,1.40276,0
16.2493,1.53049,0
16.1638,-0.61721,0
16.3542,1.3399,0
16.1847,1.83772,0
16.7067,-0.37216,0
16.3557,1.35802,0
16.2052,-0.6142,0
16.2961,1.53093,0
16.1917,1.73237,0
16.6458,-0.4871,0
16.2126,1.58597,0
16.7375,-0.35908,0
16.8009,-0.56146,0
16.4064,-0.62889,0
16.7434,-0.53117,0
16.7609,-0.49328,0
16.7597,-0.49349,0
16.5215,-0.56231,0
16.3064,1.62105,0
16.7902,-0.56768,0
16.699,-0.60214,0
16.4779,-0.58795,0
16.4195,-0.67099,0
16.5189,-0.58899,0
16.5495,-0.61742,0
16.3094,1.55381,0
16.4489,-0.58843,0
16.3714,-0.63506,0
16.4279,1.21956,0
16.3263,1.52089,0
16.5188,-0.56724,0
16.3492,1.5867,0
16.2869,-0.62353,0
16.6636,-0.6096,0
16.2538,1.76468,0
16.3153,1.61669,0
16.2171,-0.71339,0
16.4366,1.25283,0
16.6639,-0.58415,0
16.5216,-0.6297,0
16.5676,-0.62105,0
16.1839,-0.71324,0
16.6191,-0.57415,0
16.7532,-0.58018,0
16.3606,1.46766,0
16.6807,-0.56238,0
16.6985,-0.59615,0
16.3805,-0.62518,0
16.6175,-0.54746,0
16.5565,-0.60285,0
16.26,-0.6809,0
16.2127,-0.71071,0
16.3738,1.34548,0
16.7087,-0.53558,0
16.6787,-0.50896,0
16.4385,-0.66886,0
16.7414,-0.55086,0
16.436,-0.65568,0
16.3997,1.31033,0
16.3543,1.487,0
16.2069,-0.6527,0
16.8181,-0.5499,0
16.3246,1.50649,0
16.8432,-0.57911,0
16.3391,1.50616,0
16.2802,-0.65816,0
16.2386,-0.68314,0
16.2983,-0.6733,0
16.6337,-0.54092,0
16.1652,-0.70358,0
16.7805,-0.53282,0
16.5756,-0.63417,0
16.4085,1.23757,0
16.4726,-0.65547,0
16.8274,-0.57465,0
16.7658,-0.59327,0
16.4484,-0.57703,0
16.365,1.41462,0
16.3966,-0.6475,0
16.3097,1.67427,0
16.5575,-0.63421,0
16.597,-0.63375,0
16.5085,-0.58698,0
16.2966,1.82479,0
16.5245,-0.58253,0
16.6821,-0.52102,0
16.7267,-0.53958,0
16.2195,-0.71858,0
16.4128,1.27243,0
16.378,-0.62779,0
16.2894,1.7037,0
16.6534,-0.5814,0
16.3935,-0.6058,0
16.4057,1.30864,0
16.4227,1.26483,0
16.3697,1.47426,0
16.6552,-0.55064,0
16.3736,1.39944,0
16.2484,1.7855,0
16.6441,-0.52746,0
16.5951,-0.53717,0
16.3369,1.69272,0
16.238,-0.6451,0
16.3145,1.68276,0
16.3422,1.51551,0
16.6096,-0.58933,0
16.7359,-0.51718,0
16.7657,-0.50912,0
16.741,-0.55239,0
16.2065,-0.657,0
16.2829,1.65831,0
16.349,1.6351,0
16.2937,-0.70665,0
16.4457,-0.59641,0
16.369,-0.68575,0
16.3121,1.72214,0
16.1588,-0.67072,0
16.2418,-0.7115,0
16.2574,-0.70934,0
16.2465,-0.71156,0
16.7351,-0.55577,0
16.3636,1.52795,0
16.752,-0.53538,0
16.2861,1.68915,0
16.3306,1.65174,0
16.418,1.28657,0
16.3302,1.62596,0
16.5772,-0.62394,0
16.3483,1.6235,0
16.2818,1.75129,0
16.4225,1.28872,0
16.3914,-0.62437,0
16.8138,-0.5437,0
16.685,-0.53111,0
16.7403,-0.50147,0
16.3106,-0.64572,0
16.2889,1.77813,0
16.411,1.2261,0
16.757,-0.51732,0
16.274,1.80834,0
16.4516,-0.59641,0
16.7648,-0.50965,0
16.1534,-0.68117,0
16.2934,-0.68354,0
16.4438,-0.63373,0
16.2861,-0.62066,0
16.3204,1.67701,0
16.3108,1.59706,0
16.4301,1.2724,0
16.3534,-0.60616,0
16.4659,-0.62355,0
16.7302,-0.59141,0
16.2813,1.81596,0
16.6933,-0.52711,0
16.3096,1.65156,0
16.5368,-0.61774,0
16.3333,-0.67034,0
16.4427,1.22515,0
16.2662,1.80506,0
16.3854,-0.65122,0
16.3939,1.35939,0
16.6694,-0.5152,0
16.6143,-0.58024,0
16.2676,-0.70467,0
16.3169,1.65675,0
16.8342,-0.56088,0
16.2642,1.74593,0
16.4069,-0.60975,0
16.6068,-0.5905,0
16.778,-0.50794,0
16.4256,-0.63563,0
16.2349,-0.64369,0
16.2846,-0.6279,0
16.589,-0.53057,0
16.3318,1.66464,0
16.2592,1.73241,0
16.4082,-0.59953,0
16.7942,-0.57806,0
16.3253,-0.64037,0
16.5751,-0.58635,0
16.5284,-0.63916,0
16.2966,1.60183,0
16.3999,1.2732,0
16.4777,-0.57493,0
16.2159,-0.67336,0
16.252,-0.66351,0
16.6119,-0.52972,0
16.6909,-0.57189,0
16.7296,-0.50546,0
16.3956,-0.64134,0
16.3443,1.53395,0
16.3322,-0.63078,0
16.2648,-0.65204,0
16.2962,1.82492,0
16.3107,1.78686,0
16.3048,-0.64874,0
16.6535,-0.52166,0
16.3884,1.40799,0
16.1518,-0.66937,0
16.2374,1.80722,0
16.7018,-0.55456,0
16.3042,-0.70248,0
16.502,-0.62779,0
16.3744,-0.60025,0
16.4074,1.23501,0
16.3855,1.37164,0
16.2861,-0.68066,0
16.3963,1.2848,0
16.3348,1.76625,0
16.4016,1.46184,0
16.3682,-0.71021,0
16.4868,1.12393,0
16.2233,-0.74379,0
16.4345,1.30155,0
16.4083,-0.68441,0
16.3694,1.65321,0
16.407,1.45758,0
16.2444,-0.7207,0
16.4109,1.4492,0
16.4479,1.29343,0
16.4393,1.30704,0
16.7492,-0.62369,0
16.4088,1.47028,0
16.3599,1.77038,0
16.4726,-0.68321,0
16.4205,-0.69184,0
16.4489,-0.68678,0
16.3958,1.59743,0
16.4556,1.24656,0
16.4013,1.43425,0
16.2758,-0.74096,0
16.4964,1.11314,0
16.4773,1.19133,0
16.8272,-0.62471,0
16.7923,-0.60537,0
16.4615,1.28218,0
16.321,1.81193,0
16.4028,1.50529,0
16.2792,-0.72722,0
16.3769,-0.71283,0
16.8314,-0.62257,0
16.8381,-0.62792,0
16.4363,-0.69227,0
16.8335,-0.61745,0
16.4207,1.44934,0
16.4733,1.12817,0
16.4232,1.35438,0
16.302,-0.71174,0
16.477,1.23672,0
16.3856,1.49638,0
16.1856,-0.741,0
16.4156,-0.68818,0
16.4356,-0.7047,0
16.3752,1.6364,0
16.3352,1.81064,0
16.477,1.14566,0
16.6713,-0.64798,0
16.6078,-0.64838,0
16.4489,1.33775,0
16.6229,-0.66898,0
16.3376,1.73584,0
16.4389,1.39742,0
16.594,-0.64976,0
16.4468,-0.67864,0
16.7661,-0.62773,0
16.5226,-0.65784,0
16.385,1.51292,0
16.7888,-0.59964,0
16.5811,-0.68012,0
16.4934,1.13559,0
16.3584,-0.69531,0
16.8212,-0.59613,0
16.4348,1.44483,0
16.6588,-0.64283,0
16.4213,1.36302,0
16.7455,-0.61308,0
16.3626,1.6016,0
16.3252,-0.7248,0
16.6301,-0.63839,0
16.3593,1.63186,0
16.4713,1.26154,0
16.2553,-0.71917,0
16.4021,1.48096,0
16.3717,1.57405,0
16.429,1.35132,0
16.3505,1.7408,0
16.4528,-0.68139,0
16.6168,-0.65834,0
16.4342,-0.69729,0
16.4814,1.1351,0
16.3454,1.72063,0
16.3542,1.80488,0
16.404,1.52306,0
16.4612,-0.70395,0
16.3185,-0.70556,0
16.4694,1.21892,0
16.4377,1.29942,0
16.4241,1.33114,0
16.63,-0.65991,0
16.39,1.5859,0
16.4341,1.37516,0
16.6518,-0.64796,0
16.3474,1.73479,0
16.4,1.4935,0
16.4199,-0.70953,0
16.3393,-0.71419,0
16.379,-0.69003,0
16.8251,-0.6276,0
16.263,-0.7304,0
16.4362,1.31028,0
16.3702,1.6042,0
16.7984,-0.63527,0
16.3947,1.59654,0
16.3431,1.75906,0
16.8324,-0.58966,0
16.45,-0.69044,0
16.3922,-0.69739,0
16.7354,-0.63791,0
16.4781,1.1367,0
16.8791,-0.44512,0
16.8447,-0.45723,0
16.2135,1.9291,0
16.8945,-0.44637,0
16.8622,-0.30601,0
16.2386,1.90297,0
16.2298,1.94904,0
16.2248,1.91438,0
16.2132,1.91712,0
16.2021,1.94941,0
16.8912,-0.40296,0
16.2294,1.86467,0
16.2208,1.95801,0
16.2482,1.89191,0
16.8853,-0.38013,0
16.8624,-0.28071,0
16.2315,1.91283,0
16.2294,1.94262,0
16.2167,1.90465,0
16.2184,1.90238,0
16.2568,1.86741,0
16.2262,1.93018,0
16.2126,1.93055,0
16.1953,1.94175,0
16.8924,-0.29414,0
16.1153,1.95111,0
16.1244,1.99762,0
16.9161,-0.28264,0
16.9345,-0.35586,0
16.0815,1.98558,0
16.9031,-0.30694,0
16.1677,2.00811,0
16.1606,2.01214,0
16.0886,1.97215,0
16.166,2.00904,0
16.1441,1.98926,0
16.0903,1.99111,0
16.1538,2.01244,0
16.1432,1.97158,0
16.8878,-0.26314,0
16.1113,1.98794,0
16.8877,-0.34636,0
16.1069,2.00117,0
16.9076,-0.31202,0
16.926,-0.30675,0
16.1435,1.96971,0
16.8987,-0.25794,0
16.1146,2.00042,0
16.085,1.95853,0
16.8705,-0.2797,0
16.104,1.99773,0
16.9132,-0.33634,0
16.1431,1.98863,0
16.1372,1.97536,0
16.9355,-0.33759,0
16.9039,-0.33495,0
15.9087,2.10976,0
15.8892,2.16627,0
15.8981,2.12568,0
15.9831,2.0757,0
16.9632,0.08672,0
16.9566,-0.007,0
16.9806,-0.03187,0
15.9442,2.17096,0
15.9065,2.15133,0
15.9412,2.05644,0
15.897,2.13275,0
16.8916,0.16068,0
16.9294,0.09666,0
16.9223,-0.0094,0
16.9249,0.09927,0
16.906,0.03091,0
15.918,2.13218,0
15.8731,2.19624,0
16.8645,0.14794,0
16.9603,0.06722,0
16.836,0.20992,0
16.9384,-0.00198,0
16.9272,0.06528,0
16.9833,0.00413,0
16.8532,0.15523,0
16.8994,0.16711,0
16.89,0.09636,0
15.8957,2.12883,0
16.9081,0.06168,0
16.9977,0.01505,0
16.9172,0.17012,0
15.8573,2.16044,0
15.9317,2.1584,0
16.9278,0.14958,0
16.888,0.15545,0
16.9074,0.12208,0
15.899,2.16869,0
15.9244,2.17661,0
15.8921,2.21103,0
16.9256,0.10002,0
15.9654,2.10964,0
16.8634,0.21455,0
16.9331,-0.05462,0
17.0068,-0.01697,0
16.908,0.1022,0
16.8908,0.10606,0
16.8856,0.12094,0
16.9317,0.02347,0
16.9955,0.00988,0
16.8804,0.21206,0
16.8898,0.14788,0
16.9011,0.05574,0
16.8861,0.08548,0
15.9378,2.11194,0
16.9061,0.13356,0
16.9078,0.16508,0
15.9215,2.12409,0
16.9619,0.02747,0
16.9594,-0.03545,0
15.8846,2.15039,0
16.8657,0.16736,0
15.9094,2.17722,0
16.9229,0.14827,0
16.8794,0.23219,0
16.9242,0.0347,0
16.9563,0.04155,0
16.913,0.17476,0
16.8957,0.17123,0
15.8252,2.17827,0
16.8955,0.08025,0
16.9174,0.04166,0
15.9627,2.13425,0
16.939,0.12132,0
15.9876,2.08922,0
15.8361,2.17683,0
15.954,2.11602,0
15.6916,2.2133,0
16.9891,0.14605,0
15.6825,2.19513,0
16.9633,0.2207,0
15.8089,2.18361,0
16.9482,0.26281,0
16.9705,0.23096,0
15.8069,2.1811,0
16.9465,0.24089,0
15.8349,2.19382,0
17.0125,0.13378,0
16.9489,0.14202,0
15.8094,2.2346,0
15.8203,2.26879,0
15.7477,2.26375,0
16.9725,0.17748,0
15.7187,2.21523,0
16.9103,0.21424,0
15.8038,2.25532,0
15.7867,2.26609,0
15.8239,2.24356,0
15.6916,2.20331,0
16.9065,0.25213,0
15.7176,2.23743,0
15.7746,2.26811,0
17.013,0.13013,0
16.9022,0.25863,0
16.9895,0.1202,0
15.8369,2.22467,0
16.9021,0.25731,0
16.9736,0.11551,0
16.9253,0.25699,0
16.9132,0.22378,0
16.9769,0.18305,0
16.9688,0.10866,0
16.9341,0.23799,0
15.7696,2.21787,0
17.0049,0.16607,0
16.9211,0.17393,0
16.8939,0.23614,0
15.6672,2.18772,0
15.6495,2.20401,0
15.7475,2.25327,0
15.8118,2.265,0
15.8058,2.25911,0
16.9734,0.10046,0
15.824,2.26415,0
16.9986,0.10856,0
16.9481,0.14733,0
15.8535,2.19442,0
15.7345,2.20509,0
16.9454,0.18819,0
16.9794,0.16081,0
15.6469,2.16782,0
16.9559,0.24914,0
15.8092,2.20719,0
16.9796,0.12099,0
16.942,0.16728,0
15.7164,2.23648,0
16.9791,0.20305,0
15.6753,2.20285,0
16.889,0.25201,0
16.9569,0.24017,0
15.7338,2.25279,0
17.0157,0.13661,0
15.8275,2.19219,0
16.9771,0.1843,0
15.6963,2.23112,0
16.9098,0.21808,0
16.942,-0.27441,0
16.0553,1.99456,0
16.9251,-0.21688,0
16.2199,1.98948,0
16.956,-0.30243,0
16.1541,2.02031,0
16.9247,-0.24577,0
16.2105,1.95808,0
16.0719,1.99686,0
16.9645,-0.0506,0
16.9123,-0.12649,0
16.0437,2.1005,0
16.0224,2.12693,0
16.9585,-0.05782,0
16.0238,2.12941,0
16.0003,2.11103,0
16.0568,2.01087,0
17.0071,-0.10441,0
16.9169,-0.15001,0
16.9265,-0.11005,0
16.0854,2.0515,0
16.0368,2.1129,0
16.1027,2.09146,0
16.0894,2.06629,0
16.0634,2.03926,0
16.5045,1.1436,0
16.0418,2.06947,0
16.9782,-0.13818,0
16.1306,2.04425,0
16.0799,2.14368,0
16.0435,2.15889,0
15.9943,2.09032,0
16.1031,2.0768,0
16.9196,-0.10323,0
16.0798,2.10347,0
16.962,-0.11929,0
16.9977,-0.1294,0
16.0434,2.02854,0
16.9451,-0.09137,0
16.1026,2.08785,0
16.9411,-0.15412,0
16.9452,-0.1713,0
16.0695,2.12506,0
16.0399,2.0256,0
16.9804,-0.13244,0
17.0046,-0.14777,0
16.0145,2.09719,0
16.0971,2.07965,0
16.5012,1.15206,0
16.9996,-0.05709,0
16.0628,2.12943,0
16.1309,2.02356,0
17.0263,-0.12412,0
15.9973,2.12422,0
15.9874,2.09524,0
16.5285,1.08745,0
16.502,1.13714,0
16.0108,2.13864,0
16.0693,2.16949,0
16.0804,2.00853,0
16.9642,-0.16259,0
16.9176,-0.13936,0
16.0166,2.09501,0
16.9746,-0.14274,0
16.9429,-0.16941,0
15.9902,2.10175,0
16.938,-0.14301,0
16.9699,-0.08981,0
16.0455,2.0794,0
16.5129,1.09966,0
16.9594,-0.12689,0
16.0557,2.08654,0
16.9558,-0.07706,0
16.0221,2.11693,0
16.4356,1.45662,0
16.4934,-0.71123,0
16.4887,1.27037,0
16.4046,1.66187,0
16.5915,-0.69948,0
16.4315,1.79042,0
16.4741,1.38782,0
16.424,1.52518,0
16.1648,-0.77397,0
16.5796,-0.71602,0
16.2557,-0.76669,0
16.5024,1.60439,0
16.3979,1.68698,0
16.4611,1.61954,0
16.5065,1.68305,0
16.4365,1.66047,0
16.4023,1.62549,0
16.8809,-0.60565,0
16.4485,1.68866,0
16.6201,1.00153,0
16.4681,1.70407,0
16.4866,1.55099,0
16.6737,-0.69862,0
16.5128,1.45743,0
16.4533,1.45714,0
16.4612,1.48696,0
16.5466,1.06583,0
16.5941,1.10913,0
16.8448,-0.58639,0
16.5458,1.1316,0
16.8415,-0.5267,0
16.4631,1.45041,0
16.4551,1.56261,0
16.4739,1.73116,0
16.5006,1.26372,0
16.6093,-0.69726,0
16.4692,1.59624,0
16.4848,1.42741,0
16.4737,1.48366,0
16.603,1.01801,0
16.5375,1.13832,0
16.5293,1.21725,0
16.5581,1.29724,0
16.4573,-0.73566,0
16.4657,1.36747,0
16.3928,1.67991,0
16.5555,1.13357,0
16.871,-0.50297,0
16.5416,1.4183,0
16.4359,1.59883,0
16.8791,-0.58144,0
16.5012,1.58771,0
16.2871,-0.75329,0
16.5673,1.11012,0
16.4728,1.26858,0
16.4426,1.58711,0
16.5622,1.15926,0
16.5202,1.56953,0
16.3948,1.68704,0
16.4836,1.46617,0
16.4887,1.75526,0
16.5276,1.32669,0
16.7907,-0.6478,0
16.4976,1.48135,0
16.8868,-0.6564,0
16.5065,1.37508,0
16.4907,1.36068,0
16.4282,1.59356,0
16.524,1.36984,0
16.4533,1.76472,0
16.5547,1.34637,0
16.5101,1.24868,0
16.5213,1.51018,0
16.4656,1.74557,0
16.5401,1.29138,0
16.429,1.6374,0
16.4849,1.48275,0
16.8558,-0.60099,0
16.5576,1.3021,0
16.8475,-0.57254,0
16.5252,1.29434,0
16.5732,-0.68362,0
16.563,1.29114,0
16.4032,1.75847,0
16.4967,1.73546,0
16.4289,1.4876,0
16.3109,-0.73729,0
16.4667,-0.71069,0
16.4392,1.65139,0
16.5112,1.37598,0
16.358,-0.73649,0
16.8853,-0.65806,0
16.5563,1.40439,0
16.2582,-0.76458,0
16.5415,1.11569,0
16.2821,-0.75521,0
16.5581,1.32834,0
16.4262,1.63888,0
16.605,1.12562,0
16.579,1.28434,0
16.3367,-0.75109,0
16.4697,1.74081,0
16.4515,1.48929,0
16.4611,1.45557,0
16.6049,1.11294,0
16.4034,1.76527,0
16.5275,1.47495,0
16.58,1.10698,0
16.4067,1.66184,0
16.4922,1.70987,0
16.5229,1.37089,0
16.2043,-0.76462,0
16.7763,-0.67143,0
16.8928,-0.62796,0
16.4076,1.67111,0
16.5043,1.56587,0
16.5472,1.40074,0
16.4793,1.46896,0
16.4923,1.40515,0
16.4596,1.58637,0
16.538,1.20208,0
16.4476,1.57344,0
16.5583,1.20593,0
16.5255,1.49241,0
16.5312,1.09856,0
16.5662,1.15795,0
16.6452,-0.70193,0
16.5996,-0.69572,0
16.5135,1.51297,0
16.5446,1.15987,0
16.7892,-0.66618,0
16.4827,1.37416,0
16.4334,1.7268,0
16.6564,-0.67567,0
16.4503,1.74766,0
16.4887,1.68508,0
16.4823,1.33393,0
16.8581,-0.46363,0
16.5472,1.31146,0
16.3613,-0.73833,0
16.4037,1.63054,0
16.3726,1.769,0
16.5008,1.19268,0
16.7229,-0.68819,0
16.2159,-0.75793,0
16.5557,1.17943,0
16.5941,-0.70012,0
16.8514,-0.57391,0
16.4481,1.46627,0
16.4321,1.56999,0
16.5154,1.62722,0
16.6317,-0.67752,0
16.4193,1.74369,0
16.5383,1.4649,0
16.5314,1.41603,0
16.6594,-0.68661,0
16.4939,1.36366,0
16.4524,1.37501,0
16.4201,1.59821,0
16.4849,1.21382,0
16.4228,1.65093,0
16.8736,-0.63284,0
16.2635,-0.75913,0
16.8277,-0.64611,0
16.5396,1.16077,0
16.4942,1.53328,0
16.5148,1.31365,0
16.5113,1.64117,0
16.511,1.56929,0
16.4984,1.5892,0
16.6128,1.04122,0
16.46,1.63256,0
16.4167,1.76612,0
16.4926,1.49276,0
16.6364,-0.69024,0
16.4071,1.7802,0
16.5631,-0.69972,0
16.5122,1.38635,0
16.5212,-0.70581,0
16.4924,1.41492,0
16.5783,-0.68635,0
16.498,1.48455,0
16.4641,1.47745,0
16.5103,1.13578,0
16.5866,-0.70551,0
16.6464,-0.70454,0
16.5528,1.41139,0
16.5395,1.45244,0
16.5467,1.45133,0
16.4314,1.62268,0
16.5289,1.49281,0
16.8758,-0.6583,0
16.4851,1.40708,0
16.446,1.6181,0
16.5556,1.25311,0
16.5049,1.71534,0
16.4459,1.71674,0
16.4393,1.66147,0
16.5045,1.48163,0
16.4832,1.39422,0
16.5116,1.66299,0
16.3982,1.73086,0
16.4224,1.69089,0
16.4762,1.56561,0
16.4931,1.22227,0
16.874,-0.50147,0
16.8433,-0.50491,0
16.5648,1.18468,0
16.5397,1.4164,0
16.4671,1.30168,0
16.5126,1.18723,0
16.7246,-0.67047,0
16.5877,1.12805,0
16.4156,1.74342,0
16.5126,1.26342,0
16.4948,1.2614,0
16.4957,1.3996,0
16.8202,-0.66192,0
16.8579,-0.60371,0
16.5233,1.42495,0
16.1813,-0.77088,0
16.5271,1.22117,0
16.7582,-0.67627,0
16.5899,1.08786,0
16.4796,1.59846,0
16.6954,-0.68143,0
16.7557,-0.68061,0
16.4414,1.77851,0
16.4911,1.23465,0
16.8421,-0.54087,0
16.4618,1.69389,0
16.5473,1.40597,0
16.75,-0.65617,0
16.4325,1.61623,0
16.529,-0.69798,0
16.4785,1.59326,0
16.4542,1.3597,0
16.5242,-0.72603,0
16.4669,-0.70866,0
16.5525,1.19189,0
16.4937,1.49328,0
16.5272,1.24855,0
16.5416,1.42851,0
16.4368,1.53352,0
16.2528,-0.75046,0
16.8612,-0.46938,0
16.5106,1.46486,0
16.1625,-0.76556,0
16.4924,1.48501,0
16.5305,1.41981,0
16.795,-0.655,0
16.4456,-0.73887,0
16.9177,-0.4124,0
16.9023,-0.40069,0
16.341,1.86294,0
16.3192,1.8618,0
16.4022,1.79232,0
16.4089,1.84889,0
16.3775,1.78434,0
16.9143,-0.41498,0
16.4109,1.79593,0
16.3909,1.86203,0
16.2806,1.85456,0
16.9175,-0.44317,0
16.8896,-0.50735,0
16.9334,-0.52389,0
16.3651,1.81787,0
16.3329,1.85411,0
16.4118,1.8345,0
16.3903,1.82619,0
16.3208,1.81745,0
16.9216,-0.46131,0
16.9069,-0.42731,0
16.3701,1.85602,0
16.4158,1.8076,0
16.4205,1.86229,0
16.3632,1.84669,0
16.9076,-0.37011,0
16.3146,1.85102,0
16.3472,1.8314,0
16.3384,1.85405,0
16.4132,1.86726,0
16.4203,1.80087,0
16.9099,-0.45159,0
16.405,1.85067,0
16.3688,1.85779,0
16.3892,1.79719,0
16.3208,1.8308,0
16.8957,-0.37353,0
16.8842,-0.49694,0
16.3822,1.86304,0
16.8895,-0.50612,0
16.3588,1.83382,0
16.4213,1.85798,0
16.3564,1.83623,0
16.3807,1.86494,0
16.9324,-0.52993,0
16.9557,-0.20992,0
16.2796,1.90598,0
16.9739,-0.34644,0
16.2463,2.00101,0
16.3287,1.93576,0
16.224,1.98821,0
16.293,1.9426,0
16.2612,1.8992,0
16.9386,-0.23308,0
16.263,1.9579,0
16.3096,1.95575,0
16.9925,-0.36181,0
16.3402,1.89989,0
16.9387,-0.19772,0
16.9375,-0.22635,0
16.9597,-0.29815,0
16.3181,2.02775,0
16.267,1.98493,0
16.2688,2.00874,0
16.9411,-0.38173,0
16.9295,-0.37758,0
16.2563,1.92849,0
16.2679,1.96982,0
16.9681,-0.28689,0
16.961,-0.30563,0
16.3181,2.01319,0
16.9916,-0.35117,0
16.3222,2.01486,0
16.9933,-0.35205,0
16.9842,-0.33406,0
16.9439,-0.24437,0
16.9646,-0.27212,0
16.9436,-0.38757,0
16.9713,-0.26689,0
16.2956,1.99103,0
16.3011,1.97817,0
16.9289,-0.37022,0
16.3143,1.99834,0
16.3148,2.01959,0
16.5516,1.47598,0
16.6276,1.23441,0
16.7069,-0.73412,0
16.6479,-0.78066,0
16.5967,1.38066,0
16.2217,-0.78988,0
16.6122,1.34033,0
16.5872,1.44583,0
16.5539,-0.76256,0
16.7304,-0.69376,0
16.5124,-0.79763,0
16.6686,-0.77678,0
16.4665,-0.77313,0
16.6698,-0.76493,0
16.5443,1.7013,0
16.4685,-0.80076,0
16.7341,-0.77638,0
16.5102,-0.73615,0
16.6102,1.27959,0
16.7287,-0.77125,0
16.6133,1.52554,0
16.5155,1.68658,0
16.4528,-0.74598,0
16.5421,1.60534,0
16.609,1.11271,0
16.2741,-0.82037,0
16.6104,-0.79106,0
16.4465,-0.7738,0
16.605,1.5438,0
16.5074,-0.76883,0
16.2409,-0.78814,0
16.6149,1.46724,0
16.7708,-0.78044,0
16.4834,-0.7628,0
16.2817,-0.77049,0
16.5805,1.65701,0
16.3528,-0.78972,0
16.5872,1.51054,0
16.6432,1.30721,0
16.6672,0.96252,0
16.7728,-0.69519,0
16.6252,1.48514,0
16.7205,-0.75763,0
16.6484,-0.73293,0
16.6162,-0.73634,0
16.6154,1.23409,0
16.5632,1.67617,0
16.5868,1.40314,0
16.6048,1.38129,0
16.1737,-0.78986,0
16.6204,1.53886,0
16.5386,1.58059,0
16.6467,1.08443,0
16.4959,-0.78886,0
16.594,1.65639,0
16.6178,1.33729,0
16.3467,-0.7802,0
16.6442,1.12419,0
16.6423,-0.76811,0
16.6519,-0.78842,0
16.7162,-0.7658,0
16.6098,1.71272,0
16.6592,-0.73215,0
16.8098,-0.71234,0
16.2034,-0.79002,0
16.5912,1.31129,0
16.1765,-0.79769,0
16.6192,-0.79319,0
16.6304,1.4301,0
16.6269,1.09085,0
16.5824,1.69847,0
16.6429,-0.76465,0
16.603,1.42593,0
16.4996,-0.74287,0
16.5659,1.66082,0
16.5701,-0.7919,0
16.6292,-0.78854,0
16.5988,1.68252,0
16.598,1.64696,0
16.6263,1.08033,0
16.6795,-0.72973,0
16.105,-0.81589,0
16.5964,1.57715,0
16.5798,1.69422,0
16.3054,-0.80178,0
16.805,-0.73928,0
16.6845,-0.71896,0
16.6459,1.09623,0
16.6379,1.21848,0
16.3389,-0.80086,0
16.6289,1.39673,0
16.6556,0.96548,0
16.5513,1.60827,0
16.5635,1.6012,0
16.285,-0.8051,0
16.5795,1.47817,0
16.5898,1.23116,0
16.5246,1.63876,0
16.228,-0.78538,0
16.332,-0.80446,0
16.6632,1.01428,0
16.6289,1.37374,0
16.5146,-0.76707,0
16.4904,-0.76786,0
16.5268,1.62269,0
16.352,-0.7655,0
16.6235,1.01789,0
16.7348,-0.72775,0
16.5938,1.4505,0
16.7862,-0.76218,0
16.5786,1.44481,0
16.583,1.68843,0
16.5569,-0.78683,0
16.3106,-0.77246,0
16.5506,1.60267,0
16.7457,-0.72437,0
16.5931,1.25936,0
16.5991,1.59567,0
16.6558,1.19282,0
16.6032,1.4157,0
16.5911,1.38355,0
16.7336,-0.78389,0
16.6186,1.67312,0
16.6574,1.0483,0
16.7019,-0.71177,0
16.3147,-0.78016,0
16.5023,-0.76295,0
16.658,0.96041,0
16.5548,1.49792,0
16.7586,-0.69976,0
16.5695,-0.74389,0
16.4263,-0.77095,0
16.2981,-0.80186,0
16.5767,1.4551,0
16.4002,-0.78104,0
16.2229,-0.80726,0
16.6518,-0.71092,0
16.7469,-0.78324,0
16.8017,-0.71355,0
16.6428,1.27354,0
16.385,-0.77822,0
16.5939,1.44573,0
16.5727,1.50718,0
16.68,-0.71398,0
16.6936,-0.75726,0
16.6057,1.58526,0
16.7729,-0.73102,0
16.5804,1.3586,0
16.5983,1.30347,0
16.5786,1.66073,0
16.6042,1.30637,0
16.6982,-0.69909,0
16.5801,1.42716,0
16.636,1.26051,0
16.7794,-0.74653,0
16.623,1.10725,0
16.6526,1.0868,0
16.5881,-0.75536,0
16.6022,1.60178,0
16.6268,1.15306,0
16.3147,-0.79196,0
16.6636,-0.71947,0
16.6948,-0.74498,0
16.3627,-0.76464,0
16.5711,1.55178,0
16.6251,1.22028,0
16.5644,1.37918,0
16.5699,1.48457,0
16.5695,1.37352,0
16.1434,-0.81015,0
16.6424,-0.74277,0
16.6908,-0.70533,0
16.7315,-0.71432,0
16.6863,-0.74385,0
16.5569,-0.72521,0
16.4385,-0.79844,0
16.6095,1.36129,0
16.6234,1.52328,0
16.7665,-0.71853,0
16.6405,1.08983,0
16.5885,1.25026,0
16.6717,-0.74579,0
16.7238,-0.77799,0
16.5718,-0.7703,0
16.5761,1.42935,0
16.6091,1.62964,0
16.3199,-0.80463,0
16.6124,1.64088,0
16.5556,1.4293,0
16.5369,1.62196,0
16.6228,1.03274,0
16.778,-0.77982,0
16.6423,0.97876,0
16.7267,-0.76168,0
16.6593,-0.73041,0
16.6742,0.94537,0
16.6887,-0.77926,0
16.7756,-0.69252,0
16.5803,1.43967,0
16.6251,-0.76198,0
16.5314,1.61829,0
16.5962,1.45904,0
16.2819,-0.80993,0
16.5622,1.39432,0
16.538,1.59957,0
16.6912,-0.70111,0
16.708,-0.76638,0
16.6553,1.23015,0
16.5783,1.65426,0
17.0261,0.05276,0
16.1444,2.04418,0
16.1871,2.08269,0
16.1535,2.06953,0
17.0084,0.03402,0
16.1471,2.12911,0
16.9921,0.07785,0
16.1298,2.20658,0
16.1425,2.18349,0
16.155,2.12073,0
16.1412,2.12683,0
16.1227,2.14522,0
17.0658,-0.03955,0
17.0385,-0.06164,0
16.8818,0.42026,0
16.1676,2.11416,0
16.8851,0.40073,0
16.1368,2.12701,0
17.0237,0.00072,0
16.1652,2.09356,0
16.1219,2.09524,0
16.1495,2.09876,0
16.0902,2.17335,0
16.1967,2.07874,0
16.1431,2.08612,0
17.021,-0.03747,0
16.1723,2.08983,0
15.9756,2.13999,0
16.1773,2.06001,0
17.0264,0.03049,0
16.1341,2.19237,0
16.1238,2.19252,0
17.0053,0.09098,0
17.0127,-0.05444,0
16.8538,0.47821,0
16.1212,2.12786,0
16.1205,2.13009,0
16.1294,2.16995,0
16.149,2.03352,0
17.0558,-0.01552,0
16.1768,2.06759,0
16.8518,0.47157,0
16.1765,2.08513,0
16.8602,0.45052,0
16.1469,2.19226,0
17.035,0.00663,0
17.015,0.08126,0
16.1423,2.04164,0
16.157,2.14743,0
17,0.0348,0
17.0211,-0.09205,0
16.1785,2.04257,0
17.0717,-0.09806,0
16.1864,2.1041,0
16.9757,0.08879,0
16.1008,2.16608,0
16.1429,2.12023,0
16.1339,2.1467,0
17.0143,-0.0137,0
17.0539,-0.25319,0
16.9479,-0.17482,0
16.3002,2.04818,0
17.031,-0.28435,0
16.2224,2.05195,0
16.2234,2.07622,0
17.0332,-0.1715,0
16.328,2.01703,0
17.0181,-0.22802,0
16.2825,2.08412,0
17.0318,-0.25405,0
16.9707,-0.25747,0
16.9683,-0.16811,0
16.9659,-0.22846,0
16.3221,2.02214,0
17.0248,-0.16298,0
16.2626,2.08218,0
17.0429,-0.17816,0
17.0379,-0.20565,0
17.0533,-0.21631,0
16.9729,-0.17956,0
16.9749,-0.24563,0
17.0382,-0.21035,0
17.036,-0.1577,0
16.2455,2.08319,0
16.2856,2.06312,0
16.3136,2.03577,0
16.2709,2.0469,0
16.2227,2.08016,0
16.2925,2.08332,0
17.0147,-0.2733,0
17.0508,-0.18972,0
17.0201,-0.2202,0
16.2989,2.08242,0
17.0198,-0.22852,0
17.0437,-0.17487,0
16.31,2.06496,0
16.9769,-0.17193,0
17.0219,-0.28467,0
16.3133,2.0493,0
16.2573,2.03807,0
17.0423,-0.23445,0
16.9849,-0.2832,0
16.2102,2.06123,0
16.8661,0.58271,0
17.0279,0.25304,0
15.9447,2.245,0
16.868,0.5898,0
15.9595,2.23792,0
16.9611,0.30484,0
17.0322,0.32637,0
17.0514,0.13456,0
16.8951,0.48427,0
15.9208,2.28943,0
15.9662,2.28382,0
16.8828,0.56276,0
16.8706,0.47194,0
16.9085,0.54187,0
15.9712,2.32132,0
15.9172,2.26842,0
16.8952,0.59048,0
16.8724,0.48095,0
16.9906,0.35545,0
15.9546,2.24287,0
17.0573,0.25495,0
16.9197,0.38522,0
16.9488,0.36877,0
15.9682,2.34146,0
16.9776,0.25531,0
17.1148,0.16065,0
16.974,0.27964,0
17.0039,0.29599,0
17.0142,0.27721,0
17.0416,0.25508,0
16.8863,0.57676,0
16.9627,0.38253,0
15.9851,2.23928,0
16.9742,0.32989,0
17.0111,0.33138,0
17.0037,0.23825,0
17.0422,0.14862,0
17.0656,0.19948,0
16.0486,2.20396,0
16.6888,0.99582,0
16.969,0.37694,0
16.0432,2.19443,0
16.8922,0.40616,0
17.0502,0.11125,0
16.9238,0.49612,0
15.9086,2.2365,0
17.0642,0.16513,0
16.8971,0.54794,0
15.9317,2.2301,0
17.058,0.14879,0
16.9243,0.35691,0
16.9421,0.37207,0
17.0888,0.14808,0
16.93,0.46575,0
16.9534,0.45631,0
17.0981,0.15202,0
16.8576,0.55128,0
16.8889,0.49106,0
16.9317,0.52259,0
16.9481,0.49871,0
16.9235,0.35853,0
16.9853,0.39481,0
17.0637,0.10233,0
17.0961,0.11992,0
16.8686,0.53104,0
16.9572,0.27265,0
16.9979,0.26699,0
16.8739,0.53822,0
15.9788,2.32386,0
16.9233,0.44858,0
17.1077,0.17942,0
17.0123,0.37947,0
16.9465,0.46006,0
15.8405,2.25329,0
17.0657,0.10156,0
17.0612,0.22267,0
17.0046,0.33161,0
16.9713,0.34508,0
16.9987,0.36931,0
16.8787,0.4926,0
16.963,0.2963,0
16.8513,0.6355,0
16.0216,2.17703,0
17.0229,0.31418,0
15.8852,2.21102,0
16.9917,0.32697,0
17.0567,0.28522,0
17.0553,0.14761,0
16.8254,0.5992,0
17.0292,0.24398,0
17.0517,0.09045,0
15.9279,2.30252,0
16.8752,0.45806,0
16.9304,0.44021,0
17.0536,0.10753,0
16.9614,0.41124,0
16.9391,0.35133,0
16.8673,0.56847,0
17.0281,0.32871,0
17.0604,0.12447,0
16.8898,0.42704,0
16.8784,0.58078,0
16.9131,0.43149,0
15.9544,2.2414,0
17.1113,0.18033,0
16.9811,0.35196,0
15.9971,2.18354,0
16.6996,0.93024,0
15.9517,2.23602,0
16.8901,0.60015,0
15.9149,2.24933,0
16.0069,2.17763,0
17.0344,0.2646,0
15.9608,2.31196,0
16.8473,0.663,0
17.0737,0.25156,0
15.9712,2.18794,0
17.0377,0.20323,0
15.9061,2.26998,0
15.9814,2.21541,0
17.0323,0.26333,0
16.9614,0.28094,0
16.8788,0.44858,0
16.9588,0.3149,0
15.906,2.26828,0
16.9246,0.36005,0
16.8573,0.64183,0
16.959,0.36753,0
16.0095,2.2284,0
15.8942,2.28127,0
16.8824,0.60837,0
16.0432,2.21496,0
16.9171,0.39799,0
16.9659,0.31645,0
16.9918,0.37527,0
17.0871,0.19797,0
16.9956,0.25196,0
16.933,0.39945,0
15.9328,2.21211,0
16.986,0.34347,0
16.7071,0.95653,0
17.044,0.18131,0
16.0071,2.25888,0
15.8434,2.2472,0
15.9835,2.26547,0
15.8965,2.25688,0
16.9736,0.44805,0
16.9314,0.33846,0
16.8413,0.6073,0
17.072,0.22024,0
16.9835,0.21469,0
17.0089,0.29567,0
17.0956,0.15516,0
15.9981,2.23739,0
16.0414,2.20911,0
15.9812,2.22196,0
16.9012,0.48985,0
16.9463,0.36304,0
15.9537,2.23888,0
15.8796,2.21028,0
15.9507,2.18208,0
16.9848,0.32545,0
17.0366,0.22417,0
15.9328,2.22516,0
15.8835,2.22125,0
15.9981,2.25331,0
16.7983,0.78383,0
16.9339,0.46817,0
15.9152,2.30298,0
16.9286,-0.41413,0
16.9457,-0.4498,0
16.5053,1.75214,0
16.4182,1.92103,0
16.3864,1.95549,0
16.4476,1.84982,0
16.3648,1.90938,0
16.9306,-0.42114,0
16.3675,1.94311,0
16.5015,1.76687,0
16.9987,-0.43794,0
16.9489,-0.40361,0
16.4614,1.80945,0
16.4374,1.90225,0
16.4195,1.94121,0
16.4563,1.9194,0
16.9606,-0.42254,0
16.5075,1.73834,0
16.4085,1.91529,0
16.9902,-0.44223,0
16.4494,1.83609,0
16.4507,1.82543,0
16.4405,1.89948,0
16.4434,1.98348,0
16.4675,1.83069,0
17.0163,-0.40025,0
16.4224,1.97121,0
16.9645,-0.3966,0
16.9702,-0.44796,0
16.4457,1.98333,0
16.4632,1.89615,0
16.996,-0.40962,0
16.4482,1.91046,0
16.6753,1.03418,0
16.463,1.82378,0
16.9571,-0.39172,0
16.4183,1.91438,0
16.4481,1.90877,0
16.4524,1.8938,0
16.4656,1.80546,0
16.3975,1.91982,0
16.44,1.8191,0
16.4396,1.92074,0
16.4406,1.85057,0
16.5138,1.71209,0
16.9961,-0.42576,0
16.3721,1.92203,0
17.0414,0.52247,0
16.7263,1.02489,0
16.8176,0.84203,0
17.126,0.38858,0
15.6893,2.38784,0
16.9351,0.5951,0
15.5695,2.28157,0
15.6649,2.3203,0
15.8137,2.40809,0
17.0373,0.47477,0
16.7041,1.05909,0
15.6915,2.25187,0
16.8051,0.86187,0
15.7857,2.33283,0
15.6713,2.366,0
17.0959,0.45972,0
15.8391,2.33686,0
16.9938,0.44891,0
15.6775,2.37876,0
16.9196,0.57911,0
17.0117,0.59972,0
16.9496,0.6106,0
16.8357,0.78922,0
16.9702,0.64356,0
16.8486,0.81681,0
15.7739,2.33213,0
15.8587,2.30736,0
15.6704,2.31303,0
15.6167,2.34968,0
16.9175,0.59779,0
17.0357,0.52154,0
16.9275,0.58064,0
16.9852,0.57477,0
15.6546,2.27036,0
15.8019,2.3827,0
16.9829,0.59766,0
16.9337,0.54837,0
16.947,0.62893,0
16.9431,0.59239,0
15.8522,2.33154,0
16.8905,0.72183,0
15.7656,2.27783,0
17.0345,0.49701,0
16.7558,0.95598,0
15.847,2.32043,0
15.7185,2.3632,0
16.8171,0.88617,0
15.6676,2.27384,0
16.8363,0.73044,0
16.745,0.9909,0
16.8088,0.79778,0
15.79,2.37215,0
16.9171,0.63933,0
16.9554,0.6174,0
15.5969,2.26514,0
15.8125,2.42736,0
15.6796,2.39225,0
15.7448,2.43744,0
16.942,0.7065,0
15.734,2.36603,0
15.5875,2.25525,0
16.9853,0.58827,0
16.8908,0.70236,0
16.9161,0.71424,0
15.7711,2.41359,0
16.9606,0.63055,0
15.8122,2.4396,0
16.8291,0.81397,0
15.8088,2.31561,0
15.7778,2.44494,0
16.8114,0.86627,0
17.102,0.41966,0
16.8937,0.75884,0
15.8469,2.33937,0
15.8306,2.39724,0
15.8224,2.28407,0
17.0302,0.5118,0
15.5992,2.32853,0
17.0628,0.34018,0
17.0151,0.40578,0
15.7557,2.39518,0
15.5898,2.32492,0
16.9124,0.70777,0
17.0525,0.48161,0
16.8436,0.77018,0
15.6749,2.29704,0
16.8107,0.87142,0
17.106,0.37992,0
15.8714,2.30182,0
15.5663,2.30469,0
16.9188,0.58871,0
15.6609,2.25156,0
17.0057,0.59711,0
15.7493,2.3523,0
17.0808,0.4506,0
16.7701,0.94564,0
16.9744,0.60816,0
15.6194,2.34507,0
16.9955,0.44284,0
16.9507,0.63742,0
17.0145,0.42974,0
16.9695,0.62192,0
15.7112,2.4021,0
16.6809,1.0731,0
15.6715,2.23063,0
17.0434,0.47019,0
16.9264,0.63845,0
16.8968,0.60688,0
17.0162,0.52662,0
16.7109,1.00145,0
17.0876,0.37283,0
15.7198,2.32702,0
16.9707,0.62485,0
15.8591,2.33647,0
16.7266,1.00131,0
16.9264,0.61368,0
15.7227,2.38294,0
17.1407,0.38589,0
15.6883,2.26011,0
16.7966,0.93009,0
15.6923,2.3115,0
15.8171,2.29445,0
16.6887,1.09481,0
17.09,0.46751,0
16.9447,0.58451,0
15.7007,2.34342,0
16.7139,0.99276,0
16.8525,0.82828,0
15.8348,2.29105,0
17.1206,0.41174,0
17.0936,0.34842,0
16.9759,0.6076,0
15.742,2.30659,0
16.7567,0.88025,0
15.6107,2.32057,0
16.6689,1.10712,0
17.0233,0.44972,0
15.729,2.28666,0
17.0518,0.48788,0
15.8397,2.39004,0
17.0634,0.39581,0
16.8426,0.81381,0
15.8054,2.32522,0
15.7073,2.27141,0
16.9009,0.75113,0
16.9601,0.6561,0
17.0974,0.40183,0
15.8142,2.40339,0
16.8133,0.87546,0
16.9613,0.68049,0
15.5612,2.30834,0
16.7962,0.91598,0
15.8477,2.3037,0
15.7607,2.34303,0
16.7457,0.98205,0
16.8875,0.69852,0
15.7408,2.36054,0
15.8388,2.30485,0
17.1062,0.42337,0
17.0833,0.37752,0
17.0334,0.45922,0
17.0309,0.40227,0
16.8042,0.8819,0
17.027,0.41253,0
15.7017,2.3729,0
16.685,1.08296,0
15.8068,2.44361,0
15.6288,2.27618,0
16.8804,0.70646,0
16.706,1.04069,0
16.7071,0.96364,0
16.985,0.57505,0
16.9389,0.59224,0
15.8199,2.32632,0
15.8351,2.3164,0
17.0334,0.55626,0
16.9898,0.53927,0
15.7275,2.38183,0
16.906,0.6268,0
16.7888,0.86556,0
15.5589,2.29362,0
15.7991,2.39202,0
16.8108,0.88329,0
15.6294,2.26845,0
16.692,1.09293,0
16.8817,0.75969,0
17.121,0.37894,0
16.8544,0.7705,0
15.6907,2.35562,0
16.904,0.73459,0
16.7255,0.93121,0
15.7265,2.36129,0
16.8605,0.70557,0
16.9641,0.54179,0
17.0664,0.39661,0
15.6791,2.32075,0
15.8219,2.34536,0
15.7747,2.33835,0
16.765,0.89229,0
15.6414,2.28679,0
17.1031,0.35826,0
15.8502,2.35861,0
15.7037,2.30326,0
16.9818,0.46379,0
16.7545,0.88724,0
16.9505,0.53586,0
16.7701,0.90741,0
15.7656,2.3706,0
16.8809,0.65171,0
15.7757,2.4345,0
16.9667,0.4854,0
16.9979,0.46471,0
17.045,0.35528,0
15.8156,2.4318,0
16.8157,0.89293,0
16.9047,0.61077,0
16.8473,0.75039,0
16.8992,0.63692,0
16.9386,0.60453,0
15.7392,2.27385,0
16.7507,0.92944,0
17.0416,0.52591,0
16.9674,0.64671,0
17.0463,0.40607,0
17.1204,0.3983,0
16.7172,0.95807,0
15.7615,2.35959,0
16.986,0.60037,0
15.683,2.33697,0
17.0304,0.4796,0
17.0084,0.50226,0
15.7774,2.33965,0
16.8617,0.82411,0
15.8167,2.42963,0
15.729,2.36294,0
16.7533,0.89805,0
15.7635,2.40009,0
16.7605,0.86826,0
17.0661,0.35847,0
15.8239,2.36716,0
16.7892,0.87411,0
16.7047,0.99844,0
16.9496,0.57227,0
16.9826,0.54636,0
15.5833,2.26248,0
16.7334,1.027,0
15.7259,2.28952,0
17.0782,0.43564,0
15.771,2.42378,0
15.5779,2.27601,0
16.8664,0.66488,0
15.8308,2.34931,0
15.5693,2.28033,0
17.1373,0.4011,0
16.9169,0.7066,0
15.7195,2.28265,0
16.2878,-0.85821,0
16.9429,1.03738,0
16.91,1.06609,0
16.2586,-1.10784,0
16.5702,-0.92574,0
16.503,-1.15727,0
16.4619,-0.83972,0
16.7366,1.05904,0
16.9018,1.09853,0
16.2242,-1.07978,0
16.5977,-0.95218,0
16.4434,-0.9177,0
16.0888,-1.058,0
16.4944,-0.95057,0
16.2008,-0.92479,0
16.2907,-1.02958,0
16.577,-1.07091,0
16.3168,-0.8654,0
16.9097,0.89611,0
16.7145,1.16806,0
16.4735,-1.04699,0
16.2198,-0.83153,0
16.5372,-1.0427,0
16.4322,-0.85813,0
16.7392,1.17605,0
16.2062,-0.90644,0
16.5122,-0.98148,0
16.5796,-0.81155,0
16.5119,-0.98633,0
16.2866,-0.98597,0
16.1581,-0.88688,0
16.4847,-1.17253,0
16.1108,-0.97997,0
16.3491,-0.82717,0
16.4775,-0.85759,0
16.4174,-0.90292,0
16.9256,1.22517,0
16.4408,-0.87971,0
16.3319,-1.09791,0
16.4354,-0.98245,0
16.1742,-0.95184,0
16.2043,-1.13766,0
16.8506,1.13629,0
16.5589,-0.87666,0
16.5808,-0.87693,0
16.4569,-1.19446,0
16.2111,-0.94853,0
16.8432,1.07301,0
16.8942,1.10149,0
16.7711,1.0244,0
16.8513,0.93398,0
16.8778,1.13746,0
16.1964,-0.99014,0
16.1467,-0.89514,0
16.2082,-0.9444,0
16.2455,-0.87004,0
16.6332,-0.81219,0
16.1749,-1.02348,0
16.5793,-0.86169,0
16.3739,-0.89873,0
16.8054,1.18184,0
16.4612,-0.80921,0
16.1695,-0.86437,0
16.1689,-1.13477,0
16.3822,-0.98174,0
16.9176,0.90173,0
16.7026,1.23846,0
16.4012,-0.82521,0
16.9097,0.96443,0
16.3987,-0.92312,0
16.8228,1.24116,0
16.3303,-0.96877,0
16.1873,-0.91551,0
16.4115,-1.09591,0
16.8533,1.15868,0
16.301,-1.16128,0
16.6149,-0.99079,0
16.0636,-1.01953,0
16.822,1.05195,0
16.3756,-1.03462,0
16.8375,1.12092,0
16.4211,-0.9828,0
16.2689,-0.92529,0
16.8974,0.80195,0
16.8411,1.23341,0
16.6661,1.16182,0
16.9139,1.05593,0
16.9393,1.16306,0
16.1948,-1.09737,0
16.3134,-1.14532,0
16.3146,-1.11526,0
16.397,-0.91191,0
16.8973,0.87747,0
16.5324,-0.97246,0
16.12,-1.14517,0
16.4399,-0.82634,0
16.2855,-1.07607,0
16.2558,-0.95546,0
16.4435,-0.97371,0
16.3828,-0.9959,0
16.097,-0.89061,0
16.1621,-0.85304,0
16.1035,-1.10675,0
16.3,-1.16326,0
16.8433,0.8808,0
16.0567,-1.14977,0
16.8302,1.17093,0
16.5272,-1.11722,0
16.565,-0.90172,0
16.8225,0.98762,0
16.2453,-0.82948,0
16.4222,-0.86391,0
16.464,-0.83837,0
16.2603,-0.94026,0
16.3018,-0.97308,0
16.5535,-0.94229,0
16.8392,0.90195,0
16.7373,1.15193,0
16.7387,1.02885,0
16.1543,-0.90981,0
16.6172,-0.85573,0
16.7054,1.1245,0
16.1635,-0.95191,0
16.2519,-1.11636,0
16.5816,-0.83811,0
16.2622,-1.07199,0
16.9708,1.13659,0
16.3369,-1.09769,0
16.358,-0.92926,0
16.3234,-1.09566,0
16.9054,0.80185,0
16.6317,-0.86015,0
16.5819,-1.10943,0
16.7091,1.19886,0
16.6205,-0.9422,0
16.5138,-0.93417,0
16.4816,-1.21711,0
16.3542,-0.85066,0
16.132,-1.0762,0
16.517,-1.14899,0
16.9145,0.89399,0
16.1997,-0.83537,0
16.5393,-0.87708,0
16.4806,-1.01053,0
16.8916,0.90929,0
16.8979,1.18432,0
16.5173,-1.08895,0
16.2102,-1.05747,0
16.5971,-0.92435,0
16.4881,-0.91261,0
16.8724,1.15258,0
16.7205,1.07382,0
16.7805,0.96788,0
16.2741,-0.92048,0
16.5797,-0.95142,0
16.9037,0.93351,0
16.8142,1.07055,0
16.7687,1.19212,0
16.081,-1.05238,0
16.428,-0.90159,0
16.8858,1.03112,0
16.3785,-0.99538,0
16.8967,1.10639,0
16.8542,1.17701,0
16.5133,-0.95005,0
16.5419,-1.20024,0
16.7166,1.26126,0
16.8891,1.16733,0
16.2369,-0.87724,0
16.5676,-1.13026,0
16.1513,-0.91335,0
16.2492,-0.9072,0
16.258,-0.97021,0
16.1171,-0.94173,0
16.2502,-1.1363,0
16.5382,-1.05595,0
16.1367,-0.84595,0
16.5768,-1.16299,0
16.2823,-0.92114,0
16.6284,-0.88872,0
16.5793,-0.88748,0
16.5002,-0.98982,0
16.2609,-0.89974,0
16.1335,-0.8944,0
16.8208,1.17574,0
16.7495,1.10197,0
16.9238,0.89183,0
16.8555,1.0537,0
16.9002,0.98314,0
16.2194,-1.11279,0
16.7915,1.19666,0
16.5469,-1.17073,0
16.5082,-0.92851,0
16.8184,0.93996,0
16.1805,-0.86119,0
16.8912,1.04791,0
16.1826,-1.03275,0
16.0615,-1.12179,0
16.0772,-1.02199,0
16.817,1.11739,0
16.2242,-1.10929,0
16.8635,0.98545,0
16.3926,-1.1056,0
16.4887,-0.91759,0
16.8787,0.95939,0
16.2024,-0.84644,0
16.4044,-0.8184,0
16.8968,0.85941,0
16.2258,-1.12858,0
16.3799,-0.99218,0
16.3808,-0.91227,0
16.5845,-0.79882,0
16.5828,-1.08813,0
16.1101,-1.02958,0
16.083,-1.02615,0
16.2323,-1.0391,0
16.1707,-1.14583,0
16.8388,1.15027,0
16.2101,-1.10093,0
16.2592,-1.12491,0
16.8978,1.05781,0
16.8014,1.09792,0
16.1529,-0.99827,0
16.5773,-1.10201,0
16.1998,-0.98565,0
16.6075,-1.05951,0
16.1703,-1.06206,0
16.3576,-1.0086,0
16.4525,-0.84866,0
16.4498,-1.08777,0
16.8727,1.17756,0
16.806,1.24647,0
16.5735,-1.06632,0
16.1975,-0.91277,0
16.3553,-1.10346,0
16.7058,1.25351,0
16.2502,-0.91174,0
16.1836,-1.16334,0
16.1781,-0.8944,0
16.1157,-1.15985,0
16.573,-1.0908,0
16.3316,-1.02851,0
16.8655,1.04608,0
16.0109,-1.137,0
16.2772,-1.11884,0
16.6119,-0.82181,0
16.5501,-0.91449,0
16.257,-0.83239,0
16.555,-0.98228,0
16.8226,1.13309,0
16.4168,-1.15704,0
16.1509,-0.95052,0
16.5673,-1.0616,0
16.3031,-1.1762,0
16.1397,-0.95947,0
16.4269,-0.85289,0
16.2973,-1.02271,0
16.2766,-1.1895,0
16.7802,1.07611,0
16.3587,-0.8461,0
16.4803,-0.87864,0
16.9218,1.15251,0
16.1842,-1.00013,0
16.358,-0.99058,0
16.1888,-1.15847,0
16.8454,0.92093,0
16.3509,-0.90618,0
16.5845,-1.20782,0
16.8187,0.94274,0
16.1772,-1.12471,0
16.461,-0.96751,0
16.7197,1.10346,0
16.487,-0.99973,0
16.317,-1.07866,0
16.8196,1.19846,0
16.3712,-0.99533,0
16.8756,0.84237,0
16.7628,1.14549,0
16.7619,1.03324,0
16.944,1.02474,0
16.1795,-1.00447,0
16.7992,1.08608,0
16.2838,-1.06905,0
16.3968,-0.89123,0
16.5144,-1.01517,0
16.9113,1.21328,0
16.1653,-0.84664,0
16.6533,1.28052,0
16.8578,1.14332,0
16.6122,-0.82124,0
16.8729,1.0721,0
16.6383,-0.85317,0
16.6852,1.21357,0
16.7121,1.17005,0
16.2146,-1.06135,0
16.9733,1.16919,0
16.124,-0.98587,0
16.7112,1.22005,0
16.8719,0.85874,0
16.86,0.85733,0
16.3171,-1.15475,0
16.9773,1.17476,0
16.4584,-1.05397,0
16.4393,-0.86882,0
16.2523,-1.10309,0
16.6084,-0.90132,0
16.2042,-0.84149,0
16.335,-1.16406,0
16.1077,-1.13774,0
16.0938,-0.97995,0
16.3233,-1.1107,0
16.2892,-0.95614,0
16.34,-1.06408,0
16.4383,-1.06677,0
16.5204,-1.03376,0
16.9343,1.17347,0
16.3267,-0.98852,0
16.3217,-1.0418,0
16.387,-1.06959,0
16.0814,-1.02471,0
16.433,-0.94344,0
16.339,-0.95512,0
16.4612,-0.87794,0
16.3023,-1.0888,0
16.2659,-1.02784,0
16.2043,-1.14079,0
16.7402,1.11106,0
16.8364,0.88924,0
16.083,-1.0449,0
16.3953,-0.89733,0
16.8882,1.23967,0
16.3898,-1.07521,0
16.1888,-1.04268,0
16.494,-1.14417,0
16.2662,-1.07108,0
16.3171,-1.03048,0
16.7768,1.07324,0
16.514,-1.10804,0
16.9555,1.11976,0
16.3441,-0.97883,0
16.9157,0.82739,0
16.0529,-1.03533,0
16.9342,1.20566,0
16.1416,-1.00242,0
16.2903,-1.04263,0
16.1458,-0.87638,0
16.7765,1.01881,0
16.4655,-1.17877,0
16.1729,-1.01183,0
16.492,-1.12685,0
16.8975,1.04512,0
16.0602,-1.1222,0
16.1706,-0.98004,0
16.5793,-1.1402,0
16.2433,-1.08208,0
16.8738,0.87551,0
16.4438,-0.87548,0
16.1707,-1.06342,0
16.0639,-1.07677,0
16.8431,1.11438,0
16.7404,1.19924,0
16.6078,-1.02148,0
16.4646,-1.17246,0
16.1148,-1.08276,0
16.5851,-0.87908,0
16.4986,-1.17158,0
16.2334,-1.09921,0
16.1365,-1.1426,0
16.4219,-1.04143,0
16.3992,-1.01308,0
16.2675,-0.93515,0
16.5459,-1.06721,0
16.221,-0.94851,0
16.1409,-0.94232,0
16.474,-0.97813,0
16.5167,-0.91005,0
16.2289,-1.09994,0
16.9191,1.06778,0
16.1356,-0.96898,0
16.0349,-1.11956,0
16.1989,-0.84539,0
16.8413,1.07266,0
16.592,-1.04881,0
16.3883,-1.08722,0
16.944,1.0268,0
16.9187,1.05968,0
16.2382,-0.89524,0
16.8395,1.18537,0
16.1817,-1.05848,0
16.2925,-1.10039,0
16.6372,-0.87362,0
16.5868,-0.87649,0
16.1872,-0.94619,0
16.4812,-1.02298,0
16.7425,1.09179,0
16.3453,-1.07502,0
16.8807,1.0552,0
16.86,1.13085,0
16.4942,-1.01325,0
16.4796,-1.14821,0
16.8638,1.00936,0
16.4875,-0.83805,0
16.3687,-1.15286,0
16.5471,-1.0011,0
16.7036,1.07869,0
16.3131,-0.88545,0
16.8051,1.06962,0
16.5445,-1.0014,0
16.3852,-1.06376,0
16.5552,-0.86655,0
16.3908,-0.94447,0
16.5662,-1.18525,0
16.5632,-0.94464,0
16.4513,-0.82509,0
16.9511,1.10308,0
16.6,-1.13668,0
16.8682,1.0947,0
16.6285,-0.80594,0
16.7754,1.05306,0
16.2335,-0.86007,0
16.5611,-1.06185,0
16.1073,-1.0337,0
16.9088,1.18717,0
16.4066,-0.94365,0
16.3822,-1.0797,0
16.6059,-0.83483,0
16.5648,-0.81464,0
16.0903,-0.89295,0
16.2782,-1.16679,0
16.3158,-1.19314,0
16.5991,-0.94481,0
16.8839,0.87902,0
16.2642,-1.12861,0
16.5016,-1.10801,0
16.7189,1.09134,0
16.5319,-1.04797,0
16.4481,-1.15889,0
16.3087,-1.10877,0
16.4305,-1.01435,0
16.5397,-0.84946,0
16.186,-1.02762,0
16.8292,0.91036,0
16.3461,-1.02619,0
16.77,1.05376,0
16.4239,-1.13629,0
16.1477,-0.94867,0
16.1601,-0.83838,0
16.545,-0.85637,0
16.7361,1.07266,0
16.4012,-1.18162,0
16.8596,0.91619,0
16.2442,-1.1341,0
16.387,-1.00671,0
16.3233,-1.18876,0
16.0762,-0.85267,0
16.4729,-1.2081,0
16.8234,0.94687,0
16.6935,1.2051,0
16.1372,-0.85945,0
16.0382,-1.11184,0
16.5948,-1.08976,0
16.7005,1.13629,0
16.2942,-1.06656,0
16.5466,-1.20573,0
16.7582,1.06088,0
16.3087,-0.90141,0
16.3785,-0.98437,0
16.8752,1.0108,0
16.937,1.10224,0
16.2872,-0.94222,0
16.5331,-1.07763,0
16.4688,-1.19764,0
16.3189,-1.01924,0
16.33,-0.9301,0
16.9053,0.89547,0
16.2545,-1.10889,0
16.2456,-0.99413,0
16.5868,-1.06951,0
16.2855,-1.09496,0
16.3434,-1.10173,0
16.0939,-1.05116,0
16.5679,-1.09866,0
16.361,-0.92383,0
16.4065,-1.18497,0
16.4008,-0.94846,0
16.5358,-1.17698,0
16.1908,-0.93362,0
16.3498,-0.86964,0
16.8947,1.22418,0
16.7951,1.05133,0
16.1252,-0.95698,0
16.3987,-1.04287,0
16.8298,1.02193,0
16.6243,-0.93581,0
16.2942,-0.86796,0
16.4582,-1.02753,0
16.1013,-1.07087,0
16.4468,-0.85762,0
16.243,-0.95128,0
16.3885,-1.20581,0
16.4566,-0.94458,0
16.2712,-0.86791,0
16.3276,-1.18262,0
16.1654,-0.84945,0
16.5477,-0.87896,0
16.707,1.22235,0
16.8167,1.00471,0
16.7868,1.06322,0
16.3603,-1.05091,0
16.3647,-1.09753,0
16.4915,-0.89334,0
16.491,-0.85321,0
16.3699,-0.85164,0
16.2118,-0.95561,0
16.4614,-1.1545,0
16.4405,-0.96377,0
16.7465,1.19993,0
16.8757,0.84731,0
16.592,-0.83009,0
16.5298,-1.22976,0
16.3888,-0.9778,0
16.7138,1.16577,0
16.5448,-1.01019,0
16.5561,-1.09649,0
16.2222,-0.8927,0
16.3314,-1.08477,0
16.2604,-0.90571,0
16.3599,-0.90359,0
16.5551,-0.81138,0
16.8282,0.94232,0
16.5704,-0.95175,0
16.4732,-0.91976,0
16.1802,-1.01198,0
16.7477,1.22043,0
16.9161,0.9895,0
16.5791,-1.13395,0
16.8915,0.9963,0
16.81,1.09813,0
16.4436,-0.97576,0
16.4471,-0.86924,0
16.5148,-0.86083,0
16.2976,-0.96832,0
16.6789,1.12156,0
16.2747,-1.16539,0
16.262,-1.07003,0
16.53,-1.07172,0
16.3099,-1.06304,0
16.25,-1.04323,0
16.6111,-0.9495,0
16.5997,-0.93296,0
16.8554,1.13448,0
16.8188,1.24928,0
16.482,-1.05307,0
16.4148,-0.85915,0
16.1285,-1.06857,0
16.3543,-0.99342,0
16.4486,-0.87707,0
16.6424,-0.79529,0
16.7637,1.06904,0
16.3572,-0.85865,0
16.1245,-0.93581,0
16.4492,-0.95835,0
16.7348,1.06916,0
16.2989,-0.99706,0
16.8466,1.18897,0
16.1889,-1.0669,0
16.1325,-1.14481,0
16.3113,-1.01217,0
16.1721,-1.08097,0
16.5159,-0.80742,0
16.2798,-0.98894,0
16.3887,-1.15092,0
16.0935,-1.11538,0
16.4715,-0.9546,0
16.4955,-1.21539,0
16.4654,-0.97335,0
16.8414,0.89889,0
16.6219,-0.97524,0
16.4382,-1.12923,0
16.1351,-0.89535,0
16.0485,-1.01913,0
16.8031,1.19691,0
16.1609,-0.9708,0
16.5127,-0.92963,0
16.1579,-0.9915,0
16.2054,-0.98746,0
16.727,1.23212,0
16.7072,1.23593,0
16.4576,-1.12251,0
16.9136,0.97138,0
16.4377,-1.20796,0
16.5248,-1.03589,0
16.0516,-1.05956,0
16.4525,-1.07195,0
16.5485,-0.94887,0
16.8939,1.01414,0
16.1791,-0.91227,0
16.1148,-0.91529,0
16.907,0.77518,0
16.2949,-0.90986,0
16.9403,0.94168,0
16.0047,-1.15091,0
16.1401,-1.16955,0
16.9591,1.00636,0
16.5168,-1.23753,0
16.0825,-1.16176,0
16.9703,1.0699,0
16.4484,-1.22336,0
16.9918,1.21069,0
16.9283,0.85854,0
16.0464,-1.15756,0
16.2242,-1.1906,0
16.3476,-1.20995,0
16.939,0.89888,0
16.9451,0.96665,0
16.9354,0.9099,0
15.9725,-1.14187,0
16.9355,0.90406,0
16.9475,0.94709,0
16.9858,1.16718,0
16.5534,-1.24791,0
16.192,-1.18246,0
16.9478,0.9665,0
16.9471,0.98283,0
16.9756,1.13711,0
16.0818,-1.15912,0
16.4166,-1.22132,0
16.4166,-1.21506,0
16.5276,-1.24195,0
16.7956,1.34638,0
16.6776,-0.91255,0
16.6747,1.33551,0
16.707,1.29668,0
16.6657,-0.87687,0
16.6599,-0.8668,0
16.6359,-1.1189,0
16.9384,1.28494,0
16.8907,1.29199,0
16.786,1.28297,0
16.6651,-0.89154,0
16.6363,-1.13815,0
16.6225,-1.09886,0
16.625,-1.12138,0
16.6963,1.32459,0
16.7605,1.29485,0
16.6626,-0.94766,0
16.9009,1.24189,0
16.6867,1.32118,0
16.8769,1.29511,0
16.6315,-0.98635,0
16.886,1.25395,0
16.6599,-0.83404,0
16.6942,1.28054,0
16.654,-0.90843,0
16.8059,1.29734,0
16.6581,-0.99736,0
16.8059,1.34183,0
16.9082,1.32366,0
16.8252,1.32493,0
16.6771,-0.93792,0
16.7855,1.33815,0
16.6206,-1.06339,0
16.6763,1.33802,0
16.6591,1.28709,0
16.7819,1.29705,0
16.6504,-0.88977,0
16.9372,1.33085,0
16.8624,1.25316,0
16.6682,-0.88633,0
16.6448,-1.09704,0
16.756,1.35009,0
16.653,-0.98681,0
16.621,-1.14027,0
16.665,1.33008,0
16.9109,1.33388,0
16.6641,-1.03147,0
16.909,1.26038,0
16.6448,-1.08479,0
16.9026,1.2404,0
16.6383,-1.0597,0
16.829,1.29332,0
16.6521,-0.83487,0
16.6268,-1.01387,0
16.7618,1.32457,0
16.7713,1.29062,0
16.6682,1.36028,0
16.6673,-0.80986,0
16.6875,-0.79686,0
16.7423,1.2728,0
16.9359,1.29137,0
16.6221,-1.04346,0
16.6377,-1.00547,0
16.7328,1.33763,0
16.6499,1.33263,0
16.8589,1.32157,0
16.8998,1.29564,0
16.6897,-0.82462,0
16.7313,1.35657,0
16.6791,-0.90773,0
16.9107,1.24572,0
16.9065,1.28164,0
16.6787,-0.82785,0
16.8693,1.29439,0
16.7825,1.31136,0
16.6561,-0.94416,0
16.637,-0.92417,0
16.9433,1.28744,0
16.9252,1.24599,0
16.8777,1.32871,0
16.6373,-1.02752,0
16.6174,-1.09059,0
16.8863,1.32227,0
16.9449,1.24482,0
16.7386,1.29211,0
16.6542,1.30613,0
16.6671,-1.002,0
16.7548,1.31292,0
16.6996,1.30471,0
16.6656,-0.8304,0
16.6391,-0.91364,0
15.8726,-1.18728,0
16.3417,-1.43134,0
17.0126,0.92682,0
15.8978,-1.28765,0
17.0333,0.91101,0
16.2639,-1.41794,0
16.2236,-1.20908,0
16.2069,-1.38916,0
16.0352,-1.25509,0
16.0147,-1.22185,0
15.8939,-1.22233,0
16.9683,0.78635,0
16.9374,0.72941,0
16.0736,-1.17425,0
16.9502,0.84568,0
15.9652,-1.22218,0
16.3522,-1.4116,0
16.2755,-1.40804,0
16.0487,-1.26959,0
16.3935,-1.25176,0
16.3252,-1.26887,0
16.986,0.65685,0
16.1335,-1.22296,0
16.2427,-1.36779,0
16.3579,-1.25165,0
16.4123,-1.29351,0
16.0248,-1.16417,0
17.0234,0.68916,0
16.2216,-1.32958,0
16.1201,-1.23026,0
17.0159,0.83862,0
16.1183,-1.27051,0
16.9664,0.88841,0
17.0081,0.90722,0
17.0389,0.68916,0
16.2191,-1.36955,0
16.2015,-1.30169,0
16.0998,-1.32789,0
17.0648,0.79019,0
17.0192,0.87791,0
16.9621,0.90908,0
16.9587,0.85309,0
17.0409,0.72771,0
17.018,0.75793,0
17.0282,0.75706,0
15.8301,-1.24717,0
16.1919,-1.37545,0
16.9647,0.77801,0
16.9418,0.79713,0
16.3691,-1.32558,0
16.3599,-1.45765,0
16.3675,-1.35981,0
15.8498,-1.2798,0
16.3276,-1.36151,0
15.892,-1.18352,0
16.3107,-1.30398,0
16.1369,-1.33086,0
16.332,-1.41208,0
16.2581,-1.39795,0
16.9657,0.78204,0
16.2798,-1.35574,0
17.0409,0.89327,0
16.3888,-1.24733,0
16.1305,-1.3747,0
15.8537,-1.22591,0
16.3446,-1.28007,0
17.0014,0.95093,0
17.0436,0.7355,0
17.0159,0.78411,0
15.9922,-1.20939,0
16.3251,-1.33713,0
16.2344,-1.32268,0
15.9715,-1.28736,0
16.1413,-1.38572,0
17.094,0.91817,0
17.0388,0.68431,0
16.138,-1.37922,0
16.9561,0.79322,0
16.9533,0.79857,0
15.9369,-1.24461,0
17.0429,0.8921,0
16.9328,0.77687,0
17.0264,0.63847,0
16.983,0.95475,0
16.3312,-1.32689,0
16.1784,-1.2979,0
16.267,-1.35901,0
16.1924,-1.271,0
17.0587,0.80476,0
16.1079,-1.37586,0
16.0141,-1.33475,0
17.0478,0.91769,0
16.3551,-1.3608,0
15.9214,-1.21534,0
17.0132,0.94016,0
16.2488,-1.39149,0
15.8272,-1.22485,0
16.357,-1.2907,0
16.3585,-1.40544,0
16.0061,-1.32649,0
16.3675,-1.38457,0
16.1283,-1.35395,0
16.0126,-1.34559,0
17.0054,0.8029,0
17.0672,0.91556,0
15.8334,-1.2556,0
16.0458,-1.35564,0
16.1406,-1.26339,0
16.1614,-1.20397,0
16.1173,-1.26065,0
16.3211,-1.43139,0
16.2995,-1.26621,0
16.1805,-1.36464,0
16.2214,-1.30697,0
15.9514,-1.2984,0
17.0223,0.63647,0
15.9415,-1.15446,0
16.278,-1.20536,0
16.0533,-1.26136,0
16.0736,-1.24929,0
15.9037,-1.1936,0
15.9694,-1.2787,0
16.2229,-1.25364,0
16.1317,-1.36077,0
15.9092,-1.24243,0
17.0236,0.89906,0
16.3833,-1.26612,0
16.3621,-1.35692,0
16.973,0.92701,0
15.8501,-1.28546,0
16.0345,-1.2635,0
16.2148,-1.34298,0
16.3479,-1.43474,0
16.1828,-1.30225,0
15.8626,-1.26364,0
16.108,-1.2894,0
16.1114,-1.22183,0
16.2798,-1.30875,0
16.9845,0.94449,0
16.1152,-1.31681,0
17.0483,0.86984,0
16.3707,-1.2502,0
16.1154,-1.37876,0
16.337,-1.31486,0
16.2772,-1.24139,0
16.4162,-1.22672,0
17.0124,0.75695,0
16.2132,-1.36858,0
16.9971,0.92111,0
16.3531,-1.34068,0
16.1141,-1.17329,0
16.9645,0.79413,0
16.1902,-1.33855,0
16.3138,-1.22523,0
16.9973,0.78387,0
17.0017,0.66607,0
16.1677,-1.37682,0
16.0334,-1.22326,0
16.16,-1.19982,0
17.0718,0.78296,0
16.2804,-1.22348,0
17.0439,0.88872,0
16.3716,-1.2689,0
16.3568,-1.22005,0
16.9817,0.78795,0
16.1,-1.33361,0
16.971,0.68355,0
16.0431,-1.17981,0
17.0063,0.72919,0
16.3655,-1.39841,0
16.3978,-1.28595,0
16.1516,-1.18855,0
16.0155,-1.34933,0
16.1081,-1.28723,0
16.9642,0.68369,0
16.9707,0.80158,0
17.0952,0.91447,0
16.2274,-1.30998,0
17.0011,0.69524,0
16.1146,-1.26092,0
15.8797,-1.2184,0
16.1316,-1.17839,0
16.3361,-1.27972,0
16.087,-1.35017,0
16.9665,0.82549,0
16.1978,-1.37058,0
16.1917,-1.23565,0
15.8856,-1.25859,0
16.1594,-1.35625,0
16.1469,-1.30249,0
16.9762,0.7378,0
15.9986,-1.31911,0
16.3287,-1.33108,0
16.3312,-1.3418,0
16.1711,-1.31449,0
16.1458,-1.23423,0
16.3285,-1.39655,0
16.1194,-1.31612,0
16.3459,-1.4298,0
16.1503,-1.2888,0
16.3163,-1.3192,0
15.828,-1.29102,0
16.2267,-1.3545,0
16.3039,-1.3716,0
16.1159,-1.25017,0
16.9757,0.93176,0
16.9907,0.68308,0
15.932,-1.159,0
16.31,-1.29231,0
16.2363,-1.29654,0
15.8877,-1.21932,0
15.8982,-1.29291,0
16.9977,0.72451,0
16.3042,-1.3688,0
16.2676,-1.26639,0
16.9939,0.74791,0
16.1432,-1.35698,0
16.1993,-1.32328,0
17.0226,0.87166,0
16.9808,0.79621,0
17.0088,0.61672,0
15.9406,-1.28205,0
17.0278,0.75924,0
16.0472,-1.16198,0
16.3808,-1.27642,0
16.1152,-1.29844,0
16.3499,-1.3387,0
16.0067,-1.20881,0
16.1946,-1.29195,0
15.9591,-1.20282,0
16.4037,-1.31587,0
15.9298,-1.31359,0
16.0133,-1.1951,0
16.2922,-1.39703,0
17.059,0.89773,0
17.0217,0.71683,0
15.9885,-1.22438,0
16.3299,-1.30968,0
17.0157,0.76189,0
16.2465,-1.33852,0
17.0813,0.87395,0
16.0233,-1.29354,0
15.9853,-1.31339,0
17.0928,0.91747,0
16.1831,-1.21738,0
16.1061,-1.36444,0
16.0724,-1.29141,0
17.0002,0.9156,0
17.0073,0.91877,0
17.0312,0.74479,0
16.9348,0.86164,0
16.0174,-1.22212,0
16.3405,-1.23003,0
16.2713,-1.4277,0
16.272,-1.20487,0
15.8789,-1.28065,0
16.0688,-1.22627,0
16.1274,-1.27588,0
17.045,0.78498,0
17.0997,0.88579,0
16.0019,-1.29375,0
15.8674,-1.22629,0
15.8459,-1.22888,0
16.3492,-1.38987,0
15.9167,-1.29713,0
16.0341,-1.18657,0
16.0634,-1.16693,0
16.3181,-1.26626,0
16.1161,-1.22838,0
15.864,-1.17334,0
16.1345,-1.30115,0
16.9992,0.89289,0
16.0305,-1.22691,0
15.8077,-1.20049,0
17.0977,0.89519,0
16.2846,-1.42787,0
16.2255,-1.38991,0
17.0004,0.8759,0
16.1077,-1.20621,0
16.1907,-1.22148,0
16.34,-1.26354,0
16.107,-1.28223,0
16.4131,-1.23828,0
16.2581,-1.25978,0
17.0186,0.88166,0
16.1402,-1.27425,0
16.099,-1.34387,0
15.8714,-1.27588,0
16.4027,-1.33755,0
17.0408,0.94311,0
16.9942,0.91968,0
16.3753,-1.33966,0
16.145,-1.34045,0
16.3937,-1.29669,0
16.084,-1.21504,0
16.1908,-1.33409,0
16.3455,-1.33566,0
16.9323,0.76266,0
16.2659,-1.26376,0
16.1667,-1.42081,0
16.0131,-1.47692,0
15.8173,-1.49456,0
15.9001,-1.48965,0
13.5367,2.20434,0
15.6987,-1.43294,0
16.0116,-1.55546,0
15.7473,-1.4458,0
16.152,-1.54597,0
17.1265,0.59359,0
16.0831,-1.53338,0
15.8847,-1.32324,0
17.093,0.48901,0
17.0947,0.61832,0
13.5776,2.2529,0
15.9091,-1.40818,0
16.1404,-1.47355,0
16.1292,-1.45476,0
15.9807,-1.5401,0
13.5084,2.1666,0
15.7966,-1.41417,0
17.0565,0.61973,0
13.5877,2.30468,0
13.5456,2.17343,0
15.9446,-1.47145,0
15.9267,-1.51235,0
13.6186,2.29087,0
16.0133,-1.50555,0
13.5508,2.19521,0
15.8177,-1.48535,0
16.1445,-1.44791,0
15.9323,-1.35264,0
13.5527,2.29517,0
15.7698,-1.44906,0
15.9931,-1.45073,0
17.1054,0.58097,0
13.5607,2.25229,0
16.1828,-1.40453,0
16.0676,-1.3895,0
16.1179,-1.41277,0
15.9532,-1.49019,0
15.9974,-1.41419,0
13.5737,2.31752,0
15.9143,-1.40387,0
16.0723,-1.43084,0
15.9672,-1.51731,0
15.7907,-1.44409,0
16.2031,-1.4344,0
16.133,-1.38912,0
15.9983,-1.4712,0
13.514,2.1644,0
16.0725,-1.43347,0
15.8314,-1.29845,0
16.0712,-1.4344,0
15.8782,-1.37766,0
15.9887,-1.37401,0
17.1221,0.55803,0
15.8932,-1.53242,0
13.5498,2.28274,0
16.0167,-1.37836,0
17.1408,0.57492,0
15.931,-1.42667,0
16.0014,-1.52044,0
16.1267,-1.60611,0
13.5766,2.20645,0
17.0831,0.63666,0
16.0154,-1.44115,0
15.8614,-1.38696,0
16.0063,-1.57261,0
13.5273,2.20296,0
15.8649,-1.42779,0
15.9441,-1.53002,0
13.6374,2.28517,0
17.0351,0.64816,0
15.9941,-1.4791,0
15.9211,-1.45483,0
17.0454,0.65839,0
17.059,0.67603,0
15.7978,-1.40282,0
15.7704,-1.44521,0
16.0375,-1.38794,0
16.1395,-1.43309,0
15.9356,-1.45021,0
16.025,-1.49358,0
17.1021,0.58388,0
16.1401,-1.40066,0
16.065,-1.45538,0
15.7506,-1.42045,0
17.075,0.62966,0
16.1012,-1.48901,0
16.0296,-1.45932,0
13.5588,2.31607,0
15.9722,-1.56305,0
16.0652,-1.48248,0
16.0632,-1.36973,0
16.0914,-1.57257,0
16.0684,-1.42829,0
15.9466,-1.42344,0
16.0964,-1.38618,0
17.0754,0.54684,0
17.1408,0.629,0
15.8034,-1.43771,0
16.0456,-1.46855,0
16.0978,-1.53427,0
13.5117,2.21538,0
17.0548,0.60827,0
16.0094,-1.40125,0
13.559,2.19554,0
16.1694,-1.45039,0
16.1773,-1.45099,0
17.0276,0.62604,0
15.7178,-1.44554,0
15.9038,-1.50318,0
15.902,-1.51118,0
16.054,-1.58152,0
16.0882,-1.60382,0
15.7978,-1.42405,0
17.0807,0.55763,0
16.07,-1.39941,0
15.9204,-1.3661,0
15.9011,-1.50409,0
15.8933,-1.39673,0
15.8807,-1.52166,0
15.7723,-1.42998,0
16.0998,-1.39946,0
15.8659,-1.49874,0
15.8395,-1.40061,0
13.572,2.20196,0
15.8803,-1.44708,0
15.8476,-1.39852,0
13.5494,2.25535,0
16.0967,-1.40338,0
16.1731,-1.52274,0
16.1111,-1.46302,0
16.1134,-1.40282,0
15.7636,-1.4652,0
16.1325,-1.58223,0
15.8823,-1.40982,0
15.9914,-1.37252,0
17.1337,0.59249,0
13.5193,2.21446,0
16.1658,-1.53748,0
16.0883,-1.54827,0
16.003,-1.53731,0
15.9278,-1.49523,0
13.5611,2.18141,0
15.8714,-1.32665,0
15.8806,-1.47504,0
16.0337,-1.48163,0
16.0247,-1.50926,0
17.1385,0.5599,0
13.5508,2.15007,0
13.5718,2.1549,0
13.5879,2.24405,0
15.8644,-1.48344,0
17.1201,0.59742,0
15.9233,-1.53164,0
15.8047,-1.4526,0
15.9503,-1.36218,0
15.8871,-1.45723,0
13.6122,2.25662,0
15.8407,-1.46101,0
15.9434,-1.54721,0
15.8854,-1.52284,0
13.5478,2.26016,0
16.1364,-1.55183,0
17.1,0.51553,0
15.9071,-1.38677,0
15.9567,-1.54684,0
16.0321,-1.57549,0
16.1429,-1.42395,0
15.7417,-1.43562,0
16.0058,-1.56325,0
13.5709,2.2746,0
16.187,-1.43184,0
16.072,-1.60929,0
15.8777,-1.49532,0
16.0356,-1.55841,0
16.0369,-1.36532,0
16.0123,-1.54162,0
16.11,-1.60306,0
17.0937,0.58484,0
16.1113,-1.62719,0
16.1111,-1.42251,0
13.5267,2.16577,0
15.7769,-1.41034,0
16.0598,-1.52315,0
15.7384,-1.44923,0
15.8859,-1.4822,0
15.9766,-1.45629,0
16.0183,-1.36688,0
15.7506,-1.44499,0
17.0712,0.53403,0
15.8497,-1.43177,0
17.0262,0.63052,0
16.1082,-1.53592,0
16.0464,-1.58912,0
16.149,-1.54449,0
15.7896,-1.46102,0
16.125,-1.49228,0
13.5743,2.20782,0
16.044,-1.58779,0
17.0452,0.67908,0
15.9518,-1.53992,0
13.5502,2.24388,0
17.1051,0.6365,0
15.9423,-1.42312,0
17.0762,0.66841,0
15.9546,-1.37723,0
13.6025,2.27703,0
17.0665,0.58567,0
16.0366,-1.47767,0
15.9477,-1.48731,0
15.864,-1.49295,0
15.9298,-1.52737,0
15.8723,-1.37862,0
15.8146,-1.46054,0
15.8949,-1.35945,0
15.7803,-1.41366,0
16.0823,-1.54209,0
13.5538,2.26251,0
17.1223,0.53354,0
13.6229,2.2534,0
16.101,-1.48739,0
16.1528,-1.48659,0
16.0688,-1.56734,0
15.865,-1.38347,0
17.154,0.58917,0
16.0931,-1.45767,0
17.0455,0.59908,0
16.0164,-1.5317,0
16.1214,-1.52637,0
15.8609,-1.41629,0
15.7258,-1.43523,0
15.8358,-1.30661,0
16.0875,-1.41772,0
17.1214,0.64029,0
15.9543,-1.47761,0
16.1439,-1.53991,0
16.01,-1.53519,0
15.9174,-1.44971,0
15.9747,-1.38232,0
16.0232,-1.53676,0
15.9168,-1.49407,0
13.606,2.27896,0
17.1106,0.47301,0
15.8359,-1.43077,0
15.9159,-1.44278,0
13.617,2.26174,0
16.1617,-1.53517,0
15.8719,-1.51257,0
17.0361,0.65834,0
13.5708,2.21159,0
15.8693,-1.46343,0
15.804,-1.44138,0
15.9161,-1.37712,0
13.5705,2.22613,0
16.1072,-1.50563,0
15.8402,-1.39351,0
17.1332,0.54999,0
16.0451,-1.36882,0
13.5703,2.20368,0
16.1345,-1.42505,0
16.0379,-1.38442,0
15.7753,-1.45701,0
15.8118,-1.44706,0
16.3241,-1.45676,0
13.4711,2.19913,0
16.2801,-1.52647,0
17.053,0.71179,0
16.2818,-1.45578,0
13.4569,2.18791,0
17.1088,0.71864,0
16.3223,-1.45812,0
17.151,0.79503,0
16.1873,-1.49513,0
16.2878,-1.45346,0
16.2607,-1.48664,0
16.2347,-1.42865,0
16.262,-1.43551,0
16.2155,-1.44835,0
16.2666,-1.50703,0
17.1145,0.77371,0
17.1259,0.79927,0
13.492,2.17801,0
17.1056,0.70224,0
17.0969,0.68147,0
13.4798,2.20197,0
17.1462,0.78245,0
17.1234,0.73049,0
17.086,0.68775,0
17.0768,0.7127,0
17.1683,0.79211,0
17.0975,0.74731,0
17.1003,0.67386,0
17.1558,0.76065,0
13.4435,2.19773,0
17.0681,0.7265,0
17.0665,0.71451,0
17.1492,0.79905,0
16.2095,-1.4827,0
16.257,-1.49877,0
17.0637,0.73578,0
16.2857,-1.44308,0
17.1083,0.81491,0
16.1902,-1.49085,0
16.2513,-1.42595,0
16.22,-1.45651,0
17.0838,0.71892,0
16.2215,-1.5034,0
17.0821,0.67761,0
16.2442,-1.46269,0
16.227,-1.48842,0
17.1341,0.71198,0
13.4528,2.18039,0
16.219,-1.42571,0
17.0687,0.68935,0
17.0933,0.67566,0
16.3216,-1.45722,0
17.0967,0.76115,0
16.2848,-1.45619,0
16.2567,-1.50855,0
17.1487,0.78764,0
16.8547,1.35621,0
16.6442,1.4148,0
16.7692,1.45142,0
16.8878,1.51578,0
16.726,-0.83801,0
16.6607,1.43049,0
16.8085,1.35418,0
16.786,1.46875,0
16.6512,1.38254,0
16.7248,1.43152,0
16.7578,1.36224,0
16.7702,-0.92133,0
16.6656,1.44325,0
16.85,1.39899,0
16.7624,-0.89095,0
16.8174,-0.70591,0
16.867,1.38884,0
16.7557,-0.94065,0
16.7582,-0.93523,0
16.7585,-0.92377,0
16.7449,-0.88374,0
16.6511,1.45977,0
16.7415,1.42917,0
16.8762,1.5002,0
16.7707,-0.91325,0
16.8204,1.52632,0
16.6861,1.50234,0
16.8262,-0.70753,0
16.7984,1.47043,0
16.7387,-0.94342,0
16.7333,-0.81335,0
16.8035,-0.84177,0
16.748,1.54128,0
16.7295,-0.94105,0
16.7564,1.43328,0
16.8071,-0.86396,0
16.8419,1.36607,0
16.7478,-0.90298,0
16.7365,-0.92733,0
16.8744,1.41987,0
16.7249,-0.81001,0
16.6446,1.40315,0
16.7181,-0.90793,0
16.7619,1.50239,0
16.8085,-0.89918,0
16.7435,-0.79104,0
16.6486,1.45332,0
16.7273,1.53016,0
16.8213,1.39189,0
16.6908,1.40434,0
16.8528,1.4222,0
16.754,1.48392,0
16.7398,1.39709,0
16.7823,-0.79358,0
16.7298,-0.8959,0
16.7883,-0.91844,0
16.8958,1.44086,0
16.6678,1.52694,0
16.8186,1.3642,0
16.7969,-0.87073,0
16.8982,1.49801,0
16.7607,-0.82704,0
16.6731,1.44406,0
16.8189,-0.92661,0
16.6949,1.40748,0
16.6378,1.4859,0
16.6614,1.50542,0
16.7902,1.42523,0
16.7935,1.36065,0
16.7787,-0.93861,0
16.9041,1.49583,0
16.7591,1.38787,0
16.7197,1.42909,0
16.8659,1.43109,0
16.7945,1.44096,0
16.766,1.54172,0
16.6772,1.45145,0
16.6852,1.48883,0
16.8179,1.49904,0
16.6431,1.54446,0
16.6576,1.41311,0
16.8367,1.36541,0
16.7422,-0.94103,0
16.7687,-0.9024,0
16.7986,1.5174,0
16.7528,-0.854,0
16.8564,1.52331,0
16.7458,1.41936,0
16.8137,-0.84123,0
16.6405,1.48263,0
16.8921,1.36317,0
16.6754,1.51563,0
16.7565,-0.79573,0
16.8897,1.47529,0
16.6535,1.45368,0
16.9035,1.53165,0
16.8516,1.51286,0
16.6913,1.48386,0
16.6879,1.40244,0
16.8569,1.42809,0
16.7357,-0.91965,0
16.7108,1.4281,0
16.6637,1.53296,0
16.8157,-0.89048,0
16.8169,-0.81777,0
16.6796,1.37356,0
16.7828,-0.87167,0
16.7192,1.50658,0
16.859,1.46528,0
16.7309,1.41981,0
16.6489,1.36806,0
16.7175,1.55218,0
16.825,-0.76242,0
16.7569,1.36554,0
16.7876,1.48076,0
16.7896,1.45135,0
16.7053,-0.93258,0
16.7834,-0.8723,0
16.8917,1.44446,0
16.8191,-0.81496,0
16.8146,1.36682,0
16.7461,-0.93877,0
16.7756,-0.86261,0
16.885,1.34085,0
16.6569,1.41092,0
16.8085,-0.8244,0
16.7993,1.4865,0
16.811,1.35597,0
16.7698,-0.87671,0
16.8157,1.5173,0
16.8309,1.42807,0
16.8183,-0.76415,0
16.7788,1.54117,0
16.7437,-0.78932,0
16.7252,-0.82252,0
16.7676,-0.87599,0
16.7111,1.41355,0
16.8031,-0.93052,0
16.8246,1.44821,0
16.7736,1.36297,0
16.654,1.52923,0
16.8495,1.43214,0
16.6482,1.55466,0
16.7654,-0.83128,0
16.7717,-0.89113,0
16.8182,1.44373,0
16.7455,1.46956,0
16.8422,1.34883,0
16.8426,1.38855,0
16.7786,1.51929,0
16.6661,1.49359,0
16.745,-0.94447,0
16.8756,1.46342,0
16.8162,-0.72569,0
16.7873,-0.8815,0
16.5413,-1.25396,0
16.9728,1.008,0
17.0222,1.08253,0
17.045,0.98223,0
17.0326,0.98285,0
16.4659,-1.25876,0
17.0534,0.98846,0
16.4956,-1.26887,0
17.0539,0.9945,0
16.9952,1.04828,0
17.0568,1.09844,0
16.4915,-1.24287,0
17.0393,1.06216,0
16.4614,-1.24217,0
16.9878,1.0276,0
16.4802,-1.25569,0
16.9966,1.10798,0
17.0812,1.09483,0
16.9948,1.07174,0
16.5383,-1.2823,0
17.0156,1.16401,0
16.4616,-1.24072,0
17.0785,1.02761,0
17.0263,1.07846,0
16.9827,0.99673,0
17.0116,1.08476,0
17.0224,1.09605,0
17.0066,1.10929,0
17.0377,0.9868,0
16.9709,1.04299,0
17.0071,0.97582,0
17.0294,1.01617,0
17.0236,0.97786,0
16.9998,1.02947,0
17.0206,1.10654,0
17.0643,1.1109,0
16.9838,1.05587,0
17.0477,1.06472,0
16.4534,-1.24861,0
17.0595,1.12152,0
16.9628,0.98101,0
16.9944,1.06654,0
17.0435,1.01796,0
17.0505,1.02846,0
17.0837,1.03357,0
16.9593,0.99911,0
17.0273,1.13038,0
16.4811,-1.23959,0
17.0296,1.14342,0
17.0102,1.01787,0
17.0445,1.08356,0
17.0106,1.11542,0
17.0303,1.14445,0
17.0865,1.07224,0
16.9895,0.99242,0
16.4791,-1.2455,0
17.0334,1.07372,0
17.0543,1.06789,0
17.0239,1.03002,0
16.9641,1.01324,0
17.1265,0.95297,0
17.1002,0.97366,0
16.4235,-1.32049,0
16.4163,-1.32841,0
17.1267,0.96631,0
16.4244,-1.2974,0
16.4708,-1.3472,0
16.4669,-1.32823,0
17.1059,0.98997,0
17.0967,0.9443,0
16.4127,-1.31922,0
17.088,1.00067,0
17.1051,0.9802,0
17.1051,0.98545,0
17.094,0.98022,0
16.4328,-1.32583,0
17.098,1.00259,0
17.0823,1.01554,0
16.4332,-1.32331,0
17.1119,1.00727,0
17.1252,0.97195,0
16.4338,-1.28833,0
17.1445,0.99617,0
16.4792,-1.30611,0
17.1321,0.99645,0
17.1239,1.00376,0
17.097,1.02093,0
16.4631,-1.30464,0
16.9242,-0.57366,0
16.9442,-0.59055,0
16.811,1.58575,0
16.9121,-0.62741,0
16.7572,1.67489,0
16.883,-0.69933,0
16.6785,1.55599,0
16.9483,-0.47466,0
16.5735,1.72124,0
16.7107,1.56605,0
16.7569,1.55732,0
16.9484,-0.53941,0
16.8447,-0.69146,0
16.7979,1.65095,0
16.7354,1.72365,0
16.6014,1.71829,0
16.7204,1.61109,0
16.9627,-0.63498,0
16.625,1.72686,0
16.952,-0.59402,0
16.826,1.57202,0
16.7416,1.70697,0
16.7207,1.60122,0
16.5622,1.72489,0
16.7279,1.6121,0
16.9279,-0.70751,0
16.8955,-0.61797,0
16.8954,-0.68696,0
16.8417,1.61342,0
16.8395,-0.72705,0
16.7917,1.7229,0
16.6613,1.63193,0
16.7591,1.56011,0
16.8488,1.62722,0
16.6957,1.70315,0
16.7106,1.68556,0
16.7944,1.70207,0
16.7422,1.68484,0
16.7038,1.57829,0
16.8111,1.62136,0
16.916,-0.71618,0
16.9099,-0.67584,0
16.623,1.66794,0
16.7969,1.57041,0
16.6496,1.66987,0
16.6632,1.6504,0
16.9125,-0.54459,0
16.7799,1.73492,0
16.6779,1.66584,0
16.8297,-0.69137,0
16.8353,-0.72235,0
16.6154,1.73776,0
16.8393,1.5791,0
16.7989,1.58537,0
16.7625,1.60624,0
16.8271,1.68786,0
16.7392,1.67891,0
16.8421,1.61978,0
16.8389,-0.69159,0
16.6491,1.59394,0
16.8795,-0.67488,0
16.7575,1.59821,0
16.9371,-0.70916,0
16.9631,-0.66605,0
16.8484,-0.73313,0
16.6981,1.70211,0
16.6708,1.60898,0
16.7961,1.69328,0
16.6868,1.57421,0
16.6779,1.63529,0
16.7419,1.67712,0
16.7276,1.59812,0
16.7822,1.55689,0
16.8375,-0.74326,0
16.6717,1.65285,0
16.668,1.67169,0
16.7593,1.6365,0
16.7271,1.65149,0
16.8353,1.72161,0
16.9286,-0.6976,0
16.7232,1.55754,0
16.7518,1.56477,0
16.7769,1.73628,0
16.6502,1.66395,0
16.9413,-0.69946,0
16.7404,1.5578,0
16.9293,-0.69531,0
16.5516,1.71219,0
16.8368,1.56719,0
16.8716,-0.73603,0
16.6021,1.72941,0
16.912,-0.60825,0
16.6877,1.67899,0
16.6496,1.60248,0
16.9194,-0.58066,0
16.6539,1.632,0
16.7635,1.64129,0
16.7074,1.58713,0
16.843,1.57544,0
16.961,-0.7368,0
16.918,-0.62986,0
16.7893,1.67251,0
16.5439,1.71411,0
16.6982,1.58703,0
16.6563,1.69861,0
16.9428,-0.72444,0
16.7002,1.62051,0
16.6311,1.68658,0
16.8396,-0.73556,0
16.9617,-0.60215,0
16.7539,1.73259,0
16.6377,1.59426,0
16.7082,1.72833,0
16.8859,-0.57322,0
16.8348,-0.70735,0
16.8587,-0.6856,0
16.9464,-0.63626,0
16.8091,1.59763,0
16.7193,1.60386,0
16.7585,1.73618,0
16.6962,1.57426,0
16.9571,-0.51057,0
16.6599,1.61052,0
16.8087,1.6223,0
16.9263,-0.56124,0
16.6898,1.55898,0
16.9436,-0.64397,0
16.7083,1.59501,0
16.8904,-0.69473,0
16.9515,-0.51608,0
16.6538,1.84949,0
16.6438,1.83741,0
16.6707,1.77596,0
16.534,1.86664,0
16.663,1.95984,0
16.6087,1.93998,0
17.0454,-0.41325,0
17.0605,-0.33873,0
16.7134,1.76243,0
16.5866,1.74502,0
16.6861,1.92311,0
16.5536,1.93389,0
16.5079,1.80132,0
17.0111,-0.48966,0
17.0278,-0.46614,0
17.0615,-0.43067,0
16.7074,1.82263,0
16.6394,1.76154,0
16.7039,1.81814,0
16.6605,1.87475,0
16.6047,1.93732,0
16.6412,1.95262,0
16.5677,1.79782,0
16.511,1.83677,0
16.5717,1.89914,0
17.0384,-0.39263,0
16.4898,1.90779,0
16.6123,1.91683,0
17.04,-0.33941,0
16.5809,1.92336,0
17.0575,-0.42252,0
16.655,1.84869,0
17.0365,-0.43779,0
16.6405,1.77455,0
17.0184,-0.35506,0
16.6644,1.87232,0
17.0013,-0.45963,0
16.6252,1.79437,0
16.5026,1.80708,0
16.7122,1.7844,0
16.5272,1.9456,0
17.0834,-0.44971,0
16.6336,1.79566,0
17.0602,-0.4618,0
16.6784,1.76807,0
16.9713,-0.50116,0
16.6909,1.85558,0
16.5388,1.8939,0
16.5907,1.94154,0
16.6844,1.79879,0
17.0372,-0.44574,0
16.5215,1.88504,0
16.6941,1.83875,0
16.5469,1.80189,0
16.6082,1.91699,0
16.5435,1.89365,0
17.0403,-0.48193,0
16.4981,1.81968,0
16.6293,1.95154,0
16.6531,1.82661,0
16.4996,1.88336,0
17.0146,-0.30162,0
17.0216,-0.29311,0
16.6879,1.89688,0
16.6417,1.78649,0
17.0395,-0.45115,0
16.5409,1.88557,0
16.5252,1.80312,0
16.5094,1.89041,0
16.6457,1.91313,0
17.0424,-0.37625,0
17.0777,-0.44655,0
16.6328,1.75757,0
16.6958,1.81968,0
17.0512,-0.29938,0
16.5114,1.93116,0
16.5571,1.75908,0
16.5178,1.7621,0
16.6825,1.81027,0
16.6838,1.8088,0
16.5528,1.91498,0
16.9751,-0.46049,0
16.6808,1.84504,0
16.5956,1.74243,0
17.0163,-0.32815,0
17,-0.46038,0
17.0734,-0.42352,0
16.6404,1.77624,0
16.9627,-0.5129,0
16.5911,1.92975,0
16.6169,1.92006,0
16.4827,1.88406,0
17.0365,-0.35473,0
16.558,1.84117,0
16.5429,1.92307,0
16.5133,1.83191,0
17.0049,-0.29398,0
16.5237,1.85442,0
17.0385,-0.49898,0
16.6656,1.97084,0
16.9668,-0.49165,0
16.6798,1.81744,0
16.9809,-0.49968,0
16.6488,1.75273,0
17.0463,-0.36067,0
16.5846,1.85794,0
16.6066,1.8124,0
16.6515,1.77152,0
16.67,1.8584,0
17.0444,-0.49996,0
16.5805,1.92237,0
16.6149,1.92529,0
16.5463,1.87321,0
16.5192,1.82449,0
17.0603,-0.36079,0
17.0809,-0.46209,0
17.0212,-0.35053,0
16.4961,1.82312,0
16.5699,1.84253,0
16.6184,1.93146,0
16.4956,1.88276,0
16.5802,1.79101,0
16.5333,1.80894,0
16.6466,1.92912,0
17.0426,-0.45137,0
16.5,1.84217,0
16.7169,1.75609,0
16.7666,1.75016,0
16.9914,-0.68109,0
16.9897,-0.63947,0
16.804,1.80121,0
16.9666,-0.65627,0
16.9673,-0.5421,0
16.7484,1.77346,0
16.968,-0.57742,0
16.9627,-0.55821,0
16.9855,-0.57001,0
16.9651,-0.54233,0
16.7878,1.77989,0
16.981,-0.59948,0
16.9758,-0.63814,0
16.7839,1.7628,0
16.9794,-0.64323,0
16.7463,1.79017,0
16.9703,-0.58661,0
16.9769,-0.59171,0
16.9674,-0.67483,0
16.736,1.79156,0
16.8073,1.80242,0
16.8043,1.77362,0
16.9913,-0.5591,0
16.7518,1.79467,0
16.8577,1.60019,0
16.8528,1.75622,0
17.0014,-0.55503,0
17.0016,-0.52259,0
17.0028,-0.54102,0
16.8573,1.54874,0
16.9153,1.46213,0
16.9076,1.34548,0
16.9233,1.59105,0
16.8814,-0.82443,0
16.8568,-0.77756,0
16.918,1.59041,0
16.8902,-0.81459,0
16.9119,-0.7558,0
16.8833,-0.8385,0
16.8645,-0.81174,0
16.9146,1.63019,0
16.9673,1.48928,0
16.8286,-0.78183,0
16.9319,1.53422,0
16.8404,-0.77741,0
16.8843,-0.8527,0
16.9234,1.46703,0
16.9046,1.60767,0
16.9565,1.29959,0
16.9419,1.33332,0
16.9363,1.56317,0
16.9285,1.39759,0
16.9221,1.34799,0
16.9232,1.63115,0
16.8997,-0.74958,0
16.9097,1.42465,0
16.8907,1.60675,0
16.8375,-0.84972,0
16.9617,1.52661,0
16.9618,1.48848,0
16.8655,-0.82673,0
16.9676,1.47991,0
16.9141,1.53335,0
16.9456,1.59906,0
16.8897,1.58626,0
16.9628,1.40404,0
16.9215,1.37877,0
16.9678,1.48334,0
16.9003,1.57055,0
16.9427,1.47604,0
16.8345,-0.78035,0
16.9467,1.41783,0
16.8557,-0.77676,0
16.8784,-0.78028,0
16.9258,1.62447,0
16.8736,1.63135,0
16.8807,-0.86709,0
16.8604,-0.77964,0
16.8475,-0.81852,0
16.9547,1.55363,0
16.8612,-0.76329,0
16.9281,1.48826,0
16.9071,1.63799,0
16.9261,-0.81869,0
16.897,1.65594,0
16.9475,1.65025,0
16.9342,-0.77633,0
16.9289,-0.81759,0
16.8723,1.6599,0
16.9132,1.66097,0
16.9467,1.64406,0
16.9486,1.66337,0
16.9216,-0.79662,0
16.934,-0.75754,0
16.9802,1.34301,0
16.984,1.28838,0
16.8509,-0.8881,0
16.8627,-0.88169,0
16.9723,1.4398,0
16.9787,1.34563,0
16.9944,1.53229,0
16.9741,1.40531,0
16.9774,1.56726,0
16.9756,1.44023,0
16.9789,1.5805,0
17.0014,1.57334,0
16.967,1.27406,0
16.9894,1.41242,0
16.9926,1.55989,0
16.9643,1.2454,0
16.9798,1.54278,0
16.8229,-0.89649,0
16.8443,-0.89663,0
16.9787,1.45598,0
16.861,-0.88186,0
16.7574,1.95353,0
16.7372,1.81185,0
16.6903,1.9376,0
17.0746,-0.36636,0
16.7429,1.8263,0
16.7166,1.92216,0
16.722,1.92292,0
17.0731,-0.31649,0
16.7526,1.89173,0
17.0872,-0.51289,0
17.0832,-0.42169,0
16.7568,1.86479,0
16.7265,1.91206,0
16.7289,1.93556,0
16.7597,1.81207,0
16.7462,1.92384,0
17.0767,-0.3654,0
17.0568,-0.17853,0
16.7388,1.83035,0
17.0552,-0.178,0
17.0753,-0.51801,0
17.0763,-0.32674,0
16.7211,1.86408,0
16.7426,1.93155,0
17.0557,-0.19113,0
16.7636,1.95993,0
16.7532,1.90298,0
16.7357,1.82919,0
16.7779,1.80581,0
17.0718,-0.30389,0
17.0942,-0.48024,0
16.7223,1.84995,0
16.7082,1.82793,0
16.7547,1.88568,0
16.7648,1.92413,0
16.7237,1.87063,0
16.7134,1.89444,0
16.7545,1.8405,0
17.0662,-0.29335,0
17.0714,-0.2876,0
16.7113,1.85559,0
16.7308,1.85285,0
17.0476,-0.15187,0
16.759,1.88551,0
17.0709,-0.36772,0
17.0873,1.36592,0
17.0205,1.27524,0
16.7149,-0.96177,0
17.1141,1.34423,0
17.0576,1.28128,0
16.7021,-0.95764,0
17.0941,1.2062,0
17.0811,1.25157,0
16.9979,1.23648,0
16.9992,1.36832,0
17.1041,1.30687,0
17.0266,1.18751,0
17.082,1.26415,0
17.0866,1.37847,0
17.0946,1.18969,0
17.0833,1.18518,0
17.0263,1.36924,0
17.0417,1.26164,0
16.7351,-0.9959,0
17.0596,1.37005,0
17.0851,1.25326,0
17.0371,1.35345,0
17.0275,1.27022,0
17.0766,1.20684,0
17.0713,1.3691,0
17.042,1.23519,0
17.0243,1.33052,0
17.0489,1.22259,0
17.0797,1.28705,0
17.0556,1.35431,0
17.027,1.34283,0
17.0999,1.27647,0
16.6973,-0.99369,0
17.0085,1.23839,0
16.9929,1.3845,0
17.0383,1.31645,0
16.742,-1.00426,0
17.0073,1.35389,0
17.0865,1.27852,0
17.0809,1.27338,0
17.1103,1.27979,0
17.0315,1.29893,0
16.7065,-1.02782,0
17.0408,1.27363,0
17.0931,1.37105,0
17.0757,1.35848,0
17.0259,1.3159,0
16.7255,-1.0073,0
16.7218,-1.03165,0
17.0914,1.15811,0
17.0121,1.18687,0
17.0234,1.32804,0
16.668,-1.03839,0
16.9952,1.31826,0
17.0779,1.32464,0
17.0958,1.32989,0
17.064,1.26686,0
16.9958,1.38726,0
17.0174,1.22465,0
17.0798,1.33795,0
17.0979,1.26653,0
17.0608,1.33637,0
16.6809,-1.04874,0
17.0084,1.2812,0
16.7248,-0.96707,0
16.7122,-0.96911,0
16.6858,-1.01728,0
17.0022,1.30886,0
17.0302,1.3754,0
17.0222,1.34691,0
16.7114,-1.01895,0
16.681,-1.03424,0
17.0797,1.21023,0
17.0235,1.36737,0
17.0102,1.29427,0
17.0378,1.36267,0
16.7251,-0.98703,0
17.0164,1.36308,0
16.703,-0.95062,0
17.0009,1.51639,0
16.9977,1.42152,0
17.0194,1.50446,0
17.0271,1.46512,0
17.0132,1.47614,0
17.0165,1.48084,0
17.004,1.51073,0
17.0128,1.45173,0
17.0046,1.50816,0
16.9993,1.40342,0
17.0317,1.48152,0
17.0318,1.55299,0
16.9168,1.68547,0
16.9536,1.67594,0
16.8579,1.73448,0
16.9387,1.68447,0
16.921,1.72422,0
16.8903,1.70092,0
16.8947,1.73004,0
16.9135,1.72613,0
16.863,1.70477,0
16.9045,1.68419,0
16.8701,1.7212,0
16.9511,1.70436,0
16.9806,-0.70355,0
16.9307,1.75269,0
16.8956,1.73565,0
16.879,1.7608,0
16.875,1.75875,0
16.8617,1.7701,0
16.9784,-0.69659,0
16.9429,1.7431,0
16.8834,1.76541,0
16.9167,1.74921,0
16.9072,1.76377,0
16.9197,1.76431,0
16.9372,1.74372,0
16.9882,-0.71488,0
16.9888,1.62431,0
16.975,1.59823,0
17.0355,1.6528,0
16.9744,1.60724,0
16.9863,1.62497,0
16.9598,1.64429,0
16.9818,1.59431,0
17,1.61696,0
17.0328,1.484,0
16.9177,-0.83878,0
17.0131,1.59863,0
16.9266,-0.83554,0
16.9214,-0.83409,0
16.9646,1.63776,0
16.8252,-0.92214,0
17.0943,1.49629,0
17.0936,1.55836,0
17.04,1.48177,0
17.0396,1.44357,0
17.0693,1.44803,0
17.0825,1.52545,0
17.0579,1.50178,0
17.0652,1.40183,0
17.0754,1.44843,0
17.0608,1.47118,0
17.0697,1.38532,0
17.0466,1.45446,0
17.082,1.45637,0
17.062,1.50728,0
17.0613,1.52972,0
17.0618,1.48143,0
17.098,1.54125,0
17.0369,1.49299,0
17.0906,1.48331,0
17.0447,1.43457,0
17.1408,1.30365,0
17.1288,1.37551,0
17.1532,1.23673,0
17.1168,1.11641,0
17.1336,1.29727,0
17.1666,1.27685,0
17.1278,1.25736,0
17.138,1.08218,0
17.1264,1.30182,0
17.1093,1.21451,0
17.1167,1.20682,0
17.129,1.11293,0
17.1515,1.23975,0
17.1001,1.08602,0
17.147,1.33724,0
17.17,1.34182,0
17.136,1.17021,0
17.1426,1.36038,0
17.0919,1.05866,0
17.1207,1.2212,0
17.1634,1.26864,0
17.1429,1.14284,0
17.1449,1.31859,0
17.1163,1.0617,0
17.1518,1.21702,0
17.1528,1.27724,0
17.1459,1.24255,0
17.1136,1.25381,0
17.126,1.26976,0
13.2646,2.08314,0
17.1462,1.17615,0
17.1318,1.13452,0
17.1378,1.29281,0
17.164,1.29981,0
17.0979,1.08602,0
17.134,1.22458,0
17.1348,1.3365,0
17.1488,1.19847,0
17.1025,1.07832,0
17.1127,1.25372,0
17.0971,1.47259,0
17.1228,1.40404,0
17.1058,1.39273,0
17.0909,1.40758,0
17.094,1.38821,0
17.1255,1.4694,0
17.1123,1.40858,0
17.1149,1.38288,0
16.7569,-0.96342,0
16.784,-0.95687,0
17.1317,1.45792,0
17.12,1.49219,0
17.1063,1.42372,0
17.1235,1.41853,0
17.1139,1.50141,0
16.7903,-0.97467,0
16.7554,-0.96459,0
16.7741,-0.96091,0
17.1077,1.42653,0
16.8094,-0.97185,0
17.1376,1.4875,0
17.1254,1.50082,0
17.1322,1.51282,0
17.1374,1.51663,0
17.135,1.50625,0
17.1213,1.51531,0
17.0738,1.57597,0
17.1089,1.59973,0
17.0571,1.59881,0
17.046,1.57656,0
17.122,1.53686,0
17.1123,1.54188,0
16.8939,1.88145,0
16.9661,1.71503,0
16.8786,1.8608,0
17.0455,-0.55708,0
16.8378,1.80927,0
16.8087,1.88767,0
16.9398,1.80488,0
16.8509,1.88106,0
16.8395,1.85744,0
16.9418,1.89646,0
16.8422,1.82574,0
16.8265,1.85779,0
16.8865,1.80664,0
16.8389,1.88514,0
16.9326,1.79934,0
16.9492,1.80097,0
16.8322,1.83452,0
16.9509,1.76166,0
17.0261,-0.56487,0
16.7899,1.80887,0
16.876,1.82487,0
16.8356,1.88408,0
16.8352,1.88842,0
16.8269,1.86284,0
16.9157,1.88046,0
16.901,1.80604,0
16.8582,1.85489,0
16.8747,1.87792,0
17.0408,0.07617,0
16.8322,1.86215,0
16.9199,1.7873,0
17.0507,0.07673,0
16.8664,1.78327,0
16.8811,1.78755,0
16.806,1.87402,0
16.9568,1.85423,0
16.8386,1.82697,0
16.814,1.81945,0
16.9253,1.83443,0
16.8293,1.82989,0
16.8958,1.78357,0
16.8597,1.85422,0
16.9613,1.72269,0
16.963,1.72166,0
16.9561,1.80145,0
16.8893,1.78127,0
17.0272,-0.57216,0
17.1679,1.22523,0
17.1915,1.37566,0
17.1432,1.38677,0
17.1589,1.45807,0
17.1744,1.42269,0
16.7924,-1.00942,0
17.1382,1.44333,0
17.2079,1.44525,0
17.1718,1.45566,0
17.1325,1.42188,0
16.7784,-0.99599,0
17.1811,1.45156,0
17.1527,1.45181,0
16.7581,-0.97841,0
17.1734,1.40391,0
17.1701,1.43852,0
17.1679,1.47979,0
17.1617,1.53931,0
17.1607,1.4869,0
17.1527,1.50998,0
17.1385,1.4666,0
17.1693,1.52964,0
17.1446,1.48504,0
17.1491,1.53171,0
17.1251,1.56791,0
17.1562,1.57214,0
17.1206,1.58622,0
16.8932,-0.87575,0
17.1609,1.59596,0
17.1546,1.59512,0
17.1255,1.59418,0
17.1591,1.55834,0
17.1556,1.59317,0
16.9811,1.69018,0
17.061,-0.63468,0
16.9824,1.75446,0
16.9639,1.81403,0
17.0231,1.83252,0
17.017,1.79272,0
17.0289,1.75283,0
17.0126,1.78464,0
17.0355,1.68344,0
17.0197,-0.65297,0
17.0309,1.71771,0
16.9937,1.78321,0
17.0291,1.82802,0
16.9727,1.78748,0
16.9689,1.80845,0
17.0387,1.7924,0
16.9717,1.825,0
17.0025,1.78401,0
16.9941,1.74031,0
17.0624,-0.63174,0
17.0294,1.84124,0
17.0172,-0.64652,0
16.989,1.82982,0
17.0555,-0.6549,0
17.0357,1.77618,0
17.0132,-0.63488,0
17.0355,1.7499,0
17.0207,1.68449,0
17.0028,1.72987,0
17.0366,1.72409,0
17.0157,1.78322,0
17.0041,1.77299,0
17.0351,1.80929,0
17.0847,1.71097,0
17.0448,1.69653,0
17.0826,1.65748,0
17.0737,1.64692,0
17.0623,1.75093,0
17.0049,-0.73687,0
17.0736,1.74829,0
17.05,1.73776,0
17.0741,1.70059,0
17.0495,1.72075,0
16.9995,-0.72323,0
17.0944,1.71624,0
17.055,1.71929,0
17.0589,1.62082,0
17.0671,1.65702,0
17.0487,1.64461,0
17.0418,1.61814,0
17.0811,1.64385,0
16.994,-0.70817,0
17.0922,1.70193,0
16.9945,-0.69709,0
17.225,1.4566,0
17.1902,1.29364,0
17.1708,1.198,0
17.1516,1.03142,0
17.1975,1.4834,0
17.2199,1.37603,0
17.1949,1.34007,0
17.2271,1.44124,0
17.1901,1.26886,0
17.1392,0.89464,0
17.1682,1.17494,0
17.1744,1.18007,0
17.1928,1.26843,0
17.1263,0.84795,0
17.2113,1.37431,0
17.2057,1.30269,0
17.1818,1.13313,0
17.1761,1.22042,0
17.2372,1.47626,0
17.1667,1.14632,0
17.1878,1.23373,0
17.1708,1.15439,0
17.1627,1.03667,0
17.2189,1.35758,0
17.1625,1.02661,0
17.167,1.46331,0
17.1919,1.29858,0
17.169,1.1306,0
17.185,1.21888,0
17.1484,1.02654,0
17.1933,1.22578,0
17.1386,0.88105,0
17.2012,1.3066,0
17.1393,0.92568,0
17.1596,1.07268,0
17.1907,1.22952,0
17.214,1.4437,0
17.1963,1.29801,0
17.1338,0.89432,0
17.19,1.47376,0
17.1321,0.90441,0
17.0737,0.01828,0
16.6933,1.96579,0
16.6895,1.97625,0
17.1116,-0.21274,0
17.0674,0.01943,0
16.9598,1.99198,0
17.0607,-0.00041,0
16.9175,1.90273,0
17.0633,-0.00119,0
17.0722,-0.28281,0
17.0919,0.0503,0
16.9465,1.90387,0
17.098,-0.33146,0
16.9563,1.96915,0
17.1179,-0.24339,0
16.8887,1.97873,0
17.0972,-0.21193,0
17.0914,-0.00733,0
16.84,1.94773,0
17.1366,-0.48459,0
16.6859,1.95843,0
17.1349,-0.42992,0
17.0982,-0.39767,0
16.5756,1.96507,0
16.9501,1.90933,0
16.8645,1.95585,0
17.0953,-0.37648,0
17.0874,-0.13108,0
17.1172,-0.37153,0
17.1017,-0.26391,0
17.0919,-0.12887,0
16.9625,1.86713,0
16.4862,1.95249,0
17.1031,-0.08564,0
16.6722,1.97449,0
17.1102,-0.28367,0
16.9337,1.90529,0
17.0676,0.06485,0
17.1008,0.00616,0
17.0824,-0.21722,0
16.9503,1.92694,0
17.0907,-0.23265,0
16.8195,1.96474,0
17.084,0.03801,0
17.0994,0.03007,0
16.7746,1.97119,0
17.0911,-0.28539,0
17.1052,-0.06011,0
17.0791,-0.02632,0
16.8272,1.95844,0
17.0588,0.30082,0
16.8722,1.96416,0
16.7909,1.89697,0
17.0775,-0.14655,0
17.0717,-0.15183,0
17.072,-0.16574,0
17.0909,0.02835,0
16.8147,1.96673,0
16.8425,1.95012,0
16.7046,1.96093,0
16.7906,1.95592,0
17.0797,-0.28249,0
16.4855,1.95307,0
17.122,-0.37952,0
16.7721,1.94113,0
16.7067,1.96379,0
17.0947,-0.10514,0
17.0933,-0.12454,0
16.9399,1.94786,0
16.8842,1.98324,0
17.0816,-0.33838,0
17.1074,-0.13709,0
16.8412,1.93361,0
16.829,1.93059,0
17.1005,0.03851,0
16.8053,1.93217,0
16.8128,1.98187,0
16.8715,1.94854,0
17.0994,-0.37644,0
16.9672,1.87299,0
17.0801,-0.1439,0
16.8202,1.9767,0
17.1053,-0.28632,0
16.8154,1.91017,0
16.8823,1.95837,0
16.8225,1.9256,0
17.0667,-0.10766,0
17.0768,-0.14388,0
17.1209,-0.42901,0
16.7995,1.90077,0
16.9536,1.9083,0
17.1271,-0.22041,0
17.112,-0.06722,0
16.9843,1.96128,0
17.094,0.26876,0
16.9725,1.94176,0
17.1202,-0.15572,0
16.9772,1.90312,0
16.9988,1.90151,0
16.9817,1.89871,0
17.1146,-0.01112,0
17.0005,1.86573,0
17.1108,-0.02016,0
16.9747,1.9044,0
17.1197,-0.09276,0
17.107,-0.00613,0
17.091,0.25756,0
16.987,1.86694,0
16.998,1.91654,0
16.9963,1.92916,0
17.0878,0.28149,0
16.4891,1.96337,0
16.8967,2.02762,0
16.3873,1.98454,0
16.8951,2.01277,0
16.6474,1.98759,0
16.4194,1.9935,0
16.6796,1.98418,0
16.5178,2.0069,0
16.7809,2.01912,0
16.731,1.99894,0
16.9442,2.01002,0
16.7108,2.01007,0
16.7336,2.00678,0
16.4651,1.97905,0
16.9165,2.03015,0
16.9038,2.02738,0
16.5047,1.99125,0
16.728,2.02017,0
16.6126,1.99232,0
16.6782,1.99056,0
16.7216,2.01456,0
16.5676,2.00687,0
16.5936,1.99285,0
16.5957,1.9827,0
16.7594,2.01498,0
16.8615,2.02747,0
16.729,2.02264,0
16.794,2.01925,0
16.9039,1.99482,0
16.6213,2.0091,0
16.7284,1.99318,0
16.9392,2.02994,0
16.5977,1.97978,0
16.8553,2.01088,0
16.6303,1.98289,0
16.7861,2.02746,0
16.581,1.98781,0
16.7237,1.99315,0
16.4704,1.97912,0
16.4146,1.99222,0
16.4627,1.99033,0
16.5573,1.97471,0
16.543,1.98097,0
13.5034,2.20496,0
13.3716,2.24798,0
13.4596,2.22099,0
13.3865,2.1622,0
13.3541,2.22004,0
13.4056,2.19653,0
17.1994,1.22953,0
13.3512,2.17188,0
13.35,2.24629,0
13.394,2.20362,0
13.373,2.17345,0
13.3669,2.19086,0
17.2304,1.38787,0
13.3771,2.18797,0
13.3276,2.21382,0
13.334,2.20196,0
13.4644,2.2316,0
17.2284,1.37846,0
13.3715,2.16519,0
17.2115,1.30242,0
13.3782,2.19804,0
13.3308,2.20847,0
13.4432,2.24218,0
13.3951,2.15579,0
13.4039,2.21845,0
17.239,1.41743,0
17.1932,1.49701,0
17.213,1.28245,0
17.2297,1.37176,0
17.1162,1.64184,0
17.1068,1.70876,0
17.1259,1.61546,0
17.1363,1.66632,0
17.1413,1.60799,0
17.1273,1.65944,0
17.1469,1.65915,0
17.1489,1.74873,0
17.1303,1.73203,0
17.1056,1.64077,0
17.1528,1.74779,0
17.121,1.70691,0
17.1535,1.73053,0
17.1452,1.69728,0
17.1238,1.72707,0
17.052,1.82036,0
17.0441,1.88494,0
17.0595,1.79149,0
17.0558,1.81359,0
17.0169,1.86873,0
17.0594,1.83427,0
17.0846,1.87735,0
17.0301,1.89222,0
17.0612,1.83374,0
17.0817,1.79914,0
17.0564,1.88844,0
17.0809,1.78217,0
16.821,2.06182,0
17.1128,0.05913,0
16.5259,2.01744,0
17.1175,0.47244,0
16.6079,2.05396,0
17.1885,-0.19538,0
17.1583,-0.22602,0
16.6441,2.03243,0
16.4068,2.04458,0
17.1426,0.13465,0
17.186,-0.20068,0
16.6589,2.11695,0
16.3444,2.01291,0
16.5135,2.03153,0
16.3218,2.07608,0
17.1703,-0.14667,0
16.3674,1.99696,0
17.1352,-0.1957,0
16.9135,2.05511,0
16.7799,2.15459,0
17.1509,-0.14643,0
16.7029,2.14463,0
17.1344,0.29089,0
16.4345,2.0693,0
16.7527,2.04781,0
16.8797,2.06982,0
16.8078,2.15122,0
17.1125,0.47071,0
16.7879,2.11804,0
16.6345,2.0398,0
16.6139,2.10196,0
17.1349,-0.2397,0
16.7307,2.11749,0
16.4611,2.04475,0
17.1281,0.07636,0
16.8925,2.172,0
17.1021,0.21643,0
17.1514,-0.28466,0
17.1679,-0.1411,0
17.1411,-0.04257,0
16.3898,2.03092,0
16.8392,2.15548,0
16.7657,2.04293,0
17.1218,0.21006,0
16.4229,2.04377,0
17.1262,0.23726,0
16.7087,2.11028,0
17.1685,-0.29191,0
17.1625,-0.17541,0
16.7333,2.14004,0
17.1298,0.11404,0
16.7377,2.0716,0
16.4528,2.06044,0
17.1052,0.26524,0
17.1347,-0.20858,0
17.1359,-0.15116,0
17.1019,0.23379,0
17.1874,-0.06865,0
17.1427,0.22924,0
17.1448,-0.01976,0
16.8137,2.1263,0
16.3499,2.07526,0
17.17,-0.20413,0
16.5072,2.10481,0
16.6169,2.11298,0
16.7109,2.11211,0
17.1478,0.12832,0
16.6792,2.11443,0
16.3521,2.06818,0
16.6161,2.10215,0
16.508,2.0968,0
17.1457,-0.13067,0
16.7987,2.0787,0
16.46,2.09533,0
16.7355,2.15198,0
16.6588,2.04898,0
16.3013,2.10206,0
16.4954,2.05684,0
16.6302,2.12573,0
17.1645,0.07226,0
17.1086,0.21965,0
17.1597,-0.27373,0
16.8322,2.15525,0
16.8758,2.0787,0
16.6476,2.06705,0
16.605,2.09952,0
16.5267,2.09723,0
17.1525,-0.23787,0
16.5356,2.0778,0
16.6656,2.04265,0
16.6853,2.02477,0
17.1251,-0.02247,0
16.6962,2.11316,0
16.5994,2.09008,0
16.3616,2.03016,0
16.6788,2.10807,0
16.8263,2.0481,0
16.7023,2.14282,0
16.7605,2.13855,0
16.7219,2.15571,0
16.2182,2.08808,0
17.097,0.33152,0
16.4785,2.03677,0
16.7004,2.13209,0
16.6006,2.04899,0
17.1544,-0.02092,0
16.6801,2.11836,0
16.409,2.01746,0
16.737,2.09304,0
17.1092,0.33791,0
16.7613,2.16151,0
17.1558,0.02878,0
17.1391,-0.07249,0
17.137,0.20285,0
16.5833,2.11039,0
17.1959,-0.28309,0
16.7346,2.10603,0
16.6395,2.04198,0
16.4551,2.04593,0
16.4971,2.06953,0
16.8164,2.1479,0
17.1666,-0.00353,0
16.2092,2.07976,0
16.514,2.08738,0
17.1368,0.33403,0
17.1673,-0.16028,0
17.1274,-0.21761,0
17.182,-0.05152,0
16.466,2.02923,0
16.5422,2.11196,0
16.432,2.08604,0
17.1477,0.04593,0
16.7361,2.12503,0
16.5311,2.11564,0
16.7775,2.05322,0
16.4965,2.04425,0
17.1787,-0.287,0
16.7458,2.14968,0
16.5086,2.06961,0
16.7374,2.11754,0
17.163,-0.10896,0
16.8187,2.11303,0
16.7227,2.08284,0
16.6864,2.13241,0
17.171,-0.13021,0
17.1759,0.00751,0
17.1569,-0.00162,0
16.3347,2.08807,0
16.7873,2.0982,0
16.776,2.14626,0
16.5564,2.13552,0
16.493,2.03983,0
17.152,-0.29781,0
16.4067,2.05549,0
16.6946,2.03006,0
17.1917,-0.07427,0
17.1849,-0.14299,0
16.8424,2.05716,0
17.1579,0.1565,0
17.1633,-0.0938,0
17.1715,-0.23959,0
16.6776,2.10776,0
17.1243,-0.06166,0
16.4643,2.05886,0
16.4765,2.07506,0
17.1432,0.08749,0
16.7552,2.0876,0
16.3318,2.0385,0
17.1438,0.07524,0
17.1583,-0.15824,0
16.4527,2.1048,0
16.3514,2.08478,0
16.733,2.0552,0
17.161,0.04522,0
16.5503,2.13173,0
16.2191,2.08306,0
16.6922,2.15318,0
16.7946,2.11304,0
16.5862,2.06078,0
16.6367,2.04856,0
17.2011,-0.20888,0
16.771,2.0711,0
16.431,2.00724,0
16.8607,2.14089,0
16.5402,2.10007,0
17.1673,-0.09258,0
16.6352,2.12047,0
17.1351,-0.01245,0
16.8552,2.04648,0
17.151,-0.1086,0
16.4475,2.08654,0
16.3383,2.09721,0
16.79,2.08107,0
16.8085,2.06308,0
16.4975,2.05832,0
17.1489,-0.18338,0
16.3489,2.05004,0
16.8791,2.17999,0
17.1786,-0.27073,0
17.1315,0.32618,0
16.4254,2.02607,0
17.1543,-0.05304,0
17.1279,0.01445,0
16.8451,2.15422,0
16.5353,2.03717,0
16.7021,2.13896,0
17.1866,-0.0499,0
16.5905,2.12604,0
16.7943,2.03683,0
16.8551,2.15897,0
16.7962,2.06212,0
16.8276,2.09972,0
16.334,2.10762,0
16.5295,2.11018,0
16.538,2.0346,0
16.3791,2.06727,0
16.4618,2.10082,0
16.7819,2.0537,0
16.493,2.08641,0
17.1447,0.24692,0
16.6986,2.11906,0
17.1487,-0.04673,0
16.6259,2.05222,0
16.4608,2.11081,0
16.8946,2.13475,0
16.8475,2.15496,0
17.1605,-0.14983,0
17.2183,0.40956,0
16.3577,2.37427,0
17.1884,0.3651,0
16.4506,2.12656,0
16.1904,2.20857,0
16.3142,2.22181,0
17.2085,0.3436,0
17.174,0.07581,0
16.3353,2.11915,0
16.5342,2.42334,0
16.6718,2.23457,0
16.1553,2.28541,0
16.1778,2.32679,0
17.2111,0.16356,0
16.4632,2.20822,0
16.3706,2.18218,0
16.311,2.13473,0
16.4347,2.12465,0
17.153,0.24503,0
17.223,0.0391,0
17.2339,0.33607,0
16.3856,2.29887,0
16.697,2.26711,0
16.5258,2.18957,0
17.1761,0.51733,0
16.4652,2.29785,0
16.4146,2.23548,0
16.1301,2.24635,0
16.5241,2.31987,0
16.4122,2.15479,0
16.4898,2.13403,0
17.1983,0.53435,0
17.1431,0.40445,0
17.1935,0.49224,0
16.2284,2.24402,0
16.6415,2.36825,0
16.7316,2.24974,0
16.6482,2.34902,0
16.2444,2.22076,0
16.3279,2.33701,0
16.316,2.1622,0
16.5861,2.4376,0
17.1979,0.33105,0
16.5473,2.42013,0
16.1477,2.30419,0
16.5056,2.39808,0
16.6567,2.20445,0
17.291,0.10055,0
17.2799,0.29458,0
16.27,2.10823,0
16.6871,2.36433,0
16.2315,2.29387,0
16.2184,2.29647,0
16.3946,2.14559,0
17.2098,0.12163,0
16.3633,2.35046,0
16.4247,2.36917,0
16.4844,2.21729,0
16.6805,2.33635,0
17.3089,0.0714,0
16.4429,2.12527,0
16.3311,2.19638,0
16.2654,2.25138,0
16.4975,2.17059,0
16.3531,2.26058,0
16.5789,2.31813,0
16.5425,2.20417,0
17.2034,0.42936,0
17.3063,0.11479,0
17.2717,0.0566,0
16.6223,2.23021,0
17.1931,0.0946,0
16.4656,2.23619,0
16.563,2.22096,0
17.2287,0.1518,0
16.388,2.34613,0
16.4501,2.18292,0
16.4955,2.19786,0
17.2731,0.1723,0
16.4017,2.23462,0
16.4777,2.23368,0
16.4832,2.23403,0
16.6507,2.21323,0
16.4228,2.35539,0
16.2928,2.11053,0
16.6941,2.15845,0
16.5559,2.41664,0
16.6156,2.22434,0
17.1667,0.31977,0
17.1756,0.66457,0
17.2101,0.04145,0
16.5715,2.27202,0
16.6376,2.18142,0
16.5161,2.23269,0
16.2828,2.23408,0
17.1884,0.24309,0
16.1725,2.17021,0
16.4832,2.2046,0
16.4933,2.3471,0
17.2302,0.13417,0
16.564,2.22735,0
17.2033,0.22287,0
16.31,2.36364,0
16.2716,2.22177,0
17.2123,0.31769,0
17.2382,0.32909,0
16.4962,2.41663,0
17.1593,0.37289,0
16.5109,2.1842,0
16.6025,2.23872,0
16.4073,2.33821,0
17.2745,0.20631,0
16.0941,2.25243,0
16.4661,2.31762,0
16.2158,2.15021,0
16.404,2.36722,0
16.6737,2.39526,0
16.2685,2.29987,0
16.1194,2.24708,0
17.1398,0.48627,0
16.3626,2.12596,0
16.3122,2.13014,0
16.2809,2.33987,0
16.2106,2.1957,0
16.4352,2.23903,0
17.2996,0.11673,0
16.3115,2.31161,0
17.286,0.05774,0
16.1874,2.30705,0
16.3138,2.11992,0
16.5087,2.15876,0
17.2295,0.25733,0
16.2676,2.15074,0
16.2966,2.20355,0
16.506,2.28927,0
16.3097,2.17914,0
16.4954,2.34288,0
16.5199,2.28525,0
16.3754,2.29712,0
17.1632,0.38874,0
17.2737,0.10019,0
16.1264,2.27897,0
17.15,0.25507,0
16.6566,2.24628,0
16.174,2.26426,0
16.2935,2.11254,0
17.1304,0.47914,0
16.1863,2.15481,0
16.3794,2.36446,0
16.6635,2.26103,0
16.0679,2.27389,0
16.4408,2.35118,0
16.6629,2.23887,0
16.5287,2.13743,0
16.2392,2.33686,0
17.1581,0.44079,0
16.5312,2.27497,0
16.4198,2.13225,0
16.1661,2.17565,0
17.2505,0.03329,0
16.5648,2.18956,0
16.201,2.32356,0
17.2467,0.11903,0
16.1993,2.26978,0
17.181,0.47423,0
16.2386,2.22729,0
16.4913,2.26395,0
17.2985,0.09058,0
16.4915,2.34112,0
16.6713,2.16657,0
17.1908,0.10015,0
16.6843,2.3082,0
16.2388,2.31364,0
17.2118,0.02253,0
17.1985,0.06207,0
16.1374,2.24093,0
17.2451,0.09297,0
16.4419,2.28854,0
17.2055,0.28503,0
16.4479,2.39847,0
16.3566,2.17825,0
17.1961,0.14064,0
17.1458,0.39867,0
16.3806,2.301,0
16.6575,2.20421,0
17.3137,0.15001,0
16.5026,2.31844,0
17.2707,0.13812,0
17.1647,0.37907,0
17.2326,0.19867,0
17.1905,0.47221,0
16.0833,2.22373,0
17.219,0.11477,0
16.3907,2.21784,0
16.3053,2.19575,0
16.2724,2.22914,0
16.4377,2.36921,0
16.6727,2.42212,0
16.5436,2.26972,0
17.3315,0.07058,0
16.264,2.20455,0
16.1418,2.25755,0
16.4464,2.27407,0
16.4541,2.32687,0
16.4669,2.28321,0
16.6525,2.37531,0
16.4404,2.30354,0
16.3347,2.36214,0
16.546,2.27193,0
16.5802,2.15032,0
16.7145,2.27858,0
17.2802,0.12914,0
16.2607,2.2715,0
17.2368,0.29344,0
16.6522,2.169,0
16.296,2.15407,0
17.2324,0.19273,0
16.5851,2.3246,0
16.2079,2.15232,0
17.2,0.41795,0
16.4594,2.38935,0
16.2599,2.14606,0
16.6846,2.21746,0
16.5094,2.37608,0
17.2238,0.37496,0
17.1773,0.24956,0
16.6491,2.32303,0
17.2535,0.15623,0
16.66,2.40903,0
16.4088,2.25986,0
16.2382,2.09979,0
16.0596,2.25673,0
16.5499,2.1677,0
17.2474,0.20793,0
17.1836,0.47742,0
17.2645,0.21471,0
17.2188,0.25754,0
16.6257,2.21503,0
16.7094,2.28609,0
16.1998,2.20315,0
17.2112,0.475,0
16.489,2.27621,0
17.1916,0.33529,0
16.3509,2.29307,0
17.1613,0.70597,0
16.3721,2.34335,0
16.4512,2.19676,0
16.397,2.36211,0
17.1604,0.31808,0
16.0736,2.24986,0
17.1644,0.65962,0
17.2106,0.53528,0
16.5908,2.33626,0
17.3137,0.12895,0
17.1745,0.44252,0
16.133,2.27274,0
16.5727,2.31314,0
16.7215,2.23327,0
17.1716,0.13533,0
16.223,2.25978,0
16.2437,2.2059,0
17.2165,0.52064,0
16.2346,2.32905,0
17.2117,0.21963,0
16.7282,2.17766,0
16.549,2.19462,0
16.3408,2.11355,0
17.1957,0.4976,0
16.5747,2.38175,0
16.5132,2.16456,0
16.5021,2.31542,0
16.2112,2.30168,0
16.4763,2.36982,0
17.2361,0.27286,0
17.2363,0.29453,0
16.4021,2.25133,0
16.565,2.40291,0
16.2717,2.14881,0
17.2228,0.28738,0
17.1816,0.62391,0
16.3859,2.16133,0
16.5596,2.34228,0
17.1872,0.07275,0
17.2002,0.03122,0
17.2164,0.29419,0
16.4771,2.37531,0
16.5763,2.18468,0
16.309,2.35925,0
16.4401,2.24573,0
17.3146,0.16546,0
17.2846,0.10984,0
16.3972,2.22884,0
16.3077,2.36333,0
17.243,0.28179,0
16.6436,2.30872,0
16.5827,2.35884,0
17.2021,0.14121,0
16.2097,2.30802,0
16.6242,2.2754,0
16.4276,2.20355,0
16.6404,2.26896,0
17.1999,0.07336,0
16.4737,2.20793,0
16.5595,2.38403,0
16.5328,2.274,0
16.5245,2.32592,0
16.5466,2.31655,0
17.241,0.22737,0
17.3136,0.15692,0
16.2373,2.10144,0
16.7375,2.18425,0
16.3521,2.24845,0
17.1588,0.69318,0
16.3457,2.30814,0
16.5348,2.40451,0
16.2408,2.14155,0
16.1322,2.24741,0
16.2475,2.17289,0
16.4033,2.34245,0
16.5499,2.41814,0
16.4965,2.30043,0
16.2896,2.12515,0
17.2544,0.26926,0
16.2861,2.3196,0
17.2106,0.04496,0
16.3812,2.2949,0
16.3015,2.36327,0
17.1975,0.48553,0
17.2012,0.53474,0
16.3486,2.22774,0
16.5352,2.14669,0
16.561,2.32933,0
17.2942,0.10256,0
17.16,0.19472,0
16.3491,2.1483,0
16.2836,2.10307,0
16.5191,2.25455,0
16.4815,2.20622,0
17.1931,0.43475,0
16.4598,2.28561,0
16.2582,2.16829,0
16.0596,2.274,0
16.4692,2.22347,0
17.3085,0.12234,0
16.6341,2.34183,0
17.2045,0.42647,0
17.2783,0.07494,0
17.2634,0.04435,0
16.4404,2.36891,0
17.1823,0.11106,0
16.0655,2.21302,0
16.4207,2.35926,0
16.3721,2.36356,0
17.19,0.17343,0
17.3088,0.11408,0
16.6442,2.29893,0
16.4167,2.30784,0
16.2273,2.26187,0
16.5922,2.15662,0
17.1958,0.24641,0
16.0937,2.23652,0
16.3414,2.31316,0
17.25,0.13515,0
16.4592,2.22305,0
16.3014,2.11065,0
16.6822,2.38599,0
17.2039,0.26379,0
16.6833,2.35573,0
17.1873,0.5364,0
16.6111,2.16107,0
16.1304,2.23959,0
17.242,0.2235,0
17.1614,0.55697,0
16.6398,2.34526,0
16.0346,2.26123,0
17.2458,0.38689,0
16.4806,2.21704,0
16.4455,2.17905,0
16.0387,2.24281,0
17.2517,0.12647,0
16.3943,2.33422,0
16.723,2.2195,0
17.1616,0.26079,0
16.2442,2.11491,0
17.1941,0.49276,0
17.2558,0.05632,0
16.193,2.11892,0
17.2576,0.23797,0
17.1817,0.03577,0
16.1973,2.15752,0
16.6104,2.21821,0
16.586,2.22802,0
17.2054,0.27361,0
16.4118,2.29574,0
16.3414,2.35275,0
17.2241,0.04258,0
16.5368,2.1365,0
16.2823,2.20642,0
16.5532,2.18236,0
17.1749,0.09153,0
16.3362,2.2843,0
17.2193,0.21128,0
16.2278,2.17893,0
16.3764,2.35798,0
17.1916,0.18131,0
16.6142,2.44852,0
17.2329,0.31557,0
16.33,2.24611,0
16.3953,2.22536,0
16.5161,2.3999,0
17.2799,0.17872,0
16.7103,2.30777,0
16.6089,2.43592,0
17.1594,0.56327,0
16.1961,2.19539,0
16.5405,2.26424,0
17.1544,0.24154,0
16.6391,2.25217,0
16.5128,2.32555,0
16.4844,2.39937,0
17.1411,0.4309,0
16.2398,2.16833,0
16.301,2.36286,0
17.1922,0.59093,0
17.1726,0.44065,0
17.2872,0.11254,0
16.3685,2.26025,0
17.2183,0.51752,0
17.2949,0.07927,0
16.2714,2.27297,0
17.2611,0.29945,0
17.2874,0.19211,0
16.2058,2.2898,0
16.6548,2.25266,0
16.4699,2.36913,0
16.632,2.34497,0
16.5075,2.28462,0
17.2024,0.48716,0
16.2792,2.26394,0
17.2984,0.05192,0
17.3266,0.07055,0
17.1628,0.47837,0
16.3316,2.22758,0
16.7163,2.27781,0
16.5111,2.27516,0
16.6475,2.20802,0
16.7029,2.16793,0
17.1728,0.12066,0
16.2895,2.35996,0
16.6916,2.37023,0
17.2726,0.26976,0
16.174,2.16694,0
16.5965,2.264,0
16.3698,2.29037,0
16.2598,2.30055,0
16.1851,2.19381,0
17.1899,0.07898,0
16.2759,2.32939,0
16.4653,2.37224,0
16.2514,2.19485,0
17.1528,0.45671,0
16.3214,2.21105,0
16.3526,2.22479,0
16.3379,2.13367,0
16.5776,2.37632,0
16.6137,2.14866,0
16.643,2.31862,0
16.5055,2.21842,0
17.1701,0.26152,0
17.2469,0.24022,0
16.2594,2.28656,0
16.3546,2.11249,0
17.1495,0.48159,0
16.0705,2.1999,0
17.2142,0.37228,0
16.6177,2.34117,0
16.4694,2.28439,0
16.2024,2.18884,0
16.3173,2.14252,0
16.0724,2.28999,0
17.226,0.27644,0
16.6618,2.25741,0
16.4541,2.2835,0
16.5566,2.28572,0
16.3,2.33615,0
16.639,2.36579,0
16.2304,2.24461,0
16.3567,2.11999,0
16.2563,2.30685,0
16.9252,2.10766,0
16.9445,2.10433,0
16.9476,2.10029,0
16.9202,2.07016,0
16.9536,2.02459,0
16.9671,2.06112,0
17.1869,-0.33065,0
17.1548,-0.32889,0
16.9546,2.14196,0
16.92,2.11135,0
16.947,2.09123,0
16.926,2.12947,0
16.9085,2.14629,0
16.9721,2.01268,0
17.1934,-0.31016,0
16.9412,2.05686,0
16.9457,2.11968,0
16.9679,1.99897,0
16.9634,2.16673,0
17.2027,-0.09596,0
17.204,-0.30124,0
16.9274,2.15952,0
17.2166,-0.21289,0
16.9379,2.17299,0
16.905,2.15561,0
17.2108,-0.176,0
16.9136,2.15747,0
17.2038,-0.14757,0
16.9267,2.17598,0
17.0001,1.9912,0
16.9831,2.01279,0
17.0223,2.02152,0
16.9913,2.0127,0
17.0018,1.95061,0
16.9989,2.01729,0
16.9831,2.09111,0
17.0152,2.00057,0
17.0177,1.97637,0
17.0082,1.93036,0
16.9923,2.06703,0
17.0154,2.04313,0
17.0287,1.93401,0
16.9993,1.97417,0
17.02,1.93008,0
17.1391,-0.3525,0
17.005,1.93302,0
16.994,2.10722,0
17.0086,2.04094,0
17.1444,-0.35608,0
16.9835,2.07063,0
16.9945,1.99998,0
17.1175,1.96373,0
17.0992,1.83946,0
17.0896,-0.51773,0
17.1087,1.89817,0
17.1281,1.7588,0
17.0338,1.89526,0
17.1164,1.85485,0
17.0578,1.96522,0
17.118,1.80982,0
17.1065,1.83945,0
17.1241,1.77912,0
17.0548,1.92789,0
17.1019,1.82853,0
17.1238,1.91416,0
17.1247,1.9492,0
17.128,1.77951,0
17.0599,1.95653,0
17.077,1.91737,0
17.0824,1.90312,0
17.0904,1.92525,0
17.1337,1.93568,0
17.0414,1.92748,0
17.0341,1.92491,0
17.0969,1.93458,0
17.104,1.80783,0
17.1345,1.87349,0
17.125,1.94407,0
17.1012,1.7721,0
17.0977,1.83468,0
17.1088,1.96153,0
17.0433,1.90069,0
17.1707,1.60017,0
17.2238,1.6727,0
17.1567,0.92129,0
17.1897,1.50698,0
17.1455,0.84604,0
17.1613,1.71147,0
17.1673,0.95611,0
13.3049,2.17905,0
17.2192,1.5727,0
17.2165,1.51123,0
17.2482,1.7141,0
17.2129,1.60334,0
13.3211,2.22903,0
17.1697,1.72953,0
17.211,1.56621,0
17.1923,1.54976,0
17.1998,1.69374,0
13.3168,2.23457,0
17.2421,1.53555,0
17.168,1.03795,0
17.2009,1.68285,0
17.2226,1.56771,0
17.1888,1.5389,0
17.1957,1.60806,0
17.2143,1.56401,0
17.2388,1.7065,0
17.1758,1.72928,0
17.235,1.69499,0
17.1495,0.93389,0
17.2235,1.62075,0
17.156,0.94897,0
17.2121,1.65645,0
17.144,0.89318,0
17.1518,0.89299,0
17.2515,1.69096,0
13.3046,2.21086,0
17.2136,1.62723,0
17.2123,1.50599,0
17.201,1.55537,0
17.204,1.53307,0
17.2576,1.67693,0
17.1402,0.84032,0
17.2437,1.55793,0
17.2358,1.66217,0
17.1984,1.53982,0
17.1887,1.11101,0
17.2381,1.51246,0
17.1812,1.53531,0
17.2084,1.60387,0
17.1376,0.81899,0
17.2164,1.68294,0
17.2025,1.60417,0
17.2246,1.5478,0
17.203,1.58317,0
17.1595,0.93453,0
13.292,2.15819,0
17.2077,1.80019,0
17.1413,1.80299,0
17.1744,1.8185,0
17.2046,1.75377,0
17.2147,1.73831,0
13.2955,2.17281,0
17.2117,1.75654,0
17.1533,1.77951,0
17.2123,1.74507,0
17.136,1.80824,0
17.1652,1.75919,0
13.2718,2.16327,0
17.2044,1.7672,0
17.1914,1.76231,0
13.258,2.11055,0
13.2535,2.13003,0
17.1395,1.78034,0
17.2606,1.75015,0
17.2449,1.7522,0
17.1609,0.87731,0
13.2951,2.22068,0
17.26,1.75526,0
13.2998,2.2126,0
17.1625,1.8516,0
17.1758,1.84043,0
13.221,2.07239,0
17.178,1.89882,0
17.1745,1.87934,0
17.152,1.8515,0
17.1644,1.8884,0
17.1733,1.87057,0
17.1634,1.87999,0
17.1479,1.92108,0
17.1447,1.92099,0
17.2188,-0.03136,0
17.2232,-0.0523,0
16.7719,2.2264,0
16.8583,2.258,0
17.2677,-0.11658,0
17.2486,0.0046,0
17.204,-0.02018,0
16.9195,2.2431,0
16.9011,2.23205,0
16.7838,2.22191,0
16.9869,2.20962,0
17.2829,-0.08567,0
16.7877,2.19777,0
16.9114,2.21664,0
17.2279,-0.16488,0
16.9171,2.22645,0
16.9913,2.14033,0
17.2897,-0.17805,0
16.9115,2.23045,0
16.7967,2.24981,0
16.8504,2.19414,0
16.7548,2.23347,0
17.2256,-0.15861,0
16.9895,2.17513,0
17.243,-0.15656,0
17.2833,-0.13569,0
16.9731,2.18656,0
16.8849,2.18648,0
16.9889,2.19263,0
16.747,2.23647,0
16.94,2.24988,0
16.9659,2.16968,0
16.9914,2.15599,0
17.2441,-0.05794,0
17.2767,-0.19276,0
16.8789,2.19276,0
16.9207,2.19108,0
16.8577,2.23567,0
17.2573,-0.20391,0
17.2798,-0.10073,0
17.2367,-0.12681,0
16.9,2.17941,0
16.9084,2.19684,0
16.8121,2.24565,0
17.2747,-0.20699,0
16.9774,2.22197,0
17.2174,-0.11213,0
16.9027,2.21361,0
16.864,2.2449,0
16.8529,2.22224,0
17.2351,-0.05768,0
16.9804,2.18551,0
16.8937,2.25572,0
16.8687,2.18804,0
16.9635,2.21081,0
16.9916,2.13328,0
16.9431,2.21872,0
17.1998,0.59032,0
17.2174,-0.19139,0
16.902,2.23785,0
16.7567,2.22353,0
16.9079,2.20257,0
16.9531,2.23184,0
17.1746,0.75063,0
16.9585,2.21783,0
16.9489,2.23281,0
17.2379,-0.03477,0
17.2583,-0.00157,0
16.8608,2.23056,0
17.2738,-0.10198,0
17.2344,-0.11511,0
16.9701,2.19319,0
17.2297,-0.07397,0
17.2658,-0.07309,0
16.9293,2.2011,0
17.2236,-0.22316,0
17.0646,1.98141,0
17.0291,2.03535,0
17.0795,2.05954,0
17.0858,2.01162,0
17.0258,2.04357,0
17.062,1.96947,0
17.2443,-0.23063,0
17.0563,2.1363,0
17.2342,-0.32687,0
17.0592,2.13937,0
17.0404,2.0738,0
17.0438,1.97148,0
17.0409,2.06901,0
17.0763,1.97649,0
17.0498,1.97294,0
17.0256,2.00932,0
17.0299,1.97202,0
17.0671,2.00767,0
17.0219,2.09042,0
17.0232,2.12826,0
17.0388,1.99598,0
17.0446,1.978,0
17.2478,-0.29477,0
17.0607,2.14876,0
17.2098,-0.31724,0
17.0523,2.08732,0
17.0509,2.15968,0
17.2404,-0.28513,0
17.0753,2.04014,0
17.0226,2.03941,0
17.073,2.08082,0
17.0092,2.14816,0
17.0837,2.04778,0
17.2109,1.89712,0
17.1965,1.09238,0
17.2006,1.05288,0
17.1993,1.11871,0
17.0916,-0.54894,0
17.2059,1.20537,0
17.213,1.91448,0
17.241,1.88061,0
17.2428,1.87868,0
17.2016,1.10345,0
17.1859,1.86864,0
17.2267,1.85436,0
17.1971,1.10078,0
17.0935,-0.57366,0
17.1892,0.87092,0
17.2024,1.88014,0
17.2256,1.9005,0
17.239,1.81507,0
17.2144,1.82432,0
17.1814,1.90299,0
17.1805,0.83435,0
17.2428,1.83153,0
17.2149,1.83751,0
17.1913,1.83389,0
17.1841,1.89501,0
17.2134,1.88172,0
17.1818,0.75321,0
17.2091,1.23132,0
17.2054,1.15579,0
17.1746,0.823,0
17.184,0.9419,0
17.182,1.86722,0
17.1974,1.83141,0
17.2318,1.89264,0
17.2402,1.84404,0
17.2258,1.87492,0
17.1736,0.84792,0
17.2377,1.79286,0
17.2437,1.87799,0
17.2141,1.19299,0
17.247,1.79001,0
17.1953,0.77836,0
17.2077,0.99581,0
17.2408,1.39226,0
17.2814,1.88186,0
17.2696,1.77157,0
17.224,1.24381,0
17.2038,0.92353,0
17.2304,1.32523,0
17.1844,0.71768,0
17.1998,0.92217,0
17.2181,1.15507,0
17.2298,1.31935,0
17.2218,1.15534,0
17.1959,0.89215,0
17.2431,1.50298,0
17.2345,1.25915,0
17.1942,0.74223,0
17.2112,1.09149,0
17.2115,1.20465,0
17.1913,0.79416,0
17.2632,1.81045,0
17.1981,0.81643,0
17.2571,1.57421,0
17.2233,1.27635,0
17.2093,0.99449,0
17.2153,1.24034,0
17.0753,-0.59629,0
17.3738,1.60493,0
14.3051,2.16274,0
17.3236,1.52267,0
17.2886,1.52012,0
17.2765,1.16299,0
17.3125,1.39734,0
17.1965,0.70146,0
17.2451,1.37417,0
13.7638,2.26909,0
14.2712,2.16848,0
17.3115,1.59433,0
14.1952,2.1943,0
17.3836,1.5533,0
17.2286,0.7435,0
17.2923,1.32846,0
13.466,2.2497,0
17.3629,1.39403,0
17.2596,1.20224,0
13.7295,2.28106,0
17.2708,1.20244,0
13.4809,2.27396,0
17.3076,1.59692,0
13.5744,2.36239,0
17.2381,0.85226,0
17.2123,0.65394,0
17.3668,1.42288,0
17.2487,1.23278,0
14.2085,2.24006,0
13.5061,2.29585,0
13.6359,2.29256,0
14.137,2.26304,0
17.2831,1.09605,0
14.3617,2.21129,0
17.278,1.421,0
17.2104,0.84399,0
17.3349,1.40529,0
13.5867,2.32518,0
17.273,1.20468,0
14.3593,2.18309,0
14.4042,2.17502,0
13.5998,2.33568,0
13.7665,2.264,0
17.2809,1.58706,0
17.2887,1.49266,0
17.2221,0.80229,0
17.3198,1.45992,0
17.3732,1.59179,0
13.6164,2.34761,0
17.2674,1.07284,0
13.732,2.28205,0
13.4609,2.24805,0
13.578,2.35758,0
17.226,0.78219,0
13.728,2.26673,0
17.2933,1.19035,0
17.2849,1.18074,0
13.7724,2.28705,0
17.2597,1.03624,0
14.4008,2.19601,0
17.2739,1.2608,0
17.268,1.01958,0
17.2813,1.12444,0
14.2838,2.19741,0
17.3204,1.20646,0
17.3239,1.57343,0
17.2604,1.46034,0
17.2935,1.65359,0
14.4158,2.19281,0
13.5146,2.23199,0
17.305,1.33054,0
17.2463,1.31594,0
14.1944,2.2299,0
13.4767,2.28377,0
17.3682,1.4515,0
17.2574,1.02809,0
17.3131,1.54035,0
13.4842,2.35029,0
17.2061,0.79981,0
17.2869,1.46801,0
14.1492,2.2475,0
14.0958,2.23714,0
17.3169,1.41429,0
14.1276,2.26232,0
13.4996,2.2335,0
17.3003,1.47687,0
17.3041,1.29961,0
14.1622,2.19963,0
17.2465,1.18927,0
13.5641,2.36912,0
13.5289,2.32886,0
17.3081,1.16965,0
13.7378,2.29397,0
17.2463,1.15696,0
14.1928,2.24704,0
17.269,1.20698,0
13.7887,2.27611,0
13.6396,2.33312,0
17.2275,1.09683,0
17.327,1.54707,0
17.2531,1.17844,0
17.301,1.59231,0
17.2432,1.32914,0
17.24,0.94965,0
17.2505,0.85881,0
17.2713,0.95996,0
17.2701,1.32451,0
13.526,2.36806,0
17.1939,0.67328,0
17.2479,0.96094,0
17.2288,1.15876,0
17.3454,1.42155,0
17.2089,0.77367,0
17.2151,0.92434,0
17.3501,1.54752,0
17.2725,1.09464,0
17.3428,1.48767,0
14.282,2.2062,0
17.2729,1.15078,0
17.2974,1.61669,0
17.2352,0.93253,0
17.2341,0.7387,0
14.2531,2.16301,0
13.5336,2.31954,0
13.9216,2.29528,0
17.2938,1.15942,0
13.494,2.36308,0
13.8498,2.32332,0
17.3819,1.55976,0
13.767,2.24769,0
14.484,2.15806,0
14.3438,2.2195,0
17.2386,0.90759,0
17.2324,1.09775,0
14.1983,2.19625,0
17.209,0.67622,0
13.8659,2.31274,0
13.5122,2.24381,0
14.2486,2.24325,0
17.2671,1.36742,0
14.158,2.23342,0
13.5347,2.30094,0
17.2766,1.24925,0
17.3535,1.52457,0
17.2164,0.98384,0
17.25,1.17131,0
17.3645,1.49967,0
17.2267,0.89213,0
17.2472,0.94168,0
13.6197,2.32158,0
17.216,0.93016,0
17.2933,1.33232,0
17.284,1.46275,0
17.2858,1.34101,0
17.2384,1.16824,0
17.2177,0.75473,0
17.2845,1.11855,0
13.4767,2.35491,0
17.3167,1.4653,0
17.289,1.05643,0
13.4941,2.29607,0
13.9685,2.27351,0
13.7183,2.3404,0
17.3526,1.59562,0
14.2963,2.20538,0
17.3284,1.35028,0
17.2078,0.63049,0
13.9772,2.2778,0
17.3277,1.338,0
13.7611,2.25933,0
13.4774,2.26822,0
17.2902,1.57886,0
14.316,2.1706,0
17.3142,1.62914,0
14.3112,2.17319,0
13.6627,2.31854,0
17.2269,0.72399,0
17.3424,1.28769,0
14.3434,2.2173,0
14.2943,2.20156,0
14.4241,2.13276,0
17.2601,0.94183,0
17.2589,1.06349,0
17.1994,0.63046,0
17.2978,1.24209,0
13.4961,2.24275,0
13.8731,2.31578,0
17.2464,0.94194,0
17.2789,1.40355,0
14.5042,2.19533,0
17.2675,1.42995,0
17.2962,1.24751,0
17.2807,0.98421,0
13.5276,2.30637,0
17.284,1.36259,0
17.3475,1.46654,0
14.2659,2.16606,0
13.7721,2.28272,0
13.7094,2.29024,0
17.2977,1.47463,0
17.2961,1.19099,0
17.3256,1.26159,0
13.6496,2.33534,0
17.2874,1.09707,0
13.5234,2.26436,0
17.303,1.59632,0
17.3647,1.43604,0
17.2802,1.54303,0
14.1363,2.23607,0
17.3672,1.53394,0
14.4049,2.21196,0
14.1779,2.20307,0
14.2324,2.20833,0
13.5421,2.37563,0
17.2052,0.585,0
13.6277,2.31247,0
13.5027,2.29679,0
13.7882,2.24327,0
13.5858,2.34703,0
14.3775,2.21531,0
17.3822,1.58429,0
14.4217,2.2008,0
17.3015,1.36837,0
17.2546,0.95734,0
14.4178,2.14172,0
13.8048,2.28824,0
17.3212,1.46977,0
17.2788,1.5219,0
17.3033,1.27359,0
13.8351,2.31742,0
14.2139,2.23476,0
14.0335,2.27648,0
17.2872,1.13783,0
17.2991,1.57304,0
13.4763,2.31061,0
17.3626,1.62399,0
17.284,1.00695,0
17.2049,0.59552,0
14.0915,2.25519,0
14.1128,2.24721,0
14.3245,2.20076,0
17.2349,0.90722,0
17.2701,1.2674,0
13.4752,2.26051,0
17.2975,1.28381,0
17.2633,1.32519,0
13.5717,2.36003,0
17.2878,1.15207,0
17.3927,1.55753,0
17.222,0.75264,0
14.3463,2.20951,0
14.2671,2.21742,0
13.4762,2.29512,0
14.2652,2.17632,0
17.2937,1.4112,0
13.6387,2.35587,0
13.6101,2.30252,0
13.6328,2.36312,0
17.292,1.09019,0
13.7678,2.27229,0
13.8316,2.28333,0
14.276,2.21462,0
17.2812,1.10254,0
14.2537,2.2094,0
17.2949,1.61172,0
13.4921,2.2979,0
17.2401,0.94093,0
13.4998,2.33321,0
14.3366,2.22967,0
17.2801,1.37082,0
17.2767,1.4342,0
14.354,2.19833,0
17.2067,0.8587,0
14.1927,2.18224,0
14.3204,2.21682,0
17.2347,0.87453,0
17.2918,1.64785,0
17.247,0.88431,0
17.3576,1.60909,0
13.5918,2.34933,0
14.3036,2.18008,0
17.2941,1.6077,0
14.388,2.19202,0
13.483,2.37165,0
14.2131,2.19794,0
17.2626,1.57628,0
17.2594,1.06033,0
13.5051,2.30215,0
13.6987,2.2655,0
14.5099,2.20071,0
13.8212,2.37159,0
14.6566,2.19344,0
13.9652,2.313,0
13.8898,2.3242,0
14.3767,2.25515,0
14.5389,2.21989,0
14.4283,2.22419,0
14.4419,2.22799,0
13.8615,2.32361,0
13.9022,2.35031,0
14.0481,2.28777,0
13.5449,2.40916,0
17.3798,1.41915,0
14.2986,2.25701,0
14.3149,2.24765,0
13.5061,2.43039,0
14.4751,2.2082,0
14.5808,2.20377,0
14.1863,2.27575,0
14.0598,2.29539,0
17.3989,1.57006,0
14.6132,2.18299,0
14.1134,2.2778,0
17.2833,0.97718,0
17.3885,1.47121,0
13.9518,2.34421,0
13.6164,2.37427,0
14.1012,2.28528,0
13.9484,2.31621,0
14.0095,2.3246,0
14.085,2.29048,0
13.8664,2.35044,0
13.8352,2.35551,0
14.0862,2.31469,0
14.2414,2.26375,0
13.8504,2.36578,0
14.1044,2.29342,0
14.1145,2.29763,0
14.495,2.2026,0
14.304,2.26849,0
13.5376,2.4091,0
13.548,2.4045,0
17.3546,1.31805,0
13.6593,2.39869,0
13.9131,2.32043,0
14.1,2.31024,0
13.5802,2.41206,0
14.0081,2.29905,0
13.5489,2.41177,0
13.9554,2.30722,0
17.4059,1.5721,0
14.2878,2.25326,0
14.2541,2.27995,0
14.288,2.24322,0
13.7342,2.38552,0
13.976,2.33843,0
14.0784,2.30383,0
14.1104,2.29957,0
14.5097,2.20417,0
13.5706,2.39479,0
17.3211,1.15034,0
14.4549,2.23573,0
14.1276,2.29218,0
14.3929,2.22867,0
13.5765,2.38061,0
14.5739,2.18737,0
14.5002,2.22303,0
17.4168,1.60415,0
13.6614,2.39685,0
14.3393,2.23339,0
13.9714,2.31859,0
13.6062,2.41396,0
13.7499,2.35009,0
13.889,2.32872,0
14.1805,2.27039,0
13.8954,2.32241,0
14.0851,2.31227,0
13.8168,2.35796,0
17.3711,1.40856,0
14.4093,2.22159,0
13.8851,2.32831,0
14.6184,2.19361,0
17.3848,1.48314,0
13.658,2.40498,0
13.9678,2.32336,0
14.597,2.1815,0
14.433,2.22123,0
13.9015,2.35237,0
13.7237,2.36173,0
13.5766,2.41865,0
14.1613,2.28553,0
14.0548,2.29401,0
13.5753,2.40577,0
13.5608,2.3967,0
17.1211,2.00635,0
17.146,2.12648,0
17.1155,2.09671,0
17.0921,2.08963,0
17.1433,1.97646,0
17.1386,1.99572,0
17.0998,1.98763,0
17.0985,2.11879,0
17.2129,0.56183,0
17.0981,2.00756,0
17.2201,0.60574,0
17.1203,2.07282,0
17.1126,2.07514,0
17.1362,2.02026,0
17.1433,2.0842,0
17.1017,2.03402,0
17.1184,1.96908,0
17.1369,2.06743,0
17.0989,2.10292,0
17.2235,0.57785,0
17.2576,-0.26905,0
17.1088,1.99867,0
17.1383,2.07635,0
17.1467,2.07577,0
17.1215,2.07675,0
17.213,-0.35133,0
17.2129,0.59796,0
17.1363,1.97764,0
17.0937,2.01403,0
17.2082,0.55942,0
17.1136,2.16388,0
17.2737,-0.2347,0
17.0638,2.19095,0
17.2815,-0.01109,0
17.1193,2.16384,0
17.0964,2.18075,0
17.272,-0.26754,0
17.2293,0.69664,0
17.1027,2.16743,0
17.0847,2.15708,0
17.0176,2.16324,0
17.2679,-0.23337,0
17.0941,2.20389,0
17.276,0.03838,0
17.2887,-0.27494,0
17.0235,2.18765,0
17.0557,2.16709,0
17.2633,-0.24417,0
17.0382,2.19898,0
17.0481,2.20501,0
17.0262,2.1911,0
17.2402,0.49842,0
17.0955,2.15651,0
17.2251,0.57322,0
17.0058,2.1937,0
17.1139,2.19811,0
17.2321,0.67535,0
16.9961,2.17633,0
17.1174,2.16401,0
17.1834,2.01721,0
17.2084,2.07873,0
17.1469,-0.41011,0
17.201,2.04,0
17.1559,-0.40853,0
17.2027,2.07086,0
17.2071,2.05244,0
17.1689,2.00448,0
17.1938,1.99285,0
17.2166,-0.41194,0
17.1742,1.97431,0
17.1652,2.01806,0
17.1873,-0.39613,0
17.2041,1.93279,0
17.1746,-0.40055,0
17.1724,2.06438,0
17.2267,-0.35438,0
17.2099,-0.38117,0
17.1952,2.03672,0
17.2199,-0.36414,0
17.1873,-0.41335,0
17.134,-0.51994,0
17.1517,-0.47765,0
17.2518,1.96439,0
17.2779,1.93925,0
17.1474,-0.43478,0
17.2649,1.95584,0
17.2225,1.94338,0
17.2794,1.89066,0
17.1577,-0.47004,0
17.2309,1.91872,0
17.2346,1.93851,0
17.2788,1.95459,0
17.2806,1.93582,0
17.1421,-0.45677,0
17.2291,1.95619,0
17.2697,1.92434,0
17.2433,1.96571,0
17.3188,1.70933,0
13.4164,2.28151,0
17.3044,1.71599,0
17.317,1.81474,0
17.3174,1.81688,0
17.2959,1.68948,0
17.3196,1.75041,0
17.307,1.69997,0
17.2963,1.74257,0
13.4388,2.28138,0
17.2826,1.85934,0
17.2884,1.75083,0
17.3076,1.85873,0
17.3222,1.78347,0
17.2863,1.76397,0
17.3167,1.72135,0
17.3064,1.78669,0
17.3076,1.66142,0
17.2883,1.85017,0
17.3238,1.80956,0
13.3905,2.2702,0
17.3134,1.66236,0
17.3118,1.83163,0
17.1244,-0.52895,0
17.2912,1.89661,0
17.2848,1.87404,0
17.2936,1.90609,0
17.2946,1.86804,0
17.1197,-0.52924,0
17.2425,1.9827,0
17.1936,-0.43456,0
17.2187,2.03543,0
17.2131,2.05204,0
17.2022,-0.41403,0
17.173,-0.42144,0
17.2396,2.01055,0
17.2399,0.68959,0
17.3361,1.66682,0
17.3706,1.66291,0
17.3282,1.71773,0
13.4373,2.30905,0
17.3599,1.70925,0
17.3244,1.67777,0
17.3354,1.68749,0
17.3832,1.75586,0
17.3512,1.72642,0
17.3369,1.77284,0
17.3734,1.68068,0
13.467,2.36218,0
17.3399,1.78267,0
17.2422,0.72192,0
13.4485,2.36263,0
17.2391,0.69121,0
17.3722,1.79346,0
17.3288,1.74276,0
17.3768,1.66514,0
17.3292,1.73384,0
17.3444,1.79088,0
17.2476,0.76075,0
17.2367,0.65447,0
13.4427,2.35709,0
17.3562,1.65248,0
17.3773,1.71909,0
13.453,2.32997,0
17.3533,1.6747,0
17.3416,1.68167,0
17.3811,1.7694,0
17.3277,1.72194,0
17.3851,1.78664,0
17.3853,1.73464,0
17.3358,1.69015,0
17.3787,1.73102,0
17.0238,-0.66619,0
14.0417,2.34075,0
14.6136,2.2244,0
14.1971,2.30931,0
17.2642,0.80671,0
17.2773,0.81181,0
13.7411,2.39618,0
14.6554,2.19755,0
13.9469,2.36437,0
17.3514,1.27647,0
14.3118,2.29122,0
17.3019,1.03143,0
14.2663,2.27943,0
14.0889,2.32089,0
17.2601,0.80488,0
17.3163,1.09123,0
14.6542,2.20535,0
14.4124,2.27708,0
17.299,1.01224,0
14.3316,2.27421,0
17.2728,0.90077,0
13.5246,2.44153,0
13.712,2.40402,0
17.2529,0.69704,0
13.6665,2.41901,0
14.0977,2.32891,0
14.3875,2.28268,0
13.8794,2.36236,0
17.4057,1.64044,0
17.2948,0.92118,0
14.3477,2.28436,0
13.8859,2.36104,0
17.3588,1.29595,0
17.2529,0.72756,0
17.3907,1.42732,0
17.3409,1.14947,0
14.4035,2.26166,0
14.6347,2.22571,0
13.8885,2.37115,0
17.3535,1.28325,0
17.3944,1.71018,0
14.4136,2.26766,0
14.0288,2.34496,0
17.3113,1.05822,0
17.2659,0.75632,0
17.2385,0.60737,0
14.0826,2.33629,0
17.3696,1.3259,0
17.2754,0.84481,0
17.4287,1.6992,0
14.1411,2.31159,0
13.7381,2.40606,0
17.3404,1.13989,0
17.3379,1.16105,0
14.3967,2.26792,0
14.5512,2.23798,0
17.4095,1.64191,0
14.6261,2.21023,0
17.4085,1.51009,0
14.5974,2.21783,0
14.4763,2.24205,0
17.4243,1.60627,0
17.3409,1.21542,0
17.3365,1.12253,0
14.4289,2.25194,0
13.9178,2.37094,0
14.5963,2.21166,0
13.7105,2.40704,0
14.1778,2.29972,0
14.6828,2.19163,0
17.3336,1.19745,0
14.5453,2.24911,0
17.3881,1.42622,0
14.5278,2.2513,0
13.6346,2.41624,0
17.3462,1.22546,0
14.1014,2.31993,0
17.4105,1.54579,0
14.4103,2.25361,0
17.4113,1.64694,0
14.544,2.22934,0
17.3606,1.27435,0
17.3775,1.37674,0
14.5569,2.24148,0
17.4269,1.5245,0
14.4314,2.28465,0
13.6294,2.43432,0
14.2696,2.31689,0
13.7716,2.41135,0
13.7298,2.41808,0
16.9809,-0.75705,0
14.2341,2.31415,0
13.646,2.44048,0
17.2812,0.82092,0
14.3979,2.29022,0
17.3443,1.15747,0
17.2788,0.78466,0
14.4487,2.27898,0
14.6149,2.2496,0
14.4498,2.2768,0
14.6733,2.23297,0
17.4486,1.61302,0
17.3881,1.30065,0
13.7182,2.42378,0
17.2617,0.7011,0
14.1844,2.3349,0
17.4436,1.58967,0
13.6964,2.42218,0
17.306,0.94107,0
17.4122,1.41996,0
13.7051,2.43104,0
17.3992,1.38684,0
14.4802,2.26861,0
17.4236,1.50452,0
14.1642,2.33829,0
14.4079,2.28342,0
17.3461,1.08628,0
17.4571,1.65028,0
17.3566,1.18766,0
17.2878,0.85827,0
17.4338,1.5201,0
17.4193,1.54031,0
17.3108,0.97406,0
14.4942,2.27137,0
17.3378,1.06751,0
17.2826,0.80902,0
13.7982,2.4129,0
17.4526,1.64885,0
17.33,1.07795,0
17.3416,1.14372,0
17.3483,1.14445,0
13.5795,2.44341,0
13.8457,2.3904,0
17.4036,1.36701,0
17.3526,1.18492,0
17.2732,0.71795,0
13.667,2.42212,0
14.1614,2.33124,0
14.6774,2.23914,0
13.8357,2.40182,0
17.394,1.38495,0
17.4501,1.60318,0
17.4299,1.59014,0
17.4038,1.39328,0
14.0321,2.36492,0
16.904,2.27247,0
16.0303,2.30652,0
16.8287,2.27441,0
16.2467,2.46502,0
16.8169,2.50499,0
16.862,2.45567,0
16.2004,2.47057,0
17.4867,0.42578,0
16.0743,2.32386,0
16.8071,2.39864,0
16.2555,2.46934,0
16.7589,2.36453,0
16.7689,2.57653,0
16.7681,2.521,0
16.7452,2.32902,0
16.5261,2.51531,0
17.2843,0.32143,0
17.3566,0.63156,0
16.8012,2.32386,0
17.37,0.45136,0
17.2717,0.36008,0
15.9203,2.36804,0
17.3076,0.65623,0
16.7939,2.35329,0
16.4451,2.4922,0
16.7887,2.35921,0
17.4485,0.60223,0
16.2462,2.48878,0
16.4383,2.4149,0
16.7215,2.3361,0
17.3104,0.5962,0
17.3786,0.80438,0
16.7872,2.41151,0
16.6127,2.51849,0
17.384,0.5611,0
17.2889,0.68905,0
15.9065,2.32009,0
16.1473,2.37554,0
16.7875,2.24974,0
16.4596,2.41129,0
16.0597,2.39704,0
16.1922,2.42585,0
16.8138,2.56719,0
16.7555,2.5563,0
17.2564,0.48831,0
16.7053,2.57507,0
16.798,2.62717,0
16.6262,2.45622,0
17.4129,0.29272,0
16.7525,2.38845,0
17.4438,0.5731,0
16.4138,2.51535,0
16.5958,2.53227,0
16.3922,2.45466,0
17.5348,0.28622,0
17.3294,0.94591,0
17.2991,0.45463,0
16.8147,2.53467,0
16.4407,2.43556,0
16.7977,2.37387,0
17.2514,0.47362,0
16.9043,2.32361,0
16.0886,2.3584,0
17.3742,0.51987,0
16.7707,2.27261,0
16.6112,2.53667,0
17.362,0.4451,0
17.3266,0.68085,0
17.2651,0.48032,0
16.6941,2.56669,0
16.3503,2.38601,0
16.8544,2.43594,0
15.9461,2.36868,0
17.434,0.65471,0
16.7465,2.26815,0
15.9084,2.3177,0
16.461,2.50606,0
16.7487,2.45322,0
16.028,2.37287,0
17.3346,0.88551,0
16.597,2.48658,0
16.699,2.46195,0
16.7706,2.45308,0
17.3916,0.60476,0
15.9627,2.38962,0
17.2542,0.54334,0
17.3085,0.34725,0
16.5672,2.48865,0
16.8707,2.42686,0
16.3295,2.40014,0
17.3562,0.4585,0
17.4037,0.66459,0
16.7928,2.60566,0
16.8948,2.289,0
16.8673,2.30578,0
15.9002,2.37717,0
16.8813,2.39492,0
17.33,0.78197,0
17.4154,0.40788,0
17.3118,0.56943,0
17.255,0.42938,0
16.0325,2.38998,0
16.2831,2.39727,0
16.7377,2.26669,0
16.4336,2.48206,0
17.3722,0.42401,0
16.8757,2.37785,0
16.7443,2.39569,0
16.7834,2.37201,0
17.302,0.35667,0
17.3553,0.24931,0
16.7483,2.6248,0
16.8647,2.2891,0
17.2494,0.45076,0
17.4418,0.44762,0
17.4695,0.50884,0
16.2372,2.36886,0
16.2071,2.40383,0
17.3537,0.68401,0
16.5555,2.57716,0
16.146,2.33571,0
16.8448,2.32509,0
17.3226,0.55905,0
17.3671,0.64706,0
17.4319,0.59488,0
16.5814,2.58801,0
16.1708,2.34021,0
16.6694,2.60828,0
16.8069,2.32981,0
17.3424,0.35397,0
16.1117,2.33736,0
16.8372,2.3448,0
16.0639,2.33478,0
17.4029,0.57738,0
16.2581,2.36764,0
17.2875,0.53387,0
16.0325,2.35292,0
16.7928,2.28866,0
17.472,0.51222,0
16.7546,2.56177,0
17.4554,0.29502,0
17.5357,0.34766,0
16.1521,2.4242,0
16.393,2.50164,0
17.4062,0.54347,0
17.4192,0.6819,0
16.0994,2.39884,0
17.3403,0.80455,0
16.8588,2.44358,0
16.1649,2.3839,0
16.0102,2.30347,0
16.6655,2.56058,0
16.6079,2.46287,0
16.4794,2.50808,0
16.7023,2.53888,0
16.3813,2.5169,0
16.653,2.47571,0
16.3297,2.45197,0
16.8559,2.38411,0
17.3335,0.81674,0
17.3461,0.25609,0
16.411,2.46377,0
16.3698,2.52507,0
17.4146,0.53954,0
16.4558,2.42672,0
16.6931,2.44751,0
16.6621,2.50398,0
17.4706,0.42384,0
16.128,2.43021,0
16.5144,2.48948,0
17.3319,0.26767,0
16.0552,2.34303,0
17.3108,0.45678,0
16.3965,2.49237,0
17.425,0.55093,0
17.3785,0.50855,0
16.2293,2.34755,0
16.7829,2.48702,0
17.2928,0.61843,0
17.3379,0.96868,0
17.3582,0.88448,0
17.4839,0.48395,0
16.5124,2.46605,0
16.7208,2.6248,0
16.0322,2.36235,0
15.9081,2.37643,0
17.3518,0.27441,0
16.8449,2.38983,0
17.3677,0.67052,0
17.2894,0.63778,0
17.5024,0.41057,0
15.9272,2.32768,0
16.7371,2.60609,0
17.3464,0.91311,0
16.4735,2.52183,0
17.3849,0.35207,0
16.3994,2.39458,0
17.2947,0.32171,0
17.3753,0.51866,0
16.0588,2.40509,0
16.1455,2.40103,0
17.3,0.70553,0
16.8613,2.31043,0
17.4129,0.4891,0
16.239,2.39683,0
16.1857,2.36209,0
16.871,2.30604,0
16.3874,2.42538,0
16.2571,2.35665,0
16.4585,2.45966,0
16.5986,2.5732,0
17.3486,0.35422,0
16.7705,2.4072,0
17.4069,0.54076,0
16.5572,2.52705,0
16.5112,2.45982,0
16.5549,2.57886,0
17.5152,0.36068,0
17.3334,0.40379,0
16.7063,2.41442,0
17.3992,0.68751,0
16.1496,2.36554,0
16.8493,2.35334,0
17.3332,0.88214,0
17.4124,0.39376,0
17.4388,0.49233,0
16.5894,2.50263,0
16.8157,2.54789,0
17.2866,0.45651,0
17.2843,0.75973,0
17.306,0.41736,0
16.0225,2.40145,0
17.2568,0.50894,0
17.3257,0.39376,0
16.4508,2.44065,0
16.5978,2.47823,0
17.4516,0.26668,0
17.3572,0.3308,0
16.7953,2.3211,0
16.4035,2.46003,0
16.0846,2.3398,0
17.3351,0.24448,0
16.8417,2.42013,0
16.0853,2.30492,0
16.01,2.34569,0
16.1622,2.40988,0
16.7958,2.38834,0
16.8364,2.30418,0
16.8611,2.46116,0
17.5051,0.30127,0
17.468,0.33108,0
16.2389,2.46287,0
17.4483,0.46894,0
16.5553,2.5161,0
17.3609,0.2398,0
16.0924,2.32005,0
16.6028,2.48902,0
16.4675,2.49596,0
17.3083,0.69559,0
17.3942,0.38148,0
16.6879,2.46506,0
17.375,0.36271,0
16.2043,2.40947,0
16.1603,2.38746,0
16.3884,2.42098,0
17.3069,0.29342,0
17.3575,0.56862,0
17.2675,0.47721,0
17.4498,0.31822,0
16.714,2.44442,0
16.824,2.48893,0
16.8103,2.56837,0
16.7098,2.56864,0
17.3556,0.29814,0
17.3088,0.84253,0
17.347,0.70814,0
16.0126,2.31356,0
16.4212,2.53628,0
16.3402,2.45335,0
16.1833,2.39195,0
16.4049,2.45609,0
16.6625,2.50242,0
16.9093,2.30121,0
17.3111,0.29941,0
16.7526,2.60783,0
16.8765,2.3561,0
16.2097,2.40409,0
17.4184,0.36519,0
17.268,0.42289,0
17.5196,0.28645,0
17.415,0.5552,0
17.532,0.30113,0
16.8326,2.53492,0
16.3262,2.4589,0
16.7887,2.26327,0
16.89,2.30557,0
17.4322,0.25827,0
17.3909,0.55274,0
17.327,0.40151,0
17.4421,0.55502,0
17.3947,0.75468,0
16.5548,2.54184,0
16.799,2.26534,0
16.8117,2.57519,0
17.405,0.38425,0
16.5706,2.4413,0
16.8519,2.26652,0
17.4489,0.58645,0
17.2928,0.38787,0
17.5033,0.34496,0
16.7254,2.47994,0
16.8601,2.38041,0
16.8258,2.29565,0
16.8599,2.37313,0
17.4449,0.36854,0
16.0119,2.31307,0
17.4688,0.43079,0
16.4298,2.49394,0
16.5259,2.54233,0
16.1861,2.44702,0
17.4279,0.47481,0
16.05,2.40376,0
17.3174,0.83174,0
16.6042,2.56265,0
17.3431,0.67123,0
16.4743,2.53253,0
17.3232,0.85588,0
17.4347,0.55695,0
17.3993,0.38771,0
17.2819,0.46168,0
16.7235,2.50854,0
15.9068,2.37871,0
17.3711,0.48908,0
17.2708,0.39976,0
16.7658,2.45397,0
16.3685,2.39333,0
17.3261,0.48896,0
16.1958,2.36241,0
16.5466,2.49397,0
16.8466,2.38146,0
17.323,0.78752,0
17.3299,0.92804,0
16.0595,2.3198,0
17.3454,0.74092,0
17.4657,0.49435,0
16.5494,2.4435,0
16.182,2.35174,0
17.4154,0.70461,0
17.3355,0.49302,0
16.787,2.5887,0
17.3806,0.23733,0
16.7717,2.28203,0
17.4285,0.53769,0
16.7652,2.53643,0
16.4246,2.54267,0
15.906,2.35775,0
16.2198,2.35656,0
16.2715,2.43403,0
16.4618,2.52615,0
16.7465,2.40259,0
17.3741,0.40159,0
17.4584,0.4703,0
16.0323,2.38031,0
17.3972,0.38775,0
17.3615,0.46857,0
16.6914,2.57764,0
16.2011,2.3856,0
16.8102,2.3995,0
16.8243,2.41031,0
17.5002,0.28742,0
17.2977,0.32445,0
17.3082,0.36385,0
17.3322,0.24307,0
16.6689,2.57286,0
15.9215,2.36817,0
17.3407,0.81889,0
16.3142,2.41632,0
16.7769,2.65023,0
16.2787,2.47196,0
17.2893,0.47141,0
16.2952,2.41238,0
17.4864,0.44625,0
16.6293,2.52791,0
17.4569,0.48785,0
16.1072,2.3439,0
16.8468,2.42275,0
16.8162,2.51275,0
16.3024,2.38441,0
17.4782,0.37896,0
16.3701,2.50166,0
17.3879,0.61097,0
16.633,2.60546,0
16.4769,2.46703,0
17.4028,0.52898,0
16.8306,2.47432,0
16.538,2.47903,0
17.4063,0.59193,0
17.3029,0.40796,0
16.8177,2.53529,0
17.4684,0.2583,0
16.3688,2.43314,0
17.4737,0.44843,0
16.6323,2.47728,0
17.3497,0.50519,0
17.2816,0.56309,0
16.714,2.52167,0
16.8841,2.31786,0
17.3743,0.78415,0
16.3614,2.44698,0
17.42,0.5722,0
17.25,0.56243,0
16.0836,2.37588,0
16.3731,2.46,0
17.4337,0.57131,0
17.4098,0.2966,0
17.3773,0.68952,0
16.7597,2.3321,0
16.0934,2.34013,0
16.6983,2.48746,0
16.3098,2.38842,0
16.7787,2.27622,0
16.0945,2.35233,0
16.7938,2.64155,0
17.3336,0.32222,0
16.7674,2.31305,0
16.0992,2.38102,0
17.3806,0.40294,0
16.3493,2.38391,0
16.6288,2.60983,0
16.073,2.33962,0
17.3658,0.35267,0
15.9756,2.35449,0
16.2106,2.46118,0
16.827,2.42707,0
17.4034,0.24843,0
16.7785,2.51102,0
16.7762,2.3318,0
17.5535,0.2974,0
16.8421,2.49809,0
16.4505,2.46132,0
17.5191,0.38889,0
16.6117,2.5524,0
16.3387,2.45247,0
16.8493,2.45927,0
16.6152,2.53905,0
15.9864,2.37558,0
17.4555,0.45036,0
17.338,0.3935,0
16.1091,2.41232,0
16.2659,2.40425,0
16.6957,2.57835,0
16.6267,2.58313,0
16.8282,2.36853,0
17.3577,0.89623,0
15.9802,2.39662,0
16.034,2.422,0
16.7556,2.43189,0
16.7443,2.5909,0
16.8085,2.58911,0
16.4618,2.55761,0
16.1605,2.35112,0
17.3542,0.67945,0
17.3394,0.65695,0
16.2848,2.49062,0
17.4002,0.60246,0
17.3123,0.70157,0
16.5342,2.52051,0
17.4484,0.31859,0
17.3617,0.87007,0
17.3751,0.43375,0
17.3215,0.31763,0
16.4081,2.54048,0
17.2973,0.40911,0
16.7583,2.39919,0
17.4335,0.6649,0
16.796,2.46215,0
16.3265,2.42489,0
16.1446,2.37234,0
17.3615,0.47431,0
16.3299,2.43352,0
16.7237,2.46543,0
17.3325,0.57037,0
17.4134,0.62439,0
17.3358,0.31688,0
16.6045,2.46711,0
16.8407,2.37562,0
16.008,2.39042,0
16.7613,2.57835,0
16.7652,2.33877,0
16.7003,2.44601,0
17.4795,0.34155,0
16.1788,2.4152,0
17.2913,0.33625,0
17.3051,0.68234,0
17.4437,0.4127,0
16.7806,2.28157,0
17.27,0.62714,0
16.3027,2.50619,0
17.2968,0.49698,0
17.3505,0.5074,0
16.7637,2.64676,0
16.1144,2.36358,0
16.0719,2.37223,0
17.5009,0.36148,0
16.826,2.35141,0
16.4032,2.43315,0
16.6585,2.5396,0
16.8152,2.56152,0
16.7984,2.58656,0
17.4054,0.47808,0
17.38,0.70524,0
17.2759,0.65832,0
17.4097,0.4563,0
17.522,0.34463,0
17.2843,0.55148,0
16.3104,2.42441,0
17.281,0.67514,0
17.3582,0.38067,0
16.8111,2.37627,0
17.4225,0.70436,0
16.6385,2.57402,0
16.6828,2.54687,0
16.2389,2.34959,0
16.3721,2.3977,0
16.2484,2.35142,0
17.2794,0.66922,0
17.3706,0.32454,0
16.763,2.53453,0
16.0599,2.38447,0
17.3026,0.67503,0
16.7517,2.61984,0
17.3665,0.76662,0
16.7599,2.50094,0
17.3695,0.63155,0
16.867,2.33043,0
16.2732,2.46192,0
17.3961,0.69873,0
16.4041,2.47595,0
16.24,2.48238,0
17.4099,0.72987,0
16.5884,2.52252,0
17.3176,0.48366,0
17.2764,0.42503,0
17.3164,0.29912,0
16.2116,2.46324,0
17.3517,0.23178,0
17.449,0.31934,0
16.8204,2.3862,0
16.8878,2.305,0
16.1672,2.45813,0
16.5024,2.44038,0
16.8054,2.32699,0
17.281,0.50363,0
16.0682,2.3868,0
17.3632,0.41112,0
17.3246,0.95831,0
17.2529,0.45016,0
17.2932,0.7813,0
16.5567,2.44615,0
16.1938,2.37862,0
16.7094,2.61463,0
17.3455,0.64404,0
17.3118,0.27788,0
16.0232,2.29752,0
16.5243,2.55721,0
16.7004,2.48966,0
17.4614,0.4755,0
16.4865,2.54816,0
16.3311,2.49269,0
17.4627,0.34186,0
17.3032,0.26102,0
16.163,2.41009,0
16.8663,2.42163,0
16.0674,2.40158,0
16.382,2.50703,0
16.2891,2.47695,0
17.4901,0.47674,0
16.5258,2.43523,0
16.0554,2.36118,0
17.3215,0.61407,0
16.5481,2.52832,0
17.3466,0.42659,0
17.3251,0.69128,0
17.372,0.33233,0
17.5164,0.29779,0
16.4033,2.49335,0
17.4811,0.2616,0
17.4095,0.41364,0
16.7994,2.40749,0
16.2425,2.45932,0
17.522,0.33849,0
16.7448,2.6118,0
16.396,2.41076,0
16.0887,2.39138,0
16.4748,2.51607,0
17.4108,0.41667,0
16.751,2.52737,0
17.4039,0.4587,0
17.2989,0.53828,0
16.7484,2.37673,0
16.7435,2.33164,0
17.5365,0.33302,0
17.3488,0.4536,0
16.0618,2.40082,0
16.6713,2.489,0
17.4233,0.55838,0
17.3175,0.04291,0
17.0528,2.25918,0
17.3975,-0.07047,0
17.3506,0.20244,0
16.933,2.31616,0
17.2885,-0.04959,0
17.0307,2.22648,0
17.3752,0.04679,0
17.3456,0.09984,0
17.3169,0.04628,0
17.289,-0.05094,0
17.3059,-0.03452,0
16.9926,2.23667,0
17.3444,0.0932,0
17.3473,0.13401,0
17.3508,-0.09976,0
17.0987,2.23943,0
16.9469,2.3163,0
17.0944,2.26598,0
17.3709,0.07265,0
17.092,2.35548,0
16.9066,2.34954,0
17.3464,0.11104,0
17.314,-0.09915,0
17.007,2.24477,0
17.0015,2.22008,0
17.0712,2.35258,0
17.002,2.34731,0
17.3145,-0.09644,0
17.3833,0.06782,0
17.0631,2.28984,0
17.2929,-0.04961,0
17.0672,2.32242,0
17.3002,-0.09843,0
17.0061,2.25286,0
17.3529,-0.07013,0
17.0546,2.32494,0
16.9813,2.32679,0
16.9827,2.31125,0
17.0685,2.29418,0
17.0306,2.28297,0
17.3598,-0.02524,0
17.0602,2.35556,0
17.3874,0.11976,0
17.3849,0.08513,0
17.3942,-0.04127,0
17.0881,2.37392,0
17.3583,0.19059,0
17.3575,0.0213,0
17.002,2.30807,0
16.9609,2.3237,0
17.0296,2.30958,0
17.0815,2.23018,0
17.0056,2.27484,0
17.3904,0.01313,0
17.3317,0.00333,0
17.0788,2.318,0
17.0273,2.31377,0
17.325,0.14178,0
17.3554,-0.01047,0
17.0453,2.33339,0
17.3329,-0.04526,0
17.3218,0.17787,0
17.3474,0.13786,0
17.1104,2.21418,0
17.0391,2.22852,0
17.3199,0.19087,0
17.399,0.02441,0
17.3163,-0.10155,0
17.0635,2.34388,0
17.0588,2.36889,0
16.9389,2.27119,0
17.0245,2.21988,0
16.9366,2.31042,0
17.3562,0.0627,0
17.384,-0.07661,0
16.9374,2.32343,0
17.4025,-0.02596,0
17.0825,2.24862,0
17.3844,0.05316,0
16.9443,2.35192,0
17.3694,-0.06441,0
16.9133,2.3469,0
17.0322,2.28978,0
16.9301,2.28102,0
16.9695,2.28875,0
17.0621,2.28673,0
17.3607,-0.01898,0
16.9955,2.29841,0
17.3436,0.10428,0
17.332,-0.08153,0
17.0625,2.2688,0
17.3114,-0.03809,0
16.9963,2.28278,0
17.0443,2.24207,0
16.9042,2.33326,0
17.3545,0.01976,0
17.3571,0.06349,0
17.3495,0.21138,0
17.0281,2.27358,0
17.3743,0.2157,0
17.3058,-0.06485,0
16.9942,2.32158,0
16.9975,2.31985,0
17.331,0.18016,0
17.0226,2.22812,0
17.3846,0.0769,0
16.9385,2.3077,0
17.3389,0.19565,0
17.3663,-0.07429,0
17.3699,0.05657,0
17.0945,2.22785,0
17.3611,0.20231,0
17.3392,-0.07445,0
17.4182,-0.08133,0
17.2985,1.99043,0
17.3093,2.04314,0
17.2994,1.98122,0
17.2726,2.04576,0
17.313,2.06453,0
17.2818,2.02494,0
17.3154,1.96488,0
17.3129,1.93658,0
17.232,2.06559,0
17.307,1.9446,0
17.3077,1.99789,0
17.3021,1.87404,0
17.2653,2.05331,0
17.2937,1.972,0
17.2906,2.06498,0
17.292,1.99557,0
17.2895,1.989,0
17.2461,-0.35443,0
17.3211,2.0541,0
17.2648,2.04222,0
17.3052,2.01433,0
17.2942,2.03536,0
17.308,1.90377,0
17.2578,2.0037,0
17.2367,2.06239,0
17.2463,-0.41039,0
17.3032,1.87179,0
17.2276,-0.41824,0
17.2877,1.99605,0
17.2915,2.02369,0
17.2223,-0.41455,0
17.2876,2.06664,0
17.314,2.01335,0
17.4759,0.7017,0
16.1192,2.5062,0
17.5232,0.47607,0
17.376,1.02182,0
17.3709,1.01237,0
16.4633,2.59045,0
16.6434,2.6591,0
17.4051,0.87404,0
16.5347,2.62424,0
16.3919,2.61879,0
15.9049,2.43992,0
16.3704,2.58106,0
16.52,2.67872,0
16.6906,2.73699,0
16.5687,2.68092,0
16.0322,2.46011,0
16.4209,2.64228,0
16.5333,2.67939,0
16.4314,2.56209,0
17.5124,0.59792,0
16.0351,2.46057,0
16.4889,2.62878,0
16.4347,2.63795,0
16.0046,2.41902,0
16.6553,2.62275,0
17.4536,0.61538,0
16.3427,2.55963,0
15.9985,2.4928,0
16.414,2.57767,0
16.3892,2.59785,0
16.2436,2.4993,0
16.436,2.61991,0
16.1516,2.49813,0
16.5982,2.63797,0
17.4801,0.63902,0
15.9035,2.4183,0
16.7363,2.68545,0
16.5894,2.61137,0
15.9949,2.45916,0
17.3845,0.99933,0
16.1557,2.5451,0
16.4508,2.57715,0
15.9708,2.46698,0
16.2215,2.55754,0
17.4914,0.56518,0
17.5328,0.42702,0
17.4977,0.64005,0
16.3646,2.53576,0
15.9986,2.48622,0
16.2211,2.5783,0
17.4292,0.76819,0
16.5333,2.61205,0
17.4485,0.64711,0
16.7271,2.68668,0
17.5422,0.48131,0
15.8444,2.40561,0
17.4124,0.91666,0
16.2089,2.5709,0
16.5916,2.60642,0
16.385,2.62121,0
15.9551,2.40241,0
16.448,2.56153,0
16.0059,2.41412,0
16.2303,2.562,0
16.227,2.56657,0
16.0647,2.49056,0
16.1234,2.47813,0
16.5454,2.62944,0
16.1702,2.50359,0
16.0365,2.47044,0
16.5792,2.7102,0
17.5212,0.5317,0
16.2898,2.52885,0
16.0017,2.49017,0
16.5696,2.59663,0
15.9112,2.39975,0
16.3533,2.52628,0
16.6813,2.7067,0
16.4531,2.64622,0
16.0567,2.5087,0
16.5825,2.68804,0
16.357,2.61086,0
16.5905,2.62179,0
17.4338,0.74712,0
16.481,2.60857,0
16.6664,2.66111,0
17.3457,1.00608,0
16.7008,2.70803,0
15.94,2.40233,0
17.4999,0.54883,0
16.7325,2.6857,0
16.6692,2.70697,0
15.9862,2.4699,0
17.4539,0.66902,0
16.2428,2.58677,0
16.249,2.51612,0
17.4188,0.89647,0
17.3835,0.85583,0
15.8906,2.4529,0
16.1989,2.50382,0
16.4119,2.61915,0
17.3937,0.83975,0
16.7307,2.75418,0
17.4161,0.84019,0
17.4701,0.66499,0
16.7353,2.64851,0
16.3424,2.61317,0
17.4837,0.58066,0
17.5645,0.45587,0
16.2265,2.54707,0
16.6103,2.71087,0
15.8405,2.41572,0
17.4611,0.80899,0
16.735,2.71619,0
17.5595,0.53247,0
17.4045,0.96985,0
15.9287,2.42305,0
16.5984,2.63801,0
17.4652,0.57616,0
16.53,2.66342,0
17.3862,0.87924,0
17.5028,0.65409,0
17.3393,0.97059,0
17.5402,0.58065,0
16.4536,2.63838,0
17.4974,0.47938,0
16.4489,2.57795,0
16.5252,2.65123,0
15.9206,2.39424,0
17.4062,0.91477,0
16.1312,2.49292,0
16.0844,2.48765,0
16.0823,2.49961,0
17.4677,0.71794,0
15.9209,2.40726,0
16.3879,2.63619,0
15.9556,2.4621,0
16.2681,2.56976,0
16.4321,2.63497,0
16.1888,2.52071,0
17.4075,0.93518,0
17.5714,0.45354,0
15.858,2.44113,0
17.5247,0.59679,0
17.3977,0.9443,0
17.4368,0.76727,0
16.3526,2.53065,0
16.707,2.74999,0
15.8625,2.39471,0
16.3573,2.58722,0
16.0994,2.5065,0
16.1005,2.46308,0
16.3317,2.60374,0
16.5431,2.68674,0
15.9403,2.4175,0
16.5587,2.66374,0
15.9555,2.47374,0
16.2286,2.5238,0
17.4702,0.59656,0
17.3703,0.9098,0
16.1849,2.56498,0
16.3124,2.60078,0
16.2045,2.52767,0
16.2307,2.56025,0
17.4065,0.90762,0
16.4348,2.62973,0
16.1931,2.48116,0
17.5085,0.56204,0
16.4225,2.55854,0
17.3499,1.05692,0
16.3283,2.55999,0
16.2444,2.50784,0
16.2056,2.56332,0
17.5174,0.45196,0
16.2947,2.56973,0
15.8557,2.42051,0
17.544,0.48006,0
16.6491,2.73921,0
16.638,2.61852,0
17.4496,0.7669,0
16.1343,2.47765,0
16.0065,2.44678,0
16.7161,2.65912,0
16.3721,2.57282,0
17.3636,0.98881,0
16.3302,2.52568,0
16.5083,2.6163,0
15.9136,2.38527,0
16.5845,2.71248,0
16.3021,2.58327,0
16.604,2.69983,0
16.7011,2.69106,0
16.2432,2.51982,0
16.0673,2.5091,0
16.464,2.6321,0
16.3098,2.58735,0
16.4818,2.65992,0
17.5484,0.5221,0
17.5288,0.54473,0
15.9641,2.42913,0
15.8812,2.43275,0
15.8756,2.44141,0
17.392,0.96498,0
15.8384,2.41721,0
17.5654,0.41905,0
16.6469,2.70304,0
16.2142,2.56822,0
15.8917,2.39015,0
16.4294,2.57334,0
16.673,2.63811,0
17.5378,0.50658,0
16.0563,2.49837,0
16.6883,2.75463,0
15.9695,2.44122,0
16.5741,2.63175,0
17.4024,0.95548,0
17.3328,1.00356,0
17.5091,0.67844,0
16.5129,2.62974,0
16.2809,2.56106,0
16.6103,2.61669,0
17.525,0.45903,0
16.5452,2.66802,0
17.4528,0.67319,0
15.9282,2.41047,0
16.1787,2.507,0
17.5831,0.4374,0
16.0813,2.43967,0
16.2444,2.49671,0
15.9894,2.41596,0
15.9137,2.4009,0
16.6909,2.65847,0
17.5591,0.43091,0
17.3706,1.01033,0
15.8651,2.42907,0
16.514,2.61939,0
16.2005,2.53553,0
17.4847,0.56986,0
15.9282,2.45742,0
16.2522,2.56474,0
17.4193,0.85211,0
16.6987,2.68515,0
16.2261,2.53124,0
16.2282,2.51987,0
15.8734,2.41525,0
16.6801,2.69432,0
16.3603,2.63046,0
16.4825,2.67359,0
16.4451,2.58718,0
17.5835,0.48029,0
16.3819,2.56872,0
17.4972,0.53404,0
16.6098,2.69085,0
15.9789,2.4623,0
17.5442,0.553,0
17.5182,0.52558,0
16.6959,2.64969,0
16.1785,2.52451,0
16.3193,2.59183,0
17.5432,0.4574,0
16.6849,2.67136,0
17.5039,0.58422,0
17.4755,0.64714,0
16.5949,2.71708,0
16.4873,2.64615,0
16.1765,2.54371,0
16.6983,2.67687,0
17.5977,0.43906,0
17.3277,2.01563,0
17.267,-0.37791,0
17.325,1.87461,0
17.3335,1.92964,0
17.2613,-0.36515,0
17.2513,-0.38575,0
17.1657,2.08602,0
17.3183,1.9044,0
17.285,2.07818,0
17.3306,1.97665,0
17.3224,1.89889,0
17.3375,1.93658,0
17.3151,2.06787,0
17.3382,2.06813,0
17.3272,2.05187,0
17.332,1.88634,0
17.2833,-0.34893,0
17.3511,2.01176,0
17.3434,2.04263,0
17.344,2.03076,0
17.346,2.0439,0
17.3515,1.93552,0
17.2625,2.08784,0
17.345,1.87367,0
17.214,2.09159,0
17.288,2.087,0
17.3397,1.81632,0
17.2762,-0.38327,0
17.3528,2.0163,0
17.2651,2.08824,0
17.3407,1.85047,0
17.3443,1.97599,0
17.3444,1.95266,0
17.2343,2.09064,0
17.2353,2.10384,0
17.168,2.13498,0
17.3162,-0.26959,0
17.3416,-0.13335,0
17.3356,-0.27786,0
17.1973,2.16491,0
17.3069,-0.18037,0
17.17,2.12718,0
17.3064,-0.16482,0
17.1434,2.15052,0
17.347,-0.21829,0
17.2848,2.2048,0
17.1622,2.18151,0
17.3484,-0.25182,0
17.2834,2.09948,0
17.3497,-0.15989,0
17.2908,-0.28599,0
17.2986,2.18407,0
17.3373,-0.16577,0
17.1756,2.1983,0
17.3433,-0.20089,0
17.3182,-0.2455,0
17.32,-0.1793,0
17.2761,2.18405,0
17.2726,2.15826,0
17.1455,2.1588,0
17.3267,-0.22077,0
17.1546,2.19982,0
17.2045,2.11842,0
17.2713,2.1866,0
17.3351,-0.27285,0
17.2189,2.18152,0
17.3528,-0.26741,0
17.2452,2.12523,0
17.3428,-0.16635,0
17.331,-0.21643,0
17.1575,2.20387,0
17.3014,-0.24302,0
17.2474,2.09918,0
17.3448,-0.26903,0
17.2972,-0.12875,0
17.3231,-0.20469,0
17.2952,2.10093,0
17.3308,-0.24088,0
17.3671,1.97113,0
17.3736,1.81554,0
17.3591,1.80297,0
17.3791,1.83402,0
17.3613,1.96051,0
17.374,1.87626,0
17.3541,1.82922,0
17.3987,1.88569,0
17.3909,1.86441,0
17.3975,1.97924,0
17.3816,1.92218,0
17.3604,1.93361,0
17.3525,1.84222,0
17.3672,1.83276,0
17.2231,-0.43866,0
17.36,1.9893,0
17.391,1.90832,0
17.2588,-0.4276,0
17.2596,-0.4357,0
17.3539,1.88289,0
17.3639,1.95574,0
17.26,-0.42107,0
17.3577,1.81448,0
17.3693,1.87822,0
17.4056,1.99198,0
17.3638,2.05869,0
17.398,2.05212,0
17.3758,2.07047,0
17.3608,1.11087,0
17.3045,-0.34492,0
17.3706,1.17047,0
17.3068,-0.29679,0
17.3177,-0.30066,0
17.3118,-0.37645,0
17.3716,1.17423,0
17.2943,-0.30639,0
17.2964,-0.34442,0
17.3095,-0.30721,0
17.3924,2.07605,0
17.3125,-0.38113,0
17.3032,-0.35378,0
17.3596,2.07537,0
17.3639,1.13873,0
17.4111,2.02684,0
17.4104,2.01332,0
17.4078,1.83198,0
17.3733,1.16042,0
17.4031,1.83555,0
17.4063,1.95006,0
17.2973,-0.40663,0
17.4115,1.93209,0
17.3794,1.20929,0
17.3769,1.11028,0
17.3992,1.74612,0
17.4421,1.38868,0
14.7401,2.25595,0
14.6372,2.24943,0
14.7371,2.26268,0
17.3925,1.01668,0
14.4999,2.28601,0
14.4808,2.28061,0
17.4414,1.46329,0
17.4014,1.16273,0
17.4062,1.76236,0
17.438,1.79346,0
17.4294,1.48976,0
17.4673,1.83453,0
17.4525,1.70881,0
17.4588,1.69454,0
17.4436,1.44221,0
14.6632,2.2588,0
17.4153,1.81632,0
17.42,1.24702,0
14.6809,2.25377,0
17.4613,1.62728,0
17.3859,1.0774,0
17.445,1.41766,0
17.4613,1.6299,0
17.4524,1.52641,0
17.1738,-0.52229,0
17.4247,1.81286,0
17.4732,1.88149,0
17.4964,1.8378,0
17.4135,1.77785,0
17.4242,1.25032,0
14.5097,2.27942,0
17.408,1.79847,0
17.1738,-0.47214,0
17.3925,1.28151,0
17.4483,1.5186,0
17.4813,1.88995,0
17.3959,1.0517,0
17.3966,1.12563,0
17.4234,1.84534,0
14.7091,2.24473,0
17.5022,1.88262,0
17.4028,1.34901,0
14.5338,2.28395,0
17.4417,1.45494,0
17.3979,1.02837,0
17.4536,1.83479,0
17.4487,1.7501,0
17.4274,1.89744,0
17.4396,1.47972,0
17.4277,1.4248,0
17.4535,1.78956,0
17.4476,1.50592,0
17.4732,1.8843,0
17.4147,1.86093,0
17.426,1.9177,0
17.4041,1.28774,0
17.468,1.8063,0
14.6189,2.27786,0
14.7232,2.25875,0
17.4873,1.92144,0
17.4362,1.3363,0
14.3042,2.31536,0
17.4314,1.39611,0
17.4425,1.80986,0
17.1783,-0.48497,0
17.3924,1.04643,0
17.4365,1.75369,0
14.7098,2.26687,0
14.5933,2.26131,0
17.4151,1.3286,0
17.1714,-0.49438,0
17.444,1.86412,0
17.4013,1.18377,0
17.2054,-0.47404,0
17.4074,1.15775,0
17.4531,1.56923,0
17.4122,1.36822,0
17.4581,1.74165,0
17.1964,-0.51139,0
17.1974,-0.49094,0
14.7216,2.23991,0
17.1618,-0.54359,0
17.2044,-0.55163,0
17.4571,1.55179,0
17.1624,-0.50299,0
17.3037,2.2254,0
17.2953,2.28767,0
17.4244,-0.09343,0
17.1137,2.2494,0
17.1677,2.24363,0
17.1192,2.25874,0
17.3616,-0.20979,0
17.4277,-0.07285,0
17.4154,-0.12947,0
17.3111,2.16597,0
17.3049,2.11684,0
17.4257,-0.02665,0
17.2357,2.22843,0
17.2699,2.22729,0
17.4047,0.18753,0
17.2729,2.2295,0
17.1928,2.2651,0
17.3919,0.20014,0
17.3902,0.20005,0
17.3071,2.13923,0
17.1703,2.25312,0
17.3819,-0.15636,0
17.3509,-0.13782,0
17.3878,-0.11348,0
17.1796,2.23181,0
17.1092,2.24512,0
17.2124,2.27289,0
17.2717,2.26402,0
17.1397,2.27317,0
17.2049,2.23363,0
17.3068,2.24147,0
17.4086,0.10535,0
17.417,-0.17977,0
17.2031,2.23975,0
17.4142,-0.12183,0
17.1243,2.25733,0
17.2896,2.26826,0
17.1148,2.26676,0
17.4187,-0.01469,0
17.225,2.21738,0
17.4203,0.08575,0
17.2071,2.24503,0
17.3712,-0.1424,0
17.3716,-0.18403,0
17.4259,-0.12195,0
17.4107,0.17006,0
17.4085,-0.16606,0
17.1534,2.26136,0
17.364,-0.19849,0
17.1966,2.22624,0
17.2898,2.22166,0
17.3676,-0.18003,0
17.3899,0.16103,0
17.1378,2.25689,0
17.4005,-0.12452,0
17.225,2.24786,0
17.2486,2.21684,0
17.4157,0.01446,0
17.3008,2.24442,0
17.129,2.236,0
17.3112,2.21093,0
17.4772,-0.05886,0
17.1377,2.32582,0
17.4504,0.00731,0
17.4706,0.20385,0
17.4756,-0.02579,0
17.4448,0.23694,0
17.1359,2.38533,0
17.1543,2.29048,0
17.4605,-0.0688,0
17.1003,2.37782,0
17.4717,0.20329,0
17.4587,0.00249,0
17.2206,2.30114,0
17.4282,0.11442,0
16.9874,2.36397,0
17.4331,0.15079,0
17.491,-0.0693,0
17.472,0.11157,0
17.4567,0.21543,0
17.1147,2.35729,0
17.4707,0.2107,0
17.1753,2.34685,0
17.1181,2.37622,0
17.4279,0.20373,0
17.4412,0.15332,0
17.1211,2.33815,0
17.4268,0.12215,0
17.2262,2.37545,0
17.2173,2.30964,0
17.4953,-0.03259,0
17.1669,2.33847,0
17.4342,0.0088,0
17.4813,0.10068,0
17.4301,0.14846,0
17.4357,0.02634,0
17.43,0.09476,0
17.1428,2.31221,0
17.187,2.29781,0
17.4675,-0.03071,0
17.1854,2.40234,0
17.1285,2.39093,0
17.4263,0.10259,0
17.1529,2.3519,0
17.2412,2.29015,0
17.4785,0.12815,0
17.449,0.05307,0
17.425,0.11,0
17.4843,0.1089,0
17.4415,-0.01718,0
17.4811,0.13918,0
17.2213,2.36813,0
17.4472,0.23635,0
17.2393,2.31041,0
17.4505,0.21459,0
17.0945,2.35013,0
17.4294,-0.0136,0
17.0505,2.38791,0
17.2147,2.31202,0
17.0952,2.34877,0
17.2419,2.29307,0
17.4238,0.229,0
17.4544,0.12295,0
17.1911,2.34679,0
17.0675,2.38658,0
17.198,2.2856,0
17.4523,-0.07091,0
17.2327,2.31294,0
17.1194,2.32501,0
17.1733,2.29756,0
17.4527,0.14105,0
17.4175,0.16027,0
17.4811,0.02777,0
17.4632,0.03334,0
16.9747,2.373,0
16.9008,2.36371,0
17.4797,0.08187,0
17.4707,0.08702,0
17.4511,0.01659,0
17.4261,0.03686,0
17.2019,2.32633,0
17.4624,0.0962,0
17.049,2.38437,0
17.4704,0.19964,0
17.4209,0.2088,0
17.1923,2.31494,0
17.4722,0.0031,0
17.4652,-0.11025,0
17.4565,-0.08189,0
17.2551,2.29554,0
17.4656,-0.09431,0
17.287,2.31095,0
17.4513,-0.1261,0
17.279,2.32068,0
16.903,2.49178,0
17.591,0.3468,0
17.0161,2.49122,0
17.0632,2.56853,0
17.4754,0.85455,0
16.8843,2.55159,0
16.9579,2.48258,0
17.4482,0.90162,0
17.5636,0.36969,0
17.5953,0.23666,0
16.9515,2.57655,0
16.9269,2.44274,0
17.5854,0.31415,0
17.5272,0.24457,0
16.8633,2.50449,0
16.9774,2.53188,0
17.5902,0.37604,0
16.9811,2.61156,0
16.9231,2.39106,0
17.0385,2.62156,0
17.5588,0.29949,0
17.529,0.24523,0
17.0533,2.41145,0
16.8733,2.49745,0
17.084,2.50338,0
16.9261,2.44281,0
17.4472,0.88799,0
16.8781,2.55353,0
17.4773,0.84397,0
17.5763,0.19679,0
17.1064,2.40037,0
17.4888,0.19753,0
16.9018,2.48982,0
17.5754,0.19406,0
17.4743,0.86803,0
17.533,0.22685,0
17.4909,0.24864,0
16.8454,2.53875,0
17.0457,2.57011,0
17.0405,2.55227,0
17.5992,0.31803,0
17.0962,2.40771,0
17.0387,2.59037,0
17.006,2.45501,0
17.0045,2.51661,0
17.4818,0.77583,0
17.0733,2.41537,0
17.584,0.2919,0
17.4768,0.84094,0
16.941,2.41036,0
17.4904,0.77464,0
17.004,2.47982,0
17.0041,2.49132,0
17.4438,0.88634,0
16.9715,2.43843,0
17.4347,1.00475,0
16.9932,2.60438,0
17.5844,0.25883,0
16.9388,2.50497,0
17.0205,2.49463,0
17.572,0.26683,0
17.0253,2.40922,0
17.0503,2.44684,0
16.9089,2.51495,0
17.4008,0.98336,0
17.4231,1.05839,0
17.5819,0.37442,0
17.0003,2.5101,0
17.6146,0.25689,0
16.8934,2.40997,0
17.4126,1.05923,0
17.5225,0.39681,0
17.6087,0.26777,0
17.5179,0.2554,0
17.0074,2.60479,0
16.978,2.45013,0
17.0529,2.56567,0
17.44,0.90812,0
17.5382,0.39531,0
17.5378,0.39122,0
17.5617,0.38702,0
16.9552,2.52966,0
17.5753,0.238,0
17.4253,0.94096,0
17.0753,2.39731,0
17.0658,2.52172,0
16.9015,2.47686,0
17.5224,0.23764,0
16.9628,2.5061,0
17.0272,2.43822,0
16.8798,2.43194,0
17.574,0.22597,0
16.9316,2.5474,0
17.0355,2.55317,0
17.4401,0.97814,0
17.4653,0.88447,0
16.9932,2.50075,0
16.9679,2.51014,0
16.8793,2.51133,0
16.9377,2.56133,0
16.9332,2.48188,0
17.5341,0.22781,0
17.4285,1.05396,0
17.0427,2.59378,0
17.602,0.29223,0
17.5724,0.26503,0
16.8743,2.52726,0
17.0826,2.49406,0
17.5678,0.3586,0
17.4479,0.97914,0
16.8893,2.55024,0
17.598,0.19317,0
16.9748,2.40559,0
16.8901,2.42743,0
16.9421,2.47051,0
16.9529,2.41544,0
17.0207,2.52944,0
16.9363,2.38773,0
17.5105,0.21856,0
16.9188,2.40868,0
17.6026,0.30738,0
16.8597,2.58303,0
17.4974,0.24742,0
17.0406,2.43319,0
17.008,2.40838,0
16.9455,2.47107,0
16.8971,2.43428,0
16.8827,2.48379,0
17.5549,0.35346,0
17.0687,2.52993,0
17.0555,2.42493,0
16.9,2.51671,0
16.9748,2.5985,0
16.9991,2.41304,0
16.9199,2.55114,0
17.4901,0.24425,0
17.5062,0.18928,0
17.0588,2.57622,0
17.0685,2.44257,0
17.0859,2.47012,0
17.5382,0.35087,0
16.9177,2.52058,0
17.5507,0.25954,0
17.4818,0.22766,0
16.8887,2.56117,0
17.4175,1.0959,0
16.915,2.41513,0
17.0571,2.61248,0
16.8819,2.42244,0
16.9396,2.37914,0
17.42,1.00237,0
16.8696,2.47518,0
17.0675,2.49079,0
17.5418,0.23509,0
17.0439,2.57878,0
17.01,2.51315,0
16.9635,2.43589,0
16.9864,2.44289,0
16.855,2.5822,0
16.9255,2.49871,0
16.8902,2.39583,0
17.5103,0.23445,0
17.5998,0.23885,0
17.4405,0.92585,0
16.9269,2.54423,0
17.4865,0.25972,0
16.8826,2.4037,0
16.8633,2.52545,0
17.0727,2.55401,0
17.0089,2.38782,0
17.0333,2.57429,0
17.5672,0.35729,0
16.8791,2.54867,0
16.9832,2.49116,0
16.845,2.54493,0
17.541,0.13012,0
17.1464,2.45536,0
17.5615,0.14121,0
17.5438,0.11554,0
17.1133,2.51478,0
17.1194,2.44355,0
17.596,0.12433,0
17.1261,2.53034,0
17.1343,2.41972,0
17.4851,0.15381,0
17.1227,2.46584,0
17.122,2.55784,0
17.5595,0.12689,0
17.5692,0.16573,0
17.5166,0.10256,0
17.5429,0.14409,0
17.1056,2.42678,0
17.4975,0.1103,0
17.5157,0.09508,0
17.5049,0.14387,0
17.1071,2.51312,0
17.0998,2.47513,0
17.4868,0.15618,0
17.1485,2.4704,0
17.5164,0.0974,0
17.0938,2.47207,0
17.5399,0.15168,0
17.5853,0.17091,0
17.4705,0.96573,0
17.5397,0.69366,0
16.9083,2.60859,0
16.8529,2.6023,0
17.6325,0.41494,0
17.4215,1.09855,0
17.5575,0.63688,0
17.5182,0.77148,0
17.4809,0.8951,0
17.4847,0.9111,0
17.5415,0.7456,0
17.6291,0.30154,0
17.5795,0.58011,0
16.944,2.61063,0
17.5082,0.86881,0
17.4759,0.9204,0
16.9363,2.62359,0
17.6111,0.35411,0
17.0121,2.66348,0
16.9206,2.65782,0
17.5705,0.60928,0
17.5371,0.7461,0
16.8276,2.59834,0
16.9515,2.63147,0
16.9998,2.62679,0
17.5035,0.75254,0
17.4764,0.92616,0
17.4863,0.88807,0
16.8658,2.63041,0
17.6082,0.42236,0
16.9313,2.62098,0
17.6378,0.32862,0
17.6173,0.37569,0
17.5254,0.76604,0
16.9308,2.64689,0
17.5864,0.52976,0
17.6127,0.45982,0
17.6002,0.40936,0
17.0078,2.68071,0
17.4355,1.06989,0
17.5127,0.73982,0
17.621,0.42072,0
17.4236,1.13012,0
17.6179,0.32873,0
17.4521,1.07039,0
17.4216,1.1333,0
17.6359,0.27027,0
17.6058,0.44131,0
17.635,0.32177,0
17.6075,0.35866,0
16.8248,2.59005,0
17.56,0.58261,0
17.4743,0.93389,0
17.5503,0.70305,0
17.6311,0.38961,0
17.5767,0.58043,0
16.9041,2.63661,0
16.9676,2.63701,0
17.5612,0.65981,0
17.5422,0.63577,0
16.9237,2.61695,0
17.4915,0.82145,0
17.0183,2.65351,0
16.8419,2.62991,0
17.463,1.00542,0
17.5385,0.64972,0
17.5539,0.69064,0
16.8581,2.6069,0
17.6488,0.35698,0
17.6048,0.48726,0
17.5322,0.65594,0
17.4352,1.08968,0
17.6469,0.31814,0
16.994,2.64291,0
17.4334,1.1314,0
16.9274,2.65173,0
17.4721,0.90641,0
17.5272,0.72939,0
17.0128,2.6582,0
17.0052,2.67369,0
17.4473,1.0637,0
17.4296,1.1669,0
16.8641,2.64039,0
17.4918,0.85714,0
16.8526,2.59964,0
17.4753,0.98103,0
17.6352,0.32918,0
16.9592,2.65774,0
17.4694,0.95232,0
17.6216,0.35727,0
16.89,2.59788,0
17.4457,1.05622,0
17.5188,0.76921,0
17.5993,0.41674,0
17.6283,0.40096,0
17.6099,0.49604,0
17.5075,0.78281,0
16.9147,2.61693,0
17.5706,0.59246,0
17.4479,-0.16116,0
17.3314,2.1861,0
17.3159,2.30155,0
17.3184,2.17349,0
17.3532,2.19399,0
17.3224,2.16725,0
17.3269,2.25043,0
17.2989,2.30432,0
17.3536,2.1318,0
17.3493,2.19651,0
17.3235,2.19653,0
17.3359,2.28379,0
17.3233,2.32095,0
17.3226,2.25022,0
17.4606,-0.16261,0
17.487,-0.14214,0
17.3387,2.22966,0
17.2971,2.31921,0
17.3138,2.23846,0
17.3117,2.32331,0
17.3206,2.15245,0
17.3205,2.21201,0
17.4796,-0.09209,0
17.4837,-0.11711,0
17.4487,-0.1662,0
17.3213,2.1392,0
17.314,2.24529,0
17.3358,2.259,0
16.1734,2.64572,0
17.537,1.10922,0
16.2058,2.68269,0
16.1012,2.6171,0
16.3254,2.86987,0
16.378,3.12413,0
16.3214,2.89718,0
16.0605,2.65098,0
16.4319,2.80598,0
15.7963,2.75441,0
17.5431,1.31129,0
15.7632,2.58511,0
16.1507,2.87448,0
15.8207,2.43514,0
15.5189,2.49021,0
15.8417,2.7438,0
16.3287,2.89284,0
15.8561,2.73946,0
16.2522,2.97631,0
17.5386,1.38234,0
16.2252,2.91461,0
17.5424,1.1997,0
16.3356,2.62685,0
16.0621,2.55011,0
16.4804,2.9239,0
15.9647,2.51082,0
15.312,2.40977,0
17.4807,1.07831,0
15.917,2.60693,0
17.5242,1.18758,0
16.4248,2.67948,0
15.6857,2.58243,0
16.3453,2.98724,0
16.1848,2.96501,0
15.3938,2.47189,0
16.4878,2.68042,0
16.3433,3.10682,0
17.5634,1.3486,0
16.2231,2.68773,0
15.7512,2.46383,0
17.6993,1.1473,0
17.6186,1.18168,0
16.0198,2.82924,0
15.5245,2.51609,0
15.7493,2.49356,0
15.4249,2.34243,0
16.3687,2.94116,0
15.9184,2.84126,0
15.8778,2.45821,0
15.9283,2.70778,0
16.1193,2.76864,0
16.2558,2.93271,0
17.5399,1.39586,0
16.2753,2.60552,0
16.3923,2.95811,0
16.4188,3.06853,0
16.2789,2.65911,0
16.1429,2.76506,0
17.6891,1.18119,0
16.504,2.97195,0
16.2333,2.91289,0
16.1021,2.69662,0
16.0353,2.68408,0
15.9382,2.79046,0
15.4391,2.41003,0
15.9551,2.83852,0
16.3462,2.92664,0
15.95,2.64864,0
17.4758,1.44818,0
17.5589,1.10583,0
16.3277,2.8262,0
15.6349,2.48548,0
17.6127,1.14148,0
17.5501,1.20411,0
15.7403,2.66169,0
15.8647,2.76947,0
15.9723,2.83514,0
15.8719,2.79802,0
16.079,2.68982,0
17.5577,0.95743,0
16.3565,3.07911,0
15.4897,2.44986,0
15.6554,2.45739,0
16.3188,2.7345,0
16.0061,2.84908,0
15.7002,2.62557,0
17.5985,1.26151,0
16.5181,2.75943,0
17.6634,1.17199,0
16.5186,2.86482,0
16.0171,2.6072,0
15.9069,2.79767,0
17.4687,1.25381,0
16.4592,2.7843,0
16.4752,2.85861,0
16.3508,3.10159,0
16.5568,2.88024,0
17.7507,1.08973,0
16.0435,2.60383,0
17.5745,1.3223,0
16.4169,2.9085,0
16.3403,2.67203,0
16.4854,2.7826,0
17.6054,1.31197,0
16.1773,2.96371,0
16.4463,2.67163,0
15.9432,2.83317,0
17.7306,1.06552,0
17.4973,1.19161,0
15.6405,2.5972,0
16.1484,2.77865,0
16.468,2.95542,0
16.3205,2.67072,0
15.7738,2.60507,0
17.4851,1.10723,0
15.4181,2.48097,0
16.4213,2.67848,0
16.1483,2.56502,0
16.4181,2.72047,0
15.8364,2.72724,0
16.2131,2.82083,0
16.4168,2.84614,0
16.174,2.98446,0
17.4799,1.20555,0
17.5943,1.08619,0
16.3856,2.69813,0
16.2397,2.69184,0
16.4317,2.80514,0
16.312,2.98689,0
15.8996,2.52726,0
17.4731,1.04925,0
17.6069,0.96959,0
15.35,2.35583,0
16.125,2.70672,0
15.71,2.49496,0
15.6118,2.44442,0
16.2327,2.98188,0
16.4562,3.01206,0
15.7818,2.47145,0
17.6876,1.07869,0
17.4528,1.28362,0
15.6214,2.43231,0
17.5688,1.16977,0
16.2845,3.00661,0
16.3714,2.67596,0
15.7204,2.4386,0
15.6134,2.39503,0
15.9339,2.77607,0
15.413,2.40302,0
16.178,2.88831,0
16.1649,2.59813,0
16.0439,2.88957,0
15.7822,2.63889,0
16.3089,2.97152,0
17.6341,1.09395,0
16.3834,3.02528,0
15.4215,2.46165,0
17.5241,0.98859,0
16.0089,2.8127,0
16.3881,3.1194,0
15.5503,2.35947,0
16.4251,3.08506,0
16.3692,2.68332,0
17.6206,0.99033,0
15.4749,2.32373,0
15.9745,2.54136,0
15.8265,2.75428,0
17.4792,1.02932,0
15.5881,2.5537,0
16.1891,2.94628,0
16.3913,3.03775,0
15.7303,2.54569,0
16.3765,2.64136,0
16.5827,2.81669,0
17.5775,0.97892,0
15.7147,2.57506,0
16.4433,3.06112,0
15.5352,2.45605,0
16.1257,2.7304,0
15.9261,2.60494,0
15.3541,2.39767,0
16.199,2.90897,0
15.818,2.51852,0
15.7682,2.71209,0
16.0989,2.58802,0
16.077,2.67379,0
17.4804,1.47336,0
17.5372,1.31037,0
16.4366,2.7579,0
17.6389,1.19427,0
15.9233,2.83322,0
15.9773,2.77125,0
16.0252,2.59249,0
16.3388,2.98321,0
15.6135,2.39425,0
16.1537,2.67651,0
16.0668,2.67463,0
16.5483,2.81879,0
15.404,2.46376,0
15.7597,2.50989,0
15.3077,2.40394,0
15.8863,2.7634,0
16.2447,2.76003,0
16.211,2.69638,0
15.972,2.56497,0
17.6023,1.15977,0
16.2956,2.7639,0
15.6207,2.64076,0
17.5117,1.23102,0
15.7572,2.56103,0
16.4102,3.01617,0
16.1146,2.85182,0
15.5943,2.38805,0
15.9315,2.84184,0
16.2146,2.61578,0
15.7796,2.6161,0
16.3412,2.69044,0
15.7347,2.48642,0
17.5145,1.09076,0
17.4331,1.22321,0
16.4315,2.75036,0
17.4742,1.26977,0
17.5821,1.14475,0
17.5366,1.17337,0
17.6987,1.04922,0
16.3007,2.7599,0
16.0659,2.56269,0
17.5141,1.39507,0
15.5861,2.34106,0
17.5855,1.23842,0
17.4353,1.30054,0
16.5597,2.72742,0
15.5521,2.41824,0
15.8418,2.55248,0
17.7504,1.09253,0
16.1374,2.8831,0
15.3621,2.38366,0
16.1614,2.64896,0
16.0762,2.72305,0
16.3017,2.84013,0
16.2951,2.69251,0
16.4262,2.85701,0
16.4072,2.8246,0
15.728,2.71386,0
15.7288,2.66488,0
17.5566,0.96801,0
16.0726,2.79074,0
16.4725,2.76828,0
16.1819,2.56688,0
16.3936,2.66692,0
15.6325,2.59174,0
16.1065,2.78216,0
16.1913,2.61787,0
16.0932,2.91547,0
15.9025,2.59604,0
16.0482,2.80937,0
17.6505,1.08158,0
16.4105,2.72432,0
16.3586,3.03569,0
15.8353,2.43821,0
15.6608,2.44627,0
16.2748,2.62892,0
17.4631,1.3469,0
16.2818,2.61418,0
17.5804,1.06101,0
17.4682,1.13803,0
16.565,2.84153,0
16.2446,2.62512,0
15.6184,2.48738,0
16.079,2.60688,0
17.6409,0.98915,0
16.5487,2.84843,0
15.767,2.61937,0
16.2967,3.05032,0
16.1947,2.86521,0
17.4974,1.08499,0
17.5791,1.3147,0
17.4989,1.33548,0
17.5069,1.39229,0
16.2756,2.95925,0
17.5364,1.24277,0
16.0103,2.75114,0
16.5137,2.7458,0
16.0823,2.65338,0
15.8316,2.52991,0
16.0779,2.7579,0
15.9303,2.83606,0
16.533,2.7277,0
15.8021,2.63941,0
17.6428,0.9985,0
16.4382,2.73431,0
16.4067,2.71807,0
17.6277,1.26781,0
16.3378,2.67424,0
16.3926,3.05252,0
15.6384,2.56476,0
16.3203,2.68454,0
15.9336,2.69808,0
17.4485,1.41615,0
16.1208,2.71701,0
15.311,2.40609,0
16.1882,2.89255,0
16.5955,2.791,0
15.9066,2.564,0
16.1467,2.92183,0
15.8211,2.5286,0
16.07,2.53598,0
16.1035,2.82287,0
15.6199,2.52133,0
15.8098,2.72166,0
15.8032,2.53916,0
17.5973,1.03528,0
16.0978,2.60499,0
16.234,2.65853,0
15.6598,2.56864,0
16.4373,2.67188,0
16.21,2.88704,0
17.6727,1.1788,0
15.3509,2.36345,0
16.3966,2.95638,0
16.1606,2.6996,0
16.3677,2.93694,0
16.3101,2.952,0
17.6709,1.05188,0
16.2727,2.74785,0
17.5146,1.10316,0
15.9585,2.76202,0
15.4327,2.34937,0
17.5014,1.0948,0
17.4958,0.99953,0
15.512,2.4956,0
15.4871,2.40829,0
17.5437,1.3963,0
16.3255,2.94463,0
17.4922,1.47596,0
16.4443,2.95404,0
16.1158,2.7703,0
16.2976,2.93472,0
15.5626,2.56698,0
16.3946,3.11732,0
17.5949,1.06391,0
16.2609,2.68577,0
16.2603,2.83564,0
16.2106,2.96039,0
15.4487,2.39676,0
16.3802,3.12274,0
17.6208,1.05436,0
15.8579,2.59229,0
17.5315,1.30941,0
17.5598,1.10536,0
16.2151,2.60868,0
16.2755,2.68745,0
15.5775,2.58655,0
15.9193,2.55588,0
15.6986,2.42153,0
15.7773,2.65241,0
17.5533,1.26465,0
15.5928,2.46079,0
15.8518,2.69212,0
16.2741,2.61919,0
15.8735,2.75887,0
16.1667,2.76283,0
15.4431,2.41349,0
16.2296,2.74497,0
17.5238,1.36592,0
16.5401,2.85822,0
17.581,1.30835,0
15.7145,2.4421,0
16.4827,3.00415,0
15.9798,2.85773,0
17.5289,1.01491,0
15.8989,2.49658,0
16.2055,2.75864,0
16.5317,2.85031,0
16.4984,2.77373,0
16.2862,3.08326,0
15.979,2.68077,0
15.6378,2.37686,0
17.624,1.24974,0
16.5488,2.81337,0
17.647,1.11026,0
15.8289,2.74466,0
15.516,2.54231,0
16.4686,2.73715,0
15.5368,2.38997,0
16.0925,2.77627,0
15.9299,2.81788,0
15.6922,2.51248,0
16.0439,2.64473,0
17.5514,1.35571,0
16.542,2.85286,0
15.3321,2.44942,0
16.2619,2.65886,0
17.6104,1.18662,0
15.8,2.6263,0
16.4793,2.95358,0
16.2526,2.78594,0
15.4885,2.37025,0
16.361,3.00438,0
16.5438,2.74457,0
16.0128,2.8747,0
17.513,0.98574,0
16.0154,2.57244,0
17.5187,0.96696,0
16.3314,2.70162,0
16.0329,2.76351,0
17.5431,1.02562,0
16.3038,2.65583,0
17.606,1.28857,0
15.9248,2.53209,0
16.226,2.90402,0
17.5139,1.00705,0
16.4443,3.04307,0
16.4413,3.00422,0
17.4687,1.12919,0
15.9159,2.56919,0
17.6031,1.00871,0
15.4618,2.37935,0
16.279,2.80585,0
15.5968,2.43421,0
15.4924,2.4956,0
15.5897,2.38146,0
15.5126,2.46554,0
15.9567,2.86435,0
17.5862,1.02127,0
17.5267,1.27057,0
15.6467,2.54847,0
17.5105,1.01948,0
15.5906,2.34693,0
17.5551,1.08825,0
17.662,1.13678,0
16.4018,3.0204,0
16.0791,2.61228,0
17.4995,1.34568,0
15.9047,2.5306,0
17.5725,1.27405,0
16.2955,2.74965,0
16.4019,2.85196,0
17.5799,1.13156,0
16.0841,2.88248,0
17.5167,1.36589,0
15.9916,2.86932,0
16.3046,2.90384,0
15.4494,2.30646,0
16.3883,3.03632,0
17.4713,1.45616,0
17.6181,1.29317,0
15.4708,2.53727,0
16.3659,2.8178,0
16.3485,2.86745,0
16.0958,2.6631,0
15.7687,2.63061,0
15.5819,2.5386,0
16.077,2.87343,0
16.3861,2.87803,0
16.0914,2.88904,0
16.0717,2.83112,0
16.0105,2.76343,0
16.6049,2.72967,0
15.5498,2.44082,0
15.3224,2.39663,0
15.7641,2.55786,0
15.9079,2.70108,0
15.5273,2.43296,0
16.4867,2.89023,0
17.6195,1.2615,0
15.7387,2.52694,0
15.9069,2.71365,0
16.4424,3.01792,0
15.8348,2.55006,0
17.4896,1.17732,0
17.678,1.17819,0
16.3181,2.92303,0
15.9721,2.66685,0
15.6092,2.45369,0
16.132,2.95167,0
16.4595,3.02601,0
15.8546,2.51272,0
16.1845,2.74197,0
16.0059,2.53514,0
16.5652,2.86931,0
16.3018,2.85517,0
16.5382,2.74496,0
17.5896,1.05111,0
17.5463,1.1962,0
16.3063,2.65589,0
16.4369,2.7745,0
17.6441,1.25138,0
15.9194,2.47434,0
16.5361,2.88732,0
16.3396,2.7831,0
16.5058,2.83143,0
15.9862,2.69246,0
17.6575,1.19278,0
16.0462,2.58036,0
16.387,2.88973,0
16.3843,2.708,0
15.8782,2.46542,0
16.5509,2.81471,0
16.5487,2.76794,0
17.5319,1.12176,0
16.1596,2.66148,0
16.566,2.83428,0
15.9938,2.85387,0
15.3834,2.38711,0
16.018,2.82491,0
16.0732,2.68658,0
15.6959,2.65233,0
16.3227,2.80083,0
15.8385,2.49664,0
17.5563,1.25647,0
17.5539,1.27237,0
16.1915,2.61055,0
15.6187,2.38719,0
17.48,1.15629,0
16.4452,2.74709,0
16.5146,2.73018,0
16.3799,2.71491,0
17.6693,1.20863,0
16.5075,2.94683,0
15.6241,2.55619,0
17.5693,1.32988,0
16.156,2.98334,0
15.9344,2.75144,0
16.3103,2.79188,0
15.7255,2.65685,0
16.2364,2.60486,0
16.0462,2.55512,0
15.7786,2.51326,0
16.1441,2.77128,0
15.9671,2.49356,0
16.0513,2.68207,0
17.7369,1.08679,0
15.7764,2.61331,0
16.101,2.70324,0
16.0653,2.89047,0
16.2075,2.71692,0
16.1614,2.68807,0
17.4453,1.13136,0
15.8792,2.53738,0
16.0328,2.61094,0
15.7463,2.6157,0
15.6016,2.36605,0
15.5415,2.48732,0
16.2246,2.66681,0
17.7226,1.08714,0
15.6982,2.54354,0
16.5022,2.96862,0
16.3132,2.63186,0
16.5746,2.79215,0
15.9775,2.6331,0
16.1692,2.75285,0
15.8263,2.72228,0
15.86,2.69013,0
17.5529,1.18228,0
17.5685,1.07237,0
16.2765,2.83379,0
17.6604,1.04035,0
15.6714,2.54027,0
17.6939,1.10368,0
16.5506,2.88346,0
15.6055,2.603,0
16.2322,2.65729,0
15.466,2.33339,0
16.3636,2.78208,0
17.4352,1.28628,0
15.8148,2.74805,0
15.7785,2.61301,0
16.2584,2.63187,0
17.6707,1.20962,0
16.1099,2.64206,0
16.003,2.84283,0
17.5904,1.02377,0
16.0222,2.64909,0
15.4909,2.39249,0
16.1365,2.66249,0
16.5081,2.7328,0
15.4837,2.47368,0
15.365,2.42625,0
17.5495,1.12321,0
17.5037,1.31203,0
16.0093,2.66218,0
16.5225,2.77228,0
17.4989,1.19908,0
15.7093,2.65166,0
17.5538,1.31202,0
15.5748,2.33631,0
15.9321,2.78201,0
17.4787,1.31227,0
16.5312,2.71278,0
15.6958,2.48184,0
15.6532,2.60905,0
16.1807,2.81645,0
15.4811,2.3284,0
16.0717,2.72671,0
16.254,2.91638,0
16.3089,2.63579,0
15.5887,2.5142,0
15.9138,2.60209,0
16.1538,2.96965,0
15.3768,2.31824,0
16.0051,2.59112,0
15.4333,2.32622,0
16.4307,2.67335,0
16.4039,2.75282,0
15.4582,2.4323,0
16.4164,2.66902,0
16.4232,2.8629,0
15.4808,2.38021,0
16.2515,2.70357,0
16.3476,2.8266,0
16.1328,2.95244,0
16.5034,2.78888,0
16.0101,2.83209,0
16.0195,2.79981,0
16.4396,3.00179,0
15.4085,2.39286,0
16.2736,3.04749,0
15.8835,2.68923,0
16.2645,2.633,0
16.3219,3.08003,0
17.591,1.18161,0
16.2548,2.60572,0
17.6231,1.02747,0
16.3483,2.71028,0
16.1435,2.84082,0
16.0442,2.79804,0
16.2988,2.98021,0
15.448,2.45996,0
15.5734,2.51402,0
16.4098,2.72613,0
16.5464,2.88004,0
17.7083,1.1495,0
15.559,2.33419,0
15.9175,2.81161,0
17.703,1.06531,0
16.5681,2.85105,0
16.3728,3.00573,0
15.7325,2.54313,0
15.8682,2.76978,0
16.1444,2.86311,0
16.4525,2.8474,0
15.7922,2.72644,0
15.857,2.78145,0
16.3115,3.015,0
16.4975,2.96757,0
15.9852,2.81619,0
16.371,2.79613,0
16.5858,2.77808,0
17.4622,1.33882,0
15.7822,2.6758,0
15.8835,2.54262,0
16.0764,2.53484,0
17.5955,1.25919,0
15.405,2.39101,0
16.3947,2.9764,0
16.347,2.93916,0
17.501,1.14814,0
16.2664,2.98743,0
16.0711,2.73473,0
16.425,2.95769,0
17.6015,1.31454,0
16.5673,2.85252,0
16.4114,2.80909,0
17.4445,1.1736,0
16.1296,2.56479,0
15.7329,2.62271,0
16.4139,2.65998,0
15.7885,2.47094,0
17.5848,1.31379,0
15.7471,2.49785,0
15.5837,2.45844,0
16.3736,2.98906,0
15.9465,2.57191,0
15.6506,2.62944,0
16.3381,2.90729,0
15.8872,2.57491,0
16.3243,2.87553,0
15.5196,2.35271,0
17.4476,1.14954,0
17.649,1.05689,0
16.024,2.5302,0
15.6533,2.48612,0
15.9314,2.81737,0
15.963,2.79704,0
15.3524,2.42919,0
16.0762,2.93366,0
15.5593,2.39723,0
15.9999,2.51712,0
15.8549,2.58712,0
16.6147,2.78514,0
15.3604,2.4032,0
16.1987,2.86864,0
17.4985,1.0351,0
16.5326,2.70875,0
17.5072,1.2225,0
16.2885,2.67795,0
15.7413,2.48361,0
16.0439,2.66868,0
15.5558,2.42567,0
15.7093,2.67446,0
16.0071,2.56971,0
15.9817,2.53105,0
15.626,2.46773,0
16.0965,2.60808,0
16.4142,2.86158,0
16.2651,2.79275,0
16.0398,2.64434,0
16.0946,2.7947,0
17.6402,1.23819,0
17.6356,1.19365,0
16.3539,2.7391,0
15.5754,2.52962,0
15.7791,2.59886,0
16.3133,2.84693,0
16.2928,2.64776,0
16.1233,2.90026,0
16.4315,2.65946,0
15.6384,2.43375,0
16.0915,2.57934,0
16.3803,2.97085,0
16.0654,2.69967,0
15.6913,2.47942,0
15.3087,2.40905,0
16.2199,2.85511,0
16.1598,2.75748,0
17.7074,1.09218,0
15.3262,2.38907,0
15.6763,2.43818,0
15.491,2.3537,0
16.2891,3.07855,0
17.6507,1.12994,0
17.4846,1.12155,0
16.317,2.96998,0
16.5394,2.87242,0
16.0848,2.73279,0
15.3821,2.41694,0
15.972,2.64338,0
15.3248,2.39667,0
16.4047,2.7757,0
15.8679,2.76189,0
15.7685,2.70351,0
16.4784,2.94647,0
16.4553,3.01489,0
16.3557,2.87068,0
17.4926,1.20497,0
16.1304,2.71836,0
15.6356,2.46455,0
17.7105,1.10837,0
16.3215,3.03174,0
16.5423,2.7374,0
16.0128,2.5396,0
15.6349,2.65304,0
16.057,2.82881,0
16.4108,3.05996,0
15.4461,2.4058,0
16.6525,2.74351,0
16.455,2.8796,0
15.9515,2.63659,0
15.9389,2.78412,0
16.3609,2.76269,0
16.1775,2.87041,0
16.124,2.95052,0
15.6614,2.53264,0
16.0884,2.73267,0
16.5118,2.71485,0
15.5905,2.50568,0
16.5624,2.73117,0
15.8788,2.6703,0
17.4741,1.47823,0
16.4967,2.89685,0
17.4875,1.32662,0
17.6496,1.11642,0
15.5879,2.56228,0
16.3311,2.69194,0
15.9376,2.69941,0
16.4654,3.01151,0
16.105,2.6239,0
15.9318,2.7954,0
16.3381,3.03193,0
16.2588,2.87265,0
15.8017,2.64184,0
16.4429,2.82592,0
16.5193,2.87924,0
16.3301,3.04956,0
16.0259,2.81141,0
16.2164,2.79516,0
17.5412,1.2966,0
15.8999,2.58488,0
15.4753,2.4193,0
16.2309,2.82241,0
16.4993,2.72529,0
16.0254,2.72202,0
15.9082,2.81045,0
15.7132,2.55474,0
15.6496,2.61194,0
15.9066,2.69848,0
17.4846,1.22494,0
15.8751,2.6778,0
15.7697,2.59191,0
16.1962,2.77356,0
16.1613,2.96559,0
15.8217,2.73495,0
16.2827,2.64126,0
16.1238,2.67329,0
15.8958,2.50883,0
15.9324,2.73698,0
16.4855,2.91626,0
17.508,1.00687,0
17.576,1.29907,0
17.646,1.11337,0
16.1868,2.96411,0
17.5188,0.98502,0
15.91,2.75168,0
16.2363,2.64561,0
15.3591,2.35115,0
16.3564,2.87158,0
15.5793,2.39846,0
16.4165,2.86428,0
17.6136,1.18228,0
15.7514,2.59996,0
16.0201,2.75653,0
15.8023,2.67593,0
15.9851,2.55217,0
15.6184,2.45312,0
16.2289,2.67016,0
15.9151,2.76735,0
15.836,2.65835,0
15.4496,2.43188,0
15.6756,2.52249,0
15.567,2.54585,0
16.1343,2.72478,0
15.7262,2.64354,0
15.6814,2.55125,0
17.6355,1.15472,0
15.919,2.57308,0
15.9522,2.70628,0
16.0198,2.63101,0
15.6875,2.53674,0
15.7113,2.60264,0
16.5491,2.90324,0
17.4802,1.32153,0
17.4916,1.36499,0
15.8702,2.73119,0
16.113,2.58418,0
16.3199,2.9178,0
15.7443,2.70708,0
16.3844,2.89082,0
15.527,2.5482,0
15.5211,2.37658,0
15.9136,2.81654,0
16.3847,2.78619,0
16.0534,2.60538,0
15.5588,2.45946,0
16.3606,2.7723,0
15.7645,2.7134,0
17.6877,1.16108,0
15.9885,2.69087,0
15.5728,2.43398,0
16.5161,2.7129,0
16.2389,2.83209,0
16.0658,2.57675,0
17.6186,1.15021,0
16.2151,2.60603,0
16.4255,3.0302,0
16.4021,2.77312,0
16.2152,2.83928,0
15.9379,2.83506,0
15.4203,2.43121,0
17.474,1.44815,0
15.6928,2.6627,0
16.318,2.96296,0
16.1815,2.86479,0
15.8179,2.48743,0
16.3112,2.9652,0
16.0789,2.57238,0
16.3621,3.04965,0
16.1768,2.58407,0
16.3772,2.90926,0
17.5585,1.17653,0
17.6479,1.01897,0
15.4904,2.41628,0
16.034,2.72684,0
16.4181,3.02259,0
16.2066,2.73507,0
15.4846,2.50026,0
16.4503,2.89222,0
16.3774,2.80391,0
15.9498,2.81992,0
15.4449,2.52546,0
15.9617,2.61429,0
16.4884,2.77291,0
15.6653,2.55442,0
16.1314,2.85374,0
17.4391,1.19946,0
15.5853,2.55372,0
15.9928,2.70249,0
16.1846,2.65401,0
16.0904,2.567,0
16,2.65953,0
16.0039,2.89684,0
16.0756,2.62635,0
15.5836,2.35157,0
16.3599,2.86725,0
15.6392,2.48381,0
16.379,2.94258,0
16.4869,2.83322,0
15.8219,2.60676,0
17.4854,1.35165,0
17.5326,1.03445,0
17.5071,0.98255,0
16.1797,3.01042,0
16.1446,2.65514,0
16.3538,2.63905,0
17.4428,1.12409,0
15.4838,2.53429,0
17.4776,1.11036,0
16.1445,2.81646,0
15.9275,2.83523,0
16.1633,2.59397,0
16.3787,3.11251,0
16.3022,2.6901,0
17.606,1.12487,0
15.9614,2.61716,0
16.4393,2.83392,0
15.7002,2.6075,0
17.4925,1.39947,0
17.6544,1.21043,0
16.0539,2.86718,0
17.6263,1.13138,0
16.3081,2.89863,0
17.5206,1.12573,0
15.9639,2.55118,0
16.2059,2.84999,0
16.3997,3.12068,0
16.367,2.73616,0
16.0429,2.60767,0
15.4786,2.42273,0
17.4862,1.04228,0
15.7627,2.594,0
15.4475,2.43877,0
16.3722,2.66452,0
16.326,3.07906,0
16.0535,2.72979,0
16.0518,2.55464,0
16.3686,2.93097,0
16.3283,2.99783,0
16.0347,2.51412,0
16.3335,3.08996,0
17.53,1.38338,0
15.8046,2.70385,0
15.9882,2.49772,0
17.5228,1.35616,0
15.9102,2.60904,0
16.1773,2.93563,0
16.2799,2.87503,0
15.9788,2.63736,0
16.2721,2.71516,0
16.1865,2.73915,0
16.4565,3.00889,0
16.345,2.91892,0
16.0571,2.61399,0
15.7223,2.67034,0
16.1398,2.82217,0
16.3715,3.00772,0
15.6999,2.47252,0
15.9949,2.85469,0
16.1584,2.87338,0
17.6179,1.07258,0
15.8543,2.4492,0
17.6492,1.15738,0
15.5275,2.56132,0
16.32,3.01807,0
16.1681,2.69721,0
17.5035,1.05081,0
15.511,2.47552,0
17.6176,1.22667,0
15.6006,2.46998,0
16.2887,2.80176,0
16.2633,2.70263,0
15.4837,2.50746,0
17.7261,1.12661,0
15.8389,2.59424,0
16.0881,2.81902,0
15.8341,2.75924,0
16.5456,2.89897,0
16.4952,2.70751,0
15.9109,2.75017,0
15.4851,2.48663,0
15.3398,2.37039,0
15.9286,2.65004,0
15.3831,2.32907,0
15.4136,2.41205,0
16.3545,3.06248,0
17.4779,1.17351,0
16.3908,3.01381,0
16.1905,2.72482,0
17.6071,1.20939,0
17.4694,1.05376,0
16.0456,2.61415,0
15.9458,2.49648,0
16.1269,2.60139,0
16.2582,2.79623,0
17.5961,1.18136,0
17.6405,1.03591,0
17.6158,0.99934,0
17.4345,1.29539,0
15.6605,2.56105,0
16.3088,3.01642,0
15.7423,2.71718,0
17.4364,1.17819,0
16.1947,2.85815,0
16.1365,2.95763,0
16.0137,2.59325,0
16.1282,2.56352,0
15.8984,2.47786,0
16.0466,2.65915,0
16.1572,2.95223,0
16.1542,2.61787,0
16.3201,2.67387,0
16.2507,2.93501,0
15.5653,2.46852,0
16.5257,2.8463,0
16.2573,2.97342,0
16.0533,2.84317,0
15.6186,2.57234,0
15.5817,2.57364,0
16.4669,2.91596,0
15.7766,2.53306,0
15.8954,2.73323,0
16.4666,2.70672,0
16.2943,2.84237,0
16.0715,2.80946,0
17.5682,1.02997,0
15.5726,2.51614,0
15.8582,2.68641,0
15.8445,2.62022,0
15.8944,2.80565,0
16.0502,2.78973,0
15.8412,2.67978,0
16.0592,2.68114,0
15.4852,2.50468,0
16.5256,2.78386,0
17.4312,1.18134,0
17.4722,1.31162,0
16.4128,2.95971,0
16.5667,2.75116,0
16.3734,2.89554,0
16.4853,2.70042,0
15.8513,2.49869,0
17.6651,1.06572,0
16.0002,2.86717,0
16.3926,2.74817,0
16.3589,3.00071,0
17.5479,1.18643,0
15.5428,2.49577,0
15.7148,2.4623,0
15.9367,2.51776,0
15.9534,2.55022,0
16.4203,2.75459,0
15.9104,2.46227,0
16.4077,2.67423,0
15.7037,2.60342,0
17.5117,1.2319,0
17.4926,1.48076,0
16.3244,2.78026,0
15.9347,2.63641,0
15.9309,2.78955,0
15.7194,2.48031,0
16.4171,3.0006,0
16.4643,2.71703,0
16.284,2.77303,0
17.6265,1.26693,0
16.7346,2.7935,0
16.5971,2.89356,0
17.5974,0.78862,0
17.6022,0.89094,0
17.6091,0.74627,0
16.7352,2.76959,0
17.6742,0.96054,0
17.6612,0.80893,0
17.7485,0.75306,0
16.7358,2.81292,0
17.5749,0.92341,0
16.5793,2.93281,0
17.7467,0.78757,0
17.7597,0.80054,0
16.6457,2.80152,0
17.6767,0.73318,0
17.5583,0.84486,0
17.6129,0.95787,0
16.7024,2.8987,0
17.6823,0.84479,0
16.6503,2.79274,0
16.8054,2.66871,0
17.6614,0.74019,0
17.666,0.91605,0
16.7127,2.80217,0
17.7014,0.77268,0
17.7003,0.72013,0
17.7018,0.7653,0
17.5918,0.89671,0
17.6908,0.89455,0
17.604,0.78473,0
17.5524,0.82896,0
17.6827,0.87003,0
17.6068,0.67062,0
17.6986,0.76747,0
17.6299,0.94163,0
16.5861,2.90885,0
17.7144,0.77183,0
17.6014,0.8743,0
16.6593,2.94767,0
17.538,0.77779,0
16.6261,2.80239,0
17.5456,0.87067,0
17.5653,0.70923,0
16.7716,2.73168,0
17.6392,0.75733,0
17.7551,0.76135,0
17.6964,0.80543,0
17.6737,0.72144,0
17.5517,0.76528,0
16.6113,2.85286,0
17.6963,0.79096,0
16.6115,2.85239,0
17.6606,0.71135,0
17.7126,0.77642,0
17.7552,0.76145,0
16.72,2.83316,0
17.5761,0.70793,0
16.5852,2.93468,0
17.5632,0.87591,0
16.7234,2.78394,0
16.6569,2.89928,0
17.6535,0.84156,0
17.5557,0.92489,0
17.6137,0.77276,0
17.6186,0.96083,0
17.6549,0.93514,0
17.6551,0.83429,0
16.6429,2.87479,0
17.6909,0.72407,0
17.7172,0.84497,0
17.7858,0.75163,0
16.6589,2.88995,0
16.68,2.87162,0
17.6663,0.8294,0
17.6969,0.89641,0
16.753,2.78547,0
17.5742,0.67735,0
17.6066,0.78476,0
16.6361,2.78739,0
17.6634,0.77338,0
17.6044,0.72328,0
17.6426,0.77617,0
17.6231,0.80397,0
16.7201,2.76885,0
17.5997,0.73859,0
16.6315,2.85039,0
17.6065,0.72796,0
16.6412,2.9343,0
17.5118,0.89861,0
17.562,0.71797,0
16.6949,2.80576,0
17.5506,0.74865,0
17.6296,0.78133,0
16.6434,2.82449,0
17.5639,0.71625,0
16.7974,2.71379,0
17.6735,0.74291,0
17.7196,0.799,0
17.6285,0.94819,0
17.6917,0.93402,0
17.6518,0.96462,0
17.5832,0.64525,0
16.8107,2.68362,0
17.6067,0.84582,0
16.6275,2.83515,0
16.6191,2.82087,0
17.5677,0.7167,0
17.6095,0.9456,0
17.635,0.75178,0
16.7151,2.87831,0
16.6908,2.90396,0
17.773,0.77789,0
17.5478,0.77429,0
17.6251,0.79866,0
17.566,0.85287,0
16.6212,2.87407,0
16.6189,2.81768,0
17.7508,0.77397,0
17.5918,0.68825,0
17.6811,0.78045,0
16.8304,2.64081,0
16.6487,2.92764,0
17.7286,0.74346,0
17.5987,0.71067,0
17.629,0.88552,0
17.6134,0.92226,0
16.6546,2.85353,0
17.7055,0.75391,0
16.6064,2.85838,0
17.6684,0.91886,0
16.637,2.87125,0
17.5314,0.8622,0
17.763,0.7862,0
16.5994,2.84011,0
17.5875,0.84108,0
17.6735,0.89905,0
17.6093,0.95906,0
16.6844,2.92143,0
16.6785,2.86446,0
16.6104,2.84013,0
16.7845,2.69667,0
17.6848,0.76385,0
17.6632,0.82367,0
17.6333,0.70179,0
17.7212,0.71787,0
17.7803,0.75239,0
17.5999,0.67333,0
17.7307,0.7504,0
17.6179,0.95779,0
17.6514,0.83715,0
17.5956,0.87208,0
17.6533,0.80692,0
17.5873,0.94236,0
17.5943,0.81142,0
16.6336,2.84976,0
16.5642,2.88293,0
16.7502,2.73345,0
17.5892,0.71181,0
16.6538,2.94757,0
17.6851,0.9333,0
17.5648,0.8971,0
16.8022,2.67492,0
16.6717,2.81405,0
16.648,2.92978,0
17.5368,0.81777,0
17.5983,0.76433,0
17.6087,0.65806,0
17.6006,0.88294,0
17.5686,0.67071,0
16.6946,2.87325,0
17.6567,0.88821,0
17.608,0.89397,0
17.6168,0.86953,0
17.6543,0.85821,0
17.628,0.89404,0
16.612,2.88958,0
17.7,0.89884,0
16.6253,2.90522,0
17.5866,0.76343,0
17.6976,0.96429,0
17.7312,1.02727,0
16.4905,3.01848,0
16.4966,2.99701,0
16.4989,3.0052,0
17.7053,0.95171,0
17.7769,1.00161,0
17.7387,1.04374,0
16.4878,3.02567,0
17.7207,1.02467,0
17.682,0.99019,0
17.6812,0.96897,0
16.5333,2.97433,0
17.715,0.9805,0
17.7543,1.00955,0
17.7167,0.96686,0
16.4641,3.05611,0
17.7677,0.99953,0
17.7404,1.01189,0
16.4767,3.07147,0
16.5509,2.9281,0
17.7428,1.02195,0
16.4804,3.03342,0
16.4589,3.0923,0
17.7805,1.02118,0
17.7087,1.02736,0
16.4671,3.06033,0
16.4755,3.03538,0
16.5363,2.97671,0
17.6846,0.97629,0
16.5447,2.96387,0
17.7203,1.03697,0
16.4723,3.04194,0
16.4701,3.04712,0
17.6978,0.9497,0
17.7681,1.0114,0
16.5385,2.92811,0
16.4711,3.02848,0
16.524,2.97355,0
16.5618,2.94046,0
17.7242,0.99496,0
17.7257,1.03678,0
17.7085,1.00418,0
17.5268,0.05006,0
17.5294,0.03692,0
17.5039,0.04977,0
17.6069,0.10193,0
17.6319,0.08797,0
17.5153,0.06571,0
17.5938,0.06035,0
17.1662,2.50589,0
17.6024,0.17007,0
17.1912,2.42551,0
17.4962,0.05517,0
17.6065,0.13567,0
17.1899,2.42621,0
17.1502,2.47418,0
17.1487,2.49769,0
17.618,0.14753,0
17.1852,2.50535,0
17.5179,0.08273,0
17.5368,0.06913,0
17.1959,2.46425,0
17.161,2.48771,0
17.5667,0.07415,0
17.5963,0.05359,0
17.1971,2.41272,0
17.5169,0.08436,0
17.19,2.49913,0
17.1653,2.40454,0
17.6169,0.18618,0
17.5456,0.07366,0
17.1661,2.44524,0
17.5966,0.16849,0
17.611,0.08783,0
17.1873,2.44699,0
17.6301,0.19097,0
17.1793,2.55579,0
17.1891,2.52883,0
17.6439,0.2561,0
17.1451,2.5671,0
17.6499,0.20865,0
17.6433,0.23887,0
17.146,2.57974,0
17.6518,0.20518,0
17.641,0.24576,0
17.0995,2.56865,0
17.1486,2.54508,0
17.1859,2.53607,0
17.1401,2.54225,0
17.6481,0.18512,0
17.1209,2.56714,0
17.6403,0.20999,0
17.646,0.17353,0
17.6316,0.2596,0
17.6395,0.20959,0
16.9541,2.69889,0
16.9187,2.67398,0
17.6818,0.50725,0
17.6838,0.62191,0
16.9528,2.68513,0
17.7112,0.4374,0
17.6018,0.59225,0
17.6745,0.65227,0
17.7206,0.51421,0
17.6726,0.64335,0
16.9557,2.79168,0
17.595,0.57632,0
17.6396,0.49048,0
17.6011,0.64764,0
17.6604,0.42847,0
17.7314,0.52891,0
17.627,0.56283,0
17.6089,0.58864,0
17.6204,0.59597,0
17.688,0.46293,0
17.6077,0.62215,0
16.9771,2.73067,0
17.6839,0.58678,0
17.6467,0.63269,0
17.6467,0.41793,0
16.9545,2.72485,0
16.9167,2.75007,0
16.924,2.74881,0
17.6585,0.43021,0
16.8745,2.75114,0
17.6487,0.46808,0
17.6059,0.52473,0
17.6874,0.66986,0
16.9986,2.73295,0
17.7552,0.46243,0
16.8371,2.65452,0
17.0079,2.70429,0
16.9475,2.75863,0
17.6688,0.59306,0
16.8866,2.71795,0
16.8671,2.76024,0
17.7205,0.45461,0
16.9268,2.73539,0
17.7427,0.45861,0
17.7519,0.46883,0
16.8338,2.74935,0
16.8926,2.67817,0
17.6615,0.44761,0
17.651,0.59161,0
16.8883,2.66125,0
16.9394,2.77435,0
16.9116,2.72501,0
16.9555,2.78827,0
17.6957,0.50424,0
17.6214,0.59226,0
16.9258,2.75284,0
16.9283,2.68965,0
16.8159,2.74921,0
17.6574,0.62619,0
16.9752,2.79202,0
16.9325,2.70296,0
16.8522,2.74392,0
17.6839,0.60962,0
16.8367,2.74797,0
17.6668,0.45818,0
17.6469,0.49252,0
16.9021,2.72723,0
17.6677,0.57062,0
17.6224,0.47294,0
16.8438,2.7042,0
16.8082,2.72927,0
16.9653,2.78137,0
17.6853,0.51838,0
17.6717,0.485,0
17.6863,0.41887,0
16.8416,2.68963,0
17.608,0.61451,0
17.647,0.48114,0
16.8715,2.72526,0
16.9225,2.74405,0
16.8224,2.68111,0
16.9122,2.72806,0
16.8937,2.70417,0
16.8498,2.73815,0
17.7004,0.42982,0
17.6782,0.5914,0
17.6414,0.4987,0
16.882,2.77894,0
17.6022,0.60054,0
17.7497,0.47275,0
17.6328,0.56885,0
17.7122,0.46118,0
16.9228,2.77025,0
17.621,0.65312,0
17.7253,0.54944,0
17.3576,2.25307,0
17.3648,2.32244,0
17.5123,-0.04375,0
17.5147,-0.03068,0
17.2898,2.34515,0
17.3594,2.25529,0
17.381,2.30062,0
17.3814,2.15644,0
17.3809,2.20678,0
17.4166,2.15211,0
17.5219,0.03444,0
17.3721,2.14063,0
17.3798,2.20276,0
17.5333,-0.11634,0
17.5201,-0.0482,0
17.3727,2.23195,0
17.4216,2.00368,0
17.354,2.33402,0
17.296,2.32596,0
17.4044,2.33728,0
17.3472,2.355,0
17.3886,2.2678,0
17.3965,2.19553,0
17.3714,2.23002,0
17.3006,2.34617,0
17.5154,-0.10097,0
17.3753,2.30814,0
17.5211,-0.08354,0
17.3807,2.26527,0
17.5053,-0.01238,0
17.3803,2.11211,0
17.3509,2.27606,0
17.4023,2.24904,0
17.5278,-0.02055,0
17.403,2.22939,0
17.3743,2.27201,0
17.5162,-0.03672,0
17.5077,-0.00304,0
17.4143,1.939,0
17.4007,2.18522,0
17.4873,-0.11921,0
17.365,2.2835,0
17.3981,2.1583,0
17.5167,-0.02148,0
17.3623,2.19572,0
17.4076,2.27332,0
17.3898,2.12878,0
17.378,2.20451,0
17.3778,2.36236,0
17.3884,2.23438,0
17.3951,2.35789,0
17.3872,2.18028,0
17.3988,2.22673,0
17.4013,2.13333,0
17.4208,1.9772,0
17.363,2.35705,0
17.3535,2.32809,0
17.4065,2.33714,0
17.5277,-0.0239,0
17.3984,2.1585,0
17.516,-0.0606,0
17.6781,0.32727,0
17.1113,2.6794,0
17.1589,2.58806,0
17.0581,2.67359,0
17.0876,2.62926,0
17.104,2.58012,0
17.0833,2.60911,0
17.093,2.63484,0
17.0835,2.59464,0
17.102,2.60313,0
17.1126,2.61738,0
17.135,2.59141,0
17.6561,0.26341,0
17.1263,2.66743,0
17.6796,0.28634,0
17.0267,2.66558,0
17.6734,0.38981,0
17.0799,2.67508,0
17.1085,2.61713,0
17.0873,2.63033,0
17.1218,2.64931,0
17.1221,2.66609,0
17.1312,2.68184,0
17.6886,0.35137,0
17.6795,0.28805,0
17.1143,2.66546,0
17.6966,0.33931,0
17.6608,0.2517,0
17.1534,2.65301,0
17.7067,0.29359,0
17.2261,2.46865,0
17.215,2.46996,0
17.2566,2.35948,0
17.2621,2.46189,0
17.6671,0.19519,0
17.2348,2.56539,0
17.2301,2.56192,0
17.2482,2.45031,0
17.2767,2.47992,0
17.2529,2.3842,0
17.2233,2.48769,0
17.2457,2.45947,0
17.2276,2.49042,0
17.2829,2.45845,0
17.2027,2.57787,0
17.281,2.45002,0
17.1942,2.54229,0
17.2623,2.36264,0
17.2541,2.44889,0
17.2091,2.49492,0
17.2768,2.48372,0
17.2708,2.38735,0
17.2863,2.41096,0
17.2342,2.52426,0
17.6638,0.21818,0
17.2403,2.47844,0
17.2132,2.49819,0
17.2718,2.3803,0
17.2104,2.54366,0
17.6745,0.14549,0
17.2659,2.42096,0
17.2434,2.4522,0
17.2061,2.50506,0
17.6562,0.21378,0
17.6754,0.16338,0
17.2597,2.41595,0
17.2436,2.52436,0
17.2137,2.51884,0
17.1842,2.57502,0
17.2134,2.46933,0
17.5632,-0.01422,0
17.3652,2.39286,0
17.5696,-0.01083,0
17.3746,2.38287,0
17.5773,0.04286,0
17.5762,0.01308,0
17.5836,0.01538,0
17.389,2.37041,0
17.4671,1.5276,0
17.5345,0.02303,0
17.5339,-0.0049,0
17.3045,2.36356,0
17.295,2.4044,0
17.3167,2.42373,0
17.5961,0.01816,0
17.5977,-0.02415,0
17.3806,2.43939,0
17.3574,2.43146,0
17.4298,1.9474,0
17.5666,-0.026,0
17.5874,0.0327,0
17.5974,0.01549,0
17.3614,2.43591,0
17.5619,0.01634,0
17.5621,0.04182,0
17.572,0.03375,0
17.5434,0.01953,0
17.5758,-0.01819,0
17.5392,-0.04167,0
17.3244,2.36083,0
17.3235,2.41596,0
17.5696,-0.02764,0
17.3127,2.42368,0
17.3407,2.41603,0
17.1641,2.64097,0
17.1565,2.66959,0
17.6927,0.41147,0
17.155,2.68248,0
17.7017,0.35683,0
17.6945,0.41711,0
17.731,0.37142,0
17.7243,0.29655,0
17.0433,2.6922,0
17.1119,2.70909,0
17.1456,2.69601,0
17.0825,2.69981,0
17.1756,2.62194,0
17.7067,0.34066,0
17.7107,0.39555,0
17.7245,0.30764,0
17.7381,0.31807,0
17.1755,2.62035,0
17.7148,0.33104,0
17.1704,2.64421,0
17.743,0.30143,0
17.7192,0.31502,0
17.7281,0.33607,0
17.1429,2.71977,0
17.73,0.33882,0
17.0966,2.70591,0
17.0218,2.68457,0
17.7188,0.40642,0
17.1431,2.70382,0
17.1828,2.66687,0
17.1281,2.7616,0
17.7536,0.3583,0
17.039,2.69894,0
17.077,2.736,0
17.1164,2.73682,0
17.0262,2.71299,0
17.1434,2.73837,0
17.0298,2.69764,0
17.731,0.39886,0
17.0643,2.71066,0
17.1517,2.73022,0
17.7358,0.37933,0
17.0866,2.7381,0
17.0729,2.71505,0
17.0734,2.7113,0
17.1568,2.76063,0
16.4917,3.08786,0
16.5786,3.02918,0
17.7129,1.2599,0
17.5294,1.52514,0
17.5739,1.40195,0
17.664,1.2564,0
16.7826,2.78251,0
17.6377,1.43336,0
17.7262,1.19569,0
16.4806,3.1404,0
17.7398,1.18298,0
16.5777,3.05857,0
16.7755,2.81548,0
16.748,2.82523,0
17.6478,1.28949,0
16.653,3.02735,0
17.6073,1.40863,0
16.731,2.88556,0
16.6027,3.10112,0
17.7492,1.13791,0
17.6399,1.43307,0
17.787,1.21279,0
17.5171,1.65579,0
17.6558,1.31364,0
17.7232,1.31103,0
17.5916,1.53297,0
16.5434,3.10113,0
17.6362,1.42263,0
17.5246,1.49324,0
16.5553,3.03483,0
17.6325,1.30957,0
16.5786,3.18383,0
17.4812,1.67747,0
16.5653,3.11643,0
17.7633,1.23118,0
17.732,1.21486,0
17.7683,1.20519,0
17.576,1.39364,0
16.5423,3.03752,0
17.8349,1.1324,0
17.4932,1.50097,0
17.7179,1.22014,0
17.777,1.14526,0
16.568,2.93357,0
17.6634,1.35878,0
17.5583,1.44173,0
17.7367,1.19268,0
17.5594,1.46145,0
16.5501,3.13315,0
17.7885,1.18751,0
17.7724,1.24386,0
16.7562,2.84985,0
17.6429,1.44494,0
17.5319,1.47114,0
16.6812,2.98024,0
17.504,1.53283,0
17.6386,1.3008,0
16.5229,3.0438,0
17.619,1.33099,0
17.7815,1.08423,0
17.6192,1.42097,0
16.4474,3.12895,0
17.6681,1.28743,0
16.8061,2.79603,0
17.7402,1.1263,0
17.7874,1.20861,0
17.7714,1.09042,0
17.8345,1.06723,0
17.7448,1.17084,0
17.629,1.29433,0
17.6763,1.21468,0
17.732,1.29537,0
17.6531,1.33788,0
17.8334,1.14224,0
17.6457,1.37615,0
17.7635,1.10244,0
16.5167,3.07856,0
16.5727,3.02588,0
17.7035,1.23987,0
17.6869,1.25822,0
17.7318,1.22789,0
16.5217,3.1648,0
17.6494,1.32125,0
16.699,2.96072,0
17.6108,1.47199,0
16.5595,2.95231,0
17.6438,1.31061,0
17.6223,1.48076,0
17.6448,1.39358,0
17.5502,1.55636,0
17.7617,1.09155,0
17.4894,1.51624,0
17.5095,1.58455,0
17.51,1.59756,0
16.5586,3.07914,0
17.6532,1.37276,0
17.5305,1.55127,0
17.6231,1.36616,0
16.8113,2.80014,0
17.6661,1.22771,0
17.533,1.58606,0
17.7998,1.11604,0
17.4892,1.60732,0
17.6224,1.31667,0
17.7223,1.32547,0
17.681,1.37061,0
17.6162,1.44691,0
17.8254,1.0784,0
17.5233,1.63283,0
17.588,1.40873,0
16.5239,3.15671,0
17.5843,1.46222,0
17.6036,1.34097,0
17.6235,1.47937,0
17.6429,1.40762,0
17.8271,1.08695,0
17.5078,1.57789,0
16.5362,3.02108,0
16.5054,3.0575,0
16.6171,3.06091,0
16.8235,2.78169,0
16.7709,2.85277,0
17.5257,1.52557,0
17.7819,1.19716,0
17.6013,1.45133,0
16.7607,2.83672,0
17.5421,1.4744,0
16.5909,3.15851,0
17.5952,1.45968,0
17.5156,1.52746,0
17.6139,1.4469,0
16.5707,3.08733,0
17.4988,1.51269,0
17.6511,1.42936,0
17.5732,1.38162,0
16.7869,2.83986,0
16.6586,3.05199,0
16.6882,2.99114,0
16.5806,2.96945,0
16.6498,3.04855,0
17.6694,1.36406,0
16.5203,3.09953,0
17.6401,1.27756,0
16.5953,3.02587,0
16.719,2.90012,0
17.542,1.44997,0
16.6319,3.02208,0
16.5611,3.04037,0
17.5093,1.58211,0
17.7521,1.16557,0
17.4846,1.64211,0
16.8223,2.78932,0
17.553,1.58458,0
17.6766,1.34316,0
16.5799,3.11706,0
16.6651,3.00604,0
16.4189,3.11388,0
16.6231,3.08786,0
16.5429,3.04155,0
17.7941,1.03799,0
16.5704,3.11888,0
16.7616,2.82662,0
17.5401,1.543,0
16.475,3.14484,0
17.847,1.08164,0
17.5795,1.4802,0
17.5833,1.35582,0
17.6323,1.4697,0
16.7348,2.86324,0
16.5332,3.11534,0
17.6214,1.47056,0
17.5712,1.50572,0
17.6599,1.40691,0
16.6274,3.05911,0
16.5872,3.03823,0
17.7513,1.21228,0
16.5258,3.08708,0
17.7806,1.04079,0
16.5082,3.10917,0
17.5833,1.54114,0
17.6487,1.26123,0
16.5793,2.94553,0
17.5964,1.45556,0
17.6366,1.45215,0
17.5012,1.49672,0
16.5089,3.10244,0
16.5812,2.99662,0
17.533,1.62336,0
17.5861,1.45763,0
16.5461,3.14147,0
17.489,1.66034,0
17.5562,1.52305,0
16.623,2.98739,0
17.7852,1.13574,0
17.7349,1.18382,0
16.7247,2.93297,0
17.7339,1.22591,0
17.7781,1.19078,0
16.814,2.7848,0
16.6249,3.03594,0
17.4834,1.54299,0
17.8413,1.11678,0
16.6356,2.99776,0
16.7852,2.77394,0
16.511,3.0312,0
16.647,2.98618,0
17.5669,1.51079,0
17.8016,1.14916,0
17.7197,1.27962,0
17.558,1.46465,0
16.5193,3.13299,0
17.6468,1.3935,0
16.4662,3.11261,0
16.4808,3.08865,0
17.8474,1.11628,0
17.6297,1.36743,0
17.6535,1.25405,0
16.4979,3.1528,0
16.6308,3.09944,0
17.5382,1.56149,0
16.6016,2.94705,0
16.5086,3.06698,0
17.654,1.35701,0
17.8499,1.10797,0
16.5494,3.04516,0
17.7589,1.12475,0
17.4746,1.60254,0
17.7905,1.20042,0
16.5595,3.19138,0
16.8193,2.78433,0
17.5361,1.54156,0
17.4824,1.68792,0
17.804,1.07473,0
16.5967,3.07845,0
17.474,1.61854,0
17.8066,1.29041,0
15.8693,2.84452,0
16.0733,2.99732,0
17.6844,1.49765,0
16.0899,2.9707,0
15.4365,2.52425,0
16.363,3.1537,0
15.6068,2.64248,0
16.4091,3.23466,0
17.665,1.42325,0
17.6784,1.43797,0
16.2038,3.08709,0
17.709,1.44184,0
16.3201,3.15355,0
16.0951,3.00271,0
15.6526,2.701,0
17.6253,1.54585,0
17.6231,1.54339,0
16.4269,3.2534,0
16.1385,3.03543,0
15.8397,2.83649,0
15.8705,2.82415,0
15.7706,2.78999,0
17.7037,1.46177,0
16.2249,3.08484,0
15.2961,2.44316,0
15.908,2.83788,0
15.6248,2.67913,0
16.1264,3.02649,0
17.7035,1.41649,0
15.3943,2.51046,0
16.1956,3.0464,0
16.3052,3.15492,0
15.6399,2.66095,0
15.7227,2.71791,0
17.725,1.43202,0
17.557,1.62055,0
16.2151,3.04841,0
16.0432,2.93263,0
17.8349,1.28147,0
16.4616,3.17018,0
15.9449,2.88332,0
17.7746,1.25864,0
16.3682,3.14972,0
15.5705,2.6319,0
17.6227,1.51802,0
17.768,1.37681,0
15.7949,2.75986,0
16.4009,3.17365,0
17.8053,1.21476,0
15.9862,2.9028,0
16.0991,2.98782,0
15.4502,2.53599,0
16.2635,3.08356,0
17.5722,1.62807,0
17.6292,1.53407,0
17.5784,1.63016,0
15.8612,2.85398,0
17.542,1.62477,0
16.0949,2.97272,0
15.7768,2.76157,0
17.5943,1.62095,0
15.7544,2.75168,0
16.2416,3.06827,0
17.8727,1.21862,0
16.4613,3.19765,0
16.2675,3.12011,0
15.5215,2.62369,0
16.4161,3.11728,0
16.4633,3.16407,0
16.1852,3.06173,0
16.0135,2.96708,0
15.9054,2.88243,0
17.7958,1.33608,0
17.5969,1.61989,0
17.7282,1.3565,0
16.3578,3.17346,0
17.8249,1.21589,0
16.0312,2.97657,0
17.8202,1.20476,0
15.3477,2.49933,0
15.9706,2.91585,0
15.8771,2.8155,0
17.701,1.45833,0
16.4541,3.18099,0
16.082,2.97274,0
17.793,1.33161,0
15.4955,2.58555,0
17.705,1.44787,0
15.9634,2.92857,0
15.9839,2.90083,0
16.4202,3.24056,0
16.0481,2.93231,0
17.522,1.70777,0
15.3949,2.51314,0
16.2265,3.04734,0
16.4186,3.16577,0
17.6448,1.52542,0
15.5292,2.61368,0
15.6866,2.72259,0
16.3385,3.16635,0
16.2731,3.14749,0
17.7702,1.3429,0
16.2752,3.11321,0
15.6261,2.67389,0
17.7439,1.34694,0
16.1071,3.00082,0
17.6769,1.45426,0
17.6248,1.48832,0
16.1901,3.04215,0
15.9962,2.94034,0
17.7309,1.36618,0
17.8232,1.26569,0
17.7675,1.35725,0
17.5566,1.61257,0
17.8076,1.2226,0
16.3646,3.16228,0
16.2497,3.0779,0
15.6349,2.66083,0
16,2.90728,0
15.8301,2.81898,0
15.9931,2.94421,0
16.4372,3.12954,0
17.5178,1.66165,0
17.6609,1.52588,0
15.2467,2.42193,0
15.9684,2.91299,0
17.5235,1.67985,0
15.7212,2.72725,0
16.4317,3.24547,0
15.9953,2.90928,0
17.6596,1.44687,0
15.3871,2.51367,0
15.4514,2.55386,0
17.7751,1.27909,0
15.2696,2.44219,0
15.9986,2.9533,0
15.8778,2.8611,0
17.7921,1.26341,0
17.6334,1.4738,0
16.2668,3.11448,0
15.8194,2.79019,0
17.6861,1.45686,0
15.9583,2.92834,0
17.5807,1.56222,0
16.0854,2.9771,0
16.4064,3.16704,0
15.4471,2.56218,0
16.066,3.00264,0
16.302,3.16998,0
16.4333,3.17743,0
16.0676,2.95413,0
16.4241,3.20405,0
16.484,3.19461,0
16.1344,3.05274,0
16.145,3.05514,0
15.5302,2.59323,0
15.5906,2.66574,0
17.5641,1.59339,0
16.0935,3.00868,0
17.7516,1.30788,0
16.181,3.03647,0
15.7641,2.78416,0
15.8424,2.81453,0
16.3309,3.17534,0
16.3205,3.11838,0
15.9251,2.90537,0
16.1495,3.02746,0
16.2696,3.13658,0
16.4748,3.20798,0
15.7409,2.77689,0
17.7878,1.26169,0
17.5959,1.59198,0
15.2792,2.4411,0
17.8102,1.28622,0
17.7861,1.28458,0
15.9063,2.84597,0
15.4254,2.54492,0
15.4771,2.58196,0
17.6647,1.47528,0
17.7618,1.32988,0
17.7835,1.30807,0
16.43,3.24062,0
17.5302,1.69653,0
16.3438,3.14398,0
15.8044,2.80389,0
15.9019,2.83454,0
16.4751,3.15418,0
17.6606,1.49613,0
15.2506,2.40609,0
15.7843,2.78778,0
17.6011,1.54765,0
16.1661,3.01115,0
15.6111,2.66398,0
17.5834,1.63363,0
17.7033,1.4635,0
15.7013,2.7281,0
15.6802,2.71912,0
16.4614,3.2139,0
16.4508,3.23347,0
17.7891,1.28714,0
16.0385,2.94126,0
16.0556,2.98778,0
15.9494,2.86412,0
16.6779,3.07143,0
16.8607,2.77918,0
16.7867,2.88009,0
16.8082,2.83215,0
17.83,1.15237,0
16.726,2.97192,0
16.6789,3.08573,0
16.7882,2.91483,0
16.7461,2.95258,0
16.7986,2.85909,0
16.7682,2.89329,0
16.7401,2.97244,0
16.6169,3.18675,0
16.7079,2.97663,0
16.6302,3.11269,0
16.7995,2.8951,0
16.7699,2.89438,0
16.829,2.8095,0
16.6404,3.13909,0
16.633,3.17166,0
16.8372,2.80912,0
16.6931,3.04402,0
16.6807,3.04744,0
16.685,3.05912,0
16.7306,2.98349,0
16.6197,3.17081,0
16.7679,2.90178,0
16.7554,2.92426,0
16.7215,2.96652,0
16.7074,3.01196,0
17.8746,1.05992,0
16.6664,3.08521,0
17.8594,1.06621,0
16.6417,3.14429,0
16.7442,2.96257,0
16.6887,3.04815,0
17.8377,1.04913,0
17.8105,1.03745,0
16.78,2.90913,0
17.847,1.05156,0
17.4982,1.77199,0
16.5111,3.18084,0
17.8588,1.16822,0
16.4976,3.20822,0
17.6098,1.61059,0
17.5608,1.6933,0
16.5127,3.21653,0
16.4765,3.23972,0
17.6011,1.62285,0
17.6605,1.53871,0
17.5785,1.66321,0
17.6185,1.59302,0
16.55,3.20193,0
16.501,3.26553,0
16.504,3.20851,0
16.538,3.21295,0
16.5414,3.20348,0
16.5512,3.20412,0
17.6643,1.5356,0
17.5445,1.70393,0
16.4735,3.2415,0
17.5949,1.632,0
16.5169,3.20742,0
17.691,1.48864,0
17.4983,1.76955,0
17.8654,1.1905,0
16.468,3.23706,0
16.4914,3.23263,0
17.6382,1.57959,0
16.0161,2.99621,0
16.0923,3.06262,0
15.8273,2.96099,0
15.9521,2.95474,0
15.6048,2.6842,0
15.4825,2.67292,0
16.0486,3.41517,0
15.3906,2.5398,0
17.6693,1.72502,0
17.5348,1.75648,0
16.0098,3.26598,0
15.2331,2.55543,0
15.4852,2.76339,0
15.7628,3.04669,0
17.4336,2.05935,0
15.9523,3.12921,0
15.7457,2.86595,0
17.6148,1.76445,0
15.7336,2.97926,0
15.8839,3.15242,0
15.8039,2.84763,0
15.9831,3.28962,0
15.3819,2.67168,0
15.9942,3.11456,0
15.9932,2.97687,0
16.0822,3.33606,0
15.6886,2.90749,0
16.1246,3.24658,0
15.2899,2.48708,0
15.6787,3.01555,0
16.1376,3.08945,0
15.6652,3.0066,0
15.7605,2.94618,0
16.0466,3.29222,0
17.5561,1.79284,0
15.542,2.81565,0
15.7887,2.95139,0
15.8277,3.11325,0
15.9668,2.94657,0
16.2441,3.19551,0
15.5364,2.83565,0
15.4594,2.75687,0
15.7012,2.894,0
15.8761,3.20089,0
15.9506,3.31528,0
17.5192,1.87313,0
16.2614,3.18775,0
16.2253,3.14901,0
15.9192,3.26956,0
16.0704,3.39611,0
15.6471,2.98333,0
15.8306,3.01777,0
16.1605,3.17498,0
16.107,3.04313,0
15.595,2.92764,0
15.9721,3.13637,0
16.0947,3.1884,0
15.4982,2.71018,0
17.5002,1.81478,0
15.6175,2.78701,0
16.01,3.1431,0
17.5812,1.68712,0
17.4597,2.01741,0
15.7796,3.08208,0
15.9651,3.14101,0
15.5653,2.83308,0
15.2388,2.47155,0
15.4634,2.60672,0
16.2353,3.12523,0
15.3047,2.59365,0
15.6191,2.90661,0
15.233,2.4925,0
16.0342,3.27701,0
17.7602,1.70786,0
17.6234,1.85297,0
15.8678,3.02067,0
15.5597,2.69497,0
15.2936,2.50006,0
16.2004,3.13934,0
17.717,1.80329,0
16.0972,3.21562,0
15.3247,2.65085,0
15.5348,2.84473,0
16.0389,3.15659,0
17.6609,1.63577,0
15.9804,3.21495,0
17.5029,1.97903,0
15.6931,2.89161,0
15.4006,2.66393,0
17.4934,1.98192,0
15.668,2.84862,0
15.6459,2.73105,0
16.024,3.14422,0
15.9728,3.10262,0
15.9692,3.0551,0
16.0229,3.31118,0
15.614,2.85795,0
15.2229,2.57474,0
15.6226,2.87548,0
16.1803,3.28912,0
15.8106,2.96058,0
15.5757,2.85696,0
15.3126,2.64086,0
17.5383,1.95489,0
15.9554,3.29364,0
15.7564,2.92211,0
15.7929,2.89457,0
17.6131,1.64974,0
17.5537,1.88819,0
16.0293,3.0756,0
15.5997,2.74909,0
16.2094,3.23577,0
16.0613,3.11061,0
15.9698,3.093,0
15.6955,2.95189,0
17.6548,1.64795,0
15.4739,2.73133,0
15.4836,2.8131,0
15.4452,2.712,0
17.7304,1.63901,0
15.5079,2.63241,0
15.5664,2.76621,0
15.8575,3.15903,0
15.2913,2.62704,0
17.7863,1.68066,0
17.5817,1.71963,0
15.9639,2.9749,0
15.5149,2.84921,0
15.9949,3.24281,0
15.4095,2.57104,0
17.6034,1.73184,0
15.8196,2.85139,0
15.3624,2.5217,0
15.9895,3.16331,0
17.7308,1.58561,0
15.6695,2.78438,0
15.9746,3.14608,0
15.7965,2.92491,0
17.6997,1.72971,0
15.7058,2.82598,0
15.8419,3.03525,0
15.9675,3.316,0
15.2056,2.47459,0
17.7204,1.78081,0
15.3429,2.60291,0
16.0049,3.35147,0
17.4844,2.0302,0
15.3465,2.54459,0
17.7486,1.7208,0
15.5892,2.76889,0
15.5191,2.8446,0
16.2318,3.20635,0
16.1801,3.1929,0
16.2788,3.17194,0
17.5476,1.95275,0
15.3417,2.53468,0
16.0154,3.21984,0
15.9731,3.31614,0
15.1526,2.46575,0
17.7234,1.71316,0
15.9683,3.05665,0
15.8076,3.01022,0
15.9346,3.24596,0
15.3683,2.72365,0
15.8901,3.16888,0
15.3136,2.54465,0
17.6994,1.7926,0
16.1531,3.12081,0
15.8631,2.94895,0
15.6837,3.04144,0
17.7738,1.68525,0
15.3617,2.61087,0
17.5375,1.80696,0
15.869,3.06712,0
15.6288,2.74708,0
15.5344,2.73862,0
15.1266,2.47608,0
15.8055,2.91007,0
15.2482,2.60606,0
15.5165,2.87775,0
16.1069,3.31908,0
15.9156,3.18339,0
15.5747,2.86807,0
15.8006,2.86101,0
15.8616,3.07285,0
15.9653,3.1574,0
15.8353,2.99389,0
15.5407,2.64492,0
15.6737,2.90229,0
15.4667,2.62377,0
17.7583,1.75207,0
16.1749,3.24222,0
15.4718,2.75674,0
15.4101,2.6731,0
16.0216,3.19952,0
16.2096,3.16585,0
16.113,3.12722,0
17.6472,1.80796,0
15.9166,2.95893,0
17.6312,1.85839,0
16.0734,3.14146,0
16.1279,3.11515,0
15.6786,2.914,0
15.5587,2.81373,0
15.9755,3.30531,0
15.7583,2.82413,0
15.4452,2.66201,0
15.373,2.61094,0
15.9051,3.26355,0
17.5234,1.93495,0
17.5418,1.77385,0
15.5942,2.91671,0
17.6597,1.56764,0
15.9382,3.13695,0
16.0397,2.99208,0
15.5576,2.81518,0
15.3814,2.70232,0
17.5149,1.77077,0
15.2635,2.56108,0
15.2757,2.55552,0
15.4257,2.63859,0
15.562,2.70957,0
15.1864,2.4299,0
15.8675,2.97323,0
15.6726,2.92606,0
17.6771,1.60889,0
15.3735,2.60508,0
16.0045,3.20821,0
15.849,3.11437,0
15.9549,3.25577,0
16.0364,3.17604,0
15.9173,3.17616,0
15.4066,2.6648,0
16.256,3.19003,0
17.771,1.64091,0
16.0652,3.17851,0
17.7024,1.81685,0
17.7031,1.66292,0
17.5749,1.7027,0
15.5563,2.73318,0
16.1331,3.32929,0
16.0418,3.1564,0
15.5169,2.69211,0
15.9742,2.98348,0
15.9739,3.25556,0
15.568,2.76324,0
15.931,3.12659,0
15.6865,2.78503,0
16.0148,3.38561,0
15.4965,2.63908,0
15.4103,2.60871,0
17.5999,1.77366,0
15.6794,2.96778,0
17.5221,1.99642,0
15.7277,2.78201,0
15.5707,2.7877,0
15.9783,3.33842,0
15.5538,2.68892,0
15.6299,2.81615,0
16.174,3.12482,0
15.9367,3.24308,0
15.8322,3.05087,0
15.3175,2.5742,0
15.9209,3.25933,0
16.0911,3.20302,0
15.4122,2.76005,0
15.3127,2.61158,0
17.5477,1.91025,0
17.6256,1.64515,0
16.111,3.19355,0
15.9683,3.1822,0
16.0479,3.26129,0
16.0585,3.04545,0
17.6112,1.77799,0
15.8812,3.03659,0
16.0985,3.22934,0
15.2447,2.53664,0
17.6196,1.7263,0
15.3633,2.61278,0
15.7003,2.80045,0
15.7459,3.06932,0
16.0559,3.06898,0
15.5673,2.86378,0
15.1872,2.54209,0
15.8758,3.16039,0
17.6867,1.67729,0
15.4925,2.79959,0
17.6069,1.90541,0
17.7098,1.73551,0
17.8101,1.68418,0
15.5103,2.86478,0
15.7563,2.8341,0
15.973,2.98234,0
16.1469,3.24307,0
17.5162,1.96133,0
15.8596,2.95608,0
15.4789,2.60861,0
15.7018,2.92631,0
15.8177,3.0957,0
15.6652,2.92525,0
16.0364,3.08446,0
15.9931,3.22428,0
15.7695,2.87006,0
15.7732,3.1005,0
15.9582,3.01793,0
15.2804,2.48047,0
15.985,3.23511,0
17.6697,1.68521,0
15.2852,2.45884,0
17.5814,1.91899,0
15.8056,3.00037,0
15.9637,2.97252,0
15.7003,2.99236,0
16.0605,3.39483,0
15.1517,2.44476,0
17.684,1.64014,0
15.7401,2.99925,0
15.3186,2.48243,0
15.7541,2.95436,0
17.583,1.7457,0
15.6405,2.82039,0
17.6281,1.63149,0
16.161,3.09058,0
15.3869,2.56058,0
16.0758,3.32668,0
17.4389,2.0058,0
15.7318,2.97272,0
15.2549,2.475,0
15.9907,3.28407,0
15.7379,2.88564,0
15.8157,3.00595,0
15.8174,2.85889,0
17.7136,1.65722,0
15.5381,2.81468,0
15.8042,2.96335,0
15.9976,3.32775,0
15.1798,2.48736,0
15.4213,2.63084,0
15.9438,3.07712,0
15.3575,2.57882,0
17.5244,1.94598,0
15.9717,3.2457,0
15.3115,2.6621,0
17.681,1.58565,0
15.6837,2.98945,0
15.8472,3.20256,0
16.0012,3.1508,0
15.7737,3.09947,0
16.0316,3.21716,0
15.3303,2.62033,0
15.8905,2.92434,0
17.4361,1.97888,0
16.063,3.01037,0
15.5678,2.75711,0
16.2284,3.12359,0
16.0665,3.03287,0
17.725,1.69326,0
16.1146,3.29688,0
15.4837,2.84116,0
17.7416,1.61098,0
15.3337,2.4983,0
15.5277,2.66496,0
16.0106,3.00198,0
15.4392,2.65386,0
15.6932,3.03541,0
15.6386,2.82476,0
15.6351,2.92335,0
15.6972,2.98919,0
17.458,2.04862,0
17.6518,1.64625,0
15.4047,2.71057,0
15.5884,2.89098,0
15.7155,2.87497,0
16.1405,3.13651,0
15.3907,2.56939,0
15.2796,2.4616,0
17.6145,1.79237,0
15.5619,2.71043,0
16.0744,3.19037,0
17.6954,1.70164,0
17.6152,1.64468,0
15.7179,2.91898,0
15.5965,2.93602,0
16.1751,3.19528,0
15.462,2.71404,0
15.9603,3.04065,0
16.017,2.98488,0
17.528,1.75913,0
15.7867,3.12906,0
15.5081,2.61664,0
15.8668,2.93611,0
15.9642,3.33853,0
15.7735,2.84915,0
15.6101,2.85816,0
17.715,1.78537,0
15.2654,2.59136,0
15.6518,2.73867,0
15.9335,3.24225,0
16.0075,3.13457,0
16.0369,3.02298,0
16.0833,3.16291,0
15.8813,3.14847,0
15.9442,2.99301,0
15.6307,2.82693,0
16.0729,3.33025,0
17.7338,1.75741,0
16.03,3.04264,0
15.7068,2.88632,0
16.1897,3.2256,0
15.9849,3.12381,0
15.3553,2.54923,0
15.9851,3.347,0
16.2129,3.20825,0
15.782,3.09404,0
16.047,3.28039,0
15.8745,3.05694,0
16.0572,3.31037,0
16.0127,3.21032,0
15.1742,2.51136,0
16.0515,3.42189,0
17.5941,1.81011,0
15.8266,3.16096,0
15.7255,2.85885,0
15.5124,2.87599,0
15.6072,2.82494,0
15.9495,2.92951,0
15.9557,3.18094,0
15.4329,2.77655,0
15.1955,2.46016,0
16.0826,3.21348,0
17.5681,1.72154,0
17.7135,1.68195,0
17.6764,1.64731,0
17.6957,1.743,0
17.672,1.7745,0
15.5745,2.88352,0
15.4814,2.79588,0
16.1776,3.24327,0
15.401,2.60113,0
15.9397,2.95081,0
15.7258,3.02625,0
15.2199,2.55928,0
16.2261,3.15488,0
17.537,1.82838,0
15.4655,2.76196,0
15.7548,2.82682,0
16.0894,3.3473,0
15.8179,3.18328,0
17.621,1.61956,0
15.6406,2.83999,0
16.0195,3.39075,0
16.0409,3.36936,0
17.5145,1.85271,0
17.7105,1.70484,0
17.6903,1.67563,0
15.5957,2.87716,0
15.9921,3.36951,0
16.0137,3.28814,0
17.6679,1.5634,0
17.5089,1.98181,0
16.204,3.1131,0
17.456,1.95946,0
15.7086,2.78657,0
17.5034,1.87062,0
15.4303,2.7884,0
17.6002,1.88483,0
15.716,2.98491,0
17.7763,1.72405,0
15.4731,2.82266,0
15.5599,2.86932,0
15.2839,2.60271,0
15.8906,3.03947,0
17.6205,1.88032,0
17.4935,2.01498,0
16.2048,3.23543,0
17.6441,1.8505,0
15.8948,3.17934,0
15.3984,2.75809,0
15.6401,2.7164,0
15.1826,2.46289,0
16.1687,3.27058,0
17.7201,1.75294,0
16.0682,3.10251,0
15.5051,2.71836,0
16.0737,3.10733,0
15.7028,2.98692,0
15.684,2.84676,0
15.5861,2.69328,0
15.8381,2.93478,0
17.7782,1.6894,0
15.9317,3.11921,0
15.5437,2.84849,0
15.9945,2.99596,0
16.1347,3.26165,0
15.9399,3.09751,0
15.3543,2.68051,0
15.9826,3.19788,0
16.0671,3.26039,0
16.0109,3.3591,0
15.3524,2.64883,0
15.738,2.99163,0
15.506,2.63726,0
15.8883,3.03368,0
15.2782,2.51358,0
15.8628,3.16798,0
15.8324,2.91419,0
15.853,2.95057,0
17.5934,1.8151,0
17.7449,1.6433,0
15.5541,2.84412,0
15.7684,3.12377,0
15.4396,2.58973,0
17.5338,1.80843,0
17.5288,1.84075,0
16.2374,3.15895,0
15.8634,2.95025,0
16.2123,3.2529,0
15.8902,3.13409,0
17.6136,1.62711,0
15.5359,2.8861,0
15.6062,2.83016,0
15.3287,2.65629,0
15.2208,2.42482,0
15.9852,3.28679,0
17.762,1.69835,0
15.6093,2.80466,0
15.2521,2.57498,0
15.6752,2.93764,0
17.786,1.70477,0
15.204,2.43964,0
15.3066,2.47954,0
15.7564,3.10885,0
16.0327,3.12204,0
17.4389,2.07464,0
17.708,1.56156,0
15.5965,2.7242,0
16.0405,3.29281,0
17.6733,1.63087,0
15.4712,2.77939,0
15.923,3.1482,0
15.8656,3.0105,0
15.3101,2.57924,0
17.5641,1.73163,0
15.7842,2.82304,0
15.6791,2.85034,0
15.6833,2.97229,0
15.4223,2.75914,0
17.5948,1.79945,0
16.2185,3.13789,0
15.3827,2.60518,0
16.1643,3.13547,0
15.7918,3.05533,0
16.2008,3.19546,0
16.1755,3.17838,0
15.5302,2.70185,0
17.795,1.66353,0
15.3254,2.49526,0
15.1846,2.42527,0
16.0099,3.05743,0
15.4506,2.7327,0
15.6876,2.85903,0
15.8328,2.96117,0
15.993,3.21579,0
17.5592,1.86215,0
15.6467,2.71792,0
15.9799,3.14106,0
15.7627,2.92683,0
15.6148,2.81798,0
15.9159,2.94631,0
15.7662,2.87129,0
17.451,2.05007,0
16.0677,3.19965,0
17.5122,1.8797,0
15.7158,2.98026,0
15.8893,2.92436,0
15.5073,2.75324,0
17.6621,1.79946,0
16.0156,3.36412,0
15.7513,3.11254,0
15.8673,2.90959,0
15.686,2.93605,0
17.4704,1.96525,0
16.0835,3.18153,0
15.7293,2.84146,0
15.9662,3.07133,0
15.3868,2.71157,0
15.7277,2.77232,0
17.6054,1.63387,0
17.7393,1.70539,0
15.9139,2.97481,0
15.6845,2.8202,0
15.6506,2.83883,0
16.0368,3.2316,0
15.4159,2.57536,0
15.7681,3.11578,0
15.8964,3.20245,0
16.2688,3.20769,0
15.4116,2.66074,0
17.5585,1.89405,0
15.7368,2.81863,0
15.6826,2.76276,0
17.5386,1.86419,0
17.461,2.03963,0
15.787,3.15144,0
15.9186,3.06289,0
16.0564,3.15228,0
17.6425,1.87168,0
17.6783,1.6445,0
17.5711,1.71017,0
15.7321,3.07547,0
16.0122,3.34135,0
15.8437,2.9378,0
16.0935,3.24016,0
15.5239,2.6444,0
15.1871,2.44639,0
15.5495,2.71059,0
15.8242,3.17742,0
16.0543,3.08045,0
17.6798,1.6521,0
16.1675,3.07633,0
16.0452,3.19239,0
15.6799,2.96611,0
16.0608,3.29615,0
15.5615,2.7932,0
15.2601,2.58746,0
15.5688,2.73188,0
15.3625,2.66389,0
16.156,3.21054,0
15.4126,2.58015,0
15.9679,3.05837,0
15.4157,2.66645,0
17.7678,1.67922,0
17.5104,1.91714,0
15.9598,3.08889,0
17.5404,1.97889,0
16.022,3.32136,0
15.1794,2.49029,0
16.1021,3.33433,0
15.9617,3.08177,0
15.5775,2.94103,0
17.69,1.61042,0
15.3947,2.56504,0
15.6448,2.77659,0
17.7711,1.74652,0
15.726,3.05211,0
16.1702,3.22481,0
15.6237,2.82683,0
16.0835,3.10256,0
17.5656,1.88373,0
15.6848,2.79849,0
15.4335,2.64114,0
16.0321,3.21257,0
16.1554,3.29199,0
15.5328,2.69736,0
15.3111,2.5842,0
15.3355,2.58457,0
16.0007,3.02094,0
15.5736,2.73423,0
17.4864,2.01453,0
15.976,3.17211,0
15.8595,3.1207,0
15.9616,2.95448,0
17.7349,1.78636,0
15.9847,2.99597,0
15.2995,2.49947,0
15.7343,2.84089,0
16.2315,3.21571,0
15.1673,2.48578,0
15.8154,3.00058,0
15.4732,2.61592,0
15.2523,2.43634,0
16.0289,3.07635,0
16.0819,3.0747,0
16.0076,3.3364,0
15.5794,2.86127,0
15.286,2.5061,0
16.0447,3.06159,0
15.4229,2.63523,0
16.1339,3.09664,0
15.2403,2.49823,0
16.0412,3.02325,0
15.555,2.91112,0
15.4759,2.75691,0
16.1593,3.08796,0
17.4956,2.00989,0
16.0788,3.38771,0
17.7519,1.63263,0
15.8462,2.92577,0
15.3322,2.63892,0
15.7772,2.95661,0
15.724,2.9643,0
15.1655,2.50357,0
15.1926,2.46909,0
17.6007,1.81707,0
17.4373,2.07033,0
17.8121,1.68863,0
15.9321,3.0698,0
16.0623,3.33812,0
15.6133,2.92222,0
15.7518,2.83823,0
15.2082,2.45206,0
15.1461,2.46774,0
15.1509,2.4599,0
15.5355,2.75801,0
16.1195,3.31656,0
16.1434,3.17016,0
16.2207,3.17867,0
16.2304,3.17649,0
17.5367,1.88806,0
16.0035,3.21974,0
17.7136,1.60729,0
15.5163,2.71104,0
15.647,2.8735,0
15.4495,2.74469,0
15.5847,2.74223,0
15.1557,2.45654,0
16.0826,3.0442,0
15.9633,3.04287,0
15.8168,2.90078,0
15.3161,2.61498,0
15.6437,2.75095,0
15.1841,2.51239,0
17.806,1.65468,0
15.7749,3.03188,0
15.5825,2.77542,0
15.2259,2.50893,0
15.7555,2.87809,0
17.6596,1.84178,0
15.5992,2.7392,0
17.6271,1.68044,0
17.7306,1.70355,0
15.9052,3.11535,0
16.091,3.15481,0
15.1624,2.47884,0
15.6084,2.9497,0
15.4568,2.62234,0
16.2608,3.21498,0
15.8074,2.83205,0
16.0807,3.14516,0
15.8216,3.09908,0
15.4354,2.79692,0
15.957,3.05291,0
15.8251,2.89453,0
15.2587,2.55014,0
17.783,1.69297,0
15.5591,2.79634,0
17.584,1.93948,0
15.8418,2.87153,0
15.565,2.91303,0
15.5708,2.84702,0
15.8746,3.13684,0
16.048,3.20281,0
17.5573,1.86881,0
15.4841,2.66965,0
16.253,3.16005,0
15.2165,2.47802,0
15.9341,3.03091,0
16.1393,3.31392,0
16.1798,3.10455,0
16.0235,3.05388,0
15.3755,2.61164,0
16.1125,3.16219,0
16.1133,3.09345,0
15.6425,2.79166,0
15.6414,2.73843,0
16.244,3.16095,0
17.5639,1.70165,0
15.2067,2.47905,0
16.0593,3.30816,0
15.5761,2.9187,0
15.365,2.62172,0
15.3339,2.49294,0
15.8556,3.21117,0
17.6966,1.61029,0
16.0704,3.35921,0
15.9901,3.33417,0
15.726,2.86882,0
15.9264,3.14984,0
15.6803,3.02459,0
16.1786,3.27479,0
16.0599,3.04427,0
15.6453,2.9919,0
17.6994,1.72447,0
16.1278,3.1657,0
15.8665,2.89775,0
17.6715,1.72086,0
15.486,2.66169,0
15.4441,2.68976,0
15.393,2.73489,0
15.4245,2.6903,0
16.2558,3.21537,0
16.0346,3.06567,0
15.627,2.72876,0
15.2805,2.48918,0
15.3696,2.64639,0
17.7033,1.89769,0
15.6862,3.09497,0
15.4801,2.91936,0
17.6263,1.939,0
15.7849,3.16533,0
17.7898,1.80575,0
15.8505,3.27266,0
17.6109,1.92195,0
17.4176,2.15966,0
15.9221,3.41863,0
15.6804,3.12546,0
17.6132,1.94202,0
15.8321,3.31412,0
15.4466,2.88783,0
15.5446,2.97142,0
15.1722,2.52978,0
15.5107,2.87909,0
15.0731,2.47246,0
15.8647,3.36082,0
15.5613,3.02306,0
15.9017,3.30292,0
15.6074,3.04976,0
15.8433,3.28043,0
15.8103,3.29879,0
15.6705,3.05164,0
17.6692,1.87166,0
15.92,3.35907,0
15.2958,2.70131,0
17.7397,1.80747,0
17.5183,2.06102,0
17.4346,2.14751,0
17.4906,2.0542,0
15.9174,3.33082,0
15.8077,3.26146,0
17.6925,1.86644,0
15.8284,3.27007,0
17.6431,1.90899,0
15.971,3.37683,0
15.3356,2.7163,0
15.2849,2.66434,0
15.3214,2.76634,0
15.7816,3.23172,0
15.5008,2.86641,0
17.7598,1.79792,0
15.7239,3.18105,0
15.2813,2.69898,0
15.8834,3.29635,0
15.8639,3.28177,0
15.884,3.29875,0
15.7232,3.1582,0
15.884,3.39619,0
15.7175,3.15895,0
15.5254,2.92426,0
15.4923,2.95247,0
15.741,3.21122,0
15.2905,2.69524,0
15.9761,3.36071,0
15.1645,2.53084,0
17.5698,2.01488,0
15.5567,3.01914,0
15.9806,3.41007,0
15.9059,3.37968,0
15.5194,2.91889,0
15.8147,3.29201,0
17.4793,2.05837,0
15.2187,2.5782,0
15.7547,3.25467,0
15.4504,2.90969,0
15.7147,3.11636,0
17.4979,2.0474,0
17.7289,1.878,0
15.0583,2.46149,0
17.5809,1.99266,0
15.353,2.78175,0
15.1148,2.50666,0
15.5351,2.98958,0
15.3787,2.79433,0
15.6032,3.06839,0
15.9832,3.36426,0
15.5486,3.01435,0
15.8479,3.30816,0
15.6128,2.99809,0
17.6983,1.90832,0
15.9068,3.31005,0
15.9161,3.42196,0
15.6736,3.10739,0
15.53,2.99499,0
15.4716,2.89484,0
15.759,3.13798,0
15.5019,2.96597,0
17.6098,1.98616,0
15.244,2.66705,0
15.894,3.40124,0
15.3344,2.73415,0
15.4888,2.85844,0
15.9343,3.44284,0
15.5214,2.92753,0
17.5441,2.01364,0
15.7762,3.19988,0
15.7575,3.24809,0
17.4315,2.14798,0
15.9083,3.42609,0
15.942,3.44393,0
15.2105,2.58397,0
15.6937,3.18641,0
15.1801,2.58563,0
15.7029,3.11672,0
15.4724,2.85078,0
15.5557,2.93388,0
15.228,2.63187,0
17.7779,1.81587,0
15.0684,2.45783,0
17.441,2.11674,0
15.6057,2.98782,0
15.1752,2.59323,0
15.1369,2.51328,0
17.7395,1.85846,0
15.8447,3.328,0
15.4814,2.89741,0
15.1019,2.50945,0
15.7133,3.19695,0
17.5527,2.03363,0
15.3812,2.77819,0
15.6047,3.07313,0
15.2858,2.65218,0
15.5525,2.92612,0
15.7077,3.14254,0
15.2326,2.6564,0
15.8284,3.22697,0
15.5863,3.04888,0
15.4789,2.93344,0
15.1434,2.53484,0
17.5354,1.99101,0
15.9222,3.44046,0
17.4945,2.09111,0
15.6623,3.12579,0
17.4899,2.06463,0
15.1507,2.53333,0
15.5456,2.99149,0
17.5564,2.03054,0
15.7091,3.19484,0
15.6763,3.10264,0
17.5453,1.99441,0
15.068,2.47371,0
15.8061,3.31788,0
15.7608,3.19143,0
15.2321,2.65703,0
15.5244,2.99592,0
15.846,3.31136,0
15.5818,3.03028,0
15.3287,2.71445,0
15.3173,2.75236,0
17.4586,2.10498,0
15.5748,2.96552,0
15.6225,3.08499,0
15.6109,3.00575,0
15.4371,2.86544,0
15.7404,3.23158,0
15.5898,2.96678,0
15.8768,3.39349,0
17.4486,2.10355,0
15.802,3.26106,0
15.4353,2.8418,0
15.3117,2.72094,0
17.628,1.94189,0
17.4481,2.09575,0
15.53,2.9024,0
17.5373,2.02724,0
17.6857,1.85878,0
15.6099,3.0105,0
15.8431,3.25044,0
15.8688,3.29264,0
15.7878,3.16332,0
15.3522,2.80276,0
15.5843,3.027,0
15.3335,2.7744,0
15.4599,2.83954,0
15.2492,2.63389,0
15.8382,3.32585,0
15.3448,2.75096,0
15.2981,2.7121,0
15.5918,3.0545,0
15.7331,3.15563,0
15.9619,3.39073,0
15.8383,3.34345,0
15.9664,3.3703,0
15.7679,3.2807,0
15.07,2.47359,0
17.7225,1.89771,0
17.7398,1.87602,0
15.3209,2.75509,0
15.5976,3.07866,0
15.6762,3.08294,0
15.6455,3.07635,0
15.6283,3.09046,0
15.4857,2.92856,0
17.5712,2.02331,0
15.616,3.01955,0
17.6887,1.85059,0
15.7427,3.15433,0
17.6684,1.89745,0
15.0557,2.4542,0
15.1417,2.52917,0
15.6814,3.06743,0
15.3692,2.7917,0
15.9375,3.32266,0
15.7159,3.14618,0
17.486,2.07225,0
15.4163,2.84484,0
15.8239,3.25931,0
15.4879,2.88026,0
15.5427,2.92632,0
17.5811,2.02288,0
15.9376,3.33814,0
15.887,3.30607,0
15.4332,2.83799,0
15.8571,3.25476,0
15.4281,2.81273,0
17.4745,2.09395,0
15.879,3.25594,0
15.506,2.93611,0
15.9064,3.39343,0
15.4742,2.85103,0
15.6743,3.06864,0
15.5579,2.97364,0
15.6035,3.00659,0
15.7825,3.21933,0
15.6734,3.08678,0
17.7676,1.81367,0
15.2822,2.69967,0
15.5151,2.9699,0
15.6961,3.07383,0
17.8035,1.45544,0
16.2927,3.21441,0
17.7707,1.48522,0
17.8309,1.45919,0
17.8033,1.46401,0
17.7595,1.58137,0
16.3168,3.18095,0
17.7375,1.53893,0
17.7406,1.48544,0
16.2122,3.31217,0
16.189,3.33724,0
16.335,3.22544,0
17.7903,1.43877,0
16.3077,3.19336,0
17.8326,1.5109,0
17.8131,1.49101,0
17.7867,1.54652,0
17.8526,1.50509,0
17.8217,1.58485,0
17.769,1.55726,0
17.7749,1.58446,0
17.8423,1.48641,0
17.8277,1.58445,0
17.7726,1.57775,0
16.2433,3.37619,0
16.2151,3.35761,0
17.8442,1.48483,0
17.7885,1.55155,0
16.3413,3.28925,0
17.7207,1.48831,0
16.2561,3.28447,0
16.2784,3.24705,0
16.2518,3.27998,0
16.2662,3.27411,0
16.3382,3.26019,0
17.7206,1.47519,0
17.8432,1.5627,0
16.2014,3.33324,0
17.8119,1.55991,0
16.2123,3.34956,0
17.7656,1.43519,0
17.7779,1.44529,0
17.7165,1.48125,0
17.8436,1.54202,0
17.8433,1.51659,0
16.3545,3.27388,0
17.8292,1.53449,0
17.7177,1.51124,0
16.2727,3.21692,0
16.2724,3.29349,0
17.807,1.48022,0
16.2219,3.28719,0
16.2582,3.31776,0
17.8171,1.58243,0
17.7164,1.48529,0
17.7682,1.53904,0
16.2213,3.36452,0
17.8409,1.55375,0
17.7065,1.5349,0
17.7863,1.55213,0
16.2153,3.35458,0
17.7389,1.46541,0
16.2149,3.30342,0
16.3506,3.21089,0
16.2519,3.26475,0
17.8408,1.54221,0
16.2013,3.32887,0
16.3909,3.23362,0
17.7818,1.49186,0
17.7715,1.52801,0
16.2453,3.3458,0
17.8228,1.51855,0
17.817,1.54983,0
16.2798,3.29074,0
16.2867,3.34848,0
17.723,1.47549,0
17.7315,1.5388,0
17.7488,1.57607,0
16.2065,3.32443,0
17.7913,1.48782,0
17.7226,1.53898,0
17.8087,1.45128,0
17.8238,1.54692,0
16.3388,3.23097,0
16.2495,3.38017,0
16.1775,3.31548,0
16.2488,3.36833,0
17.9023,1.28175,0
16.5246,3.28636,0
17.8322,1.38681,0
16.5476,3.23657,0
17.9111,1.28417,0
17.863,1.35334,0
17.8884,1.24572,0
16.5519,3.21563,0
17.9019,1.24476,0
16.4895,3.28797,0
17.9128,1.2553,0
16.4659,3.24635,0
16.4834,3.29682,0
17.8865,1.29838,0
17.8458,1.34421,0
17.8553,1.26892,0
16.516,3.27926,0
16.4694,3.26493,0
16.4563,3.25372,0
17.8597,1.31812,0
17.8158,1.37254,0
17.8033,1.41046,0
16.496,3.26935,0
17.8069,1.4226,0
16.5146,3.27741,0
16.5117,3.28663,0
17.905,1.28336,0
17.8246,1.34562,0
17.7866,1.40628,0
17.7985,1.41739,0
16.5157,3.27242,0
16.5671,3.21474,0
17.7957,1.39532,0
16.4766,3.28407,0
16.5265,3.25053,0
16.551,3.23518,0
17.8465,1.34061,0
17.8429,1.37999,0
17.7877,1.39619,0
16.4664,3.28565,0
16.4995,3.29933,0
16.5508,3.24808,0
17.8053,1.39118,0
17.3177,2.49013,0
17.3348,2.46235,0
14.6692,2.27331,0
17.2306,2.62611,0
17.3144,2.61314,0
17.4391,2.27992,0
17.3205,2.53046,0
17.2944,2.60096,0
17.2701,2.61176,0
17.4346,2.32447,0
17.2686,2.62586,0
17.4329,2.17187,0
17.4098,2.33982,0
17.3725,2.64681,0
17.4172,2.22527,0
14.7082,2.27309,0
17.3459,2.55735,0
14.6889,2.27312,0
17.3474,2.63232,0
14.6502,2.27855,0
17.3692,2.57619,0
17.6919,0.24108,0
17.2488,2.60619,0
17.434,2.15271,0
17.4604,2.15322,0
17.3624,2.49053,0
17.4142,2.44418,0
17.6906,0.24473,0
17.3177,2.57203,0
17.4568,2.21798,0
17.3922,2.58746,0
17.4378,2.3593,0
17.3365,2.65212,0
17.4456,2.24951,0
17.3286,2.44932,0
17.4189,2.211,0
17.3144,2.60805,0
17.4044,2.49421,0
17.4032,2.41269,0
17.3655,2.56214,0
17.4288,2.28609,0
17.2828,2.5557,0
17.6865,0.18105,0
17.4344,2.37756,0
17.3807,2.49816,0
17.2978,2.48875,0
17.4435,2.34155,0
17.4143,2.55598,0
17.356,2.55064,0
17.355,2.47242,0
17.3555,2.58002,0
17.6818,0.21129,0
17.4216,2.31001,0
17.7294,0.22174,0
17.4621,2.20798,0
17.4118,2.42734,0
17.4387,2.34362,0
17.3996,2.46417,0
17.2082,2.61609,0
17.3634,2.65006,0
17.3432,2.55983,0
17.4491,2.24828,0
17.2237,2.63318,0
17.3019,2.60788,0
17.6897,0.2012,0
17.261,2.59532,0
17.4067,2.56735,0
17.4442,2.27328,0
17.3789,2.55549,0
17.2955,2.46046,0
17.4198,2.37293,0
17.4234,2.20815,0
17.2108,2.61229,0
17.3482,2.57973,0
17.3975,2.57248,0
14.7674,2.28429,0
17.7181,0.18527,0
17.4321,2.33536,0
17.3403,2.49894,0
17.7291,0.25686,0
17.2321,2.60032,0
17.3405,2.56487,0
17.2807,2.55515,0
17.2682,2.56308,0
17.2948,2.62855,0
17.3291,2.44806,0
17.3933,2.61779,0
17.437,2.1814,0
17.3494,2.5426,0
17.449,2.1471,0
17.6859,0.22007,0
17.4682,2.14765,0
17.4169,2.5255,0
17.3664,2.652,0
17.3081,2.5111,0
17.3921,2.49891,0
17.3259,2.56081,0
17.2923,2.58339,0
17.4201,2.49597,0
17.301,2.61516,0
17.2567,2.61771,0
17.2978,2.6484,0
14.7434,2.26797,0
17.7203,0.23371,0
17.3933,2.47599,0
17.7349,0.59685,0
17.236,2.69062,0
17.71,0.69222,0
17.7444,0.52094,0
17.715,0.65984,0
17.2307,2.79798,0
17.717,0.62482,0
17.7446,0.65841,0
17.1782,2.76912,0
17.7293,0.62507,0
17.1017,2.76737,0
17.2311,2.70432,0
17.7776,0.45372,0
17.2156,2.78935,0
17.7392,0.58722,0
17.2623,2.73079,0
17.7425,0.63437,0
17.7829,0.46383,0
17.7344,0.70478,0
17.7337,0.59016,0
17.2925,2.76059,0
17.7787,0.4897,0
17.7049,0.70078,0
17.2115,2.77101,0
17.6997,0.68697,0
17.773,0.40282,0
17.1806,2.7018,0
17.7714,0.44656,0
17.7647,0.36382,0
17.684,0.69162,0
17.7605,0.61686,0
17.7694,0.54326,0
17.2925,2.66056,0
17.7013,0.69596,0
17.7621,0.52994,0
17.3085,2.69498,0
17.7466,0.60784,0
17.7432,0.65487,0
17.1157,2.77034,0
17.7165,0.65068,0
17.7542,0.6427,0
17.7019,0.66521,0
17.7619,0.53921,0
17.2631,2.75929,0
17.7175,0.63292,0
17.7323,0.69321,0
17.2622,2.66844,0
17.7696,0.57659,0
17.2875,2.71243,0
17.1829,2.69834,0
17.7218,0.62363,0
17.7296,0.68516,0
17.1395,2.76985,0
17.2663,2.73758,0
17.2903,2.75182,0
17.7558,0.38722,0
17.7777,0.38362,0
17.6946,0.6951,0
17.7698,0.47473,0
17.2821,2.80833,0
17.193,2.65966,0
17.2961,2.65243,0
17.2356,2.72045,0
17.7306,0.64694,0
17.2506,2.67685,0
17.2383,2.68189,0
17.2119,2.74848,0
17.6969,0.69821,0
17.2317,2.66046,0
17.3111,2.67978,0
17.7659,0.41565,0
17.224,2.74261,0
17.1917,2.68033,0
17.2562,2.69459,0
17.0041,2.74746,0
17.7806,0.44554,0
17.7844,0.52,0
17.1967,2.72019,0
17.7432,0.6854,0
17.7635,0.36207,0
17.2204,2.63948,0
17.286,2.7486,0
17.2638,2.70794,0
17.7741,0.44627,0
17.2943,2.78019,0
17.2636,2.71805,0
17.7979,0.34123,0
17.3296,2.65758,0
17.7523,0.32339,0
17.7869,0.33548,0
17.3175,2.72972,0
17.3138,2.71829,0
17.3254,2.7411,0
17.3198,2.73228,0
16.6838,3.11444,0
16.7879,3.07462,0
16.6735,3.1964,0
16.627,3.19234,0
16.8392,2.89089,0
17.8679,1.16219,0
16.7004,3.10377,0
17.9251,1.10917,0
17.8962,1.12204,0
17.9197,1.11098,0
17.0179,2.76538,0
16.8978,2.86635,0
16.7232,3.16325,0
17.8788,1.12351,0
16.9266,2.83002,0
16.8928,2.92218,0
16.8498,3.02397,0
16.7059,3.18773,0
16.8379,2.89838,0
16.7362,3.10112,0
16.7944,2.94043,0
16.6421,3.16129,0
16.8433,2.95622,0
16.633,3.207,0
16.7915,3.02264,0
16.7724,3.13355,0
16.8265,2.88106,0
16.6688,3.13609,0
16.7191,3.21593,0
16.6942,3.12647,0
16.7153,3.13412,0
16.9804,2.80807,0
16.7619,3.17898,0
16.6747,3.14643,0
16.8096,2.9076,0
16.8652,2.87458,0
16.9482,2.83484,0
16.9119,2.84514,0
16.8244,3.00483,0
17.8799,1.16928,0
16.7342,3.02118,0
17.0089,2.7733,0
16.9279,2.86553,0
16.9924,2.79573,0
16.7452,3.09599,0
16.7805,2.99122,0
16.812,3.06408,0
16.8054,3.10986,0
16.8955,2.9754,0
16.7854,3.08051,0
16.8128,3.12194,0
16.762,3.18493,0
16.917,2.81236,0
17.8702,1.17388,0
16.8754,2.86265,0
16.8601,2.85868,0
16.6631,3.21012,0
16.649,3.18809,0
16.8046,2.96149,0
16.9335,2.86393,0
16.7759,3.11687,0
16.8302,3.03598,0
16.8196,2.87483,0
16.7394,3.07313,0
16.8183,2.96118,0
16.9002,2.80858,0
16.7226,3.05003,0
16.7799,2.93482,0
16.7189,3.03623,0
16.9222,2.94073,0
16.8346,2.88165,0
16.7452,3.03441,0
16.8267,2.99878,0
16.7637,2.96922,0
16.7321,3.24235,0
16.7373,3.01129,0
16.9224,2.85036,0
17.9304,1.14179,0
16.6948,3.09902,0
16.666,3.17234,0
16.8625,2.92511,0
16.7817,3.02184,0
16.8301,2.96144,0
17.9089,1.11179,0
16.9271,2.84985,0
17.886,1.0545,0
16.7201,3.21815,0
16.9023,2.90759,0
16.8231,2.89415,0
17.9005,1.07294,0
16.8244,2.98306,0
16.9068,2.84714,0
17.914,1.15788,0
16.8113,3.10813,0
16.6822,3.20326,0
16.9008,2.95484,0
16.872,3.01647,0
16.6779,3.20411,0
16.7118,3.21296,0
16.859,2.95969,0
16.8256,3.06708,0
16.7004,3.12626,0
16.763,3.07225,0
16.7786,3.10549,0
17.0198,2.75657,0
16.8941,2.82072,0
16.831,3.06911,0
17.8645,1.03995,0
17.8329,1.02478,0
16.8755,2.93733,0
17.8872,1.08761,0
16.8386,2.949,0
16.8313,2.89885,0
16.7497,2.98848,0
16.7593,3.1382,0
16.8661,2.81388,0
16.8525,2.9458,0
16.7918,2.93083,0
16.8614,2.90992,0
16.7883,3.03583,0
16.9582,2.84722,0
16.6798,3.15673,0
17.9344,1.14621,0
16.8954,2.87613,0
16.877,2.84967,0
16.8793,2.96215,0
16.8507,2.85654,0
16.7541,3.02408,0
17.8166,1.00728,0
16.7021,3.1854,0
16.9024,2.86092,0
16.9969,2.80475,0
16.8806,2.89401,0
16.7764,3.07431,0
16.8705,2.992,0
16.8038,2.95932,0
16.798,3.02435,0
17.9183,1.11839,0
16.8366,2.99016,0
16.6715,3.12516,0
16.7116,3.1682,0
16.86,2.91056,0
16.8613,2.90792,0
17.8088,1.00909,0
16.8781,2.78949,0
16.6823,3.19829,0
16.7732,3.04197,0
16.6726,3.21225,0
16.6638,3.17295,0
16.8563,3.02918,0
16.8713,2.80221,0
16.7761,3.08433,0
16.636,3.18148,0
16.8308,2.91302,0
16.7446,3.07995,0
16.711,3.22224,0
16.9162,2.83995,0
16.6969,3.15028,0
16.6408,3.20258,0
17.8739,1.14476,0
17.2284,2.80782,0
17.8631,0.5639,0
17.874,0.53232,0
17.1246,2.8098,0
17.1407,2.82318,0
17.2055,2.86498,0
17.8219,0.54114,0
17.8789,0.52044,0
17.7715,0.59321,0
17.7949,0.48514,0
16.9916,2.82569,0
17.8553,0.63775,0
17.8576,0.57511,0
17.8504,0.52693,0
17.8023,0.54058,0
17.7815,0.8406,0
17.1048,2.8382,0
17.016,2.79578,0
17.8158,0.54022,0
17.8118,0.73417,0
17.8629,0.52261,0
17.7668,0.68197,0
17.2227,2.82002,0
17.2389,2.83437,0
17.0428,2.82369,0
17.7882,0.86488,0
17.8003,0.62125,0
17.2223,2.87866,0
17.778,0.63256,0
17.1662,2.84839,0
17.8812,0.50017,0
17.7921,0.84739,0
17.7484,0.89482,0
17.7617,0.89027,0
17.0862,2.82917,0
17.1098,2.82048,0
17.802,0.52758,0
17.1421,2.81625,0
17.8217,0.71636,0
17.8119,0.79013,0
17.0172,2.81635,0
17.1051,2.79153,0
17.7643,0.93032,0
17.0971,2.85035,0
17.7887,0.52759,0
17.2149,2.82921,0
17.111,2.77705,0
17.0863,2.78755,0
17.0532,2.77918,0
17.1581,2.85325,0
17.7612,0.83957,0
17.7709,0.85656,0
17.236,2.81957,0
17.1139,2.79367,0
17.0472,2.79654,0
17.8667,0.59294,0
17.781,0.55472,0
17.0909,2.77804,0
17.8322,0.70041,0
17.8148,0.49447,0
17.1809,2.83233,0
17.7985,0.82209,0
17.7507,0.83515,0
17.76,0.94662,0
17.7819,0.72846,0
17.8608,0.54557,0
17.1317,2.7956,0
17.7551,0.95848,0
17.0487,2.81399,0
17.8281,0.54337,0
17.7839,0.59531,0
17.7931,0.72111,0
17.8521,0.55366,0
17.2236,2.84078,0
17.7983,0.72781,0
17.0954,2.81337,0
17.8225,0.52629,0
17.1601,2.85391,0
17.7864,0.77328,0
17.0751,2.81693,0
17.1466,2.84566,0
17.7864,0.72176,0
17.0962,2.83198,0
17.1289,2.83031,0
17.2165,2.85327,0
17.8304,0.70318,0
17.8586,0.59244,0
17.7578,0.87248,0
17.8848,0.48707,0
17.7986,0.7633,0
17.7658,0.71711,0
17.8097,0.62546,0
17.7788,0.90116,0
17.0741,2.77674,0
17.1419,2.85453,0
17.0428,2.79847,0
17.7712,0.69882,0
17.0507,2.80091,0
16.9754,2.89896,0
16.8727,3.15991,0
17.8574,0.96217,0
16.9014,2.99526,0
17.8375,0.87276,0
16.9239,3.05014,0
16.9453,3.04228,0
17.912,1.05444,0
17.934,0.94211,0
17.9024,1.02053,0
16.966,3.0025,0
17.8563,0.93738,0
17.8569,1.01906,0
17.9127,0.98148,0
17.0444,2.85406,0
16.8472,3.13157,0
16.8269,3.11566,0
17.8257,0.95486,0
17.0285,2.91737,0
16.9289,2.95956,0
16.8654,3.06115,0
17.8027,0.95781,0
17.9296,0.98788,0
17.8335,0.86652,0
17.791,0.93309,0
16.9234,3.12308,0
17.8808,1.02101,0
17.8817,0.93902,0
17.8347,0.97817,0
17.8874,0.88433,0
17.9457,0.94153,0
16.9771,2.95293,0
17.8436,0.98678,0
17.8575,0.93373,0
17.862,0.92759,0
17.7922,0.89631,0
16.9658,2.90712,0
16.8638,3.12914,0
16.9945,2.86428,0
16.9715,2.99308,0
17.9151,0.97562,0
16.9234,3.08063,0
16.9208,2.96629,0
17.8122,0.90022,0
17.8915,1.00813,0
17.9688,0.93987,0
16.9438,2.98957,0
17.8376,0.95232,0
17.8636,1.03194,0
17.9407,0.99112,0
17.0029,2.92384,0
16.9172,3.00919,0
16.8679,3.0817,0
16.8545,3.11716,0
16.965,2.97361,0
16.9013,3.16619,0
16.962,2.91305,0
16.8736,3.12705,0
17.9265,1.00758,0
17.886,1.02765,0
17.8167,0.94939,0
17.9225,0.9397,0
17.9325,0.91625,0
16.9771,2.93972,0
17.9427,0.92437,0
16.8609,3.12474,0
16.9616,2.99899,0
17.8998,0.94354,0
17.8968,0.93391,0
17.9157,0.99689,0
17.83,0.91101,0
16.9643,2.93839,0
17.0036,2.96286,0
17.841,1.01198,0
16.9897,2.86648,0
17.9251,0.90063,0
16.8796,3.15075,0
17.8327,1.01236,0
16.9919,2.97704,0
17.9065,0.97835,0
16.8201,3.12863,0
16.8495,3.10691,0
16.9188,3.15237,0
17.8761,0.93473,0
17.0203,2.94152,0
16.969,3.00415,0
16.9807,2.91557,0
17.889,0.92792,0
16.9544,3.04893,0
17.896,0.91757,0
17.9249,0.95648,0
17.8698,0.92018,0
17.8314,0.91024,0
17.0171,2.89551,0
16.9492,3.02089,0
16.931,2.9837,0
16.968,2.96965,0
16.9011,3.15749,0
17.8641,0.97666,0
16.9572,2.94947,0
17.7907,0.94133,0
16.937,2.95203,0
17.9281,0.89703,0
16.8799,3.16115,0
16.9208,3.05525,0
16.978,3.01772,0
17.8552,0.90499,0
16.9632,2.96213,0
17.9507,0.95542,0
16.9362,2.98109,0
17.8953,1.03418,0
16.8649,3.11535,0
16.8583,3.11238,0
16.961,3.01055,0
17.8862,1.02922,0
17.8402,0.92589,0
16.8692,3.09152,0
17.854,0.86766,0
17.8145,0.90189,0
16.9848,2.85084,0
17.9421,0.94562,0
17.8362,0.93024,0
17.8465,0.86559,0
16.8567,3.08118,0
17.8397,0.9519,0
16.9625,2.95019,0
16.9759,2.89898,0
16.9383,2.94151,0
17.8062,0.88186,0
17.8045,0.91205,0
17.8552,0.98817,0
16.9346,2.92457,0
17.9283,1.30958,0
16.4598,3.30631,0
17.8852,1.46888,0
16.6178,3.25522,0
17.8751,1.38742,0
17.9166,1.30996,0
17.8943,1.32283,0
17.9132,1.31718,0
17.8452,1.46412,0
17.8596,1.43645,0
16.4979,3.34464,0
16.404,3.24669,0
16.5907,3.2742,0
17.8422,1.43827,0
16.6245,3.21443,0
17.9663,1.38272,0
17.8712,1.45038,0
17.8234,1.42997,0
16.5641,3.24344,0
17.8729,1.46914,0
17.8738,1.37569,0
17.8824,1.37713,0
17.8691,1.3984,0
16.5151,3.32061,0
16.5811,3.2544,0
16.4737,3.33951,0
17.8264,1.44123,0
17.916,1.41857,0
17.9525,1.36103,0
17.8234,1.42958,0
16.587,3.27213,0
17.8769,1.45881,0
17.8498,1.46615,0
16.5566,3.26969,0
17.8743,1.47423,0
17.8878,1.46453,0
16.3985,3.25792,0
16.4693,3.31561,0
17.9038,1.3129,0
16.5647,3.23989,0
16.6132,3.26365,0
16.4289,3.3064,0
16.4223,3.27951,0
17.8472,1.44943,0
17.903,1.33687,0
16.4783,3.30366,0
17.931,1.3172,0
16.5124,3.32267,0
16.4234,3.2889,0
17.896,1.32746,0
16.5539,3.35214,0
16.4033,3.25905,0
16.4273,3.28903,0
17.8988,1.43558,0
17.866,1.44974,0
16.5956,3.2063,0
17.927,1.44409,0
17.964,1.38039,0
16.5725,3.30999,0
16.3865,3.2557,0
16.5051,3.32837,0
17.912,1.40598,0
16.4002,3.25127,0
16.5921,3.23835,0
17.9536,1.3666,0
16.4612,3.30226,0
17.8645,1.44415,0
16.393,3.30419,0
17.8543,1.64703,0
16.3523,3.28255,0
17.8987,1.49224,0
17.8341,1.5848,0
17.9238,1.45293,0
17.8846,1.58417,0
17.8353,1.65726,0
16.3349,3.35702,0
17.8087,1.61195,0
16.3556,3.31581,0
16.4401,3.33125,0
17.8134,1.61729,0
16.3472,3.33577,0
16.4263,3.32704,0
16.4032,3.37893,0
17.9126,1.52102,0
17.8963,1.58061,0
16.3632,3.37947,0
17.959,1.4764,0
17.827,1.61878,0
16.4184,3.41117,0
16.4561,3.34114,0
17.8299,1.61426,0
17.8259,1.66417,0
16.3922,3.39147,0
16.3525,3.36669,0
16.3501,3.30548,0
17.8709,1.58517,0
17.8193,1.65497,0
16.4304,3.40464,0
17.9169,1.52605,0
16.4181,3.34907,0
17.9073,1.48018,0
16.3971,3.30635,0
16.4443,3.32047,0
16.3604,3.35562,0
16.414,3.30563,0
16.4046,3.3691,0
16.3412,3.29702,0
17.8368,1.62613,0
17.9289,1.52306,0
16.3364,3.33457,0
17.9384,1.50808,0
16.3429,3.3565,0
17.9606,1.50293,0
17.8921,1.57496,0
17.9565,1.47513,0
17.8627,1.61261,0
16.411,3.32884,0
17.8861,1.52901,0
16.3587,3.28969,0
16.3704,3.34009,0
17.9453,1.50632,0
17.8298,1.60952,0
16.3714,3.28452,0
17.8753,1.54757,0
16.3987,3.39405,0
16.4049,3.42498,0
17.798,1.62509,0
16.4422,3.35405,0
17.9132,1.54509,0
16.52,3.38936,0
17.9622,1.41249,0
17.9566,1.41357,0
17.9873,1.38584,0
16.5027,3.37039,0
17.968,1.39035,0
17.9847,1.3943,0
16.8103,3.15957,0
16.8323,3.14307,0
17.0445,2.89923,0
16.9101,3.18119,0
17.9222,1.06411,0
17.9616,1.00411,0
17.9695,1.00081,0
16.8109,3.17163,0
16.987,3.02556,0
17.9706,1.03659,0
16.846,3.19432,0
17.9517,1.01961,0
16.8584,3.17772,0
17.9848,1.00707,0
17.9365,1.03624,0
16.8793,3.17628,0
17.0126,2.97805,0
17.9736,1.00346,0
17.8286,1.70957,0
17.9018,1.59801,0
17.7852,1.77791,0
16.2988,3.40257,0
17.8604,1.66229,0
17.5449,2.06034,0
17.8779,1.6874,0
16.3043,3.35215,0
17.9375,1.62637,0
16.3843,3.45758,0
17.9488,1.57349,0
17.9107,1.61333,0
16.3162,3.39744,0
17.8791,1.64811,0
17.9238,1.57365,0
17.9222,1.59226,0
17.8618,1.70268,0
16.3195,3.39327,0
16.3648,3.48346,0
16.3222,3.38729,0
16.321,3.42498,0
17.9344,1.56839,0
17.8972,1.66405,0
16.3592,3.4383,0
16.3267,3.42115,0
17.9639,1.56537,0
17.8164,1.75063,0
17.84,1.70038,0
17.8381,1.67352,0
17.917,1.62908,0
17.9408,1.57691,0
17.9537,1.60396,0
17.961,1.58656,0
17.8529,1.72498,0
17.4926,2.13658,0
17.9346,1.55571,0
16.3844,3.44667,0
17.8326,1.71726,0
17.9592,1.575,0
16.3499,3.38513,0
16.3524,3.39834,0
16.3473,3.38617,0
17.9364,1.56943,0
17.8003,1.78237,0
16.341,3.42124,0
16.349,3.44809,0
17.5707,2.03769,0
17.8006,1.74008,0
17.8851,1.6162,0
17.9419,1.60673,0
17.5736,2.03341,0
17.6201,1.99488,0
17.9418,1.58116,0
17.5537,2.05406,0
16.3625,3.42643,0
16.3069,3.40443,0
17.9424,1.58468,0
17.8545,1.69809,0
16.3044,3.38291,0
16.2876,3.40625,0
16.2714,3.39331,0
17.501,2.13023,0
17.8896,1.67148,0
17.5003,2.14133,0
16.3106,3.4282,0
17.8732,1.67098,0
17.7917,1.74682,0
17.8665,1.68949,0
16.2988,3.3464,0
17.8924,1.65703,0
17.9267,1.63946,0
17.7756,1.76645,0
17.9678,1.20411,0
16.8015,3.21815,0
16.8064,3.26255,0
18.0219,1.15406,0
16.8416,3.21357,0
17.9802,1.12532,0
16.7509,3.27536,0
17.9587,1.14645,0
16.8078,3.23971,0
16.8114,3.22168,0
17.9264,1.30355,0
17.9282,1.2423,0
17.9342,1.26643,0
16.6879,3.25193,0
16.6665,3.2376,0
16.6727,3.23834,0
17.9297,1.21286,0
17.959,1.21502,0
16.7987,3.2747,0
17.962,1.22612,0
17.9085,1.22824,0
17.9454,1.18652,0
16.7108,3.25784,0
17.9383,1.25266,0
16.6946,3.25014,0
16.7808,3.26954,0
16.8019,3.221,0
16.8162,3.2519,0
17.9579,1.25998,0
17.9227,1.23766,0
16.7669,3.247,0
17.9345,1.30384,0
17.9509,1.21407,0
17.9272,1.24083,0
16.7832,3.19815,0
18.0188,1.15115,0
16.6595,3.22472,0
16.7893,3.20793,0
17.9572,1.27559,0
17.9914,1.19542,0
17.9927,1.20849,0
17.9538,1.18794,0
16.8166,3.21896,0
17.9323,1.17605,0
17.9012,1.24107,0
17.9944,1.16072,0
16.6871,3.2424,0
17.9676,1.25344,0
16.7721,3.29965,0
17.914,1.19962,0
17.9251,1.29864,0
16.6442,3.27019,0
16.6074,3.32056,0
16.5777,3.33401,0
16.5655,3.38058,0
16.5814,3.35037,0
17.9669,1.44464,0
16.4934,3.40812,0
17.985,1.45302,0
17.9961,1.45947,0
16.5748,3.34829,0
16.6012,3.30117,0
16.5833,3.31705,0
16.527,3.39686,0
16.5446,3.38698,0
16.6553,3.24004,0
17.9967,1.45407,0
16.5984,3.31794,0
16.5751,3.36044,0
16.5731,3.3714,0
16.6367,3.31539,0
16.6065,3.31624,0
17.9747,1.42613,0
17.9792,1.43421,0
16.5966,3.32719,0
16.4786,3.38952,0
17.9642,1.46072,0
16.5394,3.43763,0
16.5541,3.37779,0
18.0084,1.43568,0
16.5361,3.41522,0
16.5965,3.34752,0
18.0037,1.43263,0
16.5582,3.39665,0
17.9937,1.45126,0
16.6361,3.26189,0
16.6196,3.29056,0
16.6078,3.30683,0
17.5781,2.10742,0
17.6601,1.9887,0
17.7914,1.84574,0
17.9616,1.56023,0
18.0189,1.56132,0
17.9648,1.59804,0
17.9577,1.6158,0
17.9144,1.68345,0
16.4378,3.43472,0
17.5933,2.04198,0
16.445,3.45181,0
16.4555,3.41251,0
17.8015,1.834,0
17.7008,1.93527,0
16.4576,3.44159,0
17.8639,1.72616,0
17.557,2.08192,0
16.4739,3.44392,0
17.8301,1.79531,0
17.6587,1.97701,0
17.7571,1.88499,0
17.6047,2.04783,0
17.9792,1.60522,0
17.9925,1.58815,0
17.9566,1.63318,0
17.4695,2.20023,0
17.6056,2.04071,0
17.8048,1.80913,0
16.4459,3.42437,0
17.9867,1.56955,0
17.8852,1.70343,0
17.5342,2.15386,0
17.9734,1.51285,0
17.9013,1.69058,0
17.6094,2.06349,0
16.4679,3.44291,0
16.49,3.43045,0
17.6442,2.01031,0
17.5385,2.11269,0
17.6872,1.95614,0
17.68,1.98379,0
17.5314,2.11407,0
17.5457,2.11502,0
17.709,1.93776,0
17.6165,2.05528,0
17.6604,2.00087,0
17.973,1.52986,0
16.4877,3.41335,0
17.5264,2.1471,0
17.7969,1.79834,0
17.9095,1.68254,0
17.9562,1.61757,0
17.9592,1.60791,0
17.5611,2.11798,0
17.969,1.60555,0
17.4755,2.20732,0
17.8108,1.88162,0
16.0359,3.43595,0
16.1438,3.49686,0
17.8823,1.89619,0
17.6365,2.13283,0
17.484,2.30052,0
17.6451,2.09176,0
16.1873,3.50129,0
17.7585,1.94563,0
17.7693,1.94696,0
16.1967,3.40484,0
17.6295,2.14199,0
16.1774,3.48835,0
16.068,3.42757,0
17.4934,2.268,0
16.1317,3.45006,0
16.1801,3.38997,0
17.8187,1.97436,0
17.6361,2.21616,0
17.8057,1.89618,0
17.7609,2.01871,0
17.4841,2.30569,0
17.8091,1.99923,0
17.6709,2.03819,0
17.7036,2.15602,0
17.7008,1.99455,0
16.0988,3.48812,0
17.4963,2.21346,0
16.1643,3.4644,0
17.6397,2.20752,0
17.5998,2.15466,0
17.8372,1.87322,0
15.9727,3.43658,0
16.1254,3.46325,0
16.1658,3.42132,0
16.1189,3.53755,0
16.2104,3.38478,0
16.1387,3.37268,0
17.6196,2.16197,0
17.5576,2.15201,0
17.5455,2.22717,0
17.8197,1.92562,0
17.686,2.13713,0
15.993,3.44753,0
17.9509,1.92013,0
17.7033,2.14235,0
17.623,2.10032,0
17.6225,2.10072,0
17.79,2.06094,0
17.7001,2.06425,0
17.6122,2.1128,0
17.9189,1.90737,0
16.2285,3.39553,0
17.5374,2.3005,0
17.8471,1.92243,0
17.5604,2.19328,0
16.1801,3.49626,0
17.8142,2.04509,0
16.0748,3.45235,0
17.9248,1.94106,0
17.784,1.86996,0
17.68,2.00198,0
16.1187,3.38184,0
16.0397,3.49289,0
17.8668,1.98124,0
16.0862,3.51973,0
16.0928,3.53208,0
17.8807,1.93212,0
16.2253,3.44682,0
17.7157,1.98,0
17.555,2.16875,0
17.5131,2.23517,0
16.0347,3.45657,0
16.0181,3.47962,0
16.0732,3.48605,0
17.8522,1.84277,0
17.8231,1.95001,0
17.7251,2.08762,0
17.6201,2.22027,0
17.6081,2.19384,0
16.0762,3.53582,0
17.7571,1.99679,0
17.5638,2.22315,0
15.9994,3.48419,0
17.6171,2.20624,0
17.7425,2.02543,0
16.2719,3.41035,0
17.5895,2.18087,0
16.1864,3.44228,0
16.1692,3.4251,0
16.145,3.48782,0
17.7737,2.04659,0
17.6155,2.18706,0
17.7377,2.0458,0
17.7827,2.03471,0
16.0811,3.50941,0
17.6516,2.10304,0
17.7078,1.99713,0
17.7041,2.00029,0
16.0663,3.52773,0
16.1342,3.53492,0
16.1324,3.42498,0
17.7817,2.02717,0
16.207,3.46497,0
17.6155,2.21174,0
16.0914,3.4531,0
17.9051,1.95727,0
16.0924,3.46304,0
17.6531,2.06816,0
16.2394,3.45504,0
17.8882,1.97621,0
16.1223,3.47693,0
17.6061,2.17445,0
16.1918,3.48796,0
17.4655,2.33918,0
17.7407,2.0272,0
16.0703,3.45639,0
17.8743,2.00359,0
17.9157,1.96508,0
16.001,3.39364,0
17.8338,1.91882,0
16.0686,3.49973,0
17.7769,2.00613,0
17.6475,2.13719,0
17.6411,2.1585,0
16.2117,3.39886,0
17.6555,2.03866,0
17.9026,1.91152,0
17.5188,2.22529,0
17.505,2.31357,0
17.854,1.89222,0
17.9308,1.94378,0
17.6753,2.16037,0
17.5503,2.15765,0
16.0366,3.44155,0
16.1834,3.48996,0
17.7137,1.94533,0
16.2209,3.46675,0
17.6696,2.11353,0
16.0287,3.41648,0
17.5263,2.22411,0
17.8134,1.9767,0
16.1106,3.50191,0
17.5524,2.16661,0
17.6494,2.10713,0
17.8286,1.99032,0
17.8904,1.85399,0
16.1085,3.55489,0
17.7631,1.93684,0
17.5979,2.09444,0
17.8974,1.88209,0
17.4866,2.2474,0
17.4975,2.31866,0
17.7877,2.0091,0
17.6707,1.99737,0
16.212,3.41924,0
16.2146,3.44773,0
16.1165,3.42597,0
17.8054,1.94189,0
17.821,1.8425,0
17.5788,2.18444,0
17.6409,2.17865,0
17.8124,2.04563,0
17.8228,1.85939,0
16.1829,3.36819,0
17.5992,2.1597,0
17.8072,2.01304,0
17.9149,1.92821,0
17.4872,2.24917,0
16.2185,3.4406,0
17.5756,2.21223,0
17.6456,2.04252,0
16.1691,3.35958,0
16.1484,3.53581,0
17.7728,1.96082,0
17.8143,1.84177,0
16.2234,3.44823,0
17.9312,1.94489,0
17.803,1.99172,0
16.0857,3.46866,0
17.4716,2.35564,0
17.7406,1.9342,0
17.8524,1.98881,0
17.5598,2.23694,0
17.6888,2.13802,0
17.6788,2.11092,0
17.6349,2.20618,0
16.1736,3.34997,0
17.5958,2.15979,0
17.7964,1.92655,0
16.1031,3.41664,0
17.7682,1.93455,0
17.6882,1.99253,0
17.7565,2.0266,0
17.4821,2.31722,0
17.6662,2.08334,0
17.5059,2.23692,0
17.7501,2.07118,0
17.5618,2.16458,0
16.0877,3.40802,0
17.8457,1.81553,0
17.6226,2.23015,0
17.4768,2.24959,0
16.2176,3.39542,0
17.8793,1.91925,0
16.1448,3.35741,0
17.9365,1.94335,0
17.7041,1.99707,0
16.1354,3.36932,0
16.0875,3.49887,0
17.8622,1.85983,0
16.0557,3.4495,0
17.7895,2.00153,0
17.77,1.88662,0
17.4996,2.3023,0
16.2137,3.4261,0
17.7573,2.00841,0
17.805,2.00234,0
16.2573,3.41988,0
17.658,2.16657,0
16.2263,3.43417,0
17.5673,2.21912,0
17.6861,2.05101,0
17.5866,2.12858,0
17.6646,2.0301,0
17.9181,1.8915,0
16.0023,3.42798,0
17.7384,2.06089,0
16.1173,3.47512,0
17.5128,2.28381,0
17.6215,2.14206,0
16.1721,3.40328,0
17.5828,2.22561,0
17.5662,2.12422,0
17.7722,1.88717,0
16.0645,3.52267,0
17.7016,2.09183,0
17.7859,1.9818,0
16.099,3.48354,0
16.1719,3.4563,0
17.8466,1.91221,0
16.2026,3.39141,0
17.7387,1.97042,0
17.7938,1.87948,0
16.1917,3.37388,0
17.5015,2.26825,0
16.1447,3.36587,0
17.7023,2.07466,0
17.9044,1.88813,0
16.1481,3.35397,0
16.1931,3.46806,0
16.0924,3.57998,0
17.4905,2.29218,0
17.6911,2.09794,0
17.8774,1.97284,0
16.1162,3.51158,0
16.0605,3.43403,0
17.9199,1.88321,0
17.6164,2.19127,0
17.6973,2.16175,0
17.5087,2.22919,0
17.5828,2.12704,0
17.8424,1.83789,0
17.7596,1.94524,0
16.088,3.41195,0
17.6509,2.07597,0
17.8261,1.8877,0
17.5028,2.22598,0
17.8532,1.91077,0
16.2726,3.43539,0
16.156,3.54498,0
16.2151,3.48493,0
16.2349,3.47887,0
16.1231,3.57166,0
16.146,3.55407,0
16.2158,3.48844,0
17.8765,1.82232,0
16.1465,3.54538,0
17.9238,1.87699,0
17.9259,1.87925,0
17.5571,2.28949,0
16.1098,3.58345,0
17.5548,2.29096,0
17.8632,1.81595,0
17.9511,1.85943,0
16.242,3.50164,0
16.2319,3.50798,0
17.96,1.90321,0
17.9501,1.88212,0
16.145,3.56353,0
16.2277,3.5126,0
16.2358,3.51342,0
17.9526,1.9015,0
17.8594,1.79414,0
16.1699,3.55167,0
16.1646,3.56928,0
17.8816,1.82172,0
17.9353,1.86571,0
17.9067,1.84555,0
16.251,3.50212,0
16.262,3.46622,0
16.2281,3.51956,0
16.2862,3.44602,0
17.9586,1.88418,0
17.9098,1.84562,0
17.9189,1.85125,0
17.9606,1.88804,0
17.9778,1.89371,0
16.4184,3.50592,0
16.4183,3.47025,0
17.9702,1.70121,0
17.9743,1.6361,0
16.4272,3.49928,0
18.015,1.61543,0
17.9854,1.65438,0
17.969,1.67427,0
18.0224,1.61358,0
16.4249,3.49632,0
18.0186,1.60973,0
17.9466,1.69471,0
18.0226,1.61603,0
16.5072,3.42675,0
17.9021,1.75343,0
17.8774,1.74383,0
18.0232,1.63386,0
17.8787,1.7546,0
16.4205,3.48487,0
16.4182,3.47017,0
16.4388,3.49795,0
17.9761,1.6373,0
18.0252,1.6279,0
17.9504,1.72741,0
17.9459,1.72036,0
17.9388,1.68613,0
18.0141,1.51887,0
18.0413,1.53767,0
16.6823,3.26218,0
16.6139,3.35199,0
16.6459,3.3144,0
16.5027,3.49975,0
16.5103,3.49048,0
16.5964,3.37677,0
18.033,1.55654,0
18.0293,1.56776,0
16.6737,3.28116,0
16.5975,3.36898,0
17.3033,2.7883,0
17.3479,2.87455,0
17.9544,0.75902,0
17.164,2.87719,0
17.8887,0.69578,0
17.9394,0.82581,0
17.3094,2.86229,0
17.4553,2.40827,0
17.0499,2.92561,0
17.3706,2.84941,0
17.259,2.95277,0
17.8347,0.82216,0
17.9581,0.69697,0
17.298,2.9735,0
17.3244,2.91814,0
17.4482,2.40059,0
17.3598,2.73086,0
17.9573,0.76505,0
17.3185,3.00283,0
17.86,0.69529,0
17.4262,2.53537,0
17.3217,2.78789,0
17.4291,2.45851,0
17.1961,2.97466,0
17.8574,0.70388,0
17.9163,0.88684,0
17.8825,0.80782,0
17.9241,0.72404,0
17.2584,2.98335,0
17.4371,2.45557,0
17.3405,2.73274,0
17.3442,2.85901,0
17.3939,2.73315,0
17.4953,2.37047,0
17.3333,2.8894,0
17.2849,2.87478,0
17.2127,2.97896,0
17.9722,0.62532,0
17.0979,2.94617,0
17.1871,2.91387,0
17.3292,2.80956,0
17.3266,2.92168,0
17.9448,0.59043,0
17.3541,2.91412,0
17.3643,2.81966,0
17.8974,0.78559,0
17.4222,2.51446,0
17.4887,2.42122,0
17.1645,2.95219,0
17.9551,0.72176,0
17.3522,2.82197,0
17.884,0.58124,0
17.3932,2.69264,0
17.2773,2.91977,0
17.4416,2.56117,0
17.954,0.67931,0
17.9021,0.70391,0
17.9165,0.5816,0
17.4935,2.37066,0
17.8111,0.83277,0
17.3578,2.72355,0
17.4382,2.43241,0
17.3532,2.88977,0
17.3176,2.91116,0
17.8335,0.82712,0
17.2903,2.92507,0
17.8929,0.69404,0
17.8683,0.69685,0
17.2075,2.96974,0
17.2697,2.88188,0
17.9152,0.65981,0
17.3219,2.93904,0
17.9573,0.72971,0
17.3344,2.87453,0
17.8768,0.85014,0
17.8743,0.75024,0
17.1544,2.88226,0
17.9178,0.60859,0
17.8872,0.73094,0
17.5,2.34635,0
17.2139,2.96828,0
17.2879,2.93163,0
17.9377,0.75711,0
17.3401,2.76947,0
17.2333,2.91832,0
17.3099,2.96594,0
17.5008,2.35539,0
17.8942,0.70318,0
17.3085,2.82348,0
17.9368,0.59792,0
17.268,2.92923,0
17.8789,0.65384,0
17.3515,2.91928,0
17.9105,0.5801,0
17.3314,2.93302,0
17.9688,0.66013,0
17.8588,0.84559,0
17.3139,2.98057,0
17.9119,0.63122,0
17.1768,2.92763,0
17.96,0.62998,0
17.1406,2.9102,0
17.4272,2.50443,0
17.3802,2.69508,0
17.8822,0.70509,0
17.1368,2.92755,0
17.9361,0.67171,0
17.8745,0.78384,0
17.222,2.96847,0
17.2677,2.85933,0
17.0515,2.91934,0
17.352,2.74663,0
17.3362,2.94098,0
17.4582,2.42168,0
17.2323,2.95282,0
17.4369,2.50085,0
17.1568,2.93293,0
17.9602,0.69078,0
17.3022,2.96374,0
17.2501,2.96618,0
17.2604,2.88498,0
17.9324,0.62238,0
17.3666,2.80979,0
17.1495,2.90809,0
17.0986,2.87585,0
17.2998,2.96527,0
17.9665,0.65383,0
17.4496,2.40496,0
17.3292,2.86818,0
17.9167,0.72707,0
17.3407,2.7928,0
17.8673,0.72768,0
17.9706,0.73472,0
17.4088,2.71787,0
17.2619,2.88437,0
17.3392,2.85974,0
17.2392,2.91697,0
17.3766,2.75237,0
17.2815,2.94425,0
17.8649,0.73816,0
17.9107,0.61232,0
17.4385,2.52865,0
17.9449,0.80485,0
17.9738,0.66845,0
17.4548,2.46999,0
17.2053,2.91179,0
17.2717,2.89565,0
17.9424,0.61732,0
17.9185,0.63872,0
17.1863,2.8875,0
17.8823,0.73669,0
17.3639,2.66325,0
17.4187,2.57129,0
17.1385,2.94578,0
17.9524,0.80657,0
17.2657,2.88788,0
17.2425,2.98705,0
17.5027,2.38126,0
17.2552,2.86079,0
17.8921,0.72997,0
17.1194,2.91505,0
17.4613,2.45611,0
17.8644,0.73231,0
17.9015,0.67524,0
17.2833,2.81804,0
17.8392,0.79159,0
17.9728,0.70911,0
17.9018,0.65576,0
17.4718,2.45768,0
17.4552,2.54791,0
17.2924,2.92081,0
17.8786,0.62854,0
17.2104,2.90996,0
17.3388,2.71638,0
17.2169,2.89939,0
17.2917,2.96664,0
17.1354,2.92018,0
17.28,2.88655,0
17.8941,0.7735,0
17.9651,0.72752,0
17.4751,2.47974,0
17.1676,2.90339,0
17.1556,2.90333,0
17.288,2.81502,0
17.9034,0.74931,0
17.4738,2.43821,0
17.2177,2.95746,0
17.4303,2.59811,0
17.9111,0.69416,0
17.4848,2.37443,0
17.9525,0.61599,0
17.879,0.73605,0
17.8959,0.66153,0
17.4647,2.43299,0
17.314,2.83777,0
17.1827,2.91164,0
17.2581,2.97556,0
17.5785,2.47807,0
17.5104,2.78593,0
14.7348,2.36365,0
17.5388,2.5382,0
17.5545,2.38826,0
14.7056,2.3106,0
17.5254,2.45921,0
14.689,2.32997,0
17.8465,0.41987,0
17.6185,2.2643,0
14.8031,2.32615,0
17.5266,2.49588,0
17.9068,0.34876,0
17.5359,2.50297,0
17.5071,2.63591,0
17.5391,2.69539,0
17.4706,2.67332,0
14.6376,2.2821,0
17.5344,2.46501,0
17.5255,2.52177,0
17.4379,2.7663,0
17.8575,0.36353,0
14.7136,2.29275,0
14.8752,2.40037,0
17.4014,2.7822,0
17.4821,2.79497,0
17.4986,2.67921,0
14.5505,2.33444,0
17.5484,2.65317,0
17.8404,0.40026,0
14.3332,2.31681,0
17.601,2.39745,0
14.7466,2.32403,0
17.4988,2.45782,0
17.4786,2.571,0
17.567,2.3203,0
17.4804,2.54482,0
17.5599,2.50625,0
17.5623,2.46644,0
17.5097,2.66877,0
17.5495,2.62064,0
17.6093,2.25679,0
14.6917,2.29201,0
17.4587,2.75966,0
17.5622,2.46174,0
17.5762,2.30417,0
17.8215,0.45568,0
17.5381,2.60752,0
17.4864,2.77777,0
17.5299,2.50727,0
17.8415,0.33437,0
17.4459,2.60094,0
14.6739,2.34202,0
17.4438,2.72295,0
17.5253,2.36331,0
17.9072,0.39405,0
14.7212,2.32988,0
17.8207,0.3457,0
17.546,2.55552,0
17.812,0.33629,0
14.6717,2.29507,0
14.3882,2.31295,0
14.6692,2.30007,0
17.578,2.42134,0
17.4461,2.75462,0
17.8413,0.44041,0
17.529,2.69624,0
14.6375,2.28707,0
14.7338,2.31024,0
14.6066,2.30106,0
17.5366,2.62311,0
17.5317,2.70683,0
17.8235,0.37917,0
14.7542,2.34976,0
17.5494,2.29869,0
17.4385,2.73487,0
14.3993,2.31985,0
14.4171,2.31374,0
17.5884,2.46498,0
17.5011,2.7291,0
17.5389,2.36416,0
17.5826,2.52468,0
14.4757,2.30651,0
17.4796,2.70541,0
14.6358,2.36516,0
17.4791,2.78641,0
17.5551,2.44031,0
17.5562,2.6785,0
14.6565,2.33073,0
14.6044,2.32802,0
17.8932,0.39243,0
17.5079,2.46532,0
17.5598,2.36098,0
17.5577,2.59741,0
17.4745,2.53097,0
17.5957,2.33426,0
14.5845,2.33089,0
17.5283,2.45903,0
14.4853,2.32754,0
17.913,0.39425,0
14.7759,2.30566,0
17.5821,2.44676,0
17.4652,2.6276,0
14.5384,2.34521,0
17.6018,2.38947,0
14.71,2.36058,0
17.5624,2.61958,0
14.6104,2.30437,0
17.5159,2.44433,0
14.5512,2.35099,0
14.5802,2.32172,0
17.5403,2.78697,0
14.6356,2.32563,0
14.5535,2.2874,0
17.8321,0.46423,0
17.8964,0.44178,0
17.4998,2.42114,0
17.4664,2.52371,0
14.4026,2.3102,0
14.6275,2.34305,0
14.7975,2.34516,0
17.496,2.54553,0
17.4753,2.48837,0
17.5259,2.37081,0
17.5672,2.43436,0
17.5439,2.68335,0
17.5568,2.35582,0
14.756,2.30145,0
17.5747,2.51679,0
14.5807,2.35228,0
17.4344,2.68156,0
17.5013,2.80816,0
17.5577,2.42856,0
17.5474,2.58915,0
17.8508,0.45456,0
17.533,2.55216,0
17.8546,0.45127,0
17.8113,0.40265,0
17.4452,2.6121,0
17.5136,2.72305,0
17.4796,2.49025,0
17.5135,2.474,0
17.8107,0.33932,0
17.4533,2.61331,0
14.7209,2.29559,0
17.4998,2.73735,0
14.8218,2.38124,0
17.8934,0.35702,0
17.4377,2.77935,0
14.4981,2.34237,0
14.4796,2.32505,0
17.4384,2.76281,0
17.5064,2.48082,0
14.6571,2.30771,0
17.5816,2.45859,0
17.5452,2.34237,0
17.5181,2.73617,0
17.8177,0.4007,0
17.5309,2.52114,0
17.4582,2.60008,0
14.7744,2.31585,0
17.5761,2.54232,0
14.5143,2.34513,0
17.9052,0.40718,0
17.5558,2.32785,0
17.5242,2.72252,0
14.7758,2.35924,0
17.4515,2.66857,0
17.6205,2.24416,0
17.4595,2.78039,0
17.5364,2.64312,0
14.6459,2.30665,0
17.4961,2.48372,0
17.8904,0.38995,0
17.5131,2.73579,0
17.5203,2.33906,0
17.5399,2.54281,0
17.4722,2.79286,0
17.5439,2.72694,0
17.5193,2.78166,0
17.475,2.49638,0
14.5341,2.33341,0
14.5399,2.32519,0
14.6375,2.31085,0
17.5457,2.47624,0
17.5047,2.62161,0
14.5358,2.29663,0
14.5901,2.3277,0
17.4518,2.60189,0
17.6217,2.23537,0
14.6909,2.32915,0
17.4942,2.544,0
17.4895,2.66021,0
17.5692,2.30668,0
17.5543,2.31649,0
14.6052,2.35306,0
17.508,2.5154,0
14.595,2.30189,0
17.4723,2.62723,0
14.5885,2.28342,0
17.5363,2.6481,0
17.8295,0.46381,0
17.5805,2.32879,0
14.8169,2.33766,0
17.4844,2.80506,0
17.4097,2.76018,0
17.5051,2.53938,0
17.5093,2.80503,0
17.4669,2.69112,0
17.8681,0.44795,0
17.6131,2.578,0
17.6466,2.48525,0
14.5829,2.37355,0
14.9045,2.44721,0
14.7282,2.43109,0
14.0995,2.38482,0
17.7562,0.27865,0
17.5974,2.5795,0
14.4156,2.39579,0
14.8228,2.39581,0
14.5603,2.39807,0
14.6698,2.38595,0
14.4955,2.41085,0
14.3065,2.3754,0
17.5952,2.66028,0
17.7757,0.21284,0
14.5724,2.4287,0
17.7634,0.28866,0
14.2036,2.36239,0
14.1629,2.37841,0
14.5865,2.36983,0
14.7265,2.39782,0
14.6269,2.41632,0
17.6582,2.44244,0
17.6427,2.57703,0
14.274,2.40395,0
17.6396,2.23166,0
14.8489,2.40525,0
17.6776,2.19476,0
17.6176,2.36461,0
14.7249,2.42452,0
14.8729,2.43217,0
14.3346,2.36922,0
14.6275,2.38973,0
14.2081,2.34088,0
14.7969,2.42434,0
14.8424,2.43927,0
14.7613,2.40531,0
14.798,2.44845,0
17.806,0.21617,0
14.6948,2.38235,0
14.2467,2.3933,0
17.6538,2.42907,0
17.592,2.4751,0
14.2961,2.39922,0
17.5992,2.51366,0
14.4533,2.40784,0
17.6526,2.30304,0
14.2032,2.37036,0
17.6291,2.47565,0
17.5846,2.68567,0
14.5319,2.3983,0
14.5228,2.40785,0
14.3004,2.4017,0
14.6668,2.39918,0
17.5626,2.68259,0
14.8133,2.41068,0
14.3882,2.33356,0
14.5553,2.40754,0
17.8409,0.30172,0
14.534,2.38791,0
14.3668,2.39524,0
14.3963,2.35872,0
14.834,2.41327,0
14.2814,2.34238,0
17.6196,2.65539,0
14.3847,2.34075,0
17.8052,0.28678,0
14.3033,2.35224,0
14.8412,2.40817,0
17.6361,2.66526,0
14.5034,2.41869,0
17.7743,0.23165,0
17.6249,2.32779,0
14.7866,2.39294,0
14.5738,2.40538,0
14.6872,2.37793,0
14.088,2.38823,0
17.6594,2.33597,0
14.3726,2.34684,0
17.8064,0.31551,0
14.5879,2.39464,0
14.2378,2.33359,0
17.5788,2.60083,0
14.1725,2.37815,0
17.616,2.3237,0
14.9068,2.45985,0
17.8391,0.24338,0
17.6212,2.51638,0
17.6328,2.29022,0
14.4918,2.40065,0
14.0973,2.36655,0
14.3814,2.40928,0
14.1088,2.3832,0
14.4868,2.35492,0
17.7749,0.22187,0
15.0533,2.46895,0
14.226,2.34263,0
14.4971,2.38894,0
17.7614,0.26571,0
14.6524,2.4121,0
14.7589,2.4101,0
14.6565,2.38644,0
17.83,0.30097,0
14.5082,2.39438,0
14.5844,2.37421,0
17.5805,2.6485,0
14.0653,2.36983,0
17.6201,2.46965,0
14.3704,2.35293,0
14.8809,2.41567,0
17.635,2.66594,0
14.3409,2.39421,0
17.8356,0.30285,0
14.7521,2.39089,0
14.658,2.42619,0
14.5134,2.35655,0
17.5892,2.63284,0
14.9071,2.44389,0
15.0408,2.45202,0
14.4763,2.36262,0
14.1955,2.38786,0
14.8844,2.42174,0
17.6525,2.50561,0
14.6832,2.4341,0
14.5654,2.42351,0
17.817,0.24374,0
17.8308,0.26086,0
17.5932,2.694,0
17.7602,0.21643,0
17.6264,2.39209,0
17.6329,2.35772,0
17.5991,2.50371,0
17.6312,2.54428,0
17.6643,2.36607,0
14.284,2.39394,0
14.0885,2.37442,0
17.6081,2.6835,0
17.6433,2.49473,0
14.5483,2.37802,0
14.8135,2.40861,0
14.8468,2.43593,0
14.0763,2.38516,0
17.5885,2.50851,0
17.6262,2.68421,0
17.6703,2.20351,0
17.6173,2.58568,0
14.016,2.37701,0
14.6326,2.42253,0
17.5978,2.46352,0
17.6015,2.42805,0
14.2043,2.34622,0
14.2423,2.3328,0
14.3288,2.35538,0
14.5533,2.37779,0
14.7914,2.41232,0
14.5379,2.35344,0
14.4058,2.36167,0
14.2667,2.39969,0
14.2036,2.38611,0
17.6697,2.19191,0
17.643,2.42129,0
14.6451,2.4306,0
17.6628,2.25957,0
17.6108,2.6977,0
14.7037,2.43512,0
17.5895,2.55314,0
14.4533,2.38088,0
17.6255,2.26025,0
14.6412,2.37486,0
17.7619,0.30741,0
14.5649,2.42704,0
17.6168,2.32791,0
14.4752,2.37747,0
15.0444,2.46963,0
14.5087,2.40832,0
17.6175,2.32586,0
14.7975,2.42444,0
14.6114,2.39803,0
17.6331,2.47022,0
17.8307,0.26819,0
14.5205,2.42255,0
17.612,2.46497,0
14.2533,2.35477,0
14.4184,2.41545,0
17.7665,0.24652,0
17.6235,2.39969,0
17.6411,2.26131,0
14.3499,2.32557,0
14.7546,2.41808,0
14.0895,2.38722,0
17.7536,0.22064,0
14.7724,2.44318,0
17.7592,0.3029,0
14.5302,2.35877,0
17.64,2.56114,0
14.6142,2.4095,0
14.6929,2.42918,0
17.5906,2.67241,0
17.6261,2.46717,0
17.6198,2.50496,0
17.6418,2.22989,0
14.2605,2.34746,0
14.4061,2.41788,0
14.218,2.39431,0
14.3927,2.39958,0
17.7554,0.28346,0
14.3371,2.34626,0
17.5966,2.62633,0
14.5547,2.3843,0
17.6021,2.60059,0
14.5734,2.37997,0
17.7952,0.2578,0
14.1068,2.38551,0
16.9902,3.14449,0
16.9803,3.17128,0
17.1814,3.08042,0
17.1157,2.97564,0
17.0097,3.06902,0
17.0785,3.1967,0
17.0532,2.9392,0
17.1171,2.96584,0
18.0222,0.91569,0
17.146,2.98267,0
17.0537,2.93928,0
17.0829,3.06992,0
17.0304,3.06298,0
17.0939,3.21968,0
17.1104,2.97419,0
17.1519,2.99025,0
17.1728,3.0585,0
17.0173,2.97885,0
17.0471,3.01088,0
17.142,3.14044,0
17.0299,3.19815,0
17.2051,3.00709,0
17.9822,1.0371,0
17.0378,3.00807,0
17.0978,2.99417,0
17.1684,3.10832,0
17.1776,3.09484,0
17.0896,3.20276,0
17.1031,3.21651,0
17.088,3.22779,0
17.1065,3.11639,0
17.1844,2.981,0
17.1762,3.08275,0
18.0159,0.95604,0
17.0573,2.99485,0
18.0303,0.99786,0
17.0858,2.97511,0
17.1952,3.00931,0
17.1352,3.19151,0
16.9994,3.09127,0
17.0688,3.03578,0
18.0002,1.06346,0
17.1427,2.98229,0
18.0056,1.00749,0
17.0827,3.01845,0
17.0893,3.10182,0
17.0511,3.12919,0
17.0937,3.12878,0
17.1755,2.99393,0
17.0644,3.01529,0
18.017,0.95772,0
17.0507,3.18184,0
16.9781,3.13692,0
17.0181,3.15236,0
16.9738,3.16793,0
17.1958,3.02219,0
17.0997,2.97866,0
17.0582,3.14996,0
17.0648,2.94744,0
17.0424,3.07789,0
17.1747,3.08078,0
17.0514,2.96225,0
18.0488,0.93067,0
17.0416,2.99118,0
17.139,2.97199,0
17.0361,2.9719,0
17.9899,1.12056,0
17.9863,0.93627,0
17.0107,3.0219,0
17.0213,3.13537,0
17.0925,3.22378,0
17.1256,3.11577,0
17.1646,3.09464,0
18.0371,1.01617,0
18.0158,0.97814,0
17.1328,3.15129,0
17.173,3.054,0
17.1302,3.19057,0
17.0322,3.18432,0
17.0469,2.93882,0
16.9964,3.10351,0
17.1027,3.0718,0
18.0287,1.01069,0
17.0398,3.04221,0
17.1761,3.05224,0
17.1653,3.00657,0
17.1206,3.17462,0
17.0944,3.08797,0
17.1584,3.09803,0
17.1008,3.23474,0
17.1252,3.129,0
17.0135,3.16262,0
17.9885,1.06907,0
17.9886,1.01313,0
17.1267,3.02199,0
17.046,2.97683,0
17.0644,3.12086,0
17.1098,3.22807,0
17.1244,3.06925,0
17.0091,3.13063,0
16.9779,3.06674,0
17.1703,3.10288,0
17.0988,3.22608,0
16.934,3.14357,0
17.999,0.98368,0
17.0894,3.11891,0
17.1839,3.04934,0
18.0136,0.94288,0
17.0349,3.13048,0
16.9729,3.14533,0
18.0127,0.98224,0
17.05,2.99708,0
17.1212,3.09342,0
17.9872,0.94565,0
17.0858,3.17866,0
16.9719,3.10202,0
16.983,3.05567,0
16.983,3.09962,0
18.0082,0.96683,0
16.2966,3.51,0
17.8036,2.17716,0
17.8302,2.12172,0
17.7495,2.21563,0
17.7646,2.18268,0
17.7111,2.17212,0
17.8515,2.03002,0
17.8979,2.02011,0
16.29,3.48197,0
17.9182,2.0038,0
16.0696,3.60254,0
17.8855,2.11863,0
17.8323,2.17375,0
17.7594,2.21627,0
16.1303,3.57588,0
17.8702,2.05823,0
17.9145,2.07543,0
15.9986,3.5355,0
16.1486,3.62096,0
17.8387,2.12183,0
16.1521,3.60544,0
16.0104,3.53621,0
17.8371,2.06702,0
17.7157,2.21322,0
17.8716,2.0739,0
17.901,2.09175,0
15.9567,3.47144,0
16.2525,3.52763,0
17.7462,2.16042,0
16.0373,3.54722,0
17.7405,2.15987,0
16.0156,3.54809,0
17.9486,1.99627,0
15.2449,2.68065,0
17.9081,2.00823,0
17.7865,2.16391,0
17.8249,2.17824,0
17.8942,2.08548,0
16.2279,3.57023,0
17.7561,2.20949,0
17.8271,2.08739,0
17.7259,2.24723,0
16.0391,3.55026,0
17.8164,2.10724,0
17.7842,2.13369,0
17.8472,2.05008,0
17.7883,2.16734,0
17.6993,2.25993,0
17.9045,2.05638,0
17.9025,2.09474,0
16.3351,3.47529,0
16.1151,3.61319,0
15.997,3.50972,0
17.9063,2.02283,0
16.262,3.55098,0
17.7497,2.12266,0
16.2569,3.53903,0
17.7374,2.21761,0
17.8749,2.02615,0
16.339,3.47644,0
16.2015,3.58043,0
16.2227,3.5533,0
17.7426,2.12984,0
17.911,2.02013,0
17.8864,2.04926,0
16.2216,3.58081,0
17.8251,2.12221,0
16.0362,3.58586,0
17.8094,2.19469,0
16.2019,3.56873,0
16.2827,3.52802,0
17.871,2.12416,0
17.8368,2.08142,0
17.7428,2.21274,0
17.8354,2.06573,0
16.0757,3.62102,0
17.9742,2.03601,0
17.901,2.00322,0
15.9434,3.47245,0
16.066,3.61493,0
16.0526,3.56824,0
17.7861,2.1218,0
17.845,2.10855,0
17.9055,2.04959,0
16.2659,3.51249,0
16.0413,3.58175,0
17.6797,2.30826,0
17.8143,2.19296,0
17.8528,2.03447,0
16.0332,3.53469,0
17.7001,2.20591,0
17.681,2.21226,0
16.2019,3.5625,0
16.019,3.53878,0
17.9346,1.97097,0
17.6942,2.21256,0
16.1291,3.59054,0
16.2904,3.51117,0
16.0532,3.57625,0
16.2005,3.57109,0
17.8668,2.10983,0
17.868,2.03893,0
16.0607,3.58246,0
17.7274,2.26028,0
15.9547,3.43932,0
17.8407,2.0627,0
17.6998,2.17136,0
15.9741,3.46652,0
17.8195,2.13214,0
17.8508,2.11088,0
17.6868,2.27433,0
17.8208,2.16744,0
17.7577,2.11301,0
16.2633,3.51097,0
16.3156,3.47758,0
17.8532,2.14475,0
17.6892,2.22017,0
17.7233,2.22521,0
16.166,3.59693,0
17.8671,2.05636,0
17.9586,2.00385,0
15.9359,3.45188,0
16.1093,3.63115,0
17.895,2.10893,0
15.067,2.4808,0
16.1196,3.59985,0
16.0392,3.56016,0
16.1069,3.63323,0
17.8027,2.0821,0
17.9344,2.08709,0
16.3475,3.47082,0
17.9297,2.06461,0
17.7781,2.18445,0
17.9531,2.03975,0
15.9651,3.48764,0
17.7951,2.11424,0
17.9291,2.00218,0
17.7766,2.1374,0
16.1117,3.64776,0
18.0524,1.62085,0
18.0283,1.66092,0
16.6484,3.45003,0
16.6623,3.31198,0
16.5546,3.51786,0
18.0766,1.58938,0
16.6669,3.40856,0
16.6847,3.38366,0
17.9663,1.71636,0
16.558,3.49832,0
16.7098,3.31392,0
16.6077,3.45336,0
17.9491,1.77237,0
17.9228,1.81811,0
18.0664,1.58294,0
16.6841,3.37571,0
16.6193,3.37608,0
16.6661,3.39697,0
16.5308,3.49045,0
16.636,3.4064,0
17.9819,1.7112,0
16.562,3.45277,0
16.5245,3.49622,0
16.6983,3.31094,0
18.0797,1.59294,0
17.9361,1.79693,0
16.7042,3.31525,0
18.0488,1.65644,0
17.9616,1.73509,0
16.5679,3.44628,0
17.9998,1.69554,0
17.9933,1.68043,0
18.0199,1.69315,0
16.5567,3.44417,0
16.6052,3.44964,0
16.5645,3.52992,0
16.5783,3.43534,0
17.9468,1.75571,0
16.6754,3.40608,0
16.6012,3.40668,0
16.6986,3.3917,0
16.6113,3.44871,0
17.9458,1.73984,0
16.5916,3.4042,0
18.0074,1.67244,0
17.9599,1.75987,0
18.0497,1.60237,0
16.683,3.31992,0
16.6402,3.41512,0
16.643,3.39485,0
16.642,3.34044,0
17.9647,1.71406,0
16.5823,3.46854,0
16.6407,3.38521,0
16.7545,3.30375,0
16.5716,3.53865,0
16.7059,3.29236,0
17.9418,1.76,0
16.678,3.33057,0
18.0211,1.67422,0
18.0198,1.67917,0
16.6473,3.40079,0
16.591,3.53608,0
16.6782,3.32217,0
17.9969,1.69179,0
18.0182,1.65278,0
17.9933,1.72796,0
16.7032,3.37272,0
17.7991,2.24066,0
17.755,2.31469,0
17.8485,2.20286,0
15.3086,2.7634,0
15.9797,3.59042,0
15.8726,3.41849,0
15.4023,2.90263,0
17.716,2.29952,0
15.6906,3.20143,0
17.8337,2.17853,0
15.7082,3.29536,0
15.7243,3.27642,0
15.8211,3.41587,0
17.7852,2.25419,0
17.7966,2.28807,0
15.9706,3.5222,0
15.9308,3.52215,0
17.8275,2.19024,0
16.0578,3.62805,0
16.0372,3.67328,0
17.7489,2.25941,0
17.7472,2.27467,0
17.842,2.18655,0
15.8066,3.37084,0
17.749,2.29876,0
15.1648,2.59534,0
15.5632,3.06849,0
15.9287,3.55415,0
15.5455,3.03612,0
15.3354,2.79822,0
15.8385,3.41687,0
15.8917,3.43201,0
15.8767,3.46297,0
16.0304,3.59452,0
15.9036,3.51275,0
15.4985,3.02247,0
15.5198,3.05085,0
15.9121,3.48537,0
15.9553,3.53718,0
17.6997,2.34991,0
15.8429,3.41255,0
16.0375,3.61692,0
15.8758,3.51463,0
15.5403,3.02284,0
15.3317,2.79544,0
15.5391,3.03181,0
15.3572,2.81245,0
17.9018,2.19263,0
16.0312,3.58481,0
15.9588,3.60997,0
15.4898,2.99718,0
15.8741,3.42929,0
16.0492,3.60853,0
17.7743,2.27585,0
15.7085,3.29716,0
15.7954,3.33827,0
16.0461,3.64117,0
15.5773,3.13006,0
15.9774,3.56717,0
15.7467,3.32675,0
15.204,2.65308,0
15.3361,2.81341,0
15.9327,3.53896,0
15.1988,2.64161,0
15.448,2.93816,0
15.2899,2.73864,0
15.7197,3.31862,0
17.8856,2.20326,0
15.4215,2.9411,0
16.0716,3.6391,0
16.0117,3.59166,0
15.5043,2.9851,0
17.7411,2.28622,0
15.0991,2.52225,0
15.9341,3.55357,0
16.0667,3.64651,0
15.5846,3.12528,0
17.8061,2.22312,0
17.7629,2.3012,0
17.8362,2.24709,0
15.6506,3.21109,0
15.9968,3.59272,0
15.6582,3.17695,0
15.8665,3.45021,0
16.013,3.6469,0
15.486,2.99029,0
15.6653,3.18588,0
15.1217,2.54543,0
17.9189,2.1763,0
15.6881,3.23942,0
15.8861,3.44373,0
17.8493,2.19855,0
16.0157,3.59469,0
15.3632,2.84403,0
15.7084,3.28441,0
15.5782,3.07353,0
15.8573,3.49075,0
17.9339,2.1498,0
15.7434,3.32575,0
15.351,2.839,0
15.5916,3.14353,0
15.6957,3.23897,0
15.8159,3.35465,0
15.9203,3.50419,0
17.9205,2.17385,0
15.631,3.13906,0
17.8102,2.21727,0
15.3129,2.79458,0
15.843,3.41241,0
15.8582,3.41258,0
15.7709,3.36206,0
16.0476,3.65572,0
15.8281,3.4044,0
15.4601,2.97924,0
15.9944,3.65133,0
15.9201,3.50785,0
17.769,2.30322,0
17.7074,2.30035,0
15.4773,2.98469,0
17.8185,2.23797,0
17.6729,2.3652,0
16.0643,3.64575,0
15.472,2.95032,0
15.394,2.85918,0
16.02,3.67216,0
15.826,3.36826,0
15.6889,3.23206,0
15.6764,3.24926,0
17.695,2.35795,0
16.0065,3.62655,0
15.7325,3.25496,0
15.3315,2.80245,0
17.6956,2.35578,0
15.7778,3.38494,0
15.9381,3.47873,0
15.8382,3.43447,0
15.9102,3.54863,0
15.649,3.16334,0
15.8252,3.43687,0
15.8559,3.47324,0
17.7826,2.26514,0
15.5427,3.0564,0
15.9845,3.6407,0
15.9917,3.64223,0
15.9253,3.4723,0
15.9728,3.52198,0
15.6632,3.23717,0
15.8221,3.44419,0
15.8408,3.44545,0
17.6702,2.37278,0
15.0922,2.51292,0
15.5466,3.03037,0
17.7826,2.28567,0
15.5764,3.10047,0
15.8078,3.36996,0
15.7565,3.33788,0
15.9486,3.49152,0
17.7005,2.30121,0
15.8517,3.44904,0
15.643,3.20216,0
15.4953,2.98703,0
15.4928,2.99001,0
15.7036,3.2202,0
15.7071,3.288,0
17.8293,2.2651,0
15.6135,3.12194,0
17.7353,2.305,0
16.0237,3.62261,0
15.6551,3.23496,0
15.7404,3.29862,0
17.8704,2.17333,0
15.5715,3.084,0
15.5721,3.08658,0
15.9259,3.52161,0
17.8748,2.18067,0
16.0479,3.65739,0
15.7695,3.29449,0
15.6629,3.22069,0
16.0453,3.63162,0
15.7332,3.30789,0
15.5469,3.09489,0
15.6324,3.20678,0
17.6872,2.33931,0
15.884,3.51601,0
15.5462,3.0531,0
15.6549,3.15918,0
15.2266,2.6741,0
15.5168,3.05191,0
17.6858,2.3655,0
17.7677,2.30186,0
15.8564,3.48976,0
15.3595,2.83911,0
17.8481,2.25402,0
15.3003,2.77647,0
15.9724,3.632,0
17.8783,2.21,0
15.817,3.40908,0
17.6815,2.33222,0
15.2342,2.70125,0
15.2552,2.69857,0
16.001,3.62464,0
17.6643,2.38822,0
15.8608,3.46511,0
17.4336,2.91167,0
17.4342,2.96738,0
18.0004,0.69304,0
17.4273,2.88857,0
17.9771,0.85606,0
18.0321,0.6587,0
17.4104,2.81569,0
17.9901,0.72304,0
17.3908,2.81376,0
17.4022,2.89265,0
17.9897,0.76807,0
17.4436,2.93121,0
18.0079,0.64348,0
17.4138,2.9011,0
17.9498,0.85719,0
17.4053,3.00105,0
17.4508,2.86417,0
17.3705,3.0156,0
17.9722,0.77397,0
17.3824,2.95605,0
17.3164,3.01119,0
17.9465,0.84524,0
17.9955,0.70257,0
17.3761,2.86858,0
17.3815,2.92048,0
17.427,2.92935,0
17.9916,0.70408,0
17.4542,2.81266,0
17.4482,2.89478,0
18.0074,0.73141,0
17.3964,2.96066,0
17.3445,2.99977,0
18.0024,0.69802,0
17.4012,2.85428,0
17.3672,2.89053,0
17.9804,0.74319,0
17.364,2.90016,0
17.3879,2.91819,0
17.3453,3.00263,0
17.4237,2.92372,0
17.3498,2.94196,0
17.9782,0.84037,0
17.3827,2.97633,0
18.0283,0.63408,0
17.4306,2.8243,0
18.0111,0.74226,0
17.9821,0.73287,0
17.4512,2.85539,0
17.9555,0.8576,0
17.4003,2.98375,0
17.3633,2.9175,0
17.9666,0.82903,0
17.344,2.97439,0
17.4177,2.89309,0
17.4041,2.85067,0
17.3996,3.01546,0
18.0009,0.67262,0
17.4338,2.88873,0
17.4329,2.80427,0
17.4464,2.88596,0
18.0334,0.66049,0
17.9572,0.84783,0
17.3749,2.92934,0
17.4195,2.85211,0
17.3978,2.83461,0
17.9897,0.67604,0
17.4323,2.93137,0
17.3627,3.03091,0
17.4305,2.88852,0
17.9927,0.87643,0
17.2792,3.07468,0
18.0082,0.84023,0
17.2387,3.06187,0
17.251,3.02005,0
18.0169,0.74695,0
17.3007,3.02708,0
17.2668,3.04604,0
18.0468,0.79231,0
17.2339,3.0794,0
18.0089,0.86858,0
17.2878,3.05824,0
17.3168,3.12551,0
17.321,3.02322,0
18.0572,0.88034,0
17.2425,3.02571,0
18.063,0.78673,0
18.0066,0.87091,0
17.2329,3.09889,0
18.0823,0.79591,0
18.057,0.86553,0
17.3214,3.13758,0
17.2185,3.04822,0
18.0347,0.84261,0
17.284,3.09966,0
17.1935,3.07011,0
17.2282,3.07402,0
17.2507,3.09965,0
18.0643,0.85379,0
17.2927,3.10344,0
17.3009,3.12567,0
17.3056,3.03297,0
18.048,0.81891,0
17.2259,3.02368,0
17.2452,3.07675,0
17.3275,3.08051,0
18.0397,0.85331,0
18.01,0.84164,0
18.0129,0.87124,0
17.2891,3.07774,0
17.3342,3.03871,0
17.2541,3.08722,0
17.3141,3.10405,0
17.2962,3.07669,0
17.2214,3.04702,0
17.26,3.11901,0
18.0478,0.76443,0
17.2725,3.10322,0
17.2913,3.03778,0
18.0017,0.90086,0
18.0421,0.78377,0
17.3339,3.03049,0
18.0579,0.76732,0
18.0548,0.83007,0
18.0021,0.89775,0
17.3414,3.0507,0
17.2609,3.03579,0
17.245,3.02183,0
17.2222,3.11218,0
18.0394,0.8848,0
18.0498,0.87024,0
18.0563,0.84109,0
17.2048,3.04927,0
17.3186,3.06076,0
18.003,0.86096,0
18.0333,0.90502,0
18.0278,0.85298,0
16.9261,3.19892,0
18.0559,1.14005,0
16.9176,3.23532,0
18.0424,1.15767,0
17.0195,3.26577,0
16.8827,3.21632,0
17.0408,3.30581,0
16.8638,3.28401,0
18.0856,1.12824,0
18.0064,1.11092,0
17.0729,3.25192,0
17.0373,3.28434,0
17.0191,3.3503,0
18.0591,1.33709,0
16.9741,3.21883,0
16.9014,3.27021,0
17.0084,3.22333,0
18.0088,1.25461,0
18.1259,1.22089,0
18.0984,1.24528,0
16.862,3.26831,0
18.0508,1.34785,0
16.9389,3.21322,0
16.8937,3.23167,0
18.0226,1.3631,0
18,1.41379,0
16.953,3.18737,0
18.0526,1.19423,0
18.0186,1.38132,0
17.9946,1.21712,0
18.0172,1.09467,0
16.9439,3.31004,0
18.0134,1.30864,0
16.9015,3.26923,0
18.0495,1.25625,0
16.9331,3.30674,0
18.0151,1.29336,0
18.0992,1.1808,0
18.0975,1.19016,0
17.0615,3.26194,0
18.0337,1.19283,0
16.9754,3.25981,0
16.8805,3.26158,0
18.0719,1.30566,0
18.0364,1.23035,0
17.0168,3.31553,0
18.0191,1.27118,0
18.0493,1.28143,0
18.0326,1.24778,0
17.032,3.31923,0
16.8617,3.22536,0
16.8838,3.27294,0
18.0126,1.40166,0
18.0461,1.27992,0
18.1325,1.195,0
16.9721,3.23976,0
16.8755,3.27963,0
18.0668,1.24106,0
18.0564,1.30773,0
18.0776,1.29509,0
18.065,1.2701,0
16.9431,3.25319,0
18.0475,1.2512,0
18.0666,1.17231,0
16.9338,3.31969,0
16.9886,3.33169,0
16.8626,3.24055,0
16.9834,3.34728,0
18.0619,1.32405,0
16.9172,3.24968,0
18.017,1.27781,0
16.8615,3.27794,0
17.0241,3.27308,0
18.0172,1.40314,0
16.9896,3.2325,0
18.0555,1.35923,0
18.0623,1.17932,0
17.0347,3.27027,0
18.0879,1.19299,0
18.0487,1.18591,0
18.0863,1.27274,0
18.1184,1.18924,0
17.9932,1.2351,0
17.0135,3.21946,0
16.9996,3.32655,0
18.127,1.17901,0
16.934,3.33898,0
17.0272,3.25168,0
18.0359,1.14795,0
17.9542,1.2915,0
16.9533,3.27219,0
16.8346,3.28468,0
17.0356,3.24705,0
17.0286,3.22216,0
17.9966,1.33089,0
18.155,1.16234,0
16.9725,3.3224,0
18.0526,1.36814,0
16.9707,3.19838,0
18.0599,1.34575,0
18.0924,1.19163,0
18.0378,1.23783,0
16.9944,3.27731,0
17.0317,3.25202,0
16.8633,3.22574,0
18.0743,1.21461,0
18.0366,1.3742,0
17.9614,1.29184,0
16.9767,3.30862,0
18.0145,1.20945,0
16.9486,3.33791,0
17.015,3.31025,0
18.0503,1.35474,0
17.9586,1.31192,0
16.9235,3.19511,0
16.96,3.2646,0
16.8405,3.27663,0
18.0712,1.20779,0
16.9141,3.25154,0
18.0794,1.29024,0
18.0167,1.41622,0
16.9453,3.28932,0
16.9792,3.25047,0
16.8997,3.25653,0
17.0019,3.34565,0
16.9984,3.27502,0
17.0029,3.3245,0
16.8832,3.29267,0
16.995,3.35123,0
17.0426,3.23957,0
18.073,1.32632,0
18.0736,1.2403,0
18.0519,1.35505,0
16.957,3.30508,0
16.9397,3.19366,0
14.3624,2.50737,0
14.9925,2.50414,0
14.6514,2.54921,0
14.2981,2.53971,0
14.6923,2.56932,0
14.9704,2.63934,0
14.0513,2.77775,0
14.0494,2.69205,0
14.7169,2.49952,0
14.1881,2.70361,0
14.0462,2.67629,0
14.828,2.57913,0
15.044,2.73027,0
14.5641,2.82421,0
14.0189,2.48422,0
14.8123,2.53878,0
14.4578,2.50656,0
14.651,2.48385,0
14.2684,2.61132,0
14.4333,2.57097,0
14.325,2.64769,0
14.7346,2.51429,0
14.8486,2.54453,0
14.0963,2.84804,0
14.9725,2.49268,0
14.3928,2.84071,0
14.1534,2.50703,0
14.4527,2.43719,0
14.8309,2.66415,0
14.3372,2.81866,0
14.1359,2.59196,0
17.5393,-0.15113,0
14.0791,2.65289,0
14.1929,2.89441,0
14.3692,2.6439,0
14.2368,2.43232,0
14.4852,2.48516,0
14.7996,2.47426,0
14.1083,2.76557,0
14.515,2.52709,0
14.1953,2.82662,0
14.691,2.70075,0
14.0331,2.39623,0
14.5399,2.5149,0
14.464,2.72928,0
15.0928,2.65223,0
14.5966,2.51356,0
14.4706,2.72902,0
15.0645,2.70605,0
14.9057,2.70098,0
14.4663,2.48335,0
14.3757,2.84061,0
14.9804,2.54525,0
14.3859,2.66159,0
14.0437,2.45342,0
14.1281,2.87661,0
15.0912,2.56995,0
14.023,2.52823,0
14.9371,2.48722,0
14.0684,2.56164,0
14.6677,2.76759,0
14.2296,2.65732,0
14.4225,2.7192,0
14.033,2.41728,0
14.6524,2.50528,0
14.0701,2.87741,0
14.5757,2.70853,0
14.6479,2.79216,0
14.653,2.54497,0
14.4785,2.83319,0
14.0659,2.61575,0
14.9344,2.48311,0
17.5379,-0.19644,0
14.1019,2.49932,0
17.5724,-0.15591,0
14.0789,2.90279,0
14.1868,2.83873,0
14.1543,2.48865,0
14.149,2.84948,0
14.1572,2.48181,0
13.9994,2.40596,0
14.0687,2.47615,0
14.0706,2.86433,0
14.7434,2.45255,0
14.332,2.64407,0
14.0709,2.82026,0
14.2452,2.66605,0
14.0761,2.81816,0
14.4975,2.62953,0
14.7973,2.76539,0
14.2916,2.84457,0
14.7791,2.67349,0
14.1258,2.45299,0
14.1778,2.67289,0
14.4876,2.4432,0
15.0681,2.52375,0
14.2572,2.74244,0
14.8799,2.54919,0
14.0895,2.7931,0
14.3875,2.4334,0
14.2939,2.63402,0
14.5793,2.65385,0
14.5359,2.67355,0
14.1985,2.59149,0
14.2483,2.58122,0
14.3477,2.78314,0
14.1524,2.6459,0
14.4215,2.84405,0
14.6259,2.54757,0
14.3523,2.73741,0
14.3703,2.6861,0
14.7795,2.6043,0
14.7712,2.61937,0
14.4384,2.81625,0
14.7971,2.48576,0
14.3387,2.60795,0
14.4966,2.58962,0
14.2707,2.87906,0
14.0624,2.86679,0
14.8978,2.74138,0
14.4348,2.59704,0
14.373,2.71072,0
14.4926,2.60441,0
14.2659,2.83111,0
14.3866,2.64288,0
14.4376,2.44669,0
17.9251,2.23421,0
14.8212,2.64744,0
14.1492,2.76279,0
14.0853,2.45881,0
14.084,2.42052,0
14.8316,2.59717,0
14.66,2.67916,0
14.0734,2.79905,0
14.7475,2.66316,0
14.1077,2.62906,0
14.501,2.84177,0
14.6711,2.60588,0
14.6349,2.50209,0
14.103,2.6911,0
14.5477,2.72493,0
13.9943,2.45193,0
14.9447,2.59946,0
14.1174,2.6048,0
14.5273,2.436,0
14.6841,2.79063,0
14.1332,2.76832,0
14.1275,2.83808,0
14.4673,2.56988,0
14.2903,2.64657,0
13.9966,2.48618,0
14.6154,2.68741,0
14.1974,2.75757,0
14.3594,2.66835,0
14.3963,2.42452,0
14.1762,2.40181,0
14.1793,2.6285,0
14.7387,2.63779,0
14.2315,2.57318,0
14.8812,2.68403,0
14.1327,2.82632,0
15.1634,2.62564,0
14.16,2.40313,0
14.5794,2.45515,0
14.1464,2.54373,0
17.6047,-0.00504,0
14.8024,2.47231,0
14.2235,2.49016,0
14.8826,2.49241,0
14.8553,2.61649,0
14.6264,2.7056,0
14.5041,2.8343,0
15.1234,2.61932,0
14.9755,2.66725,0
14.3086,2.65822,0
14.8403,2.55311,0
14.9671,2.53749,0
14.1205,2.41866,0
14.766,2.57838,0
14.0167,2.42414,0
14.2022,2.59387,0
14.4782,2.61102,0
14.0839,2.89985,0
14.4471,2.56294,0
14.907,2.71868,0
14.9288,2.4821,0
14.9533,2.68306,0
14.2196,2.68025,0
14.4152,2.73906,0
14.3426,2.61565,0
14.9206,2.50385,0
14.2329,2.58837,0
14.2286,2.88473,0
17.6085,-0.01071,0
15.1607,2.62745,0
14.9005,2.7206,0
14.7738,2.62408,0
14.3029,2.49879,0
14.9922,2.49739,0
14.4601,2.82226,0
15.0279,2.73397,0
14.1763,2.70815,0
14.0777,2.9029,0
14.0851,2.41359,0
15.17,2.63934,0
14.7785,2.62161,0
15.1212,2.69401,0
17.5614,-0.20364,0
17.5497,-0.15581,0
14.5125,2.4672,0
17.4943,-0.21537,0
14.5378,2.5376,0
14.9074,2.68444,0
14.2218,2.80258,0
14.3308,2.43686,0
14.1562,2.71947,0
14.4707,2.7867,0
14.1097,2.83624,0
14.1797,2.76036,0
14.6325,2.72421,0
14.4151,2.70015,0
14.2342,2.56864,0
14.1288,2.62006,0
14.1063,2.79049,0
14.3271,2.50938,0
14.2509,2.68281,0
14.6142,2.50346,0
14.0657,2.58826,0
14.6349,2.66908,0
14.2138,2.52861,0
14.2239,2.51087,0
14.918,2.5807,0
14.1044,2.73754,0
14.8429,2.54954,0
14.2321,2.73915,0
14.7651,2.78289,0
14.5563,2.79508,0
14.7315,2.7646,0
14.7651,2.48535,0
14.5719,2.74394,0
14.7208,2.70406,0
14.8764,2.75942,0
14.1265,2.42247,0
14.9702,2.52706,0
14.2281,2.44161,0
14.2531,2.78754,0
14.6372,2.59181,0
14.0315,2.45125,0
14.2398,2.66608,0
15.1508,2.63731,0
14.3938,2.63709,0
14.263,2.59697,0
14.8583,2.70749,0
14.7728,2.61238,0
14.8729,2.55197,0
14.6446,2.45836,0
14.8246,2.69409,0
14.3021,2.53659,0
14.024,2.61369,0
14.4626,2.53074,0
14.6756,2.45048,0
14.1809,2.76646,0
14.7138,2.75792,0
14.3946,2.77182,0
14.6482,2.61176,0
14.3944,2.47557,0
14.0499,2.55642,0
17.9763,2.22621,0
14.3544,2.51655,0
14.1414,2.60664,0
14.4451,2.52229,0
14.8138,2.55811,0
14.2137,2.77601,0
14.359,2.72753,0
14.5711,2.56974,0
14.2698,2.64586,0
14.3126,2.83581,0
14.3304,2.44795,0
14.0486,2.45506,0
14.569,2.6108,0
17.5437,-0.08533,0
14.074,2.69158,0
14.0766,2.59064,0
14.8777,2.59985,0
14.2523,2.40832,0
14.4935,2.83214,0
14.324,2.73451,0
14.9765,2.61814,0
14.373,2.70597,0
14.0553,2.69849,0
17.4822,-0.18411,0
14.7528,2.52244,0
14.0885,2.5984,0
14.5866,2.77802,0
14.5772,2.59417,0
14.1121,2.83303,0
14.3426,2.5839,0
17.9903,2.20458,0
14.6401,2.6807,0
14.566,2.69141,0
14.6758,2.79955,0
14.4915,2.47642,0
14.8616,2.54411,0
14.4871,2.48729,0
14.2229,2.46018,0
14.2233,2.75661,0
14.2312,2.84149,0
14.9011,2.62089,0
15.0692,2.57642,0
14.4244,2.44668,0
14.8721,2.64096,0
14.9074,2.68376,0
14.3466,2.48337,0
14.4867,2.63584,0
14.8782,2.70757,0
14.9791,2.67426,0
17.9851,2.21757,0
14.1346,2.71204,0
14.393,2.81054,0
14.0939,2.45919,0
14.7644,2.49232,0
14.2554,2.57985,0
14.6192,2.79939,0
14.573,2.48851,0
14.9548,2.71485,0
17.5816,-0.16296,0
14.0714,2.75414,0
15.0345,2.49995,0
14.6278,2.49387,0
14.5262,2.4405,0
14.1337,2.4546,0
14.355,2.60186,0
14.7964,2.7765,0
14.5812,2.43873,0
17.5741,-0.0686,0
14.8511,2.50861,0
14.8619,2.53484,0
14.2752,2.6658,0
17.9568,1.96322,0
14.3349,2.57122,0
14.629,2.46682,0
14.9438,2.68662,0
14.1222,2.61883,0
14.3624,2.59311,0
14.6744,2.71628,0
14.3744,2.75903,0
14.2551,2.52647,0
14.7821,2.73059,0
15.0818,2.56281,0
14.095,2.58836,0
14.0174,2.45061,0
14.8007,2.5322,0
14.8526,2.48616,0
14.713,2.44975,0
14.75,2.74486,0
14.4133,2.47796,0
14.738,2.7747,0
14.382,2.46778,0
15.133,2.62284,0
15.0287,2.70293,0
14.1917,2.42113,0
14.0535,2.42333,0
14.4161,2.7481,0
14.8456,2.48556,0
14.1118,2.7742,0
14.32,2.53942,0
15.1707,2.69424,0
14.2697,2.53782,0
14.4536,2.43388,0
14.519,2.45149,0
14.1689,2.52716,0
14.5916,2.70439,0
15.0666,2.72543,0
14.0132,2.38646,0
15.0584,2.69294,0
15.0333,2.48502,0
14.1615,2.80233,0
14.9859,2.53158,0
14.8162,2.73793,0
17.955,1.97309,0
14.4539,2.53106,0
14.115,2.63217,0
14.7239,2.74455,0
14.5514,2.77593,0
14.2755,2.62383,0
14.4891,2.53211,0
14.5142,2.70961,0
14.8815,2.74082,0
14.7748,2.75711,0
15.0915,2.54799,0
14.7623,2.6223,0
14.2634,2.76642,0
14.7855,2.77887,0
14.0494,2.58103,0
15.0718,2.66281,0
14.7227,2.61161,0
14.642,2.65749,0
14.1094,2.50409,0
14.2279,2.88582,0
14.3067,2.43675,0
13.9869,2.43669,0
14.7791,2.61842,0
14.4051,2.56077,0
14.1616,2.54255,0
14.5116,2.48558,0
14.8685,2.68924,0
14.6288,2.61082,0
14.4324,2.43236,0
14.9292,2.73695,0
14.1844,2.73103,0
14.0982,2.74127,0
14.7102,2.69398,0
17.5872,-0.07203,0
14.7046,2.68381,0
14.5336,2.44773,0
15.1057,2.65895,0
14.4718,2.75784,0
14.175,2.41048,0
14.0848,2.79881,0
14.2641,2.79301,0
14.6967,2.6226,0
14.5144,2.48785,0
14.0311,2.61058,0
14.5586,2.68635,0
14.472,2.70273,0
15.2101,2.67724,0
14.7526,2.5611,0
14.3035,2.66914,0
14.3482,2.44018,0
14.4391,2.71757,0
15.1355,2.66571,0
14.1698,2.50081,0
14.8422,2.50653,0
14.7279,2.67703,0
14.7197,2.78158,0
14.5001,2.42849,0
14.2019,2.47329,0
14.3037,2.65804,0
14.3997,2.48514,0
14.9366,2.73022,0
17.45,-0.2134,0
13.9912,2.40286,0
15.0321,2.70457,0
14.0399,2.61868,0
17.6078,-0.025,0
14.6273,2.4649,0
14.2507,2.62211,0
14.5516,2.56531,0
14.4342,2.81179,0
14.2731,2.61047,0
14.9705,2.62698,0
14.7138,2.73803,0
14.5988,2.4648,0
17.5906,-0.1164,0
14.3204,2.55858,0
17.6138,-0.01496,0
14.5547,2.43174,0
14.5478,2.70684,0
14.7591,2.62639,0
14.1418,2.55824,0
14.3545,2.79314,0
14.6343,2.52644,0
14.5408,2.61858,0
14.3275,2.55247,0
15.0106,2.61952,0
17.5854,-0.10827,0
14.8657,2.71093,0
14.1945,2.72318,0
14.5109,2.77846,0
14.1253,2.69809,0
17.4987,-0.14235,0
14.6075,2.55505,0
14.0945,2.53764,0
14.4247,2.45178,0
15.1483,2.70615,0
15.0254,2.57286,0
14.4992,2.76162,0
14.1974,2.74716,0
14.4653,2.64497,0
14.77,2.68014,0
14.5592,2.65599,0
14.0778,2.54066,0
14.1021,2.78524,0
14.251,2.49233,0
15.0432,2.69542,0
14.3938,2.57175,0
14.4728,2.66516,0
14.1126,2.48961,0
17.5566,-0.1459,0
14.8778,2.50063,0
14.1118,2.62554,0
14.9051,2.49682,0
14.7232,2.75915,0
14.2048,2.82152,0
14.116,2.77302,0
14.0226,2.52339,0
14.4257,2.79317,0
14.2858,2.79234,0
15.0119,2.5545,0
14.8118,2.67622,0
17.4695,-0.21682,0
14.8369,2.7104,0
14.4217,2.70521,0
14.1376,2.66391,0
17.5466,-0.12751,0
14.6289,2.74659,0
14.8984,2.50351,0
14.505,2.69134,0
14.2999,2.60552,0
14.4825,2.74239,0
14.5168,2.64966,0
14.9375,2.47604,0
14.8562,2.48326,0
17.9809,2.05689,0
14.7353,2.63002,0
14.0638,2.5883,0
14.0371,2.46696,0
14.9202,2.73748,0
14.2157,2.87518,0
14.6532,2.51096,0
14.0533,2.53763,0
14.261,2.63419,0
14.0455,2.75389,0
14.6583,2.51454,0
14.6194,2.44304,0
17.9647,2.20479,0
14.5325,2.51996,0
14.8776,2.74641,0
15.0427,2.58222,0
14.3713,2.49764,0
14.0706,2.47559,0
14.0191,2.57845,0
14.1037,2.64868,0
14.8319,2.69405,0
14.0567,2.40982,0
14.8616,2.49164,0
14.2282,2.55356,0
14.5822,2.62707,0
14.1573,2.56962,0
14.2023,2.77412,0
14.2561,2.5593,0
14.5352,2.83391,0
14.4346,2.73638,0
14.1221,2.65614,0
14.1337,2.51751,0
14.5646,2.58232,0
14.6566,2.6044,0
14.4974,2.6829,0
15.1163,2.57655,0
14.1976,2.74991,0
14.6769,2.79953,0
14.8921,2.65865,0
14.8239,2.56526,0
15.0055,2.69428,0
14.3451,2.86707,0
15.1147,2.62816,0
14.4935,2.65694,0
14.0516,2.6945,0
14.8724,2.67593,0
14.7905,2.60333,0
14.2764,2.63503,0
14.73,2.73034,0
14.405,2.63072,0
14.0722,2.46412,0
14.2493,2.70872,0
14.898,2.6543,0
15.0438,2.74631,0
14.6159,2.74521,0
14.9664,2.7019,0
15.0284,2.68292,0
15.0107,2.72123,0
14.7391,2.56003,0
14.6061,2.6106,0
15.0485,2.50422,0
14.3962,2.5197,0
14.7504,2.79524,0
14.1941,2.78555,0
14.0994,2.65025,0
14.6014,2.57872,0
14.5543,2.49864,0
17.5417,-0.06372,0
14.5471,2.62938,0
14.2114,2.51466,0
14.5217,2.59851,0
15.0592,2.70864,0
14.3875,2.84408,0
14.5711,2.76639,0
14.9727,2.71782,0
14.1502,2.53425,0
14.5881,2.70254,0
14.0457,2.62076,0
14.3356,2.42753,0
14.511,2.81597,0
14.5682,2.47791,0
14.2582,2.53989,0
14.9163,2.55102,0
14.6801,2.74366,0
14.9334,2.476,0
15.1443,2.66605,0
14.2134,2.87079,0
14.6261,2.51171,0
14.3152,2.44804,0
14.6366,2.65625,0
14.5106,2.66524,0
14.424,2.78278,0
14.8395,2.64673,0
14.137,2.42698,0
14.199,2.72354,0
14.6602,2.745,0
14.761,2.6006,0
14.9653,2.53145,0
17.4402,-0.20394,0
14.129,2.81898,0
14.0511,2.46487,0
17.4825,-0.19139,0
15.0631,2.58456,0
14.3062,2.47386,0
14.0803,2.63381,0
14.3565,2.66716,0
14.7237,2.79908,0
14.3274,2.44128,0
14.9076,2.47187,0
14.8219,2.56481,0
14.5916,2.75679,0
14.583,2.5427,0
14.193,2.87765,0
14.0717,2.81535,0
17.9494,1.94838,0
14.1678,2.70265,0
14.8211,2.75263,0
14.254,2.7204,0
17.4926,-0.20786,0
14.5391,2.49138,0
14.4595,2.58845,0
14.6471,2.53238,0
14.5956,2.66738,0
14.1519,2.44612,0
14.3665,2.48881,0
15.0562,2.60874,0
14.0121,2.58131,0
15.023,2.53596,0
14.2855,2.44881,0
14.2175,2.80845,0
14.1634,2.88521,0
14.7488,2.57697,0
14.711,2.61664,0
14.0105,2.48828,0
14.272,2.76871,0
14.4135,2.57456,0
17.9867,2.20185,0
14.2111,2.71043,0
14.541,2.57794,0
17.9968,2.19081,0
14.8815,2.66296,0
14.7408,2.58226,0
15.0004,2.70407,0
14.6956,2.62261,0
14.9979,2.53113,0
14.1799,2.5151,0
14.1167,2.83927,0
14.2306,2.64401,0
14.8529,2.72413,0
14.1228,2.54471,0
14.3956,2.72365,0
14.3345,2.49525,0
14.4235,2.49656,0
14.361,2.59928,0
15.0145,2.55152,0
14.5345,2.7864,0
14.7772,2.65133,0
14.3322,2.87081,0
14.8821,2.74975,0
14.3199,2.69559,0
14.1485,2.85591,0
14.8236,2.67085,0
14.248,2.65155,0
15.1766,2.64143,0
14.4744,2.72313,0
14.7165,2.53221,0
14.6917,2.61986,0
14.3319,2.85798,0
17.4803,-0.21299,0
14.3327,2.46745,0
14.9148,2.70836,0
14.2176,2.60115,0
14.6302,2.43919,0
14.8428,2.73912,0
17.5484,-0.0576,0
14.6427,2.67356,0
14.6652,2.66695,0
14.5537,2.67171,0
14.5945,2.49046,0
14.0553,2.58652,0
14.5794,2.63229,0
14.5371,2.65194,0
14.1469,2.63024,0
14.24,2.73543,0
14.1996,2.84997,0
17.6088,-0.00202,0
14.5002,2.70168,0
14.8015,2.75284,0
14.5174,2.69424,0
14.9177,2.52311,0
14.3441,2.63321,0
14.2954,2.83597,0
14.1241,2.54906,0
14.9739,2.50163,0
14.2615,2.84391,0
14.305,2.80102,0
14.6322,2.62729,0
14.3259,2.48185,0
14.4868,2.83893,0
14.3192,2.78376,0
14.1975,2.76434,0
14.6812,2.54629,0
14.2514,2.86567,0
14.1918,2.88862,0
14.8799,2.50876,0
14.744,2.67402,0
14.3825,2.67954,0
14.1754,2.74968,0
14.0217,2.50133,0
14.5301,2.59816,0
14.9386,2.50255,0
14.8623,2.74145,0
14.2353,2.83027,0
14.529,2.67972,0
14.2132,2.54054,0
17.5657,-0.1585,0
15.0427,2.56285,0
15.0123,2.52452,0
14.6491,2.63777,0
14.7591,2.59127,0
15.0662,2.69726,0
14.8286,2.61041,0
14.0884,2.86754,0
14.8547,2.67608,0
14.4772,2.74336,0
15.0433,2.71003,0
14.1089,2.74186,0
14.4501,2.43797,0
15.1537,2.63312,0
14.4894,2.60274,0
14.7055,2.70714,0
14.2381,2.52013,0
14.3614,2.64301,0
14.2865,2.8533,0
14.6584,2.73567,0
15.1849,2.7195,0
14.6468,2.56545,0
14.1072,2.91038,0
14.6183,2.63324,0
17.5091,-0.15111,0
14.167,2.78043,0
17.9455,2.08222,0
14.8486,2.55137,0
14.4124,2.54833,0
14.7211,2.66929,0
14.1929,2.87884,0
14.3379,2.7651,0
15.1144,2.71397,0
14.8418,2.77632,0
14.2247,2.44329,0
14.512,2.54531,0
14.4291,2.69181,0
14.6774,2.72891,0
14.1133,2.41918,0
14.1342,2.73276,0
14.8746,2.52484,0
14.4233,2.76738,0
14.4363,2.48563,0
14.7099,2.4596,0
14.7121,2.55773,0
14.2544,2.64471,0
14.4388,2.77663,0
14.233,2.78618,0
14.4742,2.79056,0
14.3135,2.45541,0
14.4686,2.6775,0
14.8675,2.57252,0
15.1554,2.65266,0
14.6804,2.62256,0
14.5455,2.5623,0
14.9126,2.52628,0
17.5562,-0.22407,0
14.6135,2.48038,0
14.378,2.75905,0
14.594,2.76952,0
14.691,2.50559,0
14.6512,2.58844,0
17.9559,1.98259,0
14.4733,2.62672,0
14.835,2.69532,0
14.6799,2.80573,0
14.0081,2.44968,0
14.7621,2.72672,0
14.1481,2.78949,0
14.6432,2.60854,0
14.388,2.75768,0
14.4448,2.7831,0
14.4352,2.75312,0
14.1049,2.87402,0
14.4722,2.84573,0
14.2404,2.40468,0
14.0467,2.54516,0
14.3274,2.78543,0
14.8847,2.6182,0
14.3413,2.62659,0
15.034,2.7173,0
14.623,2.44729,0
14.037,2.50707,0
14.8504,2.56167,0
14.6362,2.53531,0
14.2177,2.44223,0
17.9812,2.12246,0
14.0679,2.76253,0
14.1984,2.85535,0
14.9108,2.53081,0
14.9437,2.64831,0
14.2434,2.4146,0
14.2515,2.72865,0
14.6867,2.52758,0
14.6098,2.69829,0
14.2984,2.51437,0
15.0721,2.6134,0
14.8094,2.67245,0
17.5556,-0.15416,0
13.9934,2.43684,0
14.4753,2.42558,0
17.6176,0.03804,0
14.7778,2.78663,0
14.1275,2.75751,0
14.4451,2.68269,0
14.8428,2.4722,0
15.0635,2.70751,0
14.7803,2.6446,0
15.0384,2.65204,0
14.9512,2.62564,0
14.2603,2.66229,0
14.6148,2.71615,0
14.5113,2.56973,0
14.7363,2.78252,0
14.7598,2.49653,0
14.7246,2.46004,0
15.0898,2.69859,0
14.0376,2.62423,0
14.1024,2.80975,0
14.8972,2.48545,0
14.2249,2.57562,0
14.7038,2.51514,0
14.0326,2.47413,0
14.4624,2.81349,0
14.37,2.74502,0
15.0185,2.69907,0
15.086,2.67775,0
14.7661,2.75775,0
14.965,2.74122,0
14.7881,2.75669,0
14.0778,2.81821,0
14.363,2.60271,0
14.598,2.63226,0
14.7638,2.77082,0
14.5974,2.77613,0
14.6189,2.77724,0
14.6383,2.66545,0
14.1136,2.42857,0
14.2338,2.86938,0
14.7236,2.58038,0
14.5367,2.67587,0
14.4245,2.42726,0
14.034,2.64456,0
14.3603,2.65209,0
14.4572,2.46251,0
14.5468,2.54505,0
14.3237,2.79958,0
14.9419,2.71943,0
17.5423,-0.12972,0
14.7724,2.55711,0
14.2082,2.54438,0
14.1153,2.67249,0
14.6897,2.60792,0
14.6622,2.47699,0
15.2341,2.70475,0
14.0904,2.81744,0
14.7959,2.76987,0
14.3821,2.55977,0
14.3853,2.68393,0
14.2743,2.7572,0
14.3552,2.5192,0
14.4292,2.76277,0
14.1071,2.62088,0
14.649,2.73146,0
14.8048,2.70602,0
14.4845,2.52631,0
14.5613,2.57199,0
14.9448,2.72152,0
14.5289,2.77032,0
14.1602,2.45374,0
14.7296,2.6183,0
14.2915,2.60239,0
14.9201,2.6404,0
14.2464,2.56578,0
14.1053,2.80153,0
14.4983,2.52642,0
17.9292,2.2127,0
14.9377,2.61653,0
14.0566,2.56796,0
14.5102,2.69015,0
14.2696,2.54333,0
14.6135,2.44642,0
14.7433,2.61311,0
17.9438,2.08875,0
14.1458,2.55761,0
14.4361,2.58639,0
14.3006,2.73831,0
17.4713,-0.18544,0
14.3742,2.78156,0
17.56,-0.08516,0
14.2658,2.45443,0
17.9006,2.22541,0
14.6751,2.59054,0
14.8536,2.57815,0
14.7395,2.54663,0
14.1277,2.76021,0
14.7297,2.57714,0
14.4758,2.56759,0
17.9811,2.0673,0
14.8702,2.74429,0
14.5651,2.58424,0
14.6681,2.6352,0
14.6875,2.79803,0
15.0506,2.52962,0
14.4038,2.65751,0
14.9448,2.75715,0
14.7352,2.71082,0
14.2373,2.57166,0
14.0591,2.82918,0
14.3266,2.71849,0
15.1023,2.58689,0
14.6064,2.59502,0
14.5539,2.63998,0
15.0937,2.58631,0
14.8974,2.71775,0
14.2284,2.63589,0
14.9332,2.71083,0
14.7893,2.75853,0
14.2063,2.83473,0
17.6984,2.41857,0
17.664,2.5574,0
17.925,0.40148,0
17.6493,2.81249,0
17.6049,2.77388,0
17.6468,2.71739,0
17.589,2.77352,0
17.9315,0.53534,0
17.6296,2.83457,0
17.6647,2.56367,0
17.5966,2.80235,0
17.7091,2.37655,0
17.6456,2.82194,0
17.5754,2.73332,0
17.5423,2.82106,0
17.6599,2.54069,0
17.6487,2.68968,0
17.6641,2.55414,0
17.623,2.79628,0
17.7088,2.38133,0
17.9056,0.46383,0
17.9248,0.51188,0
17.6617,2.61061,0
17.576,2.72686,0
17.9377,0.58429,0
17.5575,2.80333,0
17.9085,0.5675,0
17.6679,2.45717,0
17.6551,2.66806,0
17.8945,0.55162,0
17.9118,0.4717,0
17.5795,2.70604,0
17.679,2.47478,0
17.6885,2.39173,0
17.914,0.45271,0
17.6841,2.59604,0
17.6341,2.72538,0
17.5521,2.81488,0
17.6388,2.67721,0
17.6956,2.37762,0
17.67,2.60785,0
17.6883,2.40698,0
17.6869,2.39721,0
17.6651,2.6126,0
17.4821,2.8189,0
17.6542,2.62924,0
17.6625,2.45723,0
17.6665,2.71281,0
17.6833,2.54998,0
17.5484,2.77071,0
17.6647,2.75873,0
17.5757,2.8043,0
17.938,0.5305,0
17.9416,0.41341,0
17.6452,2.74386,0
17.6875,2.50091,0
17.5657,2.70958,0
13.9653,2.38285,0
17.5741,2.78922,0
17.6466,2.84144,0
17.9565,0.43739,0
17.6182,2.81034,0
17.5866,2.73623,0
17.9318,0.42155,0
17.668,2.54204,0
17.4984,2.82261,0
17.577,2.81751,0
17.9274,0.41497,0
17.5827,2.79503,0
17.5959,2.78799,0
17.9228,0.37138,0
17.6132,2.77479,0
17.9072,0.54694,0
17.6043,2.79933,0
17.6421,2.6653,0
17.7147,2.38558,0
17.6513,2.56043,0
17.9178,0.56629,0
17.8995,0.56437,0
17.6463,2.58858,0
17.6993,2.51219,0
17.6012,2.76153,0
17.9222,0.40796,0
17.5294,2.82282,0
17.6512,2.60851,0
17.6928,2.51386,0
17.5615,2.74112,0
17.9019,0.4844,0
17.4814,2.92824,0
17.513,2.84674,0
17.9443,0.54974,0
17.4877,2.93822,0
17.9717,0.57869,0
17.4922,2.89969,0
17.5047,2.88903,0
17.4497,2.91679,0
17.464,2.91481,0
17.5085,2.91276,0
18.026,0.54491,0
17.9475,0.54788,0
17.5356,2.90438,0
17.5088,2.84143,0
17.5366,2.88679,0
17.5521,2.90187,0
17.5473,2.84619,0
18.0048,0.54927,0
17.9821,0.54282,0
17.4988,2.95836,0
17.5398,2.90294,0
17.5153,2.85374,0
17.9465,0.57442,0
17.9913,0.58042,0
17.5582,2.96601,0
17.5039,2.88518,0
18.007,0.56519,0
17.5532,2.89471,0
17.5519,2.89434,0
17.9457,0.5802,0
17.9597,0.58872,0
17.4561,2.92924,0
17.4776,2.85638,0
17.4629,2.91307,0
17.4765,2.82905,0
17.5549,2.89953,0
17.4663,2.8967,0
17.2083,3.17486,0
17.1962,3.16594,0
18.1188,1.00688,0
17.2308,3.24666,0
17.1517,3.22472,0
18.0842,1.00217,0
17.1788,3.1483,0
18.0999,1.06108,0
17.232,3.26981,0
18.0786,0.94527,0
18.0438,1.09966,0
18.0778,0.99045,0
17.1554,3.16752,0
17.1886,3.20727,0
18.1084,1.09496,0
17.168,3.24772,0
18.0432,1.05553,0
18.0862,1.09552,0
17.209,3.15631,0
17.1896,3.17625,0
17.245,3.12953,0
17.1315,3.22072,0
17.256,3.17193,0
18.0915,0.94048,0
18.1246,0.98289,0
17.1475,3.17883,0
18.0484,1.05667,0
18.125,1.03258,0
18.0861,1.09217,0
18.0498,1.03742,0
17.2078,3.224,0
17.1633,3.21666,0
17.231,3.19129,0
17.1861,3.14878,0
18.1314,1.03134,0
18.0934,1.03278,0
18.0781,0.93443,0
17.1931,3.24471,0
17.1516,3.24641,0
18.1015,1.01027,0
17.2763,3.14486,0
18.113,0.96941,0
18.0464,0.91854,0
17.2527,3.14323,0
18.0655,1.07226,0
18.1579,0.96791,0
18.0981,1.01282,0
18.0875,1.11339,0
18.0654,1.05434,0
18.1208,0.98346,0
17.2668,3.12868,0
17.2633,3.17402,0
18.08,1.03013,0
18.1198,1.01077,0
17.1654,3.22048,0
17.2169,3.23114,0
17.2085,3.20086,0
17.219,3.16161,0
18.0745,0.95282,0
17.2123,3.14496,0
17.1421,3.22756,0
18.0577,1.09957,0
18.0655,0.97175,0
17.7676,2.39988,0
13.999,2.6221,0
17.7853,0.10008,0
17.6958,0.17108,0
17.7006,2.51507,0
13.9939,2.55263,0
13.9286,2.44839,0
17.8426,2.41147,0
17.6755,0.17561,0
13.9547,2.44416,0
17.7344,0.07558,0
13.9229,2.55261,0
17.7488,0.08552,0
17.7201,2.49355,0
17.8123,2.30166,0
17.8095,2.37834,0
13.948,2.39048,0
17.7376,2.39585,0
13.9052,2.67459,0
13.9928,2.65867,0
17.7792,0.12515,0
17.7976,2.46865,0
13.9918,2.62732,0
13.983,2.48414,0
17.7722,2.40092,0
17.8689,2.33354,0
17.785,0.08254,0
17.8394,2.46871,0
17.8795,2.52209,0
17.8396,2.55321,0
13.9268,2.40752,0
17.8048,2.56074,0
17.8143,2.44621,0
13.9374,2.53109,0
17.8072,0.15387,0
17.8421,2.36108,0
17.7441,2.52981,0
17.7303,0.13383,0
17.8436,2.31559,0
13.9142,2.47679,0
17.7237,0.11088,0
17.7196,2.40641,0
17.7469,2.5707,0
17.813,0.18325,0
17.7952,2.5119,0
17.7979,2.45943,0
17.6448,0.10019,0
17.7292,2.39524,0
13.9696,2.55151,0
17.765,2.39549,0
13.8945,2.56119,0
13.888,2.42135,0
17.8363,2.46851,0
17.8486,2.33687,0
17.8437,2.48798,0
17.8414,2.3462,0
13.8931,2.54107,0
17.8317,2.51398,0
13.9465,2.40468,0
17.7243,2.43299,0
17.7894,2.54363,0
14.0128,2.65754,0
17.8055,0.16269,0
17.7176,2.56848,0
13.9103,2.55642,0
13.9782,2.61169,0
17.8609,2.56283,0
13.8961,2.67959,0
17.8197,2.27983,0
17.7586,0.18492,0
17.7772,2.50894,0
13.8985,2.62712,0
14.0182,2.66156,0
13.926,2.61864,0
17.8005,0.12531,0
14.0049,2.67309,0
17.7963,0.17951,0
13.983,2.52738,0
13.9625,2.42161,0
17.6565,0.12184,0
13.9052,2.61667,0
17.7946,2.46239,0
17.7016,0.12946,0
13.9786,2.464,0
17.7195,2.47962,0
17.8139,0.20665,0
17.8692,2.45634,0
17.8465,2.49378,0
13.9972,2.58139,0
13.9894,2.47602,0
17.7982,0.08895,0
17.6945,0.11048,0
17.7989,0.19494,0
17.7826,0.20494,0
13.8935,2.64005,0
13.9931,2.50359,0
17.7451,2.49218,0
17.7768,2.48946,0
13.9661,2.3963,0
13.9705,2.40799,0
17.7029,0.17323,0
17.8245,2.32562,0
13.894,2.53375,0
17.7323,2.43522,0
13.9254,2.52467,0
17.8575,2.39638,0
17.6767,0.08512,0
17.7886,0.15536,0
17.8712,2.25015,0
17.8187,2.39119,0
17.7502,2.52397,0
17.8048,2.51783,0
13.965,2.4271,0
13.9473,2.45721,0
17.763,2.44799,0
13.9279,2.53838,0
17.8284,2.56032,0
17.7262,0.13574,0
17.8539,2.55447,0
13.9456,2.6488,0
17.8806,2.38866,0
13.9369,2.49005,0
17.6921,0.14474,0
17.8576,2.25652,0
17.7527,2.46677,0
17.7502,0.17696,0
13.955,2.4219,0
17.8774,2.37237,0
17.7313,2.3532,0
13.9863,2.4428,0
17.7683,2.49201,0
17.8032,2.34766,0
17.7074,2.48971,0
13.9861,2.50828,0
17.7755,0.19135,0
17.7404,2.52874,0
17.7984,2.42797,0
14.0125,2.6202,0
13.983,2.55221,0
17.7722,0.08937,0
17.8758,2.45114,0
13.8931,2.53631,0
17.7105,2.55116,0
17.6733,0.09143,0
14.0021,2.53485,0
17.7726,0.19308,0
17.8106,2.36435,0
13.9796,2.40377,0
17.7368,0.07619,0
17.8701,2.29125,0
17.7848,0.15957,0
17.8633,2.35823,0
17.835,2.35528,0
17.8401,2.44235,0
13.9779,2.42846,0
17.7565,2.36543,0
17.8083,2.45886,0
17.726,2.47447,0
17.7764,2.40219,0
17.7214,2.4701,0
17.8156,2.33348,0
13.9721,2.63536,0
17.7204,2.538,0
17.8403,2.52882,0
13.9134,2.50141,0
17.7657,2.3472,0
13.9585,2.41513,0
17.7484,0.15859,0
13.9102,2.53165,0
17.7726,0.17821,0
17.7009,0.12536,0
17.7233,2.53563,0
17.7251,2.38114,0
17.8248,2.37996,0
17.8691,2.56494,0
13.9089,2.50994,0
17.7992,2.41494,0
17.8092,2.52051,0
13.9773,2.56575,0
17.7999,2.4439,0
13.8938,2.54076,0
17.7521,0.1834,0
13.9588,2.41974,0
17.7787,0.16214,0
13.9922,2.66872,0
17.7402,2.56866,0
13.9474,2.4599,0
17.8029,2.29644,0
14.1919,2.92461,0
14.997,2.83983,0
14.8291,2.8854,0
14.8087,2.79494,0
18.0038,1.83106,0
14.545,2.85214,0
14.6692,2.89959,0
14.2028,3.0397,0
14.6468,2.94012,0
14.5455,2.91991,0
14.6931,2.927,0
14.2065,2.92839,0
14.3986,2.98554,0
14.3504,2.88606,0
18.0226,2.12619,0
14.6388,2.83113,0
18.0242,1.86102,0
15.2902,2.78122,0
14.8624,2.78343,0
15.1555,2.79559,0
14.7277,2.87066,0
15.2186,2.71659,0
17.5153,-0.2756,0
14.5198,2.9315,0
14.2115,2.89735,0
14.7701,2.80613,0
14.4378,2.8943,0
17.9479,1.79281,0
14.4543,2.90316,0
15.1872,2.81485,0
14.7226,2.92233,0
14.9957,2.78305,0
14.8857,2.84814,0
14.9994,2.82296,0
14.8849,2.84456,0
17.9573,1.82066,0
14.5531,2.88941,0
15.0057,2.82124,0
14.5234,2.97122,0
14.8962,2.86364,0
14.2631,2.92744,0
14.5757,2.89854,0
14.6046,2.86442,0
17.4575,-0.24501,0
18.0504,2.04166,0
14.5469,2.96012,0
17.9775,1.87988,0
18.0678,2.12976,0
14.2944,2.88047,0
18.0113,1.79096,0
14.317,3.00074,0
18.0245,1.84188,0
18.0538,2.05929,0
15.1033,2.76264,0
15.1327,2.79358,0
18.0037,1.97604,0
17.9736,1.98536,0
17.9742,1.99589,0
17.9969,1.88286,0
18.0312,2.035,0
14.199,3.00405,0
14.9677,2.79511,0
17.4266,-0.26556,0
18.0717,2.11149,0
17.4165,-0.2362,0
18.0013,2.02944,0
14.5833,2.94689,0
14.4109,2.90398,0
14.7124,2.92086,0
14.7453,2.86802,0
18.0102,1.79442,0
14.4042,2.92108,0
17.9788,1.76354,0
14.1865,2.92221,0
14.9756,2.84846,0
14.5286,2.89192,0
17.9568,1.82382,0
14.3615,2.87521,0
15.2134,2.77586,0
14.2502,3.00732,0
14.5462,2.95739,0
15.0474,2.76312,0
15.2177,2.72318,0
14.8114,2.87578,0
14.2452,2.92066,0
18.0011,1.97764,0
15.1203,2.83132,0
15.2239,2.76623,0
14.7644,2.83493,0
14.4317,2.91039,0
14.2262,3.01781,0
17.5196,-0.24323,0
18.0427,2.09356,0
17.4811,-0.24632,0
14.6326,2.94073,0
14.4528,2.97615,0
14.4997,2.90797,0
17.3651,-0.26173,0
14.5634,2.88171,0
14.6701,2.82079,0
14.4818,2.90149,0
15.0521,2.78744,0
14.4491,2.98946,0
14.6483,2.82061,0
17.9791,1.77443,0
14.542,2.94785,0
18.0109,1.90265,0
17.9965,2.01121,0
15.1851,2.81383,0
14.915,2.85233,0
15.0811,2.77473,0
14.8429,2.85782,0
17.4456,-0.24069,0
14.5692,2.92813,0
14.4332,2.89433,0
17.4899,-0.28266,0
17.9935,1.82103,0
14.2631,2.88772,0
17.9962,1.73967,0
14.6149,2.93835,0
14.7492,2.90647,0
18.0374,2.11772,0
18.0048,1.98512,0
14.6997,2.85854,0
14.6678,2.81395,0
14.2547,2.92526,0
14.6937,2.84777,0
17.464,-0.25615,0
18.025,2.01032,0
17.376,-0.241,0
14.1902,2.91381,0
17.4276,-0.2313,0
14.7117,2.82222,0
15.2003,2.78887,0
18.0039,2.13437,0
14.7875,2.85486,0
15.0466,2.79372,0
14.2597,2.90429,0
18.03,2.14501,0
15.0696,2.84476,0
14.2975,2.94564,0
18.0361,2.03073,0
14.2817,2.89097,0
14.2654,2.93302,0
14.6966,2.84323,0
14.3133,2.97953,0
14.3034,2.88871,0
15.021,2.79856,0
15.0884,2.78735,0
14.5105,2.88767,0
15.0731,2.77551,0
14.4488,2.86853,0
14.7788,2.83908,0
14.9084,2.82729,0
18.0476,2.1387,0
14.5515,2.90404,0
15.0904,2.76294,0
14.5736,2.92969,0
14.2134,2.96989,0
17.9815,1.80533,0
14.8741,2.85198,0
17.9844,1.87501,0
14.3682,2.94008,0
14.8697,2.85948,0
15.0004,2.81045,0
15.1495,2.75036,0
14.5091,2.94905,0
14.3858,2.90912,0
14.7663,2.90032,0
17.4966,-0.25411,0
17.9947,1.76057,0
14.3055,2.9513,0
15.1286,2.7733,0
17.4697,-0.25986,0
15.0726,2.74479,0
14.381,2.87802,0
15.1028,2.79476,0
14.7551,2.84229,0
15.2221,2.74283,0
18.0008,1.82612,0
15.1735,2.72485,0
14.568,2.86207,0
14.9674,2.85136,0
14.2548,2.97398,0
15.2043,2.74213,0
14.1941,3.00043,0
17.4895,-0.26765,0
15.2567,2.76687,0
14.7827,2.83474,0
14.498,2.95551,0
14.5694,2.88841,0
14.3107,2.94598,0
14.3527,2.8886,0
14.3043,2.89369,0
14.7183,2.89777,0
15.1219,2.82285,0
14.258,2.95011,0
14.5678,2.91934,0
15.0558,2.838,0
14.2794,2.97648,0
14.9579,2.76666,0
14.462,2.91092,0
17.444,-0.22829,0
14.5451,2.85656,0
15.1933,2.73063,0
17.9879,2.07306,0
17.9688,1.90742,0
14.7764,2.90053,0
18.0035,1.99793,0
14.8259,2.81489,0
14.4127,2.93828,0
15.1842,2.78706,0
14.762,2.8813,0
14.4506,2.94342,0
17.9843,1.81994,0
15.052,2.79348,0
15.0198,2.84728,0
14.4331,2.85524,0
15.1457,2.79483,0
14.2426,3.03899,0
18.0488,1.97675,0
15.0084,2.82699,0
17.9875,2.0698,0
14.4213,2.99762,0
14.3538,2.99832,0
14.6358,2.83226,0
18.0037,2.10574,0
14.6592,2.857,0
14.6141,2.86514,0
15.259,2.73984,0
14.5352,2.90868,0
17.9864,1.85876,0
14.7222,2.84816,0
15.1395,2.81064,0
14.2861,2.89452,0
17.3873,-0.22676,0
14.948,2.81873,0
15.2517,2.74134,0
18.0003,1.87816,0
14.2868,2.88874,0
14.3206,3.00553,0
15.0287,2.83863,0
14.4477,2.95837,0
14.2872,2.9004,0
14.5001,2.89444,0
14.7384,2.88943,0
14.856,2.78811,0
14.8156,2.85481,0
15.0295,2.75979,0
15.2219,2.7765,0
18.0615,2.10152,0
14.4929,2.96054,0
14.2843,3.0096,0
15.1773,2.8042,0
14.3489,2.9064,0
14.6588,2.9033,0
14.5148,2.91108,0
15.2681,2.79689,0
14.9883,2.77309,0
18.0502,2.13941,0
14.4698,2.89573,0
14.8133,2.88628,0
14.7815,2.90667,0
14.8088,2.86906,0
14.7098,2.88637,0
18.0257,1.93867,0
14.6577,2.87161,0
17.9744,1.81583,0
14.4101,2.88667,0
14.7074,2.83934,0
14.6372,2.84079,0
14.8275,2.8125,0
18.0152,2.00747,0
15.2111,2.76073,0
14.7369,2.82847,0
15.0423,2.77091,0
15.091,2.8391,0
14.1977,2.98778,0
14.7058,2.9274,0
18.0273,1.90496,0
15.1657,2.7357,0
14.3748,2.91461,0
15.0352,2.83125,0
14.538,2.94347,0
17.9782,1.76007,0
14.2115,2.91968,0
17.3919,-0.22496,0
15.0674,2.76631,0
14.8535,2.84124,0
14.2447,2.9317,0
17.9802,1.9527,0
14.6819,2.85123,0
14.2805,3.00883,0
15.1546,2.7653,0
18.0253,2.04302,0
14.6624,2.92386,0
18.0446,2.11715,0
14.8953,2.85871,0
15.0017,2.77809,0
14.4391,2.9706,0
17.4886,-0.28315,0
14.8135,2.80472,0
14.4752,2.90745,0
15.0825,2.80568,0
15.269,2.77409,0
14.6817,2.91077,0
14.362,2.86904,0
15.2339,2.77527,0
14.2243,2.97381,0
14.4253,2.86274,0
14.9558,2.79918,0
14.8816,2.83308,0
14.2464,3.03721,0
17.966,1.90995,0
17.9803,1.80512,0
17.4013,-0.2466,0
14.2608,2.93975,0
18.0266,1.91,0
15.1766,2.76486,0
14.196,2.93874,0
14.7356,2.80941,0
15.0747,2.77347,0
14.7471,2.85201,0
14.3211,2.91983,0
14.7868,2.79699,0
17.4006,-0.21708,0
14.637,2.87959,0
17.98,1.83096,0
15.1598,2.819,0
15.2001,2.7695,0
14.7114,2.90029,0
14.8965,2.81031,0
14.3116,2.96903,0
15.1665,2.81371,0
14.6091,2.9051,0
18.0309,2.10709,0
14.2695,2.93652,0
14.5849,2.9178,0
14.7929,2.8996,0
14.938,2.84971,0
15.0193,2.8033,0
14.4623,2.90582,0
14.3854,2.96018,0
17.9821,1.8867,0
14.5576,2.9153,0
14.3145,2.96038,0
14.8554,2.86491,0
17.4722,-0.25573,0
14.9992,2.79926,0
14.5848,2.86733,0
18.0175,1.82386,0
15.2121,2.82972,0
15.0015,2.93116,0
18.0916,1.7728,0
18.0914,1.90042,0
14.8775,2.89172,0
17.3316,-0.32121,0
14.7782,3.01367,0
14.4217,3.02269,0
15.0505,2.94463,0
14.5411,3.08399,0
17.3722,-0.30294,0
15.1209,2.87398,0
14.4501,3.13531,0
14.4878,3.08913,0
18.0873,1.86213,0
14.9355,2.95146,0
15.3127,2.84572,0
14.8132,2.9145,0
14.636,2.96376,0
14.6285,3.0283,0
14.3858,3.17013,0
15.2631,2.86268,0
14.6115,2.97272,0
14.488,3.03507,0
14.5367,3.01096,0
18.0636,1.69769,0
15.2414,2.83029,0
17.3381,-0.35393,0
18.103,1.93594,0
14.5215,3.11839,0
15.3265,2.83905,0
17.3659,-0.27259,0
14.3419,3.0526,0
14.5716,3.04481,0
14.6524,3.02954,0
14.617,3.04372,0
14.5757,3.00553,0
14.3714,3.09322,0
15.0999,2.94901,0
14.6658,3.06561,0
18.0831,1.85728,0
14.9137,2.88598,0
14.3952,3.00623,0
14.717,3.00941,0
14.5118,2.99868,0
17.3867,-0.2805,0
18.0021,1.48624,0
17.3717,-0.29439,0
17.3567,-0.28402,0
14.9194,2.98872,0
14.5374,3.11076,0
14.6591,3.03681,0
14.6922,2.99831,0
17.341,-0.38021,0
18.0433,1.85607,0
14.971,2.92718,0
14.3769,3.11458,0
15.2466,2.8213,0
14.7103,3.0505,0
14.9913,2.92271,0
14.3213,3.06761,0
15.2023,2.90609,0
14.5887,3.05516,0
14.4549,3.02705,0
14.4532,3.07551,0
14.8706,2.98913,0
14.7825,3.05271,0
18.1085,1.8112,0
14.5182,3.11749,0
17.3992,-0.34095,0
14.6524,3.02957,0
15.2391,2.89575,0
14.4468,3.07386,0
14.3641,3.02632,0
14.6923,3.03089,0
18.0612,1.97654,0
18.0475,1.90026,0
15.0538,2.94759,0
14.9699,2.98454,0
14.6062,2.95609,0
14.8073,2.90971,0
15.266,2.82506,0
14.5091,3.01982,0
15.0209,2.93827,0
15.0544,2.91661,0
14.37,3.09148,0
18.1268,1.87475,0
17.3569,-0.26857,0
18.0633,1.74774,0
14.7019,3.05518,0
14.9009,2.95538,0
15.2024,2.8978,0
14.7303,2.94726,0
14.893,2.94983,0
14.8843,2.9744,0
14.6869,2.96204,0
14.5142,2.98723,0
14.9,2.90047,0
15.1192,2.93675,0
15.1022,2.90063,0
14.3336,3.03464,0
15.1722,2.84709,0
14.855,3.0063,0
14.9593,2.94587,0
18.1052,1.93105,0
14.7408,2.96824,0
14.6836,3.04517,0
14.8472,3.00561,0
14.9936,2.93097,0
14.7747,3.01506,0
15.1202,2.84907,0
15.3365,2.8642,0
14.3587,3.11024,0
14.3849,3.05346,0
14.3813,3.11353,0
14.3845,3.09621,0
17.4157,-0.2823,0
14.5043,3.07888,0
15.2926,2.83039,0
14.9073,2.94744,0
15.0732,2.95016,0
14.6151,3.0093,0
17.368,-0.29041,0
14.813,3.01057,0
14.4884,3.01736,0
14.6258,3.0034,0
14.8305,2.95513,0
18.1052,1.8379,0
18.0171,1.78307,0
14.8231,3.03176,0
18.0408,1.80514,0
17.3886,-0.29175,0
14.4449,3.13759,0
14.9921,2.97807,0
14.9179,2.9981,0
15.0424,2.92686,0
18.059,1.90676,0
14.9556,2.89234,0
18.0676,1.71775,0
14.7521,2.94156,0
14.4179,3.04483,0
14.584,2.96405,0
14.8904,2.92598,0
14.7653,2.94869,0
17.342,-0.39745,0
14.3425,3.14936,0
14.4928,3.0904,0
18.0569,1.7725,0
14.9895,2.88686,0
17.3373,-0.31284,0
14.8096,2.9652,0
14.3783,3.08607,0
15.2804,2.82911,0
14.403,3.09436,0
18.0824,1.76683,0
15.18,2.88046,0
15.294,2.86793,0
14.7084,3.04144,0
14.8338,2.98216,0
15.2395,2.80899,0
14.3373,3.04504,0
14.3264,3.03411,0
14.4013,3.09798,0
14.752,2.97055,0
14.5625,3.02394,0
14.6995,3.03285,0
14.3903,3.13528,0
14.9983,2.86686,0
14.7617,2.93844,0
17.3705,-0.37717,0
15.0468,2.86601,0
17.9991,1.48037,0
14.9424,2.9924,0
14.4549,3.10445,0
14.7268,3.01693,0
14.8612,2.99761,0
14.3079,3.04975,0
14.7728,2.97986,0
18.1073,1.90364,0
14.3594,3.1417,0
14.5224,2.97739,0
14.4801,3.0841,0
14.9418,2.93173,0
17.3901,-0.34151,0
15.2208,2.87005,0
14.6849,3.0271,0
14.5325,3.12298,0
18.0621,1.94575,0
14.9057,2.89874,0
18.0911,1.86087,0
18.0704,1.77926,0
14.4804,3.09271,0
14.5007,3.1372,0
18.0868,1.77556,0
14.9355,2.99801,0
14.6226,3.02121,0
14.534,2.98812,0
18.0894,1.95601,0
14.453,3.0335,0
17.334,-0.36538,0
14.5659,2.99085,0
14.3493,3.12779,0
14.6757,3.03597,0
15.1644,2.92042,0
15.0942,2.9176,0
15.1215,2.93993,0
14.6632,3.03445,0
14.8016,2.98247,0
14.4353,2.99726,0
14.4137,3.06232,0
14.8807,3.00735,0
14.9332,2.96061,0
14.7702,2.98211,0
14.9108,2.98648,0
15.0413,2.91595,0
14.3756,3.09017,0
14.4384,3.08273,0
14.7872,2.91344,0
14.8495,2.93168,0
14.3617,3.10979,0
15.1319,2.87947,0
14.6349,3.01409,0
14.6,3.07526,0
14.523,3.00243,0
17.3281,-0.29043,0
14.9312,2.9954,0
18.0534,1.72113,0
14.5359,3.09431,0
14.531,3.09234,0
18.0836,1.93541,0
18.046,1.89671,0
14.3988,3.09394,0
14.9422,2.89566,0
14.8105,2.97642,0
14.8883,3.00344,0
14.8497,2.99014,0
14.5363,3.01311,0
14.9979,2.93648,0
18.128,1.94194,0
14.9059,2.99555,0
14.6585,3.06265,0
18.0392,1.8753,0
14.5059,3.01372,0
15.0014,2.97529,0
14.3993,3.16852,0
14.4641,3.02914,0
14.904,2.92312,0
14.9306,2.96968,0
15.0661,2.94948,0
15.3553,2.85843,0
14.7301,2.9791,0
17.3414,-0.33272,0
15.0227,2.95926,0
18.1136,1.94437,0
14.6723,3.00832,0
17.3937,-0.36476,0
14.6431,3.00637,0
14.7165,2.97487,0
15.2505,2.85983,0
15.126,2.88512,0
15.018,2.93805,0
17.3991,-0.29602,0
14.5424,3.04495,0
18.0649,1.95408,0
14.5726,2.97414,0
18.1181,1.87507,0
14.7064,2.96127,0
15.0963,2.87706,0
14.9736,2.97,0
14.7246,2.99733,0
18.0485,1.733,0
15.0136,2.95072,0
18.0612,1.905,0
14.8607,2.98051,0
15.2481,2.86192,0
18.0387,1.70819,0
18.0584,1.94065,0
14.8024,2.99116,0
14.8786,2.90417,0
14.9492,2.89716,0
14.4164,3.00044,0
17.3863,-0.27917,0
14.8146,2.98828,0
15.3197,2.87009,0
14.9072,2.94251,0
14.6428,2.95385,0
14.5108,3.07828,0
15.2247,2.85451,0
17.3704,-0.27213,0
15.2551,2.80969,0
18.0564,1.77628,0
15.1423,2.92956,0
15.166,2.87466,0
14.8494,3.02489,0
14.6556,2.95558,0
18.0377,1.75984,0
14.9275,2.89387,0
14.6787,2.99693,0
17.3794,-0.29918,0
14.9263,2.97169,0
15.0385,2.96481,0
15.0736,2.88262,0
14.8568,3.02536,0
14.6637,2.9929,0
14.8719,2.95875,0
14.5363,2.98859,0
15.002,2.87226,0
14.5729,2.96702,0
14.7182,2.9996,0
14.902,2.93475,0
14.9143,3.00124,0
14.7479,2.97631,0
14.4488,3.1555,0
14.5517,3.11807,0
18.1079,1.9453,0
14.4071,3.03008,0
14.4909,3.01519,0
14.923,2.94298,0
15.186,2.89438,0
14.863,2.9195,0
18.0625,1.80389,0
18.0827,1.85199,0
15.1261,2.93448,0
14.8757,3.00274,0
15.1192,2.86356,0
14.4466,3.02572,0
14.3625,3.15868,0
15.183,2.89653,0
14.889,3.01365,0
14.6676,3.03891,0
14.5819,3.00506,0
14.5011,3.03409,0
14.7862,3.02,0
14.3939,3.10615,0
14.5465,3.02812,0
15.0047,2.93223,0
18.0191,1.76915,0
15.2398,3.14008,0
14.683,3.30378,0
14.7816,3.32238,0
14.9342,3.2176,0
14.8084,3.24248,0
15.3065,3.08146,0
15.0595,3.12644,0
18.0953,1.44308,0
15.0518,3.12354,0
14.7477,3.21913,0
15.3309,3.09967,0
15.0188,3.26397,0
14.9691,3.16074,0
14.7683,3.34758,0
15.2685,3.15538,0
18.0131,1.49333,0
15.218,3.05058,0
15.121,3.15889,0
14.9778,3.32253,0
18.1527,1.37857,0
18.0658,1.45396,0
18.1558,1.43892,0
15.0875,2.96032,0
18.1234,1.45613,0
14.9818,3.08161,0
14.9721,3.30461,0
15.1192,3.06768,0
14.9441,3.33905,0
15.3933,2.91907,0
15.3535,2.99881,0
15.3122,2.88275,0
15.326,3.03027,0
14.9937,3.03555,0
15.1029,3.16213,0
15.1477,3.22178,0
18.1835,1.49363,0
14.6786,3.3,0
14.677,3.21745,0
15.4162,2.96966,0
14.6512,3.1013,0
14.9367,3.00982,0
15.1512,2.97621,0
14.9303,3.32747,0
14.9584,3.08271,0
14.7456,3.18225,0
15.11,3.24733,0
15.2518,2.97165,0
14.9086,3.33492,0
14.9914,3.13349,0
15.1112,2.9983,0
15.2283,3.05991,0
14.8798,3.32626,0
15.104,3.16555,0
15.2028,2.97592,0
14.7361,3.2986,0
15.2761,3.0067,0
14.7639,3.194,0
15.0506,2.98525,0
15.1671,3.0793,0
14.7232,3.34449,0
15.4867,3.02665,0
14.7598,3.33053,0
15.368,2.93616,0
15.0797,3.02705,0
14.6128,3.17425,0
14.7189,3.14899,0
15.2298,3.03859,0
14.6301,3.17479,0
18.1049,1.40092,0
14.958,3.12187,0
15.1488,2.98436,0
15.4422,2.97999,0
14.8492,3.07851,0
15.2726,3.00148,0
14.6018,3.14002,0
14.8641,3.24279,0
15.0384,3.08803,0
15.1057,3.01478,0
15.1047,3.00472,0
18.0757,1.33783,0
14.8421,3.281,0
14.8576,3.06407,0
15.0551,3.21406,0
15.3184,2.92345,0
18.1381,1.49111,0
15.1443,3.14707,0
15.3031,3.08008,0
14.7319,3.21966,0
15.1519,3.21801,0
15.0794,2.99313,0
15.0358,3.0811,0
14.8091,3.22802,0
14.7085,3.08646,0
14.6821,3.31414,0
18.0642,1.52466,0
18.1671,1.38089,0
14.6613,3.13274,0
14.7501,3.36592,0
15.2081,3.06167,0
14.8895,3.31167,0
14.8262,3.29158,0
14.7761,3.35874,0
15.0951,3.01281,0
15.3665,3.00549,0
14.8172,3.10148,0
14.8917,3.09219,0
14.8878,3.09185,0
14.7976,3.21744,0
15.3101,3.03067,0
14.9978,3.01955,0
14.96,3.00216,0
14.7082,3.1078,0
14.9885,3.29669,0
14.6131,3.19775,0
15.0435,3.22265,0
15.3249,3.09494,0
15.0629,3.25324,0
15.3382,2.99579,0
14.7126,3.34561,0
14.8947,3.23207,0
15.4216,2.99998,0
15.4063,3.0217,0
15.2658,3.11371,0
14.8718,3.15716,0
14.9278,3.16061,0
14.8805,3.18445,0
14.8673,3.09757,0
15.3194,3.11837,0
14.8439,3.10893,0
14.9465,3.06667,0
15.156,3.04285,0
14.6708,3.11871,0
14.966,3.01027,0
18.1895,1.47577,0
14.8192,3.35128,0
15.1351,3.02953,0
14.9114,3.16226,0
18.1297,1.4166,0
15.3345,2.90445,0
14.7348,3.13571,0
15.1815,3.0423,0
15.1761,3.15216,0
15.2587,3.10925,0
14.948,3.16884,0
15.2245,3.08966,0
18.0684,1.44379,0
15.002,3.01772,0
15.3147,3.08966,0
14.637,3.20998,0
14.7179,3.13339,0
15.1349,3.06188,0
15.0919,3.08385,0
18.1006,1.32197,0
15.008,3.19626,0
14.6341,3.19953,0
15.4256,2.95179,0
15.252,2.91595,0
14.9473,3.12694,0
15.3424,2.9197,0
15.1454,2.96645,0
14.67,3.20381,0
15.0382,3.00144,0
14.9346,3.17405,0
15.0839,3.23323,0
15.0141,3.11426,0
15.4148,3.05941,0
15.198,3.0167,0
15.0789,3.15748,0
14.9284,3.09879,0
15.2226,3.17027,0
18.1184,1.33667,0
18.1674,1.50872,0
18.1953,1.47061,0
14.954,3.03558,0
14.9973,3.27735,0
15.0415,3.23198,0
14.8181,3.16247,0
18.1286,1.49082,0
14.7591,3.06229,0
18.1186,1.38218,0
15.1774,3.08639,0
15.323,2.91996,0
14.8698,3.26536,0
15.3544,2.89698,0
14.7797,3.27408,0
15.2992,2.92371,0
14.9439,3.09478,0
14.7125,3.27687,0
18.1524,1.4812,0
15.0328,3.12667,0
15.2205,2.99746,0
15.0393,2.99078,0
14.7286,3.16933,0
14.6675,3.19071,0
14.7179,3.36101,0
18.0913,1.40539,0
14.8678,3.18477,0
14.6631,3.24005,0
15.1896,3.13375,0
15.0889,3.13599,0
15.3408,3.05783,0
15.1814,3.07777,0
15.2488,2.91354,0
15.1695,3.09346,0
15.3133,2.9472,0
14.7435,3.22436,0
15.4617,3.0242,0
15.0004,3.14923,0
14.9578,3.31874,0
14.6337,3.17973,0
15.1246,3.04607,0
14.8004,3.12279,0
15.0568,3.08667,0
15.0978,3.21877,0
14.9959,3.1735,0
15.236,3.02497,0
14.8133,3.19984,0
14.9136,3.31979,0
14.6949,3.32248,0
15.2998,3.06546,0
14.6992,3.22176,0
14.8772,3.10609,0
14.7555,3.07932,0
14.8031,3.30649,0
14.6891,3.34494,0
15.1524,2.99975,0
14.9005,3.12725,0
14.8967,3.34481,0
15.4435,3.02175,0
15.4389,3.00336,0
15.3443,3.05777,0
14.7511,3.09503,0
15.3277,2.88934,0
14.8534,3.04465,0
14.9427,3.10737,0
15.1953,2.99197,0
15.2449,2.97801,0
14.6787,3.19771,0
14.7388,3.16421,0
15.0564,3.14388,0
14.8719,3.35924,0
15.2461,3.01477,0
14.7535,3.19566,0
15.297,3.09012,0
15.3594,3.00021,0
15.3694,2.90567,0
14.8736,3.21888,0
18.0992,1.34739,0
14.7737,3.37669,0
14.84,3.08897,0
15.3264,2.9484,0
14.8638,3.26778,0
14.9875,3.24593,0
14.7993,3.38359,0
15.128,3.03329,0
15.0471,3.27557,0
14.8864,3.35004,0
14.8661,3.12629,0
15.4109,3.03336,0
15.2663,3.08334,0
15.4217,3.00847,0
18.1398,1.33127,0
14.6524,3.14824,0
14.7855,3.2724,0
18.0986,1.43423,0
15.0902,2.95762,0
14.8803,3.37439,0
14.9235,3.22865,0
18.1623,1.47502,0
18.0718,1.42985,0
18.1954,1.44292,0
15.0945,3.06545,0
14.7302,3.35286,0
14.7036,3.19691,0
15.4426,3.05109,0
18.1081,1.29,0
14.7958,3.36843,0
14.5833,3.12978,0
15.0599,3.00974,0
15.2647,2.90448,0
18.0826,1.39649,0
14.8689,3.1406,0
14.7957,3.12743,0
15.1876,3.02179,0
14.8622,3.34817,0
15.2257,3.17597,0
14.823,3.2378,0
14.9132,3.08632,0
15.3907,2.91643,0
15.2637,3.12182,0
18.1556,1.48447,0
15.1866,3.12508,0
15.3279,2.88419,0
14.9701,3.08426,0
15.3661,2.95448,0
14.6694,3.16574,0
15.3357,2.87612,0
15.0103,3.22342,0
14.9678,3.16815,0
14.9682,2.99712,0
15.3269,2.88799,0
14.9506,3.07989,0
15.4356,3.03545,0
14.7667,3.35995,0
15.221,3.04598,0
15.3593,2.98762,0
15.3009,3.09671,0
14.8278,3.25237,0
14.7519,3.184,0
14.9645,3.00259,0
14.6443,3.15642,0
15.325,2.91528,0
14.6617,3.2931,0
15.0042,3.03657,0
14.7123,3.15416,0
15.1368,3.04332,0
15.2171,3.01489,0
14.9952,3.03711,0
14.6485,3.21247,0
15.1301,3.23145,0
15.0633,3.26325,0
14.8617,3.21089,0
14.74,3.21319,0
15.369,3.05783,0
18.1095,1.43888,0
15.1164,3.12454,0
18.1763,1.47265,0
14.7841,3.16727,0
14.8662,3.17653,0
15.4208,2.96825,0
18.0673,1.5486,0
18.0561,1.52891,0
15.1441,3.15498,0
18.0728,1.50096,0
18.0862,1.35196,0
15.1669,3.11651,0
15.2007,3.04038,0
15.3009,3.1184,0
14.6475,3.15618,0
14.8727,3.07328,0
18.1595,1.4817,0
15.2524,2.9029,0
14.7813,3.08665,0
14.9375,3.28289,0
18.212,1.45936,0
15.0439,3.13323,0
14.915,3.34412,0
15.0048,2.99667,0
15.0919,3.14707,0
14.731,3.2344,0
14.8749,3.22303,0
15.1159,2.95315,0
15.3441,3.11365,0
14.8435,3.04327,0
18.0801,1.50016,0
15.0059,3.28233,0
15.3051,3.01451,0
15.3181,3.05306,0
15.0726,3.226,0
14.8358,3.30468,0
18.0571,1.36621,0
18.1447,1.44168,0
14.966,3.06785,0
15.092,3.06048,0
14.8868,3.31474,0
14.9583,3.23088,0
14.781,3.11109,0
15.332,3.10146,0
15.3392,2.91685,0
14.8544,3.32841,0
15.3447,2.87227,0
15.0167,3.09613,0
14.7988,3.30816,0
18.1294,1.41358,0
15.2416,3.086,0
14.8912,3.11089,0
15.106,2.96499,0
14.8977,3.07945,0
18.0857,1.46517,0
14.7539,3.14423,0
15.462,3.03234,0
14.7939,3.06897,0
14.6568,3.14728,0
15.2292,2.92813,0
18.1033,1.53625,0
14.655,3.17229,0
14.783,3.38255,0
15.4416,3.03798,0
15.2984,3.08956,0
18.1679,1.43368,0
14.7516,3.2108,0
15.4502,3.05517,0
14.9953,2.98909,0
15.1355,3.22096,0
18.0616,1.37896,0
14.7703,3.23662,0
15.2846,2.90746,0
14.749,3.08634,0
15.3956,3.08697,0
15.1929,2.93811,0
14.6819,3.28612,0
18.0804,1.3163,0
14.8541,3.15209,0
14.9308,3.25892,0
15.1795,3.09398,0
15.1519,3.17267,0
14.9587,3.33198,0
15.1692,3.11329,0
14.6742,3.12134,0
14.9942,2.98879,0
18.1161,1.34605,0
15.0443,3.06423,0
14.9762,3.21984,0
18.1428,1.40907,0
14.717,3.15534,0
14.6633,3.10173,0
15.0252,3.29436,0
15.0041,3.18695,0
15.1122,2.95141,0
15.1733,2.95148,0
18.1007,1.48801,0
15.1633,3.01636,0
15.135,3.14775,0
14.9435,3.31151,0
18.0903,1.51318,0
14.7399,3.19435,0
15.268,3.02948,0
18.2018,1.44388,0
14.7125,3.27336,0
14.9697,3.14429,0
18.0933,1.49999,0
14.7072,3.1219,0
15.3293,2.96578,0
18.0964,1.34951,0
14.5986,3.16343,0
15.3689,2.89299,0
15.2951,3.05026,0
15.1975,2.92648,0
15.3641,2.94967,0
15.2208,3.09001,0
18.0292,1.41941,0
14.7739,3.39586,0
14.8272,3.08512,0
14.9719,3.28556,0
18.1301,1.43301,0
15.1395,3.04586,0
14.8522,3.03401,0
15.0203,3.23444,0
14.6262,3.10824,0
14.6705,3.3096,0
14.7869,3.27754,0
14.7122,3.15983,0
14.6926,3.11535,0
15.1851,3.20804,0
18.0991,1.34185,0
15.3077,3.03133,0
18.1053,1.34057,0
15.0578,3.00575,0
14.687,3.19506,0
14.9996,3.26733,0
14.8107,3.25551,0
18.091,1.50925,0
15.2957,3.13617,0
15.059,3.18752,0
15.103,3.19261,0
14.8591,3.11567,0
18.1671,1.41611,0
14.8798,3.26215,0
15.1827,3.18385,0
18.0616,1.36893,0
14.7201,3.29508,0
15.4399,3.00073,0
18.1113,1.33771,0
14.7283,3.33682,0
15.2051,3.02885,0
15.1833,3.00971,0
15.367,2.88717,0
18.1672,1.37622,0
15.3288,3.0764,0
14.7705,3.15329,0
15.1286,3.22348,0
14.9398,3.10494,0
15.4562,2.9985,0
15.4433,3.01554,0
15.2573,3.00955,0
14.813,3.31035,0
14.9608,3.10009,0
14.9755,3.27966,0
15.0001,3.20229,0
14.7476,3.39185,0
15.1703,3.12602,0
14.9105,3.35498,0
18.0142,1.4847,0
14.8726,3.29175,0
18.1062,1.27184,0
14.7507,3.33457,0
15.1359,2.99034,0
14.8937,3.37201,0
15.0029,3.20557,0
15.2641,3.08111,0
15.0795,3.22585,0
15.0563,3.07549,0
18.0472,1.49378,0
15.3519,3.0261,0
15.1141,3.05165,0
15.1381,2.94045,0
18.0589,1.52972,0
14.6512,3.20019,0
14.8995,3.30682,0
14.6859,3.24638,0
18.1057,1.52464,0
15.2374,3.01232,0
14.9346,3.01906,0
14.7154,3.10935,0
18.0882,1.30235,0
14.9168,3.113,0
14.6731,3.13139,0
15.0517,3.05878,0
14.806,3.30349,0
15.2038,2.99476,0
15.1767,2.98777,0
14.7107,3.36682,0
14.7406,3.09048,0
15.1347,3.13905,0
14.702,3.12582,0
15.3672,2.89958,0
15.0251,3.14831,0
18.1749,1.46589,0
15.4066,2.95479,0
14.8503,3.11882,0
14.6809,3.28099,0
15.1572,3.04249,0
18.0608,1.52163,0
14.7955,3.28175,0
14.74,3.34249,0
15.1375,2.96381,0
15.0458,3.09333,0
15.1845,3.13575,0
15.0571,3.13493,0
15.2887,2.90094,0
14.8457,3.29667,0
14.9177,3.05831,0
15.082,3.13341,0
18.0798,1.54334,0
14.8469,3.13026,0
14.881,3.33342,0
15.3572,2.91634,0
15.3449,3.06556,0
14.5897,3.16181,0
14.8471,3.36418,0
15.3806,2.98987,0
15.0505,3.02659,0
14.9595,3.28766,0
15.2113,3.1044,0
15.3518,2.97658,0
14.7144,3.11656,0
14.7483,3.35639,0
14.7191,3.19752,0
18.1522,1.35028,0
15.2143,2.971,0
18.0115,1.50716,0
15.2636,3.01995,0
18.1102,1.51841,0
15.1167,3.0471,0
14.8361,3.16501,0
13.8719,2.41167,0
13.8237,2.41208,0
17.7092,2.82686,0
17.7161,2.65058,0
17.6974,2.63427,0
17.6898,2.66196,0
18.0106,0.43111,0
17.6993,2.83801,0
13.8609,2.41418,0
17.6976,2.72494,0
17.6828,2.68593,0
13.852,2.40359,0
17.6626,2.83273,0
17.6195,2.87014,0
17.9934,0.49565,0
17.72,2.64906,0
17.5791,2.88652,0
17.6898,2.72426,0
17.7049,2.73651,0
17.9908,0.45947,0
17.9991,0.43787,0
17.6938,2.60365,0
17.5884,2.86091,0
17.7436,2.57982,0
17.9911,0.49525,0
17.5948,2.84892,0
13.8392,2.40635,0
17.7015,2.68412,0
17.6512,2.88599,0
13.8488,2.40881,0
17.6755,2.71407,0
17.7029,2.79466,0
17.7246,2.64661,0
17.6177,2.8652,0
17.9744,0.45904,0
17.6785,2.76446,0
17.7096,2.72576,0
17.698,2.58997,0
17.6491,2.8481,0
17.6968,2.74229,0
18.0095,0.4319,0
17.9681,0.43175,0
13.8657,2.40554,0
17.6929,2.67024,0
17.5899,2.88221,0
17.7188,2.69306,0
17.6989,2.70987,0
17.7238,2.75841,0
17.6909,2.66433,0
17.9737,0.43645,0
17.6831,2.74826,0
17.7277,2.58066,0
17.6936,2.61297,0
17.5937,2.84436,0
17.7035,2.82115,0
17.6839,2.87988,0
17.7078,2.71025,0
17.7163,2.77173,0
17.7022,2.70048,0
17.6967,2.81447,0
17.7358,2.62712,0
17.9823,0.49043,0
17.7114,2.8033,0
18.0094,0.43528,0
17.6372,2.84472,0
17.7253,2.61463,0
17.6619,2.86256,0
17.6782,2.71585,0
17.9885,0.4302,0
17.3329,3.1257,0
17.3633,3.09851,0
18.1203,0.90724,0
17.3787,3.10835,0
18.0927,0.93259,0
17.4074,3.0662,0
18.141,1.03669,0
17.4087,3.04774,0
17.2671,3.22887,0
17.3002,3.21753,0
17.2994,3.21981,0
18.1356,1.0496,0
17.2654,3.22569,0
18.1751,0.9331,0
17.295,3.23708,0
18.1877,0.94287,0
18.1598,1.02346,0
17.3519,3.14392,0
17.3641,3.06156,0
17.4155,3.06077,0
18.0532,0.90469,0
17.4193,3.02915,0
18.1375,0.9347,0
18.0685,0.92145,0
17.337,3.26379,0
17.402,3.06645,0
17.3562,3.05633,0
17.3413,3.25954,0
18.1637,0.95686,0
17.2928,3.15527,0
18.1523,0.91577,0
18.1442,1.03444,0
17.427,3.03982,0
17.3339,3.25758,0
17.4143,3.0543,0
17.3611,3.10112,0
17.3642,3.18129,0
17.3492,3.13823,0
17.3735,3.11238,0
18.1364,1.03421,0
17.2832,3.20962,0
17.3495,3.08207,0
18.1243,0.93487,0
18.0669,0.92232,0
17.3557,3.1576,0
18.138,1.05599,0
17.2686,3.21357,0
18.0981,0.9238,0
18.1429,1.06821,0
18.1127,1.11388,0
18.0843,0.92313,0
18.1382,1.08066,0
17.2721,3.25188,0
18.1171,0.90887,0
18.1217,1.07009,0
17.3551,3.15958,0
18.1615,0.91926,0
17.2895,3.18066,0
17.3513,3.21437,0
17.3736,3.14339,0
17.4545,3.02243,0
18.0797,0.88731,0
17.3933,3.16753,0
17.4313,3.12535,0
17.4601,3.05231,0
17.451,2.99427,0
17.3885,3.22789,0
17.3923,3.22097,0
17.4482,3.03436,0
17.4464,3.06865,0
18.1286,0.87978,0
18.1704,0.87781,0
17.3831,3.20687,0
17.4699,2.97396,0
17.3985,3.14256,0
18.1499,0.88046,0
18.1862,0.90955,0
18.1822,0.88352,0
17.4162,3.08187,0
18.1878,0.9033,0
18.0714,0.86772,0
18.19,0.89728,0
17.4115,3.09288,0
17.4086,3.13246,0
18.1823,0.88519,0
17.3847,3.17291,0
18.0627,0.87384,0
18.1823,0.91048,0
17.4207,3.09564,0
17.4066,3.20664,0
18.1703,0.90947,0
18.0926,0.83338,0
17.4707,3.08779,0
17.4696,3.158,0
17.4604,3.09681,0
17.5168,2.97703,0
18.0896,0.79816,0
18.1534,0.86546,0
17.4578,3.13757,0
18.1716,0.84973,0
18.1031,0.81391,0
17.4593,3.10427,0
17.4821,3.03936,0
18.1725,0.84524,0
17.4769,3.13384,0
18.1869,0.80682,0
17.5084,3.03967,0
17.4668,3.16743,0
17.4827,3.0639,0
17.4925,3.03033,0
17.4959,3.06132,0
17.4734,3.05779,0
17.4342,3.16687,0
18.1317,0.84573,0
18.1284,0.82532,0
18.1754,0.81917,0
18.1701,0.85035,0
17.5054,3.04694,0
18.1187,0.82278,0
18.1251,0.83097,0
17.4782,3.03442,0
18.151,0.82951,0
18.1221,0.83836,0
18.0967,0.80442,0
17.5145,2.99702,0
18.0816,0.81585,0
17.5141,3.00826,0
17.4608,3.0884,0
17.4363,3.14981,0
17.4964,3.07132,0
17.5,3.05117,0
18.0895,0.58746,0
17.6737,2.96071,0
18.0401,0.67509,0
18.0731,0.54989,0
17.6637,2.96581,0
17.7481,2.59468,0
17.6438,2.93115,0
17.6441,2.92125,0
17.6322,2.91595,0
18.0958,0.5404,0
18.0815,0.53575,0
17.7431,2.6808,0
17.5865,2.89517,0
18.0268,0.73305,0
18.0511,0.65888,0
17.6769,2.91151,0
18.1046,0.54752,0
17.678,2.93188,0
18.0245,0.74515,0
17.5761,2.89831,0
17.7364,2.6697,0
18.0708,0.66695,0
17.747,2.66836,0
18.0316,0.58467,0
17.6493,2.90285,0
17.623,2.93475,0
18.054,0.53673,0
18.0394,0.7231,0
17.5813,2.89323,0
18.0899,0.63207,0
17.5765,2.9008,0
18.0696,0.61478,0
17.5896,2.9212,0
18.0864,0.55845,0
17.6427,2.9103,0
18.0805,0.58353,0
18.0485,0.6563,0
17.6414,2.9165,0
18.0385,0.66424,0
17.7535,2.63152,0
18.0435,0.71379,0
18.0639,0.72889,0
18.0407,0.69725,0
17.613,2.94833,0
18.096,0.56113,0
18.0673,0.58369,0
17.731,2.77426,0
17.6927,2.92502,0
18.1526,1.07739,0
17.4288,3.19406,0
18.1972,0.97326,0
17.3822,3.2784,0
18.1184,1.25969,0
18.1495,1.09079,0
17.4111,3.22052,0
18.1474,1.08882,0
17.3852,3.25477,0
18.1652,1.05927,0
18.1986,1.0708,0
18.1385,1.25188,0
18.1351,1.09637,0
18.1329,1.1116,0
18.1662,1.07796,0
17.3673,3.2668,0
17.3807,3.28793,0
17.4212,3.20657,0
17.2475,3.25027,0
18.1687,1.16455,0
17.3677,3.26312,0
18.1279,1.27576,0
18.1826,0.96627,0
18.1646,1.10255,0
17.3861,3.25171,0
17.243,3.24781,0
18.151,1.11226,0
17.4003,3.26571,0
18.1337,1.25389,0
18.2007,0.98841,0
18.167,1.16206,0
18.2022,0.96004,0
18.1831,0.96868,0
17.4136,3.21227,0
18.1414,1.10463,0
18.1444,1.21856,0
18.1557,1.0616,0
18.1836,1.08234,0
18.154,1.14506,0
18.209,0.9819,0
17.366,3.28236,0
17.3559,3.27786,0
18.1779,1.07771,0
18.1431,1.10272,0
18.2088,1.03585,0
18.1172,1.24641,0
18.1316,1.13529,0
18.1256,1.24224,0
17.4002,3.27257,0
18.2312,1.56844,0
17.02,3.46941,0
17.0695,3.26707,0
16.9818,3.4368,0
16.7413,3.36529,0
16.8336,3.42021,0
16.9469,3.50389,0
16.8661,3.31972,0
17.0305,3.35791,0
17.0775,3.33505,0
16.976,3.4967,0
16.8802,3.47744,0
16.9789,3.56561,0
16.8307,3.41981,0
18.2295,1.5323,0
17.0924,3.27782,0
16.9106,3.36982,0
18.1326,1.686,0
16.9132,3.36594,0
18.147,1.55073,0
16.9899,3.53385,0
18.1574,1.62494,0
18.216,1.54127,0
16.7566,3.43197,0
18.2233,1.53572,0
16.838,3.45497,0
16.7439,3.37794,0
17.1565,3.28873,0
18.2755,1.46977,0
16.9535,3.42016,0
16.9575,3.37899,0
17.0659,3.29932,0
18.0704,1.66504,0
18.106,1.67885,0
18.1296,1.56862,0
17.0092,3.47049,0
16.8214,3.36909,0
17.057,3.46223,0
18.1017,1.63265,0
17.1108,3.28882,0
16.9457,3.426,0
18.2282,1.45421,0
17.004,3.46841,0
16.9117,3.52034,0
17.0872,3.30303,0
18.1625,1.6479,0
18.2454,1.56659,0
16.8626,3.49148,0
16.8253,3.29008,0
18.1602,1.58768,0
16.8467,3.46542,0
16.8136,3.43199,0
16.9179,3.35193,0
18.247,1.43382,0
18.2813,1.45769,0
18.1544,1.56807,0
18.1585,1.67089,0
16.9403,3.36016,0
16.9995,3.52908,0
16.8029,3.40655,0
18.102,1.66535,0
16.8884,3.39047,0
18.2474,1.42746,0
18.1303,1.72126,0
18.2373,1.52147,0
17.0915,3.31654,0
17.1395,3.24889,0
18.1203,1.66732,0
16.9965,3.48642,0
18.1508,1.72516,0
16.906,3.4299,0
18.205,1.57595,0
17.0059,3.54669,0
16.7782,3.34552,0
16.7895,3.43456,0
18.1559,1.65342,0
17.1178,3.26107,0
16.8875,3.51479,0
17.1112,3.36424,0
17.0543,3.38266,0
17.0603,3.44748,0
18.2301,1.41665,0
18.1578,1.55773,0
16.8791,3.31926,0
16.8733,3.33233,0
16.9461,3.51385,0
16.8659,3.35513,0
17.0567,3.29197,0
18.0821,1.69055,0
16.9737,3.40761,0
18.2002,1.64507,0
16.81,3.32213,0
16.7881,3.33656,0
18.1594,1.68284,0
16.7922,3.39141,0
17.1085,3.36218,0
16.9545,3.41689,0
16.9651,3.3614,0
17.0199,3.4988,0
16.9438,3.50842,0
16.9354,3.52847,0
16.9989,3.5442,0
18.2668,1.48255,0
18.2785,1.46968,0
18.2102,1.4272,0
17.0504,3.30939,0
18.1186,1.72516,0
18.1071,1.65318,0
17.0112,3.45967,0
17.0844,3.31047,0
18.2561,1.5562,0
17.0292,3.49858,0
17.0365,3.49312,0
16.9405,3.43662,0
18.2771,1.45254,0
18.1668,1.66962,0
18.2432,1.50255,0
18.1154,1.77173,0
16.889,3.44013,0
17.0927,3.34743,0
18.1909,1.60476,0
18.1082,1.70684,0
17.0047,3.54508,0
16.8128,3.4627,0
18.1508,1.56396,0
18.2362,1.57247,0
18.106,1.58142,0
16.9038,3.39957,0
17.1501,3.28448,0
16.8561,3.40739,0
17.1115,3.32213,0
16.8978,3.47148,0
17.0353,3.39812,0
18.2122,1.4259,0
16.9652,3.5708,0
16.7975,3.44909,0
17.027,3.41773,0
18.2652,1.53765,0
16.8097,3.32468,0
18.262,1.53516,0
16.7558,3.37494,0
17.1652,3.29274,0
18.0958,1.66894,0
18.1555,1.70994,0
18.1644,1.6421,0
18.1659,1.64973,0
16.9431,3.35409,0
18.1246,1.70179,0
17.0033,3.51193,0
17.1091,3.3117,0
16.7714,3.34118,0
17.1546,3.30605,0
17.0238,3.36726,0
16.9822,3.42019,0
16.7747,3.40625,0
18.1714,1.65998,0
16.8039,3.33674,0
16.932,3.50907,0
16.8472,3.433,0
16.774,3.36908,0
16.9714,3.52951,0
17.052,3.41319,0
18.1585,1.54487,0
18.1389,1.57849,0
16.8862,3.35067,0
18.2948,1.47463,0
18.2147,1.55729,0
18.2384,1.43016,0
16.8622,3.34232,0
16.8831,3.50703,0
16.8118,3.3582,0
18.249,1.49531,0
17.1147,3.35828,0
17.0022,3.41903,0
16.9569,3.56261,0
17.0501,3.41022,0
16.9601,3.43192,0
17.0042,3.40617,0
18.1281,1.73658,0
18.161,1.59598,0
18.2686,1.46878,0
16.8803,3.46878,0
16.9725,3.51622,0
16.9674,3.44924,0
16.7256,3.3704,0
18.0921,1.66202,0
16.8195,3.39004,0
16.8052,3.3914,0
17.0355,3.4822,0
18.0781,1.69681,0
16.8191,3.32774,0
16.8659,3.36096,0
18.2569,1.47316,0
16.9678,3.55536,0
18.267,1.47873,0
16.8222,3.37133,0
16.9588,3.54322,0
17.091,3.2951,0
16.9623,3.52274,0
16.8257,3.48599,0
17.0891,3.33076,0
18.2535,1.49847,0
18.1107,1.71915,0
16.9526,3.44647,0
17.0506,3.4232,0
18.2012,1.5635,0
16.7975,3.32093,0
16.9118,3.46788,0
18.1655,1.52124,0
17.0365,3.47816,0
18.1811,1.59589,0
18.2787,1.47673,0
18.1012,1.74264,0
16.8056,3.31096,0
16.7743,3.41693,0
17.088,3.33293,0
17.0438,3.3893,0
17.0911,3.39371,0
16.8201,3.34863,0
16.9885,3.53054,0
17.0458,3.40795,0
18.2687,1.49722,0
16.9115,3.40329,0
16.9451,3.49407,0
16.9546,3.50286,0
17.0151,3.4401,0
18.1312,1.62575,0
16.9306,3.37608,0
17.2228,3.3975,0
18.183,1.21121,0
17.2364,3.32657,0
17.209,3.4102,0
17.1529,3.42002,0
18.2375,1.3602,0
17.2165,3.37183,0
18.2557,1.24587,0
17.1017,3.4439,0
18.2699,1.34152,0
17.2012,3.35391,0
18.2302,1.41255,0
18.2766,1.36109,0
18.142,1.26538,0
18.304,1.29237,0
18.2418,1.25092,0
18.2252,1.25315,0
17.2046,3.30036,0
18.2245,1.37704,0
18.2494,1.25562,0
18.1539,1.33822,0
17.194,3.37354,0
18.1792,1.31093,0
17.19,3.3465,0
17.2212,3.30904,0
18.1524,1.22822,0
18.2543,1.33979,0
17.1615,3.44212,0
17.1763,3.34174,0
18.2932,1.28647,0
17.1339,3.43175,0
18.1915,1.23128,0
18.1415,1.25948,0
18.2692,1.32534,0
17.1626,3.41937,0
17.1849,3.27961,0
18.1845,1.30032,0
18.238,1.26048,0
18.174,1.3015,0
18.2125,1.39009,0
17.146,3.43215,0
17.1507,3.37828,0
17.2164,3.41782,0
18.2435,1.25777,0
17.195,3.46169,0
18.2349,1.27477,0
18.173,1.29071,0
17.2504,3.2646,0
18.1535,1.31881,0
17.1098,3.45241,0
17.1766,3.42132,0
17.2026,3.29319,0
17.1655,3.45213,0
18.2793,1.3067,0
18.1457,1.26535,0
17.2516,3.2605,0
17.2246,3.29465,0
18.2749,1.28733,0
17.1773,3.44133,0
18.2855,1.31823,0
17.2252,3.34574,0
18.2183,1.35364,0
17.1795,3.49295,0
17.1661,3.31576,0
18.1836,1.27864,0
18.3068,1.29727,0
18.2895,1.3117,0
18.2522,1.29654,0
18.1749,1.32931,0
17.247,3.35646,0
17.2081,3.2973,0
17.2784,3.28267,0
18.188,1.3043,0
17.1577,3.47805,0
17.1218,3.4154,0
17.1887,3.30325,0
18.1792,1.25353,0
18.23,1.37604,0
18.2003,1.21016,0
17.2469,3.35538,0
18.2599,1.39303,0
18.1765,1.35159,0
18.1902,1.30762,0
17.2477,3.28429,0
17.1426,3.34233,0
18.2032,1.3753,0
17.2765,3.28874,0
18.1905,1.283,0
18.1652,1.21195,0
17.163,3.44585,0
17.1491,3.40345,0
17.2812,3.28198,0
18.2797,1.33379,0
17.2673,3.3196,0
17.2568,3.32033,0
17.1543,3.36881,0
17.1662,3.4777,0
17.1717,3.48051,0
18.1836,1.37752,0
17.2128,3.3631,0
18.1946,1.27403,0
18.2862,1.28853,0
18.2405,1.3968,0
17.1893,3.45988,0
18.181,1.17809,0
17.2267,3.44948,0
17.271,3.34411,0
18.215,1.19071,0
18.1818,1.18805,0
17.2196,3.46505,0
17.3043,3.28172,0
18.2526,1.22938,0
18.2789,1.23895,0
18.2019,1.18457,0
17.2555,3.37393,0
18.1839,1.17073,0
17.257,3.36786,0
18.2918,1.24524,0
18.29,1.23143,0
17.2859,3.29741,0
17.3103,3.29353,0
17.2833,3.32048,0
18.2717,1.21508,0
17.2571,3.36474,0
17.252,3.36645,0
18.2254,1.19165,0
17.2423,3.40253,0
18.1718,1.18155,0
17.2691,3.34543,0
17.2476,3.41462,0
17.2313,3.43873,0
18.271,1.20334,0
17.2764,3.36323,0
18.2196,1.1936,0
18.3134,1.25588,0
18.2489,1.18607,0
17.4062,3.28343,0
17.3778,3.35539,0
17.3286,3.32661,0
18.2298,1.12683,0
18.2269,1.0775,0
18.3067,1.10546,0
17.2913,3.34224,0
18.2843,1.14831,0
18.2269,1.12809,0
18.2904,1.16841,0
18.2513,1.09937,0
18.2583,1.16535,0
17.5321,2.97778,0
18.2306,1.18039,0
17.3351,3.33683,0
18.2529,1.11675,0
17.415,3.24173,0
18.2822,1.06483,0
17.4219,3.26045,0
18.2066,1.07133,0
18.2562,1.10046,0
18.2515,1.12368,0
18.1886,1.14665,0
18.2474,1.08523,0
17.4284,3.24009,0
18.2993,1.083,0
18.3123,1.10621,0
18.2412,1.10637,0
18.2739,1.07008,0
17.3999,3.29718,0
17.3039,3.3131,0
17.3764,3.32492,0
18.2333,1.16415,0
17.3293,3.3608,0
17.3765,3.35686,0
17.3321,3.35982,0
18.234,1.12075,0
18.2003,1.15619,0
17.344,3.34625,0
17.3281,3.37127,0
18.222,1.09748,0
18.216,1.14895,0
18.3,1.14042,0
17.3213,3.3482,0
18.2446,1.05607,0
18.2828,1.09313,0
17.5016,3.12238,0
17.6229,3.04927,0
18.0927,0.74114,0
17.6019,2.98277,0
17.7587,2.68918,0
18.2388,0.77002,0
17.6434,3.11836,0
17.5518,3.1183,0
17.5256,3.13894,0
17.5963,3.05435,0
18.1665,0.76168,0
17.7716,2.57673,0
18.2538,0.82074,0
17.5836,3.09742,0
17.5296,3.15696,0
17.6224,3.1039,0
17.544,2.99361,0
17.6155,3.09867,0
17.619,3.08768,0
18.2237,0.88987,0
17.5499,3.0453,0
17.6437,3.00132,0
17.5587,3.09258,0
17.6235,3.01152,0
17.6446,3.12549,0
17.7814,2.60202,0
17.5711,2.99869,0
17.6056,3.05528,0
17.5635,2.99922,0
17.6515,3.0233,0
17.6456,3.12663,0
17.6101,3.03152,0
18.2322,0.83811,0
17.5765,3.07699,0
17.5006,3.10984,0
17.489,3.12735,0
17.6276,3.12159,0
18.078,0.73215,0
17.6198,3.07184,0
18.196,0.80001,0
17.5641,3.00378,0
17.5963,3.1419,0
17.5764,3.00129,0
17.5985,3.13907,0
17.5806,3.06095,0
18.0963,0.76803,0
17.5272,3.09738,0
18.1881,0.84308,0
18.2185,0.85563,0
18.2259,0.90323,0
17.5866,3.0822,0
18.1786,0.77353,0
17.5799,3.11181,0
17.5607,2.99458,0
18.2684,0.77396,0
17.627,3.11881,0
17.5469,3.12949,0
18.1738,0.86821,0
17.4991,3.15112,0
18.0972,0.75692,0
18.1975,0.83995,0
18.1166,0.74683,0
17.6578,3.08663,0
17.5292,3.12651,0
17.565,3.12041,0
18.234,0.90171,0
17.7736,2.59263,0
17.5577,3.08921,0
17.5228,3.10196,0
17.617,3.01154,0
17.5247,3.12088,0
17.6395,3.07555,0
17.6421,3.113,0
17.498,3.1183,0
18.2173,0.88892,0
18.0936,0.75832,0
17.6036,3.0574,0
17.6373,2.99857,0
17.6302,3.16794,0
17.5632,3.01968,0
17.6244,3.07592,0
17.5712,2.98145,0
17.6,3.1244,0
17.7659,2.60336,0
18.2215,0.85447,0
18.1919,0.80409,0
17.5549,3.10655,0
18.2159,0.84889,0
18.213,0.76225,0
17.6425,2.99501,0
18.1393,0.74241,0
17.6581,3.04582,0
17.5611,2.97605,0
17.6177,3.11827,0
17.6192,3.08152,0
17.5885,3.12939,0
17.7402,2.8032,0
17.6854,3.12015,0
17.7628,2.77463,0
17.6551,3.10405,0
17.885,2.30459,0
17.7184,2.95156,0
17.7583,2.75546,0
17.7463,2.80488,0
17.6832,3.02605,0
17.7715,2.729,0
17.8828,2.3064,0
17.6537,3.11062,0
18.2498,0.74286,0
18.1399,0.72172,0
18.1579,0.69718,0
17.7391,2.86545,0
18.2164,0.74085,0
17.7812,2.74218,0
17.7485,2.87708,0
18.1622,0.71084,0
17.7989,2.59297,0
17.7254,2.90139,0
17.8046,2.62076,0
17.6726,3.03169,0
18.202,0.7152,0
17.7009,2.99282,0
17.7777,2.66858,0
17.8005,2.64228,0
18.0892,0.68029,0
17.7693,2.7149,0
17.7492,2.79499,0
17.6573,3.13225,0
17.7104,3.01229,0
17.6708,3.05738,0
17.7352,2.82967,0
17.8012,2.65967,0
17.7859,2.66765,0
17.8056,2.63523,0
17.6996,3.03588,0
17.6845,3.08971,0
17.6752,3.08885,0
17.6883,3.01203,0
18.2436,0.75932,0
17.7954,2.64109,0
17.7826,2.6875,0
17.7493,2.87781,0
18.2295,0.75135,0
18.2054,0.7426,0
17.7352,2.89886,0
18.122,0.73241,0
17.6784,3.0929,0
17.6625,3.11324,0
17.7583,2.79783,0
17.6758,3.07814,0
17.8026,2.62207,0
18.1708,0.73413,0
17.6899,3.09577,0
17.6767,3.14574,0
17.7946,2.59901,0
17.7456,2.89541,0
18.2382,0.74929,0
17.6663,3.14197,0
18.2497,0.74937,0
17.7599,2.77226,0
18.0856,0.68971,0
17.7907,2.70003,0
18.1998,0.74731,0
18.1028,0.71502,0
17.6773,3.08857,0
17.7539,2.74752,0
17.456,3.20072,0
17.4797,3.19077,0
17.47,3.20369,0
18.3405,1.08361,0
17.4867,3.16577,0
17.4375,3.33457,0
17.4935,3.22432,0
17.4946,3.19062,0
17.4358,3.34742,0
17.5072,3.20697,0
18.2352,1.03011,0
17.4633,3.25302,0
17.4509,3.34759,0
17.4617,3.23897,0
17.4527,3.34437,0
18.2888,1.02559,0
18.2521,1.04252,0
18.2883,1.01976,0
17.4892,3.19156,0
18.2466,1.04042,0
17.4531,3.28361,0
17.5068,3.22638,0
18.3344,1.04239,0
17.4465,3.33282,0
18.2693,1.02427,0
17.4632,3.34276,0
17.4346,3.26435,0
18.2507,1.01066,0
17.4836,3.25087,0
17.4322,3.2756,0
17.4647,3.26476,0
18.332,1.06227,0
17.4734,3.26007,0
17.4929,3.2181,0
18.2548,1.03678,0
17.4954,3.20431,0
18.3168,1.07368,0
17.4199,3.3008,0
18.2296,1.01363,0
17.9184,2.53659,0
17.9704,2.23427,0
17.963,0.39507,0
17.8894,2.70199,0
17.8417,2.74259,0
17.8597,2.79618,0
17.9902,2.73682,0
17.9566,2.60479,0
17.895,2.40365,0
17.9412,2.77244,0
18.0793,0.46371,0
17.992,2.55714,0
17.9319,2.48636,0
18.0177,2.27783,0
17.9467,2.29838,0
17.9787,2.35183,0
17.96,2.41729,0
17.9701,2.33105,0
17.9328,2.81056,0
17.9981,2.65081,0
17.8872,2.57605,0
18.1097,0.35254,0
18.0652,0.40153,0
17.9855,2.41534,0
17.9901,2.80793,0
17.9346,2.72757,0
18.0135,2.40086,0
17.9955,2.53308,0
17.9879,2.64698,0
17.888,2.46663,0
17.8928,2.75658,0
17.8092,2.77374,0
17.8675,2.70898,0
17.9217,2.74302,0
17.9498,2.74765,0
17.9086,2.49043,0
18.0068,2.39519,0
17.8057,2.7619,0
17.8662,2.56969,0
17.9186,2.60191,0
17.9571,2.47861,0
17.7848,2.80813,0
17.9842,2.38587,0
17.9382,2.5327,0
18.0875,0.44545,0
17.8292,2.71584,0
18.0951,0.64512,0
17.857,0.33006,0
17.9472,2.30442,0
17.9155,2.73195,0
17.9568,2.51028,0
17.9177,2.61979,0
18.0042,0.32684,0
17.9962,2.32882,0
17.9131,2.44606,0
17.8917,2.50562,0
17.8767,2.74894,0
18.0053,2.44334,0
18.0846,0.36953,0
17.9766,2.32421,0
17.9458,2.44022,0
17.8054,2.70267,0
17.9913,2.41179,0
17.8453,2.71146,0
17.8083,2.75461,0
17.8973,2.77909,0
17.9988,2.30312,0
17.8599,0.32697,0
17.8925,2.58125,0
17.9202,2.78731,0
17.9414,2.30705,0
17.8861,2.7224,0
17.9403,2.35767,0
17.9157,2.40743,0
17.8619,2.60307,0
17.9273,2.30865,0
17.8011,2.70649,0
17.9511,0.34527,0
17.9485,0.32149,0
17.9349,2.43462,0
17.8456,2.6686,0
17.8475,2.61139,0
17.9479,2.74051,0
17.9507,2.26121,0
17.9813,2.5401,0
18.0942,0.39759,0
17.9866,0.36393,0
17.8394,2.62109,0
18.0397,0.48537,0
18.0455,0.34377,0
18.085,0.46275,0
18.0096,2.2959,0
18.0806,0.35111,0
17.7801,2.81033,0
18.0021,2.404,0
17.9555,2.80756,0
17.8262,2.74858,0
17.9691,2.72246,0
17.9143,2.61582,0
18.0205,2.22931,0
17.9973,0.3444,0
18.1015,0.59726,0
17.9187,2.78902,0
18.0033,2.40097,0
17.8864,2.34937,0
17.9127,2.70196,0
17.9757,2.61578,0
17.929,2.73173,0
18.1094,0.34657,0
17.935,2.44501,0
18.0321,0.32425,0
17.8668,2.64303,0
18.0296,0.35834,0
17.9799,2.38904,0
17.9188,2.32857,0
17.8378,2.63541,0
17.8195,2.80511,0
17.9287,2.50262,0
18.0072,2.27348,0
17.8044,2.77251,0
17.8704,2.63118,0
17.8189,2.64925,0
17.9745,2.63616,0
18.039,0.5104,0
17.9074,2.4663,0
17.7943,2.77411,0
17.8646,0.33405,0
18.1139,0.45826,0
17.8598,2.67469,0
17.9004,2.60095,0
17.8447,2.7103,0
18.0162,0.50869,0
17.9686,2.74822,0
17.8935,2.5337,0
17.9352,2.26351,0
17.8874,2.6574,0
17.9388,2.25477,0
18.0054,2.50921,0
18.1023,0.34461,0
17.9605,2.29252,0
17.9445,2.27135,0
17.9821,0.39205,0
18.0937,0.47584,0
17.9396,2.65748,0
17.9911,2.63266,0
17.9878,2.81941,0
17.8963,2.4587,0
17.8947,2.48234,0
17.8995,2.43827,0
18.0598,0.40009,0
17.9665,2.47958,0
17.9861,2.26408,0
18.0368,0.41542,0
17.872,2.61606,0
17.9677,2.5578,0
18.0501,0.46371,0
18.0903,0.42284,0
18.026,0.44797,0
17.9518,2.29643,0
17.9991,2.49563,0
17.8869,2.60297,0
18.0436,0.46915,0
18.0082,0.37967,0
18.0029,0.36386,0
17.9728,2.61925,0
17.8937,2.56953,0
18.0821,0.48702,0
18.1104,0.42961,0
17.9955,2.31538,0
18.0017,2.38658,0
17.9769,2.43371,0
17.8195,2.70029,0
17.8525,2.75108,0
17.895,2.55676,0
17.9302,2.23957,0
17.8165,2.79919,0
18.0065,0.35876,0
18.0921,0.49164,0
17.7959,2.76584,0
17.9023,2.41131,0
18.0349,0.32757,0
17.8279,2.74014,0
17.825,2.64764,0
17.9762,2.48,0
18.009,2.29757,0
17.8907,2.66425,0
18.0686,0.40228,0
17.8916,2.52085,0
17.9923,2.42031,0
17.8981,2.63326,0
17.9383,2.41736,0
17.9189,2.59588,0
17.9105,2.69044,0
18.0077,0.36555,0
17.9047,2.4374,0
17.9527,2.82123,0
17.928,2.64905,0
17.911,2.73083,0
17.9888,2.29777,0
17.9324,2.41926,0
18.0045,2.35593,0
18.0225,2.19086,0
17.9314,2.48207,0
17.8557,0.32681,0
18.087,0.49792,0
17.9079,2.32803,0
17.9609,2.5409,0
17.9255,2.42006,0
17.9828,2.51378,0
18.0329,0.36829,0
17.9906,2.34407,0
17.9501,2.80407,0
18.0178,2.2799,0
17.8874,2.80111,0
17.8669,0.33565,0
17.8546,2.70862,0
17.9962,2.48916,0
17.9809,2.33746,0
17.8912,2.81818,0
17.9603,2.57465,0
17.9934,2.62816,0
17.853,2.75768,0
17.7944,2.7101,0
18.0684,0.39725,0
17.9102,2.64218,0
17.9129,2.3212,0
17.9343,0.32911,0
17.8434,2.6981,0
17.8856,2.67857,0
17.9935,2.59681,0
17.9827,2.23742,0
17.9063,2.28979,0
17.9915,0.34519,0
18.1119,0.3289,0
18.0495,0.37455,0
17.788,2.76257,0
17.9165,2.26371,0
17.925,2.69345,0
17.9606,2.63356,0
17.8846,2.59983,0
17.9822,2.8082,0
18.1182,0.41095,0
18.0223,2.24864,0
17.9475,2.81053,0
18.0147,2.3718,0
17.936,2.44799,0
18.0643,0.39573,0
17.8754,2.79851,0
17.8035,2.70983,0
17.9522,2.4224,0
17.9037,2.43196,0
17.9065,2.70194,0
17.9353,2.42166,0
17.9925,2.42712,0
17.8916,2.65311,0
17.9431,2.33595,0
18.1086,0.37115,0
17.9668,2.54904,0
17.9847,2.33777,0
17.7871,2.9059,0
17.7365,3.13115,0
18.2581,0.71493,0
17.7788,2.94578,0
17.7524,2.99778,0
18.2596,0.87454,0
18.2805,0.73001,0
18.2756,0.81436,0
18.2962,0.74145,0
18.2874,0.76157,0
18.2473,0.88733,0
18.1805,0.70097,0
18.1346,0.68367,0
18.2427,0.97866,0
18.2672,0.84405,0
17.7506,2.91133,0
18.186,0.68997,0
17.7655,2.96449,0
17.7137,3.09946,0
17.7473,2.92048,0
18.2362,0.94558,0
18.1177,0.68551,0
17.7171,3.08865,0
17.6938,3.12257,0
17.7263,3.06395,0
17.7215,3.00491,0
18.1242,0.67195,0
18.2524,0.71121,0
18.2859,0.794,0
17.761,2.85168,0
17.7305,3.04852,0
17.7374,3.05791,0
17.7083,3.05738,0
18.2392,0.99671,0
18.2518,0.69862,0
17.708,3.09074,0
17.7577,2.97973,0
18.2835,0.8209,0
18.1794,0.69482,0
17.7762,2.93893,0
18.2778,0.74277,0
18.2727,0.70922,0
17.7856,2.86849,0
17.7375,3.03594,0
17.715,3.09866,0
17.801,2.82478,0
17.7912,2.86937,0
17.7817,2.87662,0
17.727,3.00206,0
17.7904,2.82422,0
17.7276,3.05162,0
18.1832,0.58098,0
18.1918,0.63179,0
18.1333,0.65508,0
17.8279,2.95724,0
18.1897,0.65015,0
17.8604,2.83673,0
18.1701,0.59812,0
17.9082,2.84647,0
17.7976,2.90514,0
18.221,0.58933,0
18.2313,0.52518,0
17.873,2.88505,0
18.1788,0.66407,0
17.8517,2.95426,0
17.861,2.83817,0
17.8066,2.92754,0
18.1444,0.66925,0
17.8943,2.8422,0
18.1911,0.63729,0
18.1987,0.66946,0
18.2062,0.57941,0
18.2226,0.51402,0
18.1737,0.55896,0
18.1898,0.65494,0
18.2445,0.5185,0
17.8538,2.83962,0
17.8856,2.94488,0
17.8104,2.92229,0
17.7876,2.92507,0
18.1821,0.58896,0
17.8864,2.86241,0
18.1416,0.60262,0
18.1256,0.54477,0
17.8817,2.96281,0
17.8292,2.85397,0
18.1812,0.60288,0
18.1317,0.65247,0
17.8488,2.96972,0
18.1661,0.59119,0
18.2165,0.64972,0
18.1098,0.63977,0
17.826,2.94921,0
18.1875,0.62225,0
17.7923,2.93233,0
17.8924,2.91265,0
17.9024,2.93471,0
18.1953,0.58582,0
17.8381,2.81861,0
17.897,2.94438,0
17.8395,2.90385,0
18.2162,0.6802,0
17.7927,2.96305,0
18.1633,0.61995,0
17.9017,2.93595,0
18.1454,0.63016,0
18.1237,0.61129,0
18.2125,0.55227,0
18.1612,0.5485,0
17.8552,2.86363,0
17.8369,2.88379,0
18.2287,0.59101,0
17.8353,2.81858,0
17.8879,2.96937,0
17.8859,2.88407,0
17.86,2.97142,0
18.1629,0.58289,0
17.9161,2.83568,0
17.8773,2.98026,0
17.8925,2.91386,0
17.835,2.92407,0
18.1433,0.59724,0
17.799,2.91576,0
18.1764,0.50848,0
18.226,0.56013,0
17.8268,2.85629,0
18.1144,0.53688,0
17.9168,2.84167,0
17.8892,2.96447,0
17.9009,2.86376,0
18.17,0.62384,0
17.8011,2.9647,0
17.6695,3.16508,0
18.3102,0.79174,0
18.3214,0.8773,0
18.312,0.95511,0
18.3344,0.82424,0
18.3424,0.80693,0
18.2882,0.96549,0
18.2925,0.89484,0
18.3416,0.81061,0
17.6962,3.14626,0
17.7278,3.15475,0
18.2963,0.81848,0
18.2902,0.9681,0
18.2919,0.99269,0
18.2662,1.00123,0
17.6459,3.15983,0
18.2586,0.94402,0
18.2675,0.98269,0
17.7282,3.1757,0
18.3321,0.88799,0
18.337,0.82744,0
18.2975,0.96626,0
18.2714,1.01051,0
17.7588,3.05031,0
18.2769,0.86242,0
18.3301,0.84255,0
18.2931,0.97186,0
17.6838,3.16873,0
18.2722,0.96741,0
18.2943,0.90788,0
18.2751,0.86052,0
17.7148,3.16192,0
18.3355,0.77176,0
18.3357,0.86988,0
18.3189,0.91741,0
17.0844,3.50585,0
18.218,1.77085,0
18.2083,1.71265,0
18.2729,1.62731,0
18.2822,1.53002,0
17.2698,3.4053,0
17.0898,3.51214,0
17.1059,3.51197,0
18.1998,1.80065,0
18.3764,1.49369,0
18.2594,1.77402,0
18.1934,1.69602,0
18.3935,1.41302,0
18.3311,1.51573,0
17.2885,3.4334,0
18.2539,1.57072,0
17.2807,3.40411,0
18.176,1.7449,0
18.1213,2.0319,0
18.2955,1.65396,0
18.306,1.46156,0
18.2361,1.80226,0
17.1417,3.51213,0
18.371,1.48251,0
18.3015,1.34008,0
18.3092,1.68714,0
18.1981,1.86161,0
18.2906,1.61703,0
18.3147,1.64358,0
18.4182,1.4501,0
18.1667,1.93329,0
18.2094,1.70623,0
18.1212,2.02259,0
18.2203,1.83644,0
17.2686,3.43088,0
18.2646,1.65197,0
18.3529,1.45973,0
18.2502,1.42776,0
18.1984,1.71042,0
18.3263,1.64493,0
18.3748,1.41925,0
17.1642,3.54319,0
18.2555,1.64829,0
18.3308,1.50039,0
18.1168,1.98094,0
18.4112,1.52524,0
18.2488,1.7493,0
18.3931,1.45878,0
18.2698,1.42382,0
17.0778,3.47773,0
17.2861,3.35574,0
18.0796,1.99298,0
18.3169,1.6776,0
18.2994,1.74006,0
18.4379,1.49183,0
18.2923,1.59092,0
18.3796,1.4637,0
18.2529,1.571,0
18.1448,1.95521,0
18.2613,1.79468,0
18.274,1.65047,0
18.3081,1.61196,0
18.2384,1.67791,0
17.2429,3.43925,0
18.3475,1.49653,0
18.3103,1.6554,0
18.1614,1.72806,0
18.1752,1.83055,0
18.1106,2.04301,0
18.2629,1.65236,0
18.2868,1.36149,0
18.0336,2.15028,0
18.1976,1.74172,0
18.3837,1.41214,0
17.1208,3.51711,0
18.4205,1.49382,0
18.2475,1.6494,0
18.3606,1.60079,0
18.3389,1.60979,0
18.2882,1.39295,0
18.3514,1.508,0
17.1161,3.46412,0
18.1,1.97945,0
18.2321,1.75839,0
18.2711,1.54528,0
18.3221,1.37499,0
18.1185,2.03964,0
18.3218,1.35536,0
18.2742,1.70893,0
18.0786,2.03251,0
18.3911,1.57519,0
18.29,1.39215,0
18.429,1.52074,0
18.3978,1.46884,0
18.2603,1.5975,0
17.3052,3.39243,0
17.1877,3.543,0
18.4414,1.46217,0
18.327,1.42863,0
18.4208,1.45531,0
18.2756,1.54586,0
18.2161,1.64191,0
18.2251,1.84396,0
18.3599,1.42361,0
18.3737,1.39785,0
18.2698,1.40633,0
18.262,1.64628,0
18.2755,1.68533,0
17.0702,3.4743,0
18.3303,1.59227,0
18.4381,1.44597,0
18.1826,1.88331,0
18.434,1.47712,0
18.3963,1.42233,0
17.2129,3.52299,0
18.3569,1.46474,0
17.0581,3.49336,0
18.432,1.46222,0
18.3167,1.513,0
18.3807,1.46472,0
18.3006,1.53505,0
18.3075,1.36808,0
17.3034,3.40011,0
18.1464,1.74209,0
18.4247,1.49304,0
17.3187,3.38298,0
18.1723,1.78376,0
18.2945,1.37537,0
18.1159,1.79491,0
18.4091,1.54057,0
18.2529,1.6462,0
17.2295,3.46545,0
18.2162,1.77882,0
18.1284,1.85101,0
18.2174,1.6903,0
18.1637,1.89854,0
18.1534,1.84318,0
18.246,1.82939,0
18.3898,1.51179,0
17.1875,3.50232,0
18.3549,1.60476,0
18.3262,1.39977,0
18.4101,1.43973,0
18.4384,1.46442,0
18.1564,1.83953,0
18.1049,2.02952,0
18.3794,1.46682,0
18.3417,1.4666,0
18.3258,1.4765,0
18.2877,1.65278,0
18.2801,1.38493,0
18.1642,1.76103,0
18.3278,1.62645,0
18.2069,1.88687,0
18.4093,1.54467,0
17.2752,3.37285,0
17.2491,3.44765,0
18.3365,1.50873,0
18.1774,1.7433,0
18.274,1.58947,0
17.3104,3.39146,0
17.2395,3.4984,0
17.0889,3.48898,0
17.2425,3.47343,0
18.2019,1.78825,0
18.2142,1.75782,0
18.2426,1.70978,0
18.3466,1.48641,0
18.3372,1.49229,0
17.2892,3.40067,0
18.2804,1.40225,0
18.3578,1.4783,0
18.3127,1.6163,0
18.3812,1.4221,0
17.2955,3.42158,0
18.3466,1.50961,0
18.1801,1.85902,0
18.3407,1.38065,0
18.3623,1.61599,0
17.1023,3.476,0
17.0713,3.45394,0
17.1475,3.5328,0
18.2249,1.76513,0
18.3642,1.46999,0
17.1269,3.48487,0
18.2256,1.79907,0
17.0861,3.45112,0
18.1627,1.76842,0
17.1774,3.56794,0
18.424,1.46312,0
18.2265,1.69805,0
18.1714,1.69675,0
18.1827,1.75241,0
18.3889,1.44837,0
18.2535,1.65805,0
18.3144,1.58196,0
18.3754,1.2413,0
18.3509,1.12093,0
18.3011,1.21558,0
18.4161,1.10822,0
18.4199,1.12288,0
18.3757,1.24279,0
17.547,3.17637,0
17.5522,3.31769,0
18.3974,1.1364,0
17.5646,3.22139,0
18.4441,1.08538,0
18.3244,1.22614,0
17.5339,3.32025,0
17.5589,3.25191,0
17.5235,3.20317,0
18.3589,1.23568,0
18.3682,1.14248,0
17.506,3.33718,0
18.2969,1.20191,0
18.3735,1.0906,0
18.3719,1.14936,0
18.3682,1.26071,0
18.382,1.22265,0
18.3214,1.34325,0
18.3276,1.29663,0
18.3528,1.18666,0
18.3842,1.17171,0
17.4835,3.30153,0
18.3713,1.17497,0
18.3949,1.13647,0
18.3443,1.21761,0
17.5319,3.22648,0
17.4859,3.33502,0
18.3636,1.26066,0
18.4243,1.13052,0
17.5842,3.22132,0
18.3259,1.16088,0
17.5056,3.29418,0
17.4982,3.27711,0
18.3416,1.32488,0
17.5572,3.29553,0
18.2956,1.21297,0
18.3637,1.07112,0
17.4996,3.37189,0
18.344,1.26056,0
17.4841,3.38729,0
17.5672,3.26192,0
18.3493,1.10313,0
17.5441,3.31647,0
17.493,3.37758,0
18.3599,1.20142,0
17.5003,3.35548,0
18.3838,1.24072,0
18.3543,1.05678,0
17.5557,3.23894,0
17.5098,3.28741,0
18.3585,1.1388,0
18.3825,1.17424,0
18.3814,1.19818,0
18.3633,1.12331,0
18.3832,1.16063,0
18.3307,1.28222,0
18.4188,1.11178,0
17.5857,3.18873,0
18.3206,1.1912,0
18.3687,1.70143,0
16.967,3.66835,0
18.1249,2.16193,0
18.3268,1.7797,0
16.9099,3.5899,0
18.2061,1.94687,0
18.2504,1.84839,0
18.4643,1.72707,0
16.8866,3.54266,0
18.1808,1.98861,0
18.396,1.70435,0
18.2971,1.75382,0
16.9454,3.61654,0
18.1578,2.11908,0
18.2926,1.9529,0
18.1874,2.0243,0
16.9286,3.59503,0
18.4586,1.70587,0
18.3366,1.82906,0
18.2927,1.84677,0
16.8815,3.52681,0
16.9384,3.61705,0
18.3237,1.79327,0
16.8982,3.64368,0
18.2551,1.99551,0
18.4105,1.72597,0
18.1304,2.09797,0
18.3365,1.72253,0
16.9733,3.71508,0
18.3852,1.83615,0
18.3541,1.68404,0
18.2936,1.92513,0
18.0463,2.29708,0
18.2706,1.9124,0
18.3384,1.69898,0
18.2767,1.9211,0
18.057,2.18058,0
18.2799,1.894,0
18.1875,2.0373,0
18.1194,2.07174,0
17.0256,3.52031,0
18.3689,1.70524,0
18.1376,2.06848,0
18.3995,1.74383,0
16.8094,3.54373,0
18.3859,1.70275,0
18.3303,1.71392,0
18.2391,1.96124,0
18.0766,2.18403,0
16.8216,3.56041,0
17.0203,3.65281,0
16.8103,3.57357,0
16.9885,3.65195,0
18.4069,1.71673,0
16.9014,3.54423,0
18.2248,1.87305,0
16.994,3.6399,0
18.3776,1.66113,0
18.3507,1.70117,0
16.8842,3.5501,0
17.072,3.54058,0
16.7801,3.46279,0
18.2487,1.92265,0
18.3405,1.8596,0
17.0096,3.62036,0
16.9615,3.62593,0
18.2678,1.96641,0
18.3155,1.71878,0
16.8475,3.53954,0
18.2702,1.80084,0
18.2838,1.91999,0
17.0397,3.56049,0
18.1662,2.01294,0
18.036,2.30667,0
18.4234,1.78774,0
16.9105,3.61932,0
18.093,2.10655,0
18.1568,2.13272,0
18.3274,1.87652,0
16.826,3.59843,0
18.4049,1.78914,0
18.2377,1.94623,0
16.9656,3.61467,0
16.7901,3.50379,0
18.2861,1.92316,0
17.0026,3.58772,0
16.7759,3.52009,0
18.0947,2.10736,0
17.0473,3.58751,0
16.8141,3.50531,0
18.23,2.00943,0
16.7925,3.46882,0
18.1055,2.08857,0
18.0246,2.30575,0
18.4441,1.76583,0
17.072,3.56184,0
18.0986,2.12615,0
16.7397,3.53351,0
16.8431,3.51919,0
18.4191,1.71307,0
18.0809,2.21973,0
16.9208,3.56402,0
16.8088,3.56801,0
16.9545,3.63416,0
17.037,3.55165,0
16.8524,3.59458,0
18.0499,2.18517,0
16.8836,3.53786,0
16.9719,3.66478,0
18.1284,2.04029,0
18.3314,1.88343,0
18.4128,1.81638,0
18.2335,1.99724,0
18.2264,1.91392,0
16.9639,3.69846,0
18.3264,1.88671,0
18.1947,2.00077,0
16.9878,3.62876,0
18.3081,1.76247,0
16.7619,3.51389,0
18.1249,2.07231,0
18.105,2.13057,0
18.2453,1.96958,0
16.9585,3.58764,0
16.9465,3.65061,0
16.9271,3.67084,0
18.159,2.03149,0
18.0484,2.16212,0
16.9377,3.59731,0
16.8338,3.58133,0
18.0774,2.22376,0
18.2375,1.8675,0
18.2073,1.90373,0
18.1026,2.12241,0
18.3415,1.8626,0
16.7477,3.48354,0
16.9409,3.58148,0
16.7328,3.50018,0
18.3926,1.74707,0
18.3736,1.69787,0
18.0663,2.23039,0
18.2155,2.01486,0
18.3195,1.72298,0
18.1415,2.02163,0
16.6576,3.47562,0
18.2791,1.7871,0
16.8062,3.55859,0
18.1404,2.1207,0
18.2882,1.94516,0
18.3433,1.80003,0
16.9697,3.67664,0
17.0735,3.57904,0
18.279,1.94806,0
18.0248,2.2445,0
18.3421,1.68019,0
18.2074,1.98443,0
18.3004,1.83977,0
17.062,3.5235,0
18.1373,2.09623,0
17.0481,3.57127,0
18.307,1.73665,0
16.9235,3.55432,0
16.9772,3.59752,0
18.1718,2.06321,0
16.8933,3.63864,0
18.0559,2.17981,0
16.8539,3.50561,0
18.2782,1.88451,0
18.0679,2.26222,0
16.7718,3.51441,0
18.3909,1.70299,0
16.9329,3.64526,0
18.3601,1.86356,0
16.7948,3.50906,0
18.4148,1.70559,0
18.2936,1.78191,0
18.3821,1.76791,0
18.0579,2.16931,0
18.0637,2.14244,0
17.0037,3.65254,0
16.9758,3.67436,0
16.9273,3.56255,0
17.0313,3.57343,0
18.3239,1.93031,0
16.942,3.57177,0
17.0009,3.63372,0
18.3108,1.80854,0
16.7352,3.49916,0
18.341,1.68291,0
18.4398,1.72958,0
16.8491,3.50891,0
17.005,3.64844,0
18.1639,2.1309,0
18.3182,1.93991,0
16.9131,3.64914,0
18.0793,2.23124,0
18.2211,1.98475,0
18.4407,1.6908,0
18.2333,2.04301,0
18.3077,1.74162,0
16.9779,3.60151,0
16.9616,3.60998,0
18.3293,1.77088,0
17.0399,3.57084,0
17.0144,3.6413,0
16.8515,3.53854,0
16.757,3.53792,0
17.028,3.54379,0
16.7371,3.50755,0
18.4003,1.68145,0
18.2318,1.93215,0
18.2301,1.92783,0
18.0818,2.18782,0
18.1348,2.04514,0
16.8955,3.57286,0
18.3839,1.80033,0
18.1812,2.10553,0
18.3486,1.75997,0
18.3206,1.76288,0
16.8427,3.53764,0
16.8723,3.58918,0
16.7102,3.42369,0
18.4304,1.70569,0
18.457,1.7395,0
18.1582,2.04901,0
16.7614,3.53176,0
16.8677,3.59762,0
18.2451,2.02662,0
18.4335,1.75006,0
16.8255,3.48922,0
18.2985,1.90069,0
18.2875,1.95032,0
18.4524,1.5799,0
17.1561,3.57217,0
18.4473,1.55631,0
18.4512,1.53022,0
17.1258,3.57173,0
18.4724,1.53621,0
17.1602,3.5719,0
18.4604,1.52113,0
17.1176,3.56669,0
17.1093,3.58088,0
18.4602,1.53616,0
18.455,1.54094,0
17.1801,3.60329,0
18.4792,1.50189,0
18.3876,1.63705,0
18.4279,1.58719,0
18.4608,1.51203,0
17.162,3.59889,0
18.4385,1.58833,0
17.0867,3.57589,0
18.4864,1.50708,0
17.1617,3.59819,0
17.1604,3.61063,0
18.4043,1.61041,0
18.465,1.55194,0
17.1068,3.57797,0
18.4412,1.36859,0
18.4634,1.39661,0
18.4174,1.31827,0
17.3889,3.4332,0
17.2829,3.46648,0
17.3365,3.52126,0
17.2814,3.50649,0
17.3033,3.42611,0
17.3407,3.4118,0
17.2679,3.4915,0
18.4116,1.34081,0
18.3822,1.33098,0
17.3745,3.47693,0
18.4419,1.38508,0
17.3828,3.41091,0
18.4475,1.38059,0
17.2887,3.46461,0
18.3764,1.29005,0
18.473,1.31925,0
17.4048,3.37472,0
18.3784,1.37017,0
18.3656,1.33486,0
18.4699,1.31956,0
18.4032,1.33947,0
18.3816,1.32861,0
17.3151,3.41851,0
18.3733,1.30382,0
17.2984,3.44873,0
18.3946,1.3913,0
17.3498,3.49243,0
18.4207,1.32151,0
18.4404,1.39693,0
17.3083,3.51477,0
18.4835,1.36141,0
17.3439,3.44688,0
17.3335,3.39698,0
18.3859,1.3345,0
17.3565,3.41334,0
18.3897,1.33623,0
18.4011,1.37437,0
18.4713,1.37799,0
18.3755,1.31811,0
17.3315,3.40482,0
17.3366,3.51473,0
17.3216,3.46774,0
17.3067,3.51065,0
18.462,1.33439,0
17.3101,3.4434,0
18.4366,1.36379,0
18.4676,1.34933,0
18.396,1.36754,0
17.369,3.42214,0
17.3724,3.3929,0
17.3217,3.51532,0
18.4099,1.30367,0
17.3614,3.43815,0
18.441,1.37362,0
17.3168,3.4122,0
18.3715,1.29377,0
17.3112,3.5018,0
18.4911,1.34111,0
17.3662,3.47689,0
17.2778,3.46711,0
17.3379,3.38159,0
17.2398,3.5206,0
18.4916,1.39597,0
18.4966,1.39577,0
18.505,1.39291,0
18.4646,1.48003,0
17.2623,3.50652,0
17.3108,3.53574,0
17.2667,3.53114,0
17.3119,3.5323,0
17.2753,3.51296,0
17.3015,3.54592,0
17.3198,3.55557,0
18.457,1.42044,0
17.2594,3.51748,0
18.4744,1.28847,0
17.4291,3.47021,0
18.417,1.19255,0
18.4687,1.29402,0
18.5089,1.22631,0
17.41,3.45924,0
18.4156,1.19183,0
18.3939,1.23727,0
17.4465,3.41325,0
18.4107,1.23893,0
17.4632,3.39003,0
18.4982,1.25051,0
18.4174,1.27517,0
18.4799,1.28152,0
18.4366,1.29237,0
18.4237,1.25424,0
18.4294,1.25196,0
17.4306,3.44331,0
18.4282,1.28688,0
18.4764,1.22825,0
18.4757,1.25037,0
17.4156,3.42297,0
18.4865,1.30947,0
18.5108,1.23597,0
18.4998,1.2879,0
18.4958,1.24522,0
18.4661,1.24976,0
17.4507,3.4522,0
17.4603,3.41934,0
18.4946,1.22455,0
18.4404,1.26689,0
18.4447,1.2562,0
18.4082,1.2564,0
18.4694,1.28472,0
18.4163,1.23706,0
18.402,1.24355,0
17.4003,3.46797,0
18.4981,1.45766,0
17.3994,3.46808,0
18.5254,1.40772,0
18.4963,1.46025,0
18.4855,1.45574,0
18.5076,1.44036,0
17.3584,3.53409,0
18.4819,1.47443,0
18.4787,1.47326,0
18.5351,1.37593,0
18.4768,1.49159,0
17.3566,3.53829,0
18.4818,1.69485,0
18.4937,1.69396,0
17.1464,3.63683,0
18.3084,1.96945,0
18.2967,1.97149,0
18.5387,1.62355,0
18.0251,2.34723,0
17.1503,3.63888,0
18.4474,1.62129,0
18.4606,1.6047,0
18.1924,2.12829,0
17.071,3.60123,0
18.5358,1.66858,0
17.1595,3.63496,0
18.4611,1.70547,0
18.1233,2.26054,0
18.5149,1.6582,0
18.1407,2.20001,0
18.064,2.30911,0
18.5012,1.67028,0
17.1059,3.61879,0
18.1198,2.2091,0
18.3191,1.96935,0
17.0966,3.6357,0
18.5123,1.64628,0
18.0248,2.38613,0
17.125,3.61745,0
18.3827,1.86427,0
17.0826,3.58622,0
18.236,2.06777,0
18.4607,1.70455,0
18.4427,1.61613,0
18.0845,2.29884,0
18.5261,1.63353,0
18.0167,2.39792,0
18.1949,2.10952,0
18.346,1.92835,0
18.4892,1.71444,0
18.4626,1.70188,0
18.4765,1.74206,0
18.0613,2.34229,0
18.0422,2.33896,0
18.4464,1.78201,0
18.4707,1.57005,0
17.1204,3.61857,0
18.2809,1.99238,0
17.0569,3.60878,0
18.4631,1.77833,0
18.2743,2.01891,0
18.4593,1.59153,0
18.0199,2.35521,0
18.1534,2.16578,0
17.1341,3.61527,0
18.4209,1.66455,0
17.1575,3.63727,0
17.1019,3.6082,0
17.1296,3.6717,0
18.4792,1.69128,0
18.0898,2.2534,0
18.5296,1.6361,0
17.0592,3.62517,0
18.3857,1.87235,0
18.0319,2.37954,0
18.4734,1.67185,0
17.1246,3.659,0
18.5079,1.71121,0
18.4965,1.64593,0
18.3909,1.86484,0
17.1252,3.64018,0
18.5158,1.651,0
18.4649,1.66789,0
17.1223,3.60772,0
18.4781,1.73788,0
17.2078,3.57069,0
17.1338,3.6647,0
18.3642,1.88682,0
17.1201,3.65368,0
18.2287,2.09657,0
18.0564,2.32151,0
18.5327,1.48717,0
17.3008,3.5858,0
18.5467,1.49499,0
17.2387,3.53178,0
18.5386,1.51829,0
17.282,3.56666,0
17.2799,3.60549,0
18.512,1.59275,0
18.5727,1.49309,0
17.229,3.56324,0
18.5094,1.49418,0
17.2425,3.58319,0
18.5113,1.4975,0
18.5247,1.44384,0
18.5159,1.48057,0
18.5189,1.56746,0
18.4986,1.49152,0
17.2624,3.54161,0
18.5386,1.50342,0
17.2263,3.56437,0
17.2969,3.60021,0
17.2345,3.57951,0
17.2962,3.60716,0
18.4375,1.12317,0
17.6082,3.29896,0
17.6091,3.32354,0
17.6652,3.18122,0
17.6377,3.2994,0
18.427,1.16448,0
17.6158,3.22472,0
17.5697,3.33252,0
17.6282,3.23526,0
18.5176,1.15089,0
18.424,1.17334,0
17.5828,3.28418,0
17.6701,3.18684,0
17.6413,3.3137,0
17.7641,3.04716,0
18.5066,1.15137,0
17.6183,3.30091,0
18.5071,1.18228,0
18.4806,1.16988,0
18.4408,1.1682,0
17.6273,3.24478,0
17.6908,3.20405,0
18.4879,1.14931,0
17.6084,3.26467,0
17.5663,3.40202,0
18.445,1.19118,0
17.6059,3.26122,0
17.6394,3.23921,0
17.6331,3.36359,0
18.4517,1.18989,0
17.5926,3.24417,0
17.6025,3.23513,0
18.4629,1.18016,0
17.5977,3.40485,0
17.5882,3.2828,0
18.4624,1.19702,0
17.5779,3.40567,0
17.6349,3.35949,0
17.6376,3.32931,0
18.506,1.21955,0
18.5113,1.17738,0
17.6035,3.34528,0
18.5372,1.18422,0
17.5892,3.43694,0
17.5947,3.26031,0
17.5987,3.37857,0
17.6135,3.30076,0
17.6478,3.27112,0
18.4283,1.16788,0
17.584,3.40682,0
17.6665,3.23046,0
18.0168,2.43125,0
17.6712,3.2673,0
17.5987,3.33442,0
17.5873,3.43669,0
17.6106,3.2586,0
17.646,3.23196,0
17.6514,3.28778,0
18.5107,1.21229,0
17.6784,3.21086,0
17.6686,3.27099,0
17.5606,3.33352,0
18.4875,1.1121,0
18.4561,1.15861,0
17.6108,3.37819,0
17.5683,3.40281,0
17.691,3.1872,0
17.6462,3.2152,0
17.5906,3.38872,0
17.6083,3.20707,0
17.6212,3.20687,0
17.6055,3.35135,0
18.4583,1.10958,0
17.6907,3.19103,0
17.5498,3.33766,0
17.6024,3.23287,0
17.614,3.2851,0
17.5776,3.38628,0
17.7792,3.01224,0
18.4435,1.13816,0
18.5112,1.18926,0
17.6648,3.21369,0
17.5859,3.26007,0
17.5094,3.40808,0
17.6591,3.24343,0
18.5623,1.32116,0
18.5042,1.3273,0
17.4739,3.50842,0
18.5136,1.34958,0
17.4813,3.51413,0
18.5491,1.30557,0
18.5513,1.33473,0
17.4762,3.49029,0
17.4973,3.42429,0
18.5384,1.30191,0
17.4892,3.41916,0
18.5513,1.2913,0
18.3127,0.68266,0
18.0662,2.54231,0
18.0619,2.39255,0
17.9034,3.07297,0
17.9208,2.85038,0
18.4052,1.0015,0
18.0116,2.86242,0
18.3644,1.04149,0
18.0247,2.60345,0
17.8096,2.99274,0
18.4484,0.83671,0
18.0913,2.4512,0
17.8331,3.07276,0
18.1113,2.31488,0
18.4237,0.86399,0
17.9691,3.04688,0
18.0753,2.6032,0
17.8599,3.0725,0
18.3932,1.00918,0
17.9677,3.00039,0
17.9783,2.85192,0
17.9047,3.13155,0
18.0557,2.47506,0
18.0283,2.78185,0
18.0151,2.83698,0
18.0054,2.63731,0
18.3434,0.73998,0
17.9707,3.08007,0
18.0354,2.611,0
18.032,2.45258,0
17.9522,3.08534,0
18.4023,0.71553,0
18.4003,0.72353,0
17.8417,3.07784,0
18.0746,2.38168,0
18.0967,2.41771,0
17.9489,2.87805,0
18.367,0.79855,0
18.1224,2.30945,0
18.0488,2.71887,0
18.3743,0.74601,0
18.039,2.48495,0
18.0023,2.88682,0
18.073,2.59788,0
17.8426,3.05349,0
17.8209,3.01618,0
18.3246,0.68506,0
18.1068,2.38118,0
18.3256,0.69445,0
18.0631,2.61361,0
18.2564,0.67024,0
17.9391,3.11827,0
17.9037,3.06117,0
18.0948,2.49015,0
18.0031,2.71865,0
18.0576,2.63928,0
18.3155,1.01373,0
17.9482,2.9663,0
18.4569,0.72931,0
18.348,0.74098,0
17.9616,3.11158,0
18.0016,2.88403,0
17.9675,3.0431,0
18.3755,0.91175,0
17.8744,3.04732,0
18.3808,0.96129,0
18.0354,2.5336,0
17.9398,3.12964,0
18.0998,2.43656,0
18.3909,0.8115,0
18.1015,2.42908,0
17.9929,2.87382,0
18.4631,0.79094,0
17.805,3.05181,0
18.0385,2.72051,0
17.9436,2.91255,0
17.8413,3.11789,0
17.8557,3.02391,0
18.4386,0.80346,0
18.3487,0.85123,0
17.9881,2.93579,0
18.1248,2.36735,0
17.914,2.89096,0
18.0814,2.4396,0
18.4394,0.91075,0
17.9295,3.08649,0
18.2589,0.69079,0
18.4634,0.74202,0
17.828,3.04496,0
17.9911,2.85798,0
18.4306,0.91033,0
18.3803,0.74318,0
18.0537,2.554,0
17.8032,3.03033,0
18.0751,2.50793,0
18.1084,2.42959,0
18.2825,0.68629,0
18.3183,0.73242,0
18.0822,2.36213,0
18.3773,1.05524,0
18.4283,0.76065,0
18.0397,2.49447,0
17.9051,3.05476,0
18.3524,1.03894,0
18.0649,2.63743,0
18.0429,2.48966,0
18.0363,2.56587,0
18.0364,2.54105,0
17.8801,3.04586,0
18.2256,0.66607,0
18.0154,2.73416,0
17.9589,3.031,0
18.3696,0.87578,0
18.3609,0.94962,0
18.4293,0.93607,0
18.0151,2.81978,0
18.1082,2.29908,0
18.374,0.95461,0
18.3091,1.00936,0
17.9131,2.93441,0
18.3729,0.80248,0
18.3833,1.00468,0
17.8952,3.07828,0
17.967,3.01359,0
18.3552,0.87815,0
17.7755,3.10475,0
18.3062,0.98735,0
17.9121,2.89651,0
18.435,0.76245,0
18.4317,0.79616,0
18.4322,0.84596,0
18.0304,2.63714,0
18.1027,2.31895,0
18.0345,2.55465,0
18.3582,0.91642,0
18.3668,1.01333,0
18.4289,0.80028,0
18.4202,0.96134,0
18.004,2.84353,0
18.289,0.69511,0
18.3328,0.73705,0
17.8453,2.99697,0
17.9159,2.93597,0
18.3722,0.82172,0
17.887,2.99445,0
17.822,3.06847,0
18.4053,0.85582,0
18.4174,1.01254,0
17.9687,3.05007,0
18.0468,2.72889,0
18.0465,2.50543,0
17.9731,2.90092,0
18.28,0.66876,0
18.4032,0.79524,0
17.8403,3.0496,0
17.9742,3.02917,0
18.3531,0.86808,0
18.3741,0.94123,0
17.8388,3.10493,0
18.3733,0.88175,0
18.0037,2.9023,0
18.4682,0.75655,0
18.4605,0.70663,0
18.0734,2.43413,0
18.0863,2.3397,0
17.9244,3.03578,0
17.9111,2.96829,0
18.3072,0.98712,0
17.8625,3.06397,0
18.3635,0.86721,0
17.8201,3.0577,0
18.3661,0.69255,0
18.046,2.43322,0
18.4442,0.70717,0
18.3477,0.90684,0
18.3604,0.88415,0
18.107,2.31448,0
18.4069,0.76189,0
18.3179,1.01564,0
17.8324,3.02763,0
18.3922,0.74395,0
18.4532,0.74023,0
17.9887,2.84887,0
17.8785,3.01657,0
18.3626,0.96131,0
18.3973,0.86396,0
18.0078,2.55839,0
17.9408,2.88432,0
17.8128,2.98482,0
17.8513,2.99292,0
17.8147,3.06238,0
17.9116,3.03547,0
18.1221,2.30688,0
17.9034,2.96279,0
18.1146,2.37046,0
17.9729,2.99441,0
18.073,2.35868,0
18.3437,0.8847,0
18.0442,2.71346,0
18.3914,0.69474,0
18.0527,2.6475,0
17.9084,2.92688,0
18.01,2.80666,0
17.8859,3.06489,0
18.0117,2.54992,0
18.0324,2.79625,0
18.0142,2.75206,0
17.7906,3.04496,0
18.3748,0.71286,0
18.3506,0.94744,0
18.4258,0.85347,0
18.0202,2.51601,0
17.9426,2.9598,0
17.8776,3.01894,0
17.8392,3.06558,0
18.3816,0.72603,0
17.9113,2.91699,0
17.9473,3.07471,0
18.3283,0.73639,0
18.2816,0.67231,0
17.9262,2.98403,0
18.3526,0.70059,0
18.391,0.94599,0
18.0623,2.49464,0
18.092,2.47582,0
18.3797,0.85286,0
18.3607,0.98053,0
18.4225,0.94061,0
18.3322,1.00665,0
17.9373,2.92278,0
17.8628,3.00584,0
18.311,0.99809,0
18.35,0.71796,0
18.3047,0.6959,0
18.0733,2.41431,0
18.0295,2.64958,0
18.3875,0.77475,0
18.4488,0.76223,0
18.3271,0.97442,0
17.862,3.0285,0
18.3903,0.85526,0
18.0539,2.52125,0
17.9905,2.93357,0
18.3383,0.73287,0
18.4422,0.75498,0
17.9206,2.93696,0
17.8523,3.06658,0
17.9679,2.91425,0
18.3425,1.02748,0
18.4274,0.76961,0
18.4294,0.79891,0
17.9403,3.07481,0
17.9663,2.86752,0
17.8129,3.10988,0
17.9161,3.14033,0
18.0289,2.69018,0
18.3732,0.92408,0
17.9034,3.03061,0
17.924,3.04663,0
18.0696,2.46089,0
18.3718,1.04098,0
18.4164,0.84342,0
18.0226,2.83207,0
18.4984,0.76092,0
17.7467,3.11292,0
17.8512,3.15412,0
18.4389,0.95286,0
18.4272,0.97817,0
18.4257,1.00332,0
18.4374,0.95412,0
17.9191,3.15702,0
17.8948,3.15162,0
17.7973,3.14295,0
18.1364,2.32803,0
18.48,0.79729,0
18.4273,0.98317,0
18.1239,2.38242,0
18.149,2.27614,0
18.0997,2.49431,0
17.8709,3.14951,0
18.4441,1.00065,0
18.4366,0.92788,0
17.7901,3.12768,0
17.9108,3.16309,0
18.4486,0.95216,0
18.4837,0.79344,0
17.7838,3.13729,0
18.4687,0.78914,0
17.9304,3.15725,0
18.4508,0.87426,0
18.1381,2.328,0
18.474,0.82974,0
18.1717,2.3906,0
18.0975,2.87952,0
18.0646,2.74338,0
18.125,2.42336,0
18.1395,2.62962,0
18.192,2.32723,0
18.2678,0.57379,0
18.1596,2.58182,0
18.3199,0.5797,0
18.1506,2.39333,0
18.253,0.61108,0
18.0942,2.74637,0
18.1021,2.7546,0
18.2281,2.12194,0
18.0414,2.89964,0
18.1047,2.63753,0
18.1005,2.89998,0
18.0948,2.7356,0
18.0202,2.93024,0
18.1415,2.38814,0
18.1536,2.28145,0
18.1165,2.52729,0
18.0758,2.84006,0
18.1418,2.55363,0
18.0751,2.68841,0
18.1288,2.66641,0
18.0967,2.89275,0
18.1248,2.54538,0
18.0844,2.76319,0
18.2908,0.6234,0
18.4449,0.61339,0
18.0972,2.816,0
18.3405,0.62491,0
18.0069,2.92406,0
18.2319,0.62374,0
18.0136,2.89253,0
18.1077,2.74251,0
18.1506,2.5727,0
18.0881,2.9314,0
18.0757,2.97758,0
18.0621,2.98416,0
18.1375,2.46801,0
18.1063,2.58244,0
18.0264,2.92887,0
18.14,2.3814,0
18.4035,0.59392,0
18.1112,2.46364,0
18.1049,2.79942,0
18.4195,0.66814,0
18.1008,2.83363,0
18.0831,2.88449,0
18.0446,3.02746,0
18.1016,2.79093,0
18.2532,0.62934,0
18.084,2.72543,0
18.1191,2.51798,0
18.0799,2.84881,0
18.2535,0.55592,0
18.0945,2.94344,0
18.1621,2.50939,0
18.1423,2.57896,0
18.2596,0.59562,0
18.2103,2.23036,0
18.0731,2.96762,0
18.1465,2.42547,0
18.0804,2.72202,0
18.2697,0.57583,0
18.1161,2.69556,0
18.2966,0.563,0
18.1074,2.83203,0
18.1128,2.67364,0
18.1876,2.27835,0
18.1058,2.66992,0
18.0802,2.84142,0
18.401,0.64483,0
18.1476,2.62628,0
18.0317,2.84527,0
18.1922,2.24082,0
18.0347,2.93025,0
18.0671,2.7587,0
18.2013,2.21685,0
18.4412,0.60231,0
18.1292,2.42848,0
18.076,2.67659,0
18.0431,3.0049,0
18.0957,2.79097,0
18.0174,2.96157,0
18.1145,2.49496,0
18.1057,2.86231,0
18.1689,2.24033,0
18.0224,2.92495,0
18.052,2.81547,0
18.0747,3.02687,0
18.1207,2.82487,0
18.0479,2.90036,0
18.4341,0.68557,0
18.1413,2.46423,0
18.3501,0.5939,0
18.0821,2.74514,0
18.4206,0.58033,0
18.1907,2.21414,0
18.1549,2.45726,0
18.1739,2.24818,0
18.2932,0.62987,0
18.1698,2.21707,0
18.1009,2.70216,0
18.0866,2.87171,0
18.3225,0.60045,0
18.0544,2.73352,0
18.1365,2.50073,0
18.1293,2.50334,0
18.1541,2.42468,0
18.0652,2.92351,0
18.1635,2.30135,0
18.1898,2.37132,0
18.0713,3.01419,0
18.1896,2.37253,0
18.1418,2.63263,0
18.1981,2.20108,0
18.1369,2.45314,0
18.1674,2.52328,0
18.1926,2.20007,0
18.4279,0.65053,0
18.0111,3.02567,0
18.0659,2.89755,0
18.0347,2.99401,0
18.1728,2.355,0
18.1468,2.38417,0
18.1162,2.77735,0
18.1915,2.34741,0
18.3407,0.64336,0
18.1246,2.59824,0
18.1664,2.50919,0
18.0178,2.87614,0
18.1538,2.32637,0
18.1581,2.33544,0
18.1713,2.27358,0
18.1127,2.47678,0
18.1618,2.53478,0
18.0774,3.01188,0
18.3194,0.61977,0
18.0446,2.99827,0
18.1849,2.28065,0
18.1359,2.37556,0
18.1298,2.66897,0
18.0264,2.86923,0
18.0912,2.88739,0
18.1979,2.3176,0
18.1859,2.22743,0
18.4436,0.59575,0
18.3152,0.62155,0
18.1736,2.32805,0
18.0998,2.89159,0
18.097,2.67566,0
18.3584,0.67966,0
18.2664,0.61041,0
18.0343,2.86222,0
18.1979,2.31803,0
18.1072,2.78473,0
18.2682,0.59375,0
18.1539,2.41532,0
18.1172,2.63261,0
18.1935,2.33349,0
18.2981,0.64689,0
18.262,0.59141,0
18.0954,2.92734,0
18.3178,0.59922,0
18.1433,2.54296,0
18.0175,2.99317,0
18.2472,0.63003,0
18.1249,2.47535,0
18.3435,0.65365,0
18.0401,2.85426,0
18.1437,2.64453,0
18.0068,3.03983,0
18.076,2.7272,0
18.1992,2.32955,0
18.0527,3.05333,0
18.1364,2.75204,0
18.2248,2.15488,0
18.0389,3.05391,0
18.0251,3.05831,0
17.9903,3.05917,0
18.0184,3.05678,0
18.1129,2.90071,0
18.1997,2.33333,0
18.1777,2.47657,0
18.2092,2.26726,0
18.0481,3.05222,0
18.1654,2.56918,0
18.2082,2.30934,0
18.1124,2.91327,0
18.1404,2.72575,0
18.0893,3.07257,0
18.1321,2.77014,0
18.0998,3.05705,0
18.0039,3.05948,0
18.0462,3.05914,0
18.2156,2.25342,0
18.1195,2.86188,0
18.2459,2.13378,0
18.4201,0.55325,0
18.1664,2.70269,0
18.3444,0.54722,0
18.2556,0.53525,0
18.1916,2.61022,0
18.1769,2.69008,0
18.222,2.2189,0
18.3535,0.55947,0
18.1475,2.89014,0
18.1915,2.60153,0
18.1397,2.8827,0
18.3651,0.56338,0
18.2397,2.21659,0
18.2246,2.33154,0
18.2229,2.32091,0
18.1679,2.61895,0
18.1633,2.67054,0
18.2138,2.37126,0
18.1517,2.88707,0
18.1484,2.94366,0
18.1972,2.47336,0
18.1356,2.84283,0
18.1663,2.75209,0
18.1451,3.01312,0
18.1879,2.51483,0
18.2488,2.11741,0
18.1849,2.6393,0
18.1146,3.01659,0
18.1528,2.88982,0
18.229,2.25929,0
18.2177,2.37346,0
18.2496,2.10812,0
18.1636,2.74259,0
18.2103,2.35338,0
18.18,2.67397,0
18.2277,2.30617,0
18.143,2.9055,0
18.408,0.56365,0
18.2186,2.39699,0
18.1617,2.79352,0
18.3703,0.55842,0
18.1214,2.95051,0
18.1324,2.89396,0
18.1653,2.6629,0
18.1831,2.69973,0
18.1741,2.63801,0
18.3422,0.54193,0
18.1213,2.93735,0
18.1617,2.65772,0
18.3284,0.55733,0
18.3532,0.55889,0
18.1592,2.85415,0
18.1441,2.79368,0
18.1875,2.52343,0
18.2231,2.28318,0
18.1463,2.88324,0
18.1828,2.69176,0
18.3666,0.54934,0
18.2338,2.26421,0
18.3216,0.56284,0
18.1735,2.68898,0
18.276,0.55366,0
18.2433,2.41546,0
18.1848,2.79026,0
18.2048,0.44793,0
18.2725,2.36054,0
18.3301,0.46732,0
18.1493,0.40157,0
18.2533,2.71461,0
18.2657,2.35699,0
18.1874,2.7416,0
18.2064,2.81719,0
18.2732,2.69027,0
18.2406,2.73702,0
18.2214,2.56824,0
18.338,0.41994,0
18.202,0.40724,0
18.1912,2.87286,0
18.2638,2.59766,0
18.2076,2.58554,0
18.2575,2.62187,0
18.3262,0.51477,0
18.2597,2.10749,0
18.2659,2.49236,0
18.311,0.42626,0
18.1498,0.48276,0
18.2044,2.75547,0
18.2507,2.74133,0
18.2399,2.42723,0
18.2559,2.18825,0
18.3495,0.49867,0
18.2103,2.74388,0
18.3279,0.52865,0
18.1273,0.48509,0
18.2216,2.67125,0
18.2648,0.43154,0
18.2319,2.60616,0
18.257,2.33981,0
18.246,2.79505,0
18.2618,2.73522,0
18.1213,0.48056,0
18.2467,2.80278,0
18.2856,0.50074,0
18.2413,2.38648,0
18.1854,2.6941,0
18.2746,0.47704,0
18.3199,0.4865,0
18.2194,2.63727,0
18.1851,2.86266,0
18.344,0.40397,0
18.214,2.7424,0
18.1946,0.41618,0
18.2325,2.39402,0
18.2577,2.33469,0
18.3451,0.48335,0
18.2434,2.35123,0
18.2074,2.80623,0
18.2671,2.68181,0
18.2642,2.4958,0
18.2707,0.49463,0
18.2109,2.67168,0
18.2605,0.49688,0
18.2663,2.50911,0
18.2719,0.45578,0
18.2763,2.65071,0
18.2682,2.79039,0
18.2027,2.80874,0
18.2511,2.63184,0
18.1807,2.85317,0
18.1831,0.39864,0
18.2379,0.38397,0
18.2844,2.41451,0
18.1481,0.46093,0
18.1926,2.62383,0
18.1918,2.7621,0
18.1303,0.48968,0
18.2774,2.56747,0
18.276,2.07885,0
18.2494,2.78944,0
18.2197,2.65856,0
18.1377,0.43993,0
18.2375,2.62127,0
18.2274,2.71341,0
18.2546,2.51885,0
18.3514,0.4202,0
18.2047,2.62813,0
18.265,0.47107,0
18.2341,2.6834,0
18.1856,0.48146,0
18.24,2.56219,0
18.2104,0.5002,0
18.2897,2.36337,0
18.2435,0.41062,0
18.1239,0.46406,0
18.3224,0.44152,0
18.2136,2.69971,0
18.2536,2.64917,0
18.247,2.81605,0
18.2211,2.50151,0
18.2566,2.67939,0
18.2363,2.59517,0
18.2269,2.813,0
18.2567,2.15253,0
18.1918,2.79736,0
18.253,2.87027,0
18.1985,2.76299,0
18.1809,0.3819,0
18.2615,2.30048,0
18.2607,0.43209,0
18.1964,2.80807,0
18.1731,0.37662,0
18.2674,2.5865,0
18.1328,0.48389,0
18.1989,2.71404,0
18.268,0.4543,0
18.2319,2.6065,0
18.2449,2.84509,0
18.1835,2.71024,0
18.1197,0.45469,0
18.2771,2.17807,0
18.1945,2.85444,0
18.2833,2.16016,0
18.2232,2.74613,0
18.2649,2.86083,0
18.1687,2.82977,0
18.2825,2.61571,0
18.312,0.51546,0
18.2809,2.53102,0
18.2586,2.43585,0
18.2797,2.21101,0
18.2617,2.32326,0
18.2138,2.85098,0
18.2613,0.4191,0
18.2622,0.51028,0
18.2101,2.57436,0
18.2314,2.3904,0
18.3354,0.39712,0
18.2215,2.69299,0
18.2738,0.44673,0
18.2108,0.50344,0
18.2747,2.1022,0
18.1915,0.44426,0
18.1957,0.43464,0
18.2658,2.46001,0
18.3225,0.48157,0
18.2309,2.77153,0
18.2837,2.28595,0
18.2841,0.48863,0
18.2111,0.42565,0
18.3356,0.46625,0
18.2206,2.82691,0
18.3333,0.53395,0
18.2523,2.5022,0
18.2392,2.80022,0
18.1978,2.5905,0
18.3512,0.38716,0
18.2966,2.02499,0
18.2305,2.66109,0
18.2165,0.50315,0
18.343,0.47835,0
18.2672,0.39555,0
18.2721,2.3757,0
18.3359,0.45951,0
18.1273,0.42808,0
18.2664,2.52642,0
18.2296,2.68446,0
18.203,2.85604,0
18.2325,2.50626,0
18.1228,0.41377,0
18.2609,2.37851,0
18.1769,0.42069,0
18.3003,2.01681,0
18.2161,0.42622,0
18.2481,2.36608,0
18.1184,3.03455,0
18.1543,2.96741,0
18.1368,3.05568,0
18.4432,0.67965,0
18.1251,3.03698,0
18.4547,0.68061,0
18.1076,3.03903,0
18.1411,3.04078,0
18.1189,3.04095,0
18.1092,3.03025,0
18.4433,0.69379,0
18.4554,0.6595,0
18.4568,0.67593,0
18.4697,0.6151,0
18.1572,2.95402,0
18.459,0.61085,0
18.1703,2.90372,0
18.4585,0.98788,0
18.0666,3.09684,0
17.9716,3.09543,0
18.4339,1.07171,0
18.1138,3.08732,0
18.0468,3.08455,0
18.1072,3.07987,0
18.0165,3.11226,0
18.4543,0.99605,0
18.4481,1.05853,0
18.4571,0.9838,0
18.4825,0.83542,0
18.4872,0.90809,0
18.4811,0.72327,0
18.4813,0.90777,0
17.9945,3.107,0
18.0674,3.13486,0
18.1086,3.10127,0
18.4751,0.70174,0
18.4567,1.00845,0
18.4913,0.82774,0
18.4875,0.85435,0
18.4994,0.7327,0
18.0351,3.09859,0
18.079,3.13746,0
18.4428,1.07835,0
18.0599,3.07623,0
18.0991,3.09914,0
18.508,0.72652,0
18.5008,0.71747,0
18.0485,3.11991,0
18.4531,1.04689,0
18.0168,3.12063,0
18.4781,0.87281,0
18.4487,1.03584,0
18.4768,0.95221,0
18.0008,3.09779,0
18.5147,0.689,0
18.5018,0.82006,0
18.4823,0.68535,0
18.4769,0.9157,0
18.475,0.89502,0
18.4449,1.01889,0
18.5186,0.72416,0
17.9366,0.28157,0
17.7658,0.03569,0
18.0363,0.06534,0
17.7276,0.02856,0
18.0232,0.23722,0
18.4133,2.34523,0
18.3694,2.22961,0
18.0762,0.25098,0
18.0583,0.25251,0
18.3939,2.33953,0
18.4084,1.88515,0
18.0219,0.06485,0
18.4222,2.26488,0
17.9377,0.07831,0
17.9741,-0.06098,0
17.9574,-0.02146,0
18.4676,2.2623,0
18.326,2.09258,0
18.4873,2.29988,0
17.8559,0.30082,0
18.3374,2.22611,0
18.3176,2.34445,0
18.438,2.25087,0
18.0635,0.31495,0
17.9229,0.05753,0
17.6262,0.04404,0
17.882,0.02408,0
18.4593,2.28063,0
18.4022,2.18299,0
17.7519,0.06819,0
18.4556,1.81685,0
17.9482,0.1246,0
18.3581,2.29777,0
18.4548,1.99918,0
18.2957,2.28296,0
18.4376,2.21392,0
18.0058,0.18787,0
18.4445,2.32133,0
18.3135,2.20677,0
18.4462,2.2564,0
18.3986,1.90883,0
15.4558,3.06131,0
17.8965,0.08608,0
18.4091,2.19036,0
17.887,0.05439,0
18.4046,2.11389,0
18.5153,2.01684,0
18.4119,2.06008,0
17.8684,0.14239,0
17.8528,0.04051,0
17.9119,0.04932,0
18.476,2.1731,0
18.532,2.1269,0
17.7837,0.00616,0
18.4612,1.80367,0
18.4297,2.03207,0
18.4731,2.16868,0
18.4421,2.33813,0
18.4166,2.03298,0
18.4295,2.22544,0
18.5162,2.23008,0
17.6344,-0.03082,0
18.0148,0.29771,0
18.0962,0.29145,0
18.4078,1.86197,0
17.8718,0.19193,0
18.5173,2.09522,0
18.4778,2.11546,0
17.8851,0.16347,0
18.5157,2.20196,0
17.8539,0.13876,0
18.4535,1.81559,0
18.3699,1.96643,0
18.528,2.24107,0
18.5554,2.24466,0
17.8999,-0.09022,0
18.4115,1.94065,0
18.0322,0.25784,0
18.3156,2.37277,0
18.5112,2.29785,0
17.9569,0.14416,0
17.9837,0.11777,0
18.3001,2.30884,0
18.432,2.02819,0
17.9217,-0.00989,0
17.9736,0.28174,0
18.3843,2.19743,0
18.4828,2.33103,0
18.341,2.15727,0
15.4843,3.05042,0
18.3419,2.31093,0
18.1001,0.32439,0
18.4299,2.31109,0
18.0012,0.07535,0
18.3271,2.05134,0
18.5331,2.08158,0
18.4472,2.00966,0
18.0461,0.19937,0
18.4093,2.00776,0
18.4221,2.13952,0
18.0012,-0.07209,0
17.6847,0.00899,0
17.821,0.05038,0
17.7026,-0.01354,0
17.8747,-0.05303,0
18.1002,0.2838,0
17.8235,0.20548,0
17.9308,-0.08798,0
17.7001,0.00017,0
18.3182,2.26881,0
18.3669,2.18345,0
18.4645,2.184,0
18.4753,2.00496,0
18.3387,2.11559,0
18.4448,2.15189,0
18.4619,1.94552,0
17.8093,-0.07254,0
18.4748,1.88455,0
18.4883,2.25111,0
18.0018,0.30692,0
17.8623,0.24456,0
17.9218,-0.03562,0
18.0188,0.00925,0
18.5282,2.18568,0
17.866,0.05581,0
18.3261,2.35134,0
17.9223,0.22594,0
18.5144,2.10328,0
18.4734,1.90354,0
18.5531,2.31115,0
17.9657,0.08911,0
18.353,2.29842,0
17.879,0.23923,0
17.7437,0.0176,0
17.8637,0.10103,0
18.4822,1.92747,0
18.3635,2.16518,0
17.9005,-0.02029,0
17.9769,-0.02562,0
18.0763,0.22374,0
18.4882,2.21563,0
17.8307,-0.04542,0
18.4127,2.16376,0
18.4375,2.1623,0
17.8592,0.02947,0
17.8304,-0.01276,0
18.4012,1.98665,0
18.3723,1.99774,0
17.8808,-0.04866,0
17.8626,0.04098,0
18.3826,2.33226,0
17.8927,0.25375,0
18.4326,2.10655,0
18.3582,2.22434,0
18.0002,-0.0277,0
18.3626,2.13572,0
17.917,-0.03722,0
15.4649,3.06157,0
18.0276,-0.00639,0
18.4547,2.20032,0
18.0035,0.13445,0
17.8614,0.16608,0
18.0764,0.27722,0
18.3707,2.33819,0
17.9834,-0.02867,0
18,0.12354,0
18.5189,2.2606,0
17.9183,0.2817,0
18.3771,2.04097,0
17.9039,0.22692,0
18.3505,2.16193,0
17.7391,0.03958,0
17.8698,0.27539,0
18.3999,2.31294,0
18.4942,2.1071,0
18.5003,2.17641,0
17.9332,0.092,0
18.3558,2.21536,0
18.3999,2.02859,0
18.5474,2.29452,0
17.6539,0.05123,0
17.8612,0.07742,0
18.4925,1.95642,0
18.0398,0.03828,0
17.8952,0.3007,0
18.5036,2.06949,0
18.5016,2.02822,0
17.9713,0.24095,0
17.7145,0.03459,0
17.8732,0.23952,0
18.3263,2.06545,0
18.4282,1.89437,0
18.4662,2.09149,0
17.7592,-0.03083,0
18.0645,0.30614,0
17.8864,0.0832,0
18.4622,1.82661,0
18.3564,2.17568,0
18.3629,2.14019,0
17.9372,0.00789,0
18.394,2.20004,0
17.8232,-0.01875,0
18.5281,2.13266,0
17.8801,-0.00719,0
17.8882,-0.06366,0
18.4705,2.1134,0
17.7908,0.00323,0
17.8573,0.20456,0
17.6588,0.05948,0
17.9335,0.15245,0
17.8434,0.19052,0
18.3454,2.28664,0
17.8846,0.20077,0
17.9821,0.13752,0
17.8904,0.23425,0
18.535,2.25136,0
18.4693,2.22482,0
18.4314,1.93923,0
18.4932,2.12388,0
18.0329,0.11649,0
17.7303,0.05978,0
17.9915,0.1897,0
17.8965,0.21025,0
18.5272,2.11507,0
17.8657,0.17373,0
18.4435,2.33997,0
17.9651,0.0329,0
17.8546,0.24726,0
18.3827,2.13551,0
18.4847,1.90497,0
17.8977,0.17778,0
18.5737,2.24237,0
17.983,-0.02524,0
18.3191,2.19316,0
18.0309,0.09232,0
17.8238,0.11873,0
17.904,0.15921,0
17.9831,0.31368,0
17.7333,-0.04336,0
17.8339,-0.04505,0
18.3262,2.32189,0
18.4882,1.99575,0
17.9552,-0.04359,0
17.9634,0.30259,0
18.5147,2.18792,0
18.3395,2.02147,0
18.0537,0.30502,0
17.8867,0.01633,0
17.952,0.05914,0
18.3356,2.35026,0
17.778,-0.04595,0
17.7861,-0.02816,0
18.0487,0.19987,0
17.9127,0.13962,0
17.8677,-0.03254,0
17.8275,0.14989,0
18.0374,0.27632,0
18.3522,2.13667,0
17.8948,0.16966,0
17.961,0.30285,0
18.5131,2.18444,0
17.967,0.17336,0
17.8001,0.06581,0
18.0384,0.16279,0
17.741,-0.03233,0
17.6828,-0.02356,0
18.5221,2.21371,0
18.0329,0.02412,0
17.9874,-0.07962,0
18.5393,2.17066,0
18.3596,2.13813,0
18.5518,2.25209,0
18.0755,0.23296,0
17.9078,0.10665,0
18.4553,1.87731,0
17.8522,-0.0628,0
17.9632,0.15187,0
17.8455,0.09565,0
18.0661,0.14727,0
17.8722,0.10943,0
18.5863,2.29677,0
17.9466,-0.10105,0
17.6411,0.01083,0
17.8621,0.07096,0
17.8626,0.28843,0
18.5029,1.96292,0
18.577,2.25865,0
18.4692,2.13983,0
18.3852,2.03364,0
17.9281,0.14448,0
17.9433,0.0472,0
18.0352,0.1483,0
17.9178,-0.03586,0
17.9363,0.06712,0
18.3194,2.02281,0
18.442,1.858,0
18.3973,1.9555,0
17.8961,0.09738,0
17.9106,0.08173,0
18.3289,2.34471,0
18.379,2.03133,0
17.8754,-0.07571,0
18.4005,2.08412,0
18.0931,0.24812,0
18.3871,2.17288,0
18.0094,-0.06774,0
18.4474,2.2151,0
17.8032,-0.0012,0
17.8451,-0.07602,0
18.0024,0.16011,0
18.4869,2.06605,0
18.4631,2.07192,0
18.4333,2.29843,0
18.4827,2.16081,0
17.914,0.30122,0
18.0287,0.23559,0
17.9392,0.20497,0
17.9884,0.08598,0
18.3463,2.34308,0
17.9165,0.26921,0
18.0404,0.29856,0
18.066,0.24509,0
17.9955,-0.0352,0
17.888,0.01257,0
18.0196,0.31323,0
17.7489,0.06709,0
17.7797,-0.0047,0
17.6923,0.05832,0
17.8322,0.17172,0
17.8609,0.1045,0
18.526,2.22303,0
18.0484,0.23816,0
18.395,2.34835,0
18.443,1.99782,0
18.5465,2.10733,0
17.9169,0.05034,0
17.8728,0.13908,0
18.443,2.12205,0
18.525,2.09072,0
18.4205,2.17133,0
18.4554,2.12969,0
18.3931,2.05998,0
17.9474,0.19508,0
18.3346,2.13647,0
17.8799,0.08105,0
17.9386,0.28349,0
18.439,2.30894,0
17.635,0.03635,0
18.0255,-0.02802,0
17.8593,0.19141,0
18.3404,2.36668,0
17.9577,0.08582,0
18.4575,2.27548,0
18.4509,2.02039,0
18.3453,1.97443,0
17.9211,-0.06831,0
17.7948,-0.06647,0
18.0014,0.04511,0
18.0486,0.19614,0
17.9313,0.16543,0
18.3752,2.14415,0
17.8308,0.08827,0
17.8251,0.19393,0
18.3065,2.34384,0
17.9611,0.07678,0
18.4838,2.18359,0
17.9844,0.01622,0
18.4742,2.01118,0
18.3702,1.94723,0
18.4595,1.7935,0
18.3631,2.23918,0
18.5634,2.19301,0
18.4002,2.1775,0
18.379,2.00184,0
18.4642,2.27836,0
18.4211,2.23275,0
17.9018,0.05015,0
17.9498,-0.01119,0
17.889,0.18911,0
18.3956,2.15017,0
18.3553,1.97832,0
17.972,0.12257,0
18.3009,2.35503,0
17.813,-0.05291,0
18.4933,2.10648,0
18.446,2.20452,0
18.4831,1.96451,0
17.8291,0.03014,0
18.0481,0.20415,0
18.492,2.10018,0
17.8566,-0.05344,0
18.3933,2.00634,0
17.6572,0.02584,0
18.4303,2.24059,0
18.2975,2.26054,0
17.6776,0.03179,0
18.0002,-0.09832,0
17.8684,0.14902,0
18.5339,2.11563,0
18.4883,2.2472,0
17.904,0.0979,0
17.8563,-0.02348,0
18.0989,0.28585,0
18.3196,2.04108,0
18.4777,2.11512,0
18.3584,2.2783,0
17.9919,0.29423,0
18.4142,1.88636,0
18.0098,0.23333,0
17.9112,-0.07606,0
18.4888,1.92629,0
18.4182,2.28134,0
17.7923,0.05155,0
18.4555,1.98346,0
18.3485,2.08265,0
18.0288,0.18803,0
18.518,2.27368,0
18.0079,0.15499,0
18.3218,2.17811,0
17.906,0.24572,0
17.9633,0.31643,0
17.9198,0.28643,0
17.9053,-0.07756,0
18.4203,2.15647,0
17.8508,0.21105,0
18.4595,1.87763,0
17.9964,0.02359,0
18.4087,2.13599,0
17.8967,0.01718,0
18.5099,2.26216,0
18.3696,2.30998,0
18.4556,2.10937,0
17.8893,-0.09493,0
17.9599,0.31082,0
17.8375,0.00253,0
18.3706,2.27311,0
18.3579,2.21046,0
18.4422,2.13722,0
18.4634,2.12163,0
17.9296,0.00603,0
18.4002,1.87661,0
18.341,2.29487,0
17.9767,0.12828,0
18.4,2.22552,0
18.5428,2.13897,0
17.9003,-0.06511,0
17.8499,0.06024,0
18.0991,0.20373,0
18.46,2.39833,0
18.1281,0.1611,0
18.334,2.43161,0
18.1938,0.2864,0
18.469,2.47468,0
18.3907,2.37526,0
18.4824,2.45357,0
18.3662,2.44852,0
18.4523,2.34615,0
18.4518,2.36461,0
18.1147,0.08874,0
18.3888,2.40338,0
18.4798,2.49803,0
18.5251,2.45096,0
18.1282,0.15381,0
18.4215,2.4227,0
18.52,2.43707,0
18.4184,2.47938,0
18.4777,2.43149,0
18.4378,2.34528,0
18.0625,0.10605,0
18.1213,0.06208,0
18.4526,2.34945,0
18.1345,0.20093,0
18.4786,2.35685,0
18.1354,0.31135,0
18.3512,2.3682,0
18.1412,0.24164,0
18.4175,2.37781,0
18.1811,0.24317,0
18.1462,0.13973,0
18.3014,2.46511,0
18.4658,2.38032,0
18.0775,0.1243,0
18.4729,2.38841,0
18.0913,0.13445,0
18.1024,0.03712,0
18.3131,2.50293,0
18.3521,2.50828,0
18.514,2.42027,0
18.4128,2.50402,0
18.1055,0.17923,0
18.4342,2.41727,0
18.3657,2.44295,0
18.1216,0.04821,0
18.0848,0.05905,0
18.1226,0.17515,0
18.4648,2.3658,0
18.4129,2.38901,0
18.1979,0.35226,0
18.1718,0.19282,0
18.1336,0.18727,0
18.3455,2.42153,0
18.4698,2.49127,0
18.1422,0.13124,0
18.2901,2.46225,0
18.0806,0.0875,0
18.081,0.12888,0
18.152,0.25544,0
18.3338,2.52043,0
18.3134,2.49477,0
18.1636,0.34727,0
18.4635,2.39561,0
18.1788,0.32092,0
18.3671,2.5124,0
18.1334,0.24376,0
18.1795,0.26233,0
18.4268,2.49955,0
18.1341,0.18436,0
18.337,2.50307,0
18.4353,2.45128,0
18.4595,2.41314,0
18.5143,2.35798,0
18.3106,2.52275,0
18.5178,2.47969,0
18.4839,2.47849,0
18.1147,0.10022,0
18.1208,0.10809,0
18.1676,0.27968,0
18.3099,2.42391,0
18.1293,0.1052,0
18.3637,2.44017,0
18.1558,0.12274,0
18.1587,0.28027,0
18.16,0.36285,0
18.4909,2.44444,0
18.3968,2.39124,0
18.1034,0.15377,0
18.4178,2.40393,0
18.5218,2.41556,0
18.1744,0.1884,0
18.3523,2.40999,0
18.0961,0.19758,0
18.1098,0.24279,0
18.3344,2.40241,0
18.1609,0.26499,0
18.3253,2.49501,0
18.1771,0.28867,0
18.3681,2.46244,0
18.1481,0.28413,0
18.3624,2.49793,0
18.5065,2.40003,0
18.3625,2.44556,0
18.4189,2.4561,0
18.4963,2.38892,0
18.1571,0.22132,0
18.3852,2.39065,0
18.2931,2.45446,0
18.5276,2.45634,0
18.1284,0.21887,0
18.4906,2.46464,0
18.1782,0.3706,0
18.1631,0.112,0
18.4483,2.44482,0
18.1742,0.21145,0
18.417,2.36702,0
18.3589,2.41811,0
18.1724,0.32669,0
18.5302,2.45243,0
18.0974,0.07705,0
18.4418,2.45899,0
18.3561,2.4037,0
18.1213,0.30321,0
18.397,2.49149,0
18.1467,0.25557,0
18.5052,2.42021,0
18.1152,0.15894,0
18.3744,2.51362,0
18.3133,2.39738,0
18.38,2.40966,0
18.3198,2.49322,0
18.4977,2.43163,0
18.1029,0.05321,0
18.1645,0.17877,0
18.3365,2.50467,0
18.35,2.37562,0
18.5119,2.49087,0
18.073,0.06762,0
18.1087,0.04121,0
18.0609,0.04186,0
18.1876,0.28665,0
18.1453,0.0746,0
18.2923,2.5118,0
18.1484,0.17581,0
18.118,0.18392,0
18.5062,2.45827,0
18.1769,0.31645,0
18.3769,2.51302,0
18.3015,2.45377,0
18.4619,2.62167,0
18.3869,2.54797,0
18.423,2.60643,0
18.4428,2.5661,0
18.3098,2.61041,0
18.2058,0.29634,0
18.3926,2.61704,0
18.1928,0.15975,0
18.4872,2.61789,0
18.3542,2.53406,0
18.4597,2.51432,0
18.2073,0.36494,0
18.3258,2.55638,0
18.2911,2.56584,0
18.2135,0.30493,0
18.3769,2.56999,0
18.2418,0.22998,0
18.3207,2.53922,0
18.201,0.201,0
18.1748,0.14255,0
18.4393,2.50783,0
18.4235,2.59445,0
18.4395,2.5278,0
18.2447,0.30432,0
18.313,2.63072,0
18.2899,2.62889,0
18.2429,0.34853,0
18.2182,0.32082,0
18.4669,2.5893,0
18.46,2.57117,0
18.2451,0.2427,0
18.2285,0.13935,0
18.4737,2.56816,0
18.3474,2.62324,0
18.2066,0.23344,0
18.2053,0.14973,0
18.2151,0.29458,0
18.2067,0.33235,0
18.419,2.62134,0
18.4312,2.53738,0
18.2172,0.16359,0
18.3653,2.60659,0
18.2261,0.18528,0
18.2399,0.18629,0
18.4581,2.52647,0
18.4164,2.62194,0
18.3438,2.61049,0
18.3587,2.62865,0
18.3026,2.55531,0
18.233,0.33943,0
18.3384,2.59307,0
18.3601,2.52392,0
18.3435,2.53967,0
18.2296,0.33451,0
18.4546,2.56447,0
18.4786,2.56032,0
18.3704,2.6094,0
18.2344,0.3106,0
18.392,2.52485,0
18.1821,0.14939,0
18.2478,0.32452,0
18.2213,0.27157,0
18.2336,0.28942,0
18.4431,2.53841,0
18.2141,0.32675,0
18.3361,2.53608,0
18.2244,0.27991,0
18.212,0.35037,0
18.2447,0.33417,0
18.1906,0.22599,0
18.244,0.33007,0
18.4388,2.55015,0
18.3685,2.59261,0
18.3752,2.59023,0
18.2248,0.26207,0
18.341,2.55109,0
18.3358,2.72246,0
18.4029,2.68091,0
18.3399,2.6386,0
18.2907,2.75092,0
18.2925,2.67983,0
18.2748,0.3375,0
18.3084,0.31898,0
18.3701,2.69473,0
18.3414,2.72693,0
18.2864,0.37454,0
18.3552,2.7169,0
18.2868,0.29272,0
18.4249,2.70455,0
18.3337,2.74612,0
18.3149,0.30786,0
18.2939,0.26684,0
18.3328,2.69512,0
18.3209,0.26677,0
18.3209,2.6395,0
18.4092,2.69244,0
18.4181,2.69608,0
18.283,0.34196,0
18.422,2.71708,0
18.3994,2.63127,0
18.2907,2.6667,0
18.3117,2.65609,0
18.2932,2.68118,0
18.3649,2.66033,0
18.2795,2.74275,0
18.2823,2.66873,0
18.2903,0.31753,0
18.2892,2.73571,0
18.4124,2.70517,0
18.2644,0.31662,0
18.308,2.70871,0
18.4205,2.64739,0
18.3073,2.72117,0
18.3062,2.67128,0
18.4022,2.73602,0
18.2722,0.34689,0
18.3669,2.6497,0
18.4353,2.71453,0
18.3584,2.74268,0
18.3515,2.64371,0
18.4062,2.6834,0
18.2706,0.2915,0
18.425,2.67043,0
18.3755,2.64133,0
18.4369,2.6504,0
18.4347,2.63416,0
18.4441,2.62773,0
18.4498,2.63205,0
15.5078,3.1313,0
15.483,3.16604,0
17.8321,-0.13064,0
17.8679,-0.10899,0
18.5706,2.17831,0
18.6092,2.09613,0
17.9179,-0.14368,0
18.5827,2.1213,0
17.9557,-0.1614,0
15.3748,3.10406,0
18.6384,2.1783,0
17.7489,-0.09358,0
18.5361,1.82463,0
18.5578,1.93875,0
18.523,1.89398,0
15.4419,3.1668,0
18.5187,1.79405,0
15.2184,3.24058,0
17.6121,-0.05999,0
18.6101,2.17663,0
17.8174,-0.1274,0
18.5036,1.90663,0
18.5288,1.84791,0
17.617,-0.06808,0
15.2901,3.1578,0
18.5272,1.87779,0
15.1442,3.244,0
17.775,-0.12109,0
15.4113,3.13461,0
17.7194,-0.10569,0
17.661,-0.08847,0
17.8751,-0.1073,0
15.2773,3.18269,0
17.9049,-0.16213,0
15.5094,3.0913,0
18.4832,1.78296,0
18.6247,2.19192,0
15.4082,3.1736,0
18.5475,2.0083,0
18.5519,1.96299,0
18.494,1.86977,0
17.6389,-0.06461,0
18.6094,2.22052,0
15.3672,3.17162,0
18.5754,2.21122,0
17.6118,-0.03195,0
15.242,3.22013,0
15.2804,3.20099,0
15.545,3.12053,0
15.194,3.24042,0
15.427,3.15068,0
18.5971,1.97902,0
15.3968,3.14369,0
18.6094,2.00939,0
17.6925,-0.09028,0
18.5168,1.87313,0
15.3169,3.1581,0
15.3925,3.17621,0
18.5219,1.76537,0
17.8593,-0.09614,0
17.9189,-0.12321,0
18.644,2.19175,0
18.4912,1.84645,0
15.3936,3.15835,0
18.6366,2.20686,0
18.5017,1.83601,0
18.492,1.76441,0
17.7621,-0.08138,0
17.6779,-0.05679,0
18.6033,2.06729,0
18.535,1.94891,0
18.5629,1.88251,0
15.1919,3.23697,0
15.3922,3.11154,0
18.6217,2.20689,0
15.3235,3.13656,0
15.4805,3.06627,0
15.2763,3.22328,0
18.6431,2.13482,0
17.9718,-0.11931,0
18.5146,1.7789,0
18.6242,2.11605,0
18.5302,1.93994,0
18.5822,2.03003,0
18.5247,1.93772,0
18.5485,1.94293,0
18.5778,2.01983,0
15.4655,3.15337,0
15.4539,3.0712,0
18.5681,2.00093,0
15.4775,3.10637,0
15.4164,3.18427,0
17.784,-0.12609,0
18.5594,1.95202,0
15.5375,3.13972,0
17.8966,-0.14363,0
15.3729,3.15931,0
15.4076,3.12673,0
18.579,2.22004,0
18.5634,1.86635,0
17.7901,-0.08697,0
18.5109,1.82546,0
18.6166,2.0603,0
17.6853,-0.04861,0
15.0674,3.27718,0
18.5722,1.98297,0
18.5947,2.20145,0
18.5178,1.78569,0
15.1204,3.26655,0
17.9437,-0.14466,0
18.5245,2.00709,0
15.4755,3.10263,0
18.5845,2.12299,0
18.5754,2.21383,0
18.6218,2.21429,0
17.8561,-0.14548,0
18.5669,2.15614,0
18.5382,1.78683,0
18.5983,2.03441,0
18.5244,1.87668,0
17.8005,-0.10236,0
15.3814,3.17479,0
18.5864,2.09129,0
18.6439,2.13771,0
18.5359,1.9304,0
18.6354,2.12724,0
15.4673,3.08888,0
15.2014,3.21467,0
17.6678,-0.07724,0
18.6118,2.14081,0
18.5245,1.95601,0
15.0834,3.27664,0
17.6643,-0.08088,0
17.7899,-0.08462,0
18.6138,2.2034,0
18.6001,2.1132,0
15.4718,3.15412,0
18.563,2.0781,0
15.2955,3.18322,0
17.9484,-0.11684,0
18.549,1.92157,0
15.283,3.21539,0
17.8442,-0.10372,0
15.5146,3.10688,0
18.534,1.87429,0
17.8958,-0.11261,0
17.6165,-0.07479,0
15.1271,3.25426,0
18.5805,2.05352,0
15.4886,3.0737,0
17.9454,-0.15137,0
17.9024,-0.16183,0
15.3347,3.14772,0
15.121,3.27419,0
15.0894,3.27045,0
17.6238,-0.07346,0
18.5273,1.78248,0
18.4795,1.81216,0
15.3156,3.15799,0
18.5028,1.9019,0
17.9369,-0.1148,0
18.5418,2.03674,0
17.9153,-0.14678,0
17.9581,-0.15905,0
18.5027,1.86358,0
18.5793,2.0336,0
17.8951,-0.11069,0
15.4733,3.08059,0
15.4723,3.11755,0
17.8398,-0.1235,0
17.8979,-0.14632,0
18.5141,1.85778,0
17.8081,-0.10812,0
15.4739,3.08168,0
15.5334,3.13477,0
18.477,1.7757,0
15.3437,3.16269,0
15.5227,3.10983,0
18.5763,2.13698,0
18.5534,1.83555,0
18.5184,1.93067,0
15.3738,3.12536,0
15.4633,3.06727,0
15.4416,3.17263,0
18.6327,2.19341,0
15.3813,3.17967,0
17.7902,-0.11915,0
15.49,3.14836,0
17.9592,-0.14369,0
18.5052,1.91107,0
15.0866,3.28195,0
17.9495,-0.1323,0
15.2662,3.37632,0
15.2124,3.30521,0
15.5968,3.25132,0
17.574,-0.28031,0
15.4849,3.52733,0
17.5366,-0.43825,0
15.6898,3.37007,0
18.5282,1.57624,0
15.6256,3.22923,0
15.2661,3.24428,0
15.5886,3.3734,0
15.1779,3.38014,0
18.7089,1.62134,0
15.2034,3.39378,0
15.3195,3.42437,0
15.4916,3.40586,0
17.3974,-0.38525,0
18.5832,1.76501,0
17.545,-0.43928,0
15.4774,3.42618,0
17.4214,-0.36795,0
15.1703,3.41799,0
15.3196,3.22146,0
15.3351,3.37857,0
15.2114,3.39641,0
15.5587,3.40262,0
17.601,-0.28399,0
15.6434,3.2918,0
15.3201,3.51562,0
15.418,3.46009,0
18.6696,1.58124,0
17.5578,-0.30584,0
17.6845,-0.2105,0
18.5333,1.75323,0
15.5079,3.39167,0
15.1627,3.32147,0
15.3136,3.39761,0
15.7218,3.33137,0
15.2277,3.35522,0
15.5794,3.4093,0
15.3547,3.46583,0
15.4122,3.44718,0
15.464,3.32885,0
18.5539,1.66271,0
18.6403,1.7632,0
15.1632,3.38828,0
15.2937,3.26513,0
18.5971,1.51597,0
15.6012,3.40406,0
15.4311,3.32131,0
17.4565,-0.41242,0
17.5599,-0.3632,0
15.6409,3.4152,0
15.6985,3.33657,0
15.4142,3.56106,0
18.5475,1.69236,0
15.5991,3.31228,0
15.3532,3.24858,0
15.3758,3.32994,0
15.633,3.23794,0
15.4248,3.42982,0
15.6089,3.23778,0
15.3294,3.59218,0
15.2546,3.27276,0
15.1536,3.34751,0
17.5135,-0.40015,0
15.6067,3.34218,0
15.3119,3.38377,0
17.6131,-0.25094,0
17.57,-0.36376,0
18.6305,1.74241,0
15.1076,3.3458,0
15.1541,3.28411,0
15.3956,3.46239,0
15.5181,3.21577,0
17.4212,-0.33374,0
18.6933,1.64182,0
17.6451,-0.25184,0
15.341,3.2659,0
15.3738,3.49288,0
15.355,3.33803,0
18.6461,1.70053,0
17.5691,-0.33752,0
17.5611,-0.23992,0
18.5711,1.76388,0
15.1977,3.44025,0
18.6766,1.68033,0
15.4103,3.26553,0
15.6749,3.37009,0
15.5826,3.3911,0
15.4466,3.47867,0
15.4688,3.45635,0
17.5541,-0.26342,0
15.578,3.3423,0
15.2734,3.39217,0
15.5718,3.26821,0
18.5717,1.76181,0
15.6638,3.34041,0
18.5977,1.65323,0
15.5619,3.37224,0
15.6995,3.38321,0
15.3615,3.23082,0
15.4721,3.49891,0
15.1965,3.48859,0
15.284,3.41097,0
18.6236,1.75251,0
15.422,3.4757,0
15.2854,3.63095,0
15.4638,3.46057,0
18.5517,1.53828,0
15.2376,3.47252,0
17.5674,-0.2644,0
17.5959,-0.33815,0
15.4446,3.21769,0
15.2755,3.52165,0
15.2239,3.46108,0
15.1416,3.28778,0
15.2418,3.50625,0
15.3271,3.5453,0
15.1987,3.27402,0
15.2738,3.59103,0
15.4197,3.41097,0
18.6015,1.54685,0
15.4797,3.20994,0
18.7002,1.68236,0
15.5328,3.44637,0
18.5564,1.37557,0
15.7072,3.32682,0
15.3619,3.41007,0
17.4081,-0.40114,0
17.635,-0.16375,0
15.2492,3.24216,0
15.281,3.54421,0
18.6773,1.58327,0
15.5721,3.29836,0
15.253,3.51276,0
18.6075,1.7693,0
18.5895,1.75297,0
15.2513,3.58302,0
15.5074,3.32644,0
15.2943,3.30136,0
15.3784,3.35913,0
17.674,-0.23463,0
15.2427,3.34686,0
15.1269,3.32587,0
17.55,-0.26606,0
17.6418,-0.10126,0
15.2747,3.3398,0
15.2363,3.45349,0
15.5363,3.44068,0
17.489,-0.41073,0
15.3322,3.46917,0
15.3091,3.53725,0
15.632,3.24255,0
18.5956,1.62099,0
15.2026,3.28822,0
18.6077,1.68876,0
15.5937,3.17373,0
15.3398,3.59834,0
15.4566,3.18138,0
18.68,1.71341,0
15.1948,3.37277,0
15.4296,3.1872,0
15.6808,3.31034,0
15.5086,3.4973,0
18.6236,1.70146,0
17.5998,-0.15262,0
17.5487,-0.32051,0
15.4009,3.35281,0
15.2135,3.34988,0
17.5372,-0.29515,0
15.6818,3.30028,0
18.6523,1.52357,0
18.6903,1.66896,0
18.6607,1.6151,0
18.6483,1.64687,0
17.5379,-0.27373,0
17.6754,-0.11147,0
17.4164,-0.33228,0
15.4263,3.24818,0
17.4501,-0.32603,0
15.5116,3.27868,0
18.6742,1.69002,0
17.6295,-0.09879,0
15.2306,3.55237,0
15.333,3.57117,0
17.6305,-0.20903,0
18.5722,1.46291,0
15.4461,3.46063,0
15.4338,3.4239,0
15.1747,3.426,0
15.2017,3.47863,0
15.2005,3.36672,0
15.2015,3.35215,0
18.6605,1.75366,0
15.3139,3.54268,0
15.4383,3.39807,0
15.5482,3.36185,0
17.6217,-0.0824,0
17.627,-0.08777,0
15.4439,3.43826,0
15.4221,3.25626,0
17.5786,-0.39414,0
15.3524,3.54259,0
15.2938,3.2861,0
15.61,3.43556,0
18.5651,1.43148,0
15.4049,3.29509,0
15.6313,3.32664,0
15.4515,3.333,0
15.3555,3.30188,0
15.3714,3.23761,0
15.3009,3.55429,0
18.5451,1.77996,0
15.2734,3.38929,0
15.5416,3.43615,0
15.6944,3.40239,0
15.1557,3.29056,0
17.6161,-0.10487,0
15.4272,3.27802,0
15.1073,3.3459,0
17.4807,-0.32821,0
18.5976,1.78683,0
15.3721,3.42366,0
15.5303,3.37964,0
17.6194,-0.12203,0
15.5368,3.19501,0
15.4753,3.23764,0
15.2362,3.28646,0
18.5629,1.41947,0
18.6275,1.6956,0
15.5992,3.44412,0
15.3469,3.21836,0
18.5745,1.77957,0
15.2962,3.23607,0
17.3883,-0.39334,0
15.5804,3.36644,0
17.6004,-0.33432,0
15.4104,3.55572,0
17.6022,-0.11237,0
15.628,3.38678,0
15.3365,3.54106,0
18.6717,1.68435,0
15.1914,3.48222,0
17.6568,-0.22788,0
17.6677,-0.10199,0
15.2459,3.61126,0
15.2595,3.43262,0
15.3803,3.57095,0
17.6485,-0.28003,0
17.6496,-0.09173,0
15.589,3.3318,0
15.4572,3.19669,0
17.5992,-0.37279,0
15.1663,3.30661,0
15.3239,3.58872,0
18.5841,1.62409,0
15.2633,3.28473,0
15.2267,3.52917,0
15.4642,3.20979,0
15.2768,3.29053,0
15.6515,3.2405,0
17.6203,-0.12157,0
15.1942,3.46761,0
15.1608,3.42535,0
15.5766,3.18825,0
15.3808,3.20331,0
15.2086,3.3026,0
17.628,-0.31461,0
18.6282,1.58942,0
15.2931,3.54892,0
17.5648,-0.26981,0
15.2263,3.53085,0
15.6966,3.39331,0
15.397,3.46428,0
15.4383,3.50731,0
17.4796,-0.43249,0
15.3429,3.3464,0
15.4378,3.50357,0
15.18,3.26526,0
18.6454,1.74164,0
17.5561,-0.33872,0
18.5861,1.5744,0
17.423,-0.40188,0
18.593,1.70846,0
15.6428,3.41894,0
15.2368,3.30914,0
15.196,3.42741,0
15.2949,3.48616,0
15.6362,3.25004,0
18.6467,1.50791,0
15.2009,3.25748,0
15.6703,3.40697,0
18.6289,1.61425,0
15.3127,3.21921,0
15.3126,3.41661,0
17.4266,-0.34333,0
18.5677,1.50348,0
15.2248,3.41863,0
18.5944,1.66476,0
17.559,-0.35533,0
15.3914,3.36537,0
18.665,1.73354,0
15.4734,3.1712,0
15.3342,3.30333,0
18.6185,1.54726,0
17.5983,-0.37313,0
15.3251,3.28076,0
15.1641,3.40569,0
15.6723,3.29442,0
15.4271,3.38521,0
17.4961,-0.35369,0
15.6267,3.33851,0
15.2106,3.43404,0
15.4792,3.45615,0
15.5713,3.36106,0
15.3182,3.42949,0
15.1099,3.36483,0
17.4345,-0.41759,0
18.5342,1.56861,0
18.5674,1.62424,0
17.4485,-0.31726,0
15.6471,3.29097,0
15.2775,3.58122,0
15.6433,3.26287,0
17.4684,-0.43878,0
15.2129,3.52633,0
18.5413,1.74229,0
18.6433,1.61126,0
17.6065,-0.15898,0
18.6704,1.6775,0
18.7248,1.70363,0
15.2005,3.49004,0
18.552,1.55356,0
15.334,3.5659,0
15.2548,3.29658,0
15.386,3.33424,0
15.5018,3.41556,0
15.6828,3.36976,0
15.6132,3.45041,0
15.1786,3.4059,0
17.656,-0.21797,0
17.4494,-0.38397,0
15.3035,3.46173,0
15.3567,3.27475,0
17.5127,-0.39341,0
15.1593,3.29324,0
15.6682,3.38095,0
18.6519,1.69617,0
15.687,3.36879,0
15.3091,3.55372,0
15.2345,3.37209,0
15.5444,3.15964,0
18.5668,1.73459,0
15.1418,3.3295,0
15.1091,3.33059,0
18.573,1.65466,0
17.5369,-0.3389,0
15.3997,3.44539,0
15.2369,3.47965,0
15.4868,3.49523,0
15.5155,3.47756,0
18.5804,1.7326,0
15.6054,3.39764,0
15.4582,3.41323,0
17.5903,-0.27871,0
15.5082,3.32565,0
15.6101,3.38933,0
15.6362,3.40109,0
15.1521,3.3113,0
15.4174,3.3393,0
18.5699,1.8063,0
15.3176,3.26711,0
18.5865,1.63154,0
17.6441,-0.08594,0
18.6692,1.74569,0
17.6143,-0.31305,0
15.377,3.55591,0
17.4694,-0.41606,0
15.5871,3.20176,0
15.4838,3.16836,0
15.3311,3.45612,0
15.6129,3.21325,0
17.4941,-0.4327,0
15.5145,3.39026,0
15.3021,3.41657,0
15.2464,3.49328,0
17.5476,-0.45416,0
15.3884,3.37495,0
15.6231,3.32593,0
15.5536,3.2796,0
15.5996,3.23353,0
18.534,1.75024,0
18.7007,1.60176,0
15.3752,3.224,0
15.3606,3.4674,0
18.61,1.61588,0
15.2276,3.26608,0
17.6233,-0.20229,0
15.5606,3.47902,0
15.5597,3.46008,0
15.2283,3.26874,0
15.2391,3.42109,0
15.2602,3.51604,0
15.3142,3.2345,0
15.6203,3.39558,0
15.4657,3.40617,0
15.2296,3.36384,0
15.5108,3.40832,0
15.6266,3.25506,0
17.5828,-0.30207,0
15.5711,3.31736,0
15.3742,3.39897,0
17.6846,-0.13672,0
17.5514,-0.35955,0
15.5539,3.2321,0
17.4353,-0.37028,0
15.2606,3.2745,0
15.5991,3.20014,0
15.3402,3.22784,0
17.4601,-0.42361,0
18.6389,1.60311,0
15.4525,3.37498,0
15.329,3.2209,0
15.5981,3.26376,0
15.3778,3.37936,0
15.477,3.51595,0
15.0896,3.31708,0
15.4647,3.44004,0
18.7028,1.60532,0
15.3247,3.42813,0
15.2985,3.43376,0
15.4439,3.37275,0
15.5743,3.24191,0
15.4132,3.42871,0
15.3194,3.59284,0
18.6664,1.62061,0
17.607,-0.28964,0
15.5081,3.25099,0
18.5914,1.68944,0
15.4601,3.31186,0
18.6946,1.59954,0
15.1713,3.31803,0
15.33,3.25306,0
17.618,-0.21417,0
15.5546,3.41071,0
15.1,3.32974,0
18.5219,1.43164,0
17.6968,-0.17325,0
15.6002,3.27184,0
15.4104,3.50704,0
15.3999,3.25532,0
15.2202,3.36276,0
17.4795,-0.33556,0
17.455,-0.32569,0
17.5643,-0.34387,0
17.5387,-0.29143,0
18.6584,1.60399,0
15.3746,3.31112,0
17.6647,-0.22216,0
15.3748,3.54486,0
15.6954,3.31373,0
15.2802,3.33566,0
15.4056,3.42994,0
15.3408,3.48001,0
15.6293,3.24969,0
15.705,3.30491,0
15.4526,3.48814,0
18.6457,1.56267,0
15.4316,3.36779,0
15.6974,3.32946,0
17.4285,-0.3324,0
15.1114,3.31321,0
15.536,3.22328,0
15.5529,3.256,0
15.6039,3.1783,0
17.6229,-0.2511,0
15.4532,3.49715,0
17.494,-0.31877,0
15.551,3.21358,0
15.3656,3.50325,0
15.3578,3.2364,0
15.2705,3.24005,0
15.4002,3.36762,0
17.5586,-0.39421,0
18.5312,1.59231,0
15.2108,3.34066,0
17.5725,-0.37423,0
15.5417,3.40778,0
15.2213,3.47721,0
17.4364,-0.33287,0
15.517,3.38911,0
15.2559,3.24345,0
15.552,3.38039,0
15.1721,3.36988,0
15.3364,3.22653,0
15.4248,3.54219,0
15.2398,3.56249,0
15.2879,3.60565,0
17.5551,-0.3431,0
15.4901,3.52012,0
15.4417,3.48109,0
15.4887,3.50075,0
15.1983,3.52339,0
15.5819,3.44577,0
15.3407,3.27397,0
17.4376,-0.41603,0
18.667,1.67669,0
15.4439,3.49781,0
15.5848,3.20368,0
15.3856,3.45358,0
17.5426,-0.32823,0
18.5536,1.40839,0
17.6011,-0.10096,0
18.5883,1.72429,0
15.1228,3.36078,0
15.7183,3.36081,0
15.2448,3.3146,0
15.5005,3.33829,0
15.5511,3.43428,0
15.6771,3.27224,0
15.3929,3.50938,0
17.5476,-0.34561,0
17.617,-0.20483,0
18.5651,1.73917,0
15.5667,3.32624,0
17.5067,-0.4404,0
15.2093,3.29879,0
17.4931,-0.34107,0
15.0827,3.32204,0
17.6643,-0.09255,0
18.5481,1.78251,0
15.3995,3.50824,0
15.6364,3.2743,0
15.589,3.1646,0
15.3905,3.2511,0
15.3505,3.24945,0
18.6866,1.731,0
15.275,3.55725,0
15.2746,3.46057,0
15.2933,3.29588,0
15.2498,3.40868,0
15.4663,3.20932,0
15.5392,3.47094,0
18.5711,1.40858,0
15.3378,3.58023,0
18.5485,1.75824,0
18.5701,1.65414,0
15.575,3.4486,0
18.6289,1.71744,0
15.2488,3.31685,0
15.3215,3.49161,0
15.4815,3.28491,0
15.2717,3.34856,0
15.5727,3.16334,0
17.5745,-0.41778,0
15.1833,3.4168,0
17.5716,-0.32004,0
15.495,3.4592,0
18.6921,1.7141,0
15.5266,3.48161,0
18.6715,1.58799,0
18.5762,1.52658,0
15.2914,3.31379,0
15.1782,3.49545,0
15.5015,3.17871,0
15.7055,3.39266,0
17.5794,-0.29316,0
15.4991,3.32988,0
15.1936,3.4602,0
15.2229,3.28584,0
18.6457,1.52879,0
17.4778,-0.37554,0
17.4884,-0.44981,0
15.2544,3.59165,0
15.4362,3.25616,0
15.1763,3.3226,0
15.2142,3.4148,0
15.317,3.39914,0
15.2548,3.5437,0
18.6931,1.73067,0
15.5254,3.22706,0
18.6159,1.57881,0
15.5047,3.27541,0
15.3119,3.21953,0
17.4501,-0.37998,0
15.3317,3.56745,0
18.5807,1.76157,0
17.5403,-0.46161,0
18.5464,1.44595,0
15.6088,3.20062,0
15.4637,3.44377,0
15.6994,3.29999,0
15.2768,3.38045,0
15.4932,3.22658,0
15.3894,3.4148,0
15.2208,3.25261,0
15.3099,3.2469,0
15.2737,3.63392,0
18.7551,1.70032,0
15.125,3.33553,0
18.5707,1.72667,0
15.5315,3.1656,0
15.3915,3.26124,0
15.4029,3.47275,0
15.5917,3.2937,0
17.4554,-0.32029,0
15.2943,3.25832,0
15.4984,3.51143,0
18.6743,1.72496,0
18.6085,1.71516,0
15.1736,3.29831,0
18.6522,1.54648,0
15.6915,3.31962,0
18.4991,2.6521,0
18.4754,2.65326,0
18.5015,2.56938,0
18.4922,2.51828,0
18.4879,2.63438,0
18.4922,2.522,0
18.4676,2.64345,0
18.5106,2.66065,0
18.4953,2.55519,0
18.2589,0.23193,0
18.4934,2.62483,0
18.4915,2.5342,0
18.5091,2.63702,0
18.5035,2.58244,0
18.2762,0.22602,0
18.5067,2.59147,0
18.5063,2.59039,0
18.4736,2.65704,0
18.5114,2.67103,0
18.3007,0.22785,0
18.6008,1.94537,0
18.6227,1.95379,0
17.8719,-0.16266,0
15.0132,3.31686,0
18.6326,1.98914,0
15.044,3.3,0
18.5787,1.83617,0
18.5955,1.82593,0
15.026,3.32776,0
14.9502,3.3649,0
18.5646,1.81863,0
17.8966,-0.16457,0
17.7734,-0.14047,0
18.6726,2.16975,0
18.6902,2.1376,0
18.6676,2.09076,0
17.7734,-0.13739,0
17.8338,-0.14679,0
18.6828,2.12831,0
15.0272,3.30749,0
17.9543,-0.19671,0
14.9903,3.34109,0
18.6222,2.04581,0
18.57,1.84695,0
18.6545,2.05964,0
18.5765,1.82985,0
17.8786,-0.15652,0
18.6557,2.03015,0
18.5879,1.80583,0
18.6333,1.96655,0
18.6099,1.96327,0
18.6497,2.14159,0
15.0118,3.34128,0
18.6206,1.93495,0
17.7458,-0.12115,0
18.6687,2.18465,0
17.7671,-0.12481,0
18.6007,1.9656,0
15.0073,3.33351,0
18.648,2.01842,0
18.6303,1.96249,0
15.0604,3.3265,0
14.9312,3.36733,0
18.5966,1.88818,0
18.6122,1.96118,0
18.69,2.14554,0
15.0157,3.33647,0
18.6201,1.91068,0
15.0642,3.32955,0
17.8669,-0.15481,0
14.9793,3.33945,0
18.5727,1.8226,0
15.0669,3.32832,0
18.6144,2.30063,0
18.067,-0.03032,0
18.0574,-0.00083,0
18.6123,2.30813,0
18.611,2.28943,0
18.0467,0.00314,0
18.0612,-0.00167,0
18.0378,-0.11551,0
18.6025,2.30171,0
18.6004,2.3027,0
18.0733,0.01082,0
18.5585,2.31482,0
18.6628,2.28172,0
18.0348,-0.0665,0
18.0376,-0.04368,0
18.624,2.31107,0
18.67,2.27547,0
18.6878,2.29376,0
18.0674,-0.01961,0
18.0617,0.00885,0
18.0462,-0.1013,0
18.6118,2.30462,0
18.6276,2.25447,0
18.5981,2.26816,0
18.6083,2.27941,0
18.0478,0.00086,0
18.6292,2.32704,0
18.5461,2.39655,0
18.6274,2.35361,0
18.6165,2.35977,0
18.1369,0.0145,0
18.0935,-0.0034,0
18.096,0.02586,0
18.6464,2.36352,0
18.597,2.33554,0
18.6421,2.31718,0
18.105,0.00063,0
18.6233,2.33962,0
18.6395,2.40396,0
18.0924,-0.01473,0
18.5732,2.39735,0
18.6169,2.37211,0
18.5997,2.36088,0
18.563,2.38073,0
18.6073,2.35918,0
18.6203,2.33447,0
18.5343,2.40135,0
18.1368,-0.00053,0
18.0962,0.01637,0
18.5375,2.38583,0
18.6125,2.36318,0
18.6483,2.35487,0
18.5917,2.3683,0
18.5924,2.38928,0
18.6266,2.33161,0
18.5839,2.41027,0
18.5784,2.35728,0
18.5976,2.39609,0
18.6366,2.36414,0
18.6395,2.32299,0
18.5432,2.41752,0
18.6457,2.3602,0
18.5554,2.39487,0
18.6363,2.3681,0
18.6252,2.33327,0
18.6044,2.33153,0
18.5482,2.42977,0
18.5647,2.40029,0
18.1294,0.0021,0
18.5127,2.70886,0
18.3904,0.51944,0
18.4985,2.69151,0
18.3869,0.4302,0
18.3961,0.41594,0
18.3766,0.39864,0
18.3722,0.44966,0
18.3779,0.27912,0
18.3697,0.49403,0
18.3917,0.45672,0
18.4827,2.68356,0
18.2957,2.76961,0
18.31,2.76554,0
18.5055,2.72823,0
18.4743,2.74035,0
18.3956,0.45173,0
18.3913,0.53197,0
18.3377,0.29548,0
18.3763,0.3835,0
18.3877,0.2926,0
18.331,0.28972,0
18.3706,0.39951,0
18.3827,0.487,0
18.4777,2.74279,0
18.3847,0.3262,0
18.334,2.76596,0
18.3434,0.28587,0
18.5122,2.72599,0
18.4996,2.71342,0
18.3952,0.43079,0
18.3354,0.26969,0
18.3507,0.38095,0
18.2873,2.75789,0
18.4925,2.73589,0
18.3162,2.75121,0
18.37,2.75339,0
18.3703,0.3494,0
18.4017,0.45457,0
18.37,0.47751,0
18.3689,0.37733,0
18.5047,2.6969,0
18.6543,2.32055,0
18.1649,0.06848,0
18.6882,2.38609,0
18.1102,-0.04303,0
18.1437,-0.02487,0
18.1683,0.08734,0
18.6623,2.32342,0
18.6766,2.37512,0
18.6628,2.3053,0
18.0838,-0.02902,0
18.099,-0.03173,0
18.6726,2.35147,0
18.6785,2.33324,0
18.0971,-0.03171,0
15.7223,3.48143,0
18.5061,1.10581,0
15.4395,3.67842,0
15.724,3.40233,0
15.6287,3.46348,0
15.479,3.68295,0
18.6629,1.45044,0
15.4819,3.55104,0
18.6369,1.33513,0
18.6915,1.57322,0
18.608,1.30868,0
17.6217,-0.35186,0
18.6319,1.36999,0
15.5582,3.58198,0
15.7405,3.51982,0
15.7604,3.49258,0
18.7894,1.61263,0
15.4491,3.68209,0
15.7482,3.44851,0
18.5985,1.27186,0
18.6863,1.50048,0
18.8291,1.64114,0
18.7981,1.66773,0
18.7353,1.59629,0
18.7482,1.66916,0
18.4705,1.0576,0
15.5338,3.59045,0
15.7481,3.41392,0
15.4159,3.68681,0
18.7519,1.67982,0
15.6358,3.52,0
18.651,1.48023,0
15.3695,3.59926,0
15.6667,3.50333,0
17.6427,-0.30572,0
17.7153,-0.17549,0
15.5138,3.63587,0
18.6985,1.54403,0
18.6544,1.47254,0
15.4336,3.65249,0
15.5065,3.55094,0
18.6015,1.35458,0
15.4802,3.64139,0
18.581,1.34362,0
15.5009,3.56315,0
15.4702,3.67322,0
17.6625,-0.27295,0
18.7078,1.7341,0
15.7484,3.43965,0
15.7395,3.39856,0
15.7351,3.43445,0
15.5495,3.52345,0
15.5825,3.47747,0
15.4685,3.61037,0
18.7333,1.49376,0
15.4672,3.6887,0
18.7075,1.53297,0
18.6441,1.44977,0
17.6539,-0.31048,0
15.567,3.59928,0
18.6084,1.3486,0
15.5555,3.52828,0
18.7292,1.51143,0
18.6611,1.3666,0
18.6877,1.40586,0
15.7625,3.39632,0
15.5267,3.65568,0
15.617,3.55242,0
15.3659,3.62199,0
18.6132,1.34572,0
15.6453,3.54296,0
18.5434,1.18224,0
18.4919,1.0781,0
15.7113,3.53401,0
15.5483,3.54667,0
18.6102,1.29985,0
15.5811,3.55435,0
18.6912,1.56933,0
18.7674,1.68902,0
15.4468,3.66437,0
18.6301,1.32514,0
15.4754,3.67704,0
18.8019,1.61249,0
18.6373,1.45217,0
18.6662,1.37342,0
17.575,-0.44132,0
17.7306,-0.14287,0
15.7598,3.38649,0
18.7267,1.53482,0
15.3638,3.61586,0
15.4579,3.66833,0
18.7326,1.57419,0
15.6223,3.50975,0
15.5729,3.54961,0
15.4176,3.67478,0
18.6264,1.30379,0
15.7913,3.48617,0
15.7529,3.43513,0
15.6129,3.46875,0
15.5948,3.53997,0
17.6029,-0.39227,0
15.6428,3.58286,0
15.708,3.44415,0
18.6373,1.3885,0
15.5728,3.58289,0
15.5293,3.62694,0
15.6069,3.51069,0
17.7596,-0.13929,0
17.6186,-0.37002,0
18.7132,1.47839,0
15.664,3.55807,0
15.6274,3.54631,0
15.421,3.67208,0
18.5718,1.27667,0
18.6,1.28856,0
15.4419,3.58335,0
18.6408,1.35072,0
18.7467,1.67804,0
15.5391,3.5444,0
18.566,1.3366,0
15.5142,3.54442,0
18.6649,1.3704,0
18.8169,1.63395,0
15.4497,3.68457,0
15.6376,3.50212,0
15.5997,3.57805,0
15.7541,3.39882,0
15.4101,3.63334,0
18.7465,1.56904,0
15.7516,3.40099,0
17.6882,-0.2466,0
15.6966,3.53168,0
18.6274,1.35478,0
15.71,3.46969,0
18.5517,1.22152,0
15.7434,3.52375,0
18.5946,1.25951,0
15.6736,3.4508,0
18.6762,1.38577,0
18.7709,1.60907,0
15.4042,3.62716,0
15.5668,3.60534,0
15.5112,3.54048,0
15.4738,3.57529,0
18.6936,1.49529,0
15.5857,3.484,0
17.6569,-0.27398,0
17.6831,-0.22996,0
15.5859,3.5977,0
15.6889,3.43914,0
15.4013,3.59532,0
17.5918,-0.40138,0
15.4762,3.60626,0
15.4495,3.67322,0
18.7363,1.62313,0
15.6904,3.51085,0
15.4021,3.62052,0
18.5708,1.20375,0
17.6049,-0.38239,0
15.4418,3.58123,0
18.7634,1.62428,0
18.6821,1.52617,0
15.5254,3.60262,0
15.7178,3.50443,0
15.5998,3.52605,0
18.6855,1.56517,0
15.5395,3.50401,0
15.8153,3.45113,0
18.7618,1.65441,0
17.6567,-0.29107,0
18.5863,1.37001,0
17.7284,-0.18758,0
18.7056,1.43145,0
15.6739,3.46471,0
15.7434,3.3865,0
18.6208,1.32455,0
15.7443,3.48556,0
15.7278,3.52935,0
15.7229,3.51911,0
15.7912,3.42587,0
18.6908,1.4966,0
17.6252,-0.35305,0
18.62,1.38477,0
15.7247,3.45107,0
18.5772,1.23833,0
18.6348,1.33872,0
15.6336,3.53955,0
17.6275,-0.33795,0
18.7836,1.58135,0
15.3966,3.67376,0
15.5515,3.58026,0
18.6506,1.43078,0
18.5028,1.10127,0
18.5953,1.28595,0
18.7005,1.44923,0
15.4567,3.54988,0
18.4832,1.07669,0
18.6906,1.5522,0
18.6866,1.42092,0
15.6436,3.50483,0
18.6141,1.31066,0
15.3641,3.59669,0
15.4579,3.62738,0
18.588,1.39436,0
15.6486,3.53561,0
15.4239,3.58735,0
18.4802,1.08809,0
15.4018,3.6419,0
18.6542,1.35373,0
15.5464,3.54445,0
15.524,3.53271,0
15.4967,3.53991,0
18.6252,1.32951,0
15.4867,3.5759,0
15.3956,3.64056,0
18.6092,1.33343,0
15.7071,3.53792,0
18.5678,1.27579,0
15.5844,3.48674,0
18.5495,1.2358,0
15.5888,3.50333,0
18.6806,1.55529,0
15.3807,3.62272,0
15.3929,3.59787,0
18.7946,1.59487,0
18.7622,1.62563,0
18.4886,1.07357,0
15.5236,3.63912,0
15.4417,3.68254,0
15.6297,3.56263,0
18.7055,1.82549,0
17.784,-0.17335,0
18.6742,1.88598,0
18.6122,1.87664,0
18.7758,1.77997,0
18.7759,1.70663,0
18.7499,1.71631,0
18.6779,1.76831,0
18.7125,1.86227,0
17.7757,-0.18612,0
17.6957,-0.30929,0
18.7046,1.76615,0
18.7682,1.74319,0
18.642,1.92151,0
17.7222,-0.32847,0
17.6926,-0.33785,0
18.803,1.78503,0
17.6884,-0.29033,0
18.7906,1.84321,0
17.797,-0.20174,0
17.7542,-0.15798,0
18.7213,1.7734,0
18.741,1.85277,0
18.6423,1.82869,0
18.6814,1.78222,0
17.6677,-0.3346,0
18.6605,1.87713,0
18.7279,1.77213,0
17.8039,-0.19541,0
18.7729,1.77359,0
17.7574,-0.19015,0
18.6205,1.87259,0
18.775,1.85947,0
17.6895,-0.31466,0
18.7946,1.74584,0
18.7188,1.83989,0
17.6927,-0.36299,0
17.7939,-0.19193,0
18.6561,1.78101,0
18.6994,1.74424,0
18.7432,1.80835,0
17.7737,-0.19164,0
17.7487,-0.28366,0
17.7793,-0.16184,0
17.7987,-0.18811,0
18.7742,1.81862,0
18.7126,1.84656,0
18.6385,1.85205,0
18.7876,1.83195,0
17.7684,-0.17337,0
18.7284,1.81668,0
17.7442,-0.27832,0
18.7229,1.86875,0
18.6395,1.92983,0
18.7109,1.87179,0
18.6589,1.84658,0
17.7345,-0.24795,0
18.7688,1.75754,0
17.8106,-0.17091,0
18.8212,1.82927,0
17.7618,-0.20707,0
18.6772,1.80016,0
17.7302,-0.32652,0
17.804,-0.17123,0
17.7506,-0.28755,0
18.6719,1.77029,0
17.6905,-0.27014,0
17.6668,-0.31985,0
17.7204,-0.32606,0
18.656,1.86854,0
17.6961,-0.28511,0
18.7026,1.8486,0
18.7673,1.85474,0
18.8088,1.80282,0
18.7176,1.81225,0
18.6614,1.77687,0
17.7471,-0.29078,0
17.7528,-0.2457,0
18.7417,1.78543,0
18.7134,1.77367,0
18.6123,1.87093,0
18.7595,1.82018,0
17.7609,-0.17198,0
18.6634,1.8336,0
17.792,-0.16558,0
18.6133,1.87589,0
18.7554,1.82148,0
18.7602,1.86901,0
18.694,1.82336,0
18.6755,1.81192,0
18.7699,1.82863,0
18.7751,1.72597,0
18.6488,1.84724,0
17.7053,-0.27591,0
17.674,-0.35991,0
17.6449,-0.35287,0
17.6525,-0.32712,0
18.7212,1.83855,0
18.7279,1.77648,0
17.6994,-0.29824,0
17.7617,-0.23744,0
18.6665,1.91647,0
18.7248,1.8605,0
18.691,1.86216,0
18.788,1.74554,0
18.7163,1.82174,0
18.7182,1.84474,0
17.3313,-0.42555,0
15.7647,3.54806,0
15.7141,3.77203,0
15.8691,3.65128,0
15.5557,3.67919,0
18.8281,1.42813,0
15.7052,3.69142,0
17.2749,-0.45088,0
15.8717,3.52449,0
15.6624,3.78402,0
15.7737,3.68495,0
15.6736,3.69496,0
18.6031,1.22509,0
17.3625,-0.5593,0
17.3142,-0.50646,0
15.834,3.66279,0
18.7909,1.45361,0
18.6322,1.25006,0
15.694,3.56538,0
15.6208,3.69075,0
15.8473,3.59185,0
15.7987,3.55632,0
15.6838,3.71934,0
17.2735,-0.51439,0
15.8618,3.52941,0
15.8743,3.56799,0
18.5058,1.06486,0
18.5975,1.24428,0
15.6855,3.72758,0
17.3541,-0.43489,0
15.8683,3.62572,0
15.7103,3.57008,0
18.5026,0.96926,0
18.5088,1.09026,0
15.6647,3.76969,0
15.8732,3.54969,0
17.415,-0.44835,0
18.5284,1.04013,0
18.7425,1.34751,0
17.3051,-0.44201,0
17.3329,-0.42131,0
18.6367,1.29177,0
18.8095,1.36558,0
17.2999,-0.46018,0
15.8589,3.62484,0
17.4087,-0.49245,0
18.653,1.20963,0
17.3342,-0.54533,0
18.6776,1.21897,0
15.8276,3.48573,0
18.6789,1.29225,0
18.7412,1.41778,0
15.6593,3.78269,0
17.3173,-0.48992,0
18.7038,1.22189,0
15.6526,3.69547,0
15.6507,3.8154,0
18.6168,1.26995,0
17.3607,-0.42386,0
15.7129,3.64748,0
15.8233,3.5692,0
18.8061,1.40283,0
15.883,3.58147,0
15.79,3.62201,0
17.3067,-0.47269,0
15.7741,3.71576,0
15.8518,3.65772,0
15.7106,3.67068,0
15.9027,3.61523,0
18.7399,1.44379,0
17.2878,-0.43493,0
15.8565,3.59003,0
18.7512,1.47472,0
15.6896,3.57608,0
18.5845,1.18721,0
15.672,3.79247,0
17.3287,-0.48132,0
18.6735,1.25492,0
18.5344,1.11366,0
18.6737,1.34587,0
15.7047,3.56416,0
18.8116,1.37221,0
17.2874,-0.45237,0
18.497,0.94749,0
18.5835,1.14663,0
18.6748,1.32291,0
15.702,3.57329,0
18.5479,1.0819,0
15.8259,3.57368,0
18.6355,1.1655,0
15.7182,3.63539,0
18.8291,1.4397,0
18.7557,1.38642,0
18.5666,1.07879,0
17.4071,-0.42016,0
18.7594,1.40106,0
18.5592,1.05566,0
18.5248,1.11044,0
18.504,1.06906,0
15.6485,3.59448,0
18.7723,1.46527,0
18.638,1.21781,0
17.4353,-0.44719,0
17.2864,-0.47891,0
15.6783,3.62091,0
17.2782,-0.45284,0
15.8271,3.58616,0
15.6754,3.71226,0
15.722,3.64741,0
15.874,3.51907,0
18.7324,1.35061,0
15.9037,3.58612,0
15.6558,3.78353,0
18.7475,1.33373,0
17.299,-0.52557,0
17.3105,-0.43843,0
15.8958,3.57196,0
18.7309,1.30594,0
18.5639,1.05803,0
17.3987,-0.45006,0
15.602,3.71683,0
18.8458,1.41664,0
17.3208,-0.51454,0
18.5649,1.13593,0
17.3496,-0.43366,0
15.6377,3.72707,0
18.7439,1.46988,0
17.4184,-0.4348,0
15.6059,3.74068,0
18.713,1.27551,0
15.8379,3.47387,0
18.7142,1.32323,0
18.7344,1.36633,0
17.3893,-0.52789,0
18.7488,1.30726,0
18.5991,1.1637,0
17.3446,-0.47289,0
15.7121,3.69912,0
15.6582,3.6972,0
15.856,3.59586,0
15.7275,3.69541,0
15.6296,3.59878,0
15.8724,3.53492,0
18.4863,0.9942,0
15.7001,3.61637,0
18.5735,1.07642,0
17.4211,-0.45684,0
15.878,3.6142,0
15.6997,3.74256,0
18.5964,1.11298,0
18.7194,1.3145,0
15.7198,3.74798,0
15.654,3.78331,0
15.7748,3.71975,0
15.5405,3.65281,0
18.8068,1.40479,0
15.5711,3.69989,0
15.6595,3.71187,0
18.6171,1.25068,0
18.7064,1.29797,0
18.7006,1.2223,0
18.6016,1.11493,0
15.8287,3.67212,0
15.8485,3.49843,0
18.7168,1.43023,0
18.6353,1.14516,0
17.2569,-0.476,0
17.2931,-0.43095,0
15.6543,3.6522,0
15.7417,3.74032,0
18.7859,1.3448,0
17.3506,-0.47452,0
15.8314,3.63987,0
15.5654,3.66193,0
15.7718,3.59559,0
15.6954,3.78584,0
18.7291,1.42758,0
18.7648,1.42446,0
18.8101,1.44711,0
15.6955,3.64108,0
17.341,-0.55593,0
18.7631,1.45254,0
18.6534,1.17981,0
15.7628,3.58524,0
15.6776,3.69636,0
15.6181,3.63047,0
18.7099,1.31108,0
15.6897,3.61218,0
18.736,1.43689,0
17.3322,-0.44723,0
18.4836,1.05658,0
18.7035,1.32531,0
18.5223,1.02656,0
15.7331,3.69418,0
15.852,3.66251,0
15.6684,3.78987,0
18.4878,0.94267,0
15.7305,3.62961,0
15.7354,3.67957,0
18.7505,1.39587,0
18.7487,1.43968,0
15.7043,3.61866,0
15.7578,3.58733,0
17.4264,-0.44107,0
18.8039,1.41948,0
15.893,3.57451,0
15.6638,3.79787,0
17.4171,-0.43749,0
18.6295,1.20465,0
18.7215,1.2706,0
15.69,3.57294,0
15.7586,3.61882,0
15.8433,3.54665,0
18.8059,1.45467,0
15.8593,3.55616,0
18.4786,1.00443,0
15.7792,3.53239,0
15.7069,3.57789,0
18.6037,1.13973,0
17.272,-0.50656,0
15.837,3.5998,0
18.5137,1.01022,0
18.5359,1.09678,0
18.6538,1.28335,0
18.597,1.10207,0
15.6583,3.73574,0
18.816,1.41495,0
15.9048,3.6338,0
15.6479,3.69257,0
18.7094,1.26959,0
18.55,1.061,0
18.7108,1.24351,0
15.6016,3.73831,0
18.6213,1.27009,0
17.378,-0.53788,0
15.6499,3.66138,0
15.6529,3.627,0
18.5153,1.02597,0
18.7087,1.28272,0
15.6558,3.6412,0
18.6777,1.27597,0
15.8253,3.60502,0
15.8717,3.56407,0
17.3154,-0.4571,0
15.7381,3.61684,0
18.5607,1.11262,0
15.6577,3.64557,0
15.8851,3.64634,0
15.7574,3.6423,0
15.6141,3.6709,0
18.8423,1.42919,0
18.5931,1.08824,0
18.7219,1.38267,0
15.8883,3.54668,0
15.8337,3.65124,0
17.3008,-0.45201,0
18.7359,1.31395,0
15.579,3.66541,0
15.6484,3.79937,0
15.7931,3.59197,0
17.3011,-0.50093,0
15.715,3.64062,0
18.5368,1.08738,0
15.6838,3.71775,0
18.7481,1.4715,0
15.7209,3.64363,0
15.6462,3.79144,0
18.5813,1.0606,0
15.8813,3.64983,0
18.5387,1.05162,0
18.6886,1.25025,0
18.5114,1.06053,0
18.7928,1.38613,0
18.8392,1.42133,0
15.6619,3.64109,0
18.7836,1.3958,0
17.3872,-0.49108,0
18.756,1.29313,0
15.8432,3.58863,0
17.3388,-0.4582,0
18.7623,1.35196,0
17.3478,-0.54015,0
18.742,1.32108,0
15.8834,3.62355,0
15.7338,3.74985,0
18.612,1.17992,0
18.5516,1.09417,0
18.7489,1.40851,0
15.601,3.68165,0
18.7553,1.46533,0
17.2342,-0.46358,0
18.7124,1.24347,0
18.6384,2.46113,0
18.5667,2.43836,0
18.6695,2.42795,0
18.6258,2.44636,0
18.6534,2.48375,0
18.6056,2.47887,0
18.2147,0.10956,0
18.5367,2.47191,0
18.6033,2.46568,0
18.6702,2.43122,0
18.1716,0.044,0
18.6758,2.45547,0
18.1887,0.05156,0
18.7037,2.40639,0
18.1747,0.05098,0
18.1794,0.11541,0
18.6803,2.39075,0
18.5839,2.46516,0
18.6542,2.4508,0
18.5798,2.50324,0
18.669,2.41405,0
18.2402,0.05051,0
18.6363,2.4196,0
18.6372,2.42673,0
18.705,2.47698,0
18.181,0.10148,0
18.7073,2.46176,0
18.7014,2.43355,0
18.2361,0.12255,0
18.1726,0.08595,0
18.6772,2.42049,0
18.6449,2.47355,0
18.58,2.43411,0
18.2582,0.12831,0
18.1952,0.06537,0
18.2362,0.07491,0
18.5339,2.45493,0
18.5427,2.43831,0
18.6902,2.39777,0
18.2065,0.09828,0
18.6927,2.39807,0
18.2035,0.10027,0
18.6882,2.47689,0
18.5756,2.46834,0
18.5464,2.53588,0
18.5193,2.53121,0
18.5439,2.52518,0
18.6469,2.51209,0
18.6787,2.5069,0
18.5104,2.54007,0
18.5634,2.53248,0
18.5699,2.51513,0
18.2662,0.13412,0
18.2605,0.10088,0
18.6675,2.48991,0
18.5651,2.52348,0
18.3291,2.98563,0
18.5521,1.01409,0
18.5004,0.90865,0
18.4883,0.64396,0
18.3519,3.04454,0
18.2592,3.09239,0
18.1694,2.99236,0
18.5122,0.9049,0
18.5763,0.89078,0
18.3802,2.8389,0
18.3384,3.0744,0
18.5598,0.83122,0
18.2067,3.08028,0
18.3557,2.85284,0
18.2887,2.81288,0
18.5749,0.80457,0
18.5621,0.70152,0
18.5737,0.70605,0
18.2187,3.03815,0
18.2764,2.89094,0
18.2202,3.03807,0
18.2197,2.89664,0
18.5651,0.79939,0
18.6066,0.88778,0
18.6169,1.00371,0
18.355,2.96691,0
18.6054,0.74772,0
18.3597,2.87007,0
18.2073,2.98537,0
18.2623,2.90571,0
18.318,3.03989,0
18.3505,2.9332,0
18.2833,3.08666,0
18.313,3.02737,0
18.3685,2.89223,0
18.5869,0.81316,0
18.644,0.78907,0
18.3862,2.92806,0
18.3445,3.01394,0
18.5186,0.82207,0
18.3371,2.91042,0
18.3829,2.84076,0
18.5255,0.67356,0
18.389,2.80903,0
18.1547,3.05619,0
18.3652,2.95213,0
18.398,2.83995,0
18.3193,2.9056,0
18.6349,0.87262,0
18.2977,2.96397,0
18.6103,0.77047,0
18.1819,2.93974,0
18.3979,2.87649,0
18.645,0.64704,0
18.2667,2.89996,0
18.2779,2.93482,0
18.6126,0.7522,0
18.5055,0.67392,0
18.6207,0.72719,0
18.5728,0.67692,0
18.2095,3.02601,0
18.3784,2.99636,0
18.253,3.00829,0
18.624,0.82514,0
18.511,0.91113,0
18.331,2.92868,0
18.5464,0.78422,0
18.3188,3.08695,0
18.5411,0.68311,0
18.1851,2.91061,0
18.6394,0.78905,0
18.5845,0.65928,0
18.3412,3.09382,0
18.278,2.88783,0
18.3168,2.79246,0
18.3309,3.03469,0
18.6083,0.97528,0
18.6032,0.75272,0
18.2362,2.97464,0
18.6101,0.77996,0
18.2137,3.10212,0
18.3554,2.87139,0
18.6228,0.85162,0
18.5891,0.93712,0
18.4989,0.67362,0
18.2622,2.91761,0
18.293,2.85025,0
18.2755,2.8781,0
18.507,0.6376,0
18.5632,0.67481,0
18.4983,0.85934,0
18.5807,1.00849,0
18.6226,0.76794,0
18.3588,3.10628,0
18.3304,3.11791,0
18.2756,3.00944,0
18.5247,0.83095,0
18.3544,2.85394,0
18.3711,2.83046,0
18.2111,2.88109,0
18.5994,0.66113,0
18.5998,0.85093,0
18.5716,0.90937,0
18.1563,3.09426,0
18.3515,2.77795,0
18.2189,3.10673,0
18.6547,0.69733,0
18.2784,3.03124,0
18.6062,0.74656,0
18.2496,2.92939,0
18.1782,2.92555,0
18.5486,0.64354,0
18.5572,0.73611,0
18.6211,0.75525,0
18.307,3.08545,0
18.5541,0.68116,0
18.2526,2.90533,0
18.3524,2.84101,0
18.2868,3.08889,0
18.572,0.66583,0
18.6497,0.75998,0
18.301,2.94406,0
18.6065,0.86986,0
18.3483,3.05143,0
18.6239,0.95156,0
18.3298,2.82732,0
18.295,2.8789,0
18.2444,2.91418,0
18.3759,2.99448,0
18.5315,0.9815,0
18.2905,2.9321,0
18.2481,2.99341,0
18.3242,2.99071,0
18.537,0.90219,0
18.5805,0.82648,0
18.6047,0.70135,0
18.6534,0.70718,0
18.5836,0.82201,0
18.587,0.88124,0
18.5626,0.86739,0
18.3104,2.9266,0
18.5142,0.80258,0
18.2752,3.10827,0
18.3728,3.09671,0
18.387,2.91241,0
18.2229,3.00135,0
18.2476,3.03129,0
18.5244,0.82386,0
18.4065,2.83313,0
18.5808,0.90167,0
18.5783,0.72243,0
18.1397,3.10114,0
18.3656,3.06485,0
18.592,1.01825,0
18.3152,2.84662,0
18.2183,2.96472,0
18.2978,2.82313,0
18.63,0.8118,0
18.1953,3.02401,0
18.1522,3.05643,0
18.3475,3.07571,0
18.4921,0.65054,0
18.2437,2.90127,0
18.1853,2.96108,0
18.621,0.67263,0
18.2817,3.07495,0
18.6096,0.76421,0
18.3537,2.81145,0
18.2703,2.93612,0
18.3486,2.87641,0
18.3681,3.10831,0
18.6396,0.79186,0
18.195,2.92081,0
18.5766,1.04787,0
18.3206,2.92053,0
18.5298,0.69195,0
18.2498,3.08996,0
18.583,0.9854,0
18.2016,2.97549,0
18.3648,3.02531,0
18.2034,2.9932,0
18.5845,0.76798,0
18.3379,2.87199,0
18.2508,3.11283,0
18.2876,2.88026,0
18.1261,3.0982,0
18.5157,0.93061,0
18.5842,0.93432,0
18.3311,3.03816,0
18.368,2.97855,0
18.3372,2.91441,0
18.5051,0.84699,0
18.3442,2.77792,0
18.5034,0.66235,0
18.5741,0.93796,0
18.3329,2.78545,0
18.6094,0.77345,0
18.6526,0.72531,0
18.5568,0.76845,0
18.5969,0.79095,0
18.5681,1.01194,0
18.3751,2.99819,0
18.5625,0.77748,0
18.3891,2.78564,0
18.2488,3.00937,0
18.6205,0.84348,0
18.5879,0.6415,0
18.5853,1.0065,0
18.3888,2.83776,0
18.6012,0.92833,0
18.5177,0.86711,0
18.2482,3.00623,0
18.2158,2.98131,0
18.2826,3.09735,0
18.6053,1.04399,0
18.5931,1.0589,0
18.5646,0.70333,0
18.2111,3.03561,0
18.5068,0.66918,0
18.373,3.06115,0
18.5299,0.65283,0
18.2368,2.94064,0
18.5464,0.64728,0
18.2201,2.90799,0
18.5597,0.83268,0
18.3998,2.81944,0
18.2916,3.10851,0
18.5451,0.94621,0
18.6191,0.97933,0
18.1644,3.04869,0
18.3359,2.85856,0
18.1897,3.07617,0
18.631,0.79376,0
18.5209,0.85033,0
18.6079,0.6845,0
18.3327,2.98268,0
18.3332,2.9912,0
18.171,2.92155,0
18.3278,2.79388,0
18.5786,0.65556,0
18.305,2.9694,0
18.1827,3.07929,0
18.5104,0.78913,0
18.3815,2.9522,0
18.3535,2.80425,0
18.5896,0.77423,0
18.3358,2.86818,0
18.2767,2.98901,0
18.2963,2.85619,0
18.3189,3.06815,0
18.5483,0.70834,0
18.5857,0.71804,0
18.415,0.48923,0
18.4336,0.27448,0
18.4427,0.39429,0
18.5232,2.73951,0
18.4219,0.34218,0
18.5345,2.62507,0
18.5713,2.69728,0
18.5166,2.58485,0
18.4359,0.36098,0
18.4248,0.48204,0
18.5234,2.70275,0
18.4671,0.51658,0
18.4607,0.42835,0
18.5354,2.70006,0
18.5216,2.65723,0
18.5217,2.57851,0
18.4223,0.35551,0
18.414,0.398,0
18.4473,0.51026,0
18.5201,2.71364,0
18.5193,2.74054,0
18.5515,2.72614,0
18.4444,0.28505,0
18.4371,0.50495,0
18.4158,0.29684,0
18.5982,2.71589,0
18.5757,2.53253,0
18.5843,2.6039,0
18.4271,0.31664,0
18.5294,2.69463,0
18.4111,0.28926,0
18.5597,2.67262,0
18.4763,0.59315,0
18.5167,2.62049,0
18.4508,0.53641,0
18.4484,0.31952,0
18.4325,0.33936,0
18.6131,2.65676,0
18.5712,2.55911,0
18.5083,2.57101,0
18.5407,2.6155,0
18.5444,2.56098,0
18.4394,0.31896,0
18.5344,2.68138,0
18.55,2.67769,0
18.4312,0.45949,0
18.471,0.56537,0
18.4006,0.30371,0
18.4425,2.77261,0
18.6046,2.58634,0
18.4078,0.47983,0
18.5782,2.75382,0
18.4057,0.51222,0
18.4607,0.47766,0
18.3982,0.28264,0
18.5504,2.72414,0
18.4329,0.35424,0
18.4596,0.54667,0
18.5782,2.57892,0
18.4578,0.39219,0
18.4671,0.46998,0
18.4021,0.37326,0
18.4418,0.42758,0
18.4331,0.3058,0
18.4311,0.31773,0
18.4207,0.36158,0
18.5847,2.63178,0
18.5854,2.61213,0
18.4528,0.42888,0
18.5911,2.62514,0
18.43,0.50996,0
18.5117,2.5974,0
18.5628,2.6613,0
18.4156,0.44799,0
18.4298,0.45109,0
18.5301,2.54485,0
18.4608,0.42837,0
18.6054,2.53592,0
18.4009,0.40675,0
18.565,2.53477,0
18.5838,2.58241,0
18.5515,2.69505,0
18.6047,2.66986,0
18.5167,2.66876,0
18.4366,0.47225,0
18.5742,2.67963,0
18.4051,0.3486,0
18.4614,0.38535,0
18.4245,0.35907,0
18.4637,0.50395,0
18.4719,0.60816,0
18.4003,0.35301,0
18.6165,2.69319,0
18.4573,0.44552,0
18.5515,2.62237,0
18.4477,0.38663,0
18.5173,2.57323,0
17.8928,3.1969,0
17.8838,3.4706,0
17.6406,3.47355,0
17.8573,3.52171,0
17.8034,3.52368,0
17.9296,3.32318,0
17.9548,3.22377,0
17.7387,3.38056,0
18.7661,1.48835,0
18.7917,1.49007,0
17.9651,3.22334,0
17.6094,3.44267,0
17.6145,3.44518,0
17.6108,3.4588,0
17.9447,3.35587,0
18.0133,3.15913,0
17.8969,3.25712,0
17.9157,3.3717,0
17.9869,3.30291,0
17.7779,3.41114,0
17.8147,3.22769,0
17.9662,3.13645,0
17.9362,3.40791,0
17.987,3.2017,0
17.7226,3.45978,0
17.6999,3.44286,0
17.8599,3.51879,0
18.0081,3.22334,0
17.9875,3.25312,0
17.9895,3.25613,0
17.8731,3.55618,0
17.8032,3.35966,0
17.9704,3.38454,0
17.8389,3.23289,0
17.9023,3.33214,0
17.7593,3.40766,0
17.6671,3.2976,0
17.6957,3.38408,0
17.8446,3.33623,0
17.8453,3.44554,0
17.9354,3.43714,0
17.8643,3.27384,0
17.9875,3.18859,0
18.7802,1.28283,0
17.6315,3.3999,0
17.8667,3.51163,0
17.8818,3.51176,0
17.8535,3.36387,0
17.8642,3.20922,0
17.7064,3.35489,0
17.889,3.45437,0
17.8099,3.21561,0
17.9205,3.28367,0
17.7765,3.41498,0
17.9613,3.19153,0
17.6628,3.49933,0
17.7452,3.22459,0
17.6535,3.49273,0
17.8595,3.17308,0
17.8938,3.34639,0
18.776,1.28142,0
17.9335,3.50837,0
18.0296,3.18701,0
17.914,3.27411,0
17.9314,3.27032,0
18.0627,3.13888,0
17.7525,3.27647,0
17.8779,3.57044,0
17.8767,3.32298,0
17.7404,3.37059,0
17.9059,3.54575,0
17.9281,3.18954,0
17.8079,3.55246,0
18.8529,1.33989,0
17.6445,3.48438,0
17.9991,3.31013,0
17.6327,3.41323,0
17.7121,3.44782,0
18.0166,3.27186,0
17.6422,3.37253,0
17.9016,3.21122,0
17.7634,3.17437,0
17.8033,3.35488,0
17.797,3.18872,0
17.893,3.3233,0
17.8116,3.48325,0
18.0474,3.15606,0
17.8177,3.51232,0
17.9307,3.22163,0
17.7668,3.21339,0
18.0021,3.23582,0
17.7047,3.31452,0
17.8259,3.51111,0
17.8319,3.26019,0
17.7205,3.50523,0
17.7475,3.29153,0
17.68,3.30863,0
17.9073,3.20706,0
17.7386,3.41934,0
17.656,3.37096,0
18.03,3.28362,0
17.9276,3.38067,0
17.9415,3.19009,0
18.7991,1.28305,0
17.8848,3.53186,0
17.7821,3.39857,0
17.9447,3.25731,0
18.0421,3.21936,0
18.0202,3.29263,0
17.716,3.28825,0
17.9436,3.24877,0
17.892,3.18294,0
17.8436,3.17955,0
17.8657,3.31762,0
17.9359,3.25866,0
17.7511,3.44985,0
17.8256,3.4917,0
17.7444,3.40499,0
18.0047,3.30878,0
18.7888,1.32398,0
17.9291,3.20361,0
17.9007,3.4291,0
17.7744,3.51916,0
17.9306,3.34499,0
17.9765,3.25605,0
17.7029,3.20333,0
17.6749,3.37738,0
17.8544,3.17697,0
17.8841,3.17586,0
17.9131,3.2284,0
17.7493,3.18384,0
17.7686,3.23211,0
18.8402,1.37226,0
17.9225,3.3213,0
17.7384,3.15512,0
17.7045,3.38942,0
17.9287,3.36623,0
17.8465,3.4744,0
18.8322,1.36986,0
17.6775,3.47745,0
17.7222,3.4075,0
17.9464,3.43623,0
17.6847,3.36694,0
17.8098,3.5181,0
17.8206,3.17632,0
17.8174,3.18634,0
18.7814,1.32067,0
17.8794,3.29242,0
17.8449,3.36236,0
17.857,3.59082,0
17.8023,3.49495,0
17.885,3.2782,0
17.8891,3.21862,0
17.7439,3.40907,0
17.84,3.24036,0
17.7619,3.4141,0
17.8754,3.3162,0
18.0046,3.26537,0
17.8153,3.31788,0
17.9794,3.36761,0
17.9038,3.1761,0
17.9927,3.33013,0
17.7357,3.3656,0
18.7581,1.26895,0
17.5468,3.45835,0
18.0274,3.27553,0
17.8468,3.34506,0
17.938,3.50017,0
17.9435,3.27562,0
17.7092,3.49513,0
18.061,3.19574,0
17.8741,3.22779,0
18.0577,3.15248,0
17.9694,3.18173,0
17.8239,3.53103,0
18.0098,3.13536,0
17.943,3.31024,0
17.6164,3.45038,0
18.7557,1.4985,0
17.9513,3.39069,0
17.8048,3.14815,0
17.7472,3.28972,0
17.9621,3.4379,0
17.8061,3.43793,0
18.7944,1.4924,0
17.8389,3.47728,0
18.7967,1.34182,0
17.6736,3.46104,0
17.9323,3.4837,0
18.0327,3.20233,0
17.6878,3.45277,0
18.8008,1.30467,0
18.0813,3.16909,0
17.6348,3.47398,0
17.7918,3.52088,0
17.5745,3.44278,0
17.9111,3.52167,0
17.8495,3.34832,0
18.849,1.33462,0
17.6723,3.48601,0
17.8048,3.27928,0
17.9601,3.21532,0
17.8765,3.22913,0
17.6265,3.41656,0
17.8107,3.24676,0
18.7932,1.31112,0
17.7762,3.39297,0
17.7727,3.53626,0
17.8218,3.3975,0
17.7241,3.30325,0
17.6975,3.44998,0
17.8735,3.23112,0
17.8584,3.55014,0
18.0389,3.26385,0
17.868,3.46628,0
17.7632,3.51905,0
17.7929,3.22344,0
17.9416,3.2647,0
17.7201,3.24864,0
17.777,3.55205,0
18.7894,1.30291,0
17.7706,3.50755,0
17.7139,3.35128,0
17.8627,3.42266,0
17.691,3.50772,0
17.8498,3.36936,0
17.9755,3.41688,0
17.5584,3.4361,0
17.9987,3.20039,0
17.8547,3.50177,0
17.7997,3.3864,0
17.8802,3.44683,0
17.7586,3.3508,0
17.8976,3.55659,0
17.7934,3.40769,0
17.925,3.38178,0
17.9884,3.37623,0
17.9652,3.34791,0
17.6936,3.23475,0
17.6836,3.28573,0
17.8059,3.15967,0
17.8402,3.28427,0
17.638,3.42039,0
17.8063,3.45495,0
17.8745,3.5398,0
17.988,3.2693,0
17.9521,3.1732,0
18.016,3.20006,0
17.8792,3.32864,0
17.5902,3.47021,0
18.0183,3.19547,0
17.9171,3.24631,0
17.9137,3.34886,0
17.8583,3.47081,0
17.6674,3.42609,0
17.7936,3.42994,0
17.9198,3.22994,0
17.8064,3.54386,0
17.8829,3.25594,0
17.5831,3.47514,0
17.8993,3.35935,0
17.8641,3.18668,0
17.7352,3.17729,0
17.8323,3.45877,0
17.9027,3.54633,0
17.9883,3.36727,0
17.7182,3.37047,0
17.7533,3.30135,0
17.9207,3.17917,0
17.7827,3.27865,0
17.6869,3.36155,0
17.7306,3.21609,0
17.6886,3.47935,0
17.8413,3.15808,0
17.7795,3.27411,0
17.9559,3.31657,0
17.6728,3.45858,0
17.9359,3.50924,0
17.6607,3.30415,0
18.0044,3.12735,0
17.7284,3.33035,0
17.7079,3.50966,0
17.8736,3.1983,0
17.9132,3.4557,0
17.9212,3.48023,0
17.9472,3.35424,0
17.7132,3.31097,0
17.7373,3.52177,0
17.9582,3.19837,0
17.7359,3.36234,0
17.9202,3.25397,0
17.8406,3.44134,0
17.7374,3.46006,0
17.6956,3.29678,0
17.6569,3.47141,0
17.7711,3.47389,0
17.7058,3.43001,0
17.9546,3.25609,0
17.8876,3.47671,0
17.7664,3.42878,0
17.5537,3.44625,0
17.9113,3.34658,0
17.7796,3.55152,0
18.8038,1.32372,0
17.7235,3.27311,0
17.6762,3.37563,0
18.0248,3.15978,0
17.8718,3.38756,0
18.7928,1.47841,0
17.8332,3.56822,0
17.9439,3.3,0
18.04,3.17865,0
17.7949,3.47557,0
17.7811,3.29665,0
18.0614,3.20501,0
17.7505,3.14537,0
17.8626,3.31347,0
17.8401,3.19896,0
17.6902,3.31903,0
18.7931,1.30564,0
17.914,3.44065,0
17.7135,3.52873,0
17.7241,3.35813,0
17.7075,3.44775,0
17.3389,3.56499,0
17.5554,3.71868,0
17.5481,3.68206,0
17.5785,3.62708,0
18.6776,1.95891,0
18.845,1.61363,0
17.3998,3.50103,0
17.5034,3.50593,0
17.5132,3.54642,0
17.5057,3.47547,0
17.7472,3.55922,0
17.4579,3.60873,0
17.4942,3.5257,0
17.537,3.56441,0
17.6383,3.59407,0
17.5161,3.61242,0
17.645,3.61944,0
17.6673,3.59647,0
18.7188,1.89431,0
17.516,3.54498,0
18.8597,1.63106,0
18.8907,1.65095,0
17.361,3.57254,0
17.6115,3.52163,0
17.6201,3.70018,0
17.5922,3.66206,0
17.6232,3.54678,0
17.6667,3.55857,0
17.5255,3.66634,0
18.8354,1.75737,0
17.431,3.5853,0
18.7058,1.90269,0
17.5734,3.6558,0
17.6876,3.64391,0
17.6436,3.57843,0
17.4928,3.54204,0
17.6224,3.75905,0
17.6421,3.6973,0
17.6363,3.69919,0
18.6475,1.96184,0
18.7096,1.91876,0
17.5414,3.62387,0
17.5026,3.56635,0
17.4923,3.56291,0
18.8274,1.70914,0
17.7001,3.53701,0
17.4757,3.60137,0
17.5129,3.57346,0
17.7352,3.5777,0
17.5269,3.62431,0
17.6485,3.51845,0
17.4774,3.55223,0
17.4239,3.53685,0
17.3638,3.55065,0
17.525,3.51768,0
17.7124,3.56271,0
17.6778,3.67951,0
17.4423,3.65866,0
18.7049,1.941,0
17.5297,3.54837,0
17.67,3.69547,0
17.6733,3.53749,0
17.6666,3.6793,0
17.6414,3.54967,0
17.6021,3.72994,0
17.4076,3.54043,0
18.6704,2.00737,0
17.5515,3.6818,0
17.5244,3.58366,0
18.8037,1.74112,0
17.4927,3.60385,0
18.8227,1.74351,0
18.8056,1.73178,0
17.4795,3.57409,0
17.604,3.74896,0
18.8251,1.73424,0
17.5843,3.50792,0
17.521,3.49904,0
17.4539,3.5514,0
18.7553,1.87634,0
17.6757,3.52734,0
18.7412,1.91115,0
18.7098,1.94589,0
17.4855,3.57272,0
17.4928,3.67007,0
17.38,3.52399,0
17.6906,3.5756,0
17.6024,3.7088,0
18.7123,1.90145,0
17.4069,3.61919,0
18.7408,1.88196,0
17.5912,3.73915,0
17.6688,3.61886,0
17.5057,3.67913,0
17.541,3.58149,0
17.614,3.62489,0
17.4334,3.51027,0
17.4674,3.5969,0
17.402,3.60843,0
17.6166,3.60211,0
18.6439,1.95543,0
17.6108,3.54789,0
17.3752,3.58989,0
17.6416,3.75687,0
17.7445,3.55404,0
17.715,3.64287,0
17.4885,3.61502,0
17.4685,3.6576,0
17.6374,3.73412,0
17.6843,3.65785,0
17.6289,3.6239,0
18.8241,1.58177,0
18.8773,1.63616,0
17.6156,3.68731,0
17.398,3.50916,0
17.5022,3.57593,0
17.6236,3.66559,0
17.5893,3.63102,0
17.6882,3.67425,0
17.6135,3.6409,0
17.6816,3.61921,0
17.5424,3.70442,0
17.668,3.53747,0
17.4937,3.67834,0
17.4105,3.53237,0
17.482,3.62815,0
17.6868,3.54718,0
18.8575,1.71688,0
17.4362,3.58035,0
17.5712,3.6083,0
17.7087,3.59771,0
17.3577,3.60893,0
17.6358,3.67965,0
17.6067,3.72196,0
18.8009,1.57404,0
17.7111,3.56582,0
18.6863,1.93748,0
18.6713,2.02383,0
18.6403,1.93652,0
17.6575,3.71658,0
17.7026,3.56039,0
17.3901,3.52768,0
17.4459,3.64635,0
17.5328,3.67158,0
17.3829,3.57997,0
17.6019,3.67119,0
17.5371,3.54206,0
17.6395,3.73654,0
17.4167,3.58438,0
17.631,3.63557,0
17.4974,3.52297,0
17.3721,3.55582,0
17.6762,3.58307,0
17.5566,3.58149,0
17.4394,3.54886,0
17.6718,3.66039,0
17.714,3.63688,0
18.8041,1.71295,0
17.692,3.63695,0
17.6397,3.74388,0
17.6557,3.71223,0
17.635,3.70942,0
17.6732,3.57529,0
18.7187,1.91368,0
17.4002,3.62038,0
17.469,3.63281,0
17.4139,3.55048,0
17.5922,3.60032,0
17.7168,3.60612,0
18.6821,1.98154,0
18.8436,1.64688,0
17.4585,3.53316,0
17.5938,3.63652,0
17.6758,3.6384,0
17.6503,3.69513,0
18.8492,1.62862,0
17.6256,3.70222,0
17.5487,3.56331,0
17.7094,3.53937,0
17.6493,3.63764,0
17.6496,3.69855,0
17.6649,3.56038,0
18.8084,1.71715,0
18.8501,1.73222,0
17.4255,3.64772,0
18.7017,1.90425,0
17.7121,3.57706,0
18.6743,1.96654,0
17.5193,3.49264,0
17.3453,3.60056,0
17.598,3.65513,0
17.5924,3.65056,0
17.4606,3.61902,0
17.5642,3.60022,0
17.534,3.58643,0
17.4427,3.65375,0
17.581,3.5589,0
18.8619,1.60497,0
17.3569,3.55681,0
18.6626,1.98376,0
18.8756,1.63428,0
18.8711,1.65117,0
17.5485,3.74393,0
17.5394,3.75792,0
17.5784,3.7547,0
17.4731,3.67958,0
18.822,1.87306,0
17.338,3.61637,0
18.7781,1.87755,0
17.5771,3.75059,0
17.3964,3.66258,0
18.751,1.9789,0
17.5718,3.73987,0
18.8498,1.82,0
17.3918,3.68353,0
18.8759,1.7869,0
17.3435,3.6488,0
18.8675,1.80943,0
18.7666,1.91923,0
18.7424,1.97549,0
17.5402,3.75474,0
17.3913,3.6992,0
18.8425,1.83256,0
17.5086,3.72479,0
17.3516,3.67643,0
17.4776,3.69637,0
18.8603,1.72754,0
17.3819,3.63947,0
17.3564,3.64475,0
17.3268,3.63152,0
17.5287,3.72919,0
17.3444,3.64022,0
17.5236,3.75734,0
17.3672,3.63008,0
17.4224,3.7325,0
17.35,3.65519,0
17.3096,3.64271,0
17.4277,3.65715,0
18.9,1.77143,0
18.8466,1.84985,0
17.2978,3.64035,0
17.2773,3.62302,0
17.2578,3.619,0
18.8835,1.73573,0
17.4944,3.75526,0
18.8185,1.87452,0
17.4511,3.73907,0
17.4842,3.77787,0
17.2648,3.62076,0
18.8725,1.75278,0
17.2206,3.60238,0
18.8123,1.89976,0
18.7579,1.95748,0
17.2524,3.61379,0
17.4881,3.7497,0
17.4691,3.71845,0
17.4076,3.6685,0
17.4505,3.76882,0
17.4008,3.63894,0
17.4792,3.78728,0
18.7666,1.8832,0
18.8031,1.90356,0
17.4571,3.74345,0
18.8371,1.80199,0
17.5531,3.73624,0
17.5033,3.70412,0
17.4381,3.7593,0
18.8526,1.74225,0
18.8111,1.869,0
18.8345,1.78281,0
18.8074,1.87173,0
17.4884,3.7222,0
18.6732,2.06304,0
17.5316,3.76262,0
18.7486,1.93568,0
17.4882,3.76211,0
17.2688,3.62904,0
17.4784,3.71779,0
17.3719,3.69724,0
17.4343,3.68985,0
17.4792,3.72547,0
18.7241,1.98278,0
17.4279,3.65555,0
18.8744,1.79995,0
18.8423,1.76938,0
17.339,3.60974,0
17.3801,3.71706,0
17.5166,3.76826,0
18.703,2.01385,0
17.5545,3.73336,0
17.3756,3.64001,0
17.482,3.78484,0
17.4761,3.70841,0
18.6784,2.05059,0
18.9018,1.75451,0
18.7255,1.96627,0
17.288,3.6332,0
17.3844,3.7079,0
18.8762,1.77167,0
17.3307,3.64714,0
17.4411,3.76313,0
18.8427,1.84377,0
18.8475,1.80116,0
17.3225,3.68273,0
17.5078,3.75441,0
17.399,3.7205,0
17.518,3.80101,0
17.418,3.73932,0
18.7976,1.89134,0
17.3766,3.62215,0
18.6839,2.0357,0
17.5571,3.76365,0
18.738,1.92613,0
18.8731,1.49822,0
18.8496,1.49668,0
18.8509,1.43892,0
17.7784,3.64185,0
18.861,1.51873,0
17.7721,3.56572,0
17.7644,3.67129,0
18.8829,1.458,0
18.8715,1.52147,0
18.8889,1.48251,0
17.8279,3.59799,0
18.8438,1.5308,0
18.8702,1.56566,0
17.7782,3.60119,0
18.8614,1.55809,0
18.8113,1.50113,0
18.8602,1.48129,0
18.8292,1.45936,0
18.8713,1.52168,0
17.7267,3.62515,0
17.7942,3.66927,0
17.7722,3.59639,0
18.8544,1.51198,0
18.8546,1.52602,0
18.8445,1.54256,0
18.8408,1.56887,0
17.8065,3.64862,0
18.8123,1.48702,0
17.722,3.66762,0
17.7557,3.68118,0
17.7697,3.60413,0
18.8316,1.4737,0
17.7885,3.56919,0
17.7262,3.63156,0
18.8657,1.45212,0
17.7719,3.65829,0
18.8409,1.46966,0
18.8172,1.51349,0
17.8229,3.60028,0
18.8635,1.57285,0
17.7703,3.65673,0
18.8063,1.49298,0
17.8062,3.58355,0
18.8295,1.52227,0
18.8274,1.5354,0
17.825,3.67553,0
17.8401,3.62631,0
17.8238,3.64047,0
17.8497,3.61721,0
18.8596,1.42747,0
18.8813,1.44553,0
17.8034,3.66937,0
18.8397,1.40139,0
17.8385,3.65883,0
17.409,3.77282,0
18.8745,1.85054,0
17.4204,3.77047,0
18.8071,1.94403,0
17.5225,3.82581,0
18.7886,1.95466,0
18.8273,1.95405,0
17.4667,3.7881,0
17.2396,3.6705,0
17.1945,3.60913,0
17.4247,3.78239,0
18.9069,1.80505,0
18.8623,1.85877,0
18.8561,1.89985,0
17.2123,3.65815,0
17.2199,3.65156,0
17.238,3.64531,0
17.3892,3.77158,0
18.8174,1.9977,0
18.8309,1.91364,0
17.4675,3.78533,0
18.7591,1.99269,0
18.8137,1.90724,0
18.8653,1.87133,0
18.757,2.03739,0
18.8091,1.98894,0
17.4194,3.77788,0
18.9397,1.82629,0
18.7306,2.07209,0
18.8731,1.82687,0
18.8858,1.89751,0
17.3741,3.77276,0
17.3615,3.75432,0
17.4664,3.784,0
18.741,2.03285,0
18.8464,1.95459,0
18.6988,2.11751,0
18.7654,2.02165,0
18.8711,1.89694,0
18.6978,2.12949,0
17.3783,3.74567,0
18.8154,1.98418,0
18.7541,2.02854,0
17.4161,3.76362,0
17.3633,3.74878,0
18.7928,2.00865,0
18.852,1.94949,0
18.9207,1.82929,0
18.8567,1.85403,0
18.761,2.01315,0
18.7633,1.98642,0
18.8853,1.82262,0
17.4253,3.78184,0
17.2269,3.64963,0
18.7829,2.00951,0
17.418,3.79828,0
17.3377,3.70982,0
17.4559,3.78276,0
17.2143,3.61693,0
17.4066,3.74596,0
17.4911,3.83137,0
17.4852,3.80753,0
18.7386,2.05266,0
17.3352,3.70988,0
17.3606,3.72834,0
18.9114,1.84485,0
18.8513,1.93196,0
17.2141,3.62605,0
18.7903,1.953,0
18.8442,1.91081,0
17.4671,3.81084,0
17.4514,3.79992,0
18.7966,1.98927,0
17.501,3.8047,0
17.3366,3.73478,0
17.1722,3.62587,0
18.7058,2.06937,0
18.7201,2.1087,0
18.8111,1.95721,0
17.1405,3.7725,0
17.2731,3.82864,0
17.2867,3.7397,0
17.323,3.75197,0
18.805,2.05683,0
17.1107,3.77544,0
18.8297,2.08959,0
17.1716,3.63676,0
17.3633,3.7824,0
17.1841,3.78204,0
17.1023,3.71309,0
18.7011,2.28526,0
17.1219,3.7449,0
18.8126,2.14803,0
17.2581,3.86667,0
17.272,3.70395,0
18.7612,2.08283,0
18.8246,2.1233,0
17.3851,3.78705,0
18.8681,2.11306,0
17.2485,3.7297,0
18.8264,2.1056,0
18.8071,2.02583,0
18.8714,2.01006,0
17.078,3.74759,0
18.7134,2.26949,0
18.7985,2.16216,0
17.0262,3.67869,0
18.7276,2.14665,0
17.2197,3.86952,0
17.1473,3.7661,0
18.7228,2.17744,0
18.8368,2.00216,0
17.268,3.89974,0
17.0764,3.6908,0
18.7059,2.24811,0
17.2451,3.72188,0
17.2628,3.77392,0
17.3075,3.84668,0
17.3729,3.81193,0
17.1439,3.74781,0
17.2353,3.86495,0
18.7925,2.09514,0
18.751,2.19679,0
17.1379,3.78975,0
18.716,2.20485,0
17.2207,3.757,0
17.2399,3.86374,0
17.1676,3.70823,0
17.3011,3.87768,0
17.1858,3.68006,0
17.3464,3.82202,0
17.3315,3.83521,0
18.8187,2.08039,0
17.2227,3.80137,0
17.255,3.7072,0
18.6942,2.25681,0
17.0252,3.6566,0
17.1918,3.66461,0
17.318,3.7726,0
17.2507,3.76987,0
17.348,3.84985,0
17.2782,3.87814,0
17.2161,3.74553,0
17.132,3.73686,0
17.3112,3.74166,0
18.701,2.24854,0
18.8432,2.10838,0
17.2917,3.86921,0
17.089,3.69642,0
17.0842,3.73149,0
17.1925,3.80365,0
18.8247,2.13621,0
17.2947,3.83619,0
17.2135,3.75056,0
17.2905,3.92468,0
17.2416,3.69666,0
17.2216,3.75266,0
18.7754,2.09241,0
17.1761,3.82721,0
17.3621,3.76848,0
17.1171,3.72611,0
17.1384,3.76304,0
18.6967,2.22211,0
18.8959,2.07049,0
17.2783,3.9145,0
18.8425,2.14336,0
18.8235,2.11843,0
17.1041,3.77528,0
17.1332,3.70202,0
17.2848,3.75927,0
18.7294,2.20732,0
17.08,3.67611,0
18.882,2.08181,0
17.1628,3.79338,0
17.2917,3.92577,0
17.3018,3.75756,0
17.171,3.78702,0
17.1306,3.73329,0
17.3573,3.81088,0
17.2398,3.76838,0
17.0728,3.69636,0
18.6927,2.20442,0
18.7468,2.20709,0
18.8282,2.02911,0
17.1273,3.77461,0
17.1216,3.7112,0
18.8679,2.01855,0
17.2723,3.83897,0
17.2388,3.69069,0
18.7694,2.08639,0
17.3185,3.75832,0
17.357,3.7973,0
18.8504,2.10993,0
18.8065,2.06777,0
17.2813,3.82205,0
17.3847,3.79815,0
17.2968,3.93292,0
17.1447,3.68706,0
17.2554,3.69296,0
18.8235,2.06089,0
18.8795,2.06877,0
18.7153,2.15299,0
18.8424,2.06413,0
17.14,3.73024,0
17.1854,3.8007,0
18.7549,2.24103,0
18.7698,2.12644,0
17.02,3.67707,0
17.3592,3.80959,0
17.3612,3.83557,0
17.3227,3.81827,0
18.7717,2.20868,0
17.2963,3.78983,0
17.2797,3.83318,0
18.7733,2.17893,0
17.0993,3.72136,0
17.2219,3.69474,0
17.2949,3.83571,0
17.3564,3.83128,0
18.7201,2.14995,0
17.1562,3.77119,0
17.1157,3.7624,0
17.0847,3.67938,0
17.1041,3.74041,0
17.3067,3.92723,0
17.3252,3.86648,0
17.388,3.8268,0
18.8693,2.04921,0
18.7701,2.16904,0
17.1265,3.75552,0
17.2235,3.74862,0
17.3164,3.80391,0
18.8483,2.10095,0
17.2054,3.83231,0
17.1808,3.73275,0
18.6994,2.19131,0
17.2312,3.77641,0
17.3002,3.76867,0
17.1553,3.64943,0
18.7801,2.14589,0
18.7992,2.1182,0
18.6891,2.25918,0
18.6929,2.26695,0
17.2871,3.81916,0
18.7166,2.23444,0
18.7284,2.15778,0
17.1678,3.78996,0
17.2487,3.70437,0
18.7413,2.21797,0
17.1609,3.7516,0
18.8192,2.0986,0
17.3175,3.73739,0
17.195,3.68951,0
17.051,3.68458,0
17.193,3.82394,0
17.2274,3.67162,0
17.1971,3.65459,0
17.2408,3.84654,0
17.2648,3.83707,0
17.1423,3.76478,0
17.1773,3.81325,0
18.7078,2.33961,0
17.1308,3.89706,0
17.2067,3.86848,0
17.0996,3.80099,0
16.8566,3.70489,0
18.8023,2.27694,0
17.2374,3.89741,0
16.9367,3.69118,0
16.9262,3.68972,0
16.9104,3.70125,0
16.9738,3.81909,0
18.7382,2.36623,0
16.8372,3.64282,0
16.9863,3.82971,0
16.9873,3.76592,0
17.1231,3.89201,0
17.2181,3.88969,0
17.1013,3.93936,0
17.0023,3.70626,0
16.8541,3.67207,0
16.8562,3.6901,0
16.6758,3.52408,0
17.0127,3.70808,0
17.1897,3.90515,0
17.0414,3.79863,0
18.8512,2.21886,0
17.1154,3.79053,0
17.1711,3.89582,0
18.7685,2.28408,0
17.0999,3.92241,0
16.7388,3.54381,0
16.9822,3.77217,0
18.7138,2.38897,0
17.058,3.78223,0
17.0786,3.90315,0
18.7673,2.26932,0
16.8837,3.66958,0
16.8382,3.67706,0
17.1846,3.91241,0
16.8285,3.68097,0
17.0119,3.84951,0
17.1163,3.84809,0
17.1542,3.83655,0
18.8638,2.18417,0
16.8371,3.64017,0
18.8111,2.21292,0
16.6599,3.49641,0
16.7018,3.55178,0
17.0351,3.80078,0
16.8978,3.72918,0
18.8393,2.17019,0
16.9511,3.74096,0
16.7716,3.62163,0
18.7843,2.246,0
17.0743,3.81859,0
17.025,3.82004,0
16.9899,3.77849,0
18.7332,2.28578,0
16.8594,3.6621,0
17.107,3.83718,0
18.7057,2.38007,0
18.8171,2.23473,0
16.8651,3.69033,0
18.8281,2.19103,0
17.1639,3.89402,0
17.2052,3.90041,0
17.191,3.88853,0
17.0662,3.87694,0
16.8941,3.68358,0
18.8593,2.18724,0
16.9072,3.73899,0
17.0251,3.76239,0
16.9957,3.76629,0
17.1675,3.91436,0
17.1008,3.9323,0
17.1718,3.92238,0
16.7807,3.62679,0
18.86,2.2179,0
17.0095,3.78312,0
17.0627,3.86095,0
17.1872,3.88568,0
16.9034,3.73959,0
17.1507,3.96078,0
17.1509,3.98137,0
16.8875,3.72019,0
18.8583,2.18057,0
16.6919,3.51807,0
16.9342,3.75115,0
17.123,3.8107,0
16.6721,3.49618,0
18.7477,2.35712,0
17.0858,3.8596,0
17.0016,3.75542,0
16.7642,3.57305,0
17.0719,3.75786,0
17.0069,3.83915,0
18.707,2.3674,0
16.9506,3.72342,0
16.8407,3.66664,0
17.1428,3.84643,0
16.8349,3.64422,0
17.1214,3.82585,0
18.7479,2.28274,0
17.0088,3.79491,0
18.7947,2.22014,0
17.1717,3.883,0
17.1685,3.89542,0
17.0975,3.79643,0
16.9725,3.81455,0
16.8931,3.73363,0
16.7452,3.55715,0
16.8985,3.67804,0
17.1898,3.91755,0
17.1337,3.91947,0
17.1122,3.8288,0
16.7707,3.61682,0
18.695,2.33346,0
16.8399,3.64598,0
16.7593,3.56837,0
16.9413,3.75625,0
17.0187,3.75902,0
18.845,2.21531,0
16.7847,3.60461,0
16.9824,3.7569,0
17.0438,3.88592,0
18.8124,2.21647,0
18.7337,2.2948,0
18.7136,2.30482,0
16.842,3.63814,0
16.8008,3.59858,0
17.1635,3.87844,0
17.003,3.83267,0
17.1295,3.88276,0
18.8434,2.18482,0
17.0252,3.74582,0
18.7243,2.37477,0
16.8242,3.62968,0
16.9999,3.83098,0
17.1046,3.89962,0
17.0481,3.84216,0
16.7644,3.57532,0
16.9312,3.71244,0
18.7936,2.2736,0
16.878,3.72383,0
16.7661,3.59327,0
18.7988,2.2428,0
17.2124,3.88017,0
17.0378,3.76205,0
16.9912,3.81698,0
17.0283,3.79428,0
18.7591,2.26698,0
17.0852,3.77149,0
16.9081,3.67172,0
17.0884,3.78693,0
17.1429,3.88461,0
17.1367,3.86506,0
16.9339,3.76124,0
16.9178,3.70083,0
17.0508,3.81492,0
18.7104,2.32549,0
16.7887,3.61151,0
18.7676,2.29721,0
17.9747,3.54775,0
18.91,1.36238,0
18.1267,3.10346,0
17.9759,3.50509,0
18.912,1.37745,0
17.8975,3.60364,0
18.0411,3.40289,0
17.936,3.61061,0
18.0316,3.28909,0
18.046,3.29057,0
18.0316,3.3397,0
18.0786,3.2031,0
17.9673,3.56708,0
18.8712,1.35927,0
18.9157,1.36732,0
17.9338,3.61463,0
18.1467,3.1191,0
18.1312,3.12067,0
17.982,3.44921,0
18.1353,3.1219,0
18.1313,3.19321,0
17.9223,3.60819,0
17.9916,3.47399,0
17.9445,3.57937,0
18.8679,1.40677,0
18.9129,1.36652,0
17.9455,3.5548,0
18.0861,3.25398,0
18.106,3.24132,0
18.1332,3.19239,0
17.9408,3.59027,0
17.9826,3.41165,0
18.0811,3.27353,0
17.9011,3.60107,0
18.0992,3.24262,0
17.9562,3.57368,0
18.0984,3.1737,0
17.9513,3.51516,0
18.0445,3.34867,0
18.059,3.23452,0
17.9652,3.51912,0
18.1322,3.18272,0
18.0395,3.32806,0
18.0822,3.18326,0
17.9521,3.56991,0
17.9234,3.54709,0
18.0343,3.38242,0
18.9071,1.42553,0
18.0719,3.27585,0
17.9523,3.56787,0
18.0917,3.19136,0
18.8913,1.34472,0
17.9909,3.38885,0
17.9558,3.52791,0
18.8825,1.38188,0
17.943,3.5957,0
18.0451,3.33084,0
18.1565,3.14295,0
18.0178,3.43477,0
18.1235,3.10835,0
18.1209,3.13451,0
18.0129,3.33219,0
18.1171,3.10237,0
17.9372,3.54616,0
17.9878,3.42967,0
17.9291,3.57589,0
18.0952,3.16543,0
18.0563,3.239,0
17.8559,3.63951,0
17.8688,3.62259,0
18.1456,3.18349,0
17.8613,3.622,0
18.1506,3.16745,0
18.056,3.37615,0
18.9387,1.40816,0
17.8923,3.62425,0
18.1735,3.11922,0
18.9359,1.41202,0
18.9473,1.43774,0
18.941,1.44538,0
17.8794,3.62754,0
17.8778,3.65042,0
18.0766,3.33352,0
17.9096,3.64428,0
18.9604,1.41123,0
18.0451,3.39682,0
17.8603,3.62564,0
18.9478,1.40628,0
18.8927,1.53887,0
18.8735,1.57531,0
18.6498,1.08048,0
18.729,1.12882,0
18.312,3.18658,0
18.2486,3.35327,0
18.746,0.96706,0
18.8373,1.00952,0
18.7201,0.97771,0
18.2315,3.34018,0
18.7268,1.1847,0
18.7995,1.05979,0
18.7683,1.15309,0
18.8096,1.10884,0
18.8398,1.11762,0
18.2478,3.39926,0
18.8533,1.0233,0
18.2575,3.2614,0
18.6601,1.13242,0
18.2468,3.27824,0
18.8586,1.03359,0
18.2737,3.17963,0
18.734,0.99916,0
18.7603,1.2066,0
18.6805,0.99729,0
18.6958,1.12645,0
18.7832,1.02687,0
18.8057,1.0187,0
18.2128,3.16415,0
18.8607,1.06037,0
18.3183,3.13869,0
18.16,3.23662,0
18.2835,3.31166,0
18.2044,3.1448,0
18.2445,3.20296,0
18.7826,0.98898,0
18.7787,1.24578,0
18.7207,1.04067,0
18.2759,3.24999,0
18.2504,3.38522,0
18.7615,1.19327,0
18.2772,3.30713,0
18.2257,3.23272,0
18.2308,3.15854,0
18.6754,1.10908,0
18.2045,3.34613,0
18.6632,1.08522,0
18.6869,1.16485,0
18.8151,1.20968,0
18.807,1.13081,0
18.3095,3.17596,0
18.6843,1.17471,0
18.1757,3.16619,0
18.2743,3.28929,0
18.7967,1.04322,0
18.1701,3.29562,0
18.7103,1.04407,0
18.222,3.25741,0
18.763,1.12661,0
18.7596,1.0592,0
18.865,1.03936,0
18.1762,3.25606,0
18.7908,1.24048,0
18.8723,1.0041,0
18.2181,3.21665,0
18.845,1.11479,0
18.7831,1.09716,0
18.6713,1.01464,0
18.2661,3.23291,0
18.7885,1.09811,0
18.6389,1.0819,0
18.6551,1.13917,0
18.7717,1.04971,0
18.1104,3.27865,0
18.6474,0.98976,0
18.6524,1.00169,0
18.6716,1.11417,0
18.2204,3.23251,0
18.7128,0.96967,0
18.6834,1.06784,0
18.1987,3.16064,0
18.7371,1.04982,0
18.7408,1.12929,0
18.6518,1.06397,0
18.8329,1.16303,0
18.7879,1.0765,0
18.1834,3.25439,0
18.3016,3.16766,0
18.697,1.02929,0
18.2257,3.31833,0
18.7349,1.06944,0
18.6464,1.09829,0
18.8225,1.10003,0
18.652,0.9626,0
18.2724,3.28418,0
18.6589,1.12673,0
18.1535,3.36004,0
18.2334,3.28762,0
18.7555,1.16904,0
18.7976,1.26432,0
18.7405,1.2474,0
18.7759,1.16312,0
18.7516,1.13881,0
18.6657,0.93985,0
18.7815,1.03596,0
18.2074,3.23083,0
18.66,1.01095,0
18.1952,3.13897,0
18.7442,0.98468,0
18.2055,3.20065,0
18.2324,3.30046,0
18.7567,0.97377,0
18.6737,1.07082,0
18.8288,1.04079,0
18.8589,1.02027,0
18.6881,1.19047,0
18.7089,1.13972,0
18.7161,1.19959,0
18.6604,0.97254,0
18.8485,1.11085,0
18.1814,3.21164,0
18.256,3.12019,0
18.1752,3.17413,0
18.798,1.16067,0
18.6364,0.92883,0
18.6618,0.95294,0
18.7995,1.26329,0
18.2516,3.13496,0
18.6714,0.96684,0
18.8252,1.18561,0
18.716,1.00975,0
18.1881,3.17121,0
18.232,3.16202,0
18.8327,1.07366,0
18.2266,3.13959,0
18.7638,1.18424,0
18.7593,1.20452,0
18.1527,3.36468,0
18.2006,3.26374,0
18.7205,1.15114,0
18.1514,3.27311,0
18.6852,1.11849,0
18.2084,3.33419,0
18.6401,1.01369,0
18.6723,1.16306,0
18.7633,1.16521,0
18.7263,1.21289,0
18.799,1.1419,0
18.1599,3.19133,0
18.7437,1.01498,0
18.1178,3.29852,0
18.6659,1.0505,0
18.7763,1.0335,0
18.6231,1.04388,0
18.6944,1.02642,0
18.2218,3.38158,0
18.2134,3.15205,0
18.6756,1.16334,0
18.2518,3.26308,0
18.7959,1.16634,0
18.7514,1.07463,0
18.8018,1.03682,0
18.2908,3.22861,0
18.8244,1.0369,0
18.753,1.19779,0
18.7054,1.08479,0
18.1147,3.32355,0
18.6715,1.134,0
18.1916,3.28911,0
18.1544,3.31077,0
18.7667,1.02821,0
18.7084,1.03534,0
18.7886,0.97025,0
18.8145,1.17172,0
18.6684,1.02057,0
18.7154,1.18936,0
18.7315,1.05045,0
18.7645,1.06535,0
18.2257,3.1174,0
18.7248,0.99238,0
18.2412,3.32811,0
18.7885,1.23071,0
18.7808,1.10197,0
18.8248,1.05725,0
18.6427,1.02158,0
18.2114,3.19287,0
18.1608,3.23181,0
18.2479,3.36029,0
18.8481,0.98156,0
18.7546,0.98021,0
18.6536,1.05073,0
18.7644,1.08061,0
18.7459,1.23558,0
18.1728,3.16229,0
18.6186,1.05753,0
18.7659,1.15384,0
18.8528,1.03509,0
18.2232,3.30195,0
18.7565,1.13129,0
18.7746,1.07927,0
18.65,0.95519,0
18.6945,1.17992,0
18.1974,3.33648,0
18.6935,1.07623,0
18.1556,3.2615,0
18.3005,3.21295,0
18.7364,0.95716,0
18.8148,1.00385,0
18.6983,1.01948,0
18.6709,1.08573,0
18.7689,1.25313,0
18.6948,0.94004,0
18.7368,1.18886,0
18.7945,1.26368,0
18.772,0.96919,0
18.7299,1.11105,0
18.8474,1.08489,0
18.2489,3.12896,0
18.1845,3.36302,0
18.7312,1.15708,0
18.1841,3.22584,0
18.2474,3.19956,0
18.798,1.1277,0
18.2747,3.36365,0
18.332,3.14694,0
18.0886,3.36333,0
18.2351,3.42907,0
18.8814,1.08022,0
18.1046,3.36784,0
18.8271,1.22827,0
18.1892,3.40525,0
18.8665,1.10347,0
18.8348,1.25518,0
18.4186,2.82926,0
18.11,3.39796,0
18.1253,3.38703,0
18.1136,3.37043,0
18.2742,3.37504,0
18.0994,3.38121,0
18.2462,3.42723,0
18.0849,3.37283,0
18.8751,1.07468,0
18.8711,1.08318,0
18.866,1.06577,0
18.2641,3.41191,0
18.1309,3.3844,0
18.0868,3.37751,0
18.2069,3.422,0
18.835,1.23903,0
18.426,2.77565,0
18.1738,3.39287,0
18.8876,1.23245,0
18.8836,1.24153,0
18.8406,1.25236,0
18.8534,1.21558,0
18.0695,3.46673,0
18.043,3.46795,0
18.8541,1.22188,0
18.0242,3.45342,0
18.0983,3.46825,0
18.897,1.20619,0
18.1416,3.41254,0
18.8804,1.26864,0
18.8655,1.17285,0
18.0672,3.4809,0
18.1036,3.43861,0
18.1308,3.49139,0
18.0879,3.49372,0
18.1042,3.49806,0
18.1005,3.4602,0
18.0456,3.45208,0
18.8852,1.29948,0
18.0976,3.42634,0
18.0549,3.49603,0
18.8577,1.21858,0
18.8535,1.25312,0
18.9156,1.23697,0
18.0983,3.50873,0
18.0329,3.48261,0
18.1176,3.44411,0
18.0687,3.43144,0
18.1639,3.47604,0
18.8674,1.15753,0
18.8721,1.22699,0
18.1593,3.45696,0
18.1473,3.46675,0
18.0687,3.41127,0
18.1241,3.49356,0
18.8891,1.24672,0
18.1437,3.43741,0
18.8704,1.23679,0
18.0581,3.40941,0
18.8729,1.23931,0
18.8676,1.22678,0
18.8853,1.18079,0
18.0762,3.41866,0
18.8525,1.30192,0
18.1002,3.50963,0
18.8574,1.27374,0
18.0636,3.48362,0
18.8582,1.21113,0
18.8863,1.19189,0
18.1056,3.4244,0
18.1393,3.43269,0
18.8603,1.21609,0
18.8911,1.14052,0
18.044,3.42625,0
18.16,3.53377,0
18.0153,3.48482,0
18.9123,1.27596,0
18.0134,3.48597,0
18.9026,1.32798,0
18.9184,1.26781,0
18.9165,1.2928,0
18.0638,3.51425,0
18.9432,1.18019,0
18.9274,1.21879,0
18.9128,1.26629,0
18.0901,3.51463,0
18.9331,1.22389,0
18.9108,1.28102,0
18.9223,1.27661,0
18.9189,1.25433,0
18.1638,3.52103,0
18.0894,3.52682,0
18.9352,1.33527,0
18.0432,3.5371,0
18.035,3.54507,0
18.9523,1.31029,0
18.0718,3.53195,0
18.1208,3.57009,0
18.0362,3.51171,0
18.0842,3.54057,0
18.0102,3.50766,0
18.1092,3.56132,0
18.1221,3.54516,0
18.9436,1.2279,0
18.0565,3.53452,0
18.043,3.52806,0
18.0397,3.53141,0
18.9312,1.27319,0
17.9988,3.52005,0
18.0613,3.55088,0
18.9556,1.29516,0
18.9232,1.30587,0
18.3912,3.04945,0
18.279,3.36924,0
18.4126,2.96713,0
18.2528,3.44259,0
18.4302,2.88107,0
18.4665,2.79799,0
18.436,2.89393,0
18.3061,3.32225,0
18.4368,2.86915,0
18.2713,3.4536,0
18.892,1.1105,0
18.2975,3.39456,0
18.27,3.41772,0
18.8948,1.13607,0
18.4103,2.9396,0
18.3275,3.26367,0
18.4559,2.79192,0
18.3302,3.22796,0
18.3738,3.14679,0
18.906,1.04906,0
18.3329,3.30099,0
18.9259,1.07756,0
18.9199,1.08916,0
18.2821,3.45759,0
18.4629,2.79643,0
18.329,3.17693,0
18.2891,3.35341,0
18.4209,2.94481,0
18.2696,3.43698,0
18.3397,3.28426,0
18.4563,2.81617,0
18.3419,3.15136,0
18.9088,1.08387,0
18.3088,3.28562,0
18.4146,2.96562,0
18.3493,3.19614,0
18.3694,3.16556,0
18.3133,3.3725,0
18.9197,1.07415,0
18.3925,3.07754,0
18.415,2.94972,0
18.4384,2.87869,0
18.2782,3.4106,0
18.3003,3.32896,0
18.3831,3.07783,0
18.3045,3.30105,0
18.4404,2.80647,0
18.3575,3.13428,0
18.3015,3.35402,0
18.423,2.89677,0
18.4531,2.84791,0
18.283,3.40698,0
18.8874,1.07143,0
18.2841,3.34787,0
18.3234,3.24686,0
18.4301,2.94957,0
18.2842,3.42109,0
18.3034,3.35769,0
18.3985,2.92576,0
18.3421,3.24092,0
18.2993,3.29201,0
18.3243,3.19879,0
18.3356,3.18771,0
18.4142,2.85006,0
18.2806,3.43518,0
18.3122,3.2779,0
18.1846,3.54064,0
18.2115,3.45172,0
18.192,3.51601,0
18.2102,3.49913,0
18.9569,1.22099,0
18.9615,1.22253,0
18.9737,1.32669,0
18.9853,1.24664,0
18.9422,1.37747,0
18.1583,3.5619,0
18.9702,1.29056,0
18.9763,1.2557,0
18.9713,1.3201,0
18.9553,1.33254,0
18.9711,1.31821,0
18.9796,1.29673,0
18.1644,3.55754,0
18.9642,1.36152,0
18.9588,1.31532,0
18.3323,3.35685,0
18.3524,3.29628,0
18.452,2.89283,0
18.4035,3.16208,0
18.4399,2.95325,0
18.3759,3.17201,0
18.4604,2.86505,0
18.4117,3.08498,0
18.3466,3.28383,0
18.9442,1.08806,0
18.4105,3.13058,0
18.3947,3.10503,0
18.4288,2.98245,0
18.4729,2.85845,0
18.3518,3.2828,0
18.3362,3.40994,0
18.4045,3.14728,0
18.3934,3.16278,0
18.3303,3.42492,0
18.4072,3.07689,0
18.3703,3.21624,0
18.4718,2.80182,0
18.347,3.31769,0
18.3518,3.30781,0
18.9343,1.1437,0
18.4168,3.0067,0
18.4,3.12862,0
18.4142,3.07994,0
18.9347,1.068,0
18.4989,2.77277,0
18.3592,3.33809,0
18.3957,3.16578,0
18.3261,3.38202,0
18.3772,3.25825,0
18.4376,2.9904,0
18.3363,3.35397,0
18.9587,1.05618,0
18.3766,3.19617,0
18.2517,3.45804,0
18.2901,3.46843,0
18.9716,1.13899,0
18.9728,1.14084,0
18.2978,3.47296,0
18.9608,1.12482,0
18.2444,3.47413,0
18.9613,1.11137,0
18.9607,1.17155,0
18.9634,1.12896,0
18.9676,1.15361,0
18.5116,2.7711,0
18.2643,3.47935,0
18.9647,1.09699,0
18.9767,1.08988,0
18.2969,3.4755,0
18.9629,1.18001,0
18.4412,3.0652,0
18.9376,1.03891,0
18.522,2.80887,0
18.9185,1.0013,0
18.9395,1.00566,0
18.4864,2.9979,0
18.5116,2.91012,0
18.3957,3.23343,0
18.4186,3.28264,0
18.4005,3.23794,0
18.4195,3.13246,0
18.4929,2.92153,0
18.4674,3.08421,0
18.8956,0.99731,0
18.4606,3.12064,0
18.4446,3.02103,0
18.4937,2.95968,0
18.5267,2.80299,0
18.4254,3.26034,0
18.3944,3.2565,0
18.4738,2.97351,0
18.399,3.38255,0
18.5364,2.77056,0
18.4953,2.9322,0
18.4218,3.25463,0
18.3699,3.40154,0
18.3805,3.38452,0
18.3716,3.37527,0
18.4877,2.96093,0
18.5318,2.82273,0
18.9495,1.0274,0
18.4321,3.20043,0
18.9563,1.00954,0
18.9255,1.00485,0
18.9655,1.00804,0
18.4466,3.12839,0
18.4734,2.92053,0
18.512,2.89579,0
18.3776,3.28624,0
18.4645,3.06886,0
18.4927,2.8541,0
18.4872,2.89633,0
18.4317,3.07928,0
18.946,1.05022,0
18.375,3.28798,0
18.4711,2.93165,0
18.4108,3.21683,0
18.5383,2.78798,0
18.4681,2.9596,0
18.4096,3.16098,0
18.5304,2.81127,0
18.5021,2.8645,0
18.4366,3.22863,0
18.9064,1.0059,0
18.488,2.94406,0
18.5135,2.82205,0
18.4157,3.28699,0
18.469,2.93398,0
18.9403,1.00258,0
18.3597,3.41302,0
18.5086,2.83653,0
18.5118,2.79532,0
18.3996,3.28228,0
18.4065,3.34434,0
18.3602,3.39784,0
18.5407,2.77968,0
18.5824,2.77213,0
18.82,2.48809,0
18.7127,2.72569,0
18.6701,2.74518,0
18.8361,2.40073,0
18.6548,2.63797,0
18.8221,2.63134,0
18.776,2.34911,0
18.7628,2.39405,0
18.6464,2.7466,0
18.5532,0.48471,0
18.8508,2.70124,0
18.7151,2.5566,0
18.7397,2.46947,0
18.5753,0.5459,0
18.6408,0.9188,0
18.5056,0.37122,0
18.6232,2.70774,0
18.7281,2.73462,0
18.5345,0.42283,0
18.5566,0.30514,0
18.7997,2.62732,0
18.5271,0.61364,0
18.7715,2.37775,0
18.8183,2.33466,0
18.8209,2.4279,0
18.6961,2.55781,0
18.5645,0.35762,0
18.4947,0.56675,0
18.7566,2.75102,0
18.4674,0.33036,0
18.7317,2.63112,0
18.5295,0.44197,0
18.7894,2.39769,0
18.7203,2.41368,0
18.5369,0.31446,0
18.4933,0.33557,0
18.5068,0.60063,0
18.4778,0.58305,0
18.7268,2.68001,0
18.7136,2.58064,0
18.7513,2.40263,0
18.8343,2.67712,0
18.5539,0.4984,0
18.6087,0.63818,0
18.5488,0.45853,0
18.7764,2.66794,0
18.5728,2.78017,0
18.5105,0.39297,0
18.7231,2.64985,0
18.7041,2.69259,0
18.7563,2.6736,0
18.4983,0.3991,0
18.631,2.5707,0
18.8259,2.38441,0
18.793,2.5461,0
18.7092,2.62183,0
18.7533,2.62923,0
18.8132,2.37195,0
18.5591,0.60654,0
18.6458,2.637,0
18.5763,0.41523,0
18.8223,2.35794,0
18.8482,2.572,0
18.568,0.50446,0
18.6562,2.55699,0
18.6742,2.53118,0
18.4948,0.28479,0
18.8069,2.60378,0
18.5058,0.44305,0
18.6646,2.66125,0
18.7869,2.71389,0
18.7726,2.48486,0
18.5905,0.50127,0
18.8226,2.42289,0
18.5511,2.78274,0
18.7997,2.64897,0
18.849,2.562,0
18.679,2.67333,0
18.7613,2.43914,0
18.7473,2.50438,0
18.5647,0.42596,0
18.497,0.55853,0
18.4961,0.52446,0
18.7181,2.44724,0
18.4828,0.46834,0
18.8558,2.55492,0
18.6264,2.75504,0
18.6238,2.66942,0
18.8234,2.46034,0
18.6866,2.56132,0
18.6435,0.89736,0
18.801,2.70215,0
18.5719,0.42078,0
18.6552,2.73006,0
18.5071,0.51199,0
18.5326,0.49399,0
18.7622,2.36463,0
18.4725,0.29536,0
18.5299,0.44276,0
18.6356,0.9161,0
18.6638,2.75461,0
18.5064,0.57643,0
18.8605,2.67682,0
18.8429,2.56382,0
18.6389,2.62347,0
18.7632,2.73169,0
18.5639,0.48678,0
18.827,2.69901,0
18.8126,2.48528,0
18.5263,0.35169,0
18.5454,0.36222,0
18.8382,2.44669,0
18.7912,2.71125,0
18.6271,2.59545,0
18.7759,2.39034,0
18.4906,0.52613,0
18.6501,2.55759,0
18.7917,2.43035,0
18.5324,0.45652,0
18.7738,2.36928,0
18.7397,2.44988,0
18.549,0.59942,0
18.4821,0.41554,0
18.6427,2.74594,0
18.7031,2.57246,0
18.6972,2.51024,0
18.6674,2.72527,0
18.655,2.6552,0
18.8303,2.56785,0
18.7818,2.43228,0
18.5686,2.77102,0
18.8422,2.69949,0
18.799,2.55104,0
18.5878,0.58364,0
18.7981,2.37344,0
18.8,2.50354,0
18.5429,0.5503,0
18.8369,2.40802,0
18.4926,0.30433,0
18.5723,0.42849,0
18.6772,2.68093,0
18.67,2.70544,0
18.7953,2.47127,0
18.7949,2.43825,0
18.8388,2.66671,0
18.6958,2.71193,0
18.6796,2.51761,0
18.7892,2.67324,0
18.7703,2.35845,0
18.5599,0.37872,0
18.5485,0.40987,0
18.8035,2.39506,0
18.468,0.41074,0
18.8302,2.49174,0
18.8258,2.38967,0
18.6394,0.89729,0
18.5808,0.40532,0
18.7844,2.7402,0
18.4793,0.38104,0
18.4906,0.56419,0
18.5093,0.31979,0
18.555,0.33861,0
18.5789,2.76621,0
18.731,2.4786,0
18.6454,2.75065,0
18.7965,2.59394,0
18.75,2.75788,0
18.7957,2.44624,0
18.6867,2.62967,0
18.4753,0.43048,0
18.5265,0.45017,0
18.5664,2.7707,0
18.8109,2.39482,0
18.7586,2.56118,0
18.812,2.35202,0
18.5859,0.50486,0
18.7153,2.68639,0
18.813,2.56145,0
18.8223,2.57905,0
18.5249,0.34587,0
18.5127,0.31599,0
18.6721,2.58317,0
18.7388,2.62868,0
18.7491,2.38325,0
18.527,0.41041,0
18.5218,0.30107,0
18.5485,0.48192,0
18.63,2.56794,0
18.7195,2.39586,0
18.7962,2.47029,0
18.6469,2.6188,0
18.538,0.33393,0
18.7523,2.46081,0
18.7957,2.66288,0
18.8365,2.47667,0
18.7208,2.52371,0
18.6609,2.61979,0
18.8275,2.38448,0
18.5372,0.52754,0
18.5036,0.50479,0
18.4798,0.5335,0
18.8301,2.71574,0
18.7702,2.58961,0
18.8176,2.49673,0
18.8295,2.69446,0
18.8229,2.68662,0
18.8164,2.49975,0
18.4948,0.53119,0
18.8328,2.39925,0
18.7808,2.3804,0
18.7339,2.50634,0
18.7417,2.45961,0
18.5715,0.51111,0
18.8307,2.56048,0
18.8258,2.55994,0
18.4862,0.28546,0
18.5447,0.36942,0
18.5912,0.53209,0
18.8139,2.656,0
18.4847,0.52371,0
18.724,2.47993,0
18.6386,0.90927,0
18.8071,2.59347,0
18.5551,0.33307,0
18.4888,0.56051,0
18.8146,2.37286,0
18.8328,2.71141,0
18.8629,2.67489,0
18.6937,2.52869,0
18.6611,2.61414,0
18.4917,0.41216,0
18.754,2.37577,0
18.6159,2.77562,0
18.732,2.71916,0
18.6346,2.76769,0
18.7649,2.50852,0
18.8071,2.45682,0
18.6593,2.70708,0
18.6349,2.62934,0
18.6376,2.57246,0
18.7966,2.37723,0
18.7937,2.50994,0
18.7974,2.73944,0
18.6173,2.61031,0
18.8044,2.56671,0
18.4984,0.54814,0
18.5657,0.49745,0
18.7323,2.52953,0
18.7297,2.55817,0
18.7163,2.75747,0
18.5508,0.40401,0
18.6419,2.76374,0
18.7938,2.69878,0
18.7898,2.35581,0
18.7367,2.40264,0
18.6283,2.61037,0
18.5276,0.49875,0
18.7607,2.64571,0
18.6579,2.63882,0
18.5044,0.37229,0
18.7701,2.46117,0
18.7863,2.35779,0
18.4897,0.37818,0
18.4932,0.26353,0
18.8592,2.37977,0
18.8528,2.32085,0
18.3535,0.25598,0
18.8969,2.58392,0
18.53,0.25464,0
18.8884,2.5727,0
18.4684,0.25738,0
18.8622,2.39898,0
18.4133,0.27071,0
18.902,2.69311,0
18.5245,0.25984,0
18.8465,2.37463,0
18.877,2.69885,0
18.8583,2.34922,0
18.3852,0.25507,0
18.4673,0.25572,0
18.8708,2.56868,0
18.8809,2.65219,0
18.8626,2.38474,0
18.8915,2.55774,0
18.884,2.6105,0
18.8909,2.61156,0
18.4698,0.24382,0
18.8643,2.47096,0
18.8611,2.50216,0
18.8373,2.34237,0
18.8853,2.50835,0
18.4805,0.26668,0
18.8954,2.61017,0
18.8354,2.38139,0
18.8387,2.30582,0
18.4961,0.24589,0
18.8575,2.40836,0
18.842,2.32633,0
18.5256,0.26529,0
18.8347,2.32112,0
18.3928,0.26856,0
18.8538,2.49565,0
18.4791,0.24175,0
18.8638,2.47803,0
18.8357,2.37392,0
18.8764,2.51798,0
18.87,2.57271,0
18.3379,0.26486,0
18.8596,2.49545,0
18.5076,0.25824,0
18.7166,0.91121,0
18.6008,2.89934,0
18.8342,0.86447,0
18.7657,0.90341,0
18.541,2.81427,0
18.6655,0.89692,0
18.7073,0.82534,0
18.6115,2.93957,0
18.5681,2.96863,0
18.8829,0.83349,0
18.4485,3.19607,0
18.4861,3.15624,0
18.8548,0.95799,0
18.5256,3.07361,0
18.7142,0.90202,0
18.9062,0.86822,0
18.4706,3.14863,0
18.5639,2.90295,0
18.5683,2.92629,0
18.5214,3.1451,0
18.8793,0.97076,0
18.5251,2.95534,0
18.5576,3.26127,0
18.5398,3.13521,0
18.7616,0.8203,0
18.6861,0.82665,0
18.8662,0.88451,0
18.7958,0.83548,0
18.7231,0.85613,0
18.6007,2.83724,0
18.8139,0.96078,0
18.5744,3.09789,0
18.5467,2.99137,0
18.5336,3.16052,0
18.836,0.90713,0
18.7327,0.87119,0
18.7606,0.91295,0
18.5141,3.24173,0
18.8586,0.9302,0
18.57,2.94417,0
18.5967,2.90117,0
18.5406,3.08667,0
18.8913,0.91741,0
18.8002,0.94155,0
18.6437,0.87024,0
18.5427,3.25326,0
18.489,3.28867,0
18.5855,2.95597,0
18.6026,2.85611,0
18.7038,0.84333,0
18.6841,0.91768,0
18.5643,3.04827,0
18.5588,3.10817,0
18.5377,3.23367,0
18.5705,2.92296,0
18.5877,2.95117,0
18.7271,0.92502,0
18.8668,0.89223,0
18.4395,3.26029,0
18.5375,3.03944,0
18.5531,2.91595,0
18.4577,3.2338,0
18.8728,0.85166,0
18.8263,0.88858,0
18.6144,2.89259,0
18.8276,0.87722,0
18.8752,0.89583,0
18.9198,0.88898,0
18.891,0.94621,0
18.5147,3.07679,0
18.4674,3.2182,0
18.7654,0.829,0
18.759,0.91033,0
18.7457,0.83015,0
18.7382,0.92415,0
18.8014,0.92309,0
18.5691,3.20028,0
18.5836,2.92858,0
18.4851,3.08994,0
18.9079,0.86154,0
18.5423,3.01273,0
18.5385,3.21685,0
18.7506,0.80947,0
18.4658,3.10897,0
18.5868,2.90592,0
18.9027,0.92903,0
18.7309,0.90712,0
18.5151,3.04946,0
18.5537,3.01377,0
18.7412,0.85421,0
18.6267,2.81686,0
18.5965,3.03994,0
18.7641,0.95319,0
18.4832,3.26801,0
18.7013,0.86798,0
18.7847,0.90603,0
18.5318,3.11959,0
18.8943,0.87006,0
18.7612,0.81733,0
18.5175,3.0739,0
18.5269,3.01157,0
18.5079,3.26964,0
18.5313,3.18364,0
18.5737,2.81612,0
18.6571,0.86654,0
18.5093,3.15226,0
18.6033,2.83592,0
18.7776,0.82606,0
18.5771,2.89935,0
18.5835,3.00072,0
18.6618,0.84868,0
18.5972,2.98024,0
18.8655,0.97268,0
18.5641,2.879,0
18.4632,3.13584,0
18.7233,0.85136,0
18.5022,3.03712,0
18.517,3.12689,0
18.6885,0.9026,0
18.5667,3.06081,0
18.5083,3.19683,0
18.4593,3.16818,0
18.5517,3.0857,0
18.5384,3.18173,0
18.8142,0.87605,0
18.5663,2.9285,0
18.7139,0.88724,0
18.8177,0.92014,0
18.4382,3.24854,0
18.7359,0.87642,0
18.8559,0.92522,0
18.582,3.105,0
18.6021,2.87105,0
18.5486,3.12404,0
18.5703,3.19969,0
18.5299,3.00944,0
18.4634,3.13676,0
18.5224,3.27283,0
18.5995,3.03169,0
18.625,2.82861,0
18.9134,0.93215,0
18.5657,3.00526,0
18.5139,3.2752,0
18.76,0.88182,0
18.771,0.87451,0
18.7652,0.85524,0
18.4655,3.2339,0
18.7491,0.82486,0
18.8829,0.91334,0
18.4546,3.28499,0
18.8129,0.91276,0
18.8354,0.8662,0
18.5023,3.04415,0
18.4652,3.20708,0
18.5265,2.93277,0
18.4985,3.12303,0
18.8759,0.87124,0
18.4986,3.0544,0
18.4726,3.13378,0
18.5168,2.99689,0
18.8396,0.92883,0
18.702,0.88428,0
18.5588,3.1349,0
18.5335,3.18539,0
18.5853,3.02727,0
18.5719,2.8546,0
18.8209,0.85121,0
18.4885,3.28422,0
18.5801,2.99069,0
18.4543,3.16375,0
18.9158,0.90202,0
18.8799,0.9146,0
18.6117,2.84246,0
18.4905,3.12812,0
18.7261,0.80711,0
18.8159,0.94387,0
18.8119,0.85896,0
18.4869,3.28079,0
18.73,0.92838,0
18.5131,3.14558,0
18.5123,2.99784,0
18.5491,3.05055,0
18.4344,3.24878,0
18.7996,0.82052,0
18.5165,3.10225,0
18.8856,0.86578,0
18.5508,2.89537,0
18.6039,2.82246,0
18.5734,3.09193,0
18.5689,2.94828,0
18.5694,3.10717,0
18.0186,3.63159,0
18.9489,1.47699,0
18.107,3.66339,0
18.9826,1.58609,0
19.089,1.49419,0
19.0234,1.63868,0
18.9604,1.41651,0
18.9076,1.53581,0
18.9316,1.52765,0
18.9836,1.4324,0
18.9051,1.55995,0
18.8467,1.97429,0
18.9304,1.78037,0
19.0556,1.49403,0
18.9158,1.51155,0
18.0181,3.72543,0
18.0235,3.6506,0
18.9026,1.78534,0
18.9769,1.4531,0
18.0815,3.74636,0
18.024,3.63432,0
17.966,3.61753,0
18.8564,1.96936,0
18.0704,3.57981,0
18.09,3.65952,0
18.8967,1.69197,0
18.9715,1.43888,0
19.0843,1.46719,0
18.0808,3.63738,0
18.9168,1.58188,0
18.9542,1.457,0
18.0341,3.62763,0
18.9923,1.53333,0
18.9614,1.56954,0
18.9492,1.61186,0
18.9762,1.64047,0
18.077,3.70353,0
18.8778,1.94522,0
18.9769,1.48717,0
18.0683,3.67672,0
19.003,1.45154,0
18.9843,1.56344,0
18.9779,1.50431,0
19.04,1.49488,0
17.9876,3.61818,0
19.064,1.46416,0
18.9115,1.70419,0
18.8951,1.70629,0
18.0042,3.68092,0
18.0318,3.6147,0
19.0053,1.44813,0
18.9216,1.60478,0
18.9685,1.76728,0
19.0469,1.55496,0
18.9435,1.65099,0
19.0152,1.59741,0
18.0295,3.61721,0
18.93,1.59026,0
18.9976,1.64377,0
17.9524,3.62912,0
18.9202,1.8742,0
19.0588,1.54787,0
19.0847,1.51374,0
18.9987,1.67746,0
18.1167,3.62504,0
17.9513,3.65361,0
17.9467,3.67956,0
18.0695,3.64411,0
18.9838,1.64283,0
18.0507,3.71753,0
18.0623,3.60036,0
18.9998,1.50446,0
18.0504,3.67895,0
18.0308,3.58299,0
18.8786,1.97191,0
18.989,1.56878,0
18.9305,1.52437,0
17.9827,3.56265,0
19.0331,1.52496,0
19.0555,1.50253,0
18.9211,1.60314,0
19.0647,1.48846,0
18.9843,1.72626,0
18.1033,3.64278,0
17.9521,3.68997,0
17.9679,3.62602,0
19.0658,1.54726,0
19.0486,1.49574,0
18.0062,3.62968,0
18.951,1.7302,0
19.0802,1.52453,0
18.9519,1.79805,0
18.9085,1.59656,0
18.9457,1.55289,0
18.9355,1.51646,0
17.9731,3.60212,0
17.8684,3.65226,0
18.8854,1.91032,0
18.1099,3.689,0
19.0117,1.51525,0
18.9601,1.57059,0
18.9895,1.63784,0
18.9217,1.71378,0
18.1035,3.63857,0
17.9824,3.60542,0
19.0716,1.45945,0
18.1009,3.62251,0
18.9627,1.57412,0
19.0038,1.49423,0
18.0271,3.6686,0
18.9137,1.52316,0
19.0338,1.48413,0
18.9124,1.62442,0
18.9211,1.67064,0
18.9069,1.59653,0
17.9835,3.70494,0
18.0239,3.62912,0
18.9644,1.66179,0
18.0813,3.74878,0
18.9468,1.49378,0
18.993,1.67804,0
18.993,1.54455,0
18.0701,3.67035,0
17.9871,3.70183,0
17.9894,3.66718,0
18.9845,1.43976,0
18.9176,1.66356,0
18.0624,3.68651,0
19.0186,1.45773,0
18.1167,3.65533,0
18.9394,1.49199,0
18.8953,1.57848,0
18.9367,1.64895,0
17.9761,3.66976,0
17.958,3.66252,0
18.9422,1.79578,0
19.0529,1.58065,0
18.8884,1.70321,0
18.073,3.64893,0
19.0873,1.48155,0
19.0277,1.49154,0
18.9332,1.65283,0
18.9364,1.76514,0
18.0069,3.68344,0
18.0042,3.65214,0
18.9348,1.59846,0
18.9746,1.75374,0
18.0326,3.64224,0
18.9025,1.78264,0
18.9627,1.72674,0
18.972,1.60781,0
19.0149,1.66693,0
18.9927,1.53337,0
18.9401,1.47112,0
18.9183,1.71453,0
19.0097,1.62996,0
18.1377,3.61141,0
18.8859,1.92032,0
18.9232,1.72392,0
17.9668,3.69128,0
19.0797,1.52829,0
18.9194,1.5087,0
18.1077,3.602,0
18.0102,3.59561,0
18.0528,3.68595,0
18.9949,1.65447,0
19.0662,1.51692,0
18.0664,3.65758,0
18.9182,1.5645,0
17.6863,3.79637,0
19.0549,2.13645,0
18.8645,2.34157,0
17.6311,3.82999,0
18.9185,2.20972,0
17.6888,3.69352,0
17.7153,3.78259,0
18.9811,2.19076,0
18.894,2.26993,0
17.7724,3.72163,0
17.56,3.89328,0
17.5815,3.92758,0
17.4393,3.82975,0
17.3931,3.91902,0
17.4079,3.97974,0
19.0329,2.21969,0
18.9205,2.20993,0
17.6997,3.76054,0
17.56,3.79805,0
18.8677,2.28969,0
17.5941,3.78855,0
17.3892,3.93351,0
17.8074,3.68401,0
18.8821,2.17454,0
17.5442,3.96846,0
17.5186,3.86152,0
17.8045,3.67635,0
17.4124,3.8962,0
18.9557,2.05388,0
17.4846,4.00804,0
17.5566,3.96986,0
17.7098,3.80293,0
17.4773,3.98092,0
19.009,2.24473,0
18.8796,2.28813,0
17.7099,3.72392,0
19.0179,2.16688,0
18.9501,2.04131,0
18.9558,2.07482,0
18.9705,2.10104,0
17.5282,4.01066,0
18.9882,2.07416,0
17.355,3.92898,0
17.5764,3.93772,0
17.6814,3.78815,0
18.9661,2.22322,0
18.8644,2.28444,0
18.8751,2.12043,0
19.0803,2.14536,0
17.6742,3.75259,0
18.887,2.13787,0
17.5903,3.93361,0
18.932,2.19535,0
18.9368,2.07764,0
17.4329,3.90032,0
17.6357,3.78445,0
19.0129,2.18158,0
17.4035,3.90389,0
18.9452,2.16671,0
18.9408,2.02769,0
18.9021,2.16658,0
17.5926,3.8773,0
17.727,3.74048,0
17.433,3.98572,0
18.8838,2.36849,0
18.9664,2.28483,0
18.9454,2.03073,0
17.5574,3.91625,0
18.9828,2.20989,0
18.9755,2.14769,0
17.6343,3.79281,0
17.5103,3.95886,0
17.4008,3.91147,0
17.4886,3.97968,0
17.5792,3.96412,0
17.5822,3.85992,0
18.8983,2.22538,0
18.9971,2.09652,0
18.9659,2.25568,0
17.498,4.04316,0
17.6635,3.80695,0
19.0011,2.11357,0
17.4476,4.02396,0
18.8821,2.34842,0
18.9463,2.19409,0
17.5279,3.96707,0
17.3751,3.93245,0
17.7069,3.72747,0
17.6229,3.83482,0
17.6849,3.7684,0
18.9695,2.11382,0
17.4934,3.95068,0
18.9463,2.15269,0
18.9743,2.23917,0
18.8831,2.28567,0
18.8797,2.39732,0
18.8927,2.22172,0
17.6414,3.85276,0
18.8797,2.29602,0
18.8569,2.30637,0
17.53,3.88102,0
18.9278,2.06916,0
18.8973,2.12821,0
17.5831,3.87405,0
18.8899,2.25878,0
17.5716,3.80536,0
18.8977,2.2065,0
18.894,2.13214,0
17.7492,3.7298,0
19.0684,2.14592,0
18.89,2.24004,0
17.744,3.69547,0
17.6771,3.81161,0
17.4319,3.95185,0
19.0031,2.21578,0
19.0105,2.19233,0
17.4535,3.94031,0
17.5935,3.85015,0
17.3515,3.89348,0
17.5157,3.88859,0
18.976,2.08823,0
17.7896,3.70039,0
17.5323,3.94063,0
18.9946,2.10544,0
18.9211,2.31344,0
17.4562,3.84509,0
18.8864,2.11637,0
17.3909,3.84793,0
17.6842,3.72427,0
17.5457,3.84847,0
17.6787,3.79227,0
18.9516,2.07451,0
18.8632,2.3365,0
18.8694,2.3062,0
17.5639,3.81897,0
17.4098,3.82857,0
17.4823,3.96909,0
19.0591,2.16826,0
17.7538,3.70563,0
17.4097,3.92247,0
19.0143,2.1391,0
18.9397,2.14867,0
19.0212,2.16383,0
19.0139,2.20563,0
17.6956,3.72348,0
18.9288,2.10991,0
17.5089,4.02387,0
18.877,2.18932,0
17.6684,3.80104,0
17.4818,3.98516,0
18.9017,2.28194,0
17.569,3.90714,0
17.4627,3.86984,0
17.3925,3.91687,0
18.9715,2.21797,0
18.8799,2.36007,0
18.8677,2.39016,0
17.4685,3.96858,0
17.7145,3.75117,0
17.7307,3.70818,0
17.6038,3.79782,0
17.3268,3.92279,0
17.4555,3.99237,0
18.8788,2.39541,0
18.9156,2.06379,0
17.7926,3.694,0
18.8568,2.27706,0
18.9331,2.21327,0
18.9016,2.01235,0
17.5426,3.98663,0
17.4781,3.93477,0
19.0016,2.16718,0
17.4502,3.94068,0
17.74,3.70048,0
17.3448,3.90895,0
18.916,2.1172,0
17.5434,3.98556,0
17.5146,4.00185,0
18.881,2.36938,0
17.4749,3.99823,0
17.4987,3.97839,0
18.9471,2.20186,0
17.5889,3.77729,0
18.9984,2.13719,0
17.4322,3.83685,0
17.5512,3.94795,0
18.9659,2.11368,0
17.541,3.94833,0
17.4265,3.8914,0
18.9704,2.09238,0
18.8667,2.31953,0
18.9282,2.15517,0
17.4915,3.94091,0
17.524,3.83584,0
18.9524,2.24748,0
17.4034,3.96753,0
17.3801,3.87831,0
17.6584,3.83197,0
18.957,2.22522,0
19.0431,2.18371,0
17.4407,4.00172,0
17.6831,3.80159,0
18.8965,2.29125,0
17.737,3.77548,0
17.4643,3.95004,0
18.882,2.3104,0
18.9172,2.02612,0
17.5517,3.86996,0
18.985,2.09865,0
17.4998,3.91673,0
17.4816,4.05575,0
19.0507,2.15035,0
17.4031,3.97686,0
18.9671,2.14987,0
18.9022,2.31952,0
18.9824,2.07864,0
19.023,2.11045,0
18.8734,2.40214,0
17.4614,3.84837,0
18.9213,2.0673,0
18.9751,2.23227,0
17.3912,3.98776,0
18.8629,2.25313,0
18.8923,2.22313,0
19.0147,2.17628,0
17.3602,3.8848,0
17.5705,3.90734,0
17.425,3.96951,0
18.8875,2.34324,0
18.8744,2.15352,0
17.4083,3.91155,0
18.9994,2.19131,0
17.5478,3.91141,0
18.9036,2.34681,0
17.5563,3.91999,0
18.8797,2.4064,0
17.6133,3.86152,0
19.0104,2.17988,0
17.7505,3.71643,0
18.9864,2.22655,0
17.4294,3.87187,0
18.9902,2.09371,0
17.4135,3.97433,0
17.6699,3.73476,0
17.5875,3.80223,0
18.8992,2.10512,0
18.8943,2.18272,0
17.6981,3.70829,0
17.4968,3.95606,0
17.7113,3.76259,0
18.9379,2.15944,0
17.8796,3.74824,0
19.0584,1.8505,0
18.9897,2.00238,0
17.8684,3.66019,0
17.7996,3.73595,0
17.728,3.91886,0
17.7601,3.86551,0
19.0361,1.93991,0
19.053,1.9844,0
18.9257,1.94207,0
17.7956,3.74038,0
18.9337,1.92614,0
17.9359,3.71886,0
17.7908,3.9435,0
17.7141,3.84676,0
17.6998,3.91038,0
18.9228,1.99631,0
17.7192,3.92459,0
18.923,2.00218,0
19.0518,1.84541,0
17.8691,3.82716,0
17.8102,3.75509,0
17.8192,3.81323,0
18.9626,2.00638,0
17.7322,3.88136,0
19.0566,1.83333,0
17.8331,3.76125,0
17.9101,3.68666,0
19.0576,1.90467,0
19.0978,1.8575,0
18.9383,1.93883,0
18.9707,1.95914,0
17.9189,3.71979,0
18.9833,1.80588,0
19.0475,1.82294,0
19.0889,1.90569,0
19.055,1.86002,0
19.0739,1.84114,0
17.7988,3.72206,0
17.7659,3.85362,0
17.8299,3.86078,0
17.818,3.83678,0
17.7305,3.87059,0
19.0871,1.90483,0
18.9429,1.93508,0
17.7085,3.84944,0
17.8036,3.89419,0
17.8547,3.71085,0
17.8507,3.84974,0
19.0239,1.82441,0
17.7399,3.84047,0
18.9643,1.7987,0
19.0347,1.87433,0
18.9349,1.85962,0
19.016,1.94543,0
17.814,3.84276,0
19.019,2.02744,0
18.9601,2.00483,0
17.7734,3.81088,0
18.9261,1.89297,0
17.8927,3.75696,0
17.8197,3.89533,0
18.9483,1.89091,0
18.9893,1.82255,0
19.0096,1.82075,0
17.7795,3.95459,0
17.6931,3.84711,0
19.0881,1.92018,0
17.7889,3.90649,0
17.6769,3.88707,0
19.0602,1.84206,0
18.953,1.84008,0
17.7487,3.87513,0
17.738,3.79725,0
17.884,3.7543,0
17.8172,3.76957,0
17.718,3.87508,0
17.811,3.72028,0
18.8885,1.97189,0
17.8366,3.80005,0
17.8001,3.72236,0
19.0865,1.91706,0
19.0757,1.84504,0
17.7073,3.82808,0
17.7894,3.81876,0
17.8414,3.82852,0
19.0186,2.00645,0
17.8401,3.76484,0
17.811,3.8928,0
18.9644,2.01962,0
17.7757,3.79333,0
19.0241,1.95485,0
19.085,1.83527,0
18.9676,1.92606,0
17.7253,3.8791,0
18.9914,1.88027,0
17.7796,3.80039,0
18.942,1.98805,0
18.9518,2.01184,0
17.7989,3.82985,0
17.7982,3.86526,0
17.9249,3.71368,0
17.7603,3.85585,0
19.0191,1.86211,0
17.7261,3.89566,0
17.8945,3.72814,0
19.0277,1.93619,0
19.0025,1.94727,0
19.0363,1.93712,0
18.9203,1.89808,0
17.886,3.67551,0
18.9215,1.95502,0
19.0215,1.97453,0
17.8549,3.76162,0
17.7255,3.84285,0
18.9165,1.93675,0
18.9825,1.91753,0
17.8038,3.80046,0
17.7973,3.93135,0
19.0249,1.86556,0
17.8143,3.79114,0
17.8638,3.75755,0
19.0463,1.86039,0
18.9839,1.96542,0
19.1093,1.9078,0
17.8381,3.86781,0
19.0033,1.96225,0
18.9949,2.01067,0
17.8244,3.86011,0
18.9886,1.85021,0
18.9458,1.86772,0
18.9109,1.93862,0
18.9843,1.92175,0
17.7582,3.88765,0
17.8971,3.73746,0
17.8931,3.67789,0
18.9486,1.88368,0
17.8859,3.69842,0
18.9952,2.01039,0
18.9953,1.79985,0
17.7845,3.82436,0
17.7442,3.81108,0
17.8078,3.75972,0
19.0305,1.9287,0
17.7779,3.91522,0
17.8148,3.7513,0
17.6909,3.8889,0
17.9044,3.72066,0
18.9408,1.90917,0
19.0392,1.82324,0
19.008,1.97278,0
17.7543,3.93263,0
19.0223,1.88181,0
19.0573,1.93407,0
18.9515,1.99937,0
17.8104,3.79088,0
17.8156,3.83496,0
17.8903,3.67133,0
17.8128,3.71963,0
19.0501,1.97666,0
19.0772,1.83597,0
18.955,1.93814,0
17.8244,3.88643,0
18.9649,1.90688,0
18.9932,2.0471,0
17.8978,3.74473,0
17.7539,3.87495,0
17.7918,3.87053,0
17.7881,3.75777,0
18.908,1.97815,0
19.012,1.80354,0
17.7443,3.92032,0
18.9315,1.9749,0
18.8954,1.95418,0
17.8514,3.78525,0
19.0212,2.01369,0
19.0626,1.85243,0
17.8131,3.91266,0
19.0414,1.94546,0
19.0804,1.92835,0
18.8971,1.97479,0
17.8589,3.79292,0
17.8862,3.69529,0
19.0212,1.86254,0
19.0425,1.87541,0
19.0835,1.87309,0
19.0908,1.93155,0
19.1363,1.86654,0
18.9988,1.93377,0
18.9445,2.0186,0
17.717,3.83827,0
19.0101,2.43436,0
16.8184,3.69082,0
18.9228,2.39518,0
17.3135,3.98637,0
17.2648,3.93596,0
17.1115,3.96973,0
17.3698,4.00402,0
18.9633,2.48475,0
18.977,2.4068,0
18.9133,2.47446,0
17.2849,4.07133,0
17.096,3.94508,0
17.3136,4.04583,0
19.0061,2.44538,0
17.2091,4.05372,0
17.1182,3.98629,0
17.309,4.06933,0
17.3206,3.93237,0
17.2316,3.97388,0
17.2159,3.97198,0
17.2922,4.09214,0
19.0145,2.46236,0
19.0341,2.46257,0
16.8345,3.69978,0
17.3263,4.02008,0
17.2948,3.99639,0
17.3548,4.0198,0
16.949,3.80717,0
17.2695,4.03757,0
18.9386,2.50242,0
18.9605,2.5308,0
18.6368,2.83476,0
18.6466,2.81153,0
17.3914,4.02842,0
17.0484,3.94123,0
19.0084,2.48364,0
16.6973,3.57283,0
17.1983,3.95214,0
17.0975,3.97495,0
17.236,4.08575,0
17.1471,4.05325,0
18.9347,2.46449,0
18.9898,2.37439,0
17.2108,4.04788,0
17.266,4.00986,0
18.9489,2.34241,0
17.0561,3.91124,0
17.2799,4.08884,0
18.9683,2.48116,0
17.306,4.10244,0
17.2957,4.08046,0
19.039,2.466,0
16.9761,3.82728,0
18.8865,2.41856,0
18.9741,2.4073,0
17.1994,3.95052,0
18.952,2.47544,0
17.3362,4.08308,0
17.1718,4.03213,0
17.4057,4.00153,0
17.29,4.05524,0
18.9439,2.35014,0
17.1744,4.01497,0
16.6623,3.5193,0
17.2581,4.05958,0
17.3508,4.02816,0
17.2262,4.01768,0
17.2425,4.03255,0
18.9056,2.44954,0
17.2883,4.13045,0
17.364,4.04479,0
17.2758,3.94261,0
18.6575,2.81671,0
16.9731,3.86786,0
17.3024,4.09716,0
16.8503,3.73684,0
17.3365,3.9751,0
16.8879,3.77984,0
16.6488,3.51829,0
17.3146,3.98569,0
17.0498,3.93916,0
19.0441,2.44366,0
18.9162,2.42837,0
16.64,3.52063,0
17.2331,3.97973,0
17.2231,4.10966,0
17.1812,3.96037,0
17.1033,3.95398,0
17.2764,4.02301,0
18.6414,2.82236,0
17.264,3.99614,0
18.9191,2.46418,0
18.9107,2.56166,0
16.8225,3.68577,0
18.9111,2.50534,0
18.9709,2.44298,0
19.0051,2.48061,0
18.8757,2.43611,0
17.0595,3.93506,0
17.2151,4.00309,0
18.9171,2.50059,0
17.0987,4.00264,0
17.2017,4.06454,0
17.325,4.00043,0
17.2896,3.9683,0
17.2337,4.02739,0
17.1018,4.0013,0
18.6795,2.77727,0
17.3206,4.10169,0
17.1985,4.05222,0
16.8721,3.74376,0
16.726,3.60082,0
17.2891,4.08702,0
18.8921,2.54162,0
17.2254,4.10596,0
18.9233,2.48145,0
17.2287,4.01516,0
16.8346,3.69712,0
18.9536,2.39696,0
17.2425,3.94712,0
18.9769,2.48912,0
17.1731,4.02336,0
18.8851,2.47596,0
17.0072,3.85997,0
17.2249,3.99383,0
18.9434,2.34417,0
17.2721,3.99248,0
16.9276,3.80222,0
16.6394,3.50812,0
18.9953,2.42897,0
17.1421,4.02037,0
18.934,2.37904,0
17.3195,3.99479,0
18.9241,2.41224,0
18.9306,2.5076,0
17.3673,4.00926,0
18.969,2.46923,0
16.8083,3.67499,0
18.939,2.53564,0
17.2185,3.98105,0
17.3771,4.04637,0
16.6394,3.51571,0
17.25,4.10586,0
17.0912,3.97531,0
18.9689,2.42156,0
17.0934,3.94664,0
18.6815,2.79825,0
17.2647,4.02758,0
18.9056,2.57589,0
19.006,2.4282,0
17.1929,4.03453,0
18.9729,2.44434,0
17.2625,3.94126,0
18.9571,2.51443,0
16.9332,3.78502,0
17.2029,3.94356,0
17.3558,4.03272,0
17.2036,4.00977,0
17.2912,4.09393,0
17.2431,4.03852,0
17.26,4.09228,0
17.2256,3.99332,0
17.2488,4.06388,0
16.8129,3.6796,0
16.9751,3.83396,0
18.9444,2.42294,0
18.6588,2.78147,0
17.0578,3.95729,0
18.9953,2.38877,0
16.8892,3.76594,0
17.0721,3.96278,0
17.227,4.13147,0
17.2133,4.07241,0
18.9572,2.53818,0
17.0568,3.95738,0
18.924,2.45957,0
17.3463,4.00092,0
18.9895,2.48747,0
17.2095,3.93083,0
17.1598,4.04183,0
17.2694,4.08805,0
18.994,2.37102,0
17.1117,4.00645,0
18.9359,2.43222,0
17.299,4.07671,0
17.21,3.99345,0
17.0674,3.93073,0
18.9071,2.51754,0
18.9151,2.39283,0
17.2839,4.02703,0
17.3103,3.97985,0
17.0616,3.94793,0
17.3906,3.98933,0
19.0007,2.44989,0
17.159,4.06076,0
18.6922,2.773,0
19.0116,2.40846,0
16.6494,3.52629,0
17.2596,3.98889,0
18.2456,3.57058,0
18.1671,3.74448,0
18.1868,3.70278,0
18.9664,1.41114,0
18.2426,3.48124,0
18.1802,3.72858,0
19.0745,1.43478,0
18.1609,3.61138,0
18.1655,3.65238,0
19.0209,1.6717,0
18.1215,3.6882,0
18.2133,3.56053,0
18.1397,3.63062,0
19.0017,1.75168,0
18.1823,3.64025,0
18.1669,3.66028,0
19.0726,1.55354,0
18.2647,3.49071,0
18.2146,3.60813,0
19.0924,1.45602,0
18.1952,3.72045,0
18.207,3.66415,0
18.1932,3.7105,0
18.2591,3.51244,0
18.2042,3.67679,0
19.1042,1.49023,0
18.2729,3.51052,0
19.0252,1.43099,0
18.2304,3.56984,0
18.2666,3.4919,0
18.2419,3.5544,0
18.246,3.54092,0
18.157,3.66311,0
18.1385,3.73357,0
18.2084,3.65545,0
19.0127,1.41217,0
18.2382,3.5401,0
18.2157,3.63527,0
19.0113,1.71964,0
19.0585,1.5957,0
19.0115,1.42391,0
18.211,3.61037,0
18.1895,3.65399,0
18.2299,3.59317,0
18.1857,3.63796,0
18.1499,3.71819,0
18.1429,3.6322,0
18.2109,3.60816,0
18.1256,3.71162,0
18.2289,3.54098,0
18.9924,1.39341,0
18.2363,3.50572,0
18.199,3.63518,0
18.1282,3.7181,0
18.1496,3.72045,0
18.1805,3.6248,0
18.996,1.75662,0
18.2185,3.54078,0
18.1604,3.73728,0
19.0205,1.41824,0
18.1495,3.66434,0
18.2674,3.49775,0
18.1897,3.65692,0
18.2401,3.49765,0
18.1199,3.73065,0
18.2042,3.57473,0
19.0231,1.66915,0
18.1845,3.65366,0
19.0211,1.41229,0
18.1481,3.68366,0
19.0175,1.43283,0
18.1633,3.74908,0
19.0448,1.4411,0
17.9977,3.72753,0
17.8876,3.86785,0
17.9507,3.77564,0
17.9754,3.73818,0
17.8605,3.93109,0
17.8351,3.89192,0
17.9443,3.72669,0
19.0272,1.77123,0
19.1207,1.84269,0
19.043,2.02955,0
17.8559,3.87237,0
19.1135,1.82699,0
19.1381,1.84631,0
19.0874,1.95855,0
17.8292,3.90877,0
17.8192,3.91512,0
17.8213,3.93467,0
17.8812,3.81096,0
17.9655,3.73736,0
19.1266,1.90074,0
17.9455,3.78558,0
17.8211,3.91585,0
17.8936,3.87931,0
17.9263,3.80395,0
19.1357,1.87697,0
17.8762,3.84989,0
17.8986,3.8593,0
17.951,3.7828,0
17.819,3.94205,0
19.0724,1.80232,0
17.9171,3.81568,0
17.9411,3.77378,0
17.991,3.71388,0
17.8783,3.90126,0
17.8864,3.90034,0
17.9666,3.75669,0
17.8378,3.9551,0
19.1166,1.84243,0
19.0036,1.75057,0
19.0788,1.80785,0
17.8113,3.93959,0
19.0873,1.83205,0
19.1241,1.85487,0
17.9104,3.88586,0
17.9704,3.84118,0
19.0612,1.77247,0
17.9189,3.92444,0
17.8987,3.9308,0
19.0757,1.74921,0
18.0062,3.77507,0
17.9897,3.78987,0
19.1188,1.79074,0
19.0711,1.77687,0
19.1101,1.79942,0
19.0768,1.76348,0
19.1625,1.80674,0
18.0187,3.73346,0
17.9474,3.83983,0
17.9106,3.91423,0
17.917,3.88182,0
17.9035,3.91517,0
17.9589,3.82706,0
17.915,3.91695,0
19.102,1.78758,0
19.0164,1.73841,0
17.9967,3.79316,0
17.9034,3.90684,0
19.1531,1.8034,0
18.0256,3.75455,0
19.0165,1.72803,0
18.0094,3.76943,0
17.9469,3.87511,0
17.9202,3.9161,0
19.1581,1.81667,0
18.0265,3.75039,0
19.158,1.79647,0
19.0368,1.736,0
19.0207,1.72253,0
17.9449,3.88592,0
17.9707,3.81483,0
19.0418,1.76008,0
19.0689,1.78227,0
17.9197,3.92123,0
17.8914,3.91736,0
19.1292,1.80321,0
17.9463,3.85304,0
19.0516,1.76401,0
19.16,1.82754,0
18.0075,3.73435,0
17.9646,3.83315,0
18.0242,3.7431,0
19.0772,2.32043,0
19.0116,2.31302,0
18.6929,2.80192,0
19.1105,2.3537,0
17.444,4.06402,0
17.6573,3.89241,0
17.5412,4.01721,0
19.0873,2.37894,0
18.9687,2.3096,0
18.9711,2.33923,0
19.0568,2.39715,0
17.5996,3.95635,0
17.4404,4.07878,0
17.3565,4.09787,0
19.0173,2.39293,0
17.4983,4.06351,0
19.0713,2.39801,0
17.4057,4.10559,0
17.6233,3.91494,0
17.6426,3.89903,0
17.5701,3.99056,0
17.6103,3.94715,0
17.3528,4.09126,0
19.0814,2.37695,0
17.4001,4.11323,0
17.4498,4.04297,0
19.0616,2.40389,0
17.363,4.09112,0
19.0104,2.26711,0
18.9756,2.30899,0
18.6642,2.83856,0
18.9966,2.29559,0
19.0859,2.37979,0
19.0294,2.36253,0
19.0576,2.33908,0
19.0886,2.36962,0
19.0523,2.42096,0
19.0189,2.35531,0
19.0264,2.31308,0
19.0772,2.35954,0
18.9848,2.29096,0
17.3795,4.09095,0
17.5057,4.05524,0
19.0084,2.33995,0
18.9909,2.30235,0
18.6359,2.86606,0
19.0022,2.35038,0
19.0381,2.32789,0
17.4263,4.03931,0
19.017,2.31571,0
19.0226,2.3067,0
19.1185,2.35827,0
19.0083,2.25983,0
17.4625,4.09435,0
19.0275,2.28462,0
18.9908,2.29329,0
17.3391,4.0982,0
17.4042,4.1449,0
19.0054,2.32584,0
19.007,2.31085,0
17.4097,4.13087,0
19.0228,2.3631,0
17.4048,4.03667,0
18.9858,2.28797,0
17.4175,4.07091,0
17.4182,4.13117,0
17.6429,3.91076,0
18.6302,2.86166,0
19.029,2.30776,0
19.1312,1.6373,0
19.1368,1.62251,0
19.0727,1.61449,0
19.1156,1.64112,0
18.1474,3.7774,0
18.1706,3.77305,0
19.1238,1.55786,0
19.1362,1.52806,0
18.1431,3.78226,0
19.0888,1.68293,0
18.2633,3.57028,0
18.2748,3.55643,0
18.2383,3.62251,0
19.0586,1.72753,0
18.1658,3.79097,0
18.2675,3.57547,0
18.1296,3.73886,0
19.1049,1.63605,0
19.1635,1.55701,0
19.0437,1.72142,0
19.0619,1.72539,0
19.1579,1.54416,0
19.1052,1.63267,0
19.1299,1.53319,0
19.1278,1.63481,0
19.0682,1.64774,0
19.1315,1.51905,0
19.1384,1.61432,0
19.1181,1.53293,0
18.2172,3.69269,0
18.2123,3.68796,0
19.0875,1.55274,0
18.0564,3.75707,0
19.1262,1.63264,0
18.1065,3.7588,0
18.188,3.75481,0
18.1305,3.7616,0
18.2829,3.51824,0
19.0594,1.71122,0
19.1198,1.60871,0
19.0984,1.67303,0
18.3301,3.44967,0
19.0879,1.61412,0
18.3179,3.48087,0
19.0759,1.65223,0
18.152,3.80093,0
19.0826,1.68179,0
19.1529,1.58122,0
18.1041,3.73685,0
18.3078,3.49549,0
19.0727,1.67671,0
19.0598,1.61425,0
18.2457,3.64641,0
19.1395,1.51698,0
18.2135,3.68452,0
19.0735,1.7389,0
19.0942,1.58983,0
18.1161,3.73779,0
19.1454,1.53795,0
18.1604,3.78134,0
19.0942,1.70511,0
18.2093,3.69207,0
18.0944,3.77028,0
19.0631,1.67456,0
19.1125,1.51381,0
18.2736,3.57912,0
19.136,1.57256,0
18.076,3.75696,0
19.08,1.64506,0
18.116,3.78335,0
19.1252,1.57572,0
17.6069,3.96062,0
19.1745,2.19515,0
17.7118,3.94194,0
17.6359,3.97773,0
19.1135,2.27468,0
17.7041,3.97051,0
19.1549,2.23321,0
17.6848,4.01815,0
19.1126,2.2215,0
19.058,2.19744,0
17.5441,4.04422,0
19.1227,2.26089,0
19.0847,2.31781,0
19.0543,2.09445,0
17.7013,3.97417,0
17.6272,4.05737,0
17.6686,3.91818,0
17.6038,4.00356,0
19.0445,2.09443,0
19.0997,2.15041,0
17.5605,4.06059,0
19.1459,2.23948,0
17.7429,3.95325,0
19.093,2.13232,0
17.6409,4.00988,0
19.1504,2.17503,0
17.6257,3.97845,0
17.587,4.03867,0
19.1329,2.19327,0
19.0949,2.2617,0
19.0571,2.26067,0
17.6156,4.08441,0
17.6498,3.93767,0
17.6954,3.98283,0
19.0605,2.29523,0
19.1082,2.2041,0
17.5826,4.00254,0
19.1409,2.16045,0
17.6391,4.02738,0
17.5739,4.08168,0
17.5673,4.06255,0
19.0627,2.2271,0
19.0894,2.25499,0
19.1191,2.25616,0
17.6729,3.93881,0
17.6135,4.01612,0
17.633,4.00322,0
19.0967,2.24094,0
17.6282,4.06951,0
19.0601,2.09203,0
17.5522,4.03514,0
19.0807,2.1858,0
19.1162,2.27874,0
17.6417,4.05822,0
17.5695,4.01575,0
17.5823,4.0152,0
17.6626,3.99824,0
19.1075,2.23636,0
19.0562,2.20969,0
17.6386,3.98698,0
19.1195,2.25895,0
19.0953,2.24133,0
19.1575,2.18663,0
19.0446,2.07186,0
19.1519,2.20289,0
19.0661,2.28735,0
19.0909,2.30964,0
17.6084,4.05266,0
17.6241,4.03739,0
19.135,2.23897,0
17.553,4.01597,0
17.5264,4.03745,0
17.6344,3.96288,0
19.1846,2.18786,0
17.5548,4.045,0
19.0973,2.15585,0
19.1329,2.14136,0
17.6747,4.01793,0
17.659,3.99413,0
17.6753,3.90643,0
19.0581,2.09188,0
16.8582,3.85509,0
18.8049,2.87965,0
16.8064,3.79739,0
17.0989,4.11963,0
18.6308,2.95392,0
16.6639,3.58142,0
19.0268,2.65835,0
18.8153,2.87691,0
18.9358,2.75071,0
18.9849,2.7574,0
16.9312,3.88663,0
18.8343,2.79944,0
16.9255,3.99078,0
17.0138,3.98859,0
18.9697,2.67162,0
18.959,2.60748,0
19.0131,2.64943,0
17.0906,4.04064,0
16.923,4.00728,0
17.0295,4.02806,0
18.7779,2.91267,0
19.0243,2.69912,0
18.8572,2.82266,0
17.0097,4.05618,0
18.7279,2.87014,0
16.7315,3.76666,0
17.1425,4.13112,0
18.9967,2.73346,0
16.9801,4.00934,0
16.8085,3.73828,0
16.9918,4.061,0
17.0362,4.13522,0
17.0402,4.15552,0
18.6922,2.96148,0
17.0133,3.98088,0
17.029,4.00396,0
16.98,3.90572,0
19.0112,2.65175,0
18.6895,2.99997,0
18.9106,2.76205,0
19.0616,2.70003,0
16.7899,3.7446,0
18.725,2.86568,0
17.1477,4.06166,0
16.9523,4.03957,0
16.9551,3.94154,0
18.6415,3.0439,0
18.7122,2.8681,0
16.9,3.86582,0
18.9052,2.70909,0
18.8975,2.82601,0
16.8081,3.76908,0
16.899,3.91209,0
16.6692,3.64569,0
18.8935,2.71537,0
18.7525,2.90221,0
18.9291,2.75632,0
19.035,2.70611,0
16.9508,3.95017,0
18.8806,2.76408,0
17.1123,4.14239,0
16.9946,4.08217,0
16.6706,3.58613,0
16.7579,3.69221,0
16.5936,3.55237,0
18.7948,2.87748,0
18.771,2.94058,0
18.6434,2.9526,0
17.0911,4.07135,0
18.738,2.91663,0
18.7479,2.95185,0
18.9848,2.62323,0
16.8275,3.81502,0
18.7593,2.77611,0
18.6258,2.98349,0
16.9242,3.83667,0
18.9134,2.81029,0
18.9852,2.65922,0
18.9328,2.80998,0
16.7151,3.66944,0
17.0058,3.98793,0
16.8298,3.82007,0
17.051,3.96453,0
18.9663,2.70218,0
16.6577,3.55903,0
19.0563,2.7023,0
18.9725,2.6335,0
16.8523,3.87919,0
18.853,2.7932,0
16.8763,3.92138,0
17.0855,4.03775,0
17.1092,4.20276,0
17.0032,3.92209,0
18.7554,2.88418,0
18.7529,2.94964,0
18.7313,2.92916,0
16.7244,3.64484,0
18.8949,2.83488,0
18.8932,2.80632,0
17.1173,4.08451,0
18.9285,2.79878,0
18.7407,2.84396,0
16.7381,3.66702,0
16.7459,3.63438,0
16.9457,4.03396,0
16.6281,3.58194,0
16.9706,3.9703,0
16.8521,3.77033,0
16.7277,3.73568,0
17.1909,4.14869,0
16.6999,3.72965,0
18.7041,2.89394,0
18.6902,2.95135,0
18.7798,2.75579,0
17.1658,4.08956,0
18.7421,2.86707,0
16.6837,3.5677,0
17.1745,4.09722,0
18.9581,2.75068,0
18.6197,2.96913,0
16.8459,3.82438,0
16.777,3.81998,0
16.5855,3.58179,0
18.6824,2.95029,0
16.8563,3.89641,0
17.0017,4.04273,0
17.1362,4.20955,0
18.6791,2.8856,0
16.8404,3.80811,0
18.8373,2.77722,0
18.8918,2.80005,0
18.9797,2.78169,0
18.9395,2.81143,0
17.0425,4.162,0
16.6187,3.59271,0
18.6542,2.91446,0
16.8994,3.85868,0
16.6976,3.65693,0
16.9982,3.98459,0
18.8248,2.87702,0
18.9279,2.74886,0
16.9475,4.00498,0
17.093,4.2246,0
18.889,2.81058,0
17.2163,4.15001,0
17.0513,4.02454,0
18.6255,2.92611,0
16.6637,3.60518,0
18.6192,2.94391,0
18.7501,2.83039,0
17.0404,3.95316,0
17.1379,4.17038,0
16.8002,3.79752,0
17.0614,4.11724,0
18.8028,2.80925,0
18.9228,2.79264,0
18.9499,2.7367,0
16.7502,3.66401,0
18.9058,2.60111,0
16.9375,3.90854,0
17.1967,4.16888,0
19.0292,2.68798,0
16.78,3.82174,0
16.9258,3.99432,0
18.9546,2.77421,0
16.7426,3.75824,0
17.1064,4.07993,0
18.7573,2.9199,0
18.9457,2.7351,0
16.5972,3.58249,0
17.1292,4.2151,0
18.7565,2.94499,0
16.8167,3.78335,0
17.1199,4.20296,0
18.7334,2.86865,0
16.8211,3.78693,0
18.9417,2.67922,0
16.8611,3.79923,0
18.9477,2.69646,0
16.6377,3.5889,0
16.982,3.90871,0
18.8581,2.82901,0
17.0705,3.98196,0
18.8687,2.8259,0
18.9322,2.648,0
16.8743,3.95308,0
18.9604,2.74496,0
18.83,2.88444,0
18.6573,2.98652,0
16.9505,3.88569,0
16.7645,3.67222,0
16.8675,3.93288,0
18.75,2.89267,0
18.6719,2.96644,0
18.718,2.85207,0
18.6568,2.90024,0
18.7013,2.97284,0
18.785,2.93201,0
17.046,3.98381,0
18.6743,2.98527,0
16.8937,3.95119,0
18.6004,3.03017,0
16.6682,3.62445,0
18.7709,2.85089,0
16.7284,3.71873,0
16.6078,3.53194,0
16.7473,3.75632,0
17.1761,4.16942,0
18.6964,2.88128,0
16.9327,4.02033,0
18.8151,2.77962,0
17.1761,4.17474,0
17.1576,4.14005,0
18.7999,2.79667,0
18.6716,2.89206,0
18.8518,2.80832,0
18.9584,2.67595,0
17.1949,4.1198,0
19.0108,2.67966,0
16.7859,3.8021,0
17.0702,4.13601,0
18.6953,2.96309,0
19.0082,2.73364,0
16.6963,3.62778,0
18.6683,3.00663,0
18.9376,2.57205,0
17.0683,4.10224,0
16.6476,3.60841,0
18.9657,2.69229,0
16.6211,3.57989,0
16.9184,3.92858,0
19.0051,2.65093,0
16.7217,3.64971,0
18.8373,2.85496,0
18.7672,2.94348,0
18.8004,2.76075,0
18.9656,2.78526,0
16.9477,3.89548,0
18.7613,2.85683,0
18.9768,2.73593,0
18.8635,2.78239,0
17.0005,3.97032,0
16.6688,3.63079,0
16.7408,3.67567,0
18.9444,2.75182,0
18.8155,2.89171,0
18.9144,2.74497,0
18.7905,2.81051,0
18.9554,2.68767,0
17.0133,3.92079,0
16.9957,3.9251,0
18.6911,2.92376,0
17.006,3.95882,0
19.043,2.67121,0
16.7555,3.73619,0
18.8156,2.86914,0
16.6378,3.54969,0
18.9305,2.69713,0
16.8108,3.825,0
18.9573,2.6993,0
18.7146,2.80137,0
18.6911,2.96445,0
16.9037,3.91991,0
16.9977,4.06258,0
18.7057,2.83628,0
16.7392,3.68753,0
17.1305,4.14104,0
16.6164,3.52055,0
16.9396,4.02752,0
17.121,4.17406,0
18.7561,2.93334,0
16.7015,3.63209,0
17.0627,4.07955,0
16.8622,3.80347,0
17.0782,3.991,0
17.088,4.17059,0
18.7278,2.94183,0
18.8017,2.86027,0
18.6588,3.00904,0
18.7399,2.91566,0
18.7927,2.90741,0
17.0026,4.04719,0
16.945,3.87975,0
16.9834,4.01969,0
16.5963,3.59667,0
17.0365,4.00287,0
18.8185,2.90684,0
17.0821,4.00358,0
16.8862,3.79331,0
18.7509,2.95346,0
18.958,2.6012,0
18.6089,2.98069,0
17.1234,4.21685,0
18.845,2.76547,0
18.9312,2.81975,0
16.9018,3.91198,0
18.7405,2.8358,0
18.8389,2.83742,0
18.6881,2.90829,0
17.1026,4.22632,0
16.6857,3.68461,0
18.905,2.74222,0
18.9216,2.61561,0
18.7489,2.88972,0
18.9435,2.67057,0
16.8495,3.8669,0
17.0685,4.08502,0
18.7617,2.90752,0
16.8053,3.71973,0
18.9227,2.80146,0
17.0776,4.02661,0
16.9519,3.96992,0
17.1443,4.20284,0
18.9219,2.78808,0
18.8847,2.80027,0
18.6012,3.02725,0
16.6315,3.59198,0
18.8253,2.8391,0
17.0525,4.15154,0
17.1062,4.16488,0
19.0003,2.71062,0
16.8351,3.82596,0
16.8373,3.90499,0
17.057,4.14009,0
18.6756,2.89877,0
16.5929,3.58309,0
16.9774,4.03699,0
18.8899,2.82612,0
18.9558,2.77466,0
18.8053,2.81756,0
17.1427,4.09686,0
18.9087,2.71358,0
16.8793,3.89411,0
18.6239,3.02992,0
18.6831,2.97465,0
16.7114,3.70439,0
17.0669,4.19869,0
17.0566,4.01139,0
16.8561,3.79577,0
16.768,3.67431,0
18.9327,2.61861,0
18.9002,2.74953,0
16.9817,3.97345,0
16.6599,3.65618,0
18.7758,2.85801,0
18.8976,2.77124,0
17.0485,3.98962,0
18.7135,2.82345,0
18.6191,2.91989,0
16.9167,3.93093,0
18.7544,2.9041,0
17.2035,4.14478,0
18.7182,2.91333,0
16.9583,3.98078,0
17.0312,4.01321,0
16.695,3.61987,0
16.9394,4.03193,0
18.8146,2.77234,0
17.1633,4.16164,0
17.0041,3.96388,0
19.0234,2.71974,0
18.7616,2.88669,0
18.6769,2.97149,0
17.1392,4.16019,0
16.8642,3.76345,0
17.0664,4.18552,0
17.0604,4.11786,0
16.989,3.95607,0
16.7695,3.80314,0
16.9582,3.87818,0
18.9499,2.60532,0
18.8288,2.83902,0
16.7636,3.78569,0
17.0777,4.17211,0
17.0362,3.93863,0
16.8648,3.81113,0
18.8468,2.83476,0
18.7743,2.84793,0
18.8082,2.763,0
16.9002,3.83855,0
18.6589,2.86117,0
16.9662,3.97376,0
18.7794,2.9178,0
19.0453,2.68737,0
18.8069,2.8751,0
17.4915,4.14597,0
17.4625,4.1637,0
17.4923,4.07712,0
17.5329,4.10737,0
19.1492,2.36474,0
19.1593,2.37582,0
18.9897,2.53709,0
17.4935,4.10395,0
19.1372,2.37559,0
19.104,2.31486,0
19.1514,2.34878,0
19.143,2.34035,0
17.4491,4.12579,0
17.5451,4.06979,0
17.548,4.07328,0
19.1168,2.3225,0
19.1371,2.35585,0
19.1069,2.31674,0
17.4864,4.09313,0
19.1436,2.34801,0
19.0718,2.45701,0
19.1488,2.37276,0
19.0995,2.32938,0
19.0306,2.50843,0
19.0242,2.48717,0
19.0303,2.49952,0
17.4951,4.1317,0
17.5272,4.08442,0
19.0953,2.43105,0
17.4434,4.14055,0
19.0751,2.44283,0
17.5048,4.15204,0
19.0942,2.43559,0
17.4499,4.12891,0
19.0815,2.42699,0
19.0913,2.32083,0
19.0847,2.4557,0
19.0927,2.43303,0
19.0739,2.46834,0
18.9574,2.55217,0
17.5355,4.07904,0
19.1213,2.3277,0
17.322,4.15374,0
19.0008,2.58225,0
18.9958,2.59603,0
17.332,4.12064,0
19.0987,2.55916,0
17.3789,4.1548,0
19.0778,2.48472,0
19.0855,2.46002,0
17.3655,4.14073,0
17.2929,4.15109,0
17.3241,4.19426,0
17.298,4.1273,0
17.3026,4.15224,0
17.3276,4.12325,0
17.3036,4.13193,0
19.0541,2.52232,0
17.3806,4.19678,0
17.2941,4.15323,0
19.0202,2.55919,0
17.334,4.1544,0
17.2911,4.13306,0
17.3606,4.19553,0
19.124,2.52422,0
17.3442,4.18188,0
17.3746,4.16609,0
19.0368,2.53173,0
19.1542,2.50176,0
19.023,2.58116,0
17.3431,4.13428,0
19.0537,2.57989,0
17.3773,4.1602,0
17.3436,4.17728,0
19.0514,2.4997,0
17.344,4.13248,0
19.1152,2.53011,0
17.3777,4.17601,0
19.0112,2.62331,0
17.5972,4.15513,0
19.1627,2.23732,0
17.6619,4.08368,0
17.6546,4.07367,0
17.5951,4.12997,0
17.7603,3.9744,0
19.2031,2.29639,0
19.1434,2.28705,0
19.1838,2.31612,0
17.6967,4.03341,0
17.704,4.04681,0
19.1422,2.27891,0
17.5889,4.12496,0
17.6145,4.1354,0
17.6475,4.11072,0
19.1496,2.28234,0
17.6862,4.06461,0
17.6565,4.07763,0
17.7216,4.01751,0
19.1336,2.29096,0
19.1978,2.29437,0
17.6672,4.06982,0
17.755,3.96298,0
17.7205,4.00468,0
17.7462,3.96621,0
17.7414,3.96291,0
17.5909,4.14723,0
19.1759,2.30626,0
19.1141,2.29329,0
19.1367,2.01132,0
17.9095,4.05332,0
18.0331,3.85111,0
19.1332,1.89879,0
19.0999,1.95927,0
19.0757,2.04096,0
17.9949,3.83597,0
17.9788,3.97276,0
17.9143,4.01324,0
19.1606,1.98168,0
19.154,2.06778,0
19.0673,2.08078,0
17.9548,3.93617,0
17.9725,3.94438,0
19.0626,2.04681,0
17.7961,3.99776,0
18.0214,3.89405,0
19.2096,1.97585,0
19.1275,1.91908,0
17.9556,3.9958,0
19.1996,1.93422,0
17.9646,3.92486,0
18.0338,3.79901,0
17.9669,3.8635,0
17.8174,3.97276,0
17.9376,4.02259,0
19.1147,2.05146,0
17.9884,3.85398,0
19.1888,2.00336,0
18.062,3.8306,0
19.1464,2.11183,0
17.9349,3.98273,0
19.0441,2.06072,0
19.1817,1.98364,0
19.1701,2.06164,0
17.9572,3.99877,0
18.0599,3.79052,0
19.1191,2.05157,0
19.1725,2.02088,0
17.8321,3.99287,0
19.1857,2.02135,0
19.0726,2.0314,0
19.1448,1.92105,0
18.0309,3.79832,0
19.1121,2.04705,0
17.9785,3.89644,0
17.9736,3.91456,0
17.806,3.99134,0
19.1388,1.98711,0
17.7886,3.99331,0
19.1835,2.04243,0
17.8743,3.95835,0
18.0202,3.83502,0
18,3.8529,0
17.8961,4.03762,0
17.9649,3.87811,0
17.7891,3.98569,0
17.8702,4.0045,0
19.183,2.08319,0
19.1834,2.01962,0
17.9732,3.95095,0
17.9459,3.99339,0
17.9905,3.90562,0
19.1127,2.01947,0
19.1848,2.05529,0
17.9669,3.91497,0
19.1509,2.00833,0
19.1365,1.91805,0
19.1252,2.01454,0
17.8311,3.98841,0
19.153,2.10498,0
17.9942,3.91547,0
18.0427,3.88065,0
17.8625,3.98373,0
19.1351,1.93607,0
19.1665,2.09011,0
17.9722,3.89905,0
19.1611,1.96984,0
17.8699,4.03903,0
17.972,3.90879,0
19.0802,2.06147,0
17.9097,3.99138,0
19.1753,2.01618,0
19.1629,2.02232,0
19.0503,2.06141,0
18.0396,3.82793,0
17.8147,4.00306,0
17.9945,3.86671,0
19.0409,2.0471,0
19.13,1.94365,0
18.004,3.87999,0
19.104,1.94791,0
19.1545,1.97126,0
17.8791,3.95137,0
19.1789,1.97464,0
17.8342,4.00136,0
19.1112,2.04347,0
19.1087,2.0297,0
19.0777,1.99438,0
18.039,3.8521,0
17.9951,3.8725,0
18.0844,3.81024,0
19.1815,1.92909,0
17.9253,3.96405,0
18.0205,3.89137,0
17.8901,3.98952,0
18.0542,3.80118,0
17.8518,4.01971,0
19.1296,2.11919,0
17.9581,3.90157,0
17.9912,3.86609,0
18.0739,3.7985,0
17.8822,3.94257,0
19.2052,1.95829,0
17.9584,3.98713,0
19.1395,2.03376,0
17.9771,3.86418,0
17.8906,3.96742,0
19.1433,2.08927,0
17.8211,4.01794,0
18.0111,3.86395,0
19.2165,1.97663,0
17.9427,3.89755,0
19.1652,2.05841,0
17.8022,3.96142,0
18.0113,3.80148,0
19.1354,2.09736,0
19.2065,2.02049,0
19.2092,2.00867,0
19.2619,2.01607,0
19.2032,2.05376,0
17.8175,4.04229,0
17.8169,4.01812,0
19.2429,1.99379,0
19.1798,2.13011,0
19.2145,2.05768,0
19.258,2.00251,0
19.1626,2.1237,0
17.7784,3.9934,0
17.8806,4.06231,0
19.232,2.01197,0
19.2533,2.00169,0
17.8256,4.03813,0
17.8812,4.06215,0
17.775,4.00528,0
19.152,2.14101,0
17.8646,4.06973,0
17.809,4.03634,0
19.1736,1.85758,0
18.1307,3.80961,0
18.3143,3.5247,0
18.0518,3.98272,0
18.0349,3.97081,0
18.0637,3.90268,0
18.04,4.00242,0
18.1087,3.83947,0
18.0494,3.99103,0
18.265,3.60428,0
18.0973,3.80202,0
19.153,1.88445,0
18.125,3.81093,0
17.9718,4.01697,0
18.0021,4.00232,0
18.047,3.88892,0
19.1639,1.86163,0
18.0487,3.93081,0
18.3304,3.45867,0
19.2577,1.88544,0
18.0594,3.90256,0
18.0099,3.96863,0
19.2103,1.89641,0
18.0729,3.92616,0
19.1674,1.86202,0
18.0309,3.95451,0
18.0897,3.91867,0
19.2134,1.93201,0
19.1963,1.91838,0
18.2559,3.63227,0
18.0395,3.90734,0
18.0828,3.90747,0
18.0838,3.84157,0
18.0625,3.92561,0
19.1622,1.83176,0
18.0485,3.95459,0
18.0751,3.94665,0
18.0418,3.95734,0
18.0299,4.00643,0
18.0543,3.88565,0
18.3504,3.46179,0
19.1781,1.86304,0
18.0574,3.91897,0
18.0556,3.93155,0
18.1511,3.81184,0
18.3429,3.44717,0
18.4277,3.30615,0
18.0764,3.92483,0
18.3337,3.47765,0
18.2689,3.61218,0
18.1224,3.8336,0
18.1135,3.87591,0
18.1332,3.82585,0
18.0304,3.98334,0
19.1628,1.89776,0
19.2478,1.90178,0
19.1978,1.86284,0
18.1038,3.81233,0
17.9705,4.01777,0
19.199,1.92728,0
19.2097,1.88154,0
18.0229,3.96519,0
19.0728,2.64105,0
19.0742,2.65957,0
17.2999,4.21193,0
19.1882,2.58635,0
19.0868,2.67713,0
19.1464,2.62539,0
18.6123,3.08404,0
17.3421,4.22855,0
19.066,2.67007,0
17.5343,4.14604,0
18.5907,3.11829,0
17.3733,4.23885,0
19.0557,2.64151,0
18.8986,2.86062,0
19.1634,2.60029,0
19.0868,2.60944,0
19.1504,2.56621,0
19.0745,2.59527,0
17.4224,4.24251,0
19.1126,2.5513,0
17.4107,4.20377,0
18.6653,3.06718,0
18.7521,2.99679,0
19.0969,2.62085,0
17.3823,4.28602,0
18.6261,3.07561,0
19.183,2.58424,0
19.1321,2.62057,0
19.103,2.56715,0
17.3946,4.26275,0
18.8182,2.92478,0
18.5878,3.12204,0
19.1498,2.62054,0
18.8092,2.92097,0
17.4548,4.22457,0
19.0991,2.66562,0
18.9473,2.81297,0
17.2607,4.16179,0
17.3866,4.2678,0
17.3381,4.23208,0
17.3866,4.278,0
19.1603,2.58618,0
19.0833,2.6637,0
18.691,3.0281,0
17.3017,4.20498,0
17.4432,4.21277,0
19.1354,2.60695,0
19.1568,2.60911,0
17.3329,4.23801,0
17.3257,4.24019,0
17.2744,4.18021,0
17.3556,4.27189,0
18.6211,3.08635,0
17.4032,4.26781,0
17.3298,4.23929,0
19.1551,2.59239,0
17.3186,4.22024,0
17.3771,4.24932,0
17.4063,4.24744,0
18.6706,3.04832,0
18.6138,3.09884,0
17.4412,4.23064,0
17.4315,4.2385,0
19.1334,2.56713,0
18.7179,3.03221,0
19.1128,2.57514,0
18.8537,2.89166,0
17.4191,4.23519,0
18.5943,3.08802,0
17.4048,4.18869,0
17.3232,4.23571,0
17.4214,4.18498,0
19.1464,2.59848,0
18.6131,3.07666,0
17.3419,4.24413,0
18.5919,3.08932,0
18.7799,2.95405,0
17.378,4.22514,0
18.9074,2.84944,0
19.0481,2.66919,0
18.6442,3.063,0
17.3002,4.19635,0
19.0876,2.65933,0
19.1458,2.54946,0
19.0891,2.61631,0
18.6919,3.03219,0
17.3132,4.20908,0
19.0418,2.6417,0
19.1304,2.46642,0
17.4766,4.2146,0
17.7206,4.057,0
17.5464,4.24648,0
19.183,2.47104,0
17.5002,4.20248,0
19.2154,2.44008,0
19.1615,2.38304,0
17.4942,4.18856,0
17.7064,4.04581,0
19.1602,2.45103,0
19.1394,2.4307,0
17.7036,4.05383,0
17.7119,4.04487,0
19.1546,2.51404,0
17.551,4.16065,0
17.7188,4.05386,0
17.6409,4.12429,0
17.541,4.23656,0
17.6659,4.10861,0
19.1052,2.44557,0
17.5734,4.18294,0
19.179,2.40553,0
17.5223,4.18112,0
17.5659,4.15018,0
17.5326,4.21192,0
17.5602,4.21267,0
17.5201,4.17706,0
17.5412,4.19469,0
17.5524,4.24331,0
17.5106,4.19835,0
19.1667,2.43719,0
17.5018,4.1941,0
17.567,4.19741,0
17.5935,4.17702,0
17.4841,4.21255,0
17.5173,4.21635,0
17.6138,4.15716,0
17.5542,4.20114,0
17.5892,4.1742,0
17.6908,4.06596,0
19.149,2.39438,0
19.2094,2.46397,0
19.1281,2.42168,0
19.2246,2.44774,0
17.5673,4.1502,0
19.1495,2.41483,0
17.5632,4.22401,0
19.1989,2.45578,0
19.1721,2.43003,0
17.5407,4.18359,0
17.5113,4.20802,0
19.1134,2.44325,0
17.5313,4.1662,0
17.7369,4.00889,0
18.8284,2.97129,0
18.9701,2.91397,0
18.9696,2.8196,0
18.9296,2.94478,0
18.7361,3.06466,0
18.9151,2.95512,0
18.8429,2.95675,0
18.641,3.13016,0
18.6388,3.11078,0
18.7485,3.06535,0
18.5819,3.22702,0
18.7142,3.10943,0
18.6458,3.10532,0
19.0879,2.6995,0
17.2365,4.16564,0
18.9949,2.8435,0
17.2523,4.24809,0
18.9501,2.93212,0
18.7561,3.01417,0
18.9348,2.8425,0
18.8203,3.03768,0
19.0212,2.8465,0
17.16,4.25927,0
17.1969,4.29517,0
18.8319,2.93377,0
18.6584,3.15147,0
17.2687,4.21916,0
17.2722,4.21693,0
17.1791,4.26997,0
18.8471,2.99695,0
18.8019,2.97003,0
18.8006,3.01376,0
19.0447,2.78417,0
19.1101,2.79022,0
18.7358,3.0252,0
17.2163,4.27403,0
17.1803,4.25312,0
19.0358,2.74915,0
18.6212,3.15616,0
18.8073,2.95157,0
19.0687,2.73793,0
19.0815,2.77573,0
18.9214,2.84963,0
18.7906,3.03728,0
17.1424,4.22456,0
18.5867,3.17657,0
19.0723,2.81163,0
18.6517,3.1656,0
18.9481,2.85265,0
18.8778,2.95699,0
18.9697,2.84171,0
18.9931,2.81826,0
17.2115,4.26438,0
18.8191,3.01828,0
19.1399,2.74189,0
19.0342,2.77457,0
18.8328,2.95196,0
18.6003,3.21198,0
18.7184,3.05579,0
18.8667,2.90412,0
18.7959,2.99972,0
18.6005,3.19378,0
17.2905,4.23114,0
18.5827,3.19992,0
18.5778,3.22795,0
18.7701,3.00805,0
17.1854,4.19272,0
18.97,2.80004,0
18.484,3.31404,0
19.0728,2.76375,0
18.4575,3.31935,0
18.7763,2.98481,0
17.1841,4.20277,0
18.9574,2.81408,0
18.4399,3.35229,0
17.2391,4.18101,0
19.0324,2.85658,0
18.7992,2.96554,0
19.0128,2.79892,0
17.2044,4.24446,0
17.2244,4.26774,0
19.112,2.77722,0
18.9977,2.88502,0
18.4578,3.31251,0
18.9358,2.92922,0
17.2185,4.33459,0
18.667,3.13407,0
18.9554,2.83033,0
18.979,2.89008,0
18.8814,2.9287,0
18.955,2.86133,0
18.5968,3.1668,0
18.6745,3.12598,0
18.9568,2.89662,0
18.6806,3.13618,0
18.8436,2.9209,0
18.4176,3.36183,0
17.1984,4.29111,0
18.665,3.13522,0
18.9477,2.90345,0
18.6671,3.14051,0
18.8168,3.03699,0
19.0854,2.74477,0
18.8136,2.97681,0
17.1416,4.22523,0
17.2505,4.2776,0
18.9168,2.85242,0
18.4576,3.31282,0
18.8458,2.99128,0
19.0611,2.81887,0
17.1969,4.24654,0
18.9726,2.83008,0
17.2409,4.22923,0
17.229,4.24455,0
17.26,4.19929,0
17.2769,4.24441,0
19.1047,2.70888,0
18.8666,2.93234,0
18.9729,2.84811,0
18.7328,3.08844,0
18.7355,3.06609,0
18.9864,2.88015,0
18.799,3.02516,0
18.8362,2.98219,0
18.7867,3.02612,0
17.2074,4.16362,0
19.0418,2.80576,0
18.6363,3.15293,0
17.1781,4.18819,0
18.5773,3.19312,0
18.9728,2.8276,0
18.7379,3.05947,0
18.6539,3.13006,0
19.0284,2.867,0
19.0009,2.77981,0
18.8757,2.98895,0
18.9111,2.92328,0
19.1194,2.71782,0
18.6457,3.12788,0
17.1445,4.2133,0
18.8755,2.88835,0
18.9721,2.85886,0
17.2386,4.20264,0
18.6509,3.1084,0
18.9304,2.93738,0
17.1801,4.23627,0
19.0753,2.81062,0
18.925,2.86843,0
19.1438,2.76059,0
18.9705,2.86194,0
17.1286,4.22496,0
19.0017,2.81074,0
18.811,2.95413,0
18.7699,3.01884,0
18.4584,3.32232,0
18.8977,2.93548,0
18.8153,2.95984,0
17.1581,4.25009,0
17.2835,4.28334,0
18.8148,3.01261,0
18.853,2.95054,0
17.1586,4.26514,0
19.0198,2.81576,0
18.8358,3.00437,0
18.708,3.04684,0
18.5722,3.21321,0
17.2284,4.1593,0
19.0904,2.70187,0
18.7026,3.12198,0
17.2066,4.28887,0
18.7929,2.97471,0
19.0265,2.87258,0
18.9524,2.8456,0
18.6623,3.10232,0
19.2525,1.92558,0
18.3017,3.58592,0
18.2626,3.70298,0
18.1555,3.85664,0
17.9556,4.02632,0
18.094,3.96628,0
18.233,3.72868,0
18.2219,3.78112,0
18.37,3.44142,0
18.2895,3.65485,0
18.2754,3.61858,0
18.0919,3.9395,0
18.2366,3.68295,0
18.0492,4.07542,0
18.4043,3.41448,0
18.3085,3.56579,0
18.1084,3.9349,0
18.4335,3.36295,0
18.2495,3.67525,0
18.3953,3.47254,0
18.0877,3.99927,0
18.1255,3.87394,0
18.3131,3.55917,0
19.2691,1.97231,0
18.4164,3.41283,0
18.0673,4.0362,0
18.2516,3.69128,0
18.4015,3.41535,0
18.1583,3.81234,0
18.3059,3.63957,0
18.4087,3.42346,0
18.4071,3.46707,0
18.1033,3.97877,0
19.2709,1.9514,0
18.2512,3.66738,0
18.0927,3.93079,0
18.0845,4.00022,0
17.9855,4.0574,0
19.2719,1.96631,0
18.1871,3.81449,0
18.4614,3.36035,0
18.4143,3.40715,0
18.354,3.48012,0
18.1956,3.81594,0
18.0725,4.02858,0
18.083,3.96944,0
18.1049,3.98472,0
19.2791,1.93004,0
18.302,3.61194,0
18.2924,3.66705,0
18.1431,3.92362,0
18.2789,3.67963,0
18.1319,3.90561,0
18.1282,3.91772,0
18.4367,3.38259,0
17.997,4.05787,0
18.0652,4.03946,0
18.2987,3.64855,0
18.3038,3.61174,0
18.3323,3.57114,0
18.078,4.02755,0
18.3539,3.54915,0
18.275,3.68829,0
18.3369,3.57062,0
17.9688,4.03269,0
18.209,3.732,0
17.9845,4.03701,0
18.1118,3.94998,0
18.1036,3.94919,0
18.4457,3.37417,0
17.9547,4.04158,0
17.7727,4.04484,0
19.1887,2.34225,0
19.2148,2.36775,0
17.7497,4.15538,0
19.2048,2.35717,0
17.7006,4.14969,0
19.1965,2.40922,0
19.1901,2.3691,0
17.7762,4.06659,0
17.6741,4.17296,0
17.6414,4.25552,0
17.6892,4.17436,0
17.669,4.14149,0
17.6768,4.24283,0
17.6174,4.18666,0
17.7226,4.0818,0
19.1975,2.36128,0
17.6195,4.18733,0
17.7111,4.16568,0
17.6185,4.20312,0
17.6496,4.16498,0
17.6717,4.17137,0
17.7665,4.02663,0
19.2251,2.42023,0
17.7694,4.01984,0
17.7297,4.12342,0
17.6088,4.23979,0
17.7159,4.07119,0
17.7041,4.15238,0
17.7094,4.20566,0
19.1869,2.39403,0
17.6432,4.2739,0
17.6374,4.1896,0
17.7598,4.08274,0
17.7597,4.06885,0
17.7236,4.15207,0
17.7113,4.09552,0
17.8003,4.03223,0
17.7892,4.03899,0
17.701,4.21253,0
17.6771,4.16811,0
19.2042,2.33913,0
17.7328,4.12642,0
17.7045,4.10802,0
17.7999,4.07287,0
17.756,4.08119,0
17.7378,4.09098,0
17.5817,4.21576,0
17.6699,4.17794,0
17.8192,4.05055,0
17.6117,4.21544,0
17.7307,4.16622,0
17.658,4.23236,0
19.2331,2.40404,0
19.1838,2.49214,0
19.2444,2.3682,0
17.8024,4.07838,0
17.7896,4.03703,0
17.684,4.13863,0
17.7031,4.08348,0
17.6134,4.21377,0
17.7451,4.05707,0
17.6933,4.12531,0
17.6302,4.20206,0
17.7854,4.05618,0
17.6965,4.14355,0
19.1859,2.36152,0
17.7485,4.07374,0
17.7825,4.0972,0
17.6993,4.11551,0
17.6648,4.21095,0
19.2844,2.17594,0
19.2134,2.13082,0
19.2869,2.1681,0
17.8641,4.11192,0
17.7864,4.12222,0
19.2829,2.18996,0
19.2205,2.13569,0
17.9144,4.0832,0
17.9206,4.10037,0
17.9406,4.0855,0
17.916,4.12745,0
17.9649,4.06002,0
17.8711,4.17705,0
19.2784,2.14906,0
17.8118,4.13436,0
17.8852,4.17742,0
19.2436,2.24272,0
17.8245,4.11804,0
17.8111,4.13804,0
19.2568,2.19358,0
17.8699,4.09288,0
17.8849,4.16858,0
17.9001,4.1241,0
17.9172,4.12728,0
17.8696,4.13692,0
17.8824,4.12351,0
19.2258,2.21012,0
19.2687,2.14536,0
17.9239,4.09575,0
19.2385,2.12756,0
17.914,4.13755,0
19.2588,2.12731,0
17.9554,4.07827,0
17.7958,4.11584,0
17.8482,4.14203,0
17.8548,4.07412,0
19.273,2.15334,0
17.8258,4.11636,0
17.9601,4.07125,0
17.8198,4.11218,0
17.8485,4.1236,0
19.1941,2.15637,0
19.219,2.26881,0
19.2215,2.12298,0
17.9679,4.05568,0
17.9281,4.11097,0
19.2787,2.18832,0
17.8907,4.06868,0
17.8489,4.08384,0
17.9336,4.11661,0
19.2124,2.26398,0
17.9519,4.09084,0
19.2548,2.11486,0
19.2664,2.241,0
19.2147,2.31928,0
19.2762,2.23925,0
19.2478,2.33113,0
17.7703,4.18488,0
17.7983,4.16137,0
17.8117,4.17008,0
19.2353,2.3138,0
19.2331,2.33751,0
19.294,2.23647,0
19.2739,2.24523,0
17.8201,4.18673,0
19.2792,2.25805,0
19.2487,2.26483,0
17.8342,4.18514,0
19.2275,2.29216,0
18.4934,3.32274,0
19.283,2.23888,0
17.8146,4.16161,0
17.7741,4.14258,0
17.8192,4.18595,0
17.7691,4.1826,0
19.2631,2.24986,0
18.4937,3.32326,0
17.778,4.22181,0
19.2868,2.31251,0
19.2596,2.32791,0
17.732,4.20429,0
19.2856,2.31276,0
19.2848,2.30343,0
17.7127,4.23238,0
19.2761,2.36225,0
19.2627,2.36886,0
19.2703,2.3197,0
19.2728,2.33145,0
19.2481,2.35594,0
17.6869,4.24259,0
17.7077,4.26322,0
19.2882,2.35984,0
19.3051,2.36938,0
19.3048,2.3625,0
18.466,3.37883,0
17.7067,4.24729,0
18.5762,3.24688,0
18.5689,3.25357,0
19.2669,2.38046,0
19.2994,2.35306,0
18.7244,3.18367,0
19.0086,2.91011,0
18.8953,3.03446,0
19.009,2.89807,0
18.7617,3.17015,0
18.909,2.99279,0
18.5692,3.33193,0
17.3662,4.31077,0
17.346,4.32967,0
17.3915,4.30102,0
19.0548,2.91475,0
18.7358,3.15125,0
18.9936,2.97245,0
18.8015,3.06838,0
18.926,2.9715,0
17.3206,4.30916,0
19.1616,2.76499,0
18.7882,3.10795,0
18.5028,3.38886,0
19.097,2.82848,0
18.4513,3.43009,0
18.9703,2.9314,0
18.8671,3.008,0
18.7183,3.14295,0
18.9862,2.95259,0
18.4243,3.44618,0
18.4895,3.36434,0
19.1576,2.76111,0
18.7592,3.15827,0
18.4631,3.41171,0
18.6439,3.22189,0
18.7632,3.13024,0
18.6783,3.1947,0
18.7771,3.08303,0
18.747,3.15512,0
18.7295,3.16056,0
18.8635,3.0637,0
19.0857,2.88014,0
19.1746,2.81989,0
18.8936,2.99011,0
18.7665,3.16223,0
18.8889,3.03922,0
18.6517,3.25093,0
17.2955,4.33351,0
18.9842,2.97197,0
18.5984,3.22692,0
18.7941,3.10142,0
18.5759,3.26298,0
19.1678,2.76496,0
18.8889,3.00005,0
17.3416,4.27112,0
18.8924,3.00739,0
18.4913,3.35584,0
18.8458,3.10539,0
18.9614,3.00176,0
18.6339,3.19749,0
18.9519,2.96143,0
18.4304,3.44128,0
18.801,3.0844,0
19.154,2.72687,0
18.8502,3.05511,0
18.6522,3.20993,0
18.6243,3.27422,0
18.7627,3.14998,0
19.0955,2.84562,0
18.7293,3.13631,0
18.9048,3.03814,0
17.4313,4.24959,0
18.8937,3.00235,0
18.5899,3.31567,0
18.8759,3.01589,0
19.0259,2.9383,0
18.8258,3.0548,0
17.3645,4.30588,0
19.1377,2.79933,0
18.6474,3.1955,0
18.7754,3.09871,0
19.0975,2.8757,0
19.0951,2.85056,0
18.9296,2.98255,0
18.6879,3.18976,0
17.3503,4.30018,0
18.5865,3.2448,0
18.7353,3.16154,0
17.3216,4.31125,0
17.2943,4.35734,0
18.6305,3.22285,0
18.9371,3.01174,0
18.6716,3.2351,0
18.9298,3.01612,0
17.3314,4.2822,0
18.8758,3.03015,0
17.3556,4.31981,0
18.96,2.99974,0
19.1777,2.76752,0
17.4202,4.28305,0
19.189,2.78243,0
19.1646,2.75085,0
19.0493,2.90521,0
18.5634,3.32168,0
18.9831,2.9326,0
18.6637,3.22779,0
19.0603,2.88673,0
18.8268,3.11712,0
18.6413,3.23036,0
18.9499,2.99379,0
18.8097,3.12328,0
18.8185,3.08524,0
18.774,3.1642,0
19.1552,2.75633,0
19.2146,2.77835,0
18.8214,3.04354,0
19.1198,2.6626,0
19.1485,2.83436,0
18.8677,3.07372,0
19.1869,2.75218,0
17.3215,4.2913,0
18.4334,3.44469,0
19.0895,2.83171,0
19.0424,2.89831,0
17.2993,4.32226,0
19.0564,2.90521,0
18.7598,3.11292,0
17.4634,4.21766,0
18.8398,3.09562,0
18.6677,3.22811,0
18.7447,3.11545,0
17.3871,4.30484,0
19.1888,2.81969,0
18.5188,3.32774,0
18.5427,3.31685,0
19.078,2.83573,0
17.3251,4.32942,0
18.9229,2.97793,0
19.1971,2.79958,0
18.8666,3.05594,0
18.5684,3.29568,0
18.6523,3.23131,0
18.9347,3.00272,0
18.7076,3.21408,0
19.1552,2.85588,0
18.6145,3.29695,0
19.062,2.93017,0
18.8055,3.14751,0
17.2782,4.36978,0
19.1881,2.83262,0
18.7073,3.22585,0
19.2254,2.8053,0
18.4273,3.4545,0
19.0896,2.9139,0
19.1796,2.83667,0
18.922,3.04405,0
17.4647,4.24727,0
18.6252,3.28992,0
18.7785,3.16685,0
18.8564,3.10141,0
18.9601,3.01872,0
18.7132,3.22038,0
18.8453,3.11723,0
19.1779,2.84019,0
18.5766,3.33291,0
18.5476,3.36047,0
18.8916,3.07135,0
19.0087,2.97736,0
17.2849,4.36758,0
17.4498,4.26461,0
17.466,4.25199,0
17.4591,4.27276,0
17.3695,4.34389,0
17.3629,4.36011,0
17.4834,4.24287,0
19.2278,2.74862,0
17.4799,4.23696,0
19.2411,2.75201,0
18.415,3.47057,0
19.1237,2.65864,0
19.1443,2.67693,0
17.3885,4.32913,0
17.3788,4.35382,0
19.158,2.7032,0
17.3932,4.31234,0
19.164,2.70188,0
19.1813,2.67489,0
17.3831,4.35048,0
19.2183,2.7337,0
16.7124,4.1859,0
16.7352,4.18792,0
16.6326,4.09812,0
18.5222,3.63951,0
18.4689,3.59541,0
16.6,4.03453,0
16.5726,4.0705,0
16.7145,4.07126,0
16.461,4.13841,0
16.3958,3.76064,0
18.4311,3.53347,0
16.4862,4.24339,0
16.4058,4.22714,0
16.5727,3.79435,0
16.7154,3.85964,0
16.3508,3.64387,0
18.5636,3.53492,0
16.4919,3.63446,0
16.3977,3.81169,0
18.5567,3.55917,0
18.7424,3.37375,0
16.4338,4.16739,0
16.8203,3.98044,0
18.2607,3.74441,0
18.5943,3.49858,0
16.4886,3.67113,0
16.6507,4.09407,0
16.3866,3.51191,0
16.7649,3.81549,0
16.3464,3.7648,0
18.6718,3.60904,0
16.5652,3.98782,0
16.6454,3.71882,0
18.3134,3.66746,0
16.6542,4.13186,0
18.7964,3.5397,0
16.3777,3.69528,0
16.5853,4.04418,0
18.6625,3.38563,0
16.4918,4.09772,0
16.449,3.69871,0
16.2979,3.59226,0
16.6105,3.74121,0
16.6316,4.19258,0
18.2908,3.70299,0
16.3615,4.05209,0
16.7268,3.92624,0
16.3631,3.69155,0
16.372,3.6408,0
16.7372,3.9626,0
16.345,3.54219,0
16.5242,3.91639,0
16.2609,3.61108,0
16.6304,3.75396,0
16.3047,3.85095,0
18.5257,3.51961,0
16.5791,4.03798,0
16.4017,3.56723,0
16.6064,4.22238,0
18.6743,3.51419,0
18.6588,3.38854,0
16.2542,3.77113,0
18.7399,3.43243,0
16.7552,3.80298,0
16.4202,3.62472,0
16.4274,3.66267,0
16.6612,4.18957,0
18.522,3.64665,0
18.615,3.43061,0
16.6035,4.2593,0
16.5845,3.90701,0
16.6389,3.69024,0
16.4869,3.67027,0
16.3904,3.96982,0
16.8546,4.1202,0
18.6453,3.30525,0
16.8073,4.0636,0
16.3485,3.98233,0
18.5868,3.51555,0
16.6524,3.73101,0
16.4147,3.97984,0
16.2772,3.81711,0
16.4632,3.62937,0
18.3719,3.54515,0
16.3411,3.80167,0
16.6526,4.02067,0
16.7451,3.81849,0
16.9466,4.16256,0
16.55,3.85883,0
16.622,4.04184,0
16.4044,3.68244,0
16.5183,4.00832,0
16.4792,4.2484,0
16.7913,3.97677,0
16.6524,3.77512,0
16.2823,3.56024,0
16.6172,3.81344,0
16.8452,4.08845,0
18.484,3.67933,0
16.9558,4.0756,0
16.507,3.72973,0
16.3377,3.92418,0
16.7447,4.05608,0
16.8004,3.98282,0
16.5933,4.1687,0
16.8572,4.19723,0
16.8821,4.01339,0
16.761,4.08698,0
16.9147,4.02114,0
16.3897,4.03558,0
16.629,3.84022,0
16.4218,4.29726,0
16.6083,3.84483,0
16.5589,4.15219,0
16.5253,4.12731,0
16.3384,3.68533,0
16.2807,3.83884,0
16.2742,3.75517,0
16.5306,3.60393,0
16.3412,3.90141,0
16.516,4.18403,0
18.6373,3.58656,0
18.5665,3.51313,0
16.5649,3.86058,0
16.3617,4.09129,0
16.6688,3.89387,0
16.336,3.598,0
16.4049,3.61928,0
16.6105,4.12362,0
18.5812,3.46286,0
16.4127,3.79345,0
16.401,3.60272,0
18.5898,3.64543,0
16.7255,4.06034,0
18.6731,3.4723,0
16.3857,3.8432,0
16.4564,4.09159,0
16.6445,3.84954,0
18.7222,3.46023,0
16.9097,4.08451,0
18.49,3.51247,0
18.6347,3.61156,0
18.6074,3.52477,0
16.5501,4.10862,0
16.4165,3.65591,0
16.8995,4.1155,0
18.3788,3.61772,0
16.6146,3.9042,0
16.4081,4.07835,0
16.9046,4.1241,0
16.378,3.64116,0
18.5975,3.63981,0
16.4975,4.28191,0
16.4746,4.10368,0
16.3482,3.78499,0
16.4548,3.96681,0
18.2722,3.70979,0
16.6038,3.62664,0
16.6127,3.91724,0
16.5681,3.5682,0
18.645,3.62016,0
18.7256,3.40934,0
16.8274,4.17291,0
16.7222,4.2264,0
16.6867,3.76259,0
16.2838,3.87294,0
18.4342,3.46353,0
16.4471,3.98162,0
18.5588,3.53167,0
18.5446,3.60767,0
16.3144,3.85147,0
18.4254,3.62892,0
16.5818,4.24822,0
16.5553,3.82908,0
16.7995,4.13564,0
16.5571,4.10297,0
16.5723,3.9479,0
16.412,3.93985,0
18.6488,3.56932,0
16.2183,3.63831,0
18.6378,3.33907,0
18.7194,3.38933,0
16.4552,3.95392,0
16.3795,3.53174,0
16.4963,4.09014,0
16.6348,3.93755,0
18.5877,3.5126,0
16.5609,3.9228,0
16.8452,3.95145,0
18.6724,3.30265,0
18.413,3.51505,0
16.7651,3.98842,0
16.3965,3.85462,0
16.7546,4.09686,0
18.4838,3.47879,0
16.5006,4.10909,0
16.3537,3.49399,0
16.6603,3.91442,0
16.3868,3.62807,0
18.6769,3.27321,0
16.4666,4.04105,0
16.5412,4.02571,0
18.7296,3.5672,0
16.9044,4.13094,0
16.8234,4.02547,0
16.7059,4.01012,0
18.5173,3.60582,0
16.8939,4.02547,0
18.6667,3.28897,0
18.5474,3.55315,0
16.7511,3.87879,0
16.33,3.69154,0
16.2219,3.67234,0
16.3846,3.94896,0
18.6963,3.42887,0
16.7171,4.23677,0
16.7947,4.06629,0
16.4704,4.24231,0
18.6666,3.62712,0
18.5706,3.37697,0
16.248,3.57998,0
16.5396,3.73818,0
16.6331,3.99809,0
16.5824,3.772,0
16.5775,4.25605,0
16.2818,3.56525,0
16.6002,3.95109,0
16.8598,4.07396,0
18.7194,3.48948,0
16.3444,3.76962,0
16.45,4.09124,0
18.6296,3.52313,0
16.7235,3.78316,0
18.6853,3.42969,0
18.5567,3.48341,0
16.7732,4.11265,0
18.7169,3.38383,0
16.4406,3.78897,0
16.6413,4.03194,0
16.7862,4.12146,0
16.815,4.13344,0
16.8027,4.14809,0
16.8168,4.00994,0
16.4356,3.53838,0
16.4223,3.51056,0
16.5125,3.98407,0
16.3371,3.84724,0
18.6657,3.58297,0
16.4652,3.99699,0
16.3622,3.97024,0
18.3814,3.67384,0
16.4287,4.14748,0
16.5238,4.23017,0
18.6212,3.37187,0
16.2917,3.84645,0
18.7591,3.50605,0
18.5957,3.43212,0
16.3747,4.11081,0
16.9551,4.15687,0
16.6575,4.08421,0
18.3416,3.641,0
16.7644,3.99299,0
16.6957,4.19286,0
16.6229,3.96774,0
16.8538,3.93425,0
16.5379,3.58366,0
16.7383,4.05022,0
16.4418,4.20556,0
16.4076,3.63676,0
16.4894,4.10628,0
16.3733,3.72782,0
16.5973,4.14967,0
16.343,3.86024,0
16.5402,3.61508,0
18.3277,3.65739,0
16.6018,4.22825,0
16.7536,3.80671,0
16.3638,3.71967,0
16.4006,3.66668,0
18.4236,3.60234,0
18.7174,3.48352,0
16.4055,4.25226,0
18.5387,3.48255,0
16.3411,3.64234,0
16.396,3.82543,0
16.7703,3.84333,0
16.7109,3.95012,0
18.7553,3.49005,0
18.6222,3.55178,0
16.9045,4.18422,0
16.3703,3.81529,0
16.4487,4.08147,0
16.3319,3.90638,0
16.403,4.02018,0
16.495,3.62545,0
16.2768,3.85085,0
16.4298,3.86539,0
16.8683,4.1783,0
16.7088,3.77341,0
18.532,3.5217,0
16.5266,4.17868,0
16.3344,3.52226,0
18.7439,3.42712,0
16.664,3.72264,0
16.6753,3.83103,0
18.2762,3.75124,0
18.6395,3.63438,0
18.557,3.44015,0
16.4135,3.62118,0
16.3346,3.91875,0
18.5861,3.49695,0
16.5217,3.69578,0
18.4885,3.63261,0
16.8197,3.93955,0
18.3576,3.71447,0
18.5352,3.56502,0
18.7819,3.58804,0
18.6693,3.4227,0
16.6387,3.96462,0
16.3624,3.50009,0
16.4574,3.5295,0
16.4704,3.85422,0
16.4889,4.178,0
16.2927,3.83653,0
16.3647,3.72195,0
16.4027,4.03588,0
18.5111,3.49482,0
16.9216,4.04829,0
18.6068,3.58702,0
16.5306,3.68246,0
16.5827,4.1241,0
18.7041,3.45127,0
18.5299,3.65878,0
18.4983,3.47211,0
18.6298,3.43568,0
16.4205,3.58862,0
16.8404,3.93041,0
16.283,3.73922,0
18.3628,3.64964,0
18.6108,3.54146,0
16.3379,3.49649,0
16.4856,4.16299,0
16.564,4.09361,0
18.3092,3.73746,0
16.303,3.74006,0
16.878,4.18349,0
18.3889,3.6809,0
16.2736,3.79629,0
16.5531,4.10559,0
16.5898,4.12774,0
16.5802,3.62097,0
16.4204,3.9472,0
16.5562,3.73565,0
16.8421,3.92611,0
16.4046,4.04846,0
18.7673,3.4831,0
16.445,4.03355,0
18.4775,3.65407,0
18.5538,3.58905,0
18.495,3.51043,0
16.5248,3.81951,0
16.4891,4.26592,0
18.4036,3.49818,0
18.6799,3.35859,0
16.3883,3.93999,0
16.4604,4.01832,0
16.9432,4.12686,0
18.4042,3.62734,0
16.4218,4.14828,0
16.8101,4.10095,0
18.548,3.38671,0
16.3786,4.12818,0
18.7276,3.32529,0
16.7084,3.8192,0
16.2851,3.78221,0
18.4276,3.48717,0
18.4807,3.417,0
16.4002,3.9985,0
16.5305,4.2383,0
16.8025,3.89667,0
16.5543,4.10529,0
16.7899,4.20714,0
18.7605,3.57405,0
16.2694,3.76091,0
16.6762,3.74563,0
16.2458,3.72446,0
16.6195,3.98235,0
16.5443,4.14585,0
18.7309,3.46969,0
16.54,3.58751,0
16.5382,4.03017,0
18.4909,3.61135,0
16.5603,4.22302,0
16.2444,3.74489,0
16.4093,4.21851,0
16.3028,3.75985,0
18.4977,3.6641,0
18.6944,3.37002,0
16.8337,4.06209,0
16.4421,3.85582,0
16.5049,4.04621,0
16.4724,4.11651,0
18.6258,3.62763,0
16.3945,3.88237,0
18.6592,3.38971,0
16.6617,3.89661,0
18.4915,3.44469,0
18.6286,3.47282,0
18.66,3.2705,0
16.6787,4.05495,0
16.4225,4.26719,0
18.7908,3.54403,0
18.48,3.64081,0
16.4442,3.79578,0
18.4851,3.46045,0
16.5576,3.82674,0
18.7473,3.51251,0
16.3426,3.79826,0
16.4894,4.17362,0
16.5418,3.9312,0
16.6188,3.96461,0
16.7877,4.04804,0
16.6416,3.84736,0
16.9867,4.11513,0
16.7511,3.83553,0
16.3262,3.9258,0
16.8262,3.91297,0
16.4363,4.09366,0
18.7128,3.3674,0
16.3507,3.85921,0
16.5688,3.58405,0
16.6829,4.07715,0
16.658,3.86684,0
16.3748,3.93148,0
16.6149,4.24835,0
16.5711,3.71452,0
16.5199,3.96243,0
18.7381,3.60086,0
16.7536,4.06152,0
18.5992,3.53183,0
18.4456,3.48582,0
16.5989,4.05771,0
16.4494,3.60141,0
18.3694,3.67214,0
18.623,3.37291,0
16.6848,3.92179,0
16.4808,3.64226,0
18.6549,3.56847,0
16.7532,3.80218,0
16.7367,3.96507,0
16.6735,3.83642,0
16.4513,4.12805,0
18.6722,3.33253,0
18.5452,3.49851,0
18.615,3.53909,0
16.4104,4.17592,0
16.6486,4.10971,0
18.5832,3.43247,0
18.291,3.73633,0
18.7443,3.51905,0
16.3666,3.82057,0
16.5502,3.65294,0
16.7085,4.13827,0
16.9547,4.14154,0
16.585,3.68183,0
16.3601,3.95709,0
16.3408,3.71273,0
18.6818,3.4424,0
16.9503,4.13882,0
16.9116,4.1287,0
16.6292,4.16186,0
18.4127,3.66725,0
18.4671,3.5157,0
16.594,3.80321,0
18.683,3.37733,0
16.5825,3.60961,0
18.5219,3.59397,0
16.4916,3.9298,0
16.222,3.61003,0
16.6671,4.07705,0
18.7269,3.33022,0
16.9473,4.10089,0
16.4569,3.63043,0
18.7361,3.56097,0
16.5583,4.03747,0
16.4249,3.70921,0
18.6718,3.54924,0
18.3253,3.70506,0
18.4348,3.68364,0
18.6814,3.47772,0
16.453,3.65132,0
18.3693,3.53776,0
16.7997,3.86991,0
16.4505,3.75653,0
16.5224,3.92533,0
18.5396,3.39993,0
16.4584,3.90097,0
16.6207,3.87693,0
18.462,3.5734,0
18.6105,3.63817,0
16.6395,3.86661,0
16.4771,4.0868,0
16.2642,3.56513,0
16.8109,4.02023,0
16.427,3.55165,0
16.312,3.84158,0
16.3559,3.81581,0
16.5034,3.78466,0
18.5392,3.55302,0
18.3909,3.66874,0
16.7002,4.216,0
16.5203,3.6017,0
18.6125,3.48837,0
16.8436,4.02672,0
16.496,3.64219,0
18.5791,3.59484,0
18.5684,3.60183,0
16.7845,4.17261,0
16.7164,3.97735,0
18.7546,3.51306,0
16.5902,4.04528,0
16.2493,3.62548,0
18.7298,3.5583,0
18.7317,3.59021,0
18.5531,3.5245,0
16.4753,4.04691,0
16.618,3.65216,0
18.6381,3.55279,0
16.4016,3.57387,0
16.4139,4.02894,0
16.4729,4.26545,0
16.3498,3.99231,0
16.6616,3.81661,0
16.8071,4.18742,0
18.4784,3.63383,0
18.6926,3.2962,0
16.4673,4.14297,0
16.7955,4.05917,0
16.4236,3.79596,0
16.3179,3.68721,0
16.9147,4.04174,0
16.5729,4.10622,0
16.4775,3.5447,0
16.4256,3.7169,0
18.5753,3.59861,0
18.4045,3.5974,0
18.5974,3.5159,0
16.4725,4.30619,0
16.6258,4.06631,0
18.6885,3.41677,0
18.5437,3.64732,0
18.5863,3.65193,0
18.7508,3.45843,0
16.6805,3.87361,0
18.6374,3.35954,0
16.366,3.56149,0
18.6101,3.3594,0
18.4997,3.61051,0
16.415,4.01781,0
16.6924,4.14248,0
16.4577,4.06183,0
16.4578,4.32132,0
18.6706,3.5627,0
16.6763,4.03677,0
16.3558,3.67624,0
16.5647,3.88769,0
16.5155,3.6244,0
16.8945,4.10566,0
16.455,4.00037,0
18.5151,3.42052,0
18.5481,3.44337,0
16.7457,3.86134,0
16.3412,3.52597,0
16.4286,4.24296,0
16.7564,3.92411,0
16.9472,4.10411,0
16.492,4.13336,0
16.7654,4.17446,0
18.6637,3.46078,0
16.5365,3.89004,0
18.6939,3.49845,0
16.5244,4.06584,0
16.5094,3.85025,0
16.3731,4.14123,0
18.5165,3.53157,0
16.8781,4.13031,0
16.4641,4.09447,0
16.4936,4.29094,0
18.2938,3.72597,0
16.6725,3.9247,0
18.5653,3.39332,0
16.7449,4.21329,0
16.3987,3.84653,0
16.7402,3.9021,0
16.4051,3.50945,0
16.6176,4.14798,0
18.4728,3.43862,0
16.8533,4.19585,0
16.4839,3.81182,0
18.6256,3.6303,0
16.3562,3.98067,0
16.507,3.94599,0
16.3606,3.57279,0
16.7431,4.10652,0
18.6076,3.39782,0
16.7526,4.14287,0
16.7325,4.11475,0
16.5819,4.00812,0
16.5358,3.57517,0
18.4822,3.60851,0
16.5979,3.7514,0
16.3797,4.16346,0
18.3946,3.65913,0
18.5046,3.53599,0
16.8316,4.10987,0
16.2966,3.72399,0
18.6075,3.53797,0
16.529,3.58623,0
16.3106,3.55549,0
16.716,3.90997,0
16.713,4.07584,0
16.2759,3.81803,0
16.8081,3.99529,0
16.5829,3.95207,0
16.3273,3.55898,0
18.5844,3.33992,0
16.4651,3.53042,0
16.3008,3.72154,0
16.5797,4.20016,0
16.3926,3.94317,0
18.3581,3.6235,0
18.7267,3.59808,0
16.4829,3.95084,0
16.3558,4.01715,0
18.6402,3.41401,0
16.659,4.10887,0
16.5437,4.08539,0
16.3748,3.87655,0
16.3771,4.02885,0
16.3715,3.85162,0
16.9007,4.13956,0
18.7015,3.39059,0
16.5745,4.21885,0
18.315,3.72366,0
16.4281,3.76568,0
16.4515,4.07292,0
16.4742,4.11247,0
18.7256,3.48607,0
16.4707,4.02128,0
16.8969,4.1653,0
16.5736,4.2072,0
16.3727,3.56869,0
18.4873,3.6467,0
16.8443,4.07835,0
16.498,4.03987,0
16.2978,3.74525,0
16.635,3.87088,0
16.6756,3.74029,0
16.4614,3.61041,0
16.5098,3.77721,0
16.5016,3.81357,0
18.706,3.35803,0
18.4991,3.45156,0
16.2944,3.87842,0
16.768,4.07007,0
18.518,3.39483,0
16.4671,3.51649,0
16.5354,4.2768,0
16.5914,3.65036,0
18.5118,3.48738,0
18.7664,3.52621,0
18.2914,3.70065,0
16.7309,4.22846,0
16.6578,4.11824,0
16.3715,3.8312,0
18.3363,3.5978,0
16.6796,3.90209,0
16.8364,3.99403,0
16.6163,3.6876,0
18.6263,3.53946,0
16.3769,3.49727,0
16.5851,4.14482,0
16.3255,3.8079,0
16.6255,4.17114,0
16.2658,3.70332,0
16.7004,3.97898,0
16.9296,4.13621,0
16.7098,4.23356,0
16.5214,4.21289,0
18.5153,3.50387,0
16.336,3.77427,0
18.542,3.50794,0
18.2931,3.72837,0
16.4776,3.92343,0
16.4808,3.89429,0
16.7497,4.00442,0
16.7017,3.78931,0
18.3852,3.715,0
18.6889,3.55611,0
16.5231,4.14735,0
16.7347,4.15412,0
16.7933,4.07652,0
16.6576,4.09253,0
16.3877,4.11233,0
16.2261,3.69258,0
18.7205,3.49971,0
16.581,3.66777,0
16.5203,3.65533,0
18.6304,3.47869,0
16.3494,3.75942,0
16.8493,4.03283,0
16.3901,3.85415,0
16.587,4.18924,0
16.663,4.03951,0
18.4911,3.61702,0
16.8129,3.96538,0
16.532,4.20275,0
18.5948,3.41322,0
16.2736,3.70362,0
18.4417,3.5601,0
16.4187,3.86662,0
16.6016,3.81965,0
16.3139,3.96134,0
16.8645,4.12308,0
16.5366,4.14248,0
16.5037,4.01004,0
18.6269,3.38754,0
16.6299,3.81033,0
16.4174,3.60056,0
16.4322,3.6566,0
18.4219,3.62989,0
16.2739,3.55239,0
16.3788,3.95054,0
18.7325,3.52408,0
16.7588,4.21332,0
16.405,3.6787,0
16.6292,4.2545,0
16.6027,3.67202,0
18.6837,3.28833,0
16.422,3.84925,0
16.7693,3.85345,0
18.4549,3.52808,0
18.4478,3.49008,0
18.4458,3.5119,0
16.969,4.10117,0
16.2893,3.62796,0
16.5861,3.74804,0
16.4998,3.71376,0
18.4069,3.60387,0
16.5745,3.77854,0
16.3646,3.60982,0
16.3158,3.64492,0
16.4963,4.12851,0
18.5288,3.40339,0
16.7338,4.00175,0
16.6533,4.01478,0
18.6001,3.62743,0
16.7249,4.23785,0
16.3575,3.53655,0
16.6083,4.10649,0
16.4686,3.80824,0
16.4429,3.77182,0
16.5569,3.90732,0
18.6705,3.41479,0
16.6548,4.23239,0
16.3531,4.05047,0
16.6038,3.94069,0
16.4466,3.66154,0
16.6122,3.70749,0
18.6233,3.38517,0
16.4425,3.93784,0
18.4047,3.65959,0
16.3605,3.70982,0
16.5952,3.96609,0
16.6597,4.18424,0
18.6092,3.34723,0
16.7504,3.82535,0
16.4669,4.0683,0
16.3878,3.53916,0
16.845,4.02367,0
16.6434,3.93834,0
16.376,3.84549,0
16.3366,3.65768,0
18.5538,3.64468,0
18.6451,3.49999,0
16.6667,3.80302,0
16.3701,3.66852,0
16.3167,3.92997,0
18.6218,3.64222,0
18.7679,3.4823,0
16.7891,4.01566,0
16.4622,3.84244,0
18.5786,3.5477,0
16.3105,3.85013,0
16.5795,3.58117,0
18.5645,3.48931,0
16.5312,3.74543,0
16.8647,4.1856,0
16.5917,3.86341,0
16.2923,3.76742,0
18.4167,3.52938,0
16.3617,4.03747,0
18.5971,3.34587,0
16.546,4.17979,0
18.5846,3.37971,0
16.6774,3.82342,0
16.3468,4.0678,0
18.459,3.66895,0
16.8137,4.15983,0
18.5825,3.40808,0
18.3777,3.64703,0
16.6615,3.80358,0
16.9166,4.02864,0
16.9593,4.16286,0
18.5124,3.4995,0
16.6016,3.97475,0
16.2453,3.59937,0
16.5958,4.19915,0
16.6192,3.95713,0
18.667,3.58829,0
16.7249,4.04439,0
16.3097,3.7963,0
16.2599,3.62166,0
16.6328,3.74805,0
16.5338,3.94559,0
16.4789,3.90129,0
18.5983,3.45332,0
16.5709,4.12485,0
16.3066,3.60681,0
18.6437,3.36405,0
16.5281,4.08772,0
16.3424,3.62284,0
16.2589,3.7387,0
16.9228,4.05501,0
18.3948,3.70064,0
18.3648,3.71055,0
16.6614,3.86263,0
16.3715,3.80518,0
18.3523,3.65752,0
16.5531,3.81452,0
18.2924,3.74659,0
16.802,4.14804,0
18.7845,3.52326,0
16.8942,4.0308,0
16.7893,4.09054,0
16.7297,3.79953,0
16.6038,3.9434,0
16.4974,3.85818,0
18.7305,3.57549,0
18.5047,3.60908,0
16.274,3.74479,0
18.7166,3.37243,0
16.5215,3.76759,0
16.6805,4.24073,0
16.5357,3.7461,0
18.5453,3.53443,0
16.6761,3.79317,0
16.8181,4.07817,0
18.614,3.39554,0
16.5761,3.89287,0
16.6504,3.90264,0
16.5117,3.89898,0
16.5564,4.10203,0
16.3694,4.12997,0
16.5805,4.05078,0
16.6391,3.87548,0
16.4327,4.14979,0
16.4333,3.67687,0
16.245,3.67712,0
16.693,3.97049,0
16.602,3.74347,0
16.5954,3.69169,0
16.3565,3.68864,0
16.3606,3.91203,0
16.6689,3.98644,0
16.7642,4.06331,0
18.6258,3.54072,0
18.5401,3.49311,0
16.767,4.06658,0
16.4403,3.68811,0
16.4285,4.31901,0
16.7058,4.17666,0
16.5803,3.83584,0
16.3957,3.51019,0
16.7404,3.83871,0
16.5377,3.64274,0
16.3686,4.05908,0
16.3222,3.64738,0
16.4361,4.02043,0
16.4577,3.84456,0
16.5249,4.02755,0
16.769,4.04222,0
16.6055,4.16945,0
16.7956,4.183,0
16.7888,3.88243,0
18.5399,3.37805,0
16.5522,3.79583,0
18.7754,3.51868,0
18.2901,3.7476,0
18.6548,3.39771,0
16.2895,3.70257,0
16.5838,4.00238,0
18.4818,3.51541,0
16.7434,3.83986,0
16.7143,3.87012,0
16.2706,3.60798,0
18.4502,3.69188,0
16.6045,4.12073,0
16.8435,4.11426,0
18.7064,3.48068,0
16.345,3.70926,0
16.6855,3.75124,0
16.3017,3.81135,0
16.7882,3.9013,0
16.4419,3.78018,0
16.6767,4.19698,0
16.3602,4.10811,0
16.5349,4.1137,0
16.6711,3.97946,0
18.6426,3.53767,0
18.5252,3.42231,0
16.7491,4.11049,0
18.5904,3.62113,0
16.3029,3.74824,0
16.9119,4.1647,0
18.5693,3.55911,0
18.6176,3.60419,0
16.6534,3.67406,0
18.7474,3.46408,0
16.4974,3.82064,0
18.3856,3.59187,0
16.7024,4.02247,0
16.4342,3.59454,0
16.3952,4.07134,0
16.4048,3.78697,0
16.7169,4.13552,0
16.2635,3.59211,0
18.2777,3.74622,0
16.6503,3.81951,0
18.4536,3.65439,0
16.4329,4.16714,0
16.7187,4.16378,0
18.6082,3.34591,0
18.3805,3.69271,0
18.593,3.47052,0
16.4005,3.69655,0
16.877,4.17723,0
16.5047,4.1286,0
16.586,4.24955,0
16.2982,3.68419,0
16.8719,4.16807,0
16.4291,3.54214,0
18.7801,3.51999,0
16.8588,4.1974,0
16.6788,3.87899,0
16.6658,3.89817,0
18.7211,3.30923,0
16.7716,3.89533,0
18.7768,3.54653,0
16.3555,3.93959,0
16.6985,4.17087,0
18.3878,3.51006,0
18.7525,3.55303,0
16.6648,4.12113,0
16.2954,3.89363,0
16.6876,4.01672,0
16.6056,4.14709,0
16.5758,3.86549,0
16.6586,4.13133,0
16.9939,4.14049,0
16.3692,4.03635,0
18.4758,3.50472,0
18.3605,3.59046,0
18.696,3.257,0
18.4849,3.6188,0
16.8174,4.1801,0
16.7203,3.89432,0
18.7705,3.56207,0
16.6113,3.84086,0
16.6823,3.87893,0
18.6271,3.62864,0
16.639,3.86173,0
16.8344,4.00107,0
16.6096,3.61974,0
16.4567,3.5782,0
16.4787,3.70547,0
18.3775,3.52949,0
16.6632,3.94593,0
16.2334,3.66938,0
18.6661,3.44336,0
16.692,3.91539,0
16.8288,4.02191,0
16.5079,4.12936,0
16.5725,3.87237,0
16.5041,3.89211,0
16.3272,4.01055,0
16.4182,3.76877,0
16.685,4.03472,0
16.6543,4.20663,0
16.7659,4.22176,0
16.6325,4.14422,0
16.5633,4.14553,0
16.404,4.16448,0
16.4328,3.96268,0
18.7635,3.44214,0
18.7774,3.53047,0
16.8018,3.87676,0
16.7123,3.74994,0
16.9938,4.14234,0
18.4382,3.58329,0
18.5517,3.40266,0
16.8043,3.97373,0
18.66,3.27759,0
16.429,4.07487,0
18.3398,3.65025,0
16.7001,4.15884,0
16.4233,4.03434,0
16.2332,3.71038,0
16.6366,3.95616,0
18.4709,3.60562,0
16.9867,4.14297,0
16.7677,4.08744,0
16.6108,3.9698,0
16.4919,4.24335,0
16.6395,3.90513,0
18.5376,3.43721,0
16.7015,3.90601,0
16.3022,3.72806,0
16.4514,3.51725,0
16.4118,3.85899,0
16.2957,3.84177,0
18.5547,3.39786,0
16.6042,3.67263,0
16.3606,3.68913,0
18.8093,3.38537,0
18.8546,3.44837,0
18.7831,3.41009,0
16.8064,4.23082,0
18.8499,3.40796,0
18.7425,3.26917,0
18.7789,3.4359,0
16.6544,4.29662,0
18.8166,3.25771,0
16.7856,4.33654,0
18.7753,3.31858,0
18.8681,3.35636,0
18.8852,3.28936,0
16.836,4.26182,0
16.8855,4.24799,0
16.9801,4.21231,0
16.6572,4.28857,0
18.7818,3.24287,0
16.9127,4.23397,0
16.6226,4.28134,0
18.8932,3.33315,0
18.767,3.28035,0
18.8424,3.1506,0
18.8709,3.28447,0
18.8505,3.3465,0
16.7729,4.29829,0
16.6605,4.34676,0
16.7568,4.29145,0
18.7722,3.42325,0
16.6973,4.32111,0
16.8688,4.23091,0
16.869,4.22101,0
18.9081,3.37162,0
18.8677,3.34266,0
18.78,3.29988,0
17.0158,4.21314,0
18.8261,3.46306,0
16.9804,4.19983,0
18.8479,3.25273,0
16.6549,4.3532,0
18.8597,3.41088,0
16.7778,4.27964,0
18.7758,3.34373,0
17.0601,4.19667,0
16.8574,4.22701,0
18.7791,3.44236,0
16.9175,4.23544,0
18.7596,3.39689,0
16.8874,4.24974,0
18.8629,3.2881,0
18.8536,3.34895,0
18.8205,3.35491,0
16.8971,4.21614,0
16.6818,4.31627,0
16.8349,4.26192,0
18.8711,3.35763,0
18.7813,3.30104,0
16.952,4.23478,0
18.8302,3.15243,0
18.897,3.38076,0
16.6822,4.27573,0
16.6494,4.32544,0
18.8924,3.39019,0
16.806,4.22614,0
18.7737,3.24731,0
16.9229,4.27249,0
16.662,4.35496,0
18.7972,3.33081,0
16.9223,4.20207,0
18.7725,3.43409,0
16.97,4.2165,0
17.0085,4.20537,0
18.7328,3.24025,0
18.7766,3.20182,0
16.6795,4.36655,0
18.9007,3.34668,0
16.8002,4.27041,0
16.7202,4.261,0
18.8987,3.28144,0
18.8493,3.19681,0
18.7474,3.21618,0
16.8043,4.32538,0
18.8974,3.41282,0
18.8631,3.41892,0
16.7261,4.26374,0
18.9276,3.34022,0
18.8609,3.19633,0
18.9142,3.35498,0
18.8407,3.37604,0
18.8962,3.34988,0
18.8312,3.40161,0
18.8539,3.21064,0
16.8006,4.29903,0
18.7498,3.38341,0
16.8769,4.24748,0
16.8795,4.21705,0
18.8218,3.28083,0
18.796,3.27113,0
18.8237,3.42718,0
18.7867,3.39213,0
16.6835,4.38646,0
18.8541,3.20735,0
18.8741,3.39317,0
16.9105,4.27749,0
18.7677,3.25349,0
18.7951,3.16483,0
18.7943,3.39062,0
18.8834,3.34563,0
16.9825,4.2368,0
18.7574,3.25252,0
16.9775,4.20361,0
18.8972,3.27774,0
16.6468,4.27346,0
18.8204,3.4568,0
16.8434,4.3032,0
16.8877,4.21291,0
18.8982,3.32415,0
16.8388,4.23963,0
16.6419,4.30719,0
18.8654,3.24062,0
16.8754,4.25148,0
18.8259,3.17543,0
16.9252,4.18928,0
18.7833,3.3389,0
18.792,3.24824,0
16.9477,4.20312,0
16.8967,4.27261,0
16.9956,4.24835,0
16.7263,4.36683,0
18.8586,3.19663,0
18.8897,3.39073,0
18.7845,3.25082,0
18.9012,3.32482,0
16.9121,4.28484,0
18.7805,3.28504,0
18.8832,3.2432,0
16.7783,4.2331,0
16.7633,4.3017,0
18.8442,3.34459,0
18.7846,3.34167,0
18.9178,3.38988,0
16.8837,4.27893,0
16.7383,4.25975,0
18.8279,3.34157,0
17.0242,4.22863,0
16.9802,4.20564,0
16.8903,4.28946,0
16.7797,4.29772,0
16.7499,4.2733,0
18.8029,3.24253,0
18.7222,3.28261,0
18.8105,3.20479,0
16.6779,4.36189,0
16.656,4.2861,0
18.8575,3.19745,0
18.9286,3.34518,0
18.8947,3.39266,0
18.9438,3.38656,0
16.794,4.28028,0
16.9168,4.19122,0
18.9028,3.34756,0
18.9465,3.38312,0
18.8844,3.35681,0
16.9529,4.25091,0
18.8667,3.2846,0
18.7679,3.41637,0
16.6815,4.27842,0
16.9919,4.16321,0
16.831,4.28448,0
18.8554,3.3593,0
16.6761,4.29729,0
18.9055,3.31217,0
18.7421,3.29957,0
18.7989,3.27129,0
18.8762,3.24386,0
18.8413,3.29948,0
18.7281,3.24679,0
16.7851,4.25159,0
18.9155,3.41001,0
18.8573,3.29099,0
18.723,3.28543,0
18.8503,3.21495,0
16.2048,3.6434,0
18.3171,3.74923,0
18.576,3.66606,0
18.2256,3.78988,0
18.691,3.63549,0
18.4456,3.69925,0
16.3767,4.20642,0
16.4143,4.29152,0
18.7613,3.61685,0
18.4245,3.70794,0
18.6543,3.64261,0
18.8037,3.62033,0
16.2215,3.69477,0
16.2873,3.89362,0
16.3209,4.02156,0
18.291,3.76171,0
16.3954,4.2556,0
18.4209,3.72441,0
16.3202,3.99829,0
16.3297,4.04106,0
18.7281,3.62713,0
16.274,3.86243,0
18.6303,3.6622,0
18.2944,3.77309,0
18.3568,3.75081,0
18.4783,3.70364,0
18.5239,3.67993,0
16.416,4.3138,0
18.5886,3.65692,0
16.2713,3.85773,0
18.3902,3.73712,0
18.3545,3.74042,0
18.801,3.59,0
16.3556,4.11906,0
16.523,4.31457,0
16.3844,4.19676,0
18.7136,3.62133,0
18.467,3.70303,0
18.6287,3.65848,0
16.2177,3.67292,0
18.4124,3.71407,0
18.5128,3.70288,0
16.5282,4.30821,0
16.316,3.97897,0
16.294,3.9323,0
18.4319,3.73009,0
18.8234,3.56821,0
16.6223,4.30044,0
18.2392,3.79338,0
18.801,3.52844,0
16.5897,4.31318,0
16.5606,4.32587,0
16.5242,4.33983,0
16.5985,4.31736,0
18.7998,3.48246,0
16.5604,4.31675,0
16.4715,4.35831,0
18.8329,3.59993,0
16.6229,4.29625,0
18.813,3.54493,0
18.8068,3.5933,0
16.5619,4.32211,0
18.8027,3.48709,0
18.787,3.48676,0
16.5908,4.30185,0
18.2965,3.78851,0
18.2127,3.82312,0
18.7111,3.65758,0
18.3604,3.77664,0
18.3548,3.76423,0
18.2463,3.81091,0
18.7239,3.66662,0
18.3037,3.78707,0
18.6936,3.67123,0
18.6582,3.67901,0
18.7474,3.65676,0
18.7334,3.65576,0
16.3766,4.21361,0
18.3645,3.76795,0
18.3688,3.77446,0
18.6704,3.68607,0
18.3838,3.77393,0
18.4727,3.73298,0
16.3428,4.10878,0
18.4184,3.76289,0
18.3301,3.77033,0
18.4265,3.75431,0
18.3728,3.76325,0
18.5903,3.69485,0
18.6595,3.69198,0
18.2427,3.80095,0
18.3674,3.77325,0
18.3974,3.75926,0
18.8005,3.62579,0
18.3093,3.78521,0
18.5229,3.71426,0
18.5118,3.72701,0
17.0616,4.24346,0
18.8747,3.15822,0
18.8668,3.46234,0
17.0777,4.22941,0
18.8864,3.4628,0
18.9766,3.39275,0
18.9282,3.30109,0
18.9286,3.30402,0
17.0075,4.27245,0
17.0542,4.23133,0
16.9541,4.28637,0
16.9962,4.26189,0
16.6875,4.38901,0
18.8792,3.45584,0
16.9056,4.315,0
18.8695,3.44569,0
18.9776,3.40228,0
16.8283,4.3381,0
18.9226,3.2683,0
16.924,4.28833,0
16.9107,4.30532,0
18.9311,3.31742,0
16.9803,4.27344,0
17.0682,4.22432,0
18.8839,3.46854,0
18.9496,3.35822,0
18.8498,3.11481,0
16.9864,4.26049,0
18.9247,3.4391,0
18.9265,3.29247,0
17.0481,4.25393,0
16.7894,4.35821,0
18.9128,3.42683,0
18.9703,3.41863,0
18.8676,3.4476,0
16.7906,4.35645,0
18.8706,3.14423,0
18.9219,3.45494,0
18.8988,3.4572,0
18.9186,3.28379,0
18.9216,3.45147,0
16.8441,4.35636,0
18.952,3.22384,0
16.9349,4.34194,0
18.9444,3.1757,0
16.9771,4.33847,0
18.8996,3.18546,0
19.0398,3.31511,0
18.9244,3.18718,0
16.9056,4.31861,0
18.9129,3.18399,0
18.9425,3.22385,0
18.9569,3.12006,0
17.1265,4.23019,0
18.9343,3.23636,0
17.1556,4.26318,0
17.1355,4.27788,0
18.9155,3.17579,0
16.8687,4.33405,0
18.9257,3.18921,0
18.9435,3.13726,0
16.8739,4.37139,0
19.0117,3.28426,0
18.9968,3.3367,0
18.9181,3.11382,0
19.0394,3.33091,0
18.9628,3.33417,0
19.0163,3.24593,0
17.0387,4.28704,0
18.9339,3.07453,0
18.9361,3.29272,0
19.0222,3.30267,0
17.1033,4.24789,0
17.0308,4.31436,0
18.952,3.15136,0
18.9955,3.24476,0
17.0502,4.25712,0
17.0388,4.31484,0
19.0049,3.23194,0
17.0449,4.26197,0
16.8439,4.39544,0
17.1229,4.25125,0
18.9687,3.11794,0
18.9858,3.32532,0
18.9573,3.32326,0
18.9159,3.19337,0
18.9545,3.29724,0
18.9527,3.27703,0
18.9256,3.15218,0
18.8902,3.17961,0
18.9348,3.18937,0
18.9209,3.18601,0
16.8301,4.38195,0
16.9447,4.31493,0
18.8969,3.18569,0
16.9793,4.28883,0
18.9059,3.11571,0
18.8995,3.17242,0
16.9705,4.35999,0
16.8991,4.38738,0
18.9578,3.12248,0
19.0207,3.2616,0
16.8662,4.36206,0
16.8307,4.35142,0
17.0913,4.26399,0
17.1457,4.26782,0
17.0026,4.27591,0
17.0217,4.31871,0
18.9351,3.24349,0
16.8917,4.36812,0
18.9005,3.19283,0
16.9809,4.29862,0
18.9621,3.3424,0
17.0596,4.25826,0
16.9209,4.31487,0
16.9912,4.33531,0
18.97,3.20655,0
18.9357,3.13768,0
19.0104,3.1862,0
16.8241,4.39139,0
16.8718,4.39277,0
16.8397,4.3521,0
18.97,3.32995,0
17.1138,4.27988,0
17.1178,4.2622,0
17.1194,4.24734,0
18.9995,3.23907,0
19.0012,3.23171,0
18.9412,3.20763,0
18.9312,3.25037,0
16.8145,4.35895,0
17.1305,4.25289,0
16.9408,4.34953,0
17.0371,4.32361,0
18.9798,3.13629,0
16.8595,4.3763,0
18.9915,3.17453,0
16.8281,4.37032,0
18.9371,3.06546,0
16.8995,4.3982,0
18.8861,3.0999,0
18.9145,3.24319,0
19.0324,3.22647,0
19.0608,3.31323,0
19.0257,3.33637,0
16.84,4.3452,0
16.8562,4.34391,0
16.8218,4.38974,0
18.9186,3.1494,0
16.991,4.29689,0
18.9399,3.17115,0
16.8572,4.38525,0
16.9232,4.33785,0
16.9779,4.36819,0
17.0596,4.34111,0
19.0297,3.16838,0
19.0502,3.18541,0
17.1462,4.29569,0
19.0726,3.19277,0
19.0875,3.22727,0
19.0491,3.23081,0
16.9818,4.36106,0
19.0067,3.05969,0
18.9848,3.07111,0
19.0201,3.1422,0
16.924,4.42965,0
19.0219,3.18515,0
16.9186,4.44287,0
17.1264,4.30788,0
18.9927,3.05716,0
17.0357,4.38554,0
17.1454,4.33043,0
17.1441,4.31702,0
17.121,4.32677,0
19.0649,3.28111,0
16.9141,4.4176,0
16.9802,4.40956,0
19.1117,3.26177,0
17.0702,4.32277,0
17.0301,4.39167,0
16.9864,4.35945,0
17.0072,4.40077,0
17.0845,4.36351,0
16.9718,4.3763,0
17.0845,4.32334,0
19.0554,3.21777,0
16.9966,4.40264,0
19.0514,3.1728,0
17.0416,4.37413,0
16.9865,4.39988,0
19.0584,3.15149,0
17.1656,4.29367,0
19.0068,3.10121,0
17.1616,4.28046,0
16.9905,4.40303,0
17.0554,4.3457,0
18.97,3.06785,0
17.0071,4.38744,0
19.0462,3.16004,0
17.0655,4.33864,0
17.0324,4.36593,0
19.0585,3.26513,0
16.9165,4.4215,0
17.1154,4.2972,0
16.268,3.89978,0
16.205,4.17097,0
16.2113,3.95287,0
16.3015,3.98178,0
18.5791,3.80791,0
18.4483,3.87229,0
16.2453,4.24034,0
18.4792,3.79978,0
16.2579,4.18131,0
16.1684,3.95291,0
16.1647,3.87786,0
16.3454,4.13904,0
16.1381,3.74118,0
16.2728,4.04667,0
18.6165,3.79166,0
18.2945,3.80936,0
16.2366,4.28407,0
16.1603,3.74065,0
16.2678,3.91377,0
16.1446,3.86432,0
18.3577,3.86597,0
16.2225,4.07416,0
18.3617,3.80209,0
18.3967,3.86087,0
18.4271,3.84383,0
18.4524,3.81298,0
18.1926,3.92728,0
16.2435,4.06228,0
18.578,3.8237,0
18.4322,3.81468,0
16.2106,3.70729,0
16.1702,3.71962,0
16.2183,3.70481,0
16.1298,3.75142,0
18.6407,3.78068,0
16.2878,4.11363,0
16.2133,3.88796,0
16.2248,3.71522,0
18.2689,3.85776,0
16.2677,4.27391,0
16.2702,4.01308,0
18.3584,3.7892,0
18.2558,3.87138,0
16.2859,4.21129,0
16.2553,4.02752,0
16.3791,4.24569,0
16.2505,4.04952,0
18.6314,3.82882,0
18.2824,3.89612,0
18.5989,3.76981,0
18.3115,3.83767,0
16.1898,3.68023,0
16.3128,4.21932,0
18.6176,3.81319,0
16.3685,4.26277,0
16.2889,4.06488,0
18.6431,3.78548,0
18.6517,3.78868,0
18.6521,3.8405,0
16.1577,3.72567,0
16.352,4.26349,0
18.3619,3.86265,0
18.3075,3.86136,0
18.4813,3.81373,0
16.2618,4.20883,0
18.5507,3.76977,0
16.2574,4.11568,0
16.3034,3.988,0
18.5806,3.71805,0
18.256,3.91277,0
16.2464,4.25841,0
16.1959,4.13062,0
18.4871,3.78121,0
18.5371,3.83096,0
18.334,3.88021,0
16.1726,3.9254,0
18.4616,3.81355,0
16.1621,3.72767,0
18.5931,3.80347,0
18.5175,3.83183,0
16.2231,3.76922,0
16.1962,3.81945,0
16.1853,4.00805,0
16.2673,4.10102,0
16.2176,4.14829,0
16.3123,4.17019,0
16.3074,4.02599,0
18.5331,3.81549,0
16.2517,3.97713,0
18.5372,3.79899,0
18.6482,3.72473,0
16.1732,3.96371,0
16.2467,4.11093,0
16.2046,3.88692,0
16.1978,3.81459,0
16.1609,3.64815,0
18.5422,3.84226,0
16.2311,3.89539,0
18.4188,3.80267,0
18.4532,3.7597,0
16.2182,3.75973,0
18.2653,3.8191,0
16.2207,4.12289,0
16.2902,4.08182,0
18.497,3.85085,0
18.5812,3.78421,0
16.3179,4.22124,0
16.1949,4.00345,0
16.2833,4.23707,0
16.1266,3.79002,0
18.4631,3.83584,0
16.1808,3.65308,0
18.343,3.8812,0
18.4796,3.7732,0
16.2419,3.96438,0
18.3085,3.83214,0
18.2743,3.82294,0
16.2515,4.24249,0
16.2197,3.70624,0
16.3686,4.26558,0
16.2921,4.19656,0
16.1757,3.71865,0
16.2665,3.99417,0
18.5266,3.79102,0
16.2562,4.18929,0
18.1712,3.8835,0
18.5774,3.79119,0
18.6212,3.72703,0
18.589,3.72509,0
16.2068,3.76775,0
16.1944,3.81266,0
18.6589,3.75332,0
16.2311,3.97932,0
16.2001,3.70582,0
16.2509,4.06351,0
16.2254,3.71858,0
16.2395,4.09642,0
16.2192,3.70302,0
18.1524,3.93145,0
16.216,3.70095,0
16.3375,4.27201,0
16.2498,4.23522,0
18.2507,3.82932,0
16.1662,3.90426,0
16.1818,3.91847,0
18.5937,3.72177,0
16.2787,3.89728,0
18.3915,3.8261,0
16.3124,4.1052,0
18.3924,3.78603,0
18.6071,3.81731,0
16.1703,3.64035,0
18.6663,3.77905,0
16.192,4.0611,0
16.2917,4.08489,0
16.2395,4.06808,0
16.2833,3.94304,0
16.3038,4.034,0
16.1726,3.9771,0
18.199,3.90145,0
18.6534,3.77172,0
16.2092,4.1162,0
18.5083,3.84558,0
16.2325,4.18168,0
16.1961,3.83735,0
18.5051,3.79642,0
18.2037,3.89775,0
18.4919,3.86776,0
16.1585,3.71722,0
16.2618,4.13432,0
16.1542,3.92242,0
16.1457,3.66132,0
18.2796,3.82001,0
16.2606,3.87482,0
16.2719,4.25661,0
18.1805,3.91353,0
18.4778,3.80052,0
18.5523,3.74127,0
18.5734,3.84413,0
16.252,4.115,0
16.2164,3.72794,0
16.1862,4.08635,0
18.5249,3.82715,0
18.269,3.83758,0
18.5939,3.83282,0
16.2091,3.99828,0
18.6653,3.81541,0
16.236,3.86744,0
16.2369,4.0076,0
16.1455,3.89026,0
16.246,4.22199,0
18.4681,3.81466,0
16.3021,3.98156,0
18.5588,3.76651,0
18.338,3.78959,0
16.1674,3.82786,0
16.1156,3.71434,0
16.2597,3.83473,0
16.1883,3.76708,0
16.1658,3.80435,0
16.3109,4.27399,0
18.173,3.91575,0
18.627,3.78178,0
16.2473,4.19558,0
16.2103,4.19128,0
18.4679,3.8249,0
18.2981,3.85322,0
16.223,4.12926,0
18.272,3.8227,0
18.5502,3.75535,0
16.2351,3.95629,0
16.2193,4.02138,0
18.4926,3.87188,0
16.2708,3.93936,0
16.2804,3.9241,0
18.4419,3.87949,0
16.1512,3.74689,0
18.4781,3.78666,0
18.3934,3.79217,0
16.1813,3.68251,0
16.1651,3.89705,0
16.1793,3.77391,0
16.2776,4.28514,0
16.2911,4.26321,0
16.1887,3.93961,0
16.182,3.64334,0
16.1576,3.91442,0
18.648,3.8363,0
18.5162,3.79158,0
16.1108,3.68926,0
18.4862,3.74624,0
18.2029,3.87376,0
18.3559,3.82171,0
16.177,3.83149,0
18.3919,3.81778,0
18.5619,3.75452,0
16.3625,4.19582,0
16.2214,4.06432,0
18.627,3.79075,0
16.1722,3.793,0
16.2785,3.99856,0
16.2691,4.22116,0
16.2085,3.75789,0
16.2334,4.21591,0
16.3727,4.23124,0
18.5725,3.79991,0
16.2397,4.19242,0
16.1891,3.91848,0
16.3448,4.18308,0
16.1888,3.66668,0
18.476,3.7753,0
18.6419,3.73306,0
18.5278,3.73644,0
18.4199,3.82026,0
18.5029,3.76814,0
16.1762,3.92662,0
16.157,3.76902,0
16.1525,3.80795,0
16.27,4.03892,0
16.2094,3.91618,0
18.344,3.88798,0
18.3404,3.80465,0
16.2869,4.28128,0
18.285,3.90818,0
16.2164,3.89706,0
16.209,3.84571,0
16.3192,4.26577,0
18.3836,3.83515,0
18.2059,3.84197,0
16.3308,4.24973,0
18.6426,3.7433,0
16.227,3.84847,0
16.2053,3.9252,0
16.1935,3.8427,0
16.2712,4.25844,0
16.2986,4.2214,0
16.2531,4.21579,0
16.2215,4.25983,0
16.133,3.78225,0
18.6402,3.79097,0
16.1883,3.65924,0
16.3372,4.22147,0
16.324,4.14071,0
16.1328,3.79304,0
18.5786,3.75291,0
18.5806,3.76842,0
16.1882,4.16298,0
15.9791,3.99292,0
18.1495,3.9385,0
15.984,4.01836,0
18.3826,3.90963,0
16.0242,4.05529,0
16.1036,3.95134,0
18.4197,3.98505,0
18.1712,4.02093,0
18.2226,3.94196,0
16.0914,4.13959,0
16.0232,4.00898,0
16.0002,4.0932,0
16.0089,3.79891,0
16.1537,4.16609,0
16.0551,4.16499,0
18.4112,3.98992,0
16.0892,3.68899,0
16.0551,4.1492,0
16.121,3.86213,0
18.3427,4.00577,0
16.0942,3.77738,0
16.0167,3.89368,0
16.0927,3.86971,0
18.3588,3.98042,0
16.0498,3.95008,0
18.2509,3.98095,0
18.1592,3.97428,0
15.9762,3.81199,0
16.1365,4.11677,0
18.1118,3.99456,0
18.3821,3.89992,0
18.139,3.98727,0
18.426,3.9742,0
16.0363,4.00391,0
18.2728,3.9469,0
15.9832,3.94712,0
16.0045,3.97876,0
16.0968,4.03516,0
15.9607,3.7723,0
18.1535,4.02391,0
18.4767,3.99957,0
16.0389,3.71656,0
16.0487,4.08099,0
18.4517,3.96619,0
18.2991,4.01103,0
15.9912,3.92786,0
16.0765,4.13786,0
16.1185,4.08753,0
16.1098,4.01307,0
16.0677,4.13006,0
16.06,3.79253,0
15.9782,3.79751,0
18.3176,3.96145,0
16.147,3.98732,0
16.1626,3.99226,0
18.3876,3.8921,0
18.2664,4.00636,0
16.0672,3.68267,0
18.3117,3.99835,0
16.048,4.01787,0
16.0344,3.72038,0
16.0642,3.7507,0
18.296,4.00032,0
18.2097,3.94837,0
18.4202,4.00826,0
16.0773,4.15139,0
16.0632,3.84973,0
18.4225,4.00009,0
18.2736,4.0057,0
16.0153,3.8255,0
16.0392,3.68754,0
16.093,3.87152,0
18.2345,4.02133,0
16.013,4.17214,0
16.1168,3.78362,0
16.0896,3.64826,0
18.1073,4.0024,0
16.0096,3.93286,0
18.1389,3.94594,0
16.0871,4.04252,0
18.3908,3.9791,0
16.0351,4.13194,0
15.9786,3.71623,0
16.1155,3.8199,0
16.1874,4.16565,0
18.419,3.99495,0
18.2076,3.93933,0
18.3396,3.98034,0
18.3128,3.90602,0
16.0867,4.09643,0
16.0047,4.01494,0
16.075,3.79293,0
16.144,4.1668,0
18.1678,4.01344,0
15.9749,3.9808,0
15.9934,3.93934,0
18.2047,3.92785,0
16.0969,3.68615,0
16.1253,4.09717,0
15.9734,3.8181,0
16.0605,3.81478,0
16.1821,4.13582,0
16.0033,4.09411,0
18.1758,4.01209,0
16.1109,4.04929,0
16.0123,4.14541,0
18.3626,3.91484,0
16.0125,3.90834,0
16.0721,3.92057,0
16.038,3.97722,0
16.0211,4.11032,0
18.3341,3.96325,0
15.9886,4.09016,0
18.2654,3.98659,0
18.1447,3.93846,0
15.9866,3.66066,0
18.4261,3.96975,0
16.1059,3.90051,0
16.0802,3.827,0
16.0571,3.70928,0
16.0138,3.83572,0
15.9705,3.8931,0
16.0679,4.07171,0
16.1247,4.14832,0
16.0645,3.96411,0
18.1905,0.02934,0
16.1765,4.13687,0
18.3798,3.98589,0
16.113,4.02022,0
16.1258,4.16802,0
18.2181,3.92873,0
16.1326,4.03957,0
16.0021,4.07889,0
18.2984,3.97698,0
18.4565,3.92249,0
18.1915,3.95748,0
18.3061,3.94468,0
16.1529,3.9751,0
16.1384,4.09277,0
18.2177,3.97404,0
18.3795,3.90067,0
16.0845,3.68426,0
15.9896,3.84465,0
16.0899,4.16067,0
16.1299,4.10848,0
16.1227,3.97189,0
16.0455,3.69702,0
16.0982,3.70149,0
16.1637,4.06243,0
16.133,3.89598,0
16.1238,3.9163,0
18.4104,4.00392,0
16.0877,3.76709,0
15.9963,4.16568,0
16.1027,3.93337,0
15.9998,3.92935,0
16.0541,4.10095,0
16.1283,3.85457,0
18.2053,4.00407,0
16.0784,4.18527,0
16.0754,3.66609,0
16.1465,4.01401,0
18.1744,4.03411,0
16.1694,4.08782,0
16.0494,3.87601,0
16.0746,3.93931,0
15.9586,3.64419,0
16.0966,4.05625,0
18.1612,3.93963,0
18.2346,3.97417,0
16.1845,4.12889,0
18.4564,3.89037,0
18.2439,3.93743,0
18.3092,3.96101,0
16.0313,3.77503,0
16.1438,3.93589,0
18.3822,3.96176,0
16.0928,4.10346,0
18.1933,3.98361,0
18.3549,4.02145,0
16.0699,3.6772,0
18.1512,4.02106,0
16.0544,3.70149,0
16.0978,4.09574,0
16.0626,4.06669,0
16.05,3.98645,0
18.3128,3.91514,0
16.0918,3.74679,0
16.0218,3.80406,0
18.4032,3.90796,0
16.1218,4.1599,0
18.1679,3.94601,0
16.0603,3.66855,0
18.3594,3.92749,0
16.0101,3.81747,0
18.1659,4.00443,0
16.1048,3.71721,0
15.9839,3.98798,0
18.3178,4.02818,0
16.0751,3.77799,0
18.275,3.91895,0
15.9552,3.67317,0
16.1241,3.91095,0
18.2136,4.00848,0
18.2003,3.94407,0
16.1271,4.12793,0
16.077,3.77004,0
16.0463,3.82286,0
16.0325,3.89914,0
16.0576,3.86263,0
16.021,4.01377,0
16.189,4.14647,0
16.0221,3.81984,0
16.1053,3.73479,0
16.0396,3.96594,0
16.1027,3.71018,0
18.3354,4.00069,0
16.0892,4.01362,0
16.1127,4.06209,0
18.4707,3.99672,0
18.1793,3.94176,0
16.134,3.97936,0
18.2023,4.03082,0
16.0076,3.96711,0
16.0751,4.16857,0
15.9593,3.76921,0
18.2882,3.99623,0
15.9979,4.02529,0
18.4639,3.90131,0
18.4627,3.94007,0
16.0791,4.09801,0
18.3526,3.95328,0
18.3729,3.99351,0
16.079,3.86455,0
16.0344,4.17113,0
16.0909,3.73308,0
16.1491,4.01667,0
16.1123,3.89766,0
18.2973,3.99553,0
16.061,3.74151,0
18.4088,3.97721,0
16.0545,3.83233,0
18.2845,3.91174,0
18.3925,3.98794,0
16.0365,3.91575,0
16.0746,3.966,0
15.9714,3.86763,0
16.0904,3.87002,0
16.0735,3.78947,0
18.1304,4.03186,0
18.2484,4.0025,0
18.0894,4.04015,0
18.3185,3.93821,0
18.1367,3.98937,0
16.073,3.91289,0
15.9925,4.14383,0
16.0066,4.00201,0
16.105,3.95605,0
18.2902,3.91695,0
16.1406,3.92753,0
18.3235,3.90617,0
18.1022,4.01718,0
15.9538,3.63607,0
16.1677,4.1467,0
18.4263,3.91074,0
16.0353,3.89587,0
16.0488,4.14342,0
16.1022,3.72347,0
18.4154,3.9682,0
15.9315,4.06255,0
15.9097,3.84395,0
18.2642,4.09903,0
18.3623,0.1778,0
15.9299,3.81179,0
15.8653,3.85792,0
15.9633,3.94472,0
18.0372,4.13411,0
18.2666,4.04035,0
18.286,4.03564,0
15.9686,3.98324,0
15.9069,3.71742,0
15.8665,3.74286,0
18.332,0.24707,0
15.8696,3.95434,0
15.9127,3.99049,0
18.2197,4.05228,0
15.8998,3.76787,0
17.9485,4.12872,0
15.9496,3.7622,0
15.8792,4.06281,0
15.9123,3.78957,0
15.8852,4.00285,0
18.274,4.10142,0
18.2488,4.1197,0
15.9535,3.98074,0
18.3155,0.16896,0
15.9123,3.99853,0
18.2277,4.04473,0
15.8681,4.06,0
18.087,4.13275,0
18.1888,4.05789,0
18.1332,4.10243,0
15.8707,3.91308,0
18.1481,4.12022,0
18.1148,4.04756,0
18.2375,4.04628,0
15.9051,4.04434,0
15.9116,3.79189,0
15.9462,3.77965,0
18.3094,0.15115,0
15.8527,3.88943,0
18.2755,4.08199,0
18.1488,4.08634,0
18.0618,4.07648,0
15.892,3.80762,0
18.0435,4.12532,0
15.8602,3.84034,0
15.9374,3.78315,0
15.846,3.82478,0
18.3327,0.19639,0
18.1401,4.07768,0
15.9676,4.03606,0
18.2061,4.07751,0
18.3651,0.17165,0
15.9271,3.80015,0
15.8477,3.96044,0
15.9475,3.6872,0
18.0973,4.11316,0
15.8587,3.69001,0
15.9181,3.82136,0
15.8327,3.79414,0
15.8379,3.88469,0
18.2124,4.10997,0
15.8291,3.91437,0
18.1543,4.12836,0
18.1944,4.09293,0
15.8153,4.02079,0
15.8834,3.8054,0
15.9269,3.63429,0
15.8702,3.87152,0
15.8771,3.9886,0
15.8352,3.97113,0
17.9673,4.09607,0
15.8916,3.71258,0
15.8639,3.81832,0
15.9109,3.84008,0
15.9044,3.71839,0
18.2701,4.13333,0
18.1442,4.11944,0
15.8512,4.05104,0
18.4045,0.1532,0
15.9271,4.0479,0
18.3549,0.21577,0
15.856,3.83133,0
15.8881,3.71506,0
15.91,4.03324,0
15.8828,4.03413,0
15.9001,4.01001,0
15.921,3.72757,0
17.9689,4.08286,0
15.9405,3.76582,0
18.2583,4.09408,0
18.0932,4.04473,0
15.9233,3.89274,0
15.8991,4.05557,0
15.9214,3.69903,0
18.0754,4.0799,0
17.9875,4.09412,0
15.9065,3.99356,0
18.2156,4.1368,0
15.8761,4.06845,0
17.9618,4.12198,0
15.9344,3.79407,0
18.3866,0.20713,0
18.1076,4.06466,0
15.92,3.93993,0
15.8867,4.04605,0
15.9378,3.84929,0
17.9943,4.08488,0
15.9384,3.97895,0
15.8754,3.83639,0
15.9617,4.02653,0
18.2701,4.0899,0
18.2381,4.10909,0
15.9401,3.81683,0
15.9264,3.93073,0
15.8956,3.79209,0
18.1911,4.13244,0
15.8593,3.87154,0
15.8243,3.91242,0
18.1395,4.04212,0
15.9171,3.7764,0
15.9208,3.74289,0
18.4064,0.15461,0
18.2273,4.09344,0
18.3395,0.22904,0
18.322,0.16153,0
15.8218,4.00504,0
15.8976,3.72784,0
18.0849,4.09649,0
15.8785,3.8931,0
15.8254,3.94108,0
18.1349,4.10765,0
18.0959,4.12173,0
15.8566,3.9169,0
18.2423,4.09269,0
15.8995,3.89292,0
17.9791,4.06703,0
17.9915,4.06905,0
15.9083,3.70402,0
18.1728,4.12176,0
15.9298,3.75487,0
15.9181,3.98948,0
15.9013,3.9707,0
15.877,3.86105,0
15.953,4.02388,0
18.3587,0.21328,0
18.3496,0.1844,0
18.3726,0.22121,0
18.1246,4.04548,0
18.112,4.14202,0
15.8338,4.0085,0
15.8676,4.02313,0
15.8809,3.88224,0
18.3436,0.23161,0
15.8723,3.68486,0
18.2307,4.13648,0
15.8454,3.95971,0
15.9069,3.92426,0
15.9731,4.06485,0
15.8759,3.75608,0
18.2591,4.08668,0
15.9189,3.64167,0
15.9264,4.02832,0
18.3465,0.18804,0
18.3596,0.20656,0
18.2273,4.08203,0
15.9454,3.90547,0
15.9029,3.81391,0
15.8116,3.96287,0
18.0032,4.12202,0
15.8208,3.90183,0
15.9022,4.06365,0
18.3109,0.19018,0
15.8243,3.95987,0
18.1374,4.1188,0
18.2098,4.1239,0
18.0137,4.11531,0
15.9581,3.92127,0
18.0465,4.10675,0
15.8311,3.90215,0
15.899,3.98891,0
18.3689,0.20131,0
18.2502,4.11939,0
15.8148,3.85603,0
15.8565,3.86212,0
15.9176,3.88129,0
18.1852,4.08237,0
15.8415,3.92294,0
15.8272,3.96762,0
15.9373,4.00462,0
15.9123,3.86484,0
18.313,4.05403,0
18.3477,4.0597,0
18.2761,0.11958,0
15.8838,4.11537,0
15.9506,4.09887,0
18.3092,4.10259,0
18.3627,4.03173,0
18.3021,0.13205,0
18.3322,4.09495,0
18.3181,4.06326,0
18.318,4.06504,0
18.3115,4.06861,0
18.3679,4.04507,0
15.9058,4.12014,0
15.9588,4.11673,0
18.3603,4.05345,0
18.2769,0.12447,0
18.3196,4.09422,0
15.876,4.12576,0
18.3523,0.12892,0
15.917,4.11391,0
18.3456,0.14065,0
15.9302,4.10258,0
15.9361,4.09963,0
15.9573,4.1027,0
18.0386,4.19192,0
15.8046,4.00528,0
17.9581,4.1811,0
17.933,4.19445,0
15.7456,3.82599,0
15.7461,3.89867,0
17.9992,4.19856,0
18.0867,4.20438,0
17.9083,4.17165,0
15.8058,3.87191,0
15.7852,3.97413,0
18.2199,4.16025,0
15.7451,3.76883,0
15.7901,3.97673,0
17.925,4.15784,0
18.0231,4.19748,0
18.2182,4.18444,0
18.1086,4.18799,0
15.7946,3.99586,0
18.1716,4.2125,0
18.1066,4.19171,0
15.7488,3.83983,0
18.1146,4.19485,0
18.0887,4.16623,0
15.7885,3.94698,0
15.7532,3.96535,0
18.0922,4.1789,0
15.7963,3.74088,0
15.7472,3.82478,0
17.906,4.18596,0
18.1682,4.19555,0
18.1915,4.19664,0
18.0423,4.19221,0
15.8073,3.93201,0
18.1664,4.19593,0
17.9692,4.17011,0
18.0827,4.14194,0
15.7754,3.96027,0
18.1199,4.16931,0
15.7836,3.81881,0
18.1438,4.14812,0
17.8964,4.17316,0
15.8042,3.96171,0
15.7483,3.81146,0
18.1391,4.1692,0
15.7886,3.85987,0
15.7999,4.0256,0
15.8066,3.98748,0
15.808,3.79149,0
15.7533,3.8856,0
15.7459,3.7598,0
17.9417,4.17069,0
17.9495,4.16404,0
17.8484,4.17944,0
15.7479,3.98083,0
18.0453,4.17841,0
18.1325,4.14392,0
15.8025,3.98671,0
17.9832,4.16049,0
18.0198,4.15336,0
17.9186,4.17725,0
18.0737,4.18177,0
18.1001,4.15097,0
15.7773,3.86055,0
15.7598,3.81121,0
17.9606,4.18582,0
18.0661,4.14984,0
18.0362,4.1733,0
18.0616,4.18242,0
15.7685,3.79286,0
17.9349,4.1476,0
17.9817,4.17409,0
18.1174,4.15873,0
17.9875,4.14371,0
15.751,3.89849,0
15.7427,3.90359,0
15.7773,3.88365,0
18.101,4.15005,0
18.17,4.17402,0
18.2177,4.16469,0
18.687,3.69359,0
18.9759,3.51351,0
18.8448,3.58863,0
19.0001,3.56243,0
18.9281,3.57901,0
18.9632,3.52349,0
18.9885,3.54879,0
18.9317,3.48606,0
18.9422,3.50103,0
16.645,4.34422,0
18.8681,3.55143,0
16.7092,4.40653,0
18.9505,3.50206,0
18.8452,3.54593,0
18.9241,3.60537,0
16.6966,4.41923,0
18.6772,3.69995,0
18.9922,3.58,0
18.8537,3.59461,0
18.9248,3.58647,0
18.9602,3.45983,0
18.8509,3.53673,0
18.8507,3.63502,0
18.9369,3.55874,0
18.8383,3.51661,0
18.9668,3.47321,0
18.9505,3.55527,0
16.7595,4.38857,0
18.8934,3.49361,0
16.6508,4.40624,0
16.6997,4.42413,0
16.793,4.37571,0
18.9748,3.4924,0
18.8732,3.56189,0
18.8591,3.63056,0
18.8406,3.62917,0
18.8539,3.59545,0
18.894,3.56774,0
18.9633,3.49567,0
18.945,3.56421,0
18.8789,3.58787,0
18.9525,3.47558,0
18.9501,3.4458,0
16.7956,4.36622,0
18.8961,3.61617,0
16.7719,4.37851,0
18.8333,3.57161,0
18.8059,3.65378,0
18.9934,3.54102,0
18.783,3.66311,0
18.8249,3.53507,0
18.821,3.64476,0
18.8954,3.54591,0
18.9447,3.51047,0
18.9947,3.56915,0
18.846,3.59082,0
18.9245,3.50625,0
18.9527,3.52674,0
18.8958,3.58527,0
16.6678,4.41517,0
18.9076,3.5234,0
18.9606,3.54286,0
18.8559,3.58866,0
18.8573,3.58217,0
18.871,3.54125,0
18.8704,3.52798,0
18.9259,3.46224,0
18.8556,3.61571,0
18.9108,3.5339,0
18.9757,3.56378,0
18.9743,3.52325,0
18.8502,3.55113,0
18.9565,3.58144,0
16.704,4.42339,0
16.7782,4.39622,0
16.6499,4.40269,0
18.9827,3.52926,0
16.7481,4.3891,0
16.7679,4.37627,0
18.852,3.62322,0
16.7712,4.38556,0
18.9011,3.5868,0
18.8346,3.57433,0
19.0914,3.44255,0
17.1859,4.31096,0
16.847,4.43343,0
19.0105,3.48094,0
19.072,3.43976,0
19.0805,3.39258,0
19.0152,3.38695,0
19.0418,3.42968,0
18.9743,3.37206,0
16.9069,4.45414,0
16.8906,4.44196,0
18.9956,3.38572,0
19.0537,3.44156,0
16.8344,4.43352,0
16.8969,4.45814,0
19.0574,3.32842,0
16.8399,4.43476,0
19.0033,3.45936,0
19.0402,3.43297,0
16.8621,4.4755,0
16.8967,4.43367,0
19.0333,3.44677,0
19.0634,3.36952,0
16.8472,4.45985,0
19.1043,3.44279,0
19.0424,3.47574,0
19.0648,3.41823,0
19.1047,3.42726,0
19.0804,3.41943,0
19.0635,3.34314,0
19.0335,3.36527,0
19.0812,3.4362,0
16.8326,4.45569,0
18.9775,3.45648,0
19.0576,3.38919,0
19.0585,3.33944,0
19.0124,3.34817,0
19.0027,3.40579,0
18.9901,3.36428,0
17.0872,4.36374,0
16.8704,4.43107,0
19.0735,3.3606,0
19.002,3.36826,0
19.0772,3.40335,0
16.8108,4.40811,0
19.0378,3.35966,0
19.0403,3.39796,0
16.8253,4.41566,0
18.9815,3.45241,0
19.0166,3.41954,0
19.07,3.43284,0
17.0401,4.39333,0
19.005,3.49036,0
17.1561,4.34109,0
19.0913,3.4007,0
17.1852,4.32231,0
17.1873,4.31047,0
16.8239,4.41859,0
19.0422,3.43141,0
19.0428,3.45482,0
19.0726,3.43363,0
19.1286,3.27852,0
19.1156,3.17593,0
19.1904,3.16247,0
19.1139,3.20769,0
17.1978,4.37679,0
19.1391,3.01951,0
19.0955,2.96989,0
17.1091,4.47416,0
19.0838,2.98356,0
17.1278,4.38882,0
19.0675,2.94475,0
17.3408,4.37836,0
17.1678,4.38454,0
17.1979,4.4513,0
17.1373,4.36498,0
19.1306,3.17634,0
17.4725,4.29812,0
19.1264,3.2721,0
17.1658,4.41528,0
17.11,4.41942,0
19.0631,2.96587,0
19.0812,2.94371,0
17.1406,4.39645,0
17.1124,4.47734,0
19.1698,3.19672,0
19.0918,3.1308,0
17.2074,4.44543,0
19.0389,3.01268,0
19.0414,3.01731,0
19.0761,2.96331,0
19.1092,2.9763,0
19.2057,3.22002,0
17.4509,4.30758,0
17.184,4.36174,0
19.06,3.11504,0
19.0407,3.02876,0
17.1004,4.42268,0
19.1769,3.25527,0
17.2763,4.37917,0
19.0299,2.99503,0
19.0912,3.16577,0
19.2169,3.22436,0
17.2446,4.38239,0
17.2089,4.35096,0
17.1504,4.45073,0
19.0172,3.02816,0
19.1069,3.02107,0
19.092,3.16998,0
19.1134,3.18699,0
19.072,3.06757,0
19.1048,2.96935,0
18.9995,3.01274,0
19.0695,3.13217,0
19.0474,3.02524,0
19.1705,3.10156,0
19.0884,3.13927,0
19.0157,3.03754,0
19.1351,3.1742,0
19.2276,3.21334,0
19.1332,3.04695,0
17.2004,4.4578,0
19.1502,3.25352,0
19.0991,3.29057,0
17.079,4.41444,0
17.182,4.4674,0
17.2963,4.4018,0
19.1327,3.23188,0
19.1554,3.05879,0
19.0741,3.15969,0
19.2281,3.22874,0
17.2638,4.37994,0
19.2187,3.1943,0
17.2057,4.33752,0
19.095,3.12435,0
17.1873,4.46488,0
19.1169,3.01996,0
17.2122,4.39676,0
19.0899,3.07964,0
19.1264,3.28547,0
19.1134,3.304,0
19.065,3.11261,0
17.2072,4.45891,0
17.089,4.45339,0
19.0352,2.98154,0
17.1999,4.33939,0
19.0687,3.14044,0
19.183,3.24341,0
17.2275,4.4467,0
19.1334,3.29257,0
17.0895,4.42344,0
19.1331,3.03996,0
17.4758,4.28281,0
19.1971,3.15207,0
17.1056,4.43188,0
17.5059,4.27491,0
19.0231,3.07226,0
19.1644,3.10003,0
19.1367,3.04841,0
17.1353,4.35871,0
19.1088,3.08835,0
19.148,3.2065,0
17.1187,4.48388,0
17.1242,4.50347,0
17.174,4.345,0
19.0659,3.04463,0
17.1153,4.46653,0
19.0083,3.04891,0
19.0804,3.17592,0
19.2085,3.14664,0
19.0748,3.06447,0
17.5596,4.24147,0
19.0628,2.95306,0
19.1024,3.00249,0
19.145,3.27407,0
19.0832,3.17486,0
19.0052,3.02548,0
17.1281,4.41853,0
17.1412,4.49799,0
19.1074,3.14475,0
17.3155,4.37674,0
17.1445,4.4498,0
19.1401,3.13169,0
19.1612,3.06376,0
19.0847,3.0052,0
19.2029,3.18163,0
19.0794,3.14163,0
19.1488,3.14281,0
17.0897,4.41134,0
17.2296,4.44122,0
17.1531,4.36868,0
19.0367,2.97655,0
17.1662,4.3917,0
17.1705,4.46533,0
19.0189,2.97764,0
17.1498,4.44355,0
19.0335,3.00749,0
19.1346,3.14057,0
19.183,3.13594,0
17.2732,4.42233,0
19.1335,3.25495,0
19.1514,3.18801,0
19.1512,3.26332,0
17.5555,4.24489,0
17.1979,4.46579,0
19.1697,3.1943,0
17.2031,4.32221,0
19.125,3.1676,0
19.2181,3.17502,0
19.0603,3.0985,0
17.2172,4.407,0
17.1485,4.3654,0
17.5616,4.24179,0
17.1041,4.44082,0
19.1508,3.08833,0
17.1345,4.41525,0
19.0866,3.0909,0
19.1143,3.27267,0
19.2293,3.19287,0
19.0966,2.94662,0
19.2255,3.22754,0
17.3356,4.36171,0
17.3463,4.36629,0
19.0646,3.10798,0
17.1542,4.36451,0
17.1841,4.33746,0
17.2583,4.40865,0
19.1335,3.07712,0
19.0999,3.17561,0
16.7535,4.41751,0
18.9585,3.61096,0
18.8135,3.66932,0
18.8639,3.64102,0
19.0286,3.59263,0
18.6635,3.71783,0
18.7889,3.68341,0
18.9627,3.61689,0
16.7479,4.43354,0
18.9895,3.52854,0
18.8278,3.65407,0
16.8057,4.43333,0
19.0023,3.55931,0
18.8597,3.64316,0
18.6668,3.71472,0
18.9268,3.62366,0
18.6862,3.71161,0
16.7148,4.44854,0
18.9928,3.5374,0
19.0168,3.54403,0
18.9746,3.61028,0
18.7018,3.69456,0
16.6948,4.45285,0
18.9559,3.61617,0
16.7866,4.40257,0
18.9558,3.61038,0
19.0044,3.55758,0
18.7896,3.67203,0
18.9756,3.60864,0
19.0133,3.59482,0
19.0698,3.34456,0
19.1929,3.27754,0
19.1885,3.27315,0
17.0611,4.44231,0
19.1517,3.32228,0
19.2085,3.25245,0
19.2086,3.26546,0
19.0814,3.34652,0
17.0327,4.40378,0
19.082,3.37095,0
19.2141,3.26879,0
19.2275,3.25556,0
19.2346,3.28589,0
19.1631,3.3186,0
17.0801,4.46002,0
17.043,4.43055,0
17.0506,4.43729,0
19.1725,3.32194,0
17.0495,4.41207,0
17.0219,4.40855,0
17.061,4.42536,0
19.0383,3.54014,0
16.7841,4.46835,0
19.0499,3.50762,0
19.0674,3.52108,0
16.7636,4.45068,0
19.0705,3.53339,0
19.0421,3.57066,0
16.8164,4.44819,0
19.0273,3.49294,0
19.0578,3.48946,0
19.0553,3.5604,0
16.7941,4.46954,0
16.7918,4.44814,0
16.8168,4.44533,0
16.8006,4.44503,0
16.7725,4.44887,0
19.0593,3.5168,0
19.0375,3.548,0
19.0589,3.5428,0
16.9043,4.47113,0
19.1417,3.48399,0
16.9216,4.45327,0
19.115,3.4723,0
19.0812,3.47231,0
16.9389,4.44724,0
19.1002,3.48134,0
19.12,3.43727,0
19.1078,3.40921,0
19.085,3.48011,0
19.0926,3.47486,0
16.923,4.46341,0
16.9145,4.46863,0
19.1191,3.45197,0
19.094,3.48041,0
19.1212,3.48224,0
19.0766,3.48496,0
19.0629,3.48697,0
16.9993,4.41798,0
19.1169,3.43922,0
16.9811,4.4285,0
19.0963,3.49164,0
18.9146,3.77744,0
16.5527,4.3917,0
18.7406,3.7529,0
16.5878,4.39728,0
16.5556,4.36401,0
18.7242,3.79776,0
18.8035,3.77978,0
18.7979,3.73684,0
18.7124,3.73686,0
18.7675,3.69459,0
18.6798,3.82555,0
18.8716,3.78227,0
18.7986,3.74899,0
18.7214,3.80498,0
16.5717,4.37237,0
18.6763,3.82415,0
18.8854,3.767,0
16.619,4.36956,0
16.5264,4.36698,0
18.8731,3.77022,0
16.6109,4.35359,0
18.8458,3.67216,0
18.6839,3.7666,0
18.8428,3.67862,0
18.7705,3.74684,0
18.7623,3.76059,0
18.8499,3.71965,0
18.6731,3.75176,0
18.6763,3.74487,0
18.8763,3.72927,0
18.7854,3.73567,0
18.8209,3.78231,0
18.8789,3.76208,0
16.5865,4.33767,0
16.5483,4.36973,0
18.769,3.75983,0
18.8253,3.80233,0
18.7914,3.78965,0
16.5157,4.39475,0
18.7878,3.73819,0
18.4821,3.88486,0
16.5263,4.36821,0
18.7325,3.78507,0
16.5203,4.39862,0
18.8541,3.68623,0
18.8505,3.71208,0
18.8331,3.70804,0
18.8099,3.73367,0
18.6307,3.84894,0
16.505,4.38909,0
16.5506,4.34509,0
18.9051,3.75725,0
18.6859,3.79361,0
18.8895,3.68032,0
18.7931,3.77276,0
18.8385,3.75409,0
16.6319,4.36776,0
18.7267,3.7266,0
16.5866,4.39009,0
18.8065,3.75264,0
18.7977,3.76129,0
18.7181,3.83055,0
18.7064,3.71839,0
16.5375,4.40158,0
18.6897,3.75885,0
18.7951,3.77652,0
18.8934,3.71853,0
18.8835,3.71093,0
18.8033,3.74657,0
18.6809,3.74825,0
16.5496,4.41677,0
18.7336,3.77954,0
18.7331,3.75276,0
18.738,3.7833,0
18.6014,3.86183,0
18.751,3.7041,0
18.4941,3.87342,0
18.8015,3.80144,0
18.6685,3.77553,0
18.7667,3.78577,0
16.583,4.40687,0
18.8514,3.75115,0
16.5814,4.38263,0
18.7991,3.70524,0
18.7994,3.75683,0
18.9107,3.73572,0
18.4856,3.89468,0
16.585,4.41053,0
18.7092,3.82561,0
18.8681,3.68004,0
18.5413,3.87801,0
19.0166,3.66824,0
18.9352,3.6765,0
16.6376,4.42371,0
18.9897,3.66526,0
19.003,3.62995,0
18.9278,3.6735,0
19.0047,3.63741,0
16.6483,4.43794,0
18.9194,3.64996,0
18.993,3.61099,0
18.9482,3.63563,0
18.968,3.67007,0
18.938,3.6992,0
16.6857,4.44531,0
18.9554,3.65006,0
18.9874,3.6099,0
18.9562,3.64394,0
18.9465,3.64915,0
19.0074,3.64861,0
18.9939,3.60894,0
18.9574,3.66604,0
18.9181,3.70143,0
16.9942,4.4666,0
17.0498,4.50752,0
16.9982,4.46383,0
16.9984,4.5207,0
16.9743,4.48214,0
17.0103,4.5147,0
17.051,4.4913,0
17.001,4.5008,0
17.0547,4.50261,0
19.1899,3.41557,0
17.0083,4.47273,0
19.1645,3.3782,0
19.169,3.34779,0
19.1479,3.34963,0
19.1599,3.39782,0
19.108,3.37591,0
16.9973,4.512,0
19.143,3.40616,0
19.2027,3.36081,0
19.1279,3.43504,0
19.1833,3.36778,0
19.1267,3.41525,0
19.1462,3.41997,0
17.0054,4.43307,0
19.1481,3.35414,0
17.0483,4.48729,0
19.1897,3.36752,0
19.1546,3.4272,0
19.1388,3.44383,0
19.1412,3.42721,0
16.9819,4.51024,0
17.5435,4.26572,0
16.9629,4.4761,0
17.5487,4.26023,0
17.44,4.35593,0
17.4134,4.34,0
17.3754,4.3778,0
17.4205,4.36226,0
19.2437,3.32163,0
17.255,4.46103,0
17.5937,4.25738,0
17.315,4.40234,0
17.0975,4.51548,0
17.4478,4.34316,0
17.284,4.43411,0
17.5744,4.27356,0
17.3729,4.3843,0
17.469,4.33659,0
17.5321,4.30926,0
17.3958,4.35794,0
17.5174,4.29638,0
17.4307,4.36187,0
17.5662,4.27596,0
17.3855,4.37063,0
17.1109,4.53689,0
17.4936,4.31207,0
17.4226,4.3443,0
17.3426,4.38765,0
17.4641,4.31706,0
17.3166,4.40237,0
17.139,4.5215,0
17.583,4.25999,0
17.0994,4.52893,0
19.2033,3.34539,0
17.0949,4.54734,0
17.3683,4.38345,0
19.2221,3.37421,0
17.5565,4.29768,0
19.2476,3.32565,0
17.41,4.357,0
17.0928,4.52271,0
17.1305,4.51918,0
17.3509,4.39436,0
17.4781,4.30394,0
17.4287,4.33161,0
17.3329,4.39518,0
17.0905,4.52463,0
17.488,4.32898,0
19.2414,3.31094,0
19.2619,3.33014,0
17.5995,4.24767,0
17.1889,4.49991,0
17.324,4.39914,0
17.4718,4.32502,0
17.5352,4.29517,0
17.34,4.38454,0
17.5889,4.25274,0
19.1522,3.48842,0
16.9778,4.52716,0
19.1528,3.45991,0
19.1582,3.47159,0
19.1539,3.47398,0
16.9452,4.47649,0
19.1976,3.45118,0
19.2176,3.42797,0
19.198,3.07225,0
17.6286,4.28284,0
17.4665,4.36707,0
19.2461,3.12843,0
17.1899,4.51081,0
19.2597,3.14768,0
19.2897,3.28352,0
17.4471,4.36615,0
17.4462,4.38788,0
19.2382,3.10282,0
19.1444,2.99499,0
17.3649,4.41658,0
19.3192,3.25639,0
19.2741,3.25165,0
19.2979,3.24076,0
17.4987,4.35779,0
19.1491,2.95969,0
17.3937,4.42137,0
19.2098,3.0928,0
19.1874,3.02929,0
17.4209,4.43702,0
19.3125,3.28129,0
17.2826,4.45747,0
17.5191,4.33555,0
19.1882,3.08954,0
19.1181,2.92338,0
17.3479,4.44774,0
19.2891,3.27361,0
17.4518,4.39655,0
19.1311,2.93457,0
19.1357,2.93189,0
19.2334,3.24344,0
17.4505,4.40692,0
17.2764,4.51141,0
19.2665,3.26985,0
17.4266,4.37828,0
17.5289,4.34789,0
17.3655,4.4171,0
17.4153,4.41149,0
17.5362,4.33457,0
17.3394,4.46168,0
19.1862,3.08722,0
19.2845,3.19558,0
17.6278,4.3008,0
17.4742,4.40096,0
19.2697,3.28905,0
17.6665,4.27434,0
17.3378,4.46495,0
19.2677,3.18728,0
19.1876,3.0914,0
19.2465,3.25553,0
19.2824,3.19528,0
17.209,4.51354,0
17.3411,4.44653,0
19.2954,3.22869,0
19.3321,3.28605,0
19.2648,3.14497,0
17.2372,4.48462,0
19.2788,3.20122,0
19.3056,3.26625,0
17.3013,4.49633,0
17.3446,4.42688,0
17.4242,4.38892,0
19.1479,2.97997,0
17.2709,4.52445,0
19.2872,3.19551,0
17.3766,4.42844,0
19.222,3.10063,0
17.4368,4.40123,0
17.4842,4.3976,0
17.3767,4.40592,0
17.4217,4.42623,0
19.2038,3.05877,0
19.192,3.08397,0
17.2593,4.51552,0
17.31,4.44436,0
19.3284,3.26544,0
19.2068,3.10489,0
17.208,4.53516,0
19.2376,3.17072,0
17.2325,4.51149,0
17.4489,4.41926,0
17.267,4.50439,0
19.2653,3.25996,0
19.2963,3.29489,0
17.5667,4.34295,0
17.4643,4.39281,0
17.4483,4.41249,0
17.2008,4.55813,0
17.5385,4.33369,0
17.2859,4.46194,0
17.3504,4.44565,0
19.3081,3.28813,0
17.5452,4.3528,0
17.272,4.46256,0
17.6296,4.28781,0
19.3173,3.26463,0
19.2897,3.26328,0
19.1142,2.93751,0
19.2879,3.30362,0
19.3222,3.24236,0
19.2513,3.27348,0
19.2852,3.26219,0
17.5499,4.30945,0
17.5892,4.28567,0
19.3236,3.26086,0
17.2778,4.47605,0
19.264,3.29147,0
19.1278,2.93276,0
19.3132,3.2887,0
17.4153,4.41955,0
19.2726,3.16157,0
17.6108,4.30734,0
19.0053,3.62369,0
16.9135,4.53591,0
16.9369,4.50836,0
19.1699,3.53863,0
16.9389,4.50635,0
19.1496,3.54901,0
19.117,3.57699,0
16.9337,4.49034,0
19.0363,3.58691,0
16.9326,4.49833,0
19.1535,3.54271,0
16.9279,4.49585,0
16.9535,4.50039,0
16.924,4.502,0
19.1183,3.58208,0
19.0669,3.5876,0
19.1566,3.54938,0
19.0037,3.60994,0
19.152,3.56848,0
19.1183,3.57369,0
16.9429,4.51085,0
16.9295,4.50344,0
19.0862,3.55519,0
19.0849,3.56397,0
19.0804,3.60209,0
19.1577,3.5221,0
19.1594,3.53812,0
19.0847,3.53336,0
16.9135,4.50998,0
19.0467,3.58534,0
19.0595,3.63279,0
16.845,4.48618,0
16.8222,4.53562,0
19.1194,3.63972,0
19.0957,3.63192,0
19.0752,3.63794,0
19.1048,3.62433,0
16.8256,4.46042,0
19.0447,3.64541,0
18.9266,3.71547,0
16.8023,4.50779,0
19.1082,3.61089,0
18.9368,3.71437,0
16.7969,4.50283,0
16.8073,4.49522,0
16.8154,4.53834,0
16.8176,4.512,0
16.8191,4.48563,0
16.6929,4.4866,0
19.0344,3.74398,0
18.5847,3.87279,0
16.7111,4.49702,0
18.7704,3.82294,0
18.6219,3.8692,0
18.8678,3.79472,0
18.6647,3.84976,0
16.6935,4.48396,0
16.7626,4.4836,0
16.7455,4.49594,0
18.4791,3.92926,0
19.0464,3.67818,0
16.6949,4.47048,0
16.748,4.47727,0
18.6148,3.88425,0
18.5388,3.89946,0
18.5321,3.91396,0
18.9148,3.78067,0
19.0234,3.70382,0
18.9947,3.75076,0
16.7381,4.48861,0
18.8256,3.80349,0
19.0315,3.68355,0
18.9908,3.73696,0
18.5349,3.88271,0
18.9438,3.76159,0
18.9465,3.71282,0
19.0572,3.70427,0
19.0341,3.70862,0
18.9261,3.72173,0
18.4951,3.92124,0
18.9578,3.71698,0
16.7404,4.46564,0
16.7141,4.51248,0
18.5095,3.90466,0
19.013,3.69052,0
18.5504,3.9061,0
16.7154,4.51995,0
18.5341,3.90642,0
18.9205,3.77797,0
16.72,4.47957,0
18.794,3.81588,0
18.9301,3.75275,0
16.7517,4.46693,0
16.7373,4.48007,0
18.5494,3.90763,0
18.9239,3.74735,0
18.6536,3.86065,0
16.7066,4.51253,0
19.0065,3.71205,0
18.9436,3.77622,0
18.8315,3.81355,0
19.0406,3.68436,0
18.9306,3.7527,0
18.9773,3.71585,0
18.9686,3.72463,0
18.943,3.75721,0
19.0627,3.7346,0
18.6931,3.85536,0
19.0177,3.70277,0
18.5129,3.9106,0
16.7702,4.4875,0
18.8955,3.78943,0
19.0574,3.7025,0
18.8887,3.79332,0
16.74,4.50186,0
18.993,3.72314,0
18.9735,3.72569,0
18.7663,3.87724,0
18.699,3.87945,0
18.6581,3.89611,0
16.5869,4.45399,0
18.8184,3.83433,0
16.575,4.4546,0
16.5538,4.44833,0
18.5133,3.96255,0
16.5942,4.43862,0
18.6495,3.89701,0
18.6136,3.93802,0
18.7758,3.89956,0
18.4877,3.98544,0
18.5018,3.96551,0
18.6197,3.94644,0
16.5717,4.47109,0
18.6412,3.93507,0
18.9446,3.8616,0
18.4931,3.9815,0
16.5879,4.49455,0
18.7417,3.90727,0
18.966,3.82929,0
18.9501,3.84062,0
18.8202,3.87614,0
18.9114,3.81607,0
18.7111,3.91549,0
18.945,3.83471,0
18.5716,3.94282,0
18.84,3.86567,0
16.6373,4.4388,0
18.8001,3.88407,0
18.8312,3.86673,0
18.6038,3.92281,0
18.7812,3.86732,0
18.7898,3.83525,0
16.614,4.42345,0
18.9022,3.81091,0
16.5704,4.42489,0
18.5682,3.91819,0
16.643,4.46414,0
18.9107,3.84234,0
18.6085,3.8999,0
16.5771,4.4556,0
16.6395,4.46384,0
18.751,3.86791,0
18.8183,3.89597,0
18.7311,3.92019,0
18.6722,3.90387,0
18.7401,3.85861,0
18.8688,3.83428,0
18.8967,3.81771,0
18.6813,3.86696,0
18.9587,3.80636,0
18.797,3.85481,0
18.6016,3.91121,0
18.8543,3.81954,0
16.5571,4.44943,0
16.5894,4.42111,0
18.606,3.92537,0
18.8894,3.82415,0
16.635,4.46319,0
16.5801,4.48347,0
18.6776,3.92513,0
18.5296,3.96862,0
16.594,4.41408,0
18.8579,3.81423,0
18.6519,3.89111,0
18.6151,3.90431,0
18.5448,3.92269,0
18.9698,3.85129,0
18.9641,3.81525,0
18.8197,3.84923,0
16.6387,4.43528,0
18.7577,3.91386,0
18.5045,3.98334,0
18.6989,3.88196,0
18.8224,3.87667,0
18.917,3.84282,0
18.8567,3.83959,0
18.5857,3.90711,0
16.9136,4.56744,0
16.9045,4.57134,0
19.1327,3.58069,0
16.9527,4.54833,0
16.9226,4.56313,0
19.157,3.6225,0
16.8939,4.54224,0
16.9245,4.55467,0
19.1629,3.57826,0
16.947,4.55224,0
19.1591,3.58973,0
19.1348,3.59178,0
16.9168,4.56785,0
16.8865,4.53335,0
19.1586,3.60684,0
16.645,4.51295,0
16.6473,4.48367,0
18.9793,3.80737,0
19.0365,3.79839,0
19.0452,3.8146,0
18.9992,3.81857,0
16.682,4.50027,0
19.025,3.76517,0
19.0246,3.78223,0
16.6535,4.49329,0
16.6889,4.4986,0
18.9708,3.81874,0
16.6617,4.50325,0
16.6575,4.49516,0
16.7932,4.56335,0
19.0369,3.76598,0
19.0597,3.75013,0
16.854,4.55016,0
19.1285,3.70763,0
19.0728,3.75086,0
19.0846,3.65804,0
19.0964,3.70934,0
16.8577,4.5575,0
16.7731,4.53771,0
16.7874,4.52281,0
16.7766,4.54165,0
16.7997,4.55661,0
16.7939,4.55043,0
16.7911,4.54511,0
16.7853,4.55466,0
19.0892,3.7194,0
16.8724,4.55392,0
19.0569,3.68876,0
19.0735,3.6899,0
19.0471,3.76034,0
19.1168,3.70662,0
19.0589,3.68843,0
19.0565,3.68965,0
19.1063,3.71926,0
16.7946,4.56135,0
18.4898,4.02044,0
18.9172,3.91477,0
18.5922,3.99796,0
18.738,3.96216,0
16.5467,4.51221,0
16.55,4.48173,0
18.7044,3.97819,0
18.3749,4.03451,0
18.6752,3.96059,0
18.7202,3.92916,0
16.5302,4.43981,0
18.6645,4.00215,0
16.6188,4.49162,0
18.4536,4.05153,0
18.7232,3.96323,0
18.7481,3.93796,0
16.5499,4.4839,0
18.5796,3.96409,0
18.6205,3.96763,0
18.9498,3.91943,0
18.598,3.99858,0
18.8841,3.92969,0
18.5497,4.03174,0
18.9165,3.92166,0
18.8265,3.92796,0
18.5446,3.98736,0
18.6401,3.9874,0
18.6088,3.99924,0
18.9351,3.8972,0
18.7639,3.92968,0
18.6133,4.01206,0
18.6756,3.95281,0
18.8792,3.90593,0
18.5809,3.98649,0
18.8963,3.91456,0
16.5738,4.50503,0
17.8836,4.1913,0
18.5059,4.00233,0
18.5787,3.97358,0
18.5586,3.97846,0
18.6326,3.95515,0
18.7303,3.9332,0
18.5103,4.02797,0
18.3829,4.0478,0
18.805,3.92365,0
18.8457,3.91013,0
18.4856,4.02138,0
18.8225,3.93188,0
18.4255,4.03672,0
18.9159,3.88177,0
18.5012,4.03088,0
18.8605,3.955,0
17.8578,4.19584,0
18.6724,3.9432,0
18.8269,3.94427,0
18.7478,3.95817,0
18.9152,3.91807,0
18.4796,4.01778,0
18.8363,3.95789,0
18.4814,4.03482,0
16.5562,4.50448,0
18.6266,3.95247,0
18.3716,4.05229,0
16.5266,4.44786,0
18.8161,3.91833,0
18.9066,3.94356,0
18.6632,3.96237,0
18.6563,3.99193,0
18.6525,4.00423,0
18.8654,3.92013,0
18.4544,4.05322,0
18.8521,3.90407,0
17.7392,4.31433,0
17.5015,4.43712,0
17.6982,4.28714,0
17.5844,4.42809,0
17.6475,4.32021,0
17.4943,4.45913,0
19.2456,3.43384,0
19.372,3.30707,0
17.3604,4.48555,0
17.7793,4.3072,0
17.3761,4.50113,0
17.7066,4.33948,0
17.4701,4.41233,0
17.7973,4.30899,0
17.5428,4.43299,0
17.2858,4.55593,0
19.1552,2.95746,0
17.617,4.40903,0
19.2396,3.38975,0
19.3301,3.32183,0
17.4855,4.46199,0
17.495,4.40643,0
17.4016,4.52763,0
17.4956,4.46745,0
17.298,4.52788,0
17.2656,4.60654,0
19.1689,2.98398,0
17.6513,4.38539,0
17.3916,4.46176,0
19.3204,3.37681,0
17.8114,4.24754,0
17.8948,4.23256,0
19.1429,2.93536,0
17.7179,4.29827,0
17.5745,4.39751,0
19.3246,3.33741,0
17.4065,4.496,0
17.824,4.25538,0
17.4895,4.42443,0
17.7425,4.29558,0
17.8428,4.26399,0
17.8561,4.23088,0
17.765,4.25359,0
17.2598,4.57039,0
19.316,3.22605,0
17.2658,4.54013,0
17.8778,4.25295,0
17.7448,4.31595,0
17.2519,4.60359,0
17.8514,4.22721,0
17.6209,4.40035,0
17.7847,4.26361,0
17.356,4.56106,0
17.7086,4.33849,0
17.3017,4.56268,0
17.657,4.33902,0
17.3308,4.52497,0
17.2493,4.56955,0
17.5198,4.39067,0
17.7004,4.31967,0
19.3545,3.36359,0
17.5819,4.36158,0
17.6848,4.34417,0
17.3579,4.50609,0
17.7919,4.31263,0
17.6117,4.41916,0
17.5756,4.37556,0
17.3092,4.56328,0
17.8176,4.28861,0
17.5422,4.37522,0
17.6294,4.3304,0
17.5345,4.37635,0
17.6612,4.31998,0
17.5388,4.45643,0
19.2331,3.07984,0
19.3599,3.36627,0
17.763,4.31125,0
19.3756,3.3429,0
19.2416,3.38755,0
19.2378,3.08415,0
17.3581,4.47859,0
19.3036,3.34056,0
19.2875,3.38241,0
19.3201,3.32363,0
19.3924,3.34542,0
17.4333,4.48192,0
17.4115,4.49919,0
17.4654,4.43169,0
17.6752,4.37097,0
17.8102,4.28765,0
17.6386,4.36972,0
19.2889,3.41118,0
17.372,4.47892,0
17.4713,4.48914,0
19.3084,3.39502,0
17.6336,4.39244,0
19.2827,3.37814,0
17.4038,4.53859,0
19.2435,3.41823,0
17.2264,4.57036,0
17.3091,4.53873,0
17.4422,4.51648,0
17.4021,4.51627,0
19.3566,3.36946,0
17.8565,4.25844,0
17.2982,4.60514,0
17.4151,4.48187,0
17.2724,4.53442,0
17.7959,4.27976,0
19.2882,3.40239,0
17.839,4.21962,0
17.6244,4.38493,0
17.5805,4.37848,0
17.5644,4.36137,0
17.8765,4.26086,0
19.3058,3.39655,0
17.549,4.45073,0
17.875,4.23102,0
17.8718,4.20505,0
17.3303,4.55958,0
17.8401,4.22333,0
17.3732,4.53603,0
17.8678,4.24858,0
17.6172,4.39257,0
19.3134,3.31353,0
17.9312,4.20969,0
17.6755,4.32567,0
17.2887,4.60368,0
17.2694,4.55062,0
17.5263,4.41771,0
17.3873,4.48411,0
19.3477,3.2999,0
17.4123,4.46392,0
17.8138,4.28956,0
17.5737,4.39205,0
17.6656,4.3311,0
17.5331,4.43673,0
19.3576,3.34756,0
19.3268,3.37364,0
19.2337,3.38616,0
19.1299,2.91156,0
17.8606,4.22349,0
17.4074,4.49158,0
19.3022,3.32867,0
19.2878,3.34814,0
17.4604,4.51199,0
19.2619,3.13641,0
17.7833,4.29024,0
17.6018,4.3523,0
17.3973,4.49343,0
17.7941,4.30678,0
17.486,4.41852,0
17.3215,4.50216,0
19.1902,3.01423,0
19.2735,3.37748,0
17.5406,4.41683,0
17.3314,4.57747,0
19.277,3.40846,0
17.4805,4.44258,0
17.4847,4.40131,0
17.6888,4.28736,0
17.3337,4.49863,0
17.2594,4.60454,0
17.8783,4.25325,0
17.3985,4.53048,0
16.3193,4.2787,0
16.4141,4.37895,0
16.427,4.39621,0
18.4674,4.1141,0
18.6806,4.08071,0
16.3496,4.35657,0
16.2997,4.3883,0
16.3895,4.32036,0
16.3768,4.39106,0
18.3895,4.08502,0
18.4338,4.07021,0
18.5333,4.10174,0
18.4211,4.12549,0
18.2851,4.16045,0
18.4542,4.11447,0
18.0617,4.2061,0
16.3966,4.32841,0
18.5452,4.0509,0
18.6799,4.06782,0
18.5659,4.03307,0
18.7809,4.11422,0
18.2495,4.16434,0
18.558,4.08715,0
18.645,4.07538,0
16.3881,4.30493,0
18.3921,4.14168,0
16.3733,4.27421,0
17.9669,4.21599,0
18.4426,4.08778,0
18.5085,4.14951,0
18.3457,4.13283,0
18.364,4.16167,0
18.2431,4.15985,0
18.6908,4.12213,0
18.6535,4.067,0
18.4935,4.07919,0
18.6836,4.01118,0
16.391,4.28248,0
16.4275,4.40339,0
18.438,4.11108,0
18.6171,4.04278,0
18.7344,4.02225,0
18.5606,4.07265,0
16.3259,4.38423,0
18.6904,4.02261,0
18.768,4.01408,0
17.9751,4.22055,0
16.4805,4.39965,0
16.3615,4.36067,0
18.7686,4.11939,0
16.3368,4.41378,0
16.3118,4.42024,0
18.6379,4.04353,0
18.3909,4.10262,0
18.6321,4.12906,0
18.525,4.08858,0
16.3612,4.31018,0
16.3753,4.37964,0
18.4012,4.13227,0
18.3236,4.12124,0
18.6724,4.11842,0
16.3594,4.38497,0
18.0343,4.20962,0
18.6842,4.0304,0
16.3817,4.34069,0
18.2521,4.17096,0
18.7734,4.10925,0
18.4562,4.1436,0
16.3679,4.30245,0
18.4415,4.12848,0
18.7172,4.10508,0
18.7391,4.04,0
18.6715,4.12988,0
18.4305,4.11953,0
18.7274,4.02118,0
18.4391,4.114,0
18.2654,4.18193,0
18.7621,4.02811,0
18.4059,4.10387,0
18.5128,4.14879,0
16.3802,4.29508,0
18.7304,4.11286,0
18.3659,4.12041,0
18.5683,4.10208,0
18.5846,4.04078,0
18.7208,4.05971,0
18.4355,4.06604,0
16.3806,4.42124,0
16.368,4.32464,0
16.4024,4.37233,0
16.4648,4.38367,0
17.9632,4.21457,0
16.3577,4.37003,0
18.622,4.13107,0
18.4973,4.12401,0
18.7344,4.02589,0
18.6571,4.08837,0
18.507,4.04977,0
18.3541,4.14915,0
17.9751,4.21006,0
16.4192,4.41539,0
18.7337,4.0447,0
18.6213,4.10577,0
17.9724,4.21906,0
18.3468,4.12276,0
18.3219,4.1519,0
18.4926,4.06153,0
16.3829,4.2756,0
16.3658,4.3136,0
18.7736,4.07188,0
16.3358,4.38614,0
18.6298,4.12912,0
16.4489,4.34727,0
18.7008,4.0394,0
18.6556,4.05592,0
16.4291,4.41051,0
16.3573,4.40366,0
16.301,4.31882,0
18.2439,4.14782,0
18.6603,4.01493,0
18.375,4.14016,0
18.7555,4.10187,0
18.6842,4.11192,0
18.6235,4.07078,0
18.7015,4.04095,0
18.2606,4.16001,0
18.6866,4.04871,0
16.3738,4.36437,0
18.7337,3.99635,0
18.7312,4.06574,0
18.4557,4.14149,0
18.3016,4.15751,0
18.4583,4.15885,0
18.4349,4.06932,0
18.6391,4.11766,0
18.3053,4.11647,0
18.5648,4.14038,0
16.2932,4.31699,0
16.3284,4.37613,0
16.4814,4.38089,0
18.5977,4.09162,0
18.5608,4.08755,0
18.3424,4.154,0
16.4085,4.3701,0
16.4209,4.38175,0
18.4156,4.13459,0
18.6084,4.02634,0
18.4062,4.16881,0
16.3832,4.32875,0
18.5726,4.08754,0
16.3564,4.27658,0
18.669,4.12683,0
18.7754,4.07532,0
18.2703,4.17204,0
16.3789,4.42247,0
18.5014,4.07799,0
18.6931,4.0844,0
16.3723,4.31008,0
18.6578,4.07353,0
18.4459,4.08749,0
18.7143,4.0462,0
17.9877,4.21534,0
18.074,4.20831,0
18.0448,4.20316,0
18.6358,4.08712,0
18.687,4.07786,0
16.342,4.37876,0
18.6294,4.11148,0
18.2438,4.18662,0
18.7351,4.14225,0
18.5146,4.1587,0
18.3137,4.18512,0
16.2813,4.29789,0
18.017,4.22368,0
18.5676,4.14885,0
18.035,4.21862,0
18.2992,4.18289,0
18.3222,4.18949,0
18.0663,4.21883,0
18.5491,4.16301,0
18.4732,4.16085,0
18.5159,4.17057,0
18.1117,4.21776,0
18.7369,4.13905,0
18.0738,4.21788,0
18.035,4.22501,0
18.3362,4.18955,0
18.2768,4.18599,0
18.686,4.14578,0
19.0226,3.85738,0
19.0299,3.82659,0
19.0484,3.8408,0
19.0265,3.82391,0
18.9658,3.86769,0
19.0499,3.82255,0
19.086,3.81735,0
19.0126,3.84542,0
19.0308,3.82728,0
19.0812,3.84634,0
19.0466,3.85665,0
19.0552,3.80629,0
16.7665,4.53635,0
16.7667,4.56386,0
16.7627,4.55765,0
19.0734,3.77656,0
16.4571,4.42106,0
18.8127,3.97582,0
18.83,4.00621,0
18.8518,3.99005,0
18.8741,3.96677,0
18.8415,4.01183,0
16.5096,4.41219,0
16.4601,4.46135,0
18.8609,4.01459,0
16.506,4.49939,0
16.481,4.43672,0
18.7967,4.00658,0
16.4604,4.45075,0
18.8109,4.01028,0
16.5051,4.42815,0
18.7773,4.05391,0
18.8904,4.02396,0
18.8255,4.03591,0
18.8174,3.9996,0
16.4754,4.41331,0
18.795,4.06195,0
16.4773,4.43049,0
16.4681,4.4138,0
18.8885,4.03622,0
18.8596,3.98358,0
18.8883,4.02513,0
16.5122,4.46512,0
18.8708,4.03092,0
18.8134,4.06628,0
18.795,4.02651,0
18.7897,3.98359,0
18.8538,4.02674,0
18.8706,4.04214,0
16.4997,4.49269,0
18.8833,4.0318,0
18.8288,4.0545,0
16.4661,4.50935,0
16.4846,4.42247,0
18.8436,3.98001,0
18.8148,4.0239,0
18.8561,3.97369,0
18.8729,4.0364,0
18.8619,4.03477,0
18.7858,4.004,0
16.6212,4.50987,0
18.9333,3.98563,0
18.9736,3.96951,0
18.9853,3.96569,0
18.9254,3.99743,0
16.6355,4.49404,0
16.6391,4.52701,0
18.9917,3.97502,0
18.9115,3.97013,0
18.9477,3.95339,0
16.6158,4.52238,0
18.9467,3.97479,0
16.5873,4.53282,0
18.9849,3.97588,0
16.6355,4.49915,0
18.9682,3.91702,0
18.9364,3.97282,0
18.9774,3.95827,0
19.3426,3.00741,0
17.7002,4.36922,0
17.7236,4.56451,0
19.3086,2.90087,0
19.3362,3.09255,0
19.3923,3.16291,0
19.5005,3.13906,0
17.7754,4.51827,0
17.8404,4.38678,0
19.4816,3.12023,0
19.3271,3.20825,0
19.3733,2.89717,0
19.5125,2.97915,0
19.2944,2.777,0
17.9982,4.27297,0
19.3273,2.96702,0
17.6659,4.54437,0
17.6778,4.61035,0
19.3176,3.06293,0
17.7021,4.52225,0
19.392,2.8266,0
17.7467,4.60187,0
18,4.35607,0
19.1701,2.90716,0
19.4391,3.12556,0
18.0781,4.30106,0
19.2463,2.89893,0
17.9189,4.30669,0
17.6219,4.41628,0
19.2353,2.87109,0
17.8367,4.47251,0
19.1627,2.94683,0
19.2607,2.97091,0
19.4395,3.14383,0
17.7722,4.36923,0
19.4675,2.93521,0
19.2289,2.97663,0
17.5814,4.47471,0
17.6813,4.49278,0
19.2636,2.77303,0
18.0844,4.28307,0
17.8079,4.5019,0
19.4176,3.21011,0
17.9225,4.39868,0
18.1288,4.26452,0
19.3742,3.23706,0
17.7038,4.60333,0
19.4821,3.00422,0
19.452,2.93852,0
19.3307,3.03606,0
17.9168,4.41648,0
19.3062,3.03545,0
19.343,2.79141,0
19.3362,2.97436,0
19.3571,3.00525,0
19.2182,2.83141,0
18.0159,4.2312,0
19.4425,3.08984,0
18.0294,4.2363,0
19.3815,2.91696,0
19.4723,2.9995,0
19.358,3.07469,0
17.8574,4.46341,0
19.2058,3.02022,0
19.2538,3.10843,0
19.286,3.08045,0
19.3588,3.05921,0
17.7987,4.39874,0
17.5911,4.46238,0
19.3424,2.82993,0
18.0421,4.24628,0
19.5369,3.02313,0
19.2098,2.94621,0
19.2638,3.00333,0
19.2433,2.99482,0
18.0233,4.29327,0
18.0977,4.24655,0
19.3297,2.97679,0
18.0912,4.30975,0
19.3491,3.18581,0
19.3369,2.98865,0
19.3598,3.00717,0
19.2551,3.02908,0
19.1451,2.92579,0
17.6046,4.57489,0
19.2969,2.76909,0
19.2792,3.08173,0
19.3832,3.02395,0
17.6964,4.46391,0
17.5749,4.48717,0
19.4106,3.10162,0
19.3509,2.96298,0
17.699,4.58219,0
19.4655,3.042,0
17.6756,4.49437,0
18.0212,4.27115,0
19.5614,3.05249,0
17.8335,4.42139,0
18.0262,4.26982,0
19.4423,3.17676,0
19.2442,3.03231,0
17.6425,4.48778,0
17.7084,4.52729,0
19.2854,2.92232,0
17.547,4.4753,0
17.7879,4.43674,0
17.7807,4.52526,0
17.6276,4.48749,0
18.0359,4.33154,0
17.7524,4.57075,0
18.1404,4.26355,0
17.8386,4.43315,0
19.3199,2.7609,0
17.5772,4.46078,0
17.6654,4.4493,0
19.4809,3.04766,0
17.6156,4.53683,0
19.3331,2.96176,0
17.9134,4.33214,0
17.902,4.39025,0
19.3914,2.91419,0
17.6929,4.42233,0
18.1499,4.21604,0
17.8043,4.42142,0
19.4782,2.93118,0
19.3589,2.78374,0
19.3666,2.86787,0
19.4736,3.00762,0
19.392,3.12917,0
19.2162,2.91234,0
19.4958,2.99228,0
19.3354,3.13574,0
17.5763,4.48333,0
19.2541,2.87588,0
19.4974,3.11478,0
19.3832,3.00165,0
17.5606,4.50439,0
17.7694,4.57323,0
17.8397,4.39232,0
18.0336,4.34977,0
19.3566,2.97376,0
17.9526,4.42759,0
19.4732,2.91901,0
17.559,4.49537,0
17.6622,4.40614,0
17.6941,4.59832,0
17.6549,4.48418,0
19.3617,3.14778,0
19.4586,3.04009,0
17.7718,4.33597,0
19.1937,2.96133,0
17.6638,4.48513,0
19.2445,2.85785,0
19.3629,2.82478,0
17.7389,4.39691,0
17.9765,4.26672,0
19.2054,2.88526,0
19.1887,2.63165,0
19.4,3.22286,0
19.2904,3.05279,0
17.7702,4.48935,0
19.2103,2.95584,0
17.9653,4.23517,0
19.4756,2.94468,0
19.2925,2.94634,0
19.3519,2.91106,0
17.7114,4.54795,0
17.7174,4.45398,0
18.1628,4.22795,0
17.709,4.51047,0
17.769,4.37912,0
17.6347,4.57599,0
19.5406,3.05176,0
19.1819,2.91145,0
17.9655,4.3745,0
19.18,2.92381,0
19.1831,2.95687,0
18.1314,4.25321,0
17.9558,4.3178,0
19.2189,2.61987,0
19.2596,2.81166,0
19.2468,3.05717,0
17.7572,4.45744,0
18.1226,4.28192,0
19.2347,2.99508,0
17.9532,4.25075,0
19.3052,2.94613,0
17.7877,4.56181,0
17.9055,4.29455,0
19.365,3.1336,0
17.6662,4.64707,0
17.6706,4.43756,0
17.5943,4.5374,0
19.4894,3.05659,0
17.9581,4.31486,0
19.3538,3.17767,0
19.3258,2.95606,0
19.1976,2.83462,0
18.0627,4.25465,0
19.2225,2.79809,0
19.3082,2.76586,0
19.3903,2.88454,0
19.3241,2.89973,0
19.5035,2.96299,0
17.6172,4.54797,0
17.9031,4.38351,0
19.3752,2.87113,0
19.1861,2.88975,0
19.4248,3.20635,0
19.2419,2.85602,0
19.2549,3.03817,0
19.201,2.9291,0
17.9139,4.24312,0
17.7034,4.59781,0
19.3283,2.79006,0
19.254,2.82972,0
17.7027,4.40488,0
19.2971,2.71732,0
17.72,4.54223,0
19.3042,3.01545,0
19.2619,3.08802,0
19.348,2.88971,0
19.2869,2.74037,0
19.2684,2.90257,0
17.7609,4.42228,0
17.9655,4.30497,0
19.321,2.9289,0
17.7825,4.50896,0
19.264,2.7939,0
19.4255,2.94594,0
19.4703,3.07404,0
19.3727,2.82859,0
19.2463,2.65947,0
18.2058,4.22115,0
19.1718,2.8994,0
19.2633,2.82554,0
17.6815,4.44406,0
19.2518,2.85654,0
19.245,3.02697,0
18.0512,4.26819,0
17.7722,4.50357,0
17.6626,4.45612,0
19.3273,3.06232,0
18.0592,4.31188,0
19.2394,2.95127,0
19.3041,2.9807,0
19.4278,3.10707,0
19.3978,2.83778,0
19.5158,3.12405,0
17.6968,4.64534,0
17.7553,4.35271,0
17.8321,4.39428,0
17.5446,4.50068,0
17.5662,4.45802,0
17.7674,4.54329,0
17.8796,4.44831,0
19.1765,2.60632,0
19.4118,2.85789,0
19.3725,2.99187,0
19.207,2.84316,0
19.2304,2.88362,0
17.7933,4.54963,0
17.6903,4.50089,0
17.7782,4.45776,0
17.9843,4.27108,0
19.2145,2.94402,0
19.3155,3.17415,0
19.5128,3.10745,0
17.5747,4.45183,0
19.3374,3.19587,0
19.4788,3.09465,0
17.6092,4.44365,0
19.4462,3.03524,0
19.3429,3.02269,0
19.5532,3.04898,0
17.6057,4.50987,0
17.6672,4.4542,0
19.3322,3.22981,0
19.2968,2.88722,0
19.5392,3.05934,0
17.713,4.57709,0
19.1971,2.86914,0
19.3882,2.91816,0
19.1695,2.95196,0
19.429,3.08905,0
19.3624,2.85559,0
17.6492,4.60763,0
19.2931,3.07616,0
19.3036,3.02324,0
17.7659,4.48903,0
19.1928,2.9323,0
19.4134,2.95294,0
17.6279,4.52662,0
19.4938,3.06716,0
19.3629,2.82306,0
17.9857,4.28788,0
19.2636,3.10113,0
17.9137,4.4376,0
19.2751,2.76057,0
18.005,4.27702,0
19.2104,2.64977,0
19.427,3.12021,0
19.3003,3.08492,0
19.3254,3.0209,0
19.4005,3.14875,0
19.1598,2.8685,0
19.262,2.74437,0
19.242,2.804,0
17.7035,4.52962,0
17.7566,4.52442,0
17.6043,4.42895,0
19.361,2.93684,0
19.4252,3.04155,0
17.9079,4.33115,0
19.3052,3.03244,0
19.3579,3.01051,0
17.6633,4.49927,0
17.9401,4.40647,0
17.7939,4.32648,0
17.8443,4.50207,0
19.2901,3.05103,0
19.2978,2.91014,0
18.0452,4.27361,0
19.2978,2.80249,0
19.4967,2.98822,0
19.5006,3.03972,0
19.4257,3.09702,0
19.1838,2.59331,0
19.3438,2.94351,0
19.3265,2.85462,0
17.8389,4.48537,0
17.7505,4.43509,0
19.2265,2.64134,0
19.3791,3.18373,0
18.0348,4.28989,0
19.3543,2.86319,0
17.8642,4.31874,0
19.4141,3.19479,0
18.0258,4.27633,0
19.3794,2.99445,0
17.6147,4.45596,0
19.3573,3.22675,0
17.6417,4.56542,0
17.8025,4.3633,0
19.2715,3.0965,0
19.5044,3.03074,0
19.4465,3.16649,0
19.3325,2.78063,0
17.6127,4.43012,0
19.5594,3.07732,0
17.9769,4.26811,0
17.76,4.41474,0
19.2165,2.94352,0
19.2736,2.97294,0
19.2353,2.86141,0
19.387,2.99237,0
19.3935,3.04359,0
17.7654,4.49379,0
19.4184,3.13644,0
19.1915,2.63912,0
19.3685,2.83034,0
19.4072,2.95354,0
19.3229,2.83433,0
18.1672,4.23976,0
17.6284,4.52638,0
19.3997,2.96502,0
17.777,4.4986,0
17.7738,4.40097,0
19.3548,3.15712,0
17.9841,4.2993,0
19.2502,3.06906,0
19.4329,3.03641,0
19.37,3.21331,0
19.3349,2.90825,0
19.3548,3.18374,0
19.5157,2.97483,0
17.8028,4.54363,0
17.7267,4.52098,0
17.9656,4.29974,0
19.4908,3.08796,0
17.6686,4.43525,0
19.3161,2.86137,0
19.4537,3.1718,0
19.2272,3.00659,0
18.0852,4.31645,0
19.4456,3.11148,0
17.6276,4.59774,0
18.0794,4.24166,0
17.7027,4.4739,0
17.9629,4.27188,0
19.2548,2.74514,0
17.7882,4.5392,0
19.3953,3.07891,0
19.2894,2.84601,0
19.3157,3.18223,0
19.1479,2.92741,0
19.3824,3.10455,0
17.5805,4.45942,0
17.899,4.47246,0
17.8517,4.38928,0
17.886,4.38625,0
17.7148,4.61471,0
17.9741,4.39629,0
19.2323,2.83996,0
17.6141,4.51397,0
17.6971,4.44683,0
19.1669,2.87868,0
17.8215,4.32853,0
17.8863,4.43623,0
17.8904,4.416,0
19.2764,2.96562,0
18.0038,4.35208,0
19.5072,3.02312,0
17.9323,4.37689,0
17.8916,4.28526,0
18.1106,4.25348,0
19.3388,3.11877,0
19.2129,3.0355,0
18.1005,4.24413,0
17.6952,4.46767,0
19.1776,2.88297,0
17.6794,4.39733,0
17.7206,4.57278,0
19.3501,2.92954,0
17.6287,4.52842,0
17.6513,4.45004,0
19.4388,2.91826,0
17.8162,4.31061,0
17.9461,4.3331,0
19.2409,2.88691,0
18.1396,4.26408,0
17.5625,4.49623,0
19.3412,2.79192,0
19.3905,2.89291,0
17.5638,4.52872,0
17.5887,4.49307,0
19.277,2.68192,0
19.209,2.94007,0
17.7458,4.58002,0
19.2607,2.94726,0
19.4249,3.09725,0
19.3612,3.06207,0
17.7179,4.56542,0
17.7848,4.53728,0
17.6275,4.53654,0
19.3778,3.07066,0
19.2462,2.92996,0
17.6085,4.42887,0
17.7329,4.58242,0
17.9947,4.23878,0
17.6618,4.43185,0
18.062,4.33538,0
17.8304,4.42284,0
19.4151,3.20252,0
19.218,2.96145,0
19.4821,3.123,0
18.1138,4.26382,0
18.0152,4.235,0
17.724,4.59326,0
18.0175,4.34682,0
19.4017,3.22167,0
19.4561,3.0757,0
19.3583,2.92379,0
19.1958,2.87979,0
19.4075,2.84638,0
17.9559,4.39693,0
19.273,2.87829,0
17.9175,4.42049,0
19.3728,3.1377,0
17.7886,4.32007,0
19.27,2.87036,0
19.4364,2.88644,0
17.9167,4.3727,0
19.2349,2.65504,0
19.3958,3.19657,0
18.0555,4.22921,0
19.1417,2.90229,0
19.3972,3.22241,0
17.7562,4.43801,0
19.1981,2.62102,0
19.2531,2.81093,0
19.3769,2.92167,0
17.6441,4.52124,0
19.205,3.01634,0
17.7829,4.56124,0
18.0851,4.25406,0
19.3,2.97976,0
19.3319,2.84608,0
19.2752,2.68296,0
19.2225,2.85331,0
17.8516,4.51131,0
19.4121,3.18948,0
18.0656,4.24932,0
19.3271,2.77056,0
17.9785,4.24744,0
19.5103,3.08215,0
17.9701,4.3202,0
19.2538,3.43612,0
19.3885,3.48424,0
19.1861,3.56494,0
19.205,3.50638,0
19.3014,3.45595,0
19.3961,3.41157,0
17.3833,4.61229,0
19.343,3.51865,0
19.4156,3.45574,0
17.4795,4.52622,0
19.3916,3.41191,0
19.384,3.47464,0
19.3337,3.40924,0
19.3659,3.44176,0
19.2884,3.51633,0
19.3572,3.3842,0
17.3976,4.55254,0
19.2314,3.50299,0
17.2146,4.60456,0
19.2436,3.55219,0
19.353,3.44837,0
17.5243,4.497,0
17.3769,4.5986,0
19.2561,3.44362,0
19.2463,3.49438,0
17.2643,4.64616,0
17.3086,4.60811,0
17.2777,4.65589,0
17.3793,4.589,0
19.3529,3.39191,0
19.2879,3.45571,0
19.3874,3.44466,0
19.2935,3.4832,0
19.4015,3.47629,0
19.3404,3.45042,0
19.3456,3.46509,0
19.2886,3.5009,0
19.3457,3.49086,0
19.4097,3.47951,0
19.2107,3.50336,0
17.4212,4.55545,0
19.316,3.41416,0
19.3736,3.49735,0
17.4432,4.52352,0
19.2549,3.47971,0
17.5075,4.4973,0
19.2159,3.4811,0
19.2565,3.48421,0
19.3597,3.48109,0
19.378,3.45946,0
19.3877,3.38898,0
17.2575,4.67582,0
17.5257,4.50387,0
19.3829,3.48094,0
19.2845,3.47609,0
17.4526,4.53982,0
19.4139,3.45497,0
19.2841,3.47313,0
17.4364,4.56171,0
19.2555,3.54146,0
19.1838,3.56026,0
17.4415,4.56034,0
19.3657,3.39715,0
17.5154,4.53654,0
19.175,3.4942,0
19.2664,3.44361,0
19.3844,3.37251,0
19.3756,3.37003,0
19.3016,3.53346,0
17.5156,4.48704,0
19.3608,3.42317,0
19.3776,3.38134,0
19.4125,3.42618,0
19.3377,3.44822,0
19.2616,3.43222,0
17.4636,4.56618,0
17.3775,4.60393,0
17.1796,4.53576,0
19.3636,3.43842,0
17.4554,4.53967,0
19.2171,3.46837,0
19.3467,3.47731,0
17.4548,4.54751,0
17.3986,4.59641,0
19.3195,3.47863,0
17.4512,4.55448,0
17.1983,4.56707,0
19.2314,3.57215,0
19.2567,3.49326,0
17.3416,4.58958,0
19.2538,3.46525,0
17.4448,4.5582,0
17.2632,4.65178,0
17.1932,4.5545,0
19.2576,3.46362,0
17.2043,4.59458,0
17.1954,4.5856,0
19.2036,3.60184,0
17.2674,4.69129,0
17.4185,4.60574,0
17.339,4.65253,0
17.4991,4.55118,0
17.3768,4.63085,0
19.3844,3.50296,0
17.2524,4.68569,0
19.243,3.5813,0
17.2242,4.6304,0
19.1855,3.61561,0
17.3786,4.62219,0
19.3519,3.51802,0
17.5482,4.52678,0
17.0501,4.52607,0
19.1432,3.8112,0
17.0427,4.59321,0
16.9487,4.59186,0
19.16,3.72618,0
17.1219,4.55106,0
17.0703,4.55274,0
17.026,4.6112,0
17.0714,4.56298,0
19.1853,3.69378,0
17.0347,4.5998,0
19.1575,3.73202,0
19.1797,3.70173,0
17.0621,4.58495,0
17.0274,4.59047,0
17.0455,4.59868,0
16.9751,4.55011,0
19.158,3.67065,0
19.1709,3.8031,0
16.944,4.63935,0
19.201,3.7764,0
17.0702,4.5933,0
16.9519,4.60816,0
19.0941,3.80674,0
17.0331,4.58689,0
17.1218,4.57481,0
16.9441,4.58411,0
19.1535,3.64397,0
16.9189,4.64018,0
17.135,4.56944,0
16.907,4.611,0
16.91,4.6289,0
16.9875,4.61463,0
19.1164,3.79379,0
16.9234,4.58953,0
19.1685,3.77483,0
16.9661,4.56861,0
17.0479,4.52251,0
16.9136,4.65109,0
19.2012,3.70232,0
17.0519,4.52975,0
19.1236,3.81982,0
19.1701,3.65279,0
18.9896,3.87939,0
16.9497,4.60161,0
19.1565,3.75538,0
19.1662,3.73836,0
17.146,4.55627,0
19.1859,3.64659,0
19.142,3.76496,0
17.0709,4.54628,0
19.2063,3.80483,0
17.0526,4.54052,0
19.1551,3.68184,0
16.9746,4.62475,0
17.0487,4.59611,0
19.131,3.67146,0
17.013,4.60454,0
19.1828,3.79381,0
19.1693,3.65327,0
19.2314,3.7867,0
17.0173,4.58822,0
19.1559,3.80566,0
19.1671,3.81793,0
19.1854,3.68636,0
17.146,4.58479,0
16.9558,4.65125,0
16.9866,4.64209,0
17.1818,4.57188,0
19.2221,3.72055,0
16.9804,4.64401,0
19.1917,3.81326,0
16.9681,4.64618,0
16.9131,4.66818,0
16.923,4.66343,0
19.1092,3.84346,0
19.2471,3.78731,0
18.4888,4.20131,0
16.4945,4.52875,0
18.7999,4.15528,0
18.6987,4.16776,0
18.9365,4.10225,0
18.9358,4.13097,0
18.8391,4.08851,0
18.9239,4.04965,0
18.9267,4.11279,0
18.5007,4.18897,0
16.5328,4.5382,0
18.5454,4.19083,0
18.5998,4.19147,0
18.9204,4.03628,0
18.4968,4.19261,0
18.2045,4.23573,0
18.3449,4.20317,0
18.9124,4.08887,0
16.494,4.53832,0
18.2325,4.2437,0
18.8936,4.06192,0
18.8746,4.13596,0
18.2002,4.2405,0
18.8405,4.14756,0
18.4472,4.20599,0
18.543,4.19047,0
18.3103,4.19526,0
18.3687,4.18946,0
16.5236,4.5406,0
18.6509,4.17675,0
18.8883,4.06999,0
18.8016,4.09251,0
18.8267,4.10092,0
16.5289,4.50146,0
18.2207,4.22852,0
18.2603,4.23623,0
18.5651,4.18555,0
18.9233,4.03522,0
18.782,4.12522,0
18.9213,4.03582,0
18.4815,4.20396,0
18.2696,4.23612,0
16.5188,4.52201,0
18.2613,4.23628,0
18.9043,4.10572,0
18.8882,4.07572,0
18.2705,4.24739,0
18.246,4.24191,0
18.8758,4.12069,0
16.5606,4.52728,0
18.4437,4.21762,0
18.7847,4.13854,0
18.8159,4.12695,0
18.8832,4.1381,0
18.7895,4.08318,0
18.7752,4.15452,0
18.7329,4.15952,0
18.2817,4.23174,0
16.5609,4.53458,0
18.6829,4.16915,0
18.283,4.23784,0
18.8004,4.15809,0
18.2398,4.22368,0
18.9085,4.10005,0
18.8911,4.08935,0
16.5552,4.52361,0
18.8208,4.0756,0
18.8634,4.09195,0
18.3099,4.23274,0
18.7612,4.16104,0
18.5065,4.18889,0
18.4969,4.20023,0
18.2631,4.21413,0
18.4206,4.21796,0
18.8864,4.06922,0
18.8339,4.12955,0
18.8682,4.07955,0
18.7995,4.14036,0
18.9125,4.11904,0
18.3846,4.20289,0
18.4629,4.18921,0
18.8137,4.10956,0
18.241,4.24152,0
18.9369,4.12083,0
18.4138,4.22544,0
18.4047,4.3027,0
18.3738,4.25219,0
18.4683,4.27678,0
18.1577,4.28356,0
18.721,4.25459,0
18.738,4.27915,0
16.2939,4.4585,0
18.7657,4.22682,0
18.5982,4.28173,0
16.2968,4.43173,0
18.2104,4.32974,0
16.3264,4.46789,0
18.7507,4.17883,0
18.536,4.22034,0
18.5578,4.20487,0
18.6734,4.28787,0
18.6868,4.18191,0
18.5835,4.22254,0
18.4419,4.29216,0
18.5191,4.2341,0
18.2997,4.30173,0
18.143,4.32509,0
18.7087,4.28496,0
18.7078,4.27248,0
18.1757,4.32148,0
18.3729,4.24,0
18.5019,4.28844,0
18.2444,4.32544,0
18.3344,4.31779,0
18.2635,4.31216,0
18.5556,4.23241,0
18.5506,4.25731,0
18.7162,4.21347,0
18.5392,4.22206,0
18.5628,4.24771,0
18.6572,4.19126,0
18.7014,4.17838,0
18.3019,4.30647,0
18.3873,4.31356,0
18.2974,4.31026,0
18.4634,4.23451,0
16.3624,4.43423,0
18.7553,4.26521,0
18.5947,4.23671,0
18.3871,4.3151,0
18.1739,4.28696,0
18.4371,4.28069,0
18.2138,4.3277,0
16.3882,4.43867,0
18.7583,4.20684,0
18.7435,4.22532,0
18.4742,4.28585,0
18.5356,4.25508,0
18.1359,4.31048,0
18.5587,4.26762,0
18.3642,4.30462,0
18.1607,4.29777,0
18.3334,4.31436,0
18.1576,4.30222,0
18.607,4.28248,0
16.3053,4.43399,0
18.7028,4.18849,0
18.7514,4.18848,0
18.5312,4.25703,0
16.3796,4.45113,0
18.6601,4.26556,0
18.7579,4.27514,0
18.3202,4.31857,0
18.2941,4.28407,0
16.28,4.43599,0
16.3287,4.46412,0
18.5934,4.22198,0
18.3249,4.31114,0
18.5555,4.2321,0
18.5933,4.2948,0
16.3975,4.44639,0
18.3453,4.27965,0
18.722,4.28808,0
16.3676,4.43044,0
18.7346,4.18929,0
18.2707,4.25371,0
18.7339,4.20349,0
18.4674,4.23117,0
18.1232,4.31986,0
18.5936,4.29738,0
18.7649,4.20153,0
18.6992,4.25464,0
18.2755,4.30481,0
18.199,4.28143,0
18.7386,4.28848,0
18.4013,4.25686,0
18.6998,4.20591,0
18.5364,4.24815,0
16.2752,4.39348,0
18.2418,4.32688,0
16.285,4.39671,0
18.2134,4.28386,0
18.7068,4.22735,0
18.1475,4.29062,0
18.482,4.21703,0
16.3433,4.46133,0
18.2634,4.26603,0
18.5259,4.25176,0
18.5745,4.21742,0
16.2854,4.38185,0
18.2092,4.30913,0
18.6837,4.27234,0
18.2528,4.28628,0
18.5774,4.22334,0
18.4705,4.27059,0
16.4325,4.43699,0
16.2819,4.42352,0
16.4374,4.42536,0
18.1969,4.27704,0
18.5737,4.28221,0
18.5758,4.25269,0
18.474,4.30952,0
18.6423,4.28853,0
16.4099,4.45014,0
18.5581,4.25385,0
18.2483,4.29481,0
18.7411,4.17611,0
18.6409,4.21579,0
18.1483,4.31979,0
18.3556,4.31447,0
18.2428,4.31523,0
18.6642,4.19956,0
16.2746,4.31986,0
18.3091,4.30083,0
18.6008,4.21444,0
18.1095,4.32601,0
18.6948,4.21762,0
18.4836,4.28528,0
18.4622,4.28434,0
18.2332,4.28136,0
18.6953,4.21871,0
18.2065,4.27923,0
18.5729,4.24438,0
16.3887,4.45091,0
18.3167,4.24465,0
16.3499,4.44807,0
18.7625,4.25071,0
18.7474,4.18558,0
18.361,4.28974,0
16.3806,4.44557,0
18.5526,4.24733,0
18.081,4.33714,0
16.8619,4.61086,0
16.8616,4.65795,0
19.114,3.90019,0
19.0339,3.88792,0
19.1811,3.82728,0
19.1686,3.82718,0
18.9965,3.90575,0
19.024,3.89787,0
19.0676,3.88241,0
16.8403,4.5736,0
16.828,4.60626,0
19.1976,3.8952,0
19.1021,3.88035,0
19.1454,3.90704,0
19.0016,3.91704,0
19.1021,3.85691,0
18.9883,3.92468,0
18.9978,3.92254,0
16.8886,4.63262,0
16.8372,4.59156,0
19.0967,3.92454,0
16.8561,4.6457,0
19.0285,3.94521,0
18.9967,3.93623,0
19.0812,3.87138,0
19.1624,3.86518,0
19.1517,3.85907,0
16.8745,4.64379,0
16.8638,4.56549,0
19.0699,3.89184,0
19.0758,3.90951,0
19.0605,3.89457,0
19.0275,3.92711,0
19.1584,3.86369,0
16.8488,4.56807,0
19.02,3.92467,0
19.0714,3.90106,0
19.1354,3.87169,0
19.1058,3.88652,0
16.8445,4.65428,0
16.8601,4.5797,0
16.8854,4.6245,0
19.173,3.93962,0
19.0409,3.96518,0
19.0342,3.95649,0
16.7996,4.64945,0
19.0212,3.96923,0
18.9335,4.01233,0
16.7891,4.63342,0
19.0109,3.96881,0
19.0188,3.96887,0
16.8116,4.64618,0
19.0595,3.96131,0
19.1275,3.93526,0
19.0783,3.95818,0
19.1429,3.9349,0
19.0904,3.94649,0
19.1095,3.94758,0
19.089,3.95428,0
19.1114,3.93389,0
16.8079,4.65766,0
16.7773,4.63369,0
19.1535,3.91547,0
16.8113,4.63871,0
16.777,4.62824,0
16.7922,4.59638,0
18.9712,4.00527,0
18.9433,4.03118,0
18.9538,4.01983,0
19.0867,3.99255,0
19.0153,4.00067,0
16.7544,4.63395,0
19.1084,4.00357,0
19.0427,4.00297,0
19.1229,3.97048,0
19.1018,4.00502,0
19.0939,3.98715,0
18.9386,4.02834,0
16.7169,4.60774,0
19.1278,3.9738,0
18.9298,4.02829,0
19.0639,4.00549,0
16.7497,4.58808,0
16.7344,4.62456,0
18.9548,4.08626,0
16.615,4.57928,0
16.6885,4.52943,0
18.9817,4.04488,0
19.0411,4.07191,0
19.0488,4.05847,0
19.0189,4.07556,0
16.6859,4.56611,0
18.9482,4.06759,0
18.9767,4.04245,0
19.0214,4.05108,0
16.6264,4.59379,0
19.0147,4.0834,0
19.0388,4.06138,0
16.6664,4.54167,0
16.7053,4.57036,0
18.9448,4.05822,0
18.9666,4.06597,0
18.943,4.09673,0
19.0481,4.08728,0
18.9502,4.05958,0
16.6112,4.60308,0
16.6426,4.53339,0
16.6773,4.5889,0
16.6175,4.55523,0
16.7004,4.55818,0
16.6261,4.59086,0
16.6744,4.56058,0
18.9907,4.06924,0
19.042,4.04143,0
18.9673,4.13651,0
18.7848,4.18251,0
18.8427,4.15225,0
18.8275,4.17533,0
18.8128,4.17055,0
18.8561,4.15948,0
18.883,4.16742,0
18.881,4.15429,0
16.5497,4.54704,0
18.8921,4.16352,0
16.5688,4.55797,0
16.5546,4.56565,0
18.9517,4.13484,0
18.9449,4.12336,0
17.174,4.58095,0
17.122,4.60639,0
19.3192,3.62231,0
19.2498,3.74884,0
17.1354,4.68229,0
17.1632,4.69501,0
19.2988,3.76477,0
19.2425,3.66682,0
17.0909,4.71188,0
19.28,3.58453,0
17.1266,4.69131,0
19.2802,3.66077,0
17.1563,4.6896,0
17.1507,4.68312,0
19.2916,3.62419,0
19.2508,3.75418,0
19.3318,3.66184,0
17.1083,4.61127,0
17.0965,4.62106,0
19.2917,3.7608,0
19.2498,3.73393,0
19.2103,3.62568,0
19.2838,3.73953,0
19.2458,3.59527,0
17.2142,4.66794,0
19.3062,3.59011,0
19.2671,3.63021,0
17.1264,4.64933,0
19.3551,3.71567,0
19.279,3.62921,0
19.2389,3.75586,0
19.3171,3.70836,0
17.126,4.63746,0
17.1013,4.64978,0
17.1567,4.68796,0
19.3368,3.73682,0
19.3083,3.72197,0
19.2759,3.59054,0
19.2949,3.74319,0
17.1261,4.71256,0
17.1294,4.63545,0
17.1387,4.68818,0
17.0635,4.62917,0
19.2893,3.61256,0
19.343,3.70853,0
19.3237,3.68224,0
17.0647,4.6924,0
19.293,3.64589,0
17.0833,4.65416,0
17.1164,4.68473,0
19.2768,3.73927,0
19.2428,3.59408,0
19.3098,3.66581,0
19.2982,3.70401,0
17.1955,4.67139,0
19.2445,3.66785,0
19.3654,3.73581,0
17.1253,4.65619,0
19.3002,3.64507,0
17.1093,4.65988,0
17.0987,4.6883,0
19.2155,3.69395,0
19.249,3.62454,0
19.2203,3.65092,0
19.2588,3.76279,0
19.3046,3.6941,0
17.0921,4.67258,0
19.3196,3.67118,0
17.1337,4.67325,0
19.3293,3.71401,0
19.3174,3.64874,0
19.2698,3.75359,0
17.0637,4.65509,0
19.2955,3.60588,0
17.1391,4.67459,0
17.0979,4.69673,0
19.3077,3.60803,0
19.3306,3.65895,0
17.1471,4.67652,0
17.1201,4.69913,0
17.0918,4.71906,0
19.2808,3.68425,0
17.0468,4.64644,0
19.3317,3.70485,0
17.145,4.70248,0
19.272,3.5894,0
19.2047,3.62723,0
17.1968,4.61244,0
19.2841,3.60732,0
17.1133,4.6251,0
19.2405,3.67564,0
17.1284,4.6637,0
17.1355,4.67656,0
19.2426,3.65814,0
17.1033,4.6572,0
19.4524,3.48021,0
17.4495,4.69103,0
17.5177,4.64795,0
19.4456,3.33916,0
17.5696,4.66188,0
17.58,4.62471,0
19.4921,3.39555,0
19.3738,3.25931,0
19.4651,3.4973,0
17.4227,4.72225,0
19.4458,3.41366,0
19.4974,3.36601,0
19.3619,3.56463,0
19.4011,3.28539,0
17.4173,4.73097,0
17.4537,4.70031,0
19.4287,3.39247,0
17.479,4.61293,0
19.3448,3.55167,0
17.5111,4.69712,0
17.578,4.55685,0
17.5139,4.69794,0
17.3886,4.65967,0
17.5625,4.60483,0
17.4834,4.7074,0
17.5762,4.60585,0
17.5637,4.67708,0
19.4515,3.40892,0
17.6071,4.58387,0
17.4821,4.67071,0
17.4071,4.61899,0
19.3137,3.58822,0
17.4176,4.62077,0
17.5571,4.6777,0
17.4014,4.64616,0
17.4957,4.65461,0
17.4652,4.60081,0
19.516,3.46779,0
17.5101,4.64093,0
18.0068,4.40804,0
19.4781,3.39084,0
19.4432,3.34907,0
17.547,4.54565,0
19.4568,3.37591,0
17.5696,4.67055,0
19.3875,3.32916,0
17.5185,4.66143,0
17.5867,4.58991,0
19.4964,3.42023,0
17.5585,4.66567,0
19.4233,3.2905,0
17.5328,4.65838,0
19.414,3.22516,0
17.5044,4.56976,0
17.4091,4.65867,0
19.4724,3.37706,0
19.4367,3.33738,0
17.5615,4.61842,0
17.4702,4.6436,0
17.4819,4.67657,0
17.4394,4.65119,0
17.5083,4.71264,0
17.444,4.64429,0
19.3211,3.55112,0
19.4615,3.47212,0
19.3549,3.54965,0
17.5551,4.58374,0
19.4569,3.36363,0
17.4961,4.66876,0
19.4668,3.47933,0
19.3763,3.5427,0
17.6022,4.59185,0
19.3331,3.54716,0
17.4545,4.64242,0
17.5442,4.66487,0
17.4278,4.61756,0
17.5767,4.59968,0
19.4191,3.38987,0
17.3913,4.64333,0
19.5126,3.4649,0
17.5254,4.67062,0
17.5547,4.58743,0
19.5173,3.42461,0
19.4761,3.34337,0
17.4538,4.66065,0
17.5278,4.67799,0
17.5867,4.57297,0
19.4867,3.48125,0
19.4584,3.50492,0
19.4155,3.2892,0
17.5375,4.57208,0
19.3646,3.28729,0
17.536,4.63097,0
17.5191,4.648,0
19.4333,3.3811,0
19.3794,3.25306,0
19.4277,3.31812,0
19.3697,3.26473,0
17.5063,4.66756,0
17.5698,4.65034,0
19.4621,3.35512,0
19.4678,3.39178,0
17.5949,4.64229,0
17.4135,4.66199,0
19.4654,3.34386,0
19.4238,3.26027,0
19.4615,3.46096,0
17.5243,4.61009,0
17.6261,4.63092,0
19.4359,3.25571,0
19.4045,3.52909,0
19.4526,3.37592,0
17.4338,4.68498,0
17.5562,4.63599,0
19.3938,3.31468,0
19.4478,3.2987,0
17.5762,4.55478,0
17.9486,4.44035,0
19.5556,3.44519,0
19.4524,3.36499,0
19.4269,3.5105,0
17.625,4.63847,0
17.5111,4.56204,0
17.3999,4.69756,0
17.5579,4.59688,0
19.4251,3.42795,0
19.4505,3.40303,0
19.4621,3.39038,0
17.426,4.63502,0
17.4629,4.71464,0
17.4153,4.71594,0
17.5571,4.66381,0
19.1946,3.96314,0
16.8564,4.67587,0
19.1893,3.98154,0
19.1591,3.96029,0
19.2039,3.95528,0
16.8263,4.68331,0
19.1803,3.92826,0
16.8173,4.66991,0
19.1955,3.95721,0
16.8262,4.68794,0
19.1761,3.95069,0
19.1803,3.96527,0
19.1499,3.95619,0
19.1363,3.96793,0
19.1493,3.98437,0
19.1925,3.96342,0
19.1454,3.96018,0
19.1478,3.95462,0
18.8621,4.18355,0
18.8396,4.22148,0
18.8538,4.23194,0
18.9559,4.19875,0
18.8506,4.20664,0
18.8175,4.19115,0
18.7887,4.24088,0
18.7983,4.21361,0
18.805,4.23488,0
18.9471,4.20697,0
18.8597,4.20345,0
18.8121,4.21284,0
18.9203,4.21184,0
18.8681,4.22444,0
18.1213,4.34116,0
18.7886,4.19764,0
18.1489,4.33439,0
18.8747,4.22047,0
18.8432,4.21893,0
18.8471,4.17978,0
18.7817,4.20113,0
18.9324,4.19346,0
18.9574,4.18723,0
18.8136,4.22314,0
19.2672,3.82831,0
16.9407,4.69207,0
19.2592,3.82675,0
17.0512,4.67035,0
17.0288,4.68129,0
16.9747,4.69972,0
19.2203,3.87307,0
19.2242,3.81087,0
16.969,4.69994,0
19.2688,3.87609,0
19.2358,3.85238,0
19.2064,3.87934,0
19.2752,3.85487,0
16.9509,4.67203,0
19.2305,3.87233,0
16.9391,4.70078,0
16.9937,4.68798,0
16.9555,4.72477,0
19.2405,3.89481,0
17.0024,4.6865,0
17.0329,4.67825,0
17.0009,4.69421,0
16.9542,4.68725,0
17.0396,4.65928,0
19.267,3.81049,0
16.9999,4.68572,0
19.2102,3.82022,0
19.2592,3.83828,0
19.279,3.84487,0
17.0137,4.66429,0
16.9254,4.69202,0
16.9258,4.67593,0
16.9104,4.70025,0
19.2093,3.92696,0
19.2415,3.92367,0
16.9222,4.70283,0
19.2547,3.91271,0
16.9218,4.6906,0
16.1011,4.18959,0
18.087,4.46473,0
18.0952,4.41655,0
18.3164,4.32348,0
18.6954,0.60624,0
18.3701,4.45869,0
16.0881,4.23174,0
18.6698,0.72366,0
16.1397,4.35658,0
16.2107,4.26536,0
18.4496,4.34602,0
16.1848,4.32197,0
18.5045,4.37998,0
18.7845,0.50922,0
16.1278,4.27796,0
18.0798,4.45612,0
18.5606,4.42557,0
18.0546,4.41222,0
18.6359,0.55113,0
18.7607,0.67331,0
18.1057,4.4462,0
18.0648,4.38298,0
16.091,4.30134,0
18.7799,0.56098,0
18.209,4.38074,0
18.7775,0.79265,0
16.1371,4.22843,0
18.7454,0.63859,0
18.3809,4.39594,0
18.5201,4.44058,0
18.6962,0.69817,0
18.5613,4.43081,0
18.4459,4.45059,0
18.2769,4.36401,0
18.1845,4.45886,0
18.5325,4.48135,0
18.2123,4.39965,0
16.095,4.2123,0
18.6139,0.50514,0
18.2343,4.40743,0
18.5574,4.31212,0
18.4137,4.47271,0
18.7091,0.62067,0
18.1581,4.45588,0
18.1891,4.39249,0
18.7229,0.49887,0
18.6263,0.5786,0
18.7485,0.71466,0
18.4496,4.35588,0
18.2533,4.38181,0
18.5733,4.34329,0
18.6837,0.55388,0
18.488,4.40803,0
18.7907,0.50981,0
18.6814,0.6585,0
16.1934,4.35258,0
16.0905,4.21787,0
16.0937,4.20652,0
18.448,4.40217,0
18.2149,4.39001,0
18.6014,0.55741,0
18.3669,4.4355,0
18.2639,4.4059,0
16.1191,4.34778,0
18.7564,0.72577,0
18.2711,4.43913,0
18.4148,4.47094,0
18.0809,4.432,0
18.3764,4.40565,0
18.5607,4.40641,0
18.5487,4.41701,0
18.1064,4.44923,0
18.4433,4.36239,0
18.6993,0.73706,0
18.6843,0.49686,0
18.4755,4.33779,0
18.7739,0.62572,0
18.5249,4.48933,0
16.1388,4.24485,0
18.0028,4.42415,0
18.6681,0.63156,0
18.6581,0.61538,0
18.1465,4.42699,0
16.1184,4.24444,0
18.5624,4.41333,0
18.7537,0.73651,0
18.6337,0.54715,0
18.7054,0.59825,0
16.0863,4.25766,0
18.3322,4.3713,0
18.0978,4.38196,0
18.4682,4.45632,0
17.9986,4.45628,0
18.5496,4.30968,0
18.6424,0.59433,0
18.4667,4.48789,0
18.223,4.38394,0
16.1835,4.23541,0
16.222,4.31302,0
18.3152,4.45202,0
18.3461,4.35591,0
18.5688,4.48344,0
18.6783,0.66293,0
18.1653,4.44274,0
18.6977,0.7749,0
18.5086,4.33719,0
18.7164,0.73044,0
18.2158,4.39889,0
18.3991,4.41988,0
18.1194,4.44949,0
18.416,4.32744,0
18.5504,4.39958,0
18.7209,0.68821,0
18.0512,4.45101,0
18.7047,0.75934,0
18.6967,0.6885,0
18.3723,4.43389,0
18.7134,0.65117,0
18.7417,0.61659,0
18.2379,4.33859,0
18.4036,4.37911,0
16.1812,4.28496,0
18.7072,0.59768,0
18.2203,4.34645,0
18.5317,4.35168,0
18.1721,4.38655,0
16.206,4.30855,0
18.6355,0.5995,0
18.3593,4.31989,0
18.4608,4.43438,0
18.6536,0.55916,0
18.07,4.37587,0
18.7845,0.50786,0
18.3875,4.46699,0
18.1944,4.45602,0
18.1682,4.42723,0
16.0895,4.30095,0
18.3694,4.31987,0
18.5679,4.41904,0
18.6942,0.68375,0
18.5319,4.32149,0
18.6122,0.50143,0
18.1579,4.33917,0
18.7462,0.75243,0
18.7253,0.55953,0
18.673,0.49577,0
18.4517,4.45358,0
18.3264,4.46886,0
18.7536,0.56344,0
18.7266,0.56964,0
18.2613,4.40754,0
18.7662,0.66393,0
18.3264,4.35094,0
18.5225,4.40571,0
18.7483,0.739,0
16.1467,4.29221,0
18.7729,0.51232,0
18.4095,4.36155,0
18.6799,0.72416,0
16.2663,4.33866,0
18.727,0.78313,0
18.7829,0.58194,0
16.2112,4.34199,0
18.677,0.73922,0
18.7316,0.53321,0
18.5184,4.37352,0
18.2362,4.34543,0
18.4317,4.31469,0
18.1511,4.38195,0
18.4267,4.44993,0
18.7722,0.54233,0
18.7584,0.70911,0
18.0423,4.40782,0
18.3768,4.43218,0
18.6826,0.49873,0
16.1121,4.34816,0
16.1515,4.18543,0
18.5411,4.37599,0
18.6294,0.49151,0
18.2774,4.42523,0
16.1424,4.31286,0
16.2395,4.30861,0
18.6882,0.74349,0
18.3561,4.44759,0
18.7342,0.53272,0
18.0641,4.37731,0
16.1937,4.20206,0
16.1156,4.35396,0
16.2211,4.33218,0
18.5099,4.39243,0
16.2452,4.34797,0
18.6407,0.53781,0
18.1462,4.46954,0
16.1108,4.19283,0
16.2212,4.30043,0
18.7429,0.70877,0
18.7106,0.51387,0
16.0881,4.1933,0
18.2553,4.34265,0
18.314,4.33817,0
18.2288,4.42831,0
18.4991,4.31777,0
18.6224,0.50602,0
18.046,4.44251,0
18.7341,0.58045,0
18.7187,0.61187,0
18.2721,4.40869,0
18.0779,4.37255,0
18.4214,4.35097,0
18.5397,4.45165,0
18.562,4.40313,0
18.1535,4.39185,0
18.6266,0.64341,0
16.1105,4.2415,0
18.2189,4.33278,0
18.6758,0.67912,0
18.7327,0.50083,0
16.1747,4.23128,0
18.2733,4.3506,0
18.732,0.66176,0
18.7362,0.61624,0
18.4594,4.47159,0
16.1443,4.34423,0
16.2107,4.31978,0
18.7508,0.52336,0
18.2357,4.38519,0
18.771,0.57998,0
18.0804,4.41975,0
18.5459,4.3408,0
18.3372,4.41553,0
18.7666,0.76835,0
18.011,4.44103,0
18.6335,0.64162,0
18.4749,4.39553,0
18.2038,4.38102,0
18.3163,4.41017,0
18.3959,4.45947,0
18.7295,0.71592,0
18.7227,0.73949,0
18.7814,0.67911,0
16.0905,4.20291,0
18.4943,4.31384,0
18.7542,0.63694,0
18.3564,4.39117,0
18.0935,4.44754,0
16.1477,4.35356,0
18.1136,4.42703,0
18.7519,0.80136,0
18.4855,4.47157,0
18.6103,0.58115,0
18.4451,4.48398,0
18.3151,4.46492,0
18.3762,4.41159,0
18.7045,0.49924,0
16.1453,4.3437,0
18.7792,0.76854,0
18.0305,4.46241,0
18.3916,4.40739,0
18.6899,0.59815,0
18.7182,0.64478,0
18.2883,4.40346,0
16.1823,4.31664,0
18.7265,0.66456,0
18.2956,4.38773,0
18.6154,0.55195,0
17.9779,4.43978,0
18.7058,0.77851,0
18.0728,4.40905,0
18.5401,4.39236,0
16.2001,4.30574,0
16.12,4.19963,0
18.4143,4.38178,0
18.52,4.33448,0
18.687,0.68953,0
18.7013,0.61804,0
16.2068,4.31874,0
18.6914,0.70934,0
16.2015,4.21651,0
18.6937,0.62018,0
16.146,4.23404,0
16.205,4.27779,0
18.5642,4.40191,0
15.8504,4.12008,0
18.0995,4.51726,0
18.1782,4.5022,0
18.885,0.79322,0
18.1547,4.59406,0
18.1847,4.62402,0
18.0584,4.50995,0
19.0558,0.96302,0
18.1641,4.57892,0
17.987,4.56333,0
17.9293,4.46995,0
18.892,0.80372,0
17.9358,4.53116,0
18.9766,0.97799,0
18.84,0.78951,0
18.9298,0.93794,0
18.2153,4.51195,0
19.0281,0.96828,0
19.0646,0.87195,0
17.899,4.58741,0
18.9326,0.97362,0
18.9124,0.74804,0
18.9356,0.8986,0
18.1518,4.59518,0
17.8407,4.53475,0
18.1862,4.4729,0
18.9629,0.93266,0
18.1477,4.60455,0
17.9477,4.48284,0
18.9779,0.97176,0
18.8434,0.79375,0
17.9371,4.59464,0
18.1027,4.6192,0
19.0277,1.02167,0
18.2068,4.49763,0
18.0776,4.50334,0
18.2334,4.50314,0
19.0702,0.91989,0
18.1598,4.50057,0
18.1282,4.47701,0
18.0591,4.51782,0
18.8209,0.7321,0
18.0453,4.48425,0
18.9806,0.84075,0
19.0479,0.80902,0
18.8232,0.71201,0
19.0619,0.76806,0
18.1666,4.62283,0
17.9447,4.54795,0
18.2177,4.5,0
18.8587,0.79471,0
18.0721,4.50638,0
17.9992,4.48858,0
18.868,0.72078,0
15.8687,4.11307,0
18.2011,4.49775,0
19.076,0.92206,0
18.1233,4.50003,0
19.0282,0.80527,0
19.0377,0.88381,0
19.0616,0.89664,0
19.0495,0.88068,0
17.9114,4.4808,0
18.9851,0.90917,0
17.9893,4.47156,0
18.15,4.61669,0
18.9783,0.7858,0
18.9918,0.82195,0
18.9386,0.86317,0
18.9889,1.04921,0
18.0453,4.48438,0
18.1423,4.61161,0
18.9985,1.00239,0
17.9095,4.48305,0
18.8597,0.75006,0
18.0044,4.56939,0
18.9112,0.77267,0
18.1712,4.56076,0
19.0097,1.13658,0
18.9484,0.93949,0
18.8071,0.80566,0
18.2312,4.51832,0
17.9351,4.54854,0
18.9896,1.11635,0
18.087,4.5765,0
19.0185,1.17232,0
18.985,0.98448,0
18.0285,4.50939,0
18.971,0.9826,0
18.8512,0.73225,0
15.9394,4.1311,0
18.8333,0.80995,0
17.9252,4.50606,0
18.9785,0.98477,0
17.9385,4.51924,0
18.043,4.59898,0
18.022,4.56622,0
18.862,0.80045,0
19.0147,0.89192,0
17.8519,4.57686,0
18.0481,4.50968,0
17.8496,4.53148,0
19.032,0.89024,0
18.1651,4.60962,0
18.9462,0.81361,0
18.181,4.62705,0
18.8254,0.81065,0
18.969,1.16478,0
17.8426,4.55,0
18.8356,0.72988,0
15.8607,4.1137,0
18.8658,0.82119,0
17.9685,4.57115,0
18.8392,0.76914,0
18.1009,4.51322,0
18.9904,1.21298,0
18.8983,0.80855,0
18.1256,4.6277,0
19.0825,0.90063,0
18.8027,0.73465,0
18.0536,4.59293,0
17.8893,4.57594,0
18.9391,0.92714,0
18.1455,4.6032,0
18.0036,4.54391,0
19.0277,0.91773,0
18.9742,1.07438,0
18.1971,4.66654,0
19.0049,0.99948,0
17.9688,4.56864,0
18.153,4.48478,0
18.1016,4.55858,0
18.959,0.82563,0
18.0594,4.58649,0
18.7857,0.71974,0
18.0032,4.50087,0
19.0021,0.7859,0
18.9237,0.94705,0
18.0385,4.47414,0
17.9959,4.57606,0
18.9164,0.75603,0
18.0561,4.56875,0
18.9325,0.93687,0
18.9639,0.74521,0
19.0434,0.9725,0
18.2221,4.51699,0
17.954,4.46287,0
18.9758,1.15341,0
18.9843,0.8592,0
17.9914,4.5994,0
18.9759,1.04427,0
19.0161,1.06672,0
19.0037,0.81306,0
18.1162,4.54478,0
18.1986,4.55434,0
18.1698,4.48799,0
18.1066,4.50521,0
18.0238,4.54356,0
19.032,0.97162,0
18.0845,4.60242,0
19.0566,0.76772,0
18.0534,4.55041,0
15.7943,4.102,0
18.1894,4.56883,0
18.9022,0.82385,0
18.1157,4.58181,0
18.1915,4.49643,0
18.9589,0.96041,0
18.9431,0.86915,0
18.9402,0.88898,0
18.2143,4.48607,0
18.9081,0.78619,0
15.8027,4.09252,0
18.1196,4.53528,0
18.8976,0.75981,0
18.0397,4.59763,0
19.0075,1.15133,0
18.0065,4.54234,0
18.7857,0.76246,0
19.0171,0.84041,0
18.2,4.66119,0
19.0052,1.08814,0
18.8307,0.81916,0
17.9873,4.56191,0
19.003,1.16313,0
19.0675,0.93177,0
19.0143,0.81246,0
18.9209,0.98683,0
18.7882,0.75189,0
17.916,4.47128,0
19.0627,0.87389,0
17.8981,4.50581,0
19.0122,0.9255,0
19.0081,1.01856,0
19.062,0.76824,0
18.1727,4.53508,0
19.0089,1.16682,0
19.0145,1.02222,0
19.0119,1.15491,0
17.928,4.59307,0
18.1938,4.55602,0
18.9593,0.9542,0
18.1506,4.54565,0
19.0114,0.82086,0
17.9985,4.48821,0
19.014,0.80231,0
18.9719,1.06337,0
18.7986,0.78408,0
17.9003,4.5175,0
18.9937,1.07968,0
18.9915,1.06058,0
18.9088,0.81199,0
18.9566,0.90419,0
18.986,0.86182,0
18.067,4.56569,0
17.9996,4.58578,0
18.2084,4.56249,0
19.0283,1.02343,0
19.0341,0.79662,0
19.0476,0.86834,0
19.05,0.90611,0
17.8668,4.53708,0
18.9841,0.77333,0
17.8887,4.59536,0
18.9897,1.12446,0
18.9975,0.93277,0
17.978,4.47819,0
18.0373,4.56088,0
18.2037,4.48913,0
18.9946,0.80288,0
17.9709,4.5047,0
17.9338,4.59685,0
17.9808,4.60874,0
18.8578,0.81351,0
18.0388,4.56447,0
18.0054,4.57161,0
18.1308,4.5038,0
18.9981,1.11977,0
18.1099,4.62365,0
18.8318,0.77419,0
18.0396,4.61993,0
18.8562,0.77631,0
18.9548,0.77274,0
18.0752,4.60352,0
18.0087,4.54407,0
17.9876,4.61649,0
18.8091,0.74457,0
18.1031,4.49907,0
18.8327,0.74241,0
17.9611,4.60816,0
17.8005,4.56041,0
18.9853,0.99643,0
19.0301,0.81688,0
15.8369,4.11492,0
19.0107,0.75383,0
19.0492,0.91165,0
19.0352,0.89017,0
17.9038,4.58793,0
17.9832,4.46513,0
18.1414,4.5467,0
19.0549,0.78296,0
17.9979,4.56726,0
19.0077,0.78768,0
15.7793,4.09053,0
19.0069,0.84805,0
17.9061,4.4753,0
17.8715,4.53523,0
18.2142,4.54219,0
17.951,4.59308,0
19.0454,1.04309,0
18.8679,0.70447,0
18.2615,4.58594,0
18.8663,0.71817,0
18.3055,4.60456,0
18.2511,4.60206,0
15.9873,4.22295,0
18.2643,4.51926,0
18.8937,0.71012,0
18.8778,0.6656,0
18.3325,4.61005,0
15.9357,4.1628,0
18.8919,0.7149,0
18.8608,0.67601,0
18.9536,0.70077,0
18.8381,0.69604,0
18.3012,4.51037,0
18.8008,0.67098,0
18.9059,0.71765,0
18.2811,4.54641,0
18.951,0.71203,0
18.3384,4.5239,0
15.9088,4.20108,0
18.342,4.49808,0
18.9278,0.69122,0
18.9538,0.69561,0
18.8602,0.69434,0
19.0045,0.68811,0
18.9043,0.71111,0
18.3208,4.51096,0
18.2214,4.60274,0
15.9448,4.19579,0
15.9208,4.19789,0
18.2515,4.56591,0
18.3252,4.58973,0
18.9754,0.72693,0
18.3695,4.50829,0
18.9951,0.72301,0
18.3146,4.60631,0
18.2962,4.60354,0
18.9874,0.71713,0
18.7939,0.65338,0
18.3633,4.59027,0
18.3053,4.53598,0
15.9659,4.1474,0
18.8963,0.72197,0
18.8043,0.6783,0
16.084,4.20249,0
18.2707,4.50361,0
18.8001,0.6661,0
18.9976,0.72309,0
18.2994,4.55751,0
16.06,4.20778,0
18.8777,0.66914,0
18.936,0.73256,0
15.9277,4.16559,0
18.2375,4.56776,0
18.2564,4.56861,0
15.9494,4.1893,0
18.8128,0.70404,0
18.968,0.71883,0
18.2559,4.57163,0
18.2994,4.59713,0
15.9573,4.17704,0
18.2306,4.59667,0
18.9258,0.72512,0
18.9,0.68693,0
18.3615,4.53453,0
15.9557,4.15714,0
18.8608,0.67583,0
18.9847,0.74665,0
18.9638,0.73571,0
18.2632,4.57438,0
18.3725,4.49923,0
18.3204,4.59968,0
18.3118,4.5827,0
18.899,0.66265,0
18.2391,4.59396,0
18.3346,4.62041,0
18.3149,4.49525,0
18.9273,0.67106,0
18.8209,0.68306,0
18.9431,0.68284,0
15.9387,4.21674,0
18.2791,4.50197,0
18.9703,0.70106,0
15.912,4.14332,0
18.3269,4.56968,0
16.0191,4.21414,0
18.2627,4.49428,0
18.3112,4.61615,0
19.0139,0.69706,0
18.8504,0.696,0
18.2804,4.49595,0
18.7077,0.47808,0
18.6033,0.46778,0
16.2096,4.42397,0
18.6614,4.40351,0
16.2324,4.41248,0
18.59,0.46329,0
18.6894,4.36723,0
18.7125,0.46481,0
18.6149,4.31173,0
18.6846,4.36682,0
18.702,4.34169,0
18.6526,4.38702,0
18.6957,4.38463,0
18.6767,4.44365,0
16.2086,4.36498,0
18.6773,4.31252,0
18.5985,4.3445,0
18.6134,4.39126,0
18.6906,4.30466,0
16.2737,4.4082,0
18.6289,0.48056,0
18.6037,4.37407,0
18.6519,4.45309,0
18.6393,4.33218,0
18.6546,4.37265,0
16.2202,4.36599,0
18.6317,0.46092,0
18.586,4.38505,0
16.2193,4.42059,0
18.6096,4.45608,0
18.6803,4.40516,0
18.6656,4.33312,0
18.6552,4.34398,0
18.6675,4.31691,0
18.6589,4.45658,0
18.663,4.35669,0
16.2561,4.38548,0
16.2623,4.43613,0
16.2267,4.38305,0
18.6662,4.38918,0
16.2036,4.43019,0
18.5871,4.43818,0
18.6946,4.37583,0
18.6021,4.33525,0
18.5832,4.41108,0
18.7107,0.46463,0
18.6609,4.34774,0
16.215,4.42979,0
18.652,4.44055,0
18.6406,4.45664,0
18.606,4.30975,0
18.6903,0.46035,0
18.7024,4.30441,0
18.6878,4.35071,0
18.6516,4.32701,0
18.6346,4.33679,0
18.6633,4.3709,0
18.7208,0.48541,0
18.6837,4.44927,0
18.6742,4.32843,0
18.6165,4.33322,0
16.2733,4.42015,0
18.6539,4.38315,0
18.591,0.48235,0
18.6342,4.30991,0
18.6161,4.4429,0
18.6152,0.46833,0
18.6056,4.31502,0
18.715,4.31785,0
16.4204,4.46418,0
18.6089,0.43923,0
18.6364,0.45453,0
16.2786,4.4695,0
18.7504,4.42504,0
18.6553,0.44899,0
18.7132,4.3198,0
16.4464,4.46583,0
18.7649,4.41651,0
18.7175,4.34219,0
18.7373,4.33049,0
18.7628,4.3807,0
18.7338,4.41094,0
18.7486,4.34365,0
18.7335,4.40516,0
18.7448,4.31522,0
16.4027,4.47627,0
18.6149,0.4443,0
18.7566,4.40171,0
18.761,4.39112,0
18.6722,0.44543,0
18.7344,4.3506,0
18.7329,4.30946,0
16.2756,4.4669,0
18.6327,0.43022,0
18.7302,4.40183,0
16.2946,4.47527,0
16.4396,4.46725,0
16.3757,4.48031,0
16.4151,4.46394,0
18.7257,4.32104,0
16.4405,4.46763,0
18.6439,0.43079,0
18.7553,4.39934,0
18.7451,4.31055,0
18.7489,4.40349,0
16.2694,4.453,0
18.7878,4.32195,0
18.7901,4.39863,0
16.3123,4.4852,0
16.4492,4.48005,0
18.7808,4.28372,0
18.603,0.42843,0
16.2952,4.49992,0
18.7706,4.37669,0
16.4224,4.49676,0
18.7649,4.30647,0
18.7745,4.4069,0
18.7774,4.25467,0
16.3442,4.49971,0
18.7834,4.39046,0
16.447,4.48173,0
16.3368,4.50111,0
16.4326,4.49816,0
16.4368,4.48833,0
16.3942,4.49824,0
18.7888,4.41143,0
16.3,4.48435,0
16.0199,4.24165,0
16.0607,4.24876,0
18.3703,4.55302,0
16.0036,4.27881,0
18.3724,4.57509,0
18.9575,0.66883,0
16.0005,4.23267,0
18.4057,4.51589,0
16.0551,4.26098,0
18.3828,4.55913,0
18.3835,4.62049,0
16.0356,4.27331,0
18.4079,4.5024,0
18.3934,4.62336,0
16.0664,4.25957,0
15.9786,4.25844,0
18.4243,4.54874,0
16.0689,4.27322,0
18.4151,4.56096,0
18.3669,4.59241,0
18.4056,4.5882,0
18.3912,4.57716,0
18.383,4.5819,0
18.3973,4.53361,0
16.0799,4.27516,0
18.4253,4.63171,0
18.4354,4.50557,0
15.995,4.25971,0
16.0357,4.24983,0
16.0397,4.26921,0
18.394,4.58765,0
18.4207,4.62988,0
18.3616,4.61086,0
15.9907,4.27386,0
18.446,4.52922,0
19.0749,1.42282,0
19.1031,0.97307,0
19.1056,1.42773,0
17.7739,4.65942,0
19.1482,1.27118,0
19.0913,1.26743,0
19.0676,1.17956,0
19.1384,1.11763,0
19.1402,1.11932,0
19.2293,0.98319,0
18.1026,4.65734,0
19.1374,1.18748,0
19.1847,1.08389,0
19.0822,0.98194,0
19.049,1.08495,0
19.1729,1.07954,0
19.0414,1.28649,0
15.7253,4.0382,0
19.0634,1.04131,0
19.0444,1.29356,0
19.1157,0.9112,0
19.1511,1.11264,0
18.9989,1.32379,0
17.8523,4.62598,0
19.1605,1.12124,0
19.0029,1.29217,0
19.0568,1.07946,0
19.1761,0.99929,0
17.87,4.61114,0
19.0632,1.15199,0
19.022,1.36479,0
19.0676,1.35894,0
19.1931,0.9682,0
19.097,0.96919,0
17.9796,4.69124,0
19.0323,1.35211,0
17.795,4.60057,0
19.0056,1.26261,0
19.1591,1.14693,0
19.0587,1.19514,0
19.1385,1.18004,0
19.0292,1.34514,0
17.973,4.71359,0
19.0785,0.95748,0
19.2174,0.97373,0
17.951,4.65439,0
18.0928,4.66519,0
17.7861,4.62771,0
19.137,1.12674,0
19.0143,1.29012,0
19.0242,1.23003,0
19.0988,0.92429,0
19.1467,1.24035,0
19.0652,1.13933,0
18.052,4.73671,0
19.1588,1.20647,0
19.0799,0.94676,0
19.0751,1.27925,0
19.1634,0.97146,0
19.2262,0.96659,0
19.1193,1.18102,0
19.2461,0.93295,0
19.1766,1.19761,0
19.0667,1.33429,0
19.0561,1.15114,0
17.9872,4.69279,0
17.989,4.67722,0
19.1769,1.10391,0
19.1483,1.04579,0
17.7658,4.63686,0
19.107,1.01801,0
19.1173,0.9265,0
19.1048,1.21657,0
19.0165,1.32615,0
19.0093,1.36985,0
19.1124,1.14476,0
18.0627,4.73585,0
19.0531,1.20337,0
19.1392,1.05059,0
19.1239,1.13299,0
19.055,1.27592,0
19.2315,0.97892,0
19.1327,0.91045,0
19.1175,1.36,0
19.1025,1.27841,0
17.8435,4.60506,0
19.025,1.19614,0
17.8659,4.64306,0
17.8703,4.59762,0
18.0843,4.64964,0
19.047,1.3034,0
19.0432,1.33595,0
19.1274,1.20391,0
19.2255,1.03955,0
19.1687,1.04361,0
19.1999,1.006,0
19.0875,1.40663,0
19.1182,1.33861,0
19.125,1.24164,0
19.0196,1.18242,0
19.0802,1.20949,0
19.1771,0.93484,0
19.131,0.974,0
17.9958,4.64373,0
19.1235,1.11131,0
19.0814,1.09696,0
19.1049,1.0766,0
19.092,1.0796,0
19.109,1.30016,0
17.7304,4.6231,0
19.028,1.20646,0
19.0328,1.28368,0
19.1667,0.99119,0
19.0813,1.10556,0
19.1725,0.99108,0
17.8814,4.67032,0
19.0819,1.00265,0
19.042,1.28968,0
19.13,1.13191,0
19.0265,1.2297,0
19.0026,1.35196,0
19.217,1.00456,0
18.0676,4.67693,0
18.0933,4.67648,0
17.7953,4.59447,0
19.0758,1.34606,0
19.0606,1.1212,0
18.0607,4.7171,0
19.2019,0.94801,0
17.7666,4.60763,0
19.0234,1.31288,0
19.0957,1.26816,0
17.8685,4.61037,0
19.1006,0.92937,0
19.0365,1.32036,0
19.2183,0.97676,0
19.0891,1.26102,0
19.0775,1.06843,0
17.8672,4.5956,0
17.7803,4.61572,0
19.02,1.38248,0
17.9172,4.62042,0
19.1949,0.95916,0
19.2136,1.02321,0
18.0326,4.72777,0
18.016,4.65874,0
15.7653,4.03609,0
19.0744,1.30755,0
19.1502,1.24417,0
18.0935,4.69632,0
19.2248,0.97963,0
19.1173,1.07218,0
19.07,0.99545,0
19.1057,1.15439,0
18.0062,4.65462,0
18.0844,4.74516,0
17.9554,4.65558,0
19.2204,0.9485,0
19.1306,1.17828,0
19.0317,1.33538,0
19.189,1.06305,0
19.1764,0.97404,0
18.9935,1.3576,0
19.0117,1.2229,0
19.091,0.92847,0
19.2081,1.03745,0
19.0375,1.2824,0
18.0355,4.66283,0
18.0853,4.70366,0
19.2045,0.92491,0
18.9825,1.33537,0
19.0245,1.31108,0
17.8052,4.58598,0
19.0917,1.16486,0
19.0717,1.30335,0
19.1553,1.00113,0
19.1053,0.90677,0
19.0671,1.03746,0
17.8428,4.62899,0
19.1528,1.07726,0
19.049,1.2903,0
19.0922,1.31751,0
19.134,0.93212,0
19.1584,1.0689,0
19.0752,1.31213,0
19.1769,0.99372,0
17.8048,4.58166,0
18.1115,4.67601,0
19.0345,1.3668,0
19.2323,1.01625,0
17.961,4.66473,0
17.9704,4.69101,0
19.2236,0.97812,0
19.0965,1.2648,0
19.0917,1.01708,0
19.048,1.3653,0
17.7233,4.63953,0
17.9849,4.62277,0
17.9911,4.70501,0
17.9634,4.65807,0
17.8677,4.64918,0
19.0455,1.29677,0
19.0603,1.33478,0
19.0891,1.1398,0
17.9513,4.62788,0
19.1226,1.30701,0
19.0949,1.31244,0
17.8285,4.64771,0
19.0925,0.95725,0
19.0544,1.40665,0
17.8555,4.61322,0
19.0728,1.09559,0
19.2116,1.08881,0
17.7433,4.63019,0
17.8778,4.60029,0
18.052,4.72517,0
18.0082,4.72248,0
19.1507,1.2765,0
19.1299,0.97365,0
18.0254,4.70575,0
19.1207,1.05551,0
19.1693,1.13678,0
19.1346,1.12784,0
15.7129,4.0191,0
19.091,1.01927,0
17.995,4.69344,0
18.103,4.6568,0
19.0814,1.02215,0
19.1433,0.96231,0
19.032,1.24421,0
18.0423,4.72336,0
19.0909,1.28762,0
19.1218,1.16066,0
19.1477,1.24906,0
19.1803,1.13188,0
19.1526,1.20418,0
19.0987,1.24004,0
19.0849,1.24839,0
19.0525,1.20551,0
17.8189,4.63972,0
19.1384,1.17539,0
18.1586,4.67271,0
18.1605,4.69812,0
18.1693,4.67293,0
18.1427,4.69358,0
18.1562,4.66216,0
18.1581,4.72655,0
18.1205,4.71445,0
18.152,4.68991,0
18.1593,4.73027,0
19.1251,0.87285,0
18.1401,4.74816,0
19.1671,0.90228,0
18.1569,4.71438,0
15.6973,3.89909,0
19.2851,1.17192,0
19.2373,1.1873,0
19.245,1.10497,0
19.2943,1.20524,0
17.681,4.7071,0
19.2227,1.2944,0
19.2528,1.06297,0
19.2035,1.46168,0
19.1664,1.56168,0
15.648,3.87387,0
19.1829,1.27932,0
17.8737,4.75326,0
19.2982,1.0857,0
17.8099,4.72981,0
19.2921,1.14777,0
17.9577,4.81539,0
19.1518,1.40382,0
17.7703,4.67088,0
15.701,3.9529,0
15.6476,3.93106,0
17.9113,4.80595,0
19.1255,1.38132,0
17.8757,4.76867,0
15.6902,3.91911,0
15.6886,3.97298,0
19.3026,1.13482,0
19.1789,1.25433,0
17.894,4.74508,0
19.1678,1.447,0
19.161,1.28329,0
15.7295,3.8663,0
19.2838,1.21497,0
19.2124,1.38045,0
17.8986,4.72388,0
17.6949,4.65343,0
19.2235,1.35125,0
19.1739,1.28978,0
19.1988,1.31165,0
15.6674,3.97071,0
19.2589,1.217,0
17.8252,4.72549,0
17.6647,4.67466,0
17.7152,4.68991,0
19.1743,1.41908,0
19.266,1.12795,0
19.1338,1.64973,0
19.1367,1.44675,0
19.1724,1.3616,0
17.8312,4.76995,0
19.2395,1.05914,0
19.182,1.47028,0
15.6752,3.94902,0
15.7061,3.93499,0
17.8341,4.75709,0
15.7271,3.88935,0
19.2266,1.15783,0
19.2684,1.2767,0
19.28,1.19216,0
15.6837,3.94405,0
15.7232,3.96974,0
19.2393,1.15058,0
19.171,1.49353,0
19.2664,1.08928,0
15.6656,3.94917,0
17.9054,4.78677,0
17.9202,4.79421,0
17.6278,4.65541,0
19.2101,1.12948,0
19.2433,1.22768,0
19.2292,1.19426,0
19.1341,1.42643,0
19.1308,1.36887,0
17.8439,4.7587,0
17.6628,4.67862,0
19.2622,1.09804,0
19.1342,1.63731,0
15.6302,3.91606,0
19.195,1.1631,0
17.6868,4.6575,0
19.1593,1.48293,0
17.7351,4.73313,0
17.8578,4.72323,0
17.8036,4.72404,0
17.9165,4.74887,0
17.725,4.68538,0
19.3501,1.08008,0
19.1876,1.21409,0
19.1432,1.62938,0
15.6892,3.92288,0
17.6138,4.66823,0
15.6808,3.91872,0
19.2323,1.14906,0
19.2979,1.16748,0
17.8208,4.7161,0
17.6109,4.68694,0
15.7121,3.84591,0
17.6591,4.69448,0
17.8873,4.7588,0
19.2201,1.41653,0
19.2684,1.22103,0
15.6448,3.95749,0
19.3304,1.06934,0
19.1833,1.45988,0
17.7278,4.67236,0
15.6846,3.87699,0
17.7525,4.71072,0
19.2713,1.14463,0
19.2791,1.14092,0
17.9127,4.72989,0
15.6904,3.91442,0
19.2553,1.2011,0
19.2153,1.41161,0
19.2115,1.3391,0
15.7241,3.81728,0
17.9477,4.7904,0
15.6521,3.9156,0
19.2376,1.19622,0
15.729,3.89374,0
17.7959,4.71615,0
17.6386,4.67377,0
17.6303,4.67705,0
15.7349,3.8536,0
19.1438,1.61726,0
17.6509,4.64332,0
19.2489,1.22408,0
15.631,3.93461,0
19.2502,1.349,0
19.2703,1.09145,0
19.1239,1.40328,0
17.8317,4.69628,0
15.6981,3.80793,0
15.6937,3.86621,0
19.1968,1.41361,0
19.1865,1.28997,0
19.1019,1.72193,0
19.2549,1.18929,0
17.9468,4.72357,0
19.2317,1.21873,0
19.2128,1.43936,0
19.2494,1.17276,0
17.9372,4.78954,0
17.7638,4.70182,0
17.9445,4.72002,0
15.6661,3.88195,0
17.7303,4.70308,0
19.1973,1.43226,0
19.198,1.45837,0
17.9405,4.75267,0
19.2292,1.32175,0
15.7228,3.96958,0
19.2208,1.21882,0
19.1259,1.68272,0
19.1516,1.41508,0
17.6473,4.68238,0
19.2696,1.21479,0
19.2514,1.18112,0
19.1965,1.15853,0
19.1613,1.58298,0
17.6642,4.70979,0
19.2702,1.16309,0
17.8574,4.78363,0
19.1477,1.61859,0
15.6917,3.96257,0
15.7076,3.85,0
17.7176,4.68762,0
19.2811,1.12247,0
17.7194,4.66846,0
17.713,4.67489,0
19.1985,1.38346,0
19.1843,1.4245,0
19.2407,1.31454,0
15.688,3.91812,0
19.2325,1.25131,0
19.1454,1.46919,0
19.2376,1.32029,0
15.6909,3.85736,0
15.6965,3.89919,0
19.1252,1.42402,0
17.7196,4.72691,0
17.7329,4.69616,0
15.6764,3.94181,0
19.2884,1.16151,0
15.6744,3.81534,0
15.6922,3.8595,0
19.1548,1.4578,0
19.1877,1.38218,0
15.7012,3.86277,0
19.2142,1.09069,0
19.1685,1.35472,0
19.2008,1.47175,0
17.6204,4.67048,0
17.7036,4.67684,0
15.7019,3.9377,0
17.911,4.77648,0
19.1812,1.30338,0
15.7171,3.88567,0
15.6874,3.89438,0
19.2118,1.10184,0
19.2488,1.21359,0
15.6617,3.88822,0
15.6805,3.89081,0
15.6481,3.95733,0
17.8986,4.70919,0
19.1743,1.26136,0
19.1348,1.39222,0
17.9032,4.74337,0
19.2352,1.09702,0
17.6652,4.68223,0
15.6814,3.88069,0
15.6404,3.94004,0
19.2931,1.12755,0
19.2633,1.15362,0
15.6704,3.87851,0
19.2253,1.11603,0
15.7032,3.84093,0
17.7886,4.6939,0
15.6687,3.95607,0
17.718,4.68845,0
19.2631,1.31491,0
19.2036,1.45114,0
17.9197,4.75836,0
19.2021,1.30715,0
17.6306,4.64331,0
19.2386,1.32037,0
17.8528,4.78216,0
19.221,1.41406,0
19.2549,1.22598,0
17.9013,4.7372,0
15.6895,3.90272,0
19.1792,1.3294,0
19.2376,1.01872,0
17.989,4.78241,0
19.3344,1.04529,0
17.9807,4.78654,0
19.2649,1.03527,0
18.0048,4.74404,0
18.0104,4.81705,0
18.0254,4.75309,0
19.2893,1.03224,0
17.9919,4.80851,0
19.2514,1.03288,0
15.672,3.98366,0
19.2529,1.02631,0
16.6303,4.6107,0
18.7934,4.29499,0
18.7917,4.35599,0
18.8618,4.27673,0
16.5518,4.60769,0
18.9353,4.31498,0
18.9839,4.31031,0
18.9867,4.22818,0
18.8084,4.26173,0
18.9824,4.27209,0
18.8277,4.35549,0
18.9966,4.29748,0
19.0061,4.27247,0
18.8811,4.26469,0
18.8637,4.25254,0
16.676,4.63376,0
16.5839,4.60096,0
16.6526,4.63008,0
18.9519,4.28421,0
18.9512,4.29108,0
18.9685,4.3402,0
18.8664,4.30499,0
18.981,4.27117,0
18.8817,4.2996,0
16.5592,4.64134,0
18.9493,4.28989,0
18.9101,4.26071,0
18.9806,4.19011,0
19.0075,4.21884,0
16.5888,4.63657,0
18.8947,4.28029,0
18.8897,4.23488,0
18.8921,4.34568,0
16.5626,4.62664,0
18.7984,4.28906,0
18.9253,4.3405,0
16.5755,4.66648,0
18.9597,4.30622,0
18.9039,4.26665,0
16.5739,4.65845,0
18.822,4.27085,0
18.8472,4.28364,0
18.8356,4.32264,0
16.5938,4.64362,0
18.8867,4.23051,0
18.79,4.25618,0
16.553,4.59212,0
18.9851,4.17039,0
16.7655,4.64572,0
18.9261,4.34107,0
18.9388,4.30344,0
18.8635,4.29925,0
18.8655,4.31035,0
18.9244,4.32816,0
18.8771,4.24849,0
18.9478,4.31756,0
18.9033,4.2727,0
16.6494,4.63654,0
16.5965,4.62432,0
18.8553,4.3167,0
16.7127,4.61917,0
18.9896,4.1633,0
16.6045,4.66461,0
18.8318,4.26437,0
16.6393,4.64712,0
18.8194,4.35796,0
18.8062,4.32622,0
18.8834,4.2369,0
18.8805,4.34646,0
18.8815,4.30985,0
16.6818,4.62095,0
18.8212,4.28494,0
18.9129,4.27566,0
19.0015,4.25929,0
16.5979,4.59725,0
16.6062,4.62872,0
16.69,4.65577,0
16.5704,4.58572,0
18.8904,4.2408,0
18.9654,4.22605,0
16.639,4.63742,0
18.9645,4.21656,0
18.9184,4.2311,0
18.7373,4.48392,0
16.4137,4.52814,0
18.7141,4.43047,0
18.7663,4.46903,0
16.3836,4.49991,0
16.3177,4.52861,0
18.6526,4.48969,0
18.4593,4.49716,0
18.7735,4.46901,0
16.4115,4.50158,0
18.6129,4.47011,0
18.6761,4.4724,0
16.2921,4.51193,0
18.7561,4.43835,0
18.7634,4.46282,0
18.7491,4.45622,0
18.4581,4.4979,0
16.3075,4.51287,0
16.3562,4.52793,0
16.4602,4.51018,0
18.4525,4.50604,0
18.7772,4.46712,0
18.6931,4.50549,0
16.4068,4.51899,0
18.78,4.48229,0
18.757,4.43802,0
18.7669,4.45945,0
16.3386,4.50207,0
18.5921,4.46019,0
18.5999,4.46271,0
18.6518,4.46785,0
16.3855,4.50596,0
18.7113,4.48871,0
18.7799,4.42632,0
18.5767,4.4768,0
18.5901,4.48897,0
18.5749,4.49889,0
18.6069,4.49325,0
18.5812,4.50446,0
16.3687,4.52327,0
16.3359,4.50665,0
18.4718,4.49629,0
18.7198,4.49762,0
19.0529,4.28259,0
19.0648,4.29833,0
19.0338,4.20934,0
19.0492,4.18714,0
19.0263,4.16043,0
19.0341,4.13272,0
19.0337,4.27741,0
19.0591,4.23904,0
16.7257,4.66002,0
19.0365,4.12505,0
16.7776,4.65649,0
19.0578,4.26218,0
16.6704,4.6826,0
19.014,4.12103,0
19.0273,4.26255,0
19.0381,4.235,0
19.0163,4.12037,0
19.0086,4.14316,0
19.0201,4.18948,0
19.054,4.29048,0
19.0403,4.30494,0
19.0331,4.24029,0
19.006,4.16463,0
16.7262,4.66922,0
16.527,4.60999,0
18.9016,4.39121,0
16.5081,4.62336,0
18.854,4.35963,0
18.923,4.38589,0
18.895,4.38773,0
18.7936,4.39866,0
16.5205,4.65284,0
16.5278,4.62011,0
18.9705,4.378,0
18.8772,4.36474,0
16.5178,4.60727,0
16.5308,4.60456,0
18.9429,4.37843,0
16.5189,4.60304,0
18.9098,4.35032,0
16.5342,4.61048,0
18.9267,4.35102,0
18.8666,4.38095,0
18.9153,4.36727,0
19.0532,4.02941,0
19.1024,4.08584,0
16.7095,4.69509,0
19.0798,4.26927,0
19.1145,4.24352,0
16.8065,4.6999,0
19.0517,4.14642,0
16.7194,4.67516,0
16.7282,4.70963,0
19.0604,4.09788,0
19.095,4.09178,0
16.7433,4.72917,0
16.7006,4.72378,0
19.1172,4.1424,0
19.1108,4.20412,0
19.1158,4.12944,0
16.6998,4.7,0
19.1087,4.10232,0
19.0718,4.06042,0
19.0516,4.12855,0
16.8026,4.6995,0
19.0979,4.07079,0
16.72,4.72573,0
19.0869,4.02021,0
19.0727,4.22122,0
19.0672,4.10212,0
16.7754,4.68889,0
16.7214,4.73593,0
16.7393,4.72661,0
19.0868,4.17201,0
19.1351,4.23766,0
19.0748,4.15549,0
19.0705,4.06949,0
19.0793,4.19898,0
19.0737,4.15022,0
19.1097,4.1551,0
16.742,4.67203,0
19.0896,4.25005,0
19.0784,4.14501,0
16.8804,4.70983,0
16.7094,4.71614,0
19.0582,4.15839,0
16.7372,4.73221,0
19.0824,4.09157,0
16.793,4.721,0
19.0902,4.07586,0
19.0757,4.08104,0
19.0822,4.14133,0
16.7262,4.67816,0
19.1229,4.18318,0
19.1288,4.18754,0
19.0858,4.08364,0
19.0532,4.13143,0
16.7944,4.69796,0
19.1043,4.14915,0
16.7439,4.72912,0
19.0992,4.04193,0
19.0573,4.12775,0
16.6931,4.69543,0
19.3116,3.89089,0
19.1367,4.07377,0
19.1644,4.07481,0
19.3232,3.78315,0
17.3467,4.678,0
17.3147,4.78528,0
19.2363,4.00749,0
17.1076,4.74048,0
17.3004,4.75506,0
17.3555,4.68755,0
19.1884,3.98993,0
17.1014,4.84153,0
19.3764,3.8791,0
17.0534,4.74498,0
19.3474,3.85285,0
17.337,4.75962,0
19.2975,3.98372,0
19.2284,4.05014,0
19.1184,4.03653,0
17.1572,4.84232,0
19.3643,3.87151,0
19.284,3.83094,0
17.0652,4.75384,0
17.2924,4.74907,0
19.1408,4.0089,0
19.3127,3.78328,0
17.3537,4.70668,0
17.1805,4.75009,0
19.2973,3.87881,0
17.1171,4.83711,0
19.111,4.02145,0
19.3308,3.97949,0
19.3412,3.86176,0
17.1971,4.79646,0
17.2412,4.76407,0
17.194,4.80247,0
17.3012,4.71986,0
19.2626,3.98381,0
19.3769,3.96825,0
17.0913,4.75998,0
19.2759,3.96951,0
19.2991,4.01166,0
19.279,3.94155,0
19.1179,4.0455,0
19.2764,3.9586,0
17.1086,4.74382,0
19.3606,3.9754,0
19.1908,3.99649,0
17.1411,4.71859,0
17.3886,4.69512,0
19.3789,3.94506,0
19.1872,4.00532,0
19.2911,3.99662,0
17.3982,4.70617,0
17.1977,4.70637,0
17.1043,4.80054,0
17.295,4.69515,0
17.1954,4.78808,0
19.2707,4.03841,0
19.2112,3.99801,0
17.0994,4.77571,0
19.2795,3.93925,0
19.324,4.01442,0
17.168,4.72897,0
17.2307,4.81386,0
19.2943,3.90721,0
17.0866,4.7499,0
17.2537,4.70035,0
17.3542,4.7573,0
19.1627,4.02122,0
17.3458,4.73931,0
19.2206,4.01939,0
17.2191,4.75599,0
19.2829,3.91386,0
17.1186,4.73582,0
17.2891,4.69047,0
19.3227,3.93693,0
17.0552,4.75087,0
17.2642,4.7019,0
17.218,4.7896,0
17.2269,4.787,0
17.2006,4.7605,0
19.366,3.96106,0
17.1596,4.71062,0
19.3707,3.95033,0
19.2107,4.04164,0
19.2916,3.7952,0
17.3241,4.68384,0
17.1499,4.7329,0
19.3129,3.85794,0
17.3027,4.72632,0
17.2389,4.69841,0
19.2705,3.98569,0
17.2314,4.74084,0
19.1903,4.01566,0
17.2342,4.73295,0
17.3561,4.71181,0
17.1295,4.76891,0
19.2346,4.01862,0
17.21,4.79337,0
17.1845,4.72885,0
17.2134,4.738,0
19.3588,3.86002,0
19.2254,3.99963,0
19.3009,3.96193,0
17.361,4.71484,0
17.3241,4.66613,0
19.3775,3.9965,0
17.2143,4.82336,0
17.1924,4.72632,0
19.153,4.05835,0
17.1302,4.85393,0
19.2933,3.92124,0
17.1276,4.8246,0
17.2629,4.72793,0
19.312,3.90107,0
19.375,3.8359,0
19.103,4.02238,0
17.1795,4.75174,0
19.2804,3.8212,0
19.3525,3.77693,0
19.3956,3.87503,0
19.3861,3.9445,0
19.1637,4.0177,0
17.3215,4.6909,0
17.2081,4.74061,0
19.168,3.99676,0
19.4199,3.97777,0
17.1889,4.70711,0
19.2696,3.88771,0
17.1786,4.78958,0
19.3596,3.9291,0
19.214,3.97972,0
19.3141,3.86055,0
19.1718,4.00502,0
19.3608,3.92463,0
17.2923,4.70247,0
17.3219,4.73789,0
19.3371,3.75334,0
19.2547,4.01472,0
17.3294,4.75009,0
17.3056,4.69135,0
17.138,4.83065,0
17.3979,4.74501,0
17.1382,4.73949,0
19.2848,3.9396,0
19.3759,3.97605,0
17.2195,4.77419,0
19.3261,3.90136,0
19.147,4.07932,0
17.2925,4.69118,0
17.252,4.76527,0
17.1036,4.82227,0
17.3742,4.72981,0
17.209,4.80335,0
17.3533,4.71536,0
17.1481,4.84945,0
17.3479,4.66486,0
19.3552,3.76746,0
17.2425,4.76932,0
17.0874,4.80005,0
19.3022,3.88578,0
17.2986,4.72409,0
17.1941,4.7153,0
17.2872,4.76691,0
17.1623,4.73657,0
19.235,4.0384,0
19.321,3.83249,0
17.1092,4.73548,0
19.3432,3.83542,0
19.4182,3.98114,0
17.0902,4.82845,0
19.2975,3.90161,0
19.2376,3.98425,0
17.3679,4.74423,0
17.1833,4.75834,0
17.2277,4.77495,0
19.2942,3.99351,0
19.2245,4.05424,0
19.3862,3.90563,0
19.3213,3.81087,0
19.1708,4.02543,0
17.1433,4.77836,0
17.2421,4.77421,0
16.4447,4.58278,0
16.4857,4.58043,0
18.8723,4.40216,0
18.876,4.46171,0
18.8819,4.48302,0
16.4465,4.56914,0
18.8967,4.47104,0
18.9037,4.42851,0
16.4696,4.62038,0
18.8886,4.43547,0
16.4197,4.60454,0
18.8274,4.43511,0
18.8707,4.43941,0
18.8254,4.41917,0
18.8162,4.44007,0
16.449,4.55945,0
18.7991,4.43219,0
16.4269,4.63348,0
16.4339,4.58487,0
18.8386,4.43399,0
18.8445,4.46514,0
18.5057,4.51505,0
16.5056,4.63562,0
18.8116,4.48849,0
18.8359,4.41383,0
16.4219,4.54732,0
18.9129,4.46899,0
18.9003,4.43717,0
18.8863,4.4297,0
18.8873,4.4486,0
16.4854,4.62118,0
18.8886,4.39801,0
18.8211,4.42929,0
18.8279,4.47016,0
18.8755,4.44556,0
18.8417,4.49016,0
18.8225,4.46226,0
16.4427,4.61968,0
16.4507,4.57523,0
16.4253,4.5367,0
19.1491,4.22258,0
16.8232,4.74607,0
16.8888,4.72389,0
19.1607,4.14132,0
16.7792,4.77926,0
16.9642,4.74424,0
19.1259,4.27723,0
19.1851,4.20802,0
16.9156,4.7177,0
16.8642,4.7615,0
19.1633,4.16705,0
19.1467,4.11077,0
17.0281,4.72287,0
16.976,4.7411,0
17.0356,4.71053,0
16.8131,4.75897,0
19.1299,4.12089,0
19.1245,4.14159,0
16.7632,4.78164,0
19.1398,4.20169,0
16.9532,4.74513,0
16.8858,4.73175,0
16.9066,4.74386,0
16.8226,4.74601,0
19.1524,4.1938,0
19.1446,4.11165,0
17.0074,4.70922,0
19.1466,4.24382,0
16.9095,4.72053,0
16.8015,4.74831,0
16.915,4.72531,0
16.8749,4.76113,0
19.1387,4.12656,0
19.1392,4.18957,0
16.8353,4.73596,0
19.1651,4.22985,0
19.1853,4.25917,0
19.1645,4.22003,0
16.9991,4.71153,0
16.9389,4.71515,0
16.9335,4.74357,0
16.7544,4.7711,0
19.1537,4.08618,0
19.1646,4.21917,0
19.1364,4.27292,0
19.1703,4.15765,0
19.1844,4.22159,0
19.1614,4.13558,0
16.759,4.75782,0
16.7525,4.76103,0
16.9548,4.73331,0
16.9162,4.7545,0
17.0164,4.83526,0
17.0526,4.82876,0
19.2376,4.0956,0
16.9802,4.74745,0
16.9728,4.80497,0
19.3428,4.09809,0
19.1742,4.11259,0
19.3185,4.02602,0
17.0237,4.82597,0
19.2936,4.09029,0
17.0387,4.74875,0
19.1983,4.08551,0
17.0749,4.80965,0
19.3166,4.03805,0
19.2905,4.04242,0
19.2636,4.05881,0
16.9895,4.77904,0
19.2757,4.13094,0
19.3016,4.07444,0
19.2036,4.07011,0
17.0734,4.80281,0
17.0289,4.8147,0
19.3412,4.12229,0
17.0079,4.78746,0
19.2943,4.07749,0
19.306,4.06546,0
19.3136,4.0823,0
17.0521,4.76494,0
19.2645,4.11426,0
19.1709,4.12915,0
16.984,4.85289,0
17.0096,4.74668,0
19.3047,4.04251,0
16.959,4.74993,0
19.3199,4.04776,0
19.3124,4.10503,0
19.2597,4.1359,0
19.2203,4.1153,0
19.1873,4.09822,0
16.9476,4.78142,0
19.2486,4.05307,0
19.2132,4.12096,0
19.2498,4.12705,0
19.2675,4.05337,0
19.2645,4.12901,0
16.9522,4.80289,0
19.2626,4.15092,0
19.2877,4.11633,0
19.3096,4.05176,0
19.3119,4.13175,0
19.2459,4.11612,0
19.2099,4.13449,0
17.0478,4.83302,0
19.2148,4.12644,0
16.98,4.77979,0
19.2984,4.11542,0
19.1877,4.13334,0
16.9641,4.75903,0
16.9586,4.80364,0
19.2813,4.0935,0
17.0084,4.80246,0
16.3677,4.5724,0
18.7638,4.55731,0
18.7212,4.51598,0
18.5986,4.52666,0
18.5552,4.5192,0
18.6449,4.51946,0
18.7077,4.52767,0
18.4946,4.55141,0
18.5985,4.5255,0
18.8481,4.51548,0
18.7077,4.54269,0
18.8104,4.51226,0
18.5669,4.53168,0
18.5816,4.55918,0
16.3843,4.5977,0
18.7971,4.51545,0
18.6484,4.51544,0
18.7652,4.55915,0
16.4122,4.53275,0
18.5747,4.5509,0
18.6473,4.52755,0
18.4473,4.55059,0
18.8337,4.52024,0
18.6139,4.53243,0
18.6721,4.55152,0
18.5019,4.51842,0
18.8427,4.53749,0
18.8368,4.55687,0
18.4619,4.52666,0
18.7436,4.54727,0
18.6799,4.52606,0
18.6472,4.50999,0
18.4451,4.55812,0
18.6313,4.54395,0
18.4459,4.55421,0
18.5712,4.54742,0
18.8244,4.56163,0
18.8627,4.50883,0
18.5075,4.5181,0
18.6043,4.54514,0
18.8606,4.5511,0
16.3717,4.57643,0
16.3953,4.56771,0
16.3786,4.5638,0
16.366,4.53052,0
18.6117,4.52875,0
18.4579,4.5665,0
16.3922,4.53196,0
18.8157,4.54062,0
18.7418,4.52118,0
18.8354,4.55186,0
18.4579,4.52395,0
18.4533,4.5545,0
19,4.44514,0
18.9787,4.42669,0
18.9669,4.40534,0
18.9873,4.41184,0
18.9579,4.39617,0
16.5401,4.66094,0
18.9619,4.43741,0
19.0093,4.41362,0
19.0072,4.41711,0
19.0078,4.44724,0
18.9336,4.45192,0
18.9514,4.44284,0
19.0051,4.44696,0
16.5423,4.66506,0
16.8143,4.78945,0
19.1899,4.28999,0
16.8846,4.7864,0
19.127,4.28469,0
19.2195,4.25641,0
19.2004,4.27986,0
19.1831,4.19345,0
19.1226,4.28703,0
19.1879,4.19792,0
19.0959,4.2901,0
16.8226,4.78093,0
19.2164,4.23635,0
19.2141,4.2517,0
16.8566,4.76977,0
16.9013,4.76964,0
16.8282,4.77995,0
16.8586,4.78436,0
16.8291,4.80173,0
19.1704,4.29175,0
16.8484,4.77695,0
16.8142,4.79032,0
19.1952,4.18499,0
19.0795,4.29603,0
19.212,4.18062,0
16.8811,4.7845,0
18.8696,4.54607,0
18.9174,4.53307,0
18.8838,4.50634,0
18.9258,4.52593,0
18.9113,4.53901,0
18.8998,4.53555,0
16.4909,4.64574,0
18.9269,4.51625,0
16.5009,4.64529,0
18.918,4.48217,0
18.9367,4.50302,0
18.88,4.54086,0
18.8971,4.50459,0
18.8651,4.53391,0
18.926,4.4757,0
18.9217,4.51129,0
19.0899,4.34273,0
19.0761,4.3328,0
19.1593,4.31909,0
19.2147,4.28711,0
19.2157,4.3042,0
16.8024,4.79891,0
19.0169,4.34424,0
19.1632,4.32238,0
19.0207,4.35464,0
19.1911,4.30248,0
19.0541,4.34868,0
19.1841,4.30043,0
16.7822,4.79412,0
19.2002,4.31614,0
19.0272,4.34196,0
19.6753,3.73391,0
19.4627,3.65325,0
17.648,4.86437,0
19.5206,3.68788,0
19.4495,3.69848,0
19.556,3.80688,0
19.5655,3.77716,0
17.5109,4.83332,0
19.5271,3.51074,0
17.7322,4.8133,0
19.5503,3.56669,0
17.6812,4.72912,0
19.4467,3.71778,0
19.5369,3.4778,0
19.3884,3.63946,0
17.6719,4.84231,0
17.6359,4.88206,0
19.592,3.51462,0
17.6723,4.75867,0
17.5335,4.87196,0
19.5315,3.70289,0
19.3783,3.74224,0
19.3577,3.62651,0
19.4027,3.55236,0
17.6673,4.87896,0
17.5623,4.71412,0
17.6519,4.76335,0
17.6214,4.88399,0
19.4226,3.57901,0
19.5794,3.79047,0
19.4602,3.63951,0
19.452,3.73519,0
19.4333,3.59493,0
19.6351,3.60145,0
19.5688,3.71391,0
17.5201,4.71511,0
19.6499,3.64099,0
17.7701,4.76352,0
19.4566,3.51264,0
17.6627,4.81708,0
19.5305,3.69311,0
19.3872,3.77015,0
19.5046,3.49087,0
17.5917,4.81018,0
17.6121,4.88453,0
19.4421,3.8005,0
19.5281,3.51995,0
17.4884,4.75455,0
17.5171,4.72197,0
17.545,4.88703,0
17.681,4.8709,0
19.3954,3.69744,0
17.7564,4.82655,0
19.5721,3.77463,0
17.5158,4.74717,0
19.4905,3.77439,0
19.4674,3.57125,0
19.3779,3.69052,0
17.7915,4.78697,0
19.3771,3.72581,0
19.4044,3.60645,0
17.4934,4.84697,0
19.5761,3.60601,0
17.5592,4.91743,0
19.5515,3.79181,0
19.55,3.4975,0
17.6464,4.72285,0
17.6262,4.74469,0
17.5568,4.89915,0
17.7398,4.80342,0
17.4938,4.75482,0
19.405,3.83058,0
19.562,3.59575,0
19.5029,3.70073,0
19.3622,3.70275,0
19.3428,3.58669,0
17.5491,4.79034,0
17.6917,4.77982,0
19.4244,3.6968,0
19.4814,3.31818,0
19.523,3.5545,0
19.4584,3.81603,0
19.3571,3.59968,0
19.4747,3.68126,0
19.4697,3.67859,0
19.4419,3.58979,0
19.6085,3.56126,0
19.4661,3.54572,0
19.4381,3.5271,0
17.4729,4.8368,0
19.3734,3.80282,0
19.415,3.60464,0
19.3875,3.66164,0
19.501,3.61747,0
19.5019,3.61872,0
19.4556,3.52247,0
19.636,3.65658,0
17.59,4.85056,0
19.578,3.78153,0
19.649,3.69628,0
19.5224,3.47139,0
17.5141,4.75999,0
17.6453,4.84112,0
17.5656,4.70722,0
19.5694,3.57892,0
19.5677,3.49674,0
19.5967,3.58059,0
19.4925,3.60393,0
19.6792,3.70945,0
19.4598,3.76896,0
17.7631,4.78495,0
19.4973,3.80334,0
19.6212,3.58147,0
19.4306,3.23318,0
17.6547,4.83782,0
19.526,3.78694,0
17.6475,4.79079,0
19.5896,3.6142,0
17.5942,4.77127,0
19.5055,3.75382,0
19.3954,3.70224,0
17.5533,4.71804,0
19.4235,3.71551,0
17.7164,4.76483,0
17.6169,4.81335,0
17.4474,4.79672,0
17.6026,4.74106,0
17.4906,4.7854,0
17.5191,4.91558,0
17.5659,4.94048,0
17.7908,4.78623,0
17.6411,4.84779,0
17.5168,4.88408,0
17.6164,4.86944,0
19.44,3.75431,0
19.5982,3.59875,0
19.5309,3.50874,0
19.642,3.62373,0
19.6278,3.7082,0
19.4297,3.66716,0
19.4947,3.58156,0
19.4852,3.59025,0
19.5015,3.78465,0
19.5327,3.56833,0
17.5419,4.92963,0
19.5922,3.6897,0
17.5422,4.75819,0
19.4284,3.8211,0
17.6469,4.77634,0
19.4698,3.29644,0
17.5349,4.84036,0
19.5766,3.68446,0
19.5187,3.71601,0
19.5556,3.49269,0
19.5513,3.53812,0
17.6119,4.91009,0
19.5094,3.61168,0
17.6349,4.8668,0
19.4726,3.74558,0
19.495,3.76124,0
19.6199,3.61274,0
19.4608,3.71768,0
17.7647,4.75534,0
17.4701,4.78869,0
19.6152,3.57754,0
19.6924,3.69295,0
19.477,3.74983,0
19.3896,3.73547,0
17.5321,4.76039,0
19.5717,3.52712,0
19.5934,3.67657,0
17.4745,4.76015,0
17.5291,4.86874,0
19.5777,3.6406,0
19.4369,3.65249,0
19.4878,3.52447,0
19.4352,3.24007,0
17.6453,4.85289,0
17.4654,4.78937,0
19.5831,3.51003,0
17.5243,4.91263,0
17.5189,4.84824,0
19.4898,3.80271,0
17.6495,4.7967,0
19.5685,3.63376,0
19.5695,3.72077,0
19.6282,3.6957,0
17.642,4.77555,0
19.651,3.67799,0
17.5282,4.8504,0
19.4262,3.86138,0
17.6767,4.83999,0
17.6634,4.80286,0
17.7026,4.84012,0
19.5176,3.83218,0
17.5021,4.78306,0
19.4319,3.79536,0
19.4991,3.82126,0
19.4333,3.77433,0
19.5637,3.71971,0
19.5414,3.73455,0
19.5429,3.72006,0
19.594,3.6549,0
19.6191,3.67586,0
17.6938,4.76622,0
19.5711,3.55794,0
17.5712,4.86196,0
19.4803,3.53683,0
19.6011,3.66227,0
17.5499,4.7949,0
19.5065,3.57318,0
17.6665,4.74891,0
19.4927,3.79822,0
17.6639,4.82158,0
19.4091,3.79074,0
19.4181,3.54807,0
19.4609,3.72593,0
19.5925,3.59707,0
19.6456,3.7257,0
19.5515,3.77031,0
17.5993,4.75939,0
19.4811,3.6516,0
17.5779,4.84085,0
19.4634,3.83189,0
19.5332,3.82082,0
19.3471,3.58298,0
19.456,3.64902,0
19.4161,3.61315,0
19.3946,3.65332,0
19.4085,3.84995,0
17.6535,4.88578,0
19.3838,3.56093,0
17.6668,4.86573,0
19.537,3.65622,0
19.4851,3.633,0
17.4415,4.76141,0
19.4824,3.57808,0
19.4975,3.5918,0
17.5662,4.9113,0
19.4665,3.55576,0
19.6114,3.66435,0
19.4742,3.83954,0
19.5196,3.63025,0
17.6946,4.82983,0
17.6676,4.75968,0
17.7292,4.76047,0
17.5039,4.82567,0
19.4998,3.77627,0
19.3701,3.63295,0
19.5175,3.79025,0
19.3311,3.59667,0
17.4753,4.75237,0
19.4356,3.8324,0
19.4409,3.52824,0
19.5007,3.56338,0
17.5899,4.73401,0
19.4455,3.83374,0
17.4978,4.74759,0
19.3386,3.61333,0
19.5617,3.72844,0
19.5921,3.74266,0
17.4889,4.81898,0
19.5354,3.54777,0
17.5403,4.81379,0
19.4863,3.67894,0
19.5754,3.73289,0
19.5272,3.52878,0
19.6293,3.58226,0
19.5016,3.70437,0
17.7778,4.79133,0
19.6061,3.72655,0
19.4273,3.71304,0
19.5299,3.77528,0
17.5181,4.84563,0
19.356,3.67009,0
19.4999,3.80614,0
19.4767,3.50878,0
19.3872,3.78716,0
19.6254,3.60593,0
17.607,4.76689,0
19.5277,3.60269,0
17.6054,4.82674,0
19.5445,3.62394,0
19.46,3.60711,0
19.5576,3.66129,0
17.7226,4.76324,0
19.4693,3.82615,0
19.3395,3.60733,0
19.329,3.59063,0
19.4583,3.86134,0
17.6332,4.71934,0
17.5172,4.78083,0
19.5247,3.48492,0
19.4439,3.68096,0
19.4076,3.58206,0
17.4919,4.75822,0
17.682,4.8143,0
17.5303,4.71328,0
17.641,4.82476,0
17.5075,4.73499,0
19.6082,3.71258,0
17.5816,4.92452,0
19.6334,3.63652,0
19.546,3.77444,0
19.5984,3.68157,0
19.4549,3.76304,0
17.5033,4.75666,0
19.6325,3.75303,0
19.5352,3.79261,0
17.649,4.73732,0
19.5042,3.54024,0
19.5448,3.57928,0
19.3793,3.65279,0
17.568,4.70263,0
19.6259,3.60482,0
19.4555,3.69303,0
19.633,3.68363,0
19.431,3.63426,0
17.2195,4.83322,0
19.3886,4.00142,0
19.4003,4.01364,0
19.4645,3.92298,0
19.3367,4.01867,0
17.2559,4.88308,0
19.4508,3.97715,0
19.392,4.0437,0
17.3272,4.85279,0
19.4002,4.04375,0
17.2656,4.87316,0
17.3643,4.81751,0
19.4887,3.96252,0
19.461,3.87906,0
17.1759,4.87356,0
19.5078,4.03623,0
17.2455,4.87944,0
19.4842,3.94119,0
19.344,4.04184,0
17.2805,4.85436,0
17.2255,4.84539,0
19.4437,3.91752,0
19.3377,4.01525,0
17.2096,4.85618,0
17.3584,4.78245,0
17.4238,4.78257,0
19.4758,3.9958,0
19.3307,4.03397,0
17.2182,4.83298,0
19.4498,4.03137,0
19.4432,4.01712,0
17.3369,4.84918,0
17.2015,4.89124,0
19.4188,4.05686,0
17.1774,4.84434,0
19.4688,4.02244,0
19.5089,4.01814,0
19.3956,4.00492,0
17.2027,4.90435,0
19.4732,3.92635,0
19.4512,3.91245,0
19.4376,3.99102,0
19.4772,4.00964,0
17.2614,4.82063,0
17.2359,4.83425,0
19.3578,4.01518,0
17.3513,4.77735,0
17.3514,4.83234,0
17.2192,4.89642,0
17.3303,4.80158,0
17.3208,4.83097,0
17.3604,4.81091,0
19.4082,4.01051,0
17.3686,4.77249,0
19.4037,4.01208,0
19.4329,4.02855,0
17.2056,4.84659,0
19.4912,4.02936,0
17.3083,4.80571,0
19.35,4.0725,0
17.1898,4.91466,0
17.2192,4.8912,0
19.3925,3.99955,0
19.3647,4.06238,0
19.4546,3.97798,0
19.4658,3.94362,0
17.2466,4.83246,0
19.4101,4.00258,0
19.4002,4.05899,0
17.2621,4.82954,0
19.4984,4.00874,0
19.3666,4.01693,0
19.3441,4.01553,0
19.3864,4.02072,0
19.3834,4.00259,0
19.3381,4.01339,0
19.5078,4.00704,0
19.4318,3.90967,0
19.4648,3.89798,0
19.33,4.04372,0
17.4103,4.80453,0
19.3522,4.06401,0
17.3649,4.81459,0
19.4263,3.92398,0
17.1911,4.88915,0
19.3706,4.16779,0
19.2968,4.19805,0
19.3814,4.13296,0
17.0453,4.87831,0
19.324,4.14913,0
19.3702,4.15282,0
19.2867,4.19255,0
19.3966,4.15334,0
19.3548,4.17701,0
19.3347,4.14039,0
19.354,4.14367,0
19.3949,4.09354,0
19.2695,4.19878,0
17.0315,4.87499,0
19.2989,4.19011,0
17.0573,4.8568,0
19.2414,4.17667,0
19.3968,4.14938,0
19.3667,4.09185,0
19.2794,4.16299,0
19.3558,4.15057,0
19.3389,4.14517,0
17.0746,4.84338,0
19.2406,4.19472,0
19.291,4.17373,0
19.3029,4.18314,0
19.2768,4.1726,0
17.2368,4.90603,0
17.3201,4.87599,0
17.4554,4.8267,0
17.3158,4.87224,0
19.4879,3.91686,0
19.4028,4.0794,0
17.4587,4.82033,0
17.3616,4.86472,0
17.3367,4.87783,0
17.4531,4.83587,0
19.5173,4.03696,0
19.5331,4.01708,0
19.109,4.38621,0
19.0933,4.40223,0
16.7367,4.74763,0
19.1191,4.36287,0
19.0273,4.40172,0
19.0668,4.37412,0
19.0723,4.38409,0
19.0198,4.37496,0
19.0264,4.42192,0
19.0125,4.36856,0
19.1776,4.39021,0
16.7368,4.78482,0
19.0845,4.36677,0
19.1861,4.38379,0
19.0417,4.35835,0
19.1553,4.35658,0
19.18,4.37287,0
19.0223,4.39906,0
19.029,4.36997,0
19.0669,4.4145,0
19.0616,4.37132,0
19.1399,4.38661,0
19.0448,4.40308,0
19.101,4.34786,0
19.0399,4.3805,0
19.0789,4.37885,0
19.0439,4.43611,0
19.1791,4.41485,0
19.1598,4.41949,0
16.7231,4.7704,0
16.7269,4.76371,0
16.7156,4.75743,0
19.1816,4.40579,0
19.18,4.40371,0
16.6559,4.70746,0
16.6492,4.70629,0
19.0426,4.45095,0
16.6292,4.71857,0
19.0574,4.46074,0
16.6862,4.7276,0
16.6453,4.70993,0
16.6473,4.74109,0
18.9616,4.48241,0
18.9956,4.4683,0
19.0594,4.44228,0
16.6817,4.68293,0
16.6396,4.72199,0
18.9716,4.48887,0
19.0411,4.46835,0
18.9571,4.47442,0
19.3335,4.22377,0
19.2435,4.25146,0
19.2759,4.23027,0
19.3859,4.20068,0
19.363,4.18739,0
19.3697,4.17653,0
19.4154,4.18389,0
19.3075,4.23153,0
19.3533,4.1892,0
19.2577,4.23139,0
19.247,4.21414,0
19.4157,4.19872,0
19.3754,4.20957,0
19.3734,4.19382,0
19.4078,4.08557,0
17.1312,4.8912,0
17.1709,4.87108,0
19.4077,4.12167,0
17.0977,4.88307,0
19.4319,4.1318,0
17.0951,4.89829,0
17.1458,4.86364,0
19.4242,4.12555,0
17.151,4.88936,0
19.4547,4.15815,0
19.4463,4.10906,0
17.1669,4.88468,0
17.1159,4.87724,0
19.2072,4.3897,0
19.2041,4.41486,0
18.4716,4.5878,0
18.5407,4.57762,0
18.8375,4.62037,0
18.7934,4.64461,0
18.7137,4.62535,0
18.5722,4.62549,0
18.8624,4.63325,0
18.2122,4.65184,0
18.2709,4.62505,0
19.0349,0.74174,0
18.8172,4.66158,0
18.8609,4.62868,0
18.8521,4.60915,0
18.5166,4.592,0
18.8424,4.66507,0
18.2313,4.63642,0
18.6369,4.56982,0
18.7621,4.65929,0
18.872,4.62185,0
18.8707,4.67055,0
18.3967,4.64284,0
18.6196,4.67701,0
18.7105,4.57976,0
18.7561,4.66238,0
18.221,4.66092,0
18.6882,4.56705,0
18.6577,4.59809,0
18.4135,4.64171,0
18.3998,4.64944,0
18.6698,4.59383,0
18.5173,4.64418,0
18.5368,4.62254,0
18.2804,4.62277,0
18.7891,4.56857,0
18.4863,4.62752,0
18.2401,4.62125,0
18.2918,4.61985,0
18.6554,4.57163,0
19.0318,0.7164,0
18.7672,4.59567,0
18.699,4.65484,0
18.7791,4.57588,0
18.5392,4.65291,0
18.5127,4.59165,0
18.607,4.57363,0
18.7185,4.64958,0
18.5935,4.59537,0
18.7625,4.56762,0
18.4328,4.63725,0
18.8635,4.68152,0
18.6532,4.62394,0
18.666,4.59739,0
18.3837,4.65742,0
18.7041,4.64724,0
18.4632,4.57263,0
18.4625,4.58623,0
18.684,4.65755,0
18.8791,4.55443,0
18.6914,4.576,0
18.6245,4.60699,0
18.6052,4.61211,0
18.842,4.6516,0
18.3856,4.6504,0
18.4511,4.64268,0
19.0352,0.74004,0
18.7776,4.64651,0
18.319,4.62201,0
18.4633,4.61042,0
18.7195,4.60232,0
18.5181,4.61447,0
18.5211,4.58892,0
18.4509,4.59844,0
18.7466,4.56473,0
18.5937,4.66011,0
18.7722,4.60559,0
18.8837,4.60991,0
18.576,4.65828,0
18.8006,4.62406,0
18.3502,4.65307,0
18.7569,4.67975,0
18.5242,4.57035,0
18.8228,4.62877,0
18.6736,4.6449,0
18.7989,4.59168,0
18.7719,4.60663,0
18.7105,4.58565,0
18.7559,4.6338,0
18.4355,4.669,0
18.6809,4.62479,0
18.6496,4.62184,0
18.5522,4.60882,0
18.8512,4.59131,0
18.7344,4.63539,0
18.7207,4.66618,0
18.318,4.62392,0
18.7581,4.6628,0
18.4589,4.61023,0
18.4478,4.5939,0
18.7779,4.6291,0
18.8664,4.6161,0
18.3353,4.63287,0
18.4398,4.63989,0
18.7964,4.61913,0
18.4587,4.58369,0
18.4549,4.59665,0
18.6404,4.61247,0
18.5569,4.62423,0
18.8056,4.5947,0
18.4868,4.57787,0
18.5205,4.58257,0
18.6779,4.64282,0
18.7137,4.58099,0
18.6095,4.57511,0
18.3097,4.67324,0
18.6449,4.68323,0
18.7278,4.68673,0
18.6195,4.68236,0
19.0375,0.72752,0
18.4596,4.67853,0
18.2029,4.66181,0
18.7952,4.68634,0
18.2412,4.66631,0
18.3137,4.66845,0
18.4998,4.67638,0
18.5351,4.67788,0
19.0359,4.57098,0
19.0299,4.50703,0
18.904,4.55644,0
18.7998,0.61904,0
19.0596,4.48999,0
18.9961,4.57135,0
19.0508,4.51427,0
18.852,0.63747,0
19.0375,4.49866,0
18.8075,0.64273,0
18.8102,0.63841,0
18.9505,4.51105,0
18.9554,4.56523,0
19.0504,4.59805,0
19.0119,4.49306,0
18.9814,4.57056,0
18.9294,4.55903,0
18.9671,4.50257,0
18.9502,4.56479,0
19.0185,4.53616,0
18.8495,0.61294,0
19.0009,4.5794,0
18.969,4.59944,0
19.0337,4.60096,0
18.9586,4.50146,0
19.0166,4.53942,0
18.8314,0.63165,0
18.9328,4.56046,0
18.9422,4.59878,0
18.9528,4.57935,0
18.9427,4.57266,0
18.8062,0.61843,0
18.8204,0.60931,0
19.0416,4.57382,0
19.0029,4.60308,0
19.008,4.5753,0
19.0152,4.52727,0
18.9919,4.53957,0
18.8029,4.76522,0
18.6174,4.68985,0
18.4006,4.71684,0
18.5156,4.72252,0
18.7566,4.75195,0
18.3016,4.70931,0
18.8111,4.71491,0
18.5948,4.69219,0
18.6464,4.70085,0
18.4785,4.69031,0
18.7988,4.76596,0
18.6385,4.70276,0
16.3439,4.54946,0
19.1292,0.83685,0
18.2461,4.6903,0
18.3857,4.68845,0
18.4268,4.68643,0
18.2342,4.67097,0
18.5231,4.68255,0
18.2591,4.68136,0
18.1835,4.67279,0
19.1451,0.79091,0
18.5886,4.69743,0
18.6311,4.70756,0
18.4924,4.73101,0
18.7782,4.70328,0
18.5692,4.75137,0
19.1238,0.82113,0
18.5138,4.70205,0
18.5578,4.69605,0
18.2468,4.71415,0
18.2532,4.69185,0
18.7564,4.74957,0
18.5738,4.69378,0
19.1218,0.82164,0
18.4977,4.68367,0
18.596,4.72518,0
18.6689,4.74432,0
18.4663,4.73422,0
18.4567,4.73293,0
18.4345,4.73548,0
18.3709,4.69456,0
19.1438,0.8299,0
18.6865,4.73688,0
18.7969,4.70163,0
18.6261,4.70691,0
18.5568,4.69855,0
18.3629,4.6935,0
18.5567,4.73135,0
19.1346,0.79934,0
16.3342,4.54472,0
18.4598,4.69805,0
19.1369,0.79871,0
18.4876,4.7243,0
18.5586,4.72269,0
18.1826,4.67297,0
18.291,4.69689,0
18.5465,4.70689,0
18.5532,4.70078,0
18.2025,4.67587,0
18.2122,4.71031,0
18.5486,4.68752,0
18.6916,4.74063,0
18.3794,4.6784,0
19.1132,0.85887,0
18.2134,4.67773,0
18.5181,4.72812,0
18.67,4.72379,0
18.2247,4.69843,0
19.1402,0.85801,0
18.688,4.71931,0
18.77,4.75232,0
18.3281,4.67426,0
18.5813,4.68915,0
18.7504,4.71265,0
18.317,4.6773,0
18.677,4.71264,0
16.3276,4.55684,0
18.1854,4.70376,0
18.4569,4.68667,0
19.1176,0.83561,0
18.6065,4.6979,0
18.8027,4.76924,0
18.6078,4.69938,0
18.2501,4.6855,0
18.749,4.71589,0
18.4848,4.71261,0
18.2763,4.67555,0
19.1386,0.84533,0
18.5756,4.74614,0
18.5847,4.74872,0
18.4964,4.70162,0
18.2249,4.68253,0
18.7438,4.72736,0
18.812,4.71942,0
18.7013,4.70366,0
18.2486,4.68186,0
18.712,4.74034,0
18.6243,4.73323,0
18.7034,4.74088,0
18.3113,4.71914,0
18.2551,4.69535,0
18.927,4.61764,0
19.0628,0.73209,0
18.9142,4.67346,0
18.9069,4.66013,0
18.8977,4.62814,0
18.8944,4.66208,0
18.8934,4.67204,0
18.8887,4.70718,0
18.8921,4.65502,0
19.1506,1.77359,0
18.167,4.7553,0
18.5373,4.78181,0
18.6332,4.83868,0
19.1682,1.6523,0
18.3492,4.79031,0
18.1992,4.73116,0
18.4926,4.80743,0
18.285,4.78367,0
18.4799,4.79333,0
18.4904,4.78418,0
19.1966,1.52795,0
18.5891,4.79819,0
18.2253,4.74373,0
19.1488,1.7583,0
18.4981,4.81258,0
19.2559,0.91204,0
18.6281,4.79384,0
19.1377,1.68262,0
19.1675,1.66105,0
18.5862,4.78238,0
19.1799,1.62998,0
19.1695,1.76514,0
19.307,0.90581,0
18.253,4.74306,0
19.1721,1.59839,0
19.2116,1.52009,0
16.1999,4.40513,0
19.2063,1.55964,0
18.1946,4.75072,0
18.518,4.78779,0
18.2647,4.75287,0
18.538,4.82212,0
19.228,1.44966,0
19.2091,0.88433,0
18.2842,4.72966,0
18.6516,4.8086,0
19.2878,0.93203,0
19.2889,0.98205,0
18.4859,4.78616,0
18.4403,4.80611,0
18.5573,4.76536,0
18.6362,4.82906,0
19.2945,0.9529,0
18.6229,4.83241,0
19.1903,1.67326,0
18.4157,4.74957,0
18.524,4.8081,0
18.4734,4.79202,0
19.2515,0.98502,0
18.5524,4.8134,0
19.1039,1.75161,0
18.6282,4.77709,0
18.422,4.80055,0
19.1679,1.62362,0
19.2889,0.94344,0
19.1782,1.55654,0
19.2085,0.88472,0
19.3011,0.91644,0
18.161,4.75034,0
18.2845,4.74318,0
18.2593,4.74098,0
18.5023,4.82122,0
18.5972,4.75533,0
18.4225,4.76514,0
18.3181,4.75092,0
19.1744,1.66852,0
19.1321,1.73731,0
19.2849,0.90077,0
18.6322,4.83185,0
18.5806,4.80687,0
18.5192,4.81969,0
18.1235,4.74801,0
18.543,4.79595,0
18.2948,4.74006,0
19.195,1.58789,0
19.1721,1.59466,0
19.1521,1.63889,0
18.2749,4.74905,0
18.5934,4.8145,0
19.1508,1.66781,0
18.4968,4.76805,0
19.1658,1.72532,0
18.3741,4.79175,0
19.2457,0.90601,0
19.2539,0.92103,0
19.1687,1.65796,0
19.1864,0.88568,0
18.5197,4.80824,0
19.1796,1.56284,0
18.5147,4.77924,0
18.517,4.74827,0
18.5948,4.81773,0
18.519,4.77736,0
18.5541,4.80003,0
18.5653,4.82864,0
18.1897,4.72698,0
19.2734,0.94235,0
18.2522,4.7535,0
18.3721,4.76156,0
18.4032,4.79337,0
18.6211,4.83653,0
18.3333,4.76386,0
18.4608,4.76527,0
19.1375,1.7746,0
18.4977,4.80433,0
19.1692,1.78539,0
18.5704,4.80739,0
19.1832,1.55253,0
19.1154,1.75497,0
18.5685,4.76819,0
19.2529,1.00418,0
19.1304,1.7172,0
18.2861,4.78419,0
18.3469,4.74311,0
18.4616,4.79229,0
18.284,4.77905,0
19.2322,1.4515,0
18.503,4.81667,0
18.4277,4.77526,0
18.6312,4.76445,0
18.4866,4.77698,0
18.5505,4.82452,0
19.3051,1.00378,0
18.6044,4.76431,0
18.4377,4.76872,0
18.4972,4.79172,0
18.379,4.77914,0
18.4574,4.75522,0
18.2285,4.7591,0
18.139,4.78388,0
19.2559,1.53765,0
18.2595,4.80117,0
18.3362,4.80731,0
18.2731,4.80566,0
18.4269,4.83904,0
19.1905,1.80246,0
19.3102,1.39464,0
18.357,4.83165,0
19.3727,1.04132,0
19.3221,1.33986,0
18.573,4.87922,0
19.2279,1.48318,0
19.2985,1.44701,0
19.2541,1.66167,0
18.3167,4.79897,0
19.3306,1.14327,0
16.151,4.37011,0
19.2952,1.41604,0
18.1115,4.7613,0
18.5353,4.87494,0
19.2418,1.58534,0
18.043,4.74652,0
19.2501,1.40626,0
18.49,4.83481,0
18.5128,4.8241,0
19.3001,1.47627,0
18.0698,4.77276,0
19.2326,1.54198,0
19.3136,1.2902,0
18.3403,4.82895,0
19.245,1.71091,0
19.3519,1.13774,0
19.2811,1.49413,0
19.1974,1.81019,0
19.1951,1.74655,0
19.3634,0.96679,0
19.3214,1.27729,0
19.322,1.31153,0
19.2185,1.55093,0
18.3209,4.81982,0
19.2887,1.48277,0
18.0434,4.75219,0
19.1992,1.77527,0
19.2038,1.69199,0
19.2479,1.62829,0
19.2988,1.34512,0
16.1918,4.36182,0
19.3471,0.9913,0
19.3396,1.12767,0
18.3593,4.82044,0
16.1563,4.35946,0
19.3353,1.06804,0
18.5832,4.86229,0
18.5336,4.84846,0
19.3712,1.09942,0
19.265,1.39044,0
16.1623,4.36521,0
19.3708,1.11528,0
18.1402,4.78056,0
18.2734,4.79268,0
18.2806,4.80874,0
19.2211,1.59794,0
18.18,4.79107,0
19.3274,1.03436,0
19.3874,0.98777,0
19.3889,1.01348,0
19.2804,1.38584,0
16.1527,4.36423,0
19.226,1.79898,0
18.452,4.81372,0
19.1831,1.82845,0
19.3535,1.13439,0
19.3315,1.1349,0
19.2344,1.52802,0
19.3208,1.27021,0
18.3537,4.83068,0
19.3418,1.14481,0
19.2144,1.74602,0
19.1875,1.78891,0
18.4271,4.81697,0
18.2007,4.78837,0
18.3231,4.80419,0
19.2161,1.58541,0
19.2552,1.38144,0
19.3611,1.13797,0
19.3628,1.11616,0
18.5827,4.85152,0
19.1906,1.78862,0
19.2808,1.46248,0
19.2644,1.36916,0
19.2026,1.63217,0
19.2903,1.36979,0
19.2485,1.44794,0
19.2737,1.29482,0
19.2588,1.36727,0
19.2418,1.71224,0
19.3016,1.28964,0
19.3606,1.1427,0
19.2246,1.61833,0
19.2575,1.45274,0
19.3018,1.42287,0
19.3349,1.15328,0
19.2702,1.58373,0
18.2665,4.79145,0
19.3313,1.21215,0
19.2483,1.63251,0
19.2518,1.61503,0
19.3579,1.1616,0
18.5144,4.85477,0
18.5789,4.83492,0
18.5584,4.87852,0
19.3266,1.02716,0
19.2426,1.45848,0
18.3828,4.81735,0
19.2948,1.23687,0
19.3809,1.06004,0
19.3408,1.0512,0
19.2333,1.66327,0
16.1838,4.36502,0
19.2945,1.42025,0
18.3437,4.82766,0
19.2495,1.42641,0
19.2495,1.47594,0
19.2783,1.35309,0
19.2046,1.69918,0
19.3007,1.44994,0
19.3323,0.98819,0
18.4789,4.81796,0
18.0445,4.74621,0
19.3636,1.09222,0
18.502,4.86279,0
19.3649,1.01196,0
16.1886,4.36499,0
18.1141,4.76379,0
19.3379,1.2613,0
19.3498,1.14823,0
19.2639,1.47645,0
19.2565,1.60142,0
19.2403,1.5488,0
18.4321,4.83297,0
19.2887,1.50006,0
19.1874,1.82955,0
19.2641,1.35379,0
19.3124,0.99241,0
18.468,4.82289,0
19.2837,1.28626,0
19.3838,1.00892,0
19.2866,1.26082,0
19.2147,1.84615,0
19.3692,1.06776,0
19.3131,1.02806,0
19.2964,1.48216,0
19.3022,1.36598,0
18.7095,4.7747,0
18.6666,4.81862,0
18.7107,4.77796,0
19.2475,0.88813,0
16.2553,4.45028,0
16.2425,4.44599,0
18.6759,4.82329,0
19.2355,0.88827,0
18.6931,4.83567,0
18.7009,4.79736,0
19.229,0.88099,0
19.2034,0.87823,0
18.6963,4.79325,0
18.6788,4.81492,0
19.1726,0.87701,0
19.7542,3.91552,0
17.5939,4.95596,0
17.5615,4.9595,0
17.5327,4.97698,0
17.5843,4.95652,0
19.6385,3.91057,0
19.5821,3.80793,0
19.5557,3.43106,0
17.7973,4.84337,0
19.5302,3.37445,0
19.6783,3.90328,0
17.6494,4.96908,0
17.8,4.85734,0
19.5898,3.89339,0
19.4754,3.26341,0
17.7001,4.92654,0
19.4912,3.31652,0
19.7166,3.97904,0
17.7582,4.89061,0
19.5102,3.87726,0
19.6444,3.78245,0
19.5953,3.89895,0
19.6979,3.89665,0
19.6569,3.77943,0
19.6179,3.8103,0
19.4424,3.21022,0
19.7224,3.83374,0
19.4699,3.25157,0
19.5277,4.07419,0
17.5087,4.92748,0
17.6151,4.93121,0
19.7014,3.79386,0
17.7891,4.81581,0
19.5207,3.88691,0
19.6871,3.89015,0
17.8448,4.82736,0
19.5574,4.02111,0
17.6222,4.9664,0
19.6301,3.9065,0
19.5224,3.3527,0
19.6829,3.7756,0
17.6695,4.93416,0
17.6905,4.87945,0
17.6697,4.92012,0
17.6456,4.92879,0
19.5368,3.97575,0
19.7505,3.86485,0
19.7217,3.91648,0
19.7267,3.79656,0
17.7163,4.90409,0
17.6727,4.88971,0
19.5745,4.04564,0
19.6092,3.86677,0
17.7089,4.90218,0
19.728,3.95193,0
17.6786,4.92117,0
17.794,4.88376,0
19.4925,3.85797,0
19.5144,3.96096,0
17.7001,4.94558,0
19.681,3.83415,0
19.6211,3.91097,0
19.764,3.88536,0
17.5146,4.93571,0
19.6432,3.87276,0
19.4546,3.26408,0
19.4931,4.08335,0
19.6382,3.80781,0
19.5544,4.00552,0
19.5984,3.82647,0
17.8632,4.85529,0
19.6902,3.78677,0
17.8566,4.87043,0
17.6874,4.8784,0
19.6727,4.00056,0
17.5645,4.97677,0
19.4918,3.90277,0
17.614,4.94644,0
17.5889,4.99963,0
19.5827,3.79689,0
17.9587,4.82337,0
19.5966,3.986,0
17.6341,4.93254,0
19.5008,3.87611,0
19.6591,3.79783,0
19.534,3.37763,0
19.6832,3.76685,0
17.5946,4.9621,0
17.5703,4.98566,0
19.7442,3.818,0
17.5428,4.97187,0
19.5404,3.96123,0
19.7052,3.87243,0
17.6265,4.99515,0
19.6099,3.96604,0
17.8856,4.86383,0
19.6145,3.88906,0
19.6647,3.75216,0
19.5972,3.90049,0
19.5852,3.92036,0
19.5128,3.83807,0
19.5603,3.94017,0
17.9432,4.82929,0
17.8708,4.87285,0
19.5293,3.90636,0
19.5406,3.41265,0
17.852,4.87623,0
17.8462,4.86885,0
19.6268,4.02115,0
17.6544,4.92378,0
17.5613,5.02279,0
19.5509,4.05354,0
19.6256,3.9461,0
19.6354,3.89578,0
19.6299,3.88496,0
19.5127,4.0645,0
19.6332,4.01343,0
19.6384,3.96238,0
19.5985,3.97348,0
17.9186,4.81115,0
17.7347,4.92755,0
17.7882,4.87288,0
17.8383,4.79825,0
17.5791,5.00112,0
17.8409,4.89004,0
19.6126,3.82228,0
19.6615,3.92018,0
17.8,4.81658,0
19.5878,4.01836,0
19.6206,3.8009,0
19.7248,3.87052,0
19.6098,3.84055,0
17.6404,4.94929,0
19.5156,3.33985,0
17.5016,4.9137,0
17.666,4.93173,0
17.9011,4.86307,0
19.5225,4.06609,0
19.5031,4.06152,0
17.9066,4.80942,0
19.7518,3.89597,0
19.6301,3.99331,0
19.6211,3.77533,0
17.6457,4.90909,0
19.7548,3.96451,0
19.561,4.01936,0
19.54,3.40741,0
17.8105,4.88498,0
19.5104,3.3386,0
19.6157,4.01501,0
19.6658,3.84264,0
19.7148,3.94968,0
19.4968,3.90824,0
19.4682,3.26879,0
19.5621,3.88263,0
17.8411,4.89086,0
19.6063,3.83323,0
17.8826,4.83664,0
19.4401,3.22841,0
19.7636,3.89252,0
17.801,4.8145,0
17.7569,4.85384,0
19.5402,4.04479,0
17.4918,4.88851,0
17.7667,4.91633,0
19.5793,4.0074,0
19.5082,3.88487,0
19.7101,3.91454,0
19.6562,3.99354,0
17.693,4.89633,0
19.6651,3.80982,0
19.753,3.93107,0
19.6811,3.81911,0
19.7073,3.98611,0
17.8076,4.83945,0
19.493,4.05207,0
17.8928,4.85521,0
17.6892,4.92914,0
17.6088,4.98038,0
19.7152,3.82621,0
17.5558,5.00698,0
19.5592,3.44315,0
19.7379,3.82965,0
19.6119,3.93762,0
19.7895,3.94007,0
19.7487,3.83803,0
19.5864,3.88629,0
17.7939,4.90973,0
19.7352,3.92033,0
19.6989,3.99549,0
19.5442,3.40267,0
19.5899,3.88382,0
17.785,4.90401,0
19.7261,3.83004,0
17.7686,4.89748,0
19.5071,3.34448,0
19.5387,3.86477,0
19.5462,3.91761,0
19.7322,3.97523,0
17.4926,4.8883,0
17.5734,4.99864,0
17.9519,4.8235,0
19.7079,3.74838,0
19.6313,3.84826,0
17.6733,4.89524,0
19.7176,3.86097,0
19.5657,3.81635,0
17.8022,4.80806,0
19.5442,3.96762,0
19.6362,3.86833,0
17.8799,4.81284,0
17.7782,4.86414,0
17.5227,4.93381,0
19.5231,3.90346,0
19.7276,3.85988,0
19.623,3.81395,0
19.7425,3.87808,0
19.467,3.2815,0
17.8092,4.81848,0
19.547,3.89858,0
19.7448,3.85114,0
19.7973,3.80569,0
19.6287,3.52531,0
17.8209,4.91285,0
17.7195,4.96404,0
19.7847,3.77441,0
17.7813,4.94033,0
18.054,4.8029,0
19.6502,3.52447,0
19.744,3.71237,0
19.4889,3.20943,0
19.6262,3.49028,0
19.525,3.2605,0
19.4931,3.26564,0
19.6173,3.47506,0
19.7343,3.68196,0
17.8098,4.91347,0
17.6465,4.99682,0
19.641,3.50444,0
19.6513,3.50499,0
19.681,3.56226,0
17.7524,4.95481,0
17.6208,4.99854,0
19.7044,3.66641,0
19.5327,3.32109,0
19.4983,3.2851,0
19.4676,3.18217,0
17.8167,4.91626,0
19.5833,3.36368,0
19.5995,3.44472,0
19.6742,3.59764,0
19.679,3.60395,0
19.6873,3.59505,0
19.5621,3.37133,0
17.807,4.94073,0
17.9072,4.86858,0
19.5407,3.29204,0
19.5953,3.49579,0
19.4965,3.19279,0
19.7789,3.85074,0
18.025,4.8228,0
19.5297,3.3516,0
19.7298,3.64804,0
19.4645,3.2162,0
19.7944,3.79922,0
19.5347,3.35409,0
19.7244,3.73328,0
19.5027,3.25745,0
19.5558,3.30917,0
19.5478,3.29564,0
19.5605,3.39809,0
19.6677,3.54993,0
19.5529,3.32884,0
18.0425,4.81949,0
19.7654,3.80592,0
18.0233,4.82373,0
19.7086,3.70359,0
19.7102,3.73891,0
19.5043,3.24312,0
19.7192,3.75373,0
19.6467,3.59666,0
17.7802,4.93142,0
17.7205,4.97119,0
19.7426,3.8004,0
17.7094,4.97428,0
19.5911,3.48201,0
19.5277,3.35922,0
19.5715,3.3895,0
19.5056,3.26515,0
19.6879,3.62671,0
19.8049,3.83136,0
19.4673,3.21732,0
19.7415,3.77981,0
19.8361,3.9115,0
19.7528,3.79192,0
19.6803,3.60447,0
19.7366,3.70739,0
19.7248,3.71931,0
19.7503,3.75355,0
19.5046,3.24134,0
19.599,3.38884,0
19.7773,3.78916,0
19.5735,3.3963,0
19.8206,3.90576,0
19.6884,3.64388,0
19.7832,3.84149,0
19.7135,3.68481,0
19.7233,3.67308,0
17.7599,4.94441,0
19.6465,3.53587,0
19.7931,3.80476,0
19.7941,3.86975,0
19.643,3.53924,0
17.6526,5.01317,0
19.6726,3.56695,0
17.9065,4.87952,0
19.7443,3.78168,0
19.5412,3.36749,0
19.7757,3.77513,0
19.6332,3.49217,0
19.6183,3.4667,0
19.7646,3.7541,0
19.4667,3.17979,0
19.6012,3.48694,0
19.696,3.67897,0
19.729,3.73768,0
17.7181,4.98436,0
19.6161,3.45003,0
19.5737,3.35215,0
19.5606,3.34238,0
19.5261,3.28713,0
17.8295,4.90098,0
19.5032,3.233,0
19.7191,3.6682,0
19.5655,3.32328,0
19.7186,3.7513,0
17.7418,4.96639,0
17.846,4.89581,0
19.7881,3.83905,0
19.5769,3.42522,0
19.733,3.75716,0
19.8861,3.79614,0
19.8997,3.77952,0
19.617,3.2267,0
17.8216,4.96298,0
19.8052,3.61438,0
19.6234,3.38566,0
18.1518,4.82817,0
17.8831,4.92986,0
18.0744,4.81522,0
19.8905,3.7598,0
19.7679,3.49825,0
19.6318,3.32075,0
18.033,4.84103,0
19.3069,2.71448,0
19.2076,2.57609,0
19.6836,3.53461,0
19.8021,3.76824,0
18.0967,4.82232,0
19.513,3.18171,0
19.2943,2.68961,0
19.8395,3.61071,0
19.8365,3.62374,0
19.2794,2.67554,0
19.2223,2.57976,0
19.7301,3.48197,0
19.7299,3.55766,0
19.8146,3.79402,0
19.6913,3.4229,0
19.5077,3.17633,0
19.8672,3.75826,0
19.6089,3.27351,0
19.3043,2.69324,0
19.8484,3.63216,0
19.7395,3.61425,0
18.0737,4.85488,0
19.7453,3.55184,0
19.733,3.5873,0
17.8827,4.97809,0
19.7565,3.68201,0
19.6006,3.20864,0
17.8799,4.91811,0
17.8853,4.98395,0
17.9458,4.88719,0
19.3025,2.71203,0
19.7265,3.49872,0
19.6535,3.32379,0
19.6148,3.25069,0
19.8091,3.5745,0
19.8989,3.72128,0
19.8455,3.66483,0
19.7207,3.4561,0
19.7758,3.56627,0
19.2365,2.58652,0
19.6179,3.34247,0
17.9181,4.89353,0
19.769,3.51803,0
17.9904,4.85253,0
17.778,4.9721,0
19.2097,2.56794,0
19.815,3.58914,0
19.6404,3.395,0
17.9345,4.95316,0
17.8225,4.98763,0
19.2095,2.58901,0
19.8121,3.71817,0
17.8446,4.99552,0
17.8803,4.96986,0
17.9688,4.89111,0
19.7526,3.47718,0
19.5496,3.15724,0
19.726,3.59731,0
17.9706,4.8854,0
19.8318,3.70066,0
19.8731,3.68844,0
19.8928,3.82133,0
19.8093,3.56589,0
19.5494,3.15534,0
19.6779,3.41769,0
18.0768,4.87396,0
19.6214,3.2674,0
19.6135,3.2286,0
19.5807,3.19979,0
19.2188,2.56729,0
18.0683,4.83606,0
17.8188,4.95039,0
19.6384,3.36819,0
19.5247,3.18765,0
18.1133,4.8403,0
17.9984,4.91854,0
19.1805,2.52371,0
19.6914,3.45455,0
19.6402,3.28158,0
19.7747,3.66536,0
17.7763,4.96939,0
19.7887,3.564,0
19.9313,3.79215,0
19.8048,3.58552,0
17.8696,4.99899,0
19.6823,3.53733,0
19.2126,2.54593,0
19.823,3.68937,0
19.8083,3.56369,0
19.7377,3.49965,0
19.5532,3.26664,0
19.8081,3.71575,0
19.8138,3.57438,0
19.2694,2.63733,0
19.3253,2.73484,0
19.7441,3.64076,0
19.7367,3.55344,0
19.8795,3.73206,0
19.8195,3.80258,0
19.5525,3.16126,0
19.811,3.76717,0
19.6898,3.56001,0
19.7344,3.55338,0
19.4937,3.1577,0
19.7066,3.40152,0
17.8596,4.92816,0
17.9411,4.87465,0
19.7795,3.72996,0
19.8361,3.78161,0
19.8956,3.75437,0
17.9971,4.85483,0
19.5771,3.24832,0
18.092,4.86152,0
19.8221,3.69776,0
19.8434,3.63818,0
19.6768,3.3329,0
19.7023,3.38788,0
17.9128,4.92245,0
17.8345,5.01039,0
19.2851,2.68322,0
19.6992,3.43665,0
19.7041,3.5569,0
19.7334,3.59399,0
19.2399,2.61022,0
18.0574,4.86889,0
19.4982,3.16137,0
17.8382,4.98739,0
19.7461,3.56306,0
18.1248,4.84831,0
19.7349,3.5033,0
19.4939,3.17102,0
19.5858,3.33204,0
19.232,2.59129,0
19.861,3.72897,0
17.9681,4.9412,0
17.878,4.94906,0
19.7286,3.62504,0
19.2108,2.54172,0
19.5375,3.17189,0
19.7704,3.50701,0
19.7748,3.53744,0
19.8909,3.72374,0
19.811,3.6283,0
19.5044,3.1606,0
19.5094,3.17585,0
17.9111,4.96111,0
19.1871,2.56213,0
19.837,3.84707,0
17.8827,4.91193,0
17.8065,4.97351,0
18.0054,4.84845,0
19.7437,3.61905,0
18.0507,4.87232,0
19.5441,3.20351,0
18.0309,4.88009,0
19.7592,3.68907,0
19.7291,3.63829,0
18.0302,4.83749,0
18.0157,4.89234,0
17.9721,4.90242,0
19.629,3.3041,0
17.8752,4.92365,0
18.1002,4.80158,0
19.5325,3.20762,0
19.8342,3.63816,0
19.6014,3.31028,0
19.9359,3.79037,0
19.5135,3.1538,0
17.9747,4.85792,0
17.9369,4.95316,0
19.8449,3.85188,0
19.8264,3.62098,0
19.7098,3.43977,0
19.5545,3.1776,0
19.6659,3.50316,0
18.1558,4.80982,0
19.6739,3.42341,0
19.8974,3.71482,0
19.7126,3.56148,0
19.5555,3.15022,0
19.5327,3.13551,0
19.3382,2.7536,0
19.5664,3.22292,0
19.8026,3.71175,0
19.1937,2.56003,0
19.8556,3.83366,0
17.9201,4.92801,0
19.6215,3.3626,0
19.7822,3.56136,0
19.9042,3.80778,0
18.1097,4.84141,0
19.6837,3.39712,0
19.7461,3.50791,0
19.7101,3.46588,0
19.8343,3.71797,0
19.6845,3.41531,0
19.7632,3.56701,0
19.5261,3.18288,0
19.7575,3.51015,0
19.7453,3.52392,0
19.8766,3.67956,0
19.7337,3.51791,0
17.8395,4.99937,0
19.5809,3.32875,0
19.7874,3.6271,0
18.0315,4.84045,0
19.7648,3.62058,0
19.6945,3.36138,0
19.3119,2.69974,0
19.93,3.79366,0
19.7052,3.56169,0
19.8182,3.74794,0
17.9335,4.89636,0
19.6998,3.44641,0
19.517,3.19768,0
19.7886,3.54345,0
19.1973,2.54176,0
19.1896,2.53491,0
17.9488,4.91297,0
17.9063,4.92834,0
19.609,3.23893,0
19.5378,3.12693,0
19.7338,3.4862,0
19.8003,3.63305,0
19.517,4.10808,0
19.6868,4.01648,0
19.8214,3.95233,0
17.712,4.99296,0
17.7131,5.01103,0
19.5178,4.08628,0
19.4867,4.11217,0
19.8708,3.92343,0
19.5495,4.07009,0
19.7003,4.00554,0
19.7282,3.99922,0
19.569,4.0762,0
19.5198,4.10337,0
19.5601,4.08996,0
17.7206,4.99983,0
19.7337,3.9852,0
19.8672,3.90759,0
19.6706,4.01339,0
19.6013,4.05128,0
19.5464,4.08585,0
17.7332,4.98834,0
19.4723,4.13167,0
17.7022,5.01746,0
19.581,4.07804,0
19.6994,4.00606,0
17.7389,4.98272,0
19.6247,4.03629,0
19.3967,2.78269,0
19.3728,2.76527,0
18.178,4.83918,0
19.8588,3.56659,0
19.7205,3.30792,0
19.9055,3.66297,0
17.8548,5.00969,0
19.339,2.68198,0
19.9295,3.64916,0
19.785,3.40874,0
19.8545,3.60968,0
19.6884,3.34071,0
18.0048,4.96143,0
19.9579,3.72878,0
18.2272,4.84428,0
19.2282,2.51438,0
19.67,3.2121,0
19.4296,2.84739,0
19.8249,3.57898,0
19.7843,3.40565,0
19.9202,3.68057,0
19.8323,3.56467,0
19.3023,2.67164,0
17.9745,4.9934,0
18.1376,4.89591,0
18.0321,4.92603,0
19.7663,3.41707,0
17.869,5.00188,0
19.9853,3.74468,0
19.6572,3.23589,0
19.4246,2.82397,0
19.6874,3.30036,0
19.7325,3.4087,0
19.7619,3.41648,0
17.8992,4.98665,0
18.0122,4.92188,0
19.7314,3.31445,0
19.6522,3.26049,0
19.7789,3.4592,0
19.8939,3.69003,0
19.9779,3.72226,0
19.6331,3.17612,0
19.7725,3.41369,0
19.8524,3.54005,0
17.9252,4.99846,0
19.8099,3.49488,0
19.4853,2.92787,0
18.171,4.83789,0
18.0483,4.90401,0
19.4004,2.79684,0
19.8927,3.60784,0
18.1081,4.88919,0
19.8749,3.65325,0
17.9581,4.98132,0
19.9705,3.72713,0
19.7264,3.3924,0
17.8634,5.01243,0
19.9422,3.68728,0
19.888,3.68827,0
18.0383,4.90402,0
19.6173,3.14425,0
19.9469,3.71203,0
18.118,4.85646,0
19.7157,3.29134,0
18.079,4.89085,0
19.8271,3.5503,0
19.6636,3.28242,0
19.9485,3.71324,0
18.0813,4.92068,0
17.9011,5.02766,0
17.9024,4.98243,0
19.9375,3.74166,0
19.7448,3.39845,0
18.1649,4.87413,0
17.8963,5.04085,0
17.9839,4.97034,0
19.7208,3.33582,0
19.7719,3.48819,0
19.9478,3.72018,0
17.9477,5.01589,0
19.6903,3.33059,0
19.7552,3.36293,0
19.2474,2.57432,0
19.3807,2.80563,0
18.017,4.94208,0
19.9643,3.70858,0
19.6952,3.26331,0
19.5563,3.10595,0
17.9723,4.98875,0
19.8284,3.48671,0
19.917,3.72252,0
19.7041,3.27617,0
19.6197,3.21861,0
19.3188,2.65972,0
19.6777,3.24814,0
19.7967,3.45096,0
19.9804,3.74878,0
19.5882,3.1337,0
19.7198,3.37512,0
19.6501,3.21865,0
19.6248,3.19621,0
17.9028,5.02044,0
19.9224,3.67176,0
19.7256,3.33867,0
19.7377,3.35128,0
18.0351,4.9311,0
17.8597,5.01829,0
19.6265,3.14251,0
19.6609,3.29109,0
19.9383,3.64397,0
18.17,4.8654,0
19.8955,3.67774,0
17.9402,4.96,0
19.835,3.5687,0
19.7971,3.48466,0
19.3935,2.80735,0
19.6056,3.13462,0
17.8704,5.00033,0
19.8029,3.52772,0
19.9095,3.61083,0
19.7143,3.32059,0
18.2575,4.82495,0
19.7547,3.43985,0
18.0518,4.91311,0
19.896,3.67901,0
19.7484,3.3628,0
19.2493,2.58067,0
19.3237,2.7055,0
19.7472,3.35838,0
19.4021,2.8225,0
19.3771,2.78768,0
19.983,3.72721,0
18.2371,4.83052,0
19.9461,3.72976,0
19.7198,3.37036,0
19.935,3.76559,0
18.1899,4.84445,0
19.8324,3.53335,0
19.6415,3.22081,0
19.2744,2.62309,0
19.9255,3.62746,0
19.729,3.39315,0
19.6112,3.14632,0
19.9429,3.70231,0
19.7773,3.46314,0
19.8347,3.55506,0
19.6255,3.18919,0
19.8709,3.58515,0
19.9247,3.6572,0
17.8806,5.02061,0
19.9455,3.73063,0
19.6823,3.23216,0
19.9618,3.72687,0
19.7344,3.36379,0
19.7926,3.45103,0
19.8564,3.546,0
19.9179,3.62625,0
19.7241,3.33811,0
18.0947,4.87626,0
19.7828,3.44459,0
18.0847,4.91561,0
19.9298,3.6394,0
19.7389,3.04066,0
19.7876,3.3009,0
18.2023,5.03084,0
19.8525,3.19649,0
19.4699,2.87415,0
19.8885,3.33629,0
19.4876,2.70078,0
19.7207,3.09522,0
19.5419,2.88807,0
19.4825,2.87593,0
20.0598,3.4372,0
19.5395,2.99542,0
19.5716,2.93043,0
19.5197,2.92384,0
19.7135,3.05788,0
19.3482,2.57657,0
18.2005,4.94192,0
19.5574,2.91744,0
18.2136,4.89859,0
19.693,2.96553,0
19.975,3.46994,0
19.2371,2.51061,0
19.3084,2.49461,0
19.8212,3.27803,0
19.9169,3.32603,0
19.7525,3.06229,0
18.2448,4.91847,0
19.2504,2.50002,0
19.7458,3.1433,0
19.6477,2.92686,0
19.7541,3.02829,0
20.0227,3.47892,0
19.7518,3.08465,0
19.368,2.70008,0
19.8009,3.2747,0
19.9352,3.42561,0
18.2891,4.84756,0
19.584,2.92391,0
19.8897,3.22514,0
19.4958,2.88058,0
19.3125,2.63571,0
19.9426,3.40402,0
19.508,2.87135,0
19.4553,2.6532,0
20.0079,3.49057,0
19.4533,2.7711,0
20.0064,3.48133,0
19.7566,3.29928,0
19.4992,2.9077,0
19.243,2.49459,0
18.2755,4.93828,0
19.4922,2.87903,0
19.6833,3.10611,0
19.4612,2.82545,0
18.1123,4.94536,0
20.0009,3.51375,0
19.6285,2.93161,0
19.6726,3.19667,0
18.2414,4.89662,0
19.5542,2.86133,0
19.7226,3.09852,0
19.7009,3.0374,0
18.2405,4.87754,0
20.0108,3.36205,0
19.3261,2.59519,0
18.226,4.88152,0
20.0027,3.37191,0
19.4821,2.70145,0
19.9221,3.51539,0
19.59,2.82636,0
19.3128,2.53427,0
19.9777,3.47202,0
19.474,2.87978,0
19.9603,3.36017,0
20.004,3.46849,0
19.2851,2.54438,0
18.166,5.01681,0
19.733,3.18863,0
19.8931,3.19011,0
19.3418,2.5702,0
19.6887,3.22328,0
19.522,2.8529,0
19.8899,3.46444,0
19.9375,3.4269,0
19.7604,3.34451,0
19.3096,2.605,0
18.3794,4.88467,0
19.7305,3.15803,0
18.3298,4.88786,0
19.8565,3.23908,0
19.4101,2.69207,0
19.3143,2.61553,0
19.5443,2.93781,0
19.7525,3.31694,0
19.95,3.2986,0
18.2891,4.93963,0
19.3793,2.67489,0
19.3102,2.47935,0
19.9851,3.48212,0
19.5168,2.87876,0
19.82,3.30677,0
19.9062,3.41049,0
19.7839,3.30415,0
18.1804,5.03883,0
19.741,3.15262,0
19.5123,2.77457,0
19.6993,3.06391,0
19.6947,3.02956,0
18.2028,4.91553,0
19.3164,2.59298,0
18.1832,4.9911,0
19.6892,3.23205,0
19.9572,3.30697,0
19.967,3.32642,0
19.4931,2.92566,0
18.2313,4.93971,0
19.3987,2.69615,0
19.821,3.32021,0
19.7339,3.06245,0
19.4099,2.62704,0
19.8264,3.1339,0
19.6088,2.9058,0
19.7414,3.15983,0
19.7536,3.05291,0
19.8793,3.47658,0
19.8735,3.35147,0
19.685,3.17037,0
19.8951,3.28154,0
19.559,2.93141,0
19.8466,3.16844,0
19.8777,3.45116,0
19.2762,2.44009,0
19.2725,2.46279,0
19.9726,3.28611,0
19.6329,3.08097,0
19.8139,3.37642,0
19.7682,3.07588,0
18.3503,4.87777,0
19.6446,2.9903,0
19.8805,3.21831,0
20.0396,3.3873,0
19.5369,2.91192,0
19.5407,2.98698,0
19.3221,2.61248,0
19.9473,3.35142,0
19.9885,3.56306,0
19.6608,3.02461,0
19.5126,2.87587,0
19.3998,2.68778,0
19.9195,3.46795,0
19.4594,2.79118,0
19.8494,3.26404,0
19.63,3.06374,0
19.9221,3.26982,0
20.0501,3.44751,0
19.7601,3.25445,0
18.242,4.97925,0
19.3434,2.53445,0
19.8103,3.10593,0
20.015,3.39871,0
19.2547,2.52411,0
19.5824,2.98548,0
19.7967,3.2736,0
19.5323,2.87326,0
19.3628,2.59013,0
19.3369,2.58631,0
19.547,2.91683,0
18.2342,4.88262,0
19.6675,2.97906,0
18.3274,4.83578,0
19.4288,2.68314,0
19.5358,2.97337,0
19.7926,3.12016,0
19.5139,2.85606,0
19.8804,3.24109,0
19.3343,2.62801,0
19.5544,2.98014,0
18.307,4.91888,0
19.4225,2.69369,0
19.3162,2.57331,0
19.7205,3.17162,0
19.8601,3.23253,0
19.7308,3.22904,0
19.6772,3.03062,0
19.351,2.65448,0
18.2185,4.89299,0
18.2104,5.0043,0
18.3054,4.8751,0
19.7211,3.13904,0
19.331,2.61817,0
19.4358,2.76116,0
19.9327,3.48455,0
19.4858,2.76141,0
19.5169,2.7598,0
19.4885,2.70372,0
19.8157,3.36177,0
19.2581,2.52128,0
19.6422,3.13581,0
19.9228,3.2624,0
19.808,3.4249,0
19.8974,3.56315,0
19.9824,3.47035,0
19.9994,3.34486,0
19.2461,2.50433,0
19.8396,3.15302,0
19.5537,2.95939,0
19.2637,2.5044,0
19.5992,3.05049,0
19.8047,3.34474,0
19.6042,2.93467,0
19.4643,2.69619,0
19.9373,3.57954,0
18.2656,4.84816,0
19.9923,3.51704,0
19.6014,2.96797,0
19.5802,3.02898,0
18.2321,4.99372,0
19.4992,2.85273,0
19.8686,3.24455,0
19.937,3.44648,0
19.6835,3.05533,0
19.8056,3.26402,0
19.2886,2.47742,0
19.4238,2.74341,0
19.6275,2.8681,0
19.9442,3.44218,0
19.5178,2.82378,0
19.2707,2.50948,0
19.8373,3.32095,0
19.9595,3.27816,0
19.8692,3.32834,0
19.7166,3.12061,0
19.357,2.66812,0
19.5385,2.90813,0
19.5274,2.79557,0
19.6005,3.02717,0
19.7891,3.3128,0
19.531,2.78804,0
19.6638,2.95234,0
19.7712,3.19341,0
19.5701,2.81168,0
19.7742,3.26364,0
20.0123,3.3564,0
19.9213,3.54344,0
19.9606,3.56833,0
19.896,3.53077,0
19.6989,3.16238,0
19.6003,2.96846,0
20.1008,3.45703,0
18.3179,4.89888,0
19.9878,3.50515,0
18.2813,4.89973,0
19.5993,3.06009,0
19.9475,3.50688,0
19.5908,2.89933,0
19.8482,3.30328,0
18.2659,4.97201,0
19.4423,2.80884,0
19.5802,2.87224,0
19.8199,3.38935,0
19.6766,3.19871,0
19.9183,3.3998,0
19.318,2.52017,0
19.6548,2.94014,0
19.8383,3.19974,0
19.8384,3.42018,0
19.5323,2.92192,0
19.9047,3.5817,0
20.064,3.41153,0
19.61,3.01797,0
18.2466,4.88706,0
19.7496,3.20832,0
19.4056,2.76394,0
19.8827,3.42948,0
19.51,2.94979,0
19.7455,3.14461,0
19.5835,2.9389,0
19.6708,2.91633,0
19.5172,2.95869,0
19.816,3.10221,0
19.5027,2.71922,0
19.632,3.02895,0
18.1899,4.92571,0
19.3091,2.55092,0
19.7272,3.28044,0
19.9128,3.373,0
19.9704,3.5,0
20.0548,3.42786,0
20.0501,3.44014,0
18.2574,4.89566,0
18.2008,4.95853,0
19.5501,2.95849,0
19.6394,3.02824,0
19.958,3.49559,0
19.9771,3.50552,0
19.6169,3.0432,0
18.1116,4.92281,0
19.9281,3.48012,0
19.5699,2.83397,0
19.5791,2.8214,0
19.3342,2.53405,0
18.1518,4.90709,0
19.9516,3.41116,0
19.6073,3.03843,0
20.0152,3.45745,0
19.521,2.7645,0
19.498,2.7314,0
19.8955,3.39362,0
18.2044,4.93659,0
19.7057,3.12724,0
19.7374,3.07231,0
19.5254,2.86954,0
19.6429,2.88935,0
19.9497,3.42798,0
19.4106,2.6977,0
19.8003,3.41566,0
19.9468,3.41357,0
19.9918,3.39607,0
20.0543,3.40367,0
19.6281,3.10162,0
18.319,4.84094,0
19.7095,2.97421,0
20.045,3.52529,0
19.9617,3.30835,0
19.9791,3.4971,0
18.1231,4.94079,0
18.2815,4.94647,0
19.8967,3.3827,0
19.8629,3.19765,0
19.228,2.47988,0
19.4283,2.78461,0
19.3426,2.66214,0
19.6758,3.08734,0
19.8489,3.22885,0
19.6634,3.01553,0
19.7072,3.07818,0
19.7857,3.09979,0
19.7629,3.10638,0
19.9558,3.4248,0
19.4973,2.79962,0
19.6941,3.15103,0
18.3141,4.86073,0
19.9807,3.57731,0
19.302,2.57968,0
18.3189,4.84698,0
20.0693,3.48649,0
19.7689,3.209,0
19.8733,3.18674,0
18.2082,4.98453,0
18.1893,4.93164,0
19.7509,3.15815,0
19.787,3.38663,0
19.8514,3.40553,0
19.5782,2.81092,0
18.2147,4.96844,0
19.9078,3.35249,0
19.9675,3.42573,0
20.0445,3.38862,0
20.0069,3.41839,0
19.9635,3.58413,0
19.9322,3.31137,0
19.3713,2.73117,0
19.8519,3.40289,0
19.4435,2.77813,0
18.3202,4.84653,0
19.6209,3.02641,0
19.3622,2.58528,0
20.0367,3.52343,0
19.4517,2.72315,0
19.3603,2.67366,0
19.5218,2.9341,0
20.0799,3.42584,0
19.7488,3.31673,0
18.1507,4.96892,0
18.2129,4.91811,0
19.8225,3.38646,0
19.302,2.60443,0
18.2078,5.02304,0
18.4067,4.85979,0
19.6815,3.08901,0
20.0676,3.40221,0
19.4283,2.65203,0
19.9269,3.57906,0
20.0277,3.41041,0
19.7288,3.14125,0
19.8587,3.199,0
20.0036,3.55498,0
19.8294,3.30251,0
19.4311,2.76117,0
18.2876,4.90731,0
19.9715,3.44194,0
20.0099,3.43334,0
19.604,2.96488,0
19.3692,2.72404,0
19.4804,2.82956,0
19.4035,2.73524,0
19.5434,2.92255,0
19.9488,3.3915,0
19.9025,3.22967,0
19.5773,2.84008,0
19.8722,3.21043,0
19.7748,3.07837,0
19.6789,3.21098,0
19.6947,3.0651,0
18.1372,4.93189,0
19.3019,2.50602,0
19.4955,2.88133,0
19.5874,3.03215,0
19.9576,3.39244,0
19.6421,3.11827,0
18.3502,4.87762,0
19.6494,2.91957,0
19.5779,2.89592,0
19.8578,3.49818,0
19.5104,2.72153,0
19.9064,3.31626,0
19.2909,2.58924,0
18.3777,4.88491,0
19.6485,3.02645,0
19.8779,3.54377,0
19.9306,3.47527,0
19.7724,3.15945,0
19.6486,3.08414,0
19.6977,3.09952,0
18.3972,4.87107,0
19.7578,3.03812,0
18.1609,4.90542,0
18.1666,4.98615,0
19.3128,2.55021,0
19.8443,3.45473,0
19.9543,3.33332,0
19.8815,3.26747,0
18.2731,4.93898,0
20.0316,3.4076,0
19.52,2.73577,0
19.8828,3.45815,0
18.2208,4.93215,0
19.412,2.71155,0
18.2891,4.85349,0
19.8476,3.38637,0
18.2172,4.89174,0
18.2046,4.88251,0
19.5037,2.90206,0
20.0093,3.374,0
19.7323,3.27075,0
19.8385,3.36732,0
19.9916,3.402,0
19.5878,2.88889,0
19.5492,2.85659,0
19.6472,3.15358,0
19.3526,2.64772,0
19.6532,3.04597,0
19.4538,2.69152,0
19.4827,2.84156,0
18.3776,4.84552,0
20.0063,3.41435,0
19.4766,2.84575,0
19.6911,3.02862,0
18.1472,4.9762,0
18.1632,4.9704,0
19.599,3.09338,0
19.3958,2.61474,0
20.0754,3.46113,0
19.8936,3.56714,0
19.4742,2.77262,0
18.2631,4.89476,0
19.8149,3.42973,0
20.0463,3.43353,0
20.0361,3.44816,0
19.6638,2.95283,0
19.7676,3.18179,0
19.8984,3.29141,0
19.8967,3.45289,0
19.6028,3.04742,0
19.9337,3.37131,0
19.5016,2.81617,0
19.9767,3.31542,0
19.3912,2.59796,0
19.9426,3.56438,0
19.8815,3.27835,0
18.4017,4.86123,0
19.8094,3.34093,0
18.2989,4.94781,0
19.574,3.02711,0
19.9564,3.56185,0
19.9119,3.5609,0
19.3463,2.68297,0
18.2983,4.94722,0
19.5617,4.11272,0
19.7921,3.97774,0
19.7584,4.02742,0
19.794,4.00443,0
19.3559,4.24427,0
19.497,4.17293,0
19.5041,4.17255,0
19.3353,4.23437,0
19.2343,4.30356,0
19.7812,3.99582,0
19.516,4.11604,0
17.5926,5.02249,0
19.6367,4.10652,0
19.6419,4.09725,0
19.7104,4.07553,0
19.799,3.97679,0
19.6139,4.09114,0
19.6005,4.0959,0
19.3332,4.25391,0
19.7452,4.01965,0
19.5515,4.11953,0
19.7988,4.03828,0
19.3858,4.22724,0
19.5554,4.11244,0
19.5204,4.16208,0
19.6999,4.03068,0
19.4504,4.18255,0
19.5932,4.0932,0
19.2952,4.2721,0
19.2512,4.26054,0
19.7878,3.9976,0
19.3314,4.25627,0
19.5819,4.09102,0
19.3109,4.24444,0
19.5735,4.09766,0
17.606,5.01626,0
19.3169,4.24454,0
19.6331,4.10536,0
19.6101,4.08749,0
19.4475,4.17701,0
19.4362,4.20022,0
19.2276,4.29382,0
19.4693,4.14136,0
19.3991,4.21747,0
19.5531,4.15314,0
19.6772,4.09443,0
19.7968,3.99543,0
19.7529,4.00657,0
19.4471,4.18401,0
19.4987,4.12439,0
19.7065,4.03157,0
19.5146,4.13983,0
19.2758,4.24728,0
17.6012,5.0146,0
19.5826,4.14542,0
19.6497,4.07936,0
19.735,4.0673,0
19.7414,4.04949,0
19.4818,4.19536,0
19.4709,4.16316,0
17.6097,5.04712,0
17.6049,5.04181,0
19.6088,4.08032,0
19.4838,4.17467,0
19.3365,4.25808,0
19.5096,4.16264,0
19.7726,4.03911,0
19.5151,4.1788,0
19.5472,4.14557,0
19.3775,4.23573,0
19.8274,4.02888,0
19.8449,3.99651,0
19.6308,4.12198,0
19.3185,4.26595,0
19.814,4.01536,0
19.6532,4.06091,0
19.8235,4.02311,0
19.7128,4.02833,0
17.4079,4.98565,0
19.704,4.22629,0
19.2596,4.31872,0
19.6738,4.20805,0
19.2266,4.34104,0
19.3041,4.32889,0
17.4431,4.93057,0
17.4575,4.88834,0
19.5809,4.17838,0
17.4362,4.92561,0
17.4505,4.87301,0
19.5446,4.24338,0
17.4303,4.90882,0
17.5157,4.97138,0
19.3964,4.31394,0
19.2816,4.29384,0
17.46,4.85578,0
19.4014,4.3406,0
19.5775,4.26239,0
19.5854,4.278,0
19.6658,4.1139,0
17.442,4.88856,0
19.6501,4.17317,0
19.5339,4.21295,0
17.4578,4.93875,0
19.7021,4.17587,0
19.4109,4.24691,0
17.3545,4.8879,0
17.4706,4.89545,0
19.4808,4.21021,0
17.4633,4.95733,0
17.458,4.90724,0
19.6658,4.16186,0
19.4363,4.30227,0
19.508,4.27636,0
17.4256,4.95601,0
19.5818,4.22833,0
19.4201,4.30912,0
17.4634,4.86443,0
19.4754,4.2458,0
19.4587,4.21521,0
19.6295,4.2526,0
19.6401,4.1977,0
19.3314,4.28821,0
17.4067,4.99203,0
17.3677,5.0117,0
19.5583,4.20642,0
17.4469,4.901,0
19.2733,4.32042,0
19.2691,4.35321,0
19.3482,4.28872,0
19.2929,4.36996,0
19.3811,4.24993,0
19.6424,4.22406,0
19.5568,4.288,0
19.4295,4.27749,0
19.609,4.1881,0
19.437,4.24563,0
19.5493,4.27582,0
19.627,4.17758,0
17.4161,4.92897,0
19.5101,4.26276,0
19.2925,4.35091,0
19.4334,4.31965,0
19.4775,4.25268,0
19.3554,4.31467,0
19.3061,4.29519,0
19.5677,4.25912,0
19.2422,4.35011,0
17.4182,4.96256,0
19.435,4.3156,0
17.4201,4.9695,0
17.4898,4.94835,0
19.3859,4.32491,0
19.5826,4.21922,0
19.2297,4.36302,0
19.668,4.20127,0
19.4755,4.21777,0
17.3946,4.97183,0
17.3474,4.98032,0
19.4064,4.30202,0
19.6789,4.21416,0
19.3794,4.3355,0
17.3823,4.96313,0
19.6944,4.22773,0
19.4326,4.27534,0
19.3019,4.37414,0
17.367,4.96537,0
19.3001,4.33713,0
19.3855,4.34423,0
19.356,4.34192,0
17.4818,4.98404,0
19.4521,4.27353,0
17.4259,4.93139,0
17.4503,4.95751,0
19.5858,4.17068,0
19.6481,4.16517,0
17.5077,4.93782,0
19.6877,4.20524,0
17.4313,4.91927,0
17.4535,4.87505,0
17.4618,4.91696,0
17.3627,5.00411,0
19.3388,4.31226,0
17.4582,4.90364,0
19.2644,4.30481,0
17.4781,4.97777,0
19.4539,4.26154,0
17.4899,4.96876,0
19.2554,4.37069,0
17.421,4.94194,0
19.5824,4.22792,0
19.5469,4.24394,0
19.2848,4.3406,0
19.5369,4.18062,0
19.5631,4.16531,0
19.3667,4.30697,0
19.3655,4.30165,0
19.5772,4.25389,0
19.2952,4.3158,0
19.4804,4.19641,0
19.608,4.24809,0
19.528,4.18573,0
17.3642,4.91495,0
19.6562,4.19484,0
19.2845,4.29625,0
17.3342,4.95942,0
19.5428,4.16924,0
19.2856,4.35711,0
19.674,4.21939,0
19.5912,4.26113,0
17.4095,4.98988,0
19.3757,4.33454,0
19.5788,4.26746,0
19.7007,4.2256,0
17.3405,4.91118,0
17.4358,4.94366,0
17.4323,4.93293,0
17.4959,4.97345,0
19.5776,4.15654,0
19.3495,4.32154,0
19.2838,4.32597,0
17.3825,4.926,0
19.441,4.29212,0
19.3374,4.3047,0
19.3627,4.25262,0
17.3617,4.99589,0
17.4642,4.90747,0
19.6047,4.22746,0
17.4171,4.88502,0
19.2352,4.39092,0
19.487,4.3045,0
19.5376,4.28283,0
17.4158,5.00034,0
19.2259,4.32453,0
19.6131,4.23484,0
19.5905,4.27327,0
19.2467,4.31787,0
19.2821,4.29274,0
19.6124,4.15561,0
17.3435,4.89595,0
19.5163,4.22664,0
19.6807,4.11588,0
19.3518,4.33582,0
19.5909,4.19504,0
19.3129,4.35524,0
19.5791,4.20135,0
19.4925,4.30084,0
19.3061,4.28404,0
17.4356,4.85337,0
19.3231,4.35114,0
19.5631,4.18868,0
19.5728,4.17666,0
17.4957,4.96595,0
19.4656,4.26885,0
19.6009,4.19064,0
19.6179,4.23844,0
19.3057,4.35882,0
17.3697,4.94481,0
19.6658,4.11798,0
19.5841,4.15621,0
17.4191,4.88422,0
19.7556,4.09817,0
19.729,4.11644,0
19.7353,4.14077,0
19.7858,4.10272,0
17.5349,5.0544,0
19.7926,4.09877,0
17.5399,5.00948,0
19.7824,4.10414,0
19.792,4.08657,0
19.72,4.08866,0
19.7398,4.11551,0
19.7541,4.08228,0
17.4846,5.0144,0
17.5161,5.04397,0
17.5189,5.01201,0
19.7372,4.15836,0
19.7325,4.08533,0
19.7265,4.13812,0
19.7189,4.17513,0
17.5001,4.99246,0
17.5253,5.03706,0
19.7501,4.10911,0
19.7341,4.1384,0
19.7563,4.13801,0
19.7411,4.14859,0
17.5256,4.98947,0
19.7424,4.16595,0
19.6894,4.1272,0
19.7163,4.14019,0
19.7593,4.11933,0
17.5063,5.03059,0
17.3819,5.04847,0
19.7119,4.24571,0
17.4466,5.00731,0
19.1552,4.45175,0
19.3177,4.39264,0
19.7118,4.19933,0
19.5932,4.28955,0
19.5256,4.30609,0
19.1824,4.42744,0
19.4716,4.34335,0
17.4614,5.04835,0
19.5922,4.28909,0
17.4637,5.03419,0
19.586,4.27876,0
19.1299,4.45404,0
17.407,5.05535,0
19.3373,4.38275,0
19.5402,4.31192,0
19.626,4.27192,0
19.7154,4.19054,0
19.6202,4.27647,0
19.2288,4.42912,0
19.6373,4.26224,0
19.6955,4.24218,0
19.487,4.31871,0
19.5235,4.32313,0
19.2997,4.39372,0
19.4091,4.35145,0
19.3743,4.37284,0
19.7248,4.20587,0
17.4148,5.01941,0
19.7333,4.22797,0
17.4727,5.02833,0
19.35,4.38604,0
19.3515,4.36992,0
19.1278,4.45927,0
19.3882,4.34725,0
19.2778,4.39433,0
19.5792,4.28962,0
19.3379,4.36446,0
19.1539,4.44961,0
19.2037,4.42902,0
19.6089,4.281,0
19.274,4.39057,0
17.4151,5.05242,0
19.6446,4.25888,0
19.2976,4.39397,0
17.5422,5.05737,0
17.6153,5.05524,0
17.5257,5.09161,0
17.5096,5.08004,0
19.8194,4.14358,0
17.5757,5.08079,0
19.7272,4.18564,0
19.7276,4.19535,0
17.591,5.06769,0
17.7009,5.02892,0
19.8129,4.16595,0
17.5766,5.05887,0
17.5702,5.08204,0
17.5436,5.0732,0
19.7616,4.17418,0
19.7308,4.19481,0
19.7941,4.16406,0
17.5128,5.06546,0
17.5397,5.08141,0
19.7528,4.16841,0
19.7567,4.17248,0
19.7696,4.16913,0
19.7959,4.16322,0
19.289,4.41526,0
19.5292,4.35978,0
19.1134,4.49291,0
19.1661,4.46006,0
19.445,4.38406,0
19.7053,4.29092,0
19.1384,4.46445,0
19.2742,4.45405,0
19.5067,4.34355,0
19.6748,4.29786,0
17.4095,5.07949,0
19.0875,4.49037,0
19.0823,4.52234,0
19.3109,4.43991,0
19.2687,4.42776,0
19.5355,4.36115,0
19.531,4.32906,0
19.1283,4.49774,0
19.3275,4.42296,0
19.0742,4.48765,0
19.3322,4.42231,0
19.1745,4.4692,0
19.4945,4.38378,0
19.2155,4.43606,0
19.2073,4.4785,0
19.4498,4.37309,0
17.3669,5.07952,0
19.5047,4.37611,0
19.466,4.34925,0
19.4234,4.36721,0
19.124,4.48886,0
19.2063,4.47655,0
17.3415,5.00824,0
19.662,4.29541,0
19.211,4.46732,0
19.3091,4.42068,0
17.402,5.08315,0
19.366,4.41413,0
19.7056,4.27441,0
19.1188,4.49152,0
19.3632,4.41,0
19.5315,4.35055,0
19.0618,4.49541,0
17.3414,4.99959,0
19.5983,4.35035,0
19.6475,4.31222,0
19.2982,4.44588,0
19.0873,4.50989,0
19.1012,4.50932,0
17.404,5.08156,0
19.2196,4.47071,0
17.4325,5.06586,0
17.3705,5.05211,0
19.6359,4.29552,0
19.6715,4.32397,0
19.5915,4.31143,0
17.3912,5.08896,0
19.0963,4.48464,0
19.1699,4.45241,0
19.0783,4.49183,0
19.0981,4.49835,0
19.1456,4.4599,0
19.4066,4.38884,0
19.4112,4.36736,0
19.6082,4.33521,0
17.3597,5.04897,0
17.327,4.95967,0
19.6537,4.3278,0
19.4277,4.37671,0
19.36,4.40074,0
19.4745,4.38453,0
19.475,4.36148,0
19.4169,4.37612,0
19.0669,4.49065,0
19.5508,4.35437,0
19.6715,4.28081,0
19.6059,4.3363,0
19.2608,4.43544,0
17.4109,5.07537,0
17.3413,5.00523,0
19.5409,4.32535,0
19.7301,4.29758,0
19.5248,4.35261,0
19.1833,4.48051,0
19.4841,4.34689,0
19.7161,4.30437,0
19.7086,4.31271,0
19.4693,4.35985,0
