"Points:0","Points:1","Points:2"
0.01164,-0.28695,0
-0.37364,0.15675,0
1.73246,0.94409,0
2.68127,0.6163,0
-0.30251,-0.10149,0
2.51444,-1.10953,0
0.6504,-0.68809,0
0.0838,0.60133,0
2.73193,-0.72345,0
3.25108,-0.36983,0
3.24392,-0.56811,0
2.21283,-0.6332,0
1.96023,0.63404,0
2.80511,-0.86781,0
2.46126,1.10497,0
0.35863,0.99122,0
2.58982,-0.60381,0
0.71486,0.60439,0
2.09369,1.2237,0
0.8092,0.2886,0
2.33797,0.6774,0
1.73499,-0.61616,0
1.77785,0.70891,0
1.50576,0.97722,0
0.44343,0.26157,0
2.14703,-0.56765,0
0.13243,-0.28279,0
1.06827,-0.44057,0
2.67225,0.38009,0
-0.25957,-0.34679,0
0.92087,-0.2716,0
1.96825,-0.63729,0
1.24399,-0.86069,0
2.31349,0.23558,0
2.96364,0.49119,0
0.98153,1.19617,0
-0.26492,-1.175,0
-0.02951,-0.80144,0
1.14128,1.116,0
2.64906,1.22382,0
-0.09456,-0.18714,0
3.0073,-0.05251,0
1.70615,0.32395,0
2.47885,-0.73888,0
0.70958,1.06676,0
-0.23259,-0.82142,0
0.10916,0.54152,0
2.86509,-0.07472,0
1.68121,-0.80247,0
3.11278,0.64468,0
2.46752,0.31367,0
1.53591,0.25676,0
0.33672,-0.87844,0
1.47477,-1.06453,0
2.93587,-1.13003,0
2.20212,1.22294,0
1.9883,1.14736,0
1.9636,0.63165,0
1.08527,-0.46396,0
0.97774,-0.87965,0
3.04561,-0.06937,0
2.01634,0.83231,0
2.46748,-0.48229,0
0.33167,0.62808,0
1.43023,1.24212,0
3.24336,-0.93369,0
0.9999,1.04497,0
2.93281,-1.00098,0
2.11424,-0.18631,0
2.33416,-0.97315,0
1.19053,-0.32378,0
1.70187,-0.26832,0
3.22108,-1.05239,0
0.54116,0.33651,0
2.39534,0.09613,0
0.36078,0.94508,0
-0.38275,-0.30491,0
2.39541,1.11803,0
1.73165,0.90422,0
-0.08345,0.53692,0
0.34058,0.91589,0
2.49667,0.6985,0
-0.09768,-0.50081,0
2.29864,-0.43821,0
2.31974,0.18465,0
-0.28695,-0.89207,0
-0.47453,-0.9048,0
-0.303,-1.17655,0
3.26127,-0.80437,0
-0.30377,-0.75032,0
1.94519,-0.51409,0
2.02498,-0.8057,0
2.68105,0.51932,0
1.06617,0.10664,0
2.94516,-0.72955,0
1.79328,0.10686,0
0.55522,1.19951,0
1.06976,1.23529,0
1.65574,1.09496,0
3.22949,0.36891,0
0.74682,1.06235,0
2.56572,-0.11655,0
-0.01117,-1.07212,0
-0.36794,-0.82232,0
1.07081,0.93842,0
1.91844,0.27346,0
3.49726,0.90461,0
0.48413,-0.73998,0
0.1336,-0.23216,0
-0.02536,0.47331,0
2.19076,0.82523,0
3.37217,0.01984,0
0.2382,0.77885,0
0.3662,-1.21399,0
2.25508,-0.54604,0
1.92983,-0.99575,0
2.65304,-0.4352,0
2.87583,1.24988,0
3.36823,-0.90202,0
2.96676,-0.67335,0
3.42743,-1.06542,0
0.46529,-0.66225,0
-0.4424,1.04152,0
1.89117,-0.18271,0
2.69894,-0.06134,0
0.74861,-0.85124,0
2.677,0.16616,0
2.21342,0.91393,0
-0.00682,-1.2395,0
0.51656,0.12778,0
-0.36892,0.06136,0
3.12176,-0.78665,0
1.74613,0.09604,0
1.52542,1.2331,0
0.78739,-0.97579,0
0.08308,0.72851,0
0.66458,-0.43529,0
0.68147,-1.1121,0
-0.42693,-0.47081,0
2.05112,0.44295,0
3.46937,-0.39382,0
1.51956,0.22645,0
2.60056,-1.22875,0
0.8941,0.29399,0
2.46277,-0.04241,0
1.43237,0.34853,0
0.9692,1.03,0
2.06497,0.15547,0
-0.44752,-0.38172,0
1.28433,0.31293,0
-0.39974,0.30117,0
1.80784,0.0593,0
2.58108,-0.58606,0
3.10675,0.16686,0
1.43768,-0.64994,0
3.06045,-0.5128,0
2.27276,0.94707,0
1.08878,0.76431,0
2.24781,-0.55708,0
0.65114,0.98512,0
0.93746,-0.23066,0
0.92545,-0.52927,0
1.55852,0.65261,0
2.73685,-1.02647,0
1.46735,0.91211,0
2.63315,-0.93996,0
0.43211,-0.33365,0
0.14058,-0.80283,0
2.63967,0.08916,0
1.37962,0.79891,0
0.80985,0.27735,0
2.45793,0.00784,0
1.26042,0.972,0
1.41161,0.41257,0
-0.08369,-0.12593,0
0.47049,0.67497,0
0.66901,-0.02218,0
-0.40851,-1.18503,0
2.99303,0.19614,0
-0.06821,-1.15006,0
0.29229,0.22624,0
-0.40709,0.10507,0
1.493,0.16352,0
2.02528,0.65799,0
1.78117,-0.63581,0
1.62591,0.06653,0
0.15311,-0.21477,0
1.91003,1.0175,0
0.00201,-1.24454,0
-0.08883,-0.63233,0
3.39663,1.04969,0
1.80846,-1.03642,0
2.60496,0.13013,0
1.89909,0.01416,0
0.60322,-0.87337,0
0.24192,-0.07681,0
2.39695,0.39146,0
2.00437,0.17707,0
1.67805,0.94516,0
-0.47815,-0.75446,0
3.08179,0.7163,0
0.21209,-1.11084,0
2.4852,-0.33224,0
3.02225,-0.68602,0
3.27902,-1.05976,0
-0.23555,0.88836,0
3.07442,0.94651,0
1.11739,-0.95418,0
2.77611,-0.11485,0
0.38632,-0.80114,0
-0.02544,0.02878,0
0.12757,-0.8895,0
2.50327,-0.06255,0
0.94324,0.25122,0
3.24271,-0.13512,0
3.2492,-0.40869,0
-0.33353,1.19596,0
0.23585,0.30519,0
-0.43174,-0.65062,0
3.35095,-0.50017,0
1.48054,0.83075,0
2.85037,-0.13886,0
3.15089,0.51809,0
0.43539,-0.14258,0
3.03955,0.07129,0
2.03996,0.51923,0
2.7909,-0.32444,0
-0.29051,1.20719,0
0.41478,0.06805,0
0.36595,-1.07743,0
1.64009,-0.74594,0
-0.04505,0.36836,0
1.7219,-0.55672,0
0.65909,1.01202,0
2.85645,0.82299,0
0.77468,-0.88185,0
0.0887,1.02561,0
0.2105,0.04801,0
0.81569,-1.11127,0
2.16133,-0.32672,0
3.29581,0.97195,0
0.41785,0.96121,0
1.60294,0.07845,0
1.62593,0.02234,0
-0.36511,1.1814,0
2.9978,0.40875,0
2.41443,-0.62638,0
2.13707,0.33535,0
0.28556,-0.15619,0
2.19299,-0.8462,0
3.17295,0.29652,0
0.24329,0.87505,0
-0.30374,1.10795,0
0.11545,-0.50326,0
1.95707,0.06017,0
0.479,-1.08884,0
1.93456,-0.35065,0
1.96245,0.23962,0
1.86159,-0.32911,0
0.09904,0.79841,0
2.68757,0.79417,0
2.90131,1.21986,0
2.63322,1.20739,0
2.3309,-0.43489,0
0.19599,-1.03229,0
2.92531,0.83059,0
3.15435,1.09434,0
0.35677,0.07667,0
0.67527,1.02715,0
1.88816,-0.43938,0
0.39443,-0.79192,0
0.2259,-1.05668,0
1.0519,0.46928,0
3.24872,1.03883,0
1.19434,-0.03066,0
3.21779,0.62232,0
3.38309,-0.56902,0
1.41331,-0.23327,0
0.77118,-0.52469,0
3.22788,0.1422,0
2.07791,-1.23761,0
0.71082,0.7678,0
1.97813,0.18352,0
0.48934,-0.05737,0
-0.18976,-0.47437,0
1.78137,0.50529,0
0.99716,-1.233,0
2.93976,0.26944,0
2.61761,0.12106,0
1.19414,-1.21737,0
0.16832,0.77157,0
2.46589,1.11133,0
3.24044,-0.93122,0
2.79838,-1.13547,0
0.46327,0.19483,0
2.35217,-0.25121,0
1.18532,0.25954,0
0.1122,-0.36655,0
-0.36241,0.38207,0
1.10003,0.54413,0
3.43108,0.71575,0
1.01785,0.4576,0
0.10774,-1.09796,0
2.68752,0.63365,0
0.41965,-0.57732,0
3.44953,-0.18425,0
2.26487,0.19451,0
1.8257,1.06052,0
0.97081,-0.33574,0
2.52017,0.05938,0
1.86673,-1.23284,0
0.96413,0.76899,0
1.56348,-0.0789,0
1.30082,-0.17798,0
3.36196,-0.89462,0
0.16472,0.81217,0
2.59596,-0.78831,0
2.29385,-0.4676,0
0.39608,-1.10933,0
1.29217,-0.41241,0
2.1768,0.56451,0
0.36317,1.03489,0
1.69957,1.17873,0
1.31927,0.04072,0
-0.13878,-0.42138,0
0.28514,0.95616,0
0.12584,0.83145,0
3.00119,0.54775,0
1.21599,-0.87383,0
1.36786,-0.49853,0
1.68979,1.08405,0
2.22545,0.10307,0
2.0566,1.24455,0
-0.23424,0.44476,0
0.66637,1.0588,0
2.23978,0.26409,0
1.42993,0.73812,0
-0.01912,-0.48923,0
1.83403,-0.28836,0
3.31823,0.71206,0
1.16283,0.65107,0
0.57709,-0.60498,0
0.81981,-1.00633,0
1.17917,0.21666,0
3.02436,-0.74401,0
-0.24981,0.87018,0
2.35204,0.36265,0
-0.37246,0.12505,0
2.66271,-0.42669,0
1.66218,0.12512,0
2.85355,-0.61115,0
0.98636,-0.94628,0
0.87256,1.21096,0
-0.40016,-0.68998,0
3.00638,0.54225,0
2.43492,-1.02026,0
2.98976,0.15875,0
-0.45219,0.87734,0
-0.0554,1.21453,0
-0.27887,0.96871,0
0.91091,0.27511,0
0.12579,0.07481,0
2.24708,0.4849,0
2.58684,-0.45314,0
3.10416,0.49356,0
1.00049,0.01352,0
2.31321,0.20224,0
2.47433,0.27085,0
3.04422,-0.06055,0
0.01947,-0.13456,0
2.42728,-1.11073,0
2.26615,1.16082,0
2.77451,-0.54998,0
2.78217,-0.53762,0
-0.26459,0.74873,0
-0.19135,0.47834,0
1.90317,-1.06952,0
2.98806,-0.75168,0
2.8466,0.40263,0
3.29369,-0.40156,0
1.02575,0.76732,0
2.05594,0.31885,0
1.0847,-0.34798,0
1.44502,0.37687,0
2.88614,-1.23637,0
0.32308,0.6079,0
1.76855,-0.37731,0
1.0529,0.41388,0
2.9975,-0.63305,0
0.1339,0.94192,0
3.25624,0.84518,0
1.48528,0.72683,0
3.15278,1.01009,0
2.66611,-0.84046,0
1.36665,-0.78091,0
2.01267,-0.36633,0
-0.47726,-0.3564,0
2.73278,-0.44991,0
-0.44857,0.96646,0
1.44421,-0.27928,0
2.86599,-0.66213,0
2.99239,-0.14786,0
0.36295,0.45215,0
0.17969,-0.87585,0
-0.18942,0.03456,0
2.4179,0.67218,0
-0.20391,0.03676,0
0.29843,1.01901,0
0.34052,-0.65861,0
1.51059,-0.18848,0
3.12883,0.38378,0
2.5556,-1.2431,0
3.32195,-0.54766,0
1.89977,-0.63482,0
-0.45586,-0.52194,0
1.77658,-0.29093,0
1.42664,0.46802,0
2.8657,-0.80852,0
-0.43544,0.02494,0
0.15979,0.96562,0
0.68494,0.94532,0
2.10116,-0.44918,0
0.56846,0.42569,0
3.03387,-0.12383,0
3.33039,-1.17949,0
2.79762,-0.37631,0
-0.24404,1.13063,0
2.97037,-0.49598,0
0.37242,-1.16801,0
0.01362,0.7906,0
2.46297,1.19445,0
-0.21407,-0.80094,0
0.3137,-0.46342,0
1.40636,0.27611,0
2.92675,0.41621,0
2.24523,-1.05261,0
3.23611,0.51761,0
-0.48234,-0.58244,0
2.33125,-0.83302,0
1.13817,1.06128,0
3.38174,0.21888,0
3.44905,-1.13207,0
-0.37021,-0.28527,0
3.23769,-0.28222,0
3.03768,-0.67857,0
1.67031,0.85612,0
1.29715,0.97255,0
3.201,-0.17685,0
2.8176,-0.41607,0
-0.06384,0.30351,0
0.19055,0.70703,0
0.40986,-1.16625,0
0.71115,-0.00761,0
1.06832,-0.16214,0
0.81403,-1.09197,0
1.88617,0.99751,0
1.63576,-0.08029,0
0.70614,-0.35661,0
3.08994,-0.69926,0
1.19057,0.69824,0
3.00146,0.24284,0
-0.28936,-0.80109,0
2.39405,0.43408,0
1.11233,-0.66084,0
0.94851,0.88178,0
3.25855,-0.47988,0
-0.10787,0.95786,0
0.6019,-0.36233,0
2.52294,-0.52605,0
1.42468,-0.66106,0
1.75452,-0.27914,0
0.97344,0.01733,0
-0.34301,-0.51118,0
1.20287,-0.93759,0
0.10145,-1.22093,0
0.84929,0.0096,0
1.83078,-0.77392,0
2.14271,-1.07621,0
1.98271,-0.22816,0
2.82271,-1.24746,0
-0.40767,-0.28229,0
2.83283,0.80831,0
2.51566,0.72257,0
1.3113,-0.40653,0
0.23036,-0.73342,0
2.65348,0.51727,0
3.24175,0.03959,0
1.04111,-0.52608,0
3.14732,-0.22432,0
2.02923,-1.21951,0
1.67912,0.58544,0
3.02944,0.41461,0
2.30283,-0.10993,0
1.10074,-0.03424,0
0.20625,0.35986,0
0.15049,-1.12451,0
2.84959,-0.99086,0
2.0911,0.10059,0
1.63678,1.1818,0
0.19184,-0.16344,0
-0.05606,-1.00105,0
3.36335,0.54437,0
-0.39115,-0.9158,0
1.29811,0.01806,0
1.73757,-0.27384,0
1.93787,-1.06781,0
0.97169,-1.01004,0
-0.26199,0.35196,0
2.05933,0.85474,0
2.13509,1.14585,0
-0.08859,0.16876,0
-0.36351,0.60332,0
1.50435,0.18966,0
1.59812,-0.04135,0
2.02596,-0.18549,0
2.99395,-0.29431,0
0.3991,-0.49606,0
0.07921,0.20546,0
0.9261,0.46567,0
1.52333,0.80721,0
0.32623,0.79011,0
2.33949,1.20681,0
1.83434,0.55528,0
1.97332,0.63302,0
2.27892,-0.63131,0
0.25124,0.57238,0
1.1972,-1.2161,0
2.14051,-0.05066,0
2.80964,-0.23263,0
1.49153,-0.4667,0
3.42127,0.21085,0
2.5798,-0.25345,0
-0.00728,0.31255,0
2.24382,-0.40679,0
1.65674,0.80352,0
-0.08779,-1.11052,0
3.49298,1.0189,0
2.2872,0.61613,0
0.3956,0.10888,0
3.31729,-0.92923,0
-0.30076,0.08005,0
3.0562,-0.20043,0
0.16005,0.36569,0
1.73185,0.67026,0
2.3965,-1.06415,0
0.92966,-0.89241,0
1.44209,0.14346,0
1.73083,-1.1203,0
1.03875,-0.06679,0
2.60444,-0.0149,0
2.12222,-0.02427,0
1.63934,0.51634,0
0.51777,1.17124,0
0.67923,1.17291,0
2.17789,0.84188,0
0.697,-1.01145,0
1.23213,-0.10067,0
1.72759,0.66803,0
2.66471,-0.81513,0
1.13159,-0.39477,0
2.74746,-1.09336,0
0.13181,-0.65941,0
0.81078,0.30931,0
2.9894,-1.09746,0
-0.4002,0.4964,0
-0.11901,-0.20966,0
3.20356,-0.92781,0
1.82232,-1.08337,0
3.49919,-0.8445,0
-0.37271,0.85913,0
3.2269,0.73011,0
2.54035,-0.97171,0
1.14614,-1.13762,0
2.82266,-0.72676,0
1.81183,-0.01816,0
1.69588,-0.41807,0
0.05684,0.81262,0
3.39394,-1.19078,0
1.3376,-0.69717,0
2.09801,-0.1348,0
1.69143,-0.98772,0
1.87227,1.17265,0
1.58453,0.3072,0
1.13844,0.6344,0
3.33777,0.33257,0
0.72211,0.75246,0
0.63291,0.22906,0
-0.38161,1.02805,0
1.7812,-0.65743,0
0.43304,0.51198,0
1.71843,0.58187,0
1.33626,1.06433,0
3.13409,-0.3937,0
3.00318,0.067,0
1.25801,0.67311,0
2.11242,0.49116,0
-0.14888,0.16976,0
3.12329,-1.00273,0
3.49837,0.58075,0
1.81695,-0.59185,0
-0.22462,-1.11161,0
0.88734,-1.14321,0
0.0882,0.93967,0
0.17503,-0.72004,0
2.09662,0.87724,0
1.75959,-0.15614,0
3.32313,-0.13543,0
2.69247,0.40731,0
1.79286,-1.10154,0
1.2032,-0.1024,0
-0.29195,-0.91912,0
0.05283,-0.40317,0
2.10995,0.99813,0
0.54219,-0.2299,0
0.87417,1.0492,0
0.44876,-0.73816,0
2.5188,0.09441,0
-0.15015,0.34408,0
0.00582,1.19689,0
-0.18008,-0.43497,0
3.21194,-0.0191,0
1.73483,-0.2457,0
1.99254,-0.77722,0
0.27343,1.14766,0
0.46188,-0.95424,0
1.1173,0.6199,0
-0.31727,0.22495,0
0.26757,0.45913,0
3.08569,-0.54201,0
1.15388,1.135,0
0.16742,-0.72048,0
2.43154,-1.23323,0
-0.22605,0.21059,0
1.57716,0.87254,0
2.49675,0.46709,0
-0.01594,-0.78112,0
0.08971,0.62383,0
2.11273,-0.98826,0
0.88393,-0.81199,0
1.84954,-0.41053,0
1.21642,0.28286,0
0.05851,0.05973,0
1.16696,-0.36171,0
1.97968,-0.26062,0
2.89852,-0.63711,0
0.51016,-0.49813,0
0.62115,-0.93532,0
2.65893,-0.12789,0
2.47803,0.70343,0
0.90164,0.39771,0
2.94654,-0.82009,0
2.7274,0.20731,0
2.49441,0.15086,0
3.36364,-1.01975,0
2.39383,0.35115,0
-0.1931,-0.71799,0
1.5879,-0.65869,0
2.15437,0.37419,0
1.8697,1.09909,0
0.01353,-0.05039,0
1.85098,-1.13501,0
0.16259,-0.32037,0
-0.26873,-0.07593,0
2.9904,0.33847,0
2.70978,0.48688,0
1.54281,-0.74848,0
3.01346,0.85705,0
1.1718,0.49692,0
2.63522,-0.8038,0
2.05711,0.59315,0
2.15523,0.57324,0
2.50121,0.49724,0
1.44751,-0.10298,0
2.73496,-0.81508,0
1.708,-0.8614,0
2.27361,0.48187,0
0.56842,0.67465,0
3.40505,-1.23476,0
2.97834,-0.0911,0
1.80393,-0.59821,0
3.00341,0.75631,0
1.31632,1.1048,0
1.32517,0.06626,0
1.64855,-0.79182,0
1.85398,0.91151,0
3.34348,1.11169,0
-0.05323,-0.78317,0
2.13054,-0.35171,0
2.87873,0.89614,0
2.18425,1.06367,0
0.85946,-0.31107,0
0.85963,1.23754,0
2.47885,0.87565,0
-0.46983,1.12558,0
-0.43544,0.51214,0
3.34871,-0.96468,0
2.59023,-0.70953,0
1.35966,-0.4748,0
1.69893,-1.13447,0
1.62362,-0.47454,0
-0.33752,-0.8164,0
2.04067,-0.04912,0
3.22801,-0.86519,0
0.05146,0.97225,0
1.14766,1.22001,0
2.4848,0.71982,0
2.23535,0.88967,0
0.75248,0.27378,0
1.48734,-0.99385,0
0.19764,0.23924,0
0.31638,0.01884,0
0.88139,0.07778,0
3.04352,-0.5783,0
1.91724,0.95811,0
3.46873,-0.15911,0
2.83961,0.07425,0
2.76534,-1.17274,0
-0.21177,-0.5414,0
0.29167,-0.87531,0
0.98053,0.97417,0
0.96041,-0.13235,0
1.40878,0.5552,0
2.02673,0.34641,0
3.32999,-0.50884,0
-0.00536,-0.71577,0
1.65114,0.81872,0
-0.08396,-1.03559,0
2.30506,-0.96727,0
2.10564,-1.0544,0
0.92254,-1.11365,0
3.36533,0.4802,0
0.57526,0.41084,0
0.62062,0.09836,0
2.7219,1.14362,0
2.23129,-0.42803,0
2.77578,-0.3792,0
3.03694,-0.00591,0
3.32098,0.40834,0
2.53288,-1.1914,0
1.02164,0.09109,0
1.4446,0.19633,0
0.14005,0.45649,0
0.44177,0.36549,0
3.21559,0.06324,0
0.60009,0.95067,0
3.25673,0.95401,0
1.46788,-0.3738,0
-0.36956,0.32454,0
-0.0304,-0.13766,0
1.95324,-0.52352,0
-0.41694,-0.93426,0
1.29012,0.44921,0
3.08521,0.49018,0
1.05666,-0.58173,0
1.2589,0.91467,0
0.67119,0.37182,0
-0.40772,-0.99591,0
3.3957,-1.05735,0
0.42004,0.69194,0
-0.11795,-0.93994,0
1.35256,0.47034,0
1.65163,-0.60801,0
0.42207,-0.88615,0
3.26442,-0.68511,0
0.5813,-0.06163,0
1.75741,1.05976,0
3.03137,-0.89752,0
0.2298,0.07494,0
1.63333,1.04017,0
0.95075,-0.31974,0
0.00935,-0.25217,0
3.08288,-0.34302,0
2.28726,-0.56478,0
3.44794,-0.02218,0
1.94696,0.72252,0
3.04024,0.41397,0
1.87717,-1.24937,0
-0.16851,0.7622,0
2.9356,0.44235,0
1.36165,0.43498,0
0.93491,-0.92607,0
2.6557,-0.15407,0
2.16827,-0.42734,0
-0.28666,0.79611,0
2.15942,-1.12781,0
-0.35014,0.3299,0
0.08995,1.096,0
1.60704,0.79376,0
1.88827,0.0382,0
0.54142,0.45676,0
0.42987,-1.00391,0
1.73266,-0.46887,0
-0.22582,-1.08991,0
0.84741,0.90194,0
-0.44895,-0.04717,0
2.95106,0.99622,0
3.21189,-0.29658,0
2.39172,0.99671,0
2.6265,0.16399,0
3.48031,0.68067,0
0.34426,1.2071,0
1.42144,0.19671,0
0.149,-1.1645,0
1.4445,-0.56895,0
3.29642,1.23598,0
0.29531,0.29469,0
2.21769,-0.13117,0
2.14168,0.22093,0
1.2092,-0.1835,0
-0.42114,1.22697,0
3.06375,-1.21175,0
3.14388,-0.62252,0
2.93914,0.16021,0
1.4103,1.0855,0
1.79873,0.39547,0
3.38994,-0.23674,0
-0.18353,-1.20963,0
2.21078,0.89127,0
2.33876,-1.03216,0
3.14749,0.20948,0
1.81022,0.11224,0
1.05921,-0.35054,0
3.09957,-0.62116,0
2.20304,0.40928,0
3.11295,-0.27072,0
0.94522,-0.19068,0
0.49497,-0.05239,0
1.95817,0.07939,0
2.13748,0.51856,0
0.2725,0.71227,0
0.73732,-0.44131,0
2.36931,-1.06712,0
3.34769,0.31441,0
1.07361,0.6117,0
0.48457,-1.12989,0
2.87023,0.48525,0
3.2815,-0.917,0
2.36302,-0.26218,0
-0.38032,-0.17339,0
-0.11443,-0.40768,0
0.71248,-0.72547,0
1.04791,-1.24166,0
-0.02953,1.03806,0
2.48554,-0.4914,0
1.36596,0.88639,0
0.19012,-0.14821,0
1.8037,-0.09753,0
2.66503,0.88048,0
2.88809,-0.51091,0
1.60736,-0.93006,0
2.79848,-0.16152,0
2.28144,0.92526,0
1.556,-0.39889,0
2.91344,0.5823,0
0.91144,0.08513,0
2.46873,1.07663,0
0.30095,-0.77312,0
3.18485,0.5759,0
0.2504,1.09805,0
3.15966,-0.40156,0
2.05465,-0.78303,0
1.46504,-0.42852,0
0.03542,0.80226,0
0.35349,-0.78623,0
0.76939,-0.63077,0
-0.4679,0.05468,0
1.7008,0.60571,0
2.76393,0.20023,0
2.1431,-1.07485,0
1.53755,0.09766,0
3.19693,-0.226,0
1.85809,0.85824,0
3.17544,0.87851,0
0.19597,-1.17819,0
0.34945,0.59728,0
-0.02859,-0.90492,0
-0.47545,0.67803,0
2.90526,1.04471,0
-0.31137,1.00871,0
3.28191,-1.00898,0
0.50771,-1.23682,0
0.87901,1.10957,0
-0.36077,0.21079,0
2.38055,-1.17016,0
1.11234,-0.55876,0
2.11782,0.25367,0
2.96249,-0.98523,0
2.67695,0.9668,0
3.38469,-0.51442,0
0.31529,-0.66332,0
1.71377,0.94901,0
2.527,1.24678,0
0.92779,0.10438,0
0.30865,0.85306,0
0.46383,-0.07607,0
2.49089,-1.08941,0
-0.09477,-0.33701,0
0.34175,-0.05743,0
1.92835,-0.41175,0
0.08841,-0.97696,0
0.38204,0.7262,0
2.62523,0.1226,0
0.67717,-0.84725,0
1.25592,-0.57381,0
0.15967,-0.30111,0
1.56766,0.07762,0
0.2095,-0.69402,0
1.72939,-0.25041,0
-0.19341,-0.0744,0
2.98445,0.90297,0
1.36567,-0.15643,0
2.42857,0.44022,0
2.29245,0.5798,0
1.76964,-0.14726,0
1.19612,-0.51662,0
1.5634,-0.43777,0
3.47797,-1.07577,0
3.22148,0.05808,0
2.59604,0.3634,0
0.56082,0.23362,0
0.46943,0.37955,0
0.5426,-0.83148,0
3.06318,1.08534,0
2.70044,-0.76529,0
0.22533,0.89287,0
3.27787,0.88406,0
1.65463,0.10382,0
3.07187,1.07625,0
2.50785,-0.01877,0
-0.48412,0.62791,0
1.8009,-0.83553,0
1.1133,-1.13091,0
-0.21584,-0.68089,0
2.77605,-0.32582,0
2.14021,0.48302,0
0.75491,0.18525,0
1.32282,0.24836,0
2.67128,-0.19129,0
0.63176,-1.00956,0
0.96459,0.92248,0
0.28278,1.19861,0
-0.44277,-1.0587,0
0.66925,0.07266,0
2.43616,-0.12591,0
-0.24559,-0.96852,0
2.07927,0.50484,0
1.86798,0.80404,0
0.05289,-0.69129,0
1.70455,0.75719,0
-0.02655,-0.89912,0
1.84466,-0.22764,0
2.00177,-1.18796,0
-0.37754,-0.96071,0
-0.41875,-0.57898,0
3.26154,-0.46114,0
0.06203,-0.41224,0
0.54881,-0.22687,0
2.86365,-0.36265,0
3.33342,-0.77389,0
0.36784,0.27341,0
0.13654,-0.31963,0
1.15118,0.96407,0
0.4747,0.7974,0
0.75006,-0.79533,0
0.15235,-0.57417,0
0.62528,0.83717,0
0.09335,-0.83544,0
0.98967,-0.39546,0
2.44077,0.82558,0
0.12816,0.05972,0
0.4455,-1.16709,0
1.15645,-0.57987,0
0.87684,0.386,0
0.40657,-0.13407,0
0.74828,1.06384,0
0.64912,-0.56299,0
0.85619,-0.30796,0
2.37251,-0.0894,0
-0.40465,-0.45148,0
0.4065,-0.34499,0
2.00122,1.21041,0
0.65486,1.15185,0
-0.05194,0.41509,0
-0.33042,0.7979,0
0.38476,0.29822,0
1.66704,1.16018,0
2.68068,-0.96607,0
3.22177,-0.05652,0
1.42981,0.62589,0
2.07829,0.34427,0
1.01748,-0.14698,0
1.0187,1.1748,0
2.30824,0.904,0
0.69525,0.23829,0
1.38999,-0.11004,0
1.24138,0.08121,0
2.09978,-0.02916,0
3.05765,-0.41738,0
1.68001,-0.51593,0
-0.04914,-0.5591,0
0.56363,-0.00142,0
0.99761,0.06801,0
-0.44381,-1.08949,0
2.46449,-0.97561,0
-0.27756,-0.63124,0
1.02247,0.95137,0
0.9477,1.05797,0
0.07812,0.46322,0
2.62217,0.21638,0
1.36549,-0.26665,0
2.5393,1.08756,0
1.31863,-0.85414,0
0.88268,-0.73611,0
0.74398,-0.77797,0
1.05867,-0.09022,0
2.42045,-0.88317,0
3.15903,0.08767,0
1.3503,-0.65858,0
3.18942,-0.86688,0
0.94732,0.66149,0
0.043,0.32253,0
2.4489,0.24518,0
2.4448,0.02318,0
0.226,-0.94893,0
0.12711,0.37728,0
2.6396,-0.20157,0
2.14233,-0.04697,0
1.64188,0.14012,0
-0.09992,-0.55975,0
1.81035,0.58584,0
2.72457,-0.67657,0
1.30125,-0.27884,0
2.30828,0.59374,0
0.50725,-0.20503,0
0.03408,0.31506,0
2.57873,0.92101,0
3.14994,-0.33263,0
3.35449,-0.31441,0
1.65114,-1.03335,0
1.43741,1.02039,0
1.07562,-0.20699,0
-0.2531,0.50072,0
0.92007,-0.08876,0
1.16682,0.35479,0
-0.34469,-0.52876,0
2.23134,-1.05951,0
1.09449,-0.94976,0
2.83011,-0.04538,0
2.81358,0.64532,0
2.13984,0.50492,0
0.20251,-0.03241,0
2.69814,-0.96518,0
3.38125,-1.10434,0
0.77271,-1.15714,0
2.31468,0.81061,0
3.33985,-0.02559,0
2.1663,-0.95798,0
0.1975,-0.92641,0
0.93016,0.13617,0
0.23769,-0.85236,0
3.15167,0.53124,0
1.02001,0.64946,0
3.38245,0.53254,0
2.50659,-1.22303,0
-0.20104,0.94802,0
1.37883,-0.01758,0
2.44845,0.78222,0
0.64879,-0.57326,0
0.40779,-0.03976,0
0.40414,0.72009,0
2.96545,-0.94538,0
1.29141,-0.86193,0
0.24699,0.84255,0
-0.23471,-1.09791,0
-0.18824,0.69938,0
2.73149,-0.15564,0
0.45626,-0.14798,0
1.75385,1.2323,0
1.19803,-1.14299,0
2.59302,1.10417,0
2.17536,0.08312,0
0.56124,0.96845,0
3.07557,0.25302,0
3.45848,-0.53986,0
0.01793,0.46371,0
1.64098,-0.2285,0
1.95057,-0.23623,0
0.96621,-0.29712,0
1.67692,0.82694,0
0.44002,-0.12416,0
-0.35456,-0.55626,0
1.26069,0.79755,0
0.75914,-0.83274,0
3.45142,-0.75707,0
3.28915,0.44083,0
1.42158,1.14865,0
2.77151,0.11392,0
1.09262,-1.23737,0
2.97503,-0.67876,0
1.55202,1.03851,0
2.61853,0.51328,0
-0.31519,0.35974,0
2.53518,0.51822,0
0.70723,-0.06134,0
1.38331,0.05693,0
0.38944,0.63956,0
0.30368,-0.15684,0
1.2755,0.71875,0
1.76411,0.24064,0
3.3131,0.69242,0
2.249,1.04114,0
0.47703,0.02969,0
0.05878,-0.31252,0
3.25691,0.28969,0
3.25786,-1.09956,0
2.47371,0.12812,0
-0.41821,1.02035,0
0.91364,0.21278,0
2.67678,-0.69938,0
3.13717,-0.15331,0
0.67867,0.61546,0
0.20272,0.35037,0
1.77896,-0.99946,0
-0.07524,0.0113,0
0.79754,-0.19316,0
1.23594,-0.90034,0
3.12978,0.1784,0
2.60057,-0.35355,0
2.64035,0.4268,0
-0.37293,0.99664,0
-0.15919,0.0672,0
1.52682,-0.80646,0
0.85288,0.87962,0
2.90212,1.02577,0
0.94943,1.0975,0
2.03637,0.54609,0
0.40819,0.7832,0
0.65855,0.45326,0
0.02329,-0.41857,0
3.02766,-0.02666,0
3.39704,0.88631,0
-0.12621,-0.84397,0
2.80046,0.44785,0
2.19292,-1.1856,0
3.085,-0.89148,0
0.59617,0.89863,0
1.24578,-0.60426,0
3.19989,-0.50893,0
1.25617,1.01308,0
0.64767,0.82597,0
2.86357,1.06194,0
3.3919,0.73546,0
-0.04716,-0.91728,0
2.18245,1.03297,0
0.59208,0.79225,0
3.33518,0.85512,0
0.59952,-0.43567,0
0.87062,-0.02375,0
0.11658,0.36768,0
0.0934,0.24644,0
2.11818,-1.09191,0
-0.42783,0.96128,0
0.76768,-1.18412,0
0.38337,0.26924,0
0.02011,-0.02606,0
2.57649,0.55191,0
2.31009,-1.10248,0
0.16189,-0.53487,0
0.51763,0.59518,0
0.11268,0.49225,0
-0.39389,-0.12795,0
3.32988,0.38357,0
1.17519,-0.16795,0
2.58303,1.05181,0
2.34289,0.13553,0
3.08332,0.97109,0
2.62125,-0.55754,0
1.48765,1.1253,0
1.40244,0.04144,0
1.07846,0.48288,0
0.01004,-0.69061,0
1.13348,0.19495,0
-0.41585,1.18728,0
-0.17838,-0.64681,0
1.94003,-0.3322,0
-0.46226,1.14957,0
1.74705,0.727,0
3.20175,-0.98774,0
-0.26863,0.20017,0
1.67607,-0.70673,0
0.39053,-1.01224,0
2.44796,0.53176,0
2.70339,-1.2398,0
0.74522,-0.78764,0
1.94877,-0.61238,0
3.18055,-0.33147,0
3.47287,0.12127,0
1.19442,-0.97976,0
0.95509,-1.21806,0
-0.08985,-0.03295,0
2.35851,-0.12618,0
1.52766,0.69563,0
2.78909,-0.59139,0
1.48732,-0.96234,0
-0.44322,0.81655,0
2.89906,0.78118,0
2.30276,1.1745,0
2.7474,-0.65998,0
1.20364,-0.96189,0
2.33918,-0.26649,0
1.6213,-0.65032,0
-0.38537,0.61048,0
-0.43856,-0.01787,0
0.03826,-0.69451,0
1.04784,-0.54295,0
0.53144,-0.10922,0
1.61378,-0.87272,0
2.70407,0.82306,0
0.81807,-0.56632,0
1.73156,0.37694,0
0.59876,0.87491,0
-0.45113,1.08579,0
0.42,0.12166,0
1.93029,1.02625,0
-0.2594,-0.75888,0
-0.02891,1.18893,0
0.70004,0.68911,0
2.71939,0.10155,0
-0.40197,-0.07049,0
1.88033,1.21467,0
0.5421,-0.67523,0
-0.25269,1.23461,0
2.62726,0.45177,0
2.14574,0.44997,0
0.40594,0.0697,0
0.28164,-0.84041,0
0.16809,-1.03679,0
2.83807,-0.43385,0
-0.02043,-0.12354,0
1.08928,-0.99421,0
1.73751,0.4213,0
1.11214,0.17274,0
2.3608,-1.23494,0
0.59611,-0.28729,0
1.62906,0.07602,0
2.11527,-0.11218,0
2.62646,0.41764,0
0.40168,0.24306,0
0.07493,0.69587,0
0.62166,-0.25214,0
-0.34423,0.68166,0
2.52659,-0.47275,0
-0.30689,-0.66443,0
0.27622,0.00039,0
1.27871,-1.0011,0
2.48831,-0.44896,0
3.03821,-0.91142,0
1.32343,0.59288,0
2.5807,1.17164,0
1.00222,0.08534,0
2.53772,-0.00665,0
0.96841,0.64686,0
0.86045,0.31276,0
-0.32015,1.16724,0
0.67364,-0.26772,0
3.48853,0.40282,0
2.70785,-0.89579,0
0.21746,-0.63923,0
0.92591,-0.69055,0
0.50989,-1.06795,0
1.12897,0.87549,0
2.89872,0.47831,0
1.79704,0.46537,0
3.27644,0.47411,0
2.27747,1.19347,0
1.77724,0.56637,0
1.92336,-0.93102,0
0.44947,-1.13552,0
1.75703,0.95303,0
0.00258,0.62385,0
2.29162,-1.11716,0
0.07124,-1.08743,0
0.05984,0.57907,0
3.19868,1.2266,0
2.95708,-0.41465,0
-0.01646,-0.57742,0
1.51231,0.36219,0
2.30932,-0.24656,0
0.42,0.89494,0
2.39235,-0.41803,0
2.66776,0.92502,0
3.4051,0.22285,0
-0.23989,0.42582,0
0.73815,0.82051,0
2.38815,0.34823,0
1.95967,0.93278,0
0.97375,-0.2922,0
3.12853,0.35579,0
0.08187,-1.05715,0
3.01947,0.90496,0
2.98507,-0.73602,0
3.19506,0.12373,0
0.68774,-0.20958,0
2.8316,0.12905,0
1.23601,0.89504,0
1.55124,0.0015,0
1.1242,-0.14228,0
-0.4834,0.72673,0
2.43969,-0.17652,0
1.93133,-0.72948,0
0.76088,-0.29927,0
1.91104,-0.00821,0
1.47531,-1.19616,0
1.95067,0.34341,0
1.31476,-0.35483,0
1.38591,0.99714,0
0.82823,0.49605,0
3.45538,0.37303,0
2.60364,0.64132,0
2.9706,-1.04505,0
2.18194,-0.0498,0
1.45196,-0.54241,0
1.61983,0.19882,0
-0.44346,-0.58748,0
1.79836,-0.0433,0
1.57522,-0.03222,0
-0.28405,0.55645,0
2.13966,-0.70074,0
-0.48345,-0.44041,0
2.12029,-0.33387,0
1.25178,-0.84935,0
0.61111,0.93332,0
-0.08398,0.69498,0
0.18187,0.90375,0
0.03949,0.87407,0
1.2268,0.48512,0
-0.04382,-1.01313,0
3.41293,1.22159,0
1.87325,-0.80955,0
2.09433,0.11133,0
2.87463,-1.21143,0
2.18334,-0.82442,0
0.56962,-1.0463,0
3.43767,0.87689,0
1.55796,-0.2232,0
2.52129,-0.11084,0
-0.17487,-0.36053,0
0.55107,0.41947,0
1.60642,-1.15669,0
1.77906,0.58136,0
0.0101,1.10026,0
3.36745,0.6099,0
0.92776,0.98896,0
0.33353,-1.13341,0
1.46096,-0.24729,0
1.88886,0.50798,0
1.66543,0.78081,0
2.95263,1.12471,0
1.2244,-1.10444,0
0.20657,0.08052,0
-0.18447,0.64382,0
3.47302,-0.29808,0
1.76002,-0.55487,0
0.34299,-0.1588,0
2.19948,1.1131,0
2.94249,0.26882,0
-0.23701,-0.50531,0
0.47719,-0.15716,0
0.64586,0.1029,0
0.33678,-0.48021,0
1.86152,0.40477,0
2.24568,-0.0819,0
3.20976,0.65276,0
0.86899,-0.24066,0
0.25525,0.26719,0
2.59751,-1.22129,0
0.9713,-0.05777,0
2.44907,0.37856,0
0.00879,-0.23828,0
1.57023,0.64225,0
1.58788,-1.16187,0
3.28295,-0.83309,0
2.44186,-1.09821,0
2.62292,0.41458,0
1.62731,-1.09042,0
0.68427,-0.45174,0
2.98708,0.64302,0
1.73035,-1.20343,0
0.34284,1.12885,0
-0.48308,-0.99535,0
2.3708,0.72875,0
2.10445,-0.14555,0
1.14078,0.2588,0
2.35183,-1.08765,0
3.33503,1.13331,0
-0.10688,0.08861,0
2.34944,-0.2661,0
0.17102,-0.21592,0
1.82527,0.54894,0
2.90777,0.10141,0
1.21288,-0.52984,0
2.36622,0.22347,0
2.27613,0.05019,0
2.03032,1.14622,0
0.09849,-1.24562,0
-0.22331,0.80001,0
-0.15289,0.35674,0
1.46212,1.2212,0
1.78895,-0.16274,0
0.56493,-1.09301,0
0.17931,0.11627,0
2.72897,-0.80848,0
1.88666,0.2914,0
0.44608,1.18375,0
2.62753,-0.64371,0
2.30826,0.50979,0
-0.17151,-0.86606,0
1.89939,-0.05412,0
1.72635,0.33956,0
0.84925,0.06502,0
2.59245,0.48518,0
1.8387,0.81316,0
0.30632,0.67525,0
0.63719,0.7435,0
3.46754,-0.87414,0
1.69483,1.16895,0
2.50564,0.15539,0
0.18436,1.01121,0
2.67819,0.22979,0
1.46394,-0.99004,0
0.17999,0.31737,0
3.12974,-0.21206,0
0.817,0.34216,0
0.3821,-0.16053,0
3.17605,0.1026,0
1.99381,0.98881,0
-0.01485,0.72885,0
1.11912,-1.05175,0
-0.36813,1.20856,0
3.02468,0.9645,0
2.46857,0.97838,0
3.39543,0.93658,0
-0.25984,0.39437,0
0.57586,1.05396,0
-0.01272,0.53111,0
2.72884,-1.14503,0
3.19139,0.84062,0
1.41222,-0.98877,0
0.63042,0.1628,0
0.59665,0.88563,0
2.30702,0.9408,0
2.28154,1.22393,0
2.57097,-0.47685,0
0.09583,-0.89237,0
2.80176,-0.587,0
-0.44118,0.94197,0
1.03947,-1.20135,0
0.43955,-0.65858,0
0.02392,-1.18928,0
2.61118,-1.09109,0
1.72528,-0.26661,0
0.90838,-0.83203,0
2.45861,0.81192,0
1.92437,-0.43618,0
0.49843,-1.18993,0
1.20943,0.89539,0
0.06742,-0.09119,0
0.5097,-0.23744,0
2.77209,-0.93102,0
-0.37634,0.66763,0
0.04039,-1.11342,0
3.24901,-0.46713,0
0.30314,1.14998,0
3.22043,0.85182,0
0.2011,0.94355,0
2.39132,-0.50975,0
0.65653,0.57443,0
1.53035,-0.47211,0
-0.22832,0.50141,0
2.69336,0.82861,0
0.16691,-0.68895,0
1.27393,0.20809,0
0.82042,0.78536,0
-0.32111,0.12521,0
0.88577,-1.01756,0
0.72338,-0.08414,0
1.82527,1.22095,0
3.37794,0.91724,0
2.3424,-0.52343,0
0.11294,-1.14651,0
1.20079,-1.04727,0
3.28391,-0.82012,0
2.61631,1.04641,0
-0.41313,-1.0654,0
0.73809,-0.62779,0
2.35762,-0.35461,0
-0.48356,1.23649,0
3.27802,-1.20307,0
2.91521,-0.17415,0
2.16158,-1.01415,0
1.51884,-0.01565,0
3.21588,-1.12634,0
0.39317,0.48129,0
3.40713,0.82097,0
0.18848,-0.15741,0
-0.29968,-0.55725,0
-0.06855,-0.70732,0
0.67836,-0.01833,0
0.43301,-0.64357,0
0.18727,-0.36518,0
2.81902,0.74708,0
-0.42662,-0.64617,0
3.04701,1.23514,0
1.45042,-0.61484,0
1.98309,1.19416,0
2.90397,-1.013,0
3.30836,-0.30362,0
3.2517,0.51821,0
0.69891,1.1083,0
0.63209,0.79007,0
2.00832,1.17775,0
0.98352,0.09371,0
1.68123,0.72306,0
0.46377,1.2318,0
1.63503,-1.09081,0
3.10286,-0.28823,0
1.18868,0.511,0
3.05384,-0.74349,0
2.03512,-0.00787,0
-0.024,0.96184,0
1.39321,-1.05011,0
-0.0041,-0.91017,0
0.54209,-0.51802,0
0.55354,0.89086,0
0.69026,0.60421,0
3.4569,-0.12546,0
1.69988,-0.89849,0
-0.29646,-0.80813,0
1.07991,1.08436,0
0.40754,-0.68825,0
0.58576,-0.43159,0
3.18286,-0.12127,0
1.15404,0.74517,0
1.18295,-1.03265,0
2.99905,0.63616,0
1.75844,0.84538,0
1.66869,-0.67128,0
1.78846,0.48594,0
-0.19113,0.65915,0
-0.41996,-0.18073,0
2.83025,-0.03978,0
1.01105,0.08384,0
0.41773,0.81742,0
3.4006,0.48536,0
0.66058,-0.2956,0
1.60147,-0.83623,0
1.33345,0.15098,0
-0.20081,0.23113,0
2.47877,-0.61821,0
2.19918,0.81031,0
3.2845,0.70137,0
2.79442,-0.93877,0
2.33633,0.00975,0
2.99645,-0.33404,0
0.96229,1.18294,0
2.36691,-0.57957,0
1.47825,0.83171,0
2.45194,-0.87867,0
1.12781,0.36947,0
1.74006,0.10533,0
0.34134,0.12893,0
3.16991,0.56029,0
0.73037,-1.10174,0
1.43004,0.97379,0
2.28377,-0.36067,0
1.3449,1.08852,0
3.43545,-0.87705,0
0.39125,0.22834,0
2.75804,0.88505,0
2.92596,0.66232,0
1.97006,0.98793,0
2.20632,-0.45681,0
0.34177,1.15841,0
0.43848,0.37623,0
2.97574,-0.77973,0
0.87987,0.36253,0
1.38253,-1.15277,0
0.7223,0.20064,0
0.341,-0.19758,0
3.0864,-0.56202,0
1.52771,-0.029,0
1.87483,-1.2093,0
1.13588,-0.63909,0
-0.2678,0.85682,0
-0.16547,0.07801,0
1.93927,-0.08094,0
3.10386,1.09154,0
2.07648,-0.90955,0
0.67003,-0.22807,0
2.42707,-0.1253,0
2.49348,-0.41436,0
0.13284,0.23305,0
1.21475,-0.79657,0
-0.30144,-1.15448,0
1.60357,-0.15253,0
3.07794,-1.16646,0
0.99162,-0.55166,0
1.14837,0.33589,0
2.59476,-1.05614,0
-0.24519,-0.77853,0
2.29842,-0.25045,0
1.1772,-0.56503,0
3.22455,0.97271,0
2.73132,-1.08743,0
3.40637,-0.87461,0
2.19675,-1.1329,0
2.03148,0.23089,0
1.52035,-0.14514,0
1.3213,-0.60038,0
0.92259,-0.02707,0
2.42988,-0.3177,0
1.74788,0.34973,0
2.7141,-0.03475,0
0.72862,1.10147,0
-0.30877,0.44924,0
1.80489,0.10888,0
1.43659,0.37819,0
0.21211,-0.43177,0
2.43674,1.06075,0
2.75738,-1.01298,0
1.58866,-0.1271,0
0.01982,-1.17224,0
0.04644,-0.34221,0
3.1014,-0.18872,0
3.47716,0.0091,0
2.76051,0.9732,0
2.9333,-0.01146,0
0.08181,-0.56395,0
3.08822,-0.97524,0
1.90907,-0.42996,0
2.89275,0.26318,0
-0.04295,-1.04263,0
0.58439,-1.04447,0
1.97889,1.06298,0
1.14903,0.22855,0
1.37291,-0.26969,0
2.81668,-0.47714,0
0.91029,-1.08239,0
2.86046,0.31462,0
3.39951,0.85796,0
-0.15867,0.71714,0
2.38428,0.46482,0
0.30633,-0.44071,0
0.63984,0.10708,0
-0.49413,1.19332,0
2.45944,0.23536,0
1.14962,-0.55237,0
0.61016,-0.59582,0
1.12618,-0.43555,0
0.5688,-1.0188,0
2.4404,0.91393,0
0.49438,0.5727,0
2.14299,-1.19363,0
3.38639,-1.00755,0
0.55306,-0.12562,0
0.97918,-0.03977,0
1.62781,-0.55766,0
0.18964,-0.37798,0
2.8329,-1.23596,0
-0.07093,-0.8264,0
-0.04334,0.1131,0
3.08288,1.07087,0
3.13079,0.92716,0
1.92665,0.21663,0
0.18438,0.95232,0
1.05127,-0.6514,0
2.21573,-0.0502,0
1.60841,0.96657,0
3.42272,1.24878,0
1.71764,0.94556,0
3.37871,0.04978,0
2.75546,0.73954,0
1.17658,-0.64807,0
3.28054,-0.90635,0
1.23333,0.32431,0
0.34781,-0.99937,0
1.3101,0.38312,0
1.37278,0.87469,0
2.49706,-1.01457,0
3.00027,-0.88151,0
0.29485,0.4198,0
0.63797,0.41707,0
2.17585,-0.25837,0
0.55139,-0.60525,0
0.0514,-0.89955,0
3.29321,1.04068,0
1.86437,-0.76991,0
2.81312,0.19106,0
2.17365,-0.97944,0
-0.2168,1.2115,0
2.62303,-0.55926,0
2.0221,0.13975,0
0.46073,-1.12856,0
2.5694,-1.17904,0
3.39496,1.01179,0
0.89551,0.81488,0
2.62728,-0.6917,0
-0.23017,0.3545,0
2.64458,0.65658,0
2.91134,0.18608,0
0.89397,-0.89821,0
3.47105,-0.76533,0
1.2731,-1.19284,0
-0.16128,0.05922,0
1.94842,-1.02783,0
3.31796,-0.77188,0
2.92474,-1.11186,0
2.40178,0.71891,0
-0.2316,0.23731,0
1.29407,-0.55501,0
1.81548,-0.92545,0
0.6183,0.5906,0
0.93735,-0.47818,0
1.24613,0.75225,0
-0.0898,0.54425,0
0.88711,0.2597,0
1.52098,-1.02519,0
2.78607,0.96001,0
1.74156,1.20333,0
0.23262,0.37182,0
3.11134,0.52149,0
1.1376,-0.54628,0
0.52951,-1.1833,0
0.61622,-0.98958,0
2.97984,-0.17719,0
3.3504,-0.92103,0
3.26428,0.39117,0
0.74358,-0.57689,0
3.02757,-0.80026,0
-0.47633,0.23871,0
0.44008,-1.10948,0
3.0168,-0.94509,0
2.51291,-1.17708,0
0.2751,0.87657,0
-0.10355,-1.0152,0
3.16447,-0.44614,0
2.99008,-0.18073,0
3.0725,-0.9672,0
-0.41156,0.10261,0
3.34674,0.81753,0
1.39925,0.25629,0
1.06688,-0.18336,0
1.14623,-0.619,0
0.65505,0.88167,0
1.52169,0.33631,0
0.79363,-0.05728,0
-0.25457,-0.79331,0
2.01594,1.10653,0
-0.3962,0.78752,0
1.56381,-0.73199,0
0.58164,-0.06999,0
0.35104,0.0391,0
3.35084,1.10772,0
2.54593,0.71527,0
1.2845,-0.84808,0
0.81049,-0.6121,0
-0.47709,0.87972,0
2.30938,0.68114,0
2.14355,0.20206,0
1.804,1.1163,0
-0.36307,0.06843,0
0.9292,-1.10944,0
-0.22889,-0.98392,0
0.79405,0.8565,0
0.18761,0.01832,0
0.24662,0.70348,0
2.83513,1.14403,0
0.44997,0.14576,0
-0.06709,0.2069,0
0.14157,-0.70708,0
-0.40647,-0.38512,0
1.80428,-1.06952,0
0.83301,0.24713,0
2.74321,1.08338,0
-0.15936,-1.12289,0
0.44309,-0.29609,0
0.2907,0.72018,0
0.435,-0.18115,0
2.13006,0.82211,0
-0.25558,-0.13549,0
2.38065,-0.79082,0
0.09743,-0.44346,0
1.70256,-0.99425,0
3.15372,-0.86158,0
1.74575,-0.79668,0
0.12729,-0.95971,0
3.36238,-0.74363,0
2.45286,-0.33376,0
1.76832,-0.21538,0
-0.39964,0.10798,0
3.3337,0.09953,0
1.96794,-0.06547,0
2.3249,-0.89319,0
0.0751,-1.07918,0
2.22585,-0.08613,0
0.37931,-1.1499,0
1.52761,-0.54732,0
1.2365,-0.84735,0
2.74398,-0.34577,0
1.35499,-0.50521,0
3.28824,0.31359,0
2.67249,1.12087,0
-0.01321,-0.30238,0
0.37734,-0.20244,0
3.29218,0.08802,0
0.26767,-1.11779,0
2.80213,0.93359,0
1.85759,-0.83153,0
3.26566,-1.22319,0
0.73549,0.16463,0
1.93784,0.28753,0
1.56211,-0.35415,0
2.26621,0.24181,0
0.38409,-1.22733,0
3.1361,1.09902,0
0.96059,-0.47426,0
1.50475,1.14027,0
0.61803,-1.00069,0
0.9038,0.77016,0
-0.42428,-0.18608,0
0.25362,0.01091,0
2.87294,0.47313,0
0.27055,0.39083,0
2.75191,0.46029,0
1.76201,-0.08521,0
2.25008,-1.19812,0
2.83937,0.3372,0
3.21922,-0.31855,0
0.49143,0.07683,0
0.52019,0.15698,0
3.18418,0.34883,0
3.17711,-0.13285,0
2.00902,0.95254,0
1.06481,0.80327,0
3.01396,0.61947,0
1.9048,-1.09192,0
0.38949,0.42541,0
2.39156,-0.02262,0
0.52123,-0.92931,0
1.39249,0.75299,0
-0.19368,1.1311,0
1.22429,0.19258,0
2.52818,0.68977,0
0.76218,-1.09361,0
1.07725,0.25695,0
1.8522,1.13246,0
2.91772,-0.56768,0
1.70164,-0.6243,0
-0.42056,-0.44011,0
0.69281,0.69171,0
2.57981,0.88313,0
2.20325,-0.246,0
2.64032,0.52454,0
0.02312,-0.11116,0
0.29501,-0.19542,0
1.40217,-0.33433,0
2.3023,-1.04393,0
2.86931,-0.85491,0
2.47413,-0.06969,0
-0.46314,0.11746,0
0.78881,-0.13943,0
1.2675,-1.022,0
1.47586,0.07199,0
0.52782,1.0183,0
2.97409,-0.73166,0
2.71017,-1.07306,0
0.79273,-0.34787,0
2.95584,0.38522,0
0.97651,1.14185,0
2.85547,0.0896,0
0.68298,-0.88943,0
3.19218,0.00345,0
3.31872,-1.04967,0
-0.47792,-0.54594,0
1.69199,0.06813,0
0.57109,0.78264,0
1.9539,-1.18052,0
3.45399,0.66378,0
2.61128,0.05276,0
1.74079,-1.20527,0
1.31484,0.75109,0
1.0532,-0.94399,0
-0.48234,0.94917,0
-0.16128,-0.21584,0
2.87985,0.62845,0
1.79192,0.0985,0
0.45964,0.21574,0
-0.25215,-1.16105,0
2.03471,-0.56669,0
1.30411,0.98237,0
3.48995,-0.42253,0
0.80608,-0.87085,0
2.78858,-0.41597,0
0.39124,-0.29046,0
2.27353,-0.91465,0
1.02455,0.93528,0
-0.24818,0.75867,0
0.99789,0.22973,0
2.78917,1.1295,0
2.24041,1.24324,0
1.05448,-0.37402,0
0.77601,0.17194,0
2.24152,0.57753,0
1.94192,-1.22425,0
3.04407,-0.26985,0
1.74705,-0.67856,0
0.54113,0.84542,0
1.55841,0.22085,0
3.02975,0.57773,0
-0.00019,-1.19554,0
2.23372,-0.98023,0
-0.25202,0.68155,0
2.29906,0.01654,0
0.10407,-1.19296,0
3.1857,-0.25974,0
2.22027,0.93361,0
2.39085,-0.37476,0
2.02422,0.35431,0
3.191,0.02982,0
-0.07864,-0.18822,0
-0.12421,0.10494,0
2.92819,0.88921,0
0.24972,-0.14594,0
1.41403,-1.18615,0
3.47744,0.30562,0
1.20422,0.04358,0
0.12461,-0.84134,0
0.44626,-0.53392,0
0.66478,-1.00768,0
-0.3859,-0.89358,0
0.01699,-1.00075,0
1.80339,1.02871,0
1.42142,-1.04014,0
3.1285,-0.91655,0
3.3875,0.26748,0
3.13687,1.24956,0
0.8792,-0.76458,0
2.98355,-0.87231,0
1.81551,-0.47326,0
-0.48137,0.57113,0
-0.24106,-0.4367,0
2.71535,-0.23825,0
0.04855,-0.80788,0
2.69683,-0.16863,0
2.31863,0.42612,0
1.91408,-0.69785,0
0.42605,-0.5496,0
0.4093,0.28846,0
2.97058,0.40558,0
1.99934,-0.96229,0
2.90174,-0.7558,0
0.05533,-0.76166,0
1.07047,1.04598,0
2.89143,-0.55761,0
1.11475,-0.95891,0
1.0662,0.90387,0
3.1035,0.76364,0
0.08332,-1.18492,0
1.82654,-0.50841,0
1.74292,-0.25343,0
3.02454,-0.84168,0
1.55722,0.95992,0
1.25361,-0.12812,0
-0.39183,0.16915,0
0.54428,0.71299,0
2.5051,1.12922,0
1.54117,-0.35646,0
-0.3763,0.82534,0
1.13749,0.90437,0
2.31125,-1.15061,0
-0.42481,0.62752,0
1.81779,0.31242,0
1.14577,-0.48292,0
2.59041,-0.28578,0
0.32144,0.02898,0
0.12933,0.62863,0
0.72096,0.63137,0
1.504,-0.41275,0
2.6523,-1.15074,0
-0.13084,-0.66003,0
0.27144,-0.92593,0
0.55739,-0.65053,0
2.92919,-0.38938,0
1.50237,0.96696,0
0.16626,0.30908,0
0.75234,0.41027,0
2.24019,-0.56642,0
0.89032,0.10817,0
-0.14564,-0.67475,0
1.37636,-0.50559,0
1.35787,-0.70649,0
2.10478,-0.11318,0
-0.25186,-0.00963,0
0.25236,-0.04284,0
0.80888,-0.72493,0
1.7387,-1.02318,0
-0.10236,0.99298,0
1.55517,0.57513,0
0.07563,1.1142,0
1.60998,0.11317,0
-0.2821,-0.40895,0
0.74876,0.71504,0
2.42306,-0.10795,0
2.27261,-0.76179,0
0.71669,-0.81315,0
2.16021,-1.19411,0
2.15864,-0.09885,0
-0.16764,-0.94434,0
1.6194,-0.79649,0
2.70081,-1.20716,0
3.15591,0.72327,0
1.89737,1.21348,0
1.68045,-0.36399,0
2.33006,-0.79098,0
2.96237,0.15316,0
1.07481,0.11437,0
0.33307,0.81154,0
1.70982,0.18454,0
2.08038,0.13339,0
2.61264,-0.3009,0
0.38394,-1.06299,0
-0.49792,-0.85464,0
0.44424,-0.98535,0
2.44617,-0.99251,0
1.91083,1.09648,0
0.6468,0.79589,0
2.31918,0.34123,0
0.18513,1.18221,0
0.64091,0.58711,0
2.47116,0.77748,0
1.37592,-0.079,0
1.0345,0.30117,0
0.74898,1.22122,0
-0.36666,-0.14129,0
2.22662,0.13841,0
3.01836,-0.3035,0
1.85495,-1.22971,0
0.51175,1.01731,0
3.42422,-1.21802,0
2.1021,-0.03879,0
1.32061,-0.70875,0
1.04377,0.85732,0
2.23297,-0.50139,0
1.69375,1.17042,0
1.8569,-0.46425,0
3.25326,0.86477,0
3.46708,1.19771,0
1.01084,-0.11789,0
3.15157,-1.17283,0
0.66917,-0.05804,0
1.28405,-1.11635,0
2.74994,-0.26323,0
0.81669,0.28003,0
2.15209,1.06988,0
1.82761,-0.15331,0
0.46937,0.48844,0
3.48512,0.35033,0
0.51029,1.2158,0
1.0355,-0.88831,0
2.96455,-0.27409,0
2.37032,0.32331,0
-0.13549,-1.07002,0
1.01895,-0.23346,0
1.83018,0.32145,0
0.52391,-0.97453,0
0.61926,-0.62955,0
3.13937,1.01375,0
2.04266,0.09355,0
3.43052,0.62948,0
0.64733,0.04807,0
3.27577,0.86475,0
1.64209,-0.35313,0
1.09224,0.07062,0
1.17711,0.90201,0
1.98802,-0.01486,0
2.3614,0.68014,0
3.37445,0.2482,0
2.60136,1.21904,0
0.56793,-1.20189,0
-0.19552,0.04599,0
1.63172,-0.44051,0
0.86077,-1.16518,0
1.36361,0.7806,0
2.69172,-0.92926,0
0.67082,-0.23072,0
2.93997,0.57461,0
3.38607,0.21653,0
0.00167,0.30701,0
2.1968,1.10686,0
2.81959,-0.29723,0
0.94582,-0.20038,0
2.06253,-0.76632,0
2.29293,0.76797,0
0.03462,-0.20689,0
2.73171,0.52637,0
-0.11021,-0.87629,0
2.74687,-0.43195,0
1.84212,1.20118,0
0.19928,0.87363,0
2.38479,0.55716,0
1.17213,0.40431,0
2.18242,0.20988,0
0.18378,0.38705,0
2.76413,0.60544,0
0.47474,-0.29602,0
1.9898,-0.87563,0
0.9855,-0.53631,0
1.22707,0.08041,0
2.10884,0.86761,0
-0.33528,0.07556,0
0.19304,-1.09244,0
1.28909,1.05724,0
3.37036,-1.17522,0
1.11175,-0.30787,0
2.01469,-0.83931,0
0.81588,1.16805,0
1.0474,0.30356,0
2.54923,0.37902,0
1.33417,-0.78955,0
-0.23176,-0.01169,0
1.4978,0.75888,0
3.07789,-1.15932,0
1.64212,-0.67045,0
0.01867,0.20632,0
0.72722,0.7753,0
1.49546,-1.06403,0
1.14268,-0.74172,0
-0.44792,0.38414,0
1.22485,-1.01202,0
2.72573,0.15991,0
3.27384,-0.60505,0
1.04658,-0.73064,0
-0.10769,-1.03919,0
3.09257,0.93932,0
0.10893,0.8873,0
2.89472,-1.20547,0
-0.24663,-1.01567,0
-0.37291,1.09518,0
-0.35429,-0.02166,0
3.16588,0.66038,0
1.09745,0.6279,0
3.26346,-0.65355,0
-0.09482,-0.81054,0
1.22477,0.79848,0
1.1615,0.15089,0
3.08259,-0.5208,0
3.33847,-0.81641,0
-0.41308,-0.95519,0
-0.28768,0.81968,0
1.90772,0.24748,0
3.23623,-1.03053,0
2.43942,-1.11539,0
2.57012,-1.13877,0
-0.09374,0.46646,0
1.88634,0.7233,0
2.12426,0.71626,0
2.67762,0.39062,0
-0.12606,-1.20994,0
1.24381,0.93136,0
1.4557,0.56946,0
-0.44422,0.24949,0
1.54471,-1.19811,0
3.48424,0.14007,0
2.86426,0.0406,0
0.2621,0.10113,0
-0.24323,-0.54185,0
0.46848,1.16981,0
2.16684,0.3977,0
1.66591,-0.11786,0
-0.49191,0.6015,0
1.41366,-0.76499,0
1.55798,0.41324,0
2.39232,0.90711,0
-0.03637,0.02398,0
2.09904,-0.42647,0
2.98887,-0.26189,0
0.38657,0.65056,0
3.44354,0.69304,0
0.18085,0.5982,0
2.844,-0.992,0
-0.38302,-1.10617,0
1.66735,-0.32251,0
0.28192,1.16189,0
0.57704,0.64196,0
1.7802,0.69283,0
1.9011,-1.17977,0
0.02574,-0.76142,0
1.58165,1.1251,0
3.20926,0.52834,0
0.39246,-0.44841,0
2.45157,-0.78403,0
-0.45935,-1.04788,0
1.66917,0.22721,0
1.28596,-0.26987,0
0.50562,-0.35091,0
1.73633,0.3417,0
1.38041,0.71969,0
2.85593,1.07263,0
1.94449,0.03597,0
3.15067,-1.01489,0
1.21822,-0.35671,0
1.39562,-1.02312,0
1.69206,0.23831,0
2.61806,-0.00341,0
0.20673,1.06835,0
1.63137,0.67661,0
0.7302,0.5348,0
1.35023,-1.2049,0
-0.22157,1.14684,0
1.50587,-0.82713,0
2.13896,0.87657,0
1.93264,0.57634,0
1.37245,-0.56198,0
2.9676,-0.08248,0
2.10754,0.13743,0
1.86144,-0.32403,0
1.12236,0.45113,0
0.07292,0.70288,0
1.43238,-0.81261,0
1.8885,-1.22494,0
0.21917,0.85936,0
2.37815,0.92799,0
0.45304,-0.16648,0
0.46489,0.07694,0
1.74765,-0.68191,0
1.18954,-1.11948,0
3.19264,-0.9222,0
0.8287,-1.10875,0
0.80335,0.91758,0
0.43177,-0.77352,0
1.05719,1.05727,0
2.37173,0.43367,0
1.99095,-1.15898,0
2.4821,1.02179,0
3.33979,1.16744,0
1.08841,0.20226,0
1.71344,-0.37684,0
-0.17468,1.06612,0
-0.48722,1.039,0
-0.17323,-1.08218,0
1.85354,-0.96614,0
0.87537,0.42857,0
2.99361,-0.25253,0
0.9713,-1.04854,0
0.49082,-0.39466,0
2.53207,0.83814,0
2.76075,1.03867,0
3.1461,0.53002,0
2.07861,-0.37175,0
2.51378,0.92249,0
2.67975,-0.52842,0
1.38251,-0.91578,0
0.89311,-1.14791,0
0.74019,-0.94409,0
-0.17182,1.18961,0
2.7313,-0.73804,0
1.87315,-0.39982,0
1.03953,0.65222,0
0.20212,-0.49216,0
1.80047,-0.09006,0
2.69603,0.6527,0
0.52902,0.81711,0
3.27195,0.53633,0
1.51722,0.92121,0
2.02355,-1.2097,0
0.03105,1.11154,0
-0.15381,0.26271,0
0.04908,1.17834,0
0.37465,1.20566,0
0.21337,-0.29717,0
1.08617,0.04747,0
0.43713,-0.50582,0
-0.12788,0.3072,0
0.97587,-0.3502,0
1.59529,1.16057,0
1.86131,-0.63446,0
0.36537,-0.74651,0
1.17326,0.43591,0
0.43991,-0.07715,0
1.49908,1.00372,0
1.5126,-0.13983,0
3.16026,-1.23105,0
1.42795,-0.15254,0
1.39149,-0.28979,0
1.61067,-0.22231,0
1.25296,1.23276,0
3.31418,-1.24716,0
-0.06684,0.00659,0
2.02086,-0.28888,0
2.39461,-0.49995,0
1.35407,-0.17258,0
3.03113,-0.19163,0
1.22914,-1.20428,0
0.07085,-0.68563,0
0.38444,1.07949,0
0.37619,0.58614,0
1.99871,0.04907,0
2.44897,-0.109,0
3.28964,-0.49725,0
0.68345,-0.15891,0
2.7515,0.66429,0
0.3689,0.36861,0
0.85281,-0.30791,0
3.21301,0.0326,0
1.68024,0.58453,0
0.07811,-0.99026,0
3.07061,0.34237,0
3.25867,-0.30781,0
3.49282,0.38349,0
0.22631,0.60074,0
1.3722,1.19186,0
3.38437,-0.21974,0
0.97402,1.14671,0
0.91864,-0.60503,0
0.22225,1.16294,0
2.29026,-0.59224,0
2.21388,-0.99295,0
2.21259,-0.68714,0
0.02251,-0.36092,0
0.94909,1.24067,0
2.41729,0.80288,0
-0.02894,-1.15707,0
-0.30399,-0.78016,0
0.62006,0.55964,0
3.42617,-0.63108,0
1.58788,0.03413,0
0.7325,0.10817,0
1.883,-0.86919,0
-0.14699,-0.82954,0
3.06292,0.68089,0
1.61847,0.5662,0
0.82506,-0.49363,0
2.86185,0.44575,0
0.9567,0.93284,0
2.22789,-0.48569,0
0.15692,0.84622,0
0.92483,-1.03919,0
2.37475,0.05874,0
2.77992,-0.82458,0
-0.45266,0.53001,0
0.56522,-0.41099,0
0.70412,-1.12516,0
3.32445,0.99948,0
2.76593,-0.75013,0
2.18557,0.32388,0
2.77958,-0.46183,0
1.45058,0.45173,0
2.38546,-0.56103,0
2.22413,0.94927,0
3.0725,-0.76349,0
1.90032,0.17749,0
1.83274,0.66342,0
3.1299,-1.01775,0
0.04244,0.82509,0
0.95069,-0.76642,0
1.17182,-0.95695,0
0.53978,0.29411,0
-0.03123,0.00565,0
-0.31196,0.53168,0
0.42721,-1.00406,0
3.16555,0.19021,0
3.49208,-0.39754,0
3.48658,-0.18947,0
2.72135,-0.83171,0
0.43159,-1.22968,0
2.40103,0.5137,0
1.59749,0.00477,0
2.29565,1.13726,0
1.3295,-1.20996,0
2.16443,-0.73866,0
1.68617,-0.07526,0
1.3765,-0.99057,0
1.81437,0.75878,0
-0.1179,-0.39063,0
1.7311,-0.6734,0
0.85013,0.42377,0
3.0481,1.18671,0
0.33618,-0.90225,0
1.74392,0.37225,0
1.41885,0.41409,0
-0.03147,-0.93802,0
1.6419,0.4706,0
0.04617,-0.65891,0
2.15548,-0.95195,0
1.99377,-0.67718,0
1.12315,1.07603,0
2.72549,-0.34243,0
1.78612,0.00353,0
3.24435,0.94999,0
2.06599,0.62307,0
3.11315,-0.53897,0
0.90082,-1.2217,0
3.46315,0.08098,0
2.54149,0.25454,0
1.01788,-0.36518,0
1.67586,0.54473,0
-0.26048,0.3196,0
2.64019,0.18832,0
0.71833,0.24268,0
2.57739,-1.08569,0
2.24538,-0.49918,0
2.12023,-0.35303,0
2.43243,0.97227,0
3.39213,0.81393,0
2.3143,0.6246,0
0.95827,0.07135,0
0.64664,-1.1041,0
2.67338,-0.58547,0
1.28786,0.73165,0
0.31223,-0.77705,0
1.22635,-1.15525,0
2.66113,-1.2215,0
0.6557,0.83989,0
1.35788,0.40762,0
0.39092,-0.67396,0
1.27446,0.17061,0
0.89108,-0.33932,0
2.89825,-0.58191,0
-0.05567,-0.90344,0
-0.34056,-0.28617,0
1.82751,0.86025,0
3.25887,-0.47158,0
-0.09439,-0.02948,0
1.65296,0.25992,0
2.58694,-0.93902,0
0.9636,-0.42465,0
2.49087,-1.24275,0
0.43456,-0.25042,0
-0.28175,-0.34997,0
3.24281,-0.79769,0
0.23856,-1.04585,0
0.04376,1.08991,0
-0.37594,1.05343,0
2.67641,-0.30467,0
1.5966,0.87295,0
1.86362,-0.16896,0
3.0955,-1.03649,0
2.89709,-1.13225,0
0.07085,-0.83062,0
-0.14676,0.87451,0
2.43152,-0.35447,0
2.48592,-1.10894,0
1.14671,1.15419,0
1.71225,1.01235,0
-0.04245,1.00455,0
1.45825,-0.25924,0
3.4595,0.32128,0
-0.4059,0.50097,0
1.90909,-0.71665,0
1.35868,0.70881,0
3.13582,-0.51426,0
1.36146,1.10598,0
1.48333,0.87134,0
1.18205,-0.38405,0
1.21479,0.31795,0
0.10002,-0.34317,0
1.77174,-0.19039,0
2.95958,0.04572,0
2.5039,0.94882,0
-0.47632,-0.7365,0
2.79042,1.08355,0
1.41442,0.08791,0
1.99554,0.89346,0
3.32893,1.18461,0
2.92653,-1.14645,0
2.19694,1.16438,0
1.24118,0.48504,0
3.24342,-1.17589,0
2.37175,-0.08412,0
0.85312,-0.49507,0
0.46218,0.89944,0
1.12992,-0.0123,0
1.98211,-0.82842,0
1.75836,0.7835,0
-0.36847,1.23287,0
-0.29827,-0.92202,0
1.97344,-0.73719,0
-0.02432,-0.92689,0
0.51133,0.88093,0
1.79113,-0.67001,0
2.61858,0.90634,0
0.91058,-1.08927,0
1.3838,0.22434,0
1.25966,-1.18456,0
0.1333,-1.01304,0
2.9309,-0.10544,0
0.91012,-0.72174,0
1.93639,-0.2449,0
-0.17187,-0.23689,0
1.01348,-0.51239,0
0.60661,0.58689,0
2.10819,-1.21496,0
1.18829,-1.09442,0
2.81442,0.65484,0
0.88135,0.88603,0
0.79023,-0.67067,0
0.78335,-0.32643,0
1.65585,-0.59869,0
2.31019,0.46497,0
1.299,0.92561,0
1.81291,-0.26859,0
-0.48327,-1.05153,0
0.66422,-0.14497,0
0.91815,-0.45492,0
0.59697,0.91792,0
-0.2519,-0.51867,0
1.5136,-1.18377,0
2.71676,0.17665,0
3.3884,-1.23698,0
-0.1775,-0.24065,0
2.83613,-0.81859,0
1.59523,-0.97576,0
2.60451,0.89153,0
2.21482,0.47687,0
2.78079,-0.87378,0
1.90574,0.28076,0
1.00661,1.15541,0
0.33933,0.89587,0
0.59456,-0.00022,0
1.74493,-1.23311,0
0.19455,0.89846,0
2.8023,0.29775,0
2.38851,-0.5443,0
-0.26854,-0.0491,0
2.054,0.97573,0
3.20408,-0.38809,0
2.36089,-0.39097,0
1.66007,-0.81965,0
2.77873,0.261,0
3.33105,-0.24604,0
2.6156,0.4423,0
1.65051,-1.03049,0
0.39062,-0.47023,0
0.60445,-0.3589,0
2.9686,-0.39236,0
-0.39309,0.27809,0
2.59565,1.04635,0
2.92631,-0.50772,0
1.91298,0.83645,0
1.10932,0.82769,0
1.90956,-0.09561,0
0.10198,0.72783,0
0.70947,-0.21212,0
2.86049,-0.38703,0
0.41581,-0.694,0
0.79711,-0.29049,0
0.16709,-0.88262,0
1.49267,-0.61325,0
2.14722,-0.27305,0
0.19504,-0.22757,0
1.80596,-0.53522,0
2.67923,-0.31771,0
2.22968,0.34543,0
2.79469,-0.8105,0
2.70166,0.16491,0
1.02022,-1.08964,0
3.06811,0.23712,0
-0.31924,-0.17635,0
-0.09281,-1.23125,0
0.70301,-1.20897,0
-0.384,0.81006,0
0.70982,1.18003,0
1.80958,0.94466,0
1.60648,0.63173,0
2.92152,0.6584,0
3.25014,0.07112,0
1.14645,1.16513,0
3.40719,0.98975,0
1.77235,-0.51524,0
1.0695,-0.87534,0
-0.0916,1.16071,0
0.57764,-0.22173,0
0.04685,-0.88829,0
0.52882,-0.44804,0
1.17001,1.10416,0
0.85154,0.12693,0
2.16131,-0.22458,0
0.6392,0.83945,0
0.21553,-1.04552,0
3.16455,0.59665,0
-0.14669,0.00623,0
1.51011,0.13148,0
0.37745,0.32936,0
1.9452,0.94541,0
1.1817,-0.65374,0
2.25182,0.20854,0
1.27664,-1.01505,0
2.16604,0.68626,0
0.51407,-0.65961,0
0.92288,-0.75172,0
0.23836,0.53659,0
-0.1655,-0.94984,0
2.62487,-1.20687,0
2.98579,0.5566,0
0.37464,0.59852,0
1.99022,-1.02326,0
1.51289,0.46638,0
1.60123,0.05109,0
0.46821,1.22912,0
-0.11375,-0.43052,0
-0.09444,-0.52094,0
0.4418,-0.33317,0
0.92241,-0.72016,0
0.8439,0.79648,0
-0.48572,-0.91251,0
3.48414,0.80727,0
3.2942,-0.19874,0
2.51922,0.72902,0
1.12554,0.49958,0
2.13554,-0.79005,0
2.68802,0.3875,0
0.64914,-0.03305,0
0.43715,0.12086,0
3.14292,1.19051,0
0.18353,-1.13465,0
2.83164,-0.38971,0
-0.31791,0.69773,0
-0.36991,0.4006,0
1.1291,-0.76104,0
1.77168,1.10975,0
0.01289,-0.47532,0
2.45815,1.04786,0
1.22069,-1.15331,0
1.44139,0.97823,0
2.66852,1.13893,0
1.00531,-0.71082,0
-0.46717,0.57533,0
-0.38873,-0.07649,0
-0.43481,-0.52532,0
0.19254,0.781,0
1.40525,1.10988,0
1.93558,-0.09169,0
0.57249,-0.54067,0
0.88478,0.90445,0
2.41616,-1.21082,0
1.53251,0.12703,0
3.08507,-0.12993,0
1.92132,-0.6242,0
1.25342,0.84587,0
1.48363,0.05157,0
2.93051,0.69246,0
2.53696,-0.91625,0
1.34011,-1.19464,0
0.68356,1.049,0
2.30957,0.17826,0
2.45153,0.93329,0
0.55671,0.47833,0
1.05647,-0.20959,0
2.80162,-0.89603,0
2.9883,-0.34273,0
0.55221,-0.13171,0
0.10885,-0.82783,0
1.10206,0.10112,0
0.39247,0.13271,0
1.89793,0.78638,0
3.46651,-0.52776,0
2.20901,-1.02556,0
1.65417,-0.54464,0
0.8869,-0.75465,0
2.9562,-0.93354,0
-0.08461,1.02755,0
0.37676,-0.64242,0
2.48902,0.02998,0
-0.11721,0.5607,0
3.42671,-1.17696,0
0.06864,0.40896,0
1.89169,-0.23156,0
1.58551,-1.19912,0
3.39113,-0.92015,0
-0.1765,-0.66553,0
1.40298,0.91215,0
3.40856,-0.18029,0
3.13785,0.90923,0
0.87582,-0.67445,0
2.30987,1.13738,0
-0.16283,-0.88639,0
0.92982,-0.78464,0
2.72304,0.20591,0
1.51767,-0.24783,0
1.03386,1.03999,0
0.67497,-0.69669,0
0.93987,-0.07827,0
1.95006,-0.83201,0
-0.17688,0.29238,0
2.76962,-0.02835,0
2.61208,-0.914,0
3.49974,-0.44777,0
2.55958,1.1626,0
0.51974,0.05509,0
1.26662,0.3551,0
-0.18852,0.46515,0
0.24978,0.57176,0
1.14702,1.14366,0
1.72182,0.34392,0
3.47637,-1.00745,0
3.40439,-0.08339,0
0.05248,1.05538,0
0.80378,-0.96551,0
2.33055,1.0503,0
1.58136,-1.10289,0
0.73346,0.79018,0
1.92295,-0.00752,0
3.44996,-1.03817,0
-0.14273,0.94727,0
2.69735,-0.46124,0
2.32144,0.38404,0
0.44469,0.74638,0
1.35787,-0.9018,0
-0.47117,0.04313,0
2.68422,-0.81399,0
3.05335,-0.39854,0
0.48517,-1.05033,0
-0.46364,1.06138,0
0.78856,-0.90657,0
3.10126,-0.01908,0
0.20112,-0.00342,0
1.19616,0.17088,0
-0.11767,0.57417,0
3.37025,0.76714,0
2.49286,0.77852,0
1.71732,-0.34148,0
0.56084,-0.93707,0
0.68324,-0.87316,0
2.02542,0.02395,0
0.37685,0.19623,0
3.44869,0.75554,0
2.41369,-1.09661,0
0.63626,-0.60728,0
1.84182,-0.6575,0
0.04896,-0.94764,0
2.5102,0.45797,0
3.031,-0.54895,0
3.39921,1.20251,0
1.60176,-1.00807,0
1.44024,-0.25838,0
0.8873,-0.51181,0
1.11253,0.65611,0
1.82536,-0.55256,0
3.2597,-1.16281,0
0.11215,-0.2158,0
2.48189,-0.57505,0
2.86796,0.45543,0
2.76118,-0.56297,0
0.73213,-0.1147,0
0.77111,-0.59982,0
2.55684,-0.43155,0
0.10798,-0.75028,0
1.7669,-0.00252,0
2.7793,-0.01616,0
2.82559,-0.36724,0
-0.06155,1.06397,0
3.18303,-0.48155,0
2.39553,-0.66535,0
0.92066,1.10621,0
1.09147,1.04542,0
0.00205,0.37102,0
1.44859,-1.19318,0
3.10415,1.07402,0
0.76167,1.06429,0
-0.24246,0.61423,0
2.0251,-1.03967,0
1.8391,0.9163,0
3.29808,1.16123,0
0.97717,0.61006,0
3.3998,-0.98075,0
1.12042,-0.49024,0
0.24349,-0.49257,0
1.27802,0.60996,0
2.89596,0.52197,0
2.07373,-0.34156,0
1.95937,-0.91338,0
0.86096,-0.43345,0
2.74834,0.23494,0
0.85467,1.14623,0
1.34099,1.08138,0
3.05537,0.2605,0
1.91398,0.68624,0
2.92458,0.97692,0
0.34307,0.46244,0
-0.29134,-0.08086,0
3.13669,0.91748,0
3.1371,0.33879,0
-0.06341,1.21581,0
3.05512,0.06109,0
2.35705,0.36574,0
1.70542,0.26942,0
1.90062,0.76081,0
2.36952,-1.14938,0
1.04973,-0.19512,0
-0.38137,1.02233,0
3.18834,0.71476,0
-0.43872,0.7888,0
0.24139,-0.26731,0
3.41119,0.76905,0
-0.10101,-0.60145,0
3.22331,-0.0973,0
0.69692,-1.19544,0
0.71607,-0.71217,0
1.14035,-0.01031,0
1.67927,-0.78878,0
2.87067,-0.56615,0
2.70705,-0.79327,0
2.91976,0.3612,0
2.27795,0.25537,0
2.78441,-1.04851,0
2.03583,0.41908,0
1.07703,0.03609,0
2.60585,0.92648,0
2.79787,-0.83311,0
-0.11996,-1.04146,0
0.93499,-0.62839,0
1.31112,0.73573,0
0.21126,0.93626,0
1.70324,0.5546,0
-0.48919,1.15443,0
0.71181,0.5686,0
2.65706,0.50434,0
3.17451,-1.03263,0
1.73781,-0.29758,0
2.23087,0.11267,0
0.78373,-1.15953,0
-0.00738,-1.10898,0
0.17687,0.33535,0
3.14525,0.17628,0
3.08312,-0.00537,0
2.13431,0.58373,0
2.55475,-0.72357,0
1.17795,-1.12152,0
1.4869,1.17585,0
-0.43402,-0.89884,0
0.88707,-0.8077,0
-0.13738,-0.13047,0
3.38286,-0.23408,0
1.09408,-1.20494,0
-0.47183,-0.55312,0
2.79055,0.41859,0
1.75035,-1.1286,0
0.79403,0.30622,0
1.04714,-0.91285,0
2.47832,-1.01848,0
2.31181,-1.03101,0
3.44789,-1.18929,0
2.1892,-0.28499,0
-0.16484,-0.10414,0
0.03701,0.54873,0
0.00576,0.36008,0
0.96252,-0.90173,0
2.60211,-0.812,0
-0.22578,-1.06747,0
0.03771,0.42344,0
3.12929,-0.55942,0
0.0167,-0.53088,0
0.25185,-0.75043,0
0.9922,0.20267,0
2.14196,-0.40613,0
3.48386,-1.03081,0
3.32184,-1.13109,0
1.34039,-0.10544,0
3.09592,-0.29109,0
3.47323,-0.23967,0
-0.4869,-0.13536,0
2.72039,-1.19835,0
2.97625,1.01836,0
3.06455,-0.13253,0
1.70219,0.67415,0
0.16737,-1.12153,0
0.72641,-0.05919,0
2.35791,0.05792,0
1.20429,0.29261,0
0.33315,0.17172,0
3.07927,1.01839,0
-0.14875,1.03362,0
2.34733,0.81265,0
-0.29802,-0.22019,0
1.11625,-1.15947,0
0.43302,0.94793,0
0.43399,-0.44705,0
1.72048,-0.7734,0
1.42338,1.23909,0
3.19864,0.72625,0
2.59207,-0.93848,0
1.95536,-0.05669,0
1.70732,1.00194,0
1.24692,1.02165,0
1.50727,0.49788,0
0.53103,0.05169,0
2.85828,-0.79168,0
1.2594,0.2866,0
3.08553,-0.36198,0
-0.03082,0.63685,0
1.66353,0.2861,0
0.26869,-0.53666,0
0.05837,0.73599,0
1.93061,0.14187,0
0.14868,0.26037,0
0.91015,0.73179,0
2.33643,0.65651,0
2.94218,0.16254,0
0.29327,0.85336,0
0.27385,0.58355,0
3.05407,0.33454,0
3.2123,1.24723,0
0.5803,-0.56175,0
2.878,-0.09626,0
1.28902,0.33702,0
2.73601,0.84814,0
0.48954,0.35686,0
-0.14874,-1.16464,0
1.41341,0.5783,0
1.87723,0.68746,0
2.64749,1.02855,0
1.00306,-0.21036,0
1.54897,-0.68183,0
0.34239,0.50419,0
2.22622,0.54021,0
1.03829,0.98422,0
0.88888,0.3539,0
2.61217,0.35845,0
1.84222,-0.98281,0
1.94779,-0.9694,0
0.02338,0.05139,0
2.46023,0.29559,0
-0.18824,0.44993,0
2.16366,1.00386,0
2.17342,0.73913,0
0.83609,0.62059,0
1.76642,-1.13575,0
-0.33809,0.6808,0
0.47225,1.15804,0
3.08283,-0.61954,0
1.98946,-0.86538,0
0.18764,0.97384,0
0.0288,-1.01629,0
1.15964,-0.90276,0
0.24268,-0.46504,0
1.77429,0.07719,0
3.26927,0.24544,0
2.63132,-1.1242,0
2.15145,0.28085,0
3.32648,-0.44915,0
1.96589,0.03173,0
1.2816,0.02092,0
3.20625,-1.22398,0
3.0065,0.38419,0
0.13741,1.09251,0
0.38354,1.2306,0
0.25519,-1.22924,0
1.67213,-0.54168,0
0.43739,0.20738,0
1.43887,1.19738,0
0.5662,0.00828,0
2.66311,-0.70314,0
-0.48489,-0.33656,0
0.78461,-1.15938,0
2.32762,0.40279,0
1.26708,0.05159,0
2.33291,0.56945,0
1.52335,-0.47465,0
2.97959,-0.8127,0
2.52673,0.27586,0
0.36873,0.67441,0
0.63355,1.20203,0
2.21721,1.05884,0
2.92734,-0.36872,0
0.11478,-0.68105,0
1.96089,-0.05572,0
0.07299,0.84158,0
2.81471,1.1804,0
0.59461,-1.18484,0
0.66839,-0.5948,0
1.95738,-0.53496,0
0.38749,1.11642,0
2.73319,-0.4156,0
-0.03617,-0.27953,0
0.76947,-0.52991,0
2.01015,-0.35622,0
2.95456,0.09053,0
0.59699,-0.66822,0
3.10382,-1.19466,0
2.37315,0.14003,0
1.34989,0.99401,0
-0.15279,0.07225,0
3.17875,0.67564,0
1.52502,0.16172,0
1.90725,0.65583,0
3.13182,-1.20766,0
1.87248,0.85473,0
0.1329,0.02367,0
-0.49876,0.4871,0
2.37365,-0.77817,0
-0.48714,-0.80628,0
2.9937,-1.02238,0
0.34285,-0.32431,0
1.75365,0.89101,0
0.62406,-0.3137,0
-0.22882,0.5417,0
1.96696,-1.1398,0
2.91232,-0.91091,0
2.52569,0.49415,0
0.92852,1.15025,0
0.2593,-0.39473,0
3.43636,-0.5892,0
2.44308,-0.82959,0
1.30797,-0.23908,0
-0.16802,0.47313,0
0.94032,-1.17146,0
3.39798,-0.05559,0
3.0348,-0.46314,0
1.95982,-0.85403,0
3.2367,0.3289,0
1.91336,-0.44211,0
1.61205,-0.38499,0
0.51239,1.14261,0
2.09813,0.38836,0
-0.02228,-0.73465,0
2.42416,-0.59737,0
0.57864,1.06542,0
2.44782,0.41264,0
-0.03496,1.0713,0
1.5428,-0.8662,0
1.11308,-1.04695,0
0.67463,-0.57081,0
0.58884,-0.74089,0
1.62774,0.62987,0
3.0909,0.6461,0
-0.44495,-0.74275,0
2.68638,1.11972,0
0.61376,-1.10431,0
1.30712,-0.00963,0
2.77623,-0.26028,0
1.47664,1.1535,0
1.96307,0.61388,0
0.48906,-0.05797,0
2.88493,1.21003,0
1.44867,0.12044,0
-0.14819,-0.06514,0
-0.45158,-0.54915,0
1.39453,0.89285,0
0.37456,-1.21857,0
2.21467,-1.01174,0
2.09664,0.04,0
3.12568,-0.7402,0
0.5357,0.34696,0
-0.07095,0.90572,0
-0.02882,0.96109,0
2.6228,1.07008,0
0.51898,-0.26089,0
0.1946,0.89234,0
2.26067,-0.85755,0
0.98393,0.71441,0
3.10119,1.07227,0
0.2347,0.10457,0
1.20687,0.3323,0
1.08519,-0.66084,0
1.34294,-0.7894,0
0.42922,-0.7647,0
3.45783,1.04594,0
-0.30601,0.74406,0
-0.39826,-0.40081,0
2.6999,-0.03679,0
1.98354,-0.57887,0
-0.49167,1.21746,0
1.62876,1.24576,0
3.01613,1.21078,0
2.94473,-1.14111,0
0.31048,0.84666,0
0.62249,0.87997,0
1.68989,-0.06719,0
2.17643,-0.01535,0
0.52938,0.41274,0
3.39103,-1.20178,0
2.38917,0.82977,0
0.81482,-0.45274,0
-0.21964,-0.87643,0
1.12335,0.03005,0
-0.01737,-1.19808,0
1.01875,-0.27408,0
0.72856,0.36872,0
-0.07794,1.20624,0
-0.4449,-0.89066,0
0.81,0.19919,0
1.9713,-0.71246,0
0.46423,0.75281,0
1.40266,0.87271,0
2.7709,1.00991,0
2.32693,-1.08095,0
1.97369,-0.77658,0
-0.20035,-0.36178,0
-0.31726,-0.19962,0
2.43266,0.99502,0
2.84271,-0.68307,0
-0.10403,-0.49873,0
1.66225,-0.71928,0
2.65032,1.06733,0
1.17017,0.70434,0
-0.22409,-0.28132,0
0.94205,0.79899,0
3.36227,0.08888,0
2.77779,0.69846,0
1.59717,-0.87194,0
-0.20618,0.73577,0
1.35795,-0.0691,0
2.70284,-1.0814,0
2.3572,-0.45332,0
2.95288,-0.74473,0
3.12659,0.11545,0
1.68144,-0.13116,0
1.39483,-0.6051,0
2.112,0.47688,0
3.45793,-0.43165,0
1.35722,-0.93446,0
1.82154,-0.23176,0
1.92726,0.443,0
2.13999,-1.21912,0
-0.08384,-0.09351,0
0.41929,-0.97886,0
1.73947,-0.29192,0
0.36699,0.83126,0
1.88404,0.48089,0
3.39535,-1.04886,0
-0.33463,-0.53179,0
2.36844,1.04793,0
2.29451,0.74191,0
1.40755,1.11946,0
-0.25644,-0.06879,0
2.24548,0.70948,0
3.15054,0.118,0
0.59898,-0.25879,0
0.41674,1.10574,0
2.95892,0.31782,0
2.58244,0.15153,0
0.59637,0.19795,0
2.33548,1.03776,0
0.60061,1.09601,0
0.80422,0.53356,0
1.4918,0.70652,0
1.77435,-1.02415,0
-0.35098,-0.79873,0
2.10175,0.10283,0
2.20561,0.80911,0
2.18543,1.23894,0
1.76714,0.69768,0
3.44044,-1.1103,0
0.32918,-0.48121,0
-0.04557,-0.02525,0
0.16312,-0.79199,0
0.07479,0.40468,0
2.6018,0.49892,0
0.0603,-1.02299,0
0.38711,0.29696,0
0.54378,-1.18457,0
2.94255,-1.18404,0
2.94129,0.72247,0
-0.2408,-0.85156,0
1.37675,0.40112,0
2.01479,-0.43622,0
0.17152,-0.70635,0
-0.13157,0.51181,0
1.88206,0.59094,0
1.68065,1.09956,0
2.46636,0.76371,0
3.05254,0.02491,0
0.57366,1.15666,0
0.24839,0.69417,0
0.40247,-0.84542,0
-0.47166,0.44392,0
1.56048,-0.2799,0
1.99989,-0.70959,0
0.78159,-0.37614,0
3.01768,0.56113,0
1.5695,-0.98264,0
2.4506,-0.86229,0
2.99319,-0.61369,0
0.94353,0.48799,0
1.71284,0.05298,0
-0.00509,0.61271,0
0.60036,-0.72653,0
-0.34064,-0.99892,0
0.14593,-0.91502,0
-0.34934,-0.92254,0
0.13561,0.15469,0
1.39918,0.02833,0
1.53232,0.51899,0
1.01709,-1.01874,0
0.05895,-0.09769,0
2.77227,-0.38739,0
2.44669,-0.57846,0
2.3926,-0.2532,0
1.83645,-0.4327,0
0.36847,-1.03593,0
2.95516,0.48553,0
1.86961,-0.85437,0
3.31889,-0.83955,0
0.4513,1.17358,0
0.64739,-0.22334,0
1.9275,-0.3111,0
-0.13457,1.12604,0
2.81896,1.19632,0
0.92726,0.40097,0
-0.20431,-0.024,0
0.67921,0.42033,0
2.75845,-0.2503,0
2.00566,0.30106,0
2.14322,-0.52391,0
0.90002,0.80374,0
2.79669,-0.29133,0
-0.39384,0.51285,0
1.95966,0.42743,0
1.53726,1.06721,0
2.55912,0.59652,0
0.01576,0.62676,0
2.85354,0.41906,0
-0.05317,-0.86991,0
-0.02347,-1.1901,0
-0.06463,-0.00605,0
2.20118,1.11496,0
3.06177,1.2241,0
0.13162,0.43598,0
-0.34093,0.31337,0
0.41711,0.11301,0
1.78838,-1.03924,0
1.07378,-1.16237,0
3.02997,-0.4912,0
0.50028,-0.1721,0
2.61807,0.76431,0
0.56286,0.99137,0
3.33723,-0.04023,0
-0.14051,-0.90095,0
1.21731,-0.3925,0
0.76858,1.19832,0
0.26861,-0.15363,0
0.71166,-1.11528,0
-0.41188,-1.0459,0
3.29343,-0.88,0
1.90433,-0.42864,0
0.826,-0.82453,0
0.33053,0.78527,0
3.01232,-0.00738,0
1.60711,-1.20552,0
0.13208,0.55476,0
-0.11185,-0.26321,0
-0.02215,-0.36763,0
2.19225,0.7133,0
2.89751,1.02189,0
2.76503,1.01676,0
0.45083,-0.20646,0
-0.36748,1.12078,0
-0.43865,1.19101,0
0.5026,-1.20946,0
1.90667,1.12989,0
1.65249,0.56931,0
2.7161,-0.20123,0
-0.37982,-0.78947,0
1.75452,-0.7117,0
2.66924,0.2042,0
1.60147,1.03368,0
2.72759,-1.04679,0
-0.03257,-0.58525,0
0.35667,0.22324,0
2.64281,-0.45882,0
2.20109,1.18971,0
2.45234,1.14674,0
0.48288,0.20073,0
1.9188,0.72558,0
1.4275,1.11649,0
-0.07301,0.81203,0
1.29075,0.15233,0
1.53059,0.57713,0
1.16905,0.56939,0
1.23159,0.32294,0
2.00183,-0.74924,0
2.13376,-0.45526,0
2.94768,0.82898,0
3.36069,-0.15115,0
0.74048,-1.06386,0
3.03852,0.52756,0
1.37133,-0.16864,0
1.19137,-0.83399,0
3.17197,-0.36619,0
-0.27961,-1.09851,0
0.49902,-1.05599,0
3.40338,1.21902,0
0.12606,0.23487,0
0.93024,0.26488,0
1.40905,0.36758,0
1.87128,0.67626,0
2.29485,-0.50605,0
2.39616,1.0413,0
1.96487,-0.23083,0
1.19956,1.1238,0
-0.326,0.33045,0
3.1652,0.21383,0
2.42738,-0.48547,0
1.50589,0.92927,0
2.51745,-0.84719,0
1.51414,-0.85669,0
0.43718,1.0268,0
0.2718,-0.50635,0
0.63511,0.46407,0
2.01958,0.50039,0
-0.4375,0.05124,0
2.90089,0.15273,0
2.07098,-0.26317,0
-0.38373,-0.95873,0
-0.30545,0.85485,0
3.10853,-0.61247,0
1.86607,0.85186,0
2.39871,1.24763,0
1.78552,1.17765,0
0.0562,0.81074,0
0.28294,-0.30088,0
1.15171,0.97233,0
0.23532,0.66059,0
2.43426,0.36372,0
2.94491,0.44309,0
3.42036,0.2065,0
0.90777,-1.24153,0
1.39089,-0.47708,0
2.62906,-0.32942,0
2.50145,-0.12648,0
2.68678,-1.04265,0
1.69609,0.31634,0
2.11017,-1.22889,0
2.90856,0.65848,0
2.91808,0.90687,0
2.21586,0.09154,0
2.74171,-0.55275,0
0.00504,-1.143,0
2.29211,-0.92692,0
3.23184,0.86901,0
2.61825,0.01714,0
0.23575,0.55537,0
3.15586,1.05604,0
-0.46633,-0.61929,0
3.24283,0.41214,0
1.18666,-0.63195,0
-0.38251,0.91865,0
-0.39826,-0.76684,0
2.14998,0.32482,0
1.13666,0.80646,0
2.20048,-0.79164,0
0.47616,1.15503,0
0.47915,-0.46553,0
2.52277,-0.72369,0
-0.29898,0.81572,0
2.49271,-0.43788,0
1.85139,-1.01228,0
0.48722,1.24734,0
2.95924,0.50031,0
1.96904,0.74045,0
1.94729,-1.21389,0
2.47091,0.13088,0
2.22638,0.83738,0
0.60245,-0.12128,0
2.18751,-0.42939,0
0.55146,0.44073,0
1.04631,-1.13011,0
0.43847,-0.58074,0
-0.22161,-0.57233,0
0.64924,0.5362,0
1.17298,-0.45373,0
3.14259,-0.92537,0
-0.30164,0.77127,0
-0.34895,0.02195,0
-0.00351,0.27968,0
2.40141,1.12357,0
2.75758,0.93064,0
-0.1085,0.29511,0
-0.29627,0.41812,0
0.03498,0.61147,0
2.77817,0.61477,0
2.32213,0.89675,0
0.97211,-0.54336,0
1.37504,0.13489,0
2.29043,0.20523,0
3.13025,-1.15961,0
-0.2408,-0.09848,0
0.83693,0.44369,0
0.05613,-1.23063,0
0.55082,0.73598,0
0.18278,0.57757,0
2.27115,-0.26881,0
3.1791,1.07087,0
-0.35771,0.38321,0
0.46819,0.60253,0
1.23725,-0.63077,0
-0.25218,-0.92404,0
0.3447,0.6336,0
1.09688,0.78596,0
1.90353,0.53145,0
0.59021,-0.88166,0
3.26788,0.0585,0
0.36322,-0.64105,0
1.82019,0.02683,0
2.64257,-0.25466,0
0.81331,-1.14683,0
2.22261,1.0068,0
3.24085,-1.14971,0
1.85045,0.15468,0
1.21004,0.3723,0
3.25623,0.67652,0
-0.37914,0.91761,0
1.09427,0.81497,0
0.5146,-1.04808,0
3.29134,0.52893,0
-0.39327,0.29161,0
1.73591,0.05793,0
3.21536,-0.97716,0
-0.37738,-0.77863,0
2.9012,-0.38876,0
0.48493,0.19923,0
3.06277,0.36988,0
2.58758,-0.06888,0
2.96758,1.20522,0
2.64711,0.2288,0
3.42515,1.00657,0
3.29297,-0.07051,0
-0.1112,-0.57378,0
2.93929,-1.19546,0
0.72518,0.17777,0
1.12327,-0.65529,0
2.20725,-0.63501,0
1.9247,1.17993,0
-0.20649,-0.01488,0
2.32661,1.01715,0
0.37899,-0.86413,0
0.73628,0.31516,0
2.99404,-0.90265,0
1.78066,-1.14942,0
1.79046,0.08772,0
2.22591,-0.06807,0
0.48204,0.26793,0
2.48502,0.97799,0
2.61553,0.30961,0
-0.04636,-0.45468,0
2.41927,-0.69228,0
0.10729,0.10363,0
2.6337,-0.81105,0
1.87048,0.95341,0
-0.00846,0.25199,0
1.08535,-0.17507,0
1.32989,0.32776,0
1.64358,-1.16196,0
2.71248,1.10993,0
0.74531,0.19785,0
3.01415,1.24299,0
2.63529,-1.06439,0
2.80436,-0.71933,0
3.49314,0.52854,0
2.74494,-0.00128,0
1.60764,0.38749,0
2.05379,-1.0306,0
1.75046,0.852,0
2.95046,0.69702,0
2.79942,1.10608,0
2.17487,-0.22256,0
0.68335,0.6747,0
3.04085,-0.21404,0
2.21977,0.94345,0
-0.3271,0.70259,0
0.21994,-0.39701,0
3.42714,0.48471,0
3.47522,-0.8458,0
0.66825,-1.2011,0
3.2955,0.8498,0
-0.21816,1.05487,0
2.59402,-0.88476,0
0.26023,1.01207,0
1.91325,-0.03857,0
2.53327,0.89241,0
2.02057,-0.23165,0
0.3815,-0.94605,0
-0.41972,-0.36925,0
0.72992,0.0621,0
3.10274,-0.88201,0
2.03327,0.5038,0
0.04177,-0.58306,0
0.10957,0.88486,0
2.55223,0.57158,0
3.02266,0.38444,0
2.80422,1.14067,0
1.79147,-1.02077,0
3.27364,0.17488,0
3.30939,-1.09429,0
-0.18805,-0.78642,0
2.83168,-0.56402,0
0.19937,0.5001,0
1.75824,1.05587,0
0.24293,0.93946,0
1.49109,0.37473,0
1.27008,0.77044,0
1.04843,-0.91124,0
3.11094,-0.26492,0
1.34172,-0.80785,0
1.70074,0.76461,0
0.95015,0.35227,0
2.53387,0.35674,0
2.8838,1.09428,0
2.50254,0.99411,0
3.14121,-0.41172,0
2.01481,0.74856,0
-0.30686,-0.73609,0
2.92382,-0.26666,0
1.5164,-0.77399,0
2.78098,0.95218,0
2.04658,-0.42121,0
1.75443,1.0332,0
0.24923,0.77419,0
1.39758,0.88405,0
3.01036,0.5354,0
0.34562,0.44074,0
-0.02135,-0.36666,0
2.8517,0.35242,0
0.38977,-0.42447,0
1.47185,-0.91986,0
2.31116,1.0495,0
1.60967,0.65359,0
2.76121,0.03609,0
1.18041,0.92364,0
1.9156,0.85102,0
1.43138,1.05293,0
3.47449,-1.19186,0
2.81809,0.31237,0
1.65125,0.22894,0
1.43626,0.03519,0
1.52676,-0.85344,0
2.41315,0.48255,0
-0.3968,1.1298,0
2.73974,0.28862,0
1.96336,0.18162,0
1.96881,1.10904,0
2.74321,-0.49422,0
3.20411,0.73783,0
2.66659,0.2548,0
2.95766,0.5287,0
0.2171,-0.7927,0
1.91504,0.06557,0
3.24052,-0.04848,0
1.17134,0.37481,0
1.12693,-0.51787,0
0.51195,1.06569,0
3.47964,1.01003,0
1.09855,-1.20306,0
2.11132,-0.35447,0
1.41623,-0.35904,0
2.84799,-0.82516,0
0.64787,-0.92373,0
-0.20245,-0.31309,0
1.34423,0.89489,0
0.85604,-1.15317,0
0.53922,0.49404,0
0.83817,1.22766,0
3.20812,0.16438,0
3.13419,-0.43711,0
1.48864,-0.8599,0
3.49718,0.1611,0
3.32937,0.37842,0
2.40133,-0.29498,0
0.96236,-0.29939,0
0.44225,-0.52929,0
0.34957,0.22927,0
1.29496,-0.9094,0
1.20879,0.36128,0
-0.38053,0.37597,0
2.43902,0.43345,0
0.92176,-0.35173,0
-0.22668,0.20163,0
2.82147,0.88159,0
0.84513,0.0163,0
1.83977,-0.81084,0
2.72957,-0.21726,0
0.6221,0.78663,0
2.78442,1.01833,0
2.33649,0.15343,0
3.1269,0.41541,0
1.67844,0.25362,0
0.20198,-1.22398,0
1.52336,1.18402,0
0.10061,0.1202,0
0.48433,-0.18661,0
0.44561,-0.83799,0
2.85914,-0.86251,0
1.87345,-0.52341,0
1.13397,0.066,0
2.55409,1.06988,0
0.27601,-0.87464,0
0.15077,0.13731,0
2.37702,-0.65784,0
0.84292,-0.82767,0
1.5966,0.26855,0
2.99569,0.82506,0
1.43341,0.41497,0
1.41133,0.88283,0
1.16019,-0.14298,0
3.33321,-1.10333,0
0.73854,0.99421,0
3.21982,-0.88409,0
-0.18923,-0.27118,0
2.74731,-1.15934,0
2.68778,0.56299,0
0.58976,1.09259,0
0.85033,-0.56765,0
0.61805,-0.26343,0
-0.05579,-0.28247,0
-0.31465,-0.42834,0
0.63337,-0.36432,0
2.76124,1.02032,0
0.39438,-0.84148,0
-0.24232,1.16199,0
-0.06202,0.53556,0
0.78733,0.95403,0
-0.18385,-0.96932,0
0.44523,-0.06904,0
0.09293,-1.08314,0
1.66142,-0.17082,0
0.43099,-0.25367,0
2.41694,1.22262,0
3.24833,-0.66925,0
1.77738,-1.14679,0
1.49913,0.84894,0
0.31775,0.19124,0
-0.42686,-0.10023,0
2.99182,-0.20465,0
1.5781,0.37869,0
0.41722,0.49357,0
3.16623,-0.43926,0
0.67361,0.6736,0
-0.30728,-0.08544,0
1.25383,-0.8347,0
2.63299,0.25957,0
-0.24087,-0.97782,0
0.28839,1.10424,0
-0.44093,0.41771,0
1.00848,0.19199,0
2.49297,-0.81192,0
1.63491,-0.0561,0
0.02878,-0.04733,0
0.72511,1.23965,0
3.17518,0.20159,0
3.18927,0.89324,0
3.01551,0.72004,0
-0.20842,-0.31146,0
0.64773,-0.0728,0
2.43881,-1.05497,0
3.05524,0.79546,0
0.33144,-0.63033,0
1.76559,-0.92892,0
0.22049,-1.03616,0
0.77612,0.5969,0
2.17227,-1.10866,0
3.34105,-0.96627,0
-0.32656,-0.49022,0
0.91553,-0.95226,0
2.31011,1.01586,0
0.10286,-0.85837,0
0.767,0.40995,0
2.81767,0.15227,0
0.46443,-0.23684,0
1.00843,-0.80599,0
0.56513,1.07708,0
3.37638,1.05882,0
-0.29501,-0.15992,0
3.05355,-0.90299,0
0.88299,0.79842,0
0.46968,-1.05542,0
0.97345,1.21728,0
1.53538,-0.89755,0
1.07119,0.71566,0
0.47592,-0.99808,0
-0.29554,0.91876,0
1.99126,-0.22905,0
0.89645,0.39983,0
3.30195,-0.49811,0
2.63455,-0.70735,0
0.83862,-0.81944,0
2.38234,-0.44586,0
0.35418,-0.05876,0
3.2767,0.3432,0
0.73346,0.24683,0
1.2956,1.09786,0
-0.38829,-0.88137,0
1.82279,0.76265,0
3.3902,0.29787,0
1.50252,-0.11141,0
-0.21893,-0.27693,0
1.24357,-0.32857,0
1.14038,-0.04163,0
1.99085,0.20149,0
1.82862,0.50594,0
3.01668,-1.04494,0
0.97611,-0.64682,0
0.83432,-0.73984,0
2.30665,1.05291,0
3.05268,-0.65762,0
1.0164,-0.84671,0
2.63265,-0.1842,0
2.4806,-1.0274,0
3.38862,0.80996,0
1.91908,0.52938,0
2.44678,0.3493,0
3.308,-0.62926,0
0.72314,-0.63811,0
3.01617,-1.13688,0
1.85994,-0.96311,0
0.88024,-1.02973,0
2.55242,1.24593,0
2.16244,-1.10989,0
3.35018,-0.42454,0
1.53116,-1.12587,0
1.26205,-0.50878,0
2.26574,-0.36822,0
1.05871,1.00417,0
0.45795,-0.4171,0
0.13036,-0.45002,0
2.5092,0.76382,0
1.72736,-0.13004,0
2.69849,-0.80763,0
2.27982,-0.39668,0
1.85245,-0.20965,0
0.01318,-0.50521,0
1.41323,-0.07523,0
-0.43741,-0.05476,0
3.19232,-0.51721,0
3.2581,0.15453,0
3.10955,-0.30838,0
1.76541,0.44186,0
3.16685,0.82501,0
2.97787,0.85377,0
0.86089,-0.12211,0
0.04875,-0.65649,0
0.62882,-0.54818,0
1.11321,0.09492,0
1.5937,0.39435,0
-0.10247,0.846,0
1.8674,-0.44809,0
3.0025,-0.33326,0
1.08444,-0.7429,0
1.55094,-1.12047,0
-0.31235,-0.33764,0
3.00843,-0.609,0
2.50057,-0.57702,0
2.40849,0.11825,0
3.27563,1.17297,0
3.05147,-0.91304,0
1.42997,-0.45996,0
2.70058,-1.00431,0
1.47826,-1.05627,0
0.59103,-1.24372,0
3.09011,-0.23115,0
0.24989,1.12193,0
3.0913,0.04237,0
0.71593,-0.09814,0
2.6236,-0.20024,0
3.41715,1.15872,0
-0.25818,-1.09342,0
1.20469,0.11301,0
-0.2611,0.4328,0
0.53746,1.05165,0
0.24766,-0.6546,0
-0.07896,-0.37326,0
3.38456,0.88308,0
0.33268,-0.24349,0
1.40975,0.56349,0
1.59704,0.7745,0
0.68513,0.74646,0
1.3636,0.66561,0
3.06099,-0.85236,0
2.89659,0.855,0
0.42708,-0.31432,0
2.01805,-0.84221,0
1.64921,-0.48062,0
-0.06782,-0.91766,0
3.2545,1.03494,0
1.61278,-0.2588,0
0.01203,0.27802,0
3.31688,0.70731,0
0.39479,-0.22356,0
1.96263,-1.21798,0
2.55776,-0.34558,0
1.87203,-1.23129,0
0.51909,0.28684,0
1.31285,0.64416,0
1.73008,0.27174,0
1.35862,0.35129,0
3.44746,-0.9963,0
0.00303,-1.1988,0
1.80585,-0.02215,0
0.69366,0.82635,0
0.57521,-0.25863,0
1.60247,-0.57809,0
-0.23541,-0.11557,0
2.83821,-0.70525,0
1.43582,0.28708,0
2.85094,-0.83849,0
1.00094,0.16228,0
1.90815,0.07188,0
3.35208,-0.28549,0
-0.05472,-0.87806,0
-0.33221,-0.39438,0
1.62067,-0.0543,0
3.08023,-0.06634,0
1.58308,1.00795,0
2.75598,-1.17042,0
2.74577,-0.278,0
1.33366,0.84374,0
1.59202,1.14363,0
1.39829,-1.19669,0
1.29285,-0.25302,0
-0.46069,1.1086,0
2.43759,1.12249,0
2.57608,-0.23654,0
0.8217,-0.64998,0
1.25894,-0.43465,0
1.56883,0.73668,0
2.83763,0.93286,0
1.3046,0.34318,0
2.2988,0.36484,0
1.4787,0.2304,0
2.14061,-0.56393,0
1.25692,0.59964,0
3.13416,-0.55789,0
-0.30389,-0.47079,0
0.58458,0.59672,0
0.9975,1.00638,0
3.0035,1.12832,0
2.60043,0.46597,0
1.65156,0.77901,0
0.18422,-0.14829,0
-0.39679,0.31575,0
3.13905,0.68936,0
2.59609,-0.97461,0
-0.2691,-0.85612,0
0.9118,-0.1106,0
1.04178,-1.15382,0
1.17644,1.12688,0
3.45439,0.37661,0
0.47796,0.04769,0
2.49074,0.23565,0
2.84024,0.99613,0
0.87662,-1.07912,0
0.10423,-0.54477,0
2.28171,1.17929,0
3.10121,0.20081,0
1.02718,-0.19817,0
-0.48283,0.76714,0
-0.0746,0.54961,0
1.13999,0.36661,0
-0.06704,0.18901,0
3.01952,0.43419,0
3.16186,-0.59009,0
1.46231,1.01146,0
0.6966,-0.42436,0
3.38356,-0.92333,0
3.23274,-1.20916,0
0.84272,0.46505,0
3.41065,-0.05938,0
1.48811,0.78701,0
1.3173,-0.05637,0
3.17715,1.14325,0
2.86061,-1.09669,0
2.96326,-0.79469,0
2.9526,-0.14021,0
1.00754,-0.54481,0
1.64075,-1.04151,0
-0.00643,-0.62943,0
0.70764,-1.24144,0
-0.46509,1.224,0
2.81603,0.30331,0
2.33362,-0.41681,0
0.27894,-0.83325,0
0.19736,0.45709,0
2.69882,0.7126,0
0.26539,-0.07527,0
3.37344,-0.14021,0
1.96803,0.96941,0
3.365,1.05493,0
2.96095,-0.37899,0
-0.47592,-0.19201,0
0.8854,0.90808,0
2.23179,0.80219,0
0.6848,0.3352,0
3.18669,0.85751,0
-0.11307,-0.94941,0
2.9993,0.74889,0
2.86951,1.1362,0
3.25285,1.15097,0
-0.43905,-0.54873,0
2.16492,-0.16307,0
0.78526,0.37631,0
-0.03879,1.02819,0
0.69666,0.11106,0
2.63166,0.89634,0
3.16117,0.86951,0
0.38843,0.76807,0
2.07976,1.13462,0
0.19554,-0.38995,0
0.65404,0.24292,0
2.81844,0.3191,0
1.64212,1.22655,0
2.02657,-0.53084,0
1.23438,-0.2274,0
2.46273,0.3229,0
1.79954,1.15873,0
1.1698,-1.21138,0
1.46547,-0.30555,0
1.16826,-1.04941,0
0.07471,-0.695,0
2.27281,0.76467,0
0.88335,-0.87098,0
2.45478,-0.93675,0
0.21954,-0.24742,0
-0.07849,0.63657,0
2.2817,0.45965,0
1.50171,0.85232,0
1.1174,0.71706,0
0.34469,0.73003,0
1.65014,1.02598,0
0.34535,0.74261,0
3.20901,0.81626,0
0.4997,-0.87371,0
-0.04693,-0.05347,0
3.36734,-0.36651,0
-0.44894,-0.86043,0
3.40669,0.53175,0
3.28651,0.41191,0
2.41807,-0.57919,0
3.17244,1.18461,0
3.46678,-0.4729,0
3.13741,-0.88517,0
0.81391,1.00631,0
1.35737,0.50199,0
-0.04933,-0.32691,0
1.0553,-0.54777,0
2.93165,-0.4581,0
1.82341,0.15045,0
-0.27966,-1.07027,0
1.63996,0.09541,0
1.15819,0.42169,0
3.27724,0.61247,0
1.15135,0.58214,0
0.57428,-0.21769,0
2.22243,-0.3731,0
1.01912,-0.58787,0
2.92489,-0.8456,0
3.39541,0.97437,0
1.43891,1.15439,0
0.81001,-0.78636,0
0.75092,0.63284,0
0.57178,1.20571,0
2.09212,0.29918,0
3.32399,-0.01797,0
-0.26087,-0.0148,0
1.65228,-1.0195,0
0.69498,-0.80169,0
1.47969,-1.14823,0
2.94386,0.49081,0
0.73027,-0.52159,0
2.40076,0.52218,0
1.6342,-0.39822,0
-0.13763,0.25671,0
3.25379,0.61365,0
2.80972,-0.51332,0
-0.05082,0.52928,0
-0.40435,0.07112,0
1.15725,0.39797,0
1.75068,0.6543,0
0.79837,-0.20988,0
2.14978,-0.42578,0
2.72532,0.24957,0
2.29381,-1.15936,0
2.30939,-0.9992,0
0.8115,0.98972,0
1.43392,-0.2483,0
0.83147,-0.09149,0
-0.43051,0.54792,0
1.32336,-0.93417,0
-0.10265,1.1716,0
0.58899,0.63715,0
2.35565,0.91422,0
0.82062,1.24913,0
2.26055,0.04895,0
3.44994,0.1585,0
3.28611,-1.00694,0
0.01947,1.07401,0
1.81797,-0.49635,0
2.93502,0.77779,0
2.20352,0.71296,0
-0.46335,0.39465,0
0.91868,0.11789,0
3.02004,-0.86428,0
2.71496,1.11472,0
0.91685,-0.42834,0
1.32368,-0.6592,0
-0.48427,-0.18102,0
3.35281,1.05231,0
0.15714,-0.66972,0
1.00205,0.38509,0
2.52003,0.06946,0
0.88458,1.00803,0
-0.34495,-0.86135,0
2.82412,-1.16938,0
0.79635,0.10279,0
1.57645,-0.59271,0
-0.0264,-0.1597,0
-0.05459,-0.54775,0
3.26328,-1.0573,0
0.30622,-0.75193,0
-0.10463,-0.68818,0
0.16275,-0.71812,0
1.57066,0.62026,0
2.94345,0.52583,0
1.974,0.54972,0
3.10739,0.24937,0
2.21129,-1.06909,0
2.67632,-0.21561,0
2.12142,0.54632,0
2.77621,0.65305,0
3.30131,-1.0532,0
3.05135,0.37677,0
1.35506,1.08691,0
1.6043,-0.63911,0
1.55453,1.15087,0
1.60818,-0.7117,0
2.75125,-0.46419,0
1.92851,-0.99704,0
0.82328,-0.72759,0
2.6075,-0.77774,0
3.25017,-1.20218,0
3.26466,-0.90778,0
0.42255,-0.64778,0
2.2479,-1.11678,0
0.43683,-1.0765,0
0.952,0.28464,0
-0.2984,-0.37433,0
1.08283,0.84087,0
1.30304,-1.19419,0
1.09388,-0.74654,0
0.8392,-0.86175,0
1.52148,0.20565,0
0.05939,-0.81171,0
0.65543,0.35228,0
0.16983,0.9127,0
1.00193,0.12785,0
1.74359,0.50527,0
0.62327,-0.55243,0
-0.1798,0.21703,0
3.29499,-1.01507,0
0.05459,-1.02651,0
0.19788,0.79144,0
0.20975,1.0148,0
3.36775,0.61795,0
1.85684,0.76352,0
2.95884,0.62094,0
0.75038,0.80471,0
-0.35497,0.32812,0
-0.45567,-0.2679,0
-0.06853,0.81834,0
0.12307,-0.69573,0
1.23015,0.19295,0
1.10925,-0.24591,0
0.88562,-1.05797,0
0.86336,-0.56969,0
0.172,0.67048,0
2.92155,-0.24614,0
0.26129,-1.19621,0
1.74491,0.09169,0
2.65482,0.45482,0
1.44113,-0.24124,0
1.82997,0.46593,0
2.89152,-0.46716,0
0.76715,0.92892,0
1.04789,-0.71971,0
3.49096,-1.1996,0
0.2881,-0.5487,0
-0.21905,0.125,0
1.30093,-0.18688,0
1.56016,1.24193,0
2.17301,-0.53765,0
2.77512,-0.97943,0
-0.34999,0.89432,0
2.23374,-0.46688,0
1.86774,-0.06319,0
-0.44947,0.85501,0
1.34348,-1.11614,0
0.36395,0.9085,0
2.25493,0.65936,0
-0.18089,-0.0078,0
0.24466,-1.11011,0
1.22792,-0.47639,0
0.9354,0.33464,0
3.43847,0.89128,0
0.7021,-0.8255,0
0.32021,-0.13853,0
0.43243,-1.04759,0
1.30562,0.38064,0
2.84151,0.90481,0
1.47427,-0.88129,0
1.67258,0.14985,0
3.22678,-0.75878,0
0.35158,0.37105,0
0.264,-1.09074,0
0.92032,-0.46594,0
-0.22588,-0.57177,0
0.13742,0.31896,0
2.59831,0.98828,0
1.12901,-0.33394,0
1.90806,0.85793,0
2.44816,-0.69684,0
-0.01245,0.49748,0
2.55742,-1.13725,0
2.44415,-0.60278,0
1.54867,-0.8101,0
0.38466,-1.08879,0
1.32305,-0.83942,0
2.84337,0.59336,0
-0.29084,-0.44166,0
2.39597,0.20265,0
1.76915,0.03914,0
3.48241,0.90357,0
0.28177,0.33091,0
0.77159,0.31356,0
0.28367,-0.77258,0
0.52339,-1.03963,0
2.43154,0.15523,0
-0.05789,0.00413,0
2.42973,-0.01012,0
-0.14146,-0.75186,0
3.2447,0.79388,0
0.53363,0.6868,0
1.4839,0.97237,0
2.81051,-0.40581,0
1.41564,0.12023,0
0.16848,-0.68228,0
2.33834,1.22758,0
2.39955,0.08205,0
0.88115,-0.31169,0
0.16268,0.61246,0
0.40728,-0.09627,0
0.0442,-0.20997,0
0.4512,0.07133,0
2.57972,1.13887,0
1.58792,0.21133,0
0.02611,-0.76414,0
1.75788,-1.13273,0
1.38428,-0.93948,0
-0.10525,-1.1558,0
2.24932,-0.931,0
3.27492,-0.89873,0
2.70245,-0.18668,0
2.08905,-0.29775,0
3.4114,0.33808,0
-0.38272,-0.1126,0
-0.41831,0.7823,0
0.83828,-0.99446,0
-0.02777,-1.02871,0
1.12644,-0.10684,0
3.2106,1.21156,0
1.0343,-0.36579,0
0.89178,-0.16273,0
1.63773,0.32325,0
2.92072,-0.13883,0
3.49344,-0.01354,0
0.34693,-0.0803,0
3.48438,0.85211,0
1.28306,-0.17678,0
0.42231,0.55122,0
2.94339,0.78476,0
1.78031,-0.32545,0
0.07999,1.13327,0
3.33476,0.17793,0
0.56349,-1.0824,0
2.92373,-1.04247,0
1.509,-1.00032,0
2.59569,-0.09614,0
3.49428,-0.44983,0
1.09363,-1.00021,0
0.845,0.18213,0
3.04151,-0.66806,0
1.61377,-0.83465,0
1.15522,1.20682,0
-0.42951,-0.68827,0
1.94958,-0.1485,0
1.82636,0.42973,0
3.26868,-1.14778,0
2.55159,0.17649,0
1.21237,0.22404,0
2.0823,-1.01456,0
0.30094,-0.39181,0
0.21639,-0.46357,0
0.30982,-0.30228,0
0.84533,1.12121,0
3.1632,0.87637,0
2.2179,0.91952,0
1.01519,0.34952,0
-0.0426,-0.27434,0
2.32537,-0.60596,0
1.41983,1.06874,0
-0.36506,-0.96789,0
0.48811,-0.9283,0
1.81316,-0.11324,0
3.05572,-1.0068,0
1.75609,0.183,0
-0.39766,-1.24526,0
0.77539,-0.85079,0
2.28598,0.35763,0
-0.43432,-0.33916,0
0.12923,-0.42993,0
0.61026,1.06947,0
-0.36604,-0.82905,0
1.35827,0.03638,0
2.06479,0.22141,0
2.52899,-0.17048,0
-0.41833,0.48348,0
1.66194,1.0175,0
0.22415,0.13685,0
3.05549,0.04814,0
3.20075,0.80455,0
2.84725,-1.1221,0
2.45168,-1.05316,0
1.91309,0.70085,0
2.54481,-1.24888,0
0.07559,-0.1355,0
2.87346,-0.21123,0
3.36784,0.99223,0
0.98205,1.03209,0
2.45482,0.20898,0
2.83248,0.53202,0
0.79403,-0.64064,0
-0.37429,0.52481,0
1.04775,-0.66922,0
2.69745,-1.0809,0
1.03568,1.08138,0
3.05634,0.38716,0
2.71073,-0.64352,0
3.32779,0.09395,0
3.05307,-0.45669,0
1.53629,1.03977,0
2.51441,1.07322,0
3.45422,-0.01376,0
1.97085,-1.23436,0
1.72698,0.82356,0
3.27447,-0.36914,0
1.76897,0.40961,0
0.89642,-1.08617,0
1.03052,0.33768,0
-0.45055,-0.21128,0
3.36352,-0.88004,0
1.64268,-0.07267,0
2.26857,-0.42125,0
2.14967,-0.22073,0
0.30276,-0.84276,0
3.25288,-0.13384,0
1.49882,0.56229,0
0.25314,0.86564,0
0.29275,0.91031,0
1.61134,0.25979,0
0.21286,0.40921,0
3.49488,-0.92546,0
0.82637,0.57001,0
-0.0015,0.09144,0
1.82831,1.10221,0
2.85987,0.32069,0
0.94838,-0.52008,0
2.88187,-0.7338,0
0.23931,0.83707,0
-0.07013,-0.265,0
0.95778,-0.36807,0
0.72117,-0.26386,0
1.6957,1.11382,0
1.37905,-0.16298,0
0.52616,1.11222,0
0.79969,0.50781,0
1.54889,-0.81983,0
0.63117,-0.27415,0
2.03341,1.09459,0
1.4317,-0.16268,0
2.16085,0.98387,0
0.70223,-0.23827,0
1.68305,0.38794,0
2.92354,0.48345,0
0.90799,-0.15329,0
0.46832,0.5766,0
-0.05824,-0.32581,0
-0.15959,-0.28786,0
-0.37188,0.89306,0
0.62651,-1.22058,0
1.91751,-0.21507,0
1.55395,0.27463,0
0.86435,-0.8356,0
0.7924,0.10049,0
3.46478,0.10279,0
1.6587,0.77115,0
2.68297,0.19341,0
1.21984,-0.79829,0
0.07228,0.68226,0
0.32818,0.99919,0
1.3574,1.19381,0
2.59001,-1.05387,0
-0.35001,0.45513,0
1.54987,1.08041,0
1.90338,-0.40836,0
3.29116,0.36702,0
-0.37499,-0.55077,0
3.40009,0.55741,0
0.1871,0.00538,0
0.57255,-0.50522,0
1.30217,-0.63848,0
1.72364,-0.25658,0
1.38763,-0.17424,0
2.62943,-0.18328,0
-0.49623,-1.01051,0
1.51673,0.79156,0
1.5622,1.14222,0
-0.27076,-0.42303,0
1.53992,-0.88584,0
3.27507,0.54596,0
2.50265,0.25479,0
2.24761,-0.14801,0
2.4211,-0.54076,0
0.34088,-0.57866,0
-0.18919,-0.27166,0
0.1161,0.33572,0
3.15087,-0.90921,0
2.87137,0.63906,0
2.17341,0.8782,0
0.71705,-0.52331,0
-0.04849,1.21135,0
2.20849,-0.84935,0
2.07231,-0.44891,0
2.25753,0.4631,0
1.5242,0.0972,0
1.61067,-0.94333,0
1.03549,1.03239,0
1.37359,-0.59616,0
0.54336,-0.46322,0
1.55615,0.02629,0
0.31022,1.18574,0
1.3573,-0.09574,0
0.24499,-0.5304,0
2.56475,-1.04191,0
0.26281,0.04642,0
0.67392,-0.34853,0
0.93499,-0.67175,0
2.90482,0.98231,0
3.14042,-0.73308,0
0.85574,0.36262,0
-0.21433,-0.33014,0
2.93029,0.99363,0
0.81062,-0.43067,0
1.10514,-0.89434,0
0.6187,-0.72112,0
1.42351,0.06349,0
2.24456,0.00551,0
0.49217,0.81147,0
-0.34605,0.12569,0
0.30322,-0.79216,0
2.15359,0.64462,0
2.79464,-0.22962,0
-0.1569,0.41064,0
3.42765,-1.13142,0
2.26283,-0.08494,0
0.33795,0.33535,0
0.10854,-0.57437,0
3.0186,-0.79715,0
0.01258,-0.57458,0
-0.06866,0.97022,0
0.90691,0.80424,0
0.23482,1.03782,0
0.9638,1.23044,0
3.38675,-0.46187,0
1.43706,0.75127,0
3.26653,-0.6715,0
2.66054,-0.51724,0
2.65195,0.87537,0
2.8683,0.92631,0
0.49423,1.06766,0
0.56682,0.23407,0
2.69554,-0.43789,0
0.6238,-0.70956,0
3.39477,1.12548,0
2.84632,-1.0725,0
0.35733,-0.25213,0
3.29976,-0.45293,0
0.06259,-0.62433,0
2.02189,0.71808,0
0.04478,-0.02573,0
-0.16562,-0.1193,0
3.20364,0.0868,0
0.80504,-0.52599,0
-0.05973,0.18503,0
0.6751,-0.18083,0
3.33514,0.43879,0
3.16375,1.06538,0
-0.08491,0.91117,0
0.95607,0.1613,0
0.30946,1.09846,0
1.05165,0.36366,0
0.64296,0.67422,0
-0.19538,-0.70495,0
2.42375,0.605,0
3.19979,0.00324,0
1.42967,0.61171,0
0.76208,-0.1356,0
0.59855,-0.2916,0
1.24611,-0.58488,0
2.82608,-1.0388,0
1.48187,-0.92237,0
2.0679,1.13402,0
1.45253,0.34582,0
0.85127,0.68575,0
2.83789,-1.09563,0
1.99108,-0.08602,0
0.81654,0.21323,0
2.95966,-0.23072,0
-0.24145,0.18636,0
2.94711,-0.99944,0
1.50275,0.40609,0
2.38714,0.01179,0
-0.03337,-0.07443,0
1.33416,0.80662,0
1.39552,-1.24012,0
3.0961,-0.9102,0
0.30443,0.6394,0
-0.30504,-0.12035,0
0.12765,0.17761,0
2.61934,0.93331,0
0.3652,-0.15386,0
1.49089,-0.26466,0
3.04188,-0.53852,0
2.17206,-0.31485,0
2.29416,-1.09538,0
2.62184,0.18076,0
3.44299,-0.83054,0
-0.23095,-0.18458,0
0.22436,1.01267,0
-0.32052,0.37153,0
3.37384,-0.40833,0
2.46594,0.13767,0
1.87396,0.38485,0
3.32292,-0.18056,0
0.6032,-0.67732,0
0.96724,-0.8012,0
2.12131,-0.03018,0
0.20416,1.19072,0
1.63263,1.14086,0
0.85971,-0.9807,0
0.07769,-0.95074,0
1.38362,0.95263,0
-0.17767,-0.9454,0
1.60363,1.00421,0
0.41456,-1.09724,0
3.43572,-0.15037,0
1.44143,0.28362,0
2.31884,-0.09276,0
2.60457,-0.89344,0
-0.11534,1.13225,0
1.85772,0.38926,0
0.39098,0.65194,0
0.18989,1.0061,0
-0.27921,0.69011,0
0.32503,1.12837,0
-0.4504,-0.84922,0
1.92699,-1.1501,0
3.12665,0.81637,0
-0.44632,0.22776,0
2.06325,-1.09807,0
0.28124,-0.48126,0
2.07876,1.24783,0
1.46756,0.70462,0
1.6234,-0.34332,0
2.95003,0.69233,0
0.79625,0.40894,0
2.93116,-0.9935,0
0.43838,0.73432,0
2.36569,-0.55574,0
1.76615,-1.0664,0
1.38705,0.97603,0
3.44613,0.51873,0
0.67249,0.98874,0
2.10087,1.08931,0
1.8678,0.87321,0
1.12962,0.5636,0
-0.16225,-0.69082,0
0.27407,-0.19254,0
0.53093,1.08646,0
2.40643,0.79396,0
2.02376,-0.01049,0
3.38714,0.92556,0
3.41233,-0.34396,0
2.97534,-0.86369,0
2.15415,0.83876,0
0.04784,-0.03125,0
3.42691,0.64649,0
1.59562,-0.11261,0
0.75135,-0.08926,0
2.05846,-0.96115,0
-0.00927,0.48026,0
2.07392,0.32908,0
1.06018,-0.87285,0
0.97416,0.13566,0
0.55603,-1.02943,0
2.77929,0.24913,0
1.96587,-0.25219,0
3.43842,-0.20305,0
0.76291,-1.18706,0
3.15923,0.94404,0
0.64528,-0.65792,0
2.01179,1.00368,0
1.53523,0.9577,0
-0.32652,-1.04492,0
3.24202,1.20908,0
0.37156,-0.57744,0
3.40099,0.74625,0
-0.44125,-0.90515,0
2.89477,-0.06077,0
0.1951,-0.84665,0
2.06399,-0.16153,0
2.97002,0.30236,0
3.45943,0.62031,0
2.75757,1.02481,0
3.18179,0.41336,0
2.96472,0.91896,0
1.0307,-1.17169,0
-0.10212,0.97493,0
-0.14289,0.42075,0
2.34218,0.09909,0
0.82854,-0.39816,0
3.36687,-0.67839,0
1.40705,-0.27344,0
2.20151,-0.79021,0
0.70356,0.94481,0
2.18757,-1.23033,0
-0.0144,-0.14811,0
0.29313,0.13733,0
3.04377,-0.62658,0
2.29419,-1.17698,0
1.46985,-0.74036,0
1.89391,1.1782,0
2.36051,-0.9768,0
2.82256,1.22096,0
2.42557,1.16158,0
0.91633,-0.70354,0
1.38944,0.56692,0
2.7985,0.50116,0
-0.01583,1.14643,0
1.45917,1.11854,0
1.76554,-0.76962,0
3.21126,0.2052,0
3.12981,-1.04125,0
1.52406,0.78543,0
0.84341,1.18982,0
2.44989,-0.51795,0
0.83668,0.84639,0
0.45212,-0.85178,0
3.4033,-0.75904,0
1.17952,-0.08105,0
2.93425,0.50741,0
1.39195,-1.04757,0
3.06319,-0.66049,0
-0.28446,-1.16991,0
3.37938,-1.11853,0
-0.11266,-0.18653,0
2.15822,-0.69238,0
1.07512,-0.61298,0
3.12765,0.81344,0
2.96012,-0.75444,0
3.37537,-0.01815,0
0.91097,-0.49874,0
3.06131,1.04228,0
3.03762,0.97754,0
2.32395,0.90688,0
3.29631,0.47283,0
2.50441,0.0439,0
2.61248,0.76108,0
2.12603,0.67369,0
2.80911,-0.28498,0
2.81516,-1.07453,0
2.97757,0.08473,0
-0.3102,0.19362,0
2.91823,0.37871,0
1.81528,-0.40164,0
0.90816,0.44489,0
0.15186,0.33209,0
2.72905,-0.51468,0
2.05755,-0.99335,0
1.73138,-0.5407,0
1.16253,-0.2664,0
3.36771,-0.72036,0
0.54563,-1.01711,0
-0.3865,0.08462,0
2.9704,-0.71984,0
2.96532,-0.08987,0
1.22932,-0.98898,0
-0.44763,0.6302,0
3.28052,0.39824,0
2.75691,-0.29101,0
2.22419,-0.97655,0
0.12371,-0.50876,0
0.91783,-0.48616,0
1.22441,0.37364,0
1.65592,1.16072,0
3.32696,-0.96174,0
1.76344,-0.69908,0
-0.17905,-0.56933,0
2.16858,1.08793,0
1.73153,0.39158,0
1.95297,0.66654,0
1.38249,-1.15071,0
1.03307,0.791,0
3.10183,0.5191,0
1.49369,-0.16794,0
3.07817,-0.96635,0
-0.25649,-0.96179,0
2.35953,0.06593,0
1.84216,0.20428,0
2.44414,-0.09478,0
1.54523,-1.22063,0
1.70848,0.90334,0
2.35821,-0.98684,0
3.2257,0.29886,0
0.2772,-1.20142,0
0.02112,-0.71587,0
-0.13463,0.82012,0
-0.21565,0.13473,0
3.15235,-0.15646,0
0.77656,1.09923,0
0.62942,0.61664,0
2.59153,-0.18515,0
-0.08418,-0.99877,0
-0.33865,0.35502,0
3.44838,0.17035,0
2.66697,-0.4832,0
2.73996,-0.59331,0
1.42903,0.24303,0
0.34634,-0.5167,0
-0.3465,-0.49104,0
0.01368,0.28369,0
1.57134,0.03267,0
-0.19704,0.33496,0
2.43216,0.59736,0
-0.45762,0.7293,0
0.25023,-0.1121,0
2.49414,1.19357,0
1.49521,1.07849,0
0.09848,0.40502,0
3.12223,0.10575,0
2.17306,-0.21069,0
0.96316,-0.42197,0
2.67573,-0.36254,0
1.332,-1.06909,0
0.54218,-0.379,0
1.80789,-0.2604,0
2.52206,0.80228,0
0.11739,-0.92796,0
0.84615,1.139,0
2.88542,0.95646,0
2.85991,-0.07386,0
1.7841,0.14229,0
0.16447,0.38642,0
3.03782,-1.02691,0
1.41419,-1.22322,0
0.15591,-1.18073,0
0.53304,1.05508,0
2.60395,0.42023,0
2.31769,-0.12003,0
1.6311,-0.63103,0
-0.41929,1.02285,0
1.24787,0.44105,0
1.04426,0.11809,0
2.6657,0.28947,0
1.08465,1.08655,0
2.13274,-1.0916,0
-0.42204,-1.16894,0
-0.32374,0.88984,0
2.2656,-0.9135,0
2.99916,0.86452,0
0.45643,-0.54654,0
3.1498,0.58416,0
-0.09179,0.19253,0
0.47224,1.17483,0
-0.00107,-0.95719,0
0.63003,0.40867,0
0.08983,-0.39127,0
0.3001,-0.34287,0
1.6541,-0.95421,0
0.80554,0.34657,0
2.19997,0.04608,0
2.12689,-1.00666,0
2.24531,0.67748,0
1.89113,-0.37487,0
0.6564,1.02628,0
1.35621,1.22669,0
1.14902,-0.96028,0
1.57835,0.44896,0
2.45726,0.79717,0
0.23298,-0.964,0
1.55584,-0.07995,0
0.66722,0.75213,0
2.40717,-0.03715,0
2.27964,1.16166,0
0.10151,0.78884,0
0.77015,-1.21351,0
0.0793,0.17912,0
1.61115,0.6075,0
2.70762,-0.9547,0
2.882,-0.94156,0
1.87221,0.20404,0
2.08112,0.66596,0
-0.43916,-1.04173,0
0.77155,0.8273,0
1.69584,0.7843,0
-0.28404,0.21557,0
2.50916,0.4056,0
1.10827,-0.01755,0
1.98967,-0.4862,0
2.71042,-0.68887,0
1.23518,-0.90688,0
0.29333,1.02757,0
2.55132,-0.98753,0
2.13558,0.49456,0
0.11423,1.15638,0
0.86189,0.48242,0
1.44588,-0.63676,0
2.97913,0.49399,0
1.83454,-0.78202,0
1.98892,0.08217,0
2.36919,-0.97905,0
0.66716,-0.38514,0
1.1558,0.86818,0
1.5218,-0.72417,0
1.20195,1.0381,0
-0.08209,-0.8352,0
-0.35918,-1.22778,0
1.85647,-0.98386,0
1.62927,0.15558,0
3.45688,1.10968,0
0.75206,1.06048,0
3.38227,1.05587,0
2.84778,1.13738,0
-0.20859,-0.23533,0
1.0218,-0.99993,0
2.30218,0.5162,0
-0.03559,0.09457,0
2.01134,1.17645,0
3.22671,-0.22135,0
2.74573,0.53637,0
2.45024,-0.73899,0
0.54748,0.15391,0
3.2593,-0.46706,0
2.42657,1.23122,0
2.34181,-0.14225,0
1.53443,-1.16095,0
1.79975,0.2937,0
2.25806,0.84666,0
-0.20838,-0.36714,0
1.74239,-1.11293,0
-0.19199,0.76222,0
2.74456,-0.34767,0
2.39565,0.34662,0
-0.11211,1.01678,0
0.57218,-0.54009,0
2.81685,-1.2075,0
3.22697,-0.53934,0
1.62614,1.21929,0
0.18968,0.70576,0
-0.37724,-0.51505,0
2.15667,0.2394,0
-0.45436,-0.52821,0
3.30673,0.34914,0
-0.2381,-0.26721,0
1.53734,-0.13174,0
1.90034,-1.01211,0
1.72212,-1.20856,0
2.31984,-0.86929,0
3.21911,-0.48541,0
2.81786,-1.0186,0
2.83157,-0.9146,0
0.57823,1.15186,0
3.34095,-0.23263,0
2.03721,-0.51724,0
1.20839,-1.21762,0
2.4393,-1.24739,0
-0.13364,-0.79433,0
1.23233,-0.90467,0
1.33782,0.4807,0
-0.08243,-0.46024,0
2.93927,1.00698,0
0.79618,1.16173,0
2.96407,0.87255,0
1.99684,-0.98193,0
1.16137,-0.1569,0
-0.35384,0.21517,0
3.07942,0.61619,0
0.9414,-0.70544,0
0.56769,-0.76553,0
0.95675,-0.66019,0
2.15627,1.13386,0
-0.49598,0.76558,0
1.24045,0.68885,0
3.003,0.6264,0
0.11149,-0.12201,0
0.68,0.4276,0
-0.21267,0.60087,0
3.09662,-0.1688,0
1.26021,1.05241,0
0.68453,-0.70296,0
0.21115,-0.80883,0
1.98988,0.90325,0
2.97962,0.80729,0
1.25878,-0.76425,0
-0.2027,-0.55252,0
2.40388,-0.84167,0
1.45834,-1.03164,0
1.68911,-0.49502,0
3.13755,0.13884,0
2.83587,0.74445,0
0.46601,0.08787,0
0.34591,-0.89177,0
0.29121,-0.67526,0
3.10568,-1.08357,0
3.03276,-0.67116,0
0.23215,0.23155,0
2.5611,0.60314,0
0.39362,-0.64306,0
0.01387,-0.15457,0
0.27212,-0.33785,0
0.68148,-0.2112,0
2.34069,-0.85854,0
2.67163,-0.29523,0
0.77392,-0.02191,0
2.02032,1.23573,0
2.96279,1.14042,0
0.21493,-0.45192,0
0.84132,0.7037,0
1.12702,0.74588,0
-0.28534,-0.67625,0
0.26908,-0.70817,0
0.68914,-0.51074,0
1.40668,-0.13832,0
2.15738,-1.05431,0
-0.40463,0.2391,0
2.4309,0.13639,0
2.03562,1.06462,0
1.8226,0.43358,0
1.35161,0.63977,0
2.0274,-1.05944,0
0.27511,-1.21176,0
0.87676,-0.05806,0
1.65868,-0.58719,0
-0.27878,-0.38081,0
-0.23861,-0.30368,0
3.06238,0.72948,0
2.8799,0.0264,0
1.62065,-0.80624,0
1.09016,-0.62336,0
-0.33503,-0.20792,0
0.4005,-0.95117,0
-0.05036,-0.1612,0
3.29091,-0.12629,0
0.59471,-0.86843,0
0.67305,-0.62499,0
2.35909,-0.81011,0
2.53981,1.13614,0
0.15078,-1.05918,0
2.70533,-0.79032,0
0.04235,0.26482,0
2.09045,0.38213,0
1.0417,0.61351,0
-0.17899,-0.49698,0
2.41272,-0.75893,0
0.18584,0.10387,0
1.5413,-0.68037,0
0.64885,-1.23328,0
3.29258,0.58756,0
2.58999,0.61918,0
3.13367,0.90094,0
0.20191,-0.36386,0
2.00857,0.82288,0
1.97768,-1.2256,0
0.87988,1.06199,0
2.94518,-1.02963,0
2.38635,-0.95257,0
3.0632,-0.85045,0
1.50134,1.19049,0
-0.24633,-1.20493,0
2.43161,0.81161,0
2.08769,-0.68293,0
1.02979,0.30929,0
2.6547,-0.27285,0
2.48206,-0.45972,0
2.06853,-0.61437,0
1.96248,0.16215,0
0.78547,-0.44992,0
1.07487,-1.16041,0
1.13081,-0.1504,0
0.41902,0.16365,0
0.45938,-0.23669,0
0.60852,0.96987,0
1.07378,-0.87318,0
2.21299,-0.20934,0
1.52063,0.88173,0
0.42373,-0.39089,0
0.30443,-0.03617,0
1.0025,0.09786,0
1.50759,-0.54524,0
2.39125,-0.94506,0
0.07384,-0.90016,0
3.10275,-0.01047,0
3.25142,0.58301,0
0.62803,-1.10986,0
1.80232,-1.00318,0
1.18718,-0.11275,0
0.86858,-0.97573,0
3.24051,0.85566,0
2.88539,0.82485,0
1.33056,0.06123,0
2.57644,-0.5724,0
3.43868,0.24001,0
1.30206,-0.98302,0
2.33642,0.19978,0
2.00807,-0.98008,0
2.99744,-0.80836,0
2.7607,-0.79931,0
1.70482,-0.95571,0
0.53372,0.74378,0
1.08199,0.3397,0
0.95019,-0.88426,0
1.8891,-0.15697,0
1.12015,-0.11884,0
2.87521,0.30252,0
0.48105,-0.09019,0
1.25816,0.98736,0
-0.31819,-0.14075,0
-0.01122,1.06242,0
2.61204,-0.39304,0
1.7234,0.736,0
0.51765,-0.30506,0
0.53401,0.34098,0
2.23251,0.23962,0
1.47363,-0.20427,0
2.02546,-0.79568,0
2.70831,-0.6245,0
0.33449,-0.984,0
2.69728,1.14159,0
0.01877,1.05786,0
0.72735,-0.60976,0
3.34141,-1.05193,0
2.98406,-0.36219,0
3.16041,-1.02047,0
1.37132,-0.23431,0
1.53448,-0.97553,0
-0.04983,-1.10388,0
3.20976,0.55194,0
1.82441,0.07693,0
2.36955,1.13587,0
0.80636,-0.92354,0
-0.14112,0.18065,0
2.96158,-0.36771,0
1.602,1.23242,0
0.19922,-0.30754,0
2.22386,-1.03967,0
2.7303,-0.20919,0
-0.20417,-0.8549,0
2.27051,1.02893,0
0.47895,-0.61402,0
0.43307,0.10412,0
1.83821,-0.30564,0
-0.31986,0.48702,0
0.60231,-1.09443,0
1.27621,1.18212,0
0.65752,0.97102,0
2.48673,-0.16579,0
2.55977,-0.81031,0
2.65813,-0.35114,0
2.48883,-0.71075,0
2.60747,-0.78537,0
2.544,0.67102,0
3.06943,0.56506,0
0.46416,-1.18545,0
2.21554,1.01537,0
2.65624,0.82435,0
1.5435,0.05855,0
1.49331,-1.1505,0
1.10315,-0.57834,0
0.40951,-0.86312,0
1.45193,-0.0144,0
-0.17084,0.41927,0
1.96588,0.37648,0
1.36991,-0.34238,0
1.08245,-0.84954,0
2.88612,1.14333,0
1.881,-0.3338,0
1.59331,-0.12681,0
1.33202,0.55006,0
-0.31871,-1.02085,0
3.21693,0.02066,0
0.56678,-0.00465,0
0.03125,-0.15607,0
2.77028,1.06654,0
1.23292,-0.54313,0
1.40045,0.14893,0
2.00051,0.03543,0
0.87048,-0.90972,0
2.5191,-0.77754,0
-0.42411,-0.27453,0
2.20905,0.70013,0
0.3401,0.51528,0
0.19714,0.64643,0
-0.03226,-1.04819,0
2.7983,0.82489,0
-0.01342,-0.21769,0
2.73142,0.65958,0
0.34137,-1.18292,0
2.826,-1.20695,0
2.47407,0.97057,0
3.11173,0.50953,0
2.62813,-0.97954,0
-0.28252,0.13709,0
2.58604,-0.67152,0
3.14983,-0.77899,0
0.64212,-0.97039,0
-0.12328,0.68762,0
0.17213,-1.09089,0
2.42034,1.01781,0
0.8574,-0.35024,0
2.99993,-0.2803,0
1.39113,-0.53803,0
3.33284,0.13514,0
0.78862,0.94289,0
1.44661,0.07332,0
0.00235,-1.20333,0
2.07975,1.14415,0
1.57281,-0.89825,0
2.68766,-0.77524,0
1.56987,0.31572,0
2.9486,-1.08716,0
2.58157,0.44757,0
0.7877,-0.54909,0
2.99976,0.77144,0
1.39981,1.17666,0
-0.20533,0.92725,0
1.4779,0.53262,0
2.99367,-0.04095,0
1.23481,1.09365,0
1.79894,0.79137,0
2.80141,0.98804,0
0.94833,-0.40341,0
1.04608,-1.04416,0
3.03071,0.11149,0
0.59413,0.59591,0
1.74637,1.09177,0
2.1935,-0.54283,0
3.24961,0.92968,0
-0.21165,-0.51255,0
2.59529,-0.72627,0
2.88015,1.09582,0
0.0882,1.15818,0
2.8373,-0.92706,0
2.55957,0.28125,0
1.7125,-0.86534,0
2.35446,-0.50017,0
1.26795,1.21373,0
0.70092,-0.57125,0
1.65348,-0.84659,0
3.22761,0.78908,0
0.9156,-0.06372,0
0.68278,0.857,0
2.7421,0.91251,0
0.07528,-0.79616,0
2.18565,-0.85227,0
0.39561,-0.53166,0
1.48827,0.69643,0
2.83939,-0.72297,0
2.40492,-0.8825,0
0.9249,-0.09506,0
1.73868,0.59379,0
2.60675,1.18768,0
0.21439,-1.08936,0
0.19848,-0.8773,0
0.96411,-0.5412,0
1.10181,1.24464,0
1.34253,-0.92094,0
0.32391,-0.40567,0
2.16312,-0.50338,0
3.23826,1.03192,0
1.89055,0.44238,0
1.69067,0.7486,0
3.32087,0.10605,0
1.37175,-1.18551,0
0.45653,0.36928,0
2.856,-0.93152,0
2.2415,0.68775,0
0.16886,-1.09333,0
3.20003,0.71274,0
0.65854,-0.89285,0
2.69919,-0.93582,0
2.80881,1.01619,0
-0.36291,-1.02562,0
2.82574,0.45016,0
1.62726,0.78928,0
1.9123,0.39278,0
0.13628,-1.15757,0
2.63259,0.30733,0
1.58629,-1.18457,0
2.52467,0.75512,0
1.64324,-0.38804,0
3.33221,0.45186,0
2.25113,0.03117,0
3.19777,0.24192,0
-0.08896,-1.13314,0
0.92744,-0.56504,0
2.68497,0.654,0
1.09426,0.72292,0
1.31703,0.78323,0
3.38831,-0.62418,0
-0.19937,-0.63078,0
1.90444,0.77693,0
2.73655,-0.64765,0
2.99984,-0.91265,0
2.65008,1.05504,0
1.53026,-0.4888,0
2.77482,-0.37129,0
-0.02773,-0.14428,0
2.9549,1.1439,0
2.63047,1.09701,0
2.78974,-0.14176,0
1.04774,-0.40979,0
0.15537,-0.52951,0
3.28666,-0.02098,0
1.19489,-0.88678,0
-0.49065,0.75422,0
2.63481,0.67789,0
2.1897,-0.00719,0
-0.20091,-0.71841,0
2.70468,-0.03226,0
0.3021,-1.22283,0
0.70985,0.24739,0
-0.37967,-0.57747,0
2.5728,0.38564,0
0.21711,-0.97511,0
1.9044,-0.50126,0
2.02249,0.39033,0
0.92534,0.57264,0
3.31256,0.5988,0
0.38473,0.30667,0
2.42004,0.01015,0
-0.05092,-1.15838,0
1.46456,-0.30733,0
2.9491,0.61583,0
0.55459,-0.32968,0
1.38918,0.72247,0
0.84271,0.01349,0
2.06408,0.63385,0
0.93321,0.89403,0
-0.44403,-0.50247,0
0.57367,-0.04875,0
3.09422,-0.71002,0
1.8418,1.22214,0
0.92319,-0.58644,0
3.25551,-0.93211,0
2.7657,0.2013,0
0.62716,-0.01119,0
3.35382,1.03286,0
1.84549,0.53243,0
-0.19291,-0.29825,0
0.09419,1.11788,0
3.29677,-1.17908,0
2.17588,-0.65185,0
3.33949,-0.07039,0
-0.39265,-0.47973,0
3.26047,-0.18907,0
-0.20722,-0.68537,0
2.81784,1.11909,0
0.93413,-0.48901,0
3.22887,0.70126,0
0.197,0.42493,0
3.28524,0.82254,0
2.81293,-0.06706,0
2.29838,0.01599,0
2.16919,-0.38671,0
1.9831,0.22486,0
1.48397,-0.69077,0
0.13183,-1.08926,0
1.15026,-0.66402,0
2.81346,0.50384,0
2.09195,0.16426,0
0.83655,-0.53483,0
1.22445,0.68445,0
0.2286,-0.30357,0
3.11185,0.91075,0
1.70077,1.24342,0
-0.10261,1.19474,0
1.98514,-0.2159,0
3.40947,-0.69983,0
0.90238,1.24524,0
1.13933,-0.15451,0
2.11471,0.9979,0
0.78386,-0.62164,0
2.88711,-1.05616,0
0.07329,1.20361,0
2.62907,0.39794,0
0.72781,-0.0279,0
0.76963,-0.55163,0
-0.40458,0.7349,0
-0.29111,0.1656,0
1.66601,-0.97799,0
2.64309,-0.05302,0
1.35197,-0.96443,0
-0.06866,0.63796,0
1.87146,-0.62678,0
3.08916,1.05036,0
1.03895,-0.57862,0
-0.37737,0.31222,0
0.91416,0.24228,0
1.74124,-0.85784,0
2.53302,-1.0727,0
3.35441,0.96853,0
3.28067,0.44161,0
1.32779,-0.25826,0
0.03881,-0.78539,0
0.74584,-0.49019,0
2.07988,0.38305,0
1.53012,0.61232,0
0.6267,0.5133,0
2.30369,-0.33239,0
2.18393,-0.63051,0
2.66077,-0.83557,0
2.4168,0.09854,0
0.37967,-1.23317,0
3.12196,0.09316,0
0.19406,-0.21992,0
1.38528,-1.02593,0
-0.19627,-0.19329,0
3.35491,-0.61393,0
2.38861,0.16476,0
1.41267,0.98555,0
0.87571,0.61059,0
0.30047,1.2395,0
-0.36074,-0.68927,0
1.88015,-0.05967,0
0.1875,-1.08661,0
0.3966,-0.63733,0
1.46371,1.13908,0
0.17002,0.85884,0
2.13308,-0.49003,0
1.14088,0.08198,0
-0.41112,1.13471,0
2.65705,0.07154,0
0.33396,-0.68658,0
3.22067,-0.80627,0
0.49647,-0.56233,0
2.19448,0.39523,0
2.47442,0.79317,0
1.05619,-0.5134,0
0.64102,-0.57263,0
0.00378,-0.5434,0
3.0264,-1.16946,0
2.57091,0.4166,0
0.79288,-0.7775,0
2.58142,1.20422,0
3.2932,-0.80412,0
3.2569,1.11868,0
0.08448,-0.07626,0
0.48086,-0.47971,0
0.79032,-0.50607,0
1.82979,1.13681,0
0.59509,-0.49591,0
3.07544,-1.1007,0
-0.02056,0.61582,0
0.79682,-0.80974,0
1.75798,-0.50495,0
1.14046,0.38632,0
2.84567,-0.39871,0
0.47092,-0.12392,0
0.32575,-1.03776,0
-0.27016,-1.13722,0
3.40595,-0.10762,0
0.49461,0.13236,0
1.36341,-1.05589,0
2.58534,1.02983,0
0.9886,0.9195,0
0.20195,-0.09487,0
1.20797,-0.2297,0
-0.05381,-1.19242,0
2.80358,-0.86435,0
-0.39571,0.54481,0
3.49059,-0.69383,0
0.42643,-0.7084,0
1.52324,0.12055,0
1.09115,-0.05147,0
3.47821,0.01971,0
1.04437,0.89157,0
2.66165,-0.10133,0
1.23713,-0.23793,0
0.40545,-0.4543,0
3.14337,-0.29853,0
2.81613,-0.19581,0
0.6133,0.60795,0
1.18718,0.62839,0
0.58734,0.89379,0
1.65752,-0.26751,0
2.49853,-1.04456,0
1.54777,-0.41446,0
1.45234,1.23583,0
2.15326,-1.05402,0
2.49648,-0.16036,0
3.34372,-0.33102,0
2.33166,1.12971,0
3.15224,-0.13252,0
3.07726,-0.77503,0
0.53167,1.07579,0
2.0633,-0.85148,0
1.83007,-1.15788,0
3.46226,1.02248,0
3.1579,-1.03751,0
0.257,-0.54218,0
-0.2818,-0.51617,0
0.44058,0.07046,0
2.9567,-0.82489,0
-0.49276,0.99601,0
2.28303,0.19419,0
1.45869,-0.80434,0
-0.20201,0.78577,0
0.51491,-0.76912,0
0.86626,0.56053,0
0.38371,-0.03499,0
0.66165,1.11268,0
-0.15078,0.327,0
1.77038,-0.92308,0
-0.31759,0.57078,0
1.51637,-0.8702,0
0.27416,-0.32672,0
3.2527,0.2087,0
1.36474,0.64507,0
2.03266,0.63567,0
3.192,1.14109,0
2.35712,0.11006,0
-0.49681,0.77543,0
1.53646,0.30515,0
0.59769,0.04175,0
2.05608,-1.16749,0
1.38084,-0.95087,0
3.00164,-0.47841,0
0.89806,0.55994,0
1.33866,-0.36476,0
3.48052,-0.72,0
1.34899,-0.67612,0
-0.03107,0.77777,0
2.89972,-1.03215,0
0.69767,-0.43685,0
1.66207,0.8794,0
-0.06389,0.5418,0
0.52342,-0.8557,0
1.0186,-0.36129,0
0.67509,0.90968,0
0.84891,0.70047,0
2.12767,0.18544,0
2.0008,0.70595,0
0.91849,-1.1029,0
0.00995,-0.22381,0
0.44321,-1.09832,0
2.34964,0.09973,0
1.07168,-0.09782,0
1.94477,-0.99066,0
3.14122,-1.17928,0
3.26903,-0.74797,0
3.13745,0.88071,0
-0.03466,-1.19338,0
1.70537,-0.36529,0
1.91769,1.2238,0
0.25746,-1.147,0
0.29155,-0.37377,0
0.63101,1.02743,0
3.38026,-1.09651,0
0.35183,0.54991,0
1.34083,-1.21592,0
3.13585,-0.00271,0
2.95906,-1.14204,0
1.12141,0.79141,0
2.20747,-0.0166,0
2.65262,-0.96609,0
2.45584,0.80889,0
0.37707,-0.14955,0
0.47497,1.12097,0
1.24026,-0.18868,0
3.38774,-0.95891,0
3.12275,-0.27273,0
0.74767,0.27837,0
3.42822,-0.44637,0
3.10869,1.07425,0
-0.25562,0.60823,0
-0.1677,-1.04058,0
1.88192,0.07619,0
-0.37541,-0.19817,0
1.38803,-0.74924,0
-0.04225,0.82423,0
3.18135,0.69909,0
-0.02726,-1.12217,0
2.96919,-1.1852,0
2.08889,0.0824,0
3.08066,0.65436,0
3.16476,-0.4142,0
2.63517,0.46589,0
2.85519,-1.13166,0
-0.37117,-0.75327,0
0.54798,-1.19387,0
0.91745,-0.62977,0
-0.49817,-0.19507,0
2.30572,0.85577,0
1.87991,-0.01451,0
2.63984,0.60562,0
1.13644,-0.25396,0
1.2717,-1.16684,0
2.17701,-0.62687,0
0.256,0.43543,0
0.01129,-0.72268,0
0.89697,0.08399,0
2.36364,-0.48291,0
1.9959,0.54091,0
3.37239,-0.14242,0
2.32759,-1.13512,0
-0.0703,0.3647,0
0.30444,-0.37206,0
2.9779,-0.55208,0
2.29625,-0.3504,0
3.02511,0.74199,0
2.19963,0.03815,0
0.42922,0.18301,0
0.41357,0.63635,0
3.29982,-0.4625,0
-0.49784,-0.08365,0
0.14543,-0.89242,0
3.34409,1.08201,0
0.108,0.008,0
0.69712,0.60431,0
1.14123,-0.41963,0
3.4745,1.2417,0
1.34195,1.11947,0
-0.06027,-0.53122,0
0.64967,0.61886,0
1.09149,0.55814,0
0.80296,0.40035,0
0.45868,0.1864,0
0.85248,-0.10344,0
-0.352,-0.27984,0
-0.18998,-1.17908,0
2.04248,-0.75154,0
2.44459,0.16496,0
1.47436,-0.88823,0
2.49108,-1.12835,0
2.60596,-0.48231,0
2.64357,-0.20945,0
-0.16941,-1.09093,0
0.7761,0.08058,0
2.9173,-0.78841,0
1.05836,-0.63435,0
0.14919,-0.39134,0
2.3654,0.24336,0
-0.24387,1.00819,0
0.02128,0.22066,0
0.50604,-0.98528,0
2.09655,-0.69305,0
2.8629,-0.8354,0
0.31311,-0.19253,0
3.20224,0.81893,0
0.17438,0.44425,0
1.14772,0.53314,0
1.28644,0.67702,0
0.65085,0.78578,0
3.34892,0.4225,0
2.45665,1.03673,0
1.86097,-0.44648,0
2.4877,-0.54258,0
1.90312,0.39991,0
1.23646,-1.17503,0
2.07653,0.3607,0
-0.10691,-0.1633,0
1.73121,0.06901,0
1.74497,1.03762,0
0.00863,-0.26865,0
2.27271,-0.47385,0
0.65562,-1.00205,0
3.4041,0.10856,0
2.48303,0.95158,0
0.58225,0.10692,0
2.73696,-0.54623,0
2.1896,0.38217,0
1.21494,-0.74203,0
3.10934,1.1347,0
0.12332,-0.33103,0
0.15961,-0.38284,0
2.33656,0.21057,0
0.58004,0.47525,0
2.79941,-1.17918,0
3.14853,-0.2012,0
1.22277,0.51764,0
1.52175,0.79931,0
2.64387,-0.00448,0
0.76775,-0.92882,0
0.40413,1.1554,0
1.94559,-0.05437,0
3.10527,1.03112,0
-0.15671,-0.61806,0
0.69311,-1.08628,0
3.14864,-1.16981,0
1.55354,-1.242,0
-0.41063,0.06797,0
2.61555,0.66585,0
1.40971,-0.94561,0
0.91468,-0.12962,0
0.21798,0.29968,0
3.37625,0.72488,0
2.02848,0.54932,0
1.80131,0.28479,0
2.38685,0.12569,0
2.33547,-0.55337,0
0.94547,0.10752,0
1.9389,-0.1972,0
1.4047,0.7135,0
2.04334,0.31004,0
3.49837,0.41471,0
-0.20926,-0.69374,0
-0.4274,0.34312,0
1.96118,-0.9627,0
0.87576,-0.2012,0
0.47894,-0.08504,0
1.01785,0.86445,0
3.13851,0.76509,0
3.37541,-0.04887,0
-0.09594,-1.1731,0
3.34031,0.60667,0
3.24363,0.12517,0
0.5474,0.60177,0
2.36597,1.1125,0
1.20657,-0.97273,0
-0.08803,-1.18757,0
1.87325,1.24,0
1.1722,-1.19462,0
0.7212,0.08483,0
3.05551,-0.07433,0
2.91704,0.84736,0
1.11372,-1.11402,0
2.29466,-0.09072,0
1.65679,-0.14034,0
1.68456,0.18825,0
3.27305,-1.22723,0
-0.15297,0.45434,0
3.17266,0.47894,0
2.94774,0.30915,0
0.51698,0.63698,0
-0.17097,0.08725,0
1.40572,0.40964,0
0.07525,0.72695,0
2.96331,1.06029,0
2.0736,0.66618,0
2.10552,-0.51487,0
1.44277,-1.15979,0
2.34596,-1.20986,0
0.72604,-0.71572,0
1.10868,0.15993,0
1.34914,-0.79859,0
1.77854,0.05731,0
1.70464,0.5781,0
0.87321,-1.06702,0
2.70201,-0.15049,0
1.70515,0.57717,0
0.58091,1.1842,0
0.93701,-0.33077,0
2.44408,1.10741,0
1.84504,-0.86857,0
-0.42241,0.33965,0
0.52342,1.07904,0
0.09466,-0.37491,0
-0.24825,-0.87127,0
3.2827,-0.72627,0
2.72939,-0.89701,0
1.89047,-0.08296,0
-0.28246,0.48196,0
-0.13751,-1.15687,0
1.52464,0.69199,0
3.01964,0.72376,0
3.04259,0.54282,0
3.30131,0.27771,0
0.1243,1.00796,0
1.25603,0.15273,0
2.66327,-0.27754,0
2.88049,0.65688,0
0.15474,-0.73853,0
2.5151,1.23455,0
2.22327,-0.01926,0
2.52147,0.26665,0
2.89048,0.78797,0
1.57679,-0.09259,0
-0.46935,0.27471,0
3.02352,0.91028,0
0.10764,-0.48823,0
0.64959,-0.15506,0
-0.27556,0.76898,0
0.69622,0.73773,0
1.54089,1.05176,0
1.26142,-1.24951,0
2.69455,-0.42843,0
0.71421,0.60755,0
0.28507,-0.47654,0
3.16528,-1.23211,0
1.39723,-1.1423,0
2.43007,-0.79657,0
1.1586,0.74724,0
0.27015,1.06586,0
2.5464,0.88528,0
2.94986,-0.4867,0
0.32679,0.12271,0
2.2002,-0.21121,0
2.68052,0.4646,0
0.39214,0.86156,0
2.72981,-0.2799,0
1.55722,0.04978,0
0.33624,-1.1102,0
1.01797,-0.6365,0
-0.31915,-0.1678,0
2.97754,0.02903,0
2.24258,0.02265,0
2.36029,1.23229,0
3.34294,0.96551,0
1.98653,0.03397,0
2.33864,0.7854,0
0.4945,-1.04022,0
2.16074,-0.44515,0
2.95038,0.51499,0
-0.47076,0.42793,0
0.81733,0.95207,0
2.0201,-0.89822,0
-0.3156,-0.0097,0
3.13383,-1.14694,0
0.93966,0.51077,0
2.22811,1.12569,0
3.4669,1.04539,0
-0.20672,0.78217,0
1.21368,-0.20305,0
1.09053,-0.23317,0
1.04438,-0.98981,0
2.40546,0.27186,0
0.69663,1.11599,0
3.04622,0.77519,0
0.86288,0.39838,0
2.28189,0.11115,0
1.40291,-0.59919,0
0.54022,1.16908,0
2.2349,-1.01935,0
3.14136,-1.03929,0
2.04048,-0.3029,0
1.16673,-0.73381,0
-0.1023,0.80619,0
-0.05046,1.15563,0
1.79709,0.14819,0
2.52282,-1.072,0
0.26166,0.34267,0
1.5387,0.75485,0
2.58925,-0.70867,0
2.65198,-1.18807,0
2.13926,0.56151,0
1.68556,0.13872,0
3.06617,1.20266,0
1.16398,1.01312,0
2.15555,-0.13143,0
0.79802,1.04039,0
0.07463,-0.41768,0
0.17698,-1.18841,0
0.08814,-0.51671,0
2.50017,0.2247,0
0.75002,0.60735,0
1.96733,0.83818,0
2.54138,0.23361,0
0.94084,0.52537,0
0.28053,-0.00341,0
0.08963,1.24764,0
2.11402,-0.00339,0
3.42511,0.31608,0
2.00445,-1.08828,0
1.08937,0.70018,0
0.17456,-0.40812,0
1.18539,-0.52137,0
-0.44378,0.17839,0
-0.24153,-0.15759,0
0.1047,0.57451,0
0.73877,-0.55105,0
0.63473,-0.16168,0
2.6384,-0.77995,0
1.88395,0.85426,0
1.69837,-0.02846,0
2.34823,0.99739,0
0.77286,-1.01618,0
-0.49635,0.22053,0
2.61168,0.96621,0
0.80465,0.57759,0
0.67143,-0.61862,0
0.77101,-0.71999,0
0.91037,0.62046,0
3.29457,0.67186,0
2.67378,0.59393,0
0.38606,-0.40362,0
1.72208,1.0103,0
1.42054,0.43218,0
2.77584,-0.12763,0
2.779,0.7264,0
-0.36521,0.82426,0
3.08897,0.00897,0
1.80803,-0.34503,0
2.94295,0.71042,0
3.07317,0.48546,0
2.10603,0.53327,0
1.12263,-0.43384,0
1.52414,0.33024,0
1.68685,1.18314,0
0.27149,0.75184,0
1.84939,0.98045,0
1.46403,1.0738,0
0.35852,-1.16752,0
3.22449,-1.10293,0
-0.00814,0.17261,0
0.37367,-0.03108,0
2.97667,-0.18546,0
1.05371,-0.13677,0
2.45378,0.7273,0
3.29847,1.16387,0
3.34156,-0.83715,0
0.91132,-0.14176,0
1.00985,-0.76793,0
3.19117,-0.93728,0
0.46212,-1.23168,0
-0.47847,1.18321,0
0.51311,0.5397,0
0.50968,0.88095,0
-0.18746,0.14681,0
1.78418,-0.56397,0
-0.36725,-0.18899,0
2.48995,-0.18332,0
2.15417,0.34691,0
1.00126,-0.14644,0
0.98492,-0.65922,0
2.91759,0.71007,0
1.4171,0.57249,0
1.3766,1.09529,0
2.61708,0.8377,0
3.45721,-0.13769,0
1.92992,0.12216,0
0.21073,0.6473,0
2.01188,0.1375,0
1.9686,0.15368,0
3.30751,-0.45043,0
2.00321,-0.11359,0
0.77306,-0.27339,0
0.74822,-0.61295,0
1.77451,0.94963,0
-0.40717,-0.01183,0
1.00123,0.74188,0
0.8191,-1.19887,0
1.78104,-0.55186,0
0.61021,-0.70355,0
1.60951,1.05906,0
0.28705,1.06252,0
0.60638,-0.83536,0
0.57593,-0.40609,0
1.01141,-0.50686,0
2.67716,-0.57694,0
3.29885,1.10619,0
0.88308,0.71987,0
2.35464,-0.3518,0
2.29008,0.79457,0
2.37622,0.92364,0
3.05268,-0.89974,0
3.05499,0.0077,0
2.83356,0.42515,0
-0.4537,-0.51013,0
3.12286,0.88374,0
-0.27115,-0.34499,0
2.59013,0.80165,0
0.83657,-0.60722,0
1.68491,-0.65336,0
2.72968,0.76533,0
2.23323,-0.34423,0
2.59513,0.34256,0
3.2385,1.12512,0
0.92456,-0.32441,0
3.33443,0.89967,0
3.4961,-0.01329,0
0.73828,0.30174,0
-0.24055,-0.83098,0
1.81198,0.90608,0
3.05948,-0.84028,0
2.01135,0.41681,0
0.85453,0.59761,0
0.73046,-0.84955,0
0.27873,0.74837,0
3.07705,0.64489,0
0.40114,0.82938,0
3.28273,-0.65323,0
1.65823,-0.91411,0
2.87176,-0.0457,0
1.74952,-0.4802,0
2.81381,0.9242,0
2.06366,0.33036,0
2.24365,-0.28684,0
-0.18349,-0.58696,0
-0.03187,-1.24891,0
0.83608,0.71734,0
2.66322,0.75824,0
2.69715,0.55465,0
2.48813,1.2324,0
2.63747,0.41096,0
0.79641,1.01397,0
0.31406,0.37456,0
-0.3882,-0.2099,0
0.41556,-0.86721,0
0.99018,1.03704,0
-0.4217,-0.69338,0
-0.45402,0.5932,0
3.20217,0.83249,0
1.34045,0.38897,0
3.06848,0.26695,0
3.49368,-1.06157,0
3.34337,0.16845,0
3.33099,-1.0246,0
-0.16433,0.49934,0
2.77842,-0.04989,0
0.74958,-0.52996,0
-0.44426,-0.49441,0
1.4476,-1.17757,0
0.18007,-0.52089,0
-0.3259,-1.17093,0
2.07807,0.86385,0
0.02664,-0.31556,0
1.44695,-0.31096,0
1.58706,-0.63595,0
2.10059,1.12672,0
1.50018,0.75535,0
0.50813,0.36228,0
0.34116,-0.25852,0
1.08264,0.27334,0
2.22314,0.7033,0
3.34565,0.55569,0
1.12475,0.42881,0
1.77286,0.17959,0
0.86573,-1.22069,0
0.32083,0.87861,0
2.08275,0.67625,0
0.14165,-0.45576,0
1.50283,-0.77342,0
3.15465,-0.51518,0
2.57338,0.97001,0
0.99992,-0.69072,0
2.40181,0.24748,0
0.97103,-0.15599,0
1.93828,-0.55905,0
0.00083,0.94827,0
-0.05321,-0.46998,0
2.97703,-0.43037,0
-0.07448,-0.90287,0
3.03811,-0.09539,0
-0.117,-0.94078,0
0.1559,0.53828,0
0.29263,0.75181,0
-0.02609,-1.02848,0
2.57244,-0.60297,0
1.43761,0.35639,0
1.05039,0.05553,0
0.28202,-0.34294,0
1.70516,-0.18071,0
2.8975,-1.03996,0
0.81465,0.51669,0
0.24637,-0.25441,0
1.79535,0.63002,0
3.43357,0.02206,0
2.22831,-0.18889,0
2.65418,-0.34544,0
2.90734,-0.96857,0
1.37851,-0.8122,0
0.11643,-0.16015,0
1.36384,0.63668,0
2.90225,-0.18707,0
2.05052,0.88299,0
-0.49786,-0.12154,0
1.08182,0.69745,0
2.75122,0.29149,0
3.07094,0.49272,0
1.55735,-0.84567,0
-0.15469,0.82065,0
-0.41041,-0.29762,0
1.41394,1.17738,0
1.15119,0.45878,0
1.3968,1.24595,0
2.85106,0.3049,0
2.29794,1.24415,0
-0.13266,0.86812,0
1.55173,-0.72835,0
1.5393,0.78757,0
1.40217,-0.15747,0
0.37886,0.56254,0
0.11014,0.43418,0
-0.20054,0.88579,0
0.5503,0.39921,0
-0.32143,-1.06033,0
2.90127,0.56004,0
1.49548,-0.15419,0
1.36219,1.15162,0
3.43073,0.82271,0
0.24592,-0.55548,0
2.54107,0.85211,0
1.59269,-0.82307,0
-0.34662,0.3336,0
3.25346,0.16882,0
3.35789,-0.07763,0
-0.40296,-1.17106,0
3.17971,-0.31471,0
-0.39207,-0.40914,0
1.66057,-0.3867,0
0.64038,-0.19484,0
-0.20289,0.95669,0
0.80318,-0.70518,0
3.21031,-1.24604,0
1.66028,-0.62809,0
0.28028,-1.14678,0
2.75073,-1.11235,0
0.02736,-0.4506,0
0.63392,-0.52153,0
2.97623,-0.47662,0
1.28546,-0.82049,0
0.94017,-0.10647,0
2.59269,-0.91557,0
0.5218,0.38448,0
2.58711,0.86407,0
-0.26145,-0.11731,0
2.22239,0.49538,0
0.20443,0.87799,0
2.98049,-0.1582,0
-0.28164,1.17387,0
2.17275,-0.84287,0
2.01211,0.84505,0
1.53409,-0.41658,0
-0.3579,-0.20915,0
2.13581,0.50585,0
3.01978,0.06883,0
3.27973,-0.37873,0
0.95045,0.61431,0
0.43279,1.08138,0
3.4462,0.63504,0
-0.06786,-0.67712,0
-0.38095,-0.1359,0
1.99332,0.74905,0
1.28462,0.54472,0
1.11482,-0.92432,0
-0.00233,-0.64233,0
3.34396,1.23647,0
0.67106,-0.18533,0
1.43315,-0.93578,0
2.58865,-1.10754,0
-0.02632,-0.00669,0
0.98287,0.46295,0
3.37101,-0.99294,0
1.40842,-0.35512,0
1.79183,-0.55347,0
2.59376,0.01433,0
2.35247,1.05195,0
3.10341,0.90634,0
2.57737,0.2402,0
3.1607,0.43372,0
0.71532,1.18699,0
0.64499,0.41448,0
0.58095,-0.81079,0
0.45521,-0.64582,0
2.13678,-0.97564,0
0.29536,0.15427,0
2.22346,0.69874,0
0.74332,-0.12684,0
0.17983,-0.31397,0
1.80219,1.17051,0
-0.07964,0.21732,0
2.83976,0.40977,0
2.74238,-0.79781,0
1.88922,-0.21099,0
1.30537,-0.75474,0
1.33207,0.77422,0
-0.12681,-1.20141,0
1.78104,-1.23499,0
0.6075,-1.24326,0
2.94439,-0.00443,0
1.42473,-0.20657,0
-0.3103,-0.43859,0
2.98345,0.02877,0
-0.08464,-0.51764,0
3.18723,-0.02719,0
0.72843,-0.58212,0
3.24422,-0.02228,0
1.72979,-0.8058,0
3.02179,-0.75782,0
0.85543,0.69089,0
3.38115,-0.86261,0
2.67319,-0.12306,0
0.95347,-0.84103,0
0.25977,0.95961,0
3.47835,-0.67619,0
1.56447,-1.15048,0
-0.11738,-0.75532,0
1.43596,1.13618,0
1.83853,-0.2675,0
3.01621,-0.11191,0
-0.26011,-0.23811,0
1.51323,0.72338,0
0.11258,0.84086,0
3.0657,-0.29404,0
0.83286,-0.7869,0
3.25971,0.72878,0
2.72466,-0.38297,0
-0.403,-0.83124,0
1.3036,1.23731,0
0.17329,-0.57531,0
0.01574,-0.7582,0
2.14497,0.25183,0
0.74211,1.07147,0
1.24165,-0.69839,0
3.25006,-0.21159,0
0.49742,0.15175,0
1.42115,0.0143,0
3.16964,0.4136,0
3.14009,-0.98429,0
1.98992,0.95143,0
-0.43652,0.64836,0
2.10188,0.40608,0
2.43685,0.46754,0
1.17501,-0.64771,0
1.97078,0.9629,0
-0.20372,0.19517,0
-0.37523,0.20477,0
-0.42567,0.99759,0
2.67869,0.28458,0
3.27464,-0.51579,0
2.6435,0.4034,0
1.6515,0.48499,0
3.25657,-0.64883,0
0.36432,0.34552,0
0.37782,1.00431,0
2.71171,-0.21788,0
3.12358,0.3963,0
0.06864,0.31227,0
1.94989,-0.82354,0
0.05863,-0.17094,0
0.1492,1.1934,0
3.4446,-1.11191,0
0.16666,0.36433,0
0.08107,0.55398,0
3.17143,-0.34678,0
0.74706,0.5804,0
1.74443,-1.15429,0
1.30351,-0.07758,0
2.82793,0.98952,0
0.01994,0.30348,0
2.10341,0.75663,0
1.56261,-0.04418,0
2.2494,1.19834,0
0.87705,-1.24762,0
3.09303,-1.03825,0
-0.06219,-0.35965,0
-0.1977,0.92157,0
0.74869,-0.06922,0
1.81539,0.33268,0
0.92273,0.0374,0
2.34478,-0.86834,0
2.35559,-1.08101,0
0.38197,0.52743,0
-0.36687,0.82548,0
3.07464,-0.31823,0
1.12082,0.06411,0
1.35353,0.35591,0
2.91223,-0.64806,0
0.9551,-0.35649,0
0.499,-0.35789,0
0.00386,0.39033,0
0.30918,0.69535,0
0.97477,0.27379,0
0.82452,-0.33754,0
2.08593,-0.2812,0
0.40052,0.48805,0
2.78575,-0.82487,0
-0.36485,-0.16422,0
1.48531,-1.20443,0
0.46069,-0.49385,0
0.43768,-1.07958,0
0.28695,0.76599,0
-0.41255,0.08137,0
0.85732,-0.76826,0
3.19102,-1.18182,0
2.45177,0.65296,0
1.10149,0.93304,0
-0.37598,0.09111,0
2.74249,0.01028,0
2.0181,0.8921,0
2.60172,0.75923,0
0.22588,-1.22989,0
1.60156,0.32733,0
1.4683,-0.14093,0
0.14542,-0.91219,0
1.60527,-0.58572,0
2.81242,-0.77558,0
-0.2202,-0.1026,0
1.47037,-1.18529,0
1.12611,-0.83658,0
1.9041,-0.05846,0
1.49814,-0.34855,0
2.77946,-1.22119,0
3.03374,-1.05787,0
0.08511,-0.10591,0
2.2918,0.17311,0
0.06225,0.6421,0
0.51794,-0.15828,0
-0.20717,-1.15429,0
1.20381,-0.58474,0
2.47967,-0.32393,0
0.30375,0.7036,0
1.60273,0.53183,0
2.43113,-1.10781,0
0.50688,0.85467,0
-0.10331,-0.77429,0
1.13432,-0.20832,0
1.02283,-0.1967,0
0.71853,-0.44414,0
2.38768,-0.39415,0
1.41019,0.78464,0
1.30446,0.13943,0
0.01774,-0.67487,0
1.30253,-0.84465,0
1.56538,-0.67518,0
2.17551,-1.21405,0
0.69188,-0.23165,0
1.5977,-0.40183,0
-0.13294,-0.44848,0
3.25024,0.45926,0
3.43858,1.17432,0
0.01252,-0.39008,0
0.79474,-1.22407,0
0.05955,0.79007,0
0.5933,0.72511,0
2.85493,-0.01003,0
1.61408,0.41884,0
3.20155,0.69365,0
3.41357,-1.20424,0
2.6532,-0.84874,0
1.5243,0.78763,0
1.08952,-0.2717,0
1.02583,1.0628,0
3.33462,0.75937,0
3.28143,1.08747,0
1.14056,-0.41861,0
3.27557,0.69417,0
1.25938,1.24398,0
0.9883,-1.0523,0
0.48237,-0.52232,0
1.25353,0.69805,0
3.01274,-1.18936,0
2.73718,0.4743,0
1.5484,-0.90376,0
3.20664,0.61809,0
-0.20959,-0.10626,0
3.11716,1.05391,0
2.02485,-0.32903,0
2.69901,0.63877,0
1.00995,1.20916,0
0.94994,-0.07471,0
2.36452,-0.69182,0
0.76629,-1.13391,0
3.16916,0.20905,0
2.21564,0.37213,0
3.23534,0.63036,0
1.46442,0.92165,0
1.47068,0.95283,0
1.63162,-0.24271,0
0.02825,-0.11626,0
0.2445,0.81057,0
0.22122,-0.31844,0
1.13101,0.87295,0
2.10075,-0.28846,0
-0.22566,0.06955,0
-0.36132,0.81331,0
2.70996,1.17878,0
2.88323,-1.02531,0
0.38388,0.24733,0
1.33366,-1.23572,0
1.89718,1.11224,0
1.02439,0.55578,0
0.3525,1.03515,0
2.84239,-1.10163,0
1.71953,0.85999,0
0.08951,-1.02103,0
-0.29059,1.01568,0
-0.0648,1.14027,0
1.0138,-1.19697,0
0.14758,1.05385,0
1.11194,-0.78387,0
1.25037,1.18637,0
2.94941,-0.91233,0
0.03194,-0.54444,0
1.62172,-0.93437,0
2.42407,-0.918,0
3.46366,-0.92556,0
2.63174,-0.28555,0
3.31225,-0.7668,0
2.61712,0.40247,0
1.6776,1.01612,0
1.53111,1.23281,0
1.73963,0.64156,0
1.82631,0.67959,0
3.23799,0.37827,0
-0.21661,0.05279,0
2.25934,0.7175,0
1.53332,-0.48173,0
2.86751,0.28336,0
2.44215,0.76366,0
2.92502,-1.13488,0
1.91926,-0.81342,0
3.40142,-0.51464,0
-0.23943,-0.10804,0
1.84891,0.43956,0
-0.33617,-0.79213,0
2.99638,-1.10905,0
2.21526,-0.48862,0
2.77901,0.12393,0
2.19997,1.14583,0
1.15661,-0.29595,0
0.63123,-0.0754,0
-0.35154,0.49306,0
0.89829,-1.02721,0
1.79298,0.04227,0
0.49204,0.57897,0
1.00368,-0.25891,0
0.66725,-0.28079,0
0.89261,-0.72113,0
0.15475,0.43892,0
0.60683,0.19007,0
0.13468,1.07087,0
1.25597,0.4301,0
1.95495,-0.61566,0
2.40904,0.31604,0
1.55466,0.14377,0
3.32622,-0.86762,0
3.47827,-0.60026,0
0.11526,0.93438,0
-0.21499,0.16466,0
0.84935,0.29636,0
0.58602,0.26491,0
2.35131,-0.1413,0
-0.19036,-1.09682,0
1.63808,0.33803,0
3.32664,0.30147,0
1.18392,-0.1223,0
2.7132,-0.15341,0
1.42455,0.36888,0
2.12054,-0.48919,0
2.38266,-0.30326,0
1.26188,-0.81287,0
1.70135,0.42917,0
2.12875,-0.0673,0
1.40868,0.24041,0
-0.14774,0.41331,0
1.79351,-0.68792,0
0.15958,-0.84118,0
1.94591,-1.22912,0
2.62209,-0.55543,0
2.2456,0.30592,0
1.63655,0.83959,0
1.34181,0.75349,0
0.4429,-0.4113,0
2.49866,1.13353,0
3.20015,0.37551,0
1.95391,-0.09973,0
1.83433,0.47045,0
2.93496,0.41345,0
2.82319,-0.20667,0
0.6167,1.09561,0
3.21333,0.78293,0
1.86286,0.72649,0
-0.05124,1.07468,0
0.61487,-1.21757,0
1.73534,0.35868,0
0.60067,-0.17656,0
1.70953,-0.47281,0
2.71252,0.01671,0
2.87033,-1.03645,0
0.1756,-1.20656,0
-0.2944,0.14266,0
1.9463,0.69214,0
-0.43577,0.10346,0
2.36984,0.78098,0
0.56174,1.20597,0
2.19112,-0.04931,0
1.50853,-0.7656,0
2.02772,0.58693,0
1.99456,0.86565,0
0.58784,0.16787,0
3.34152,-0.47801,0
2.77155,-0.16885,0
2.94494,-0.81273,0
3.27135,1.19978,0
0.69848,0.9697,0
2.45511,0.83663,0
-0.05855,-0.78576,0
1.89403,-0.16912,0
1.68032,-0.76433,0
1.71766,0.29934,0
0.66352,-1.17642,0
-0.272,-0.3204,0
2.35482,0.45089,0
1.40367,-0.29109,0
3.07,1.05903,0
-0.41768,-0.7426,0
-0.03887,1.16231,0
2.74523,-0.01414,0
0.76885,-1.00023,0
0.11394,-0.75761,0
2.99297,0.89292,0
0.06626,-1.10865,0
3.31243,-0.6892,0
1.8543,0.94301,0
2.38302,-0.74662,0
0.74481,-0.70112,0
1.32737,0.34191,0
1.6078,1.177,0
1.41531,0.43049,0
1.27802,-0.40555,0
3.48241,1.15735,0
1.59206,0.9654,0
1.1282,1.07803,0
-0.16719,1.15876,0
1.81548,-0.3111,0
2.13632,-0.97457,0
0.90392,-0.32416,0
1.41642,-0.32086,0
2.39681,-0.04025,0
2.39497,-0.97605,0
1.73642,1.20096,0
3.15438,0.39916,0
1.7437,-0.0484,0
2.05716,-0.71587,0
0.13772,1.0208,0
2.25689,0.59884,0
2.49158,-1.08457,0
1.96144,-1.1143,0
1.53852,0.03941,0
2.85906,-0.92211,0
0.02181,-0.09622,0
0.73822,0.56353,0
1.77734,0.34135,0
1.61449,-0.06836,0
2.96363,-1.12954,0
2.54322,-1.13152,0
0.53083,-0.43053,0
2.2065,-0.29841,0
3.22406,-0.47014,0
2.78937,-0.42212,0
2.32303,-0.17057,0
3.07497,0.71581,0
-0.42472,0.50152,0
2.39602,1.12841,0
1.47828,-0.91767,0
0.75018,1.23526,0
0.03947,-0.32387,0
-0.34203,0.36116,0
-0.45163,-0.00939,0
2.59854,0.04625,0
0.84283,0.26809,0
2.63611,-0.54701,0
0.71894,0.00095,0
-0.27579,0.83991,0
3.44414,0.36593,0
1.01425,-0.63299,0
0.25007,0.66391,0
0.66947,0.36534,0
3.47118,0.56703,0
0.23359,-0.45369,0
0.10309,-1.12525,0
0.2385,-0.60421,0
3.44266,-0.92228,0
-0.27285,-0.74331,0
0.2901,0.23397,0
0.095,0.02966,0
0.6132,0.64742,0
2.91585,-0.90817,0
2.89478,0.1752,0
2.23297,0.46111,0
1.40236,1.09479,0
1.12518,0.72555,0
-0.25191,-0.46222,0
3.2465,0.59237,0
1.14723,0.52546,0
1.27836,-1.20895,0
2.23994,0.83683,0
-0.36656,-0.11963,0
0.6364,-0.03338,0
2.09331,1.23672,0
0.60722,0.11062,0
0.56007,0.49859,0
0.84464,-0.28215,0
0.05054,0.75476,0
2.40056,-1.00806,0
0.89343,-0.0976,0
1.58462,-0.49049,0
3.44641,0.85881,0
2.81279,-0.72234,0
1.5858,-0.27982,0
1.4792,1.01947,0
0.76651,0.37601,0
0.4172,-0.06949,0
1.08323,-1.21384,0
0.51617,0.37354,0
0.46999,0.27447,0
1.0533,1.09946,0
0.12999,-0.59176,0
1.58992,0.53858,0
1.23225,1.06154,0
0.65166,-1.20086,0
-0.48934,-1.09037,0
2.26963,-0.71387,0
0.3945,0.76799,0
3.14351,0.69876,0
3.43195,0.09259,0
0.464,-0.35841,0
-0.16649,-1.15697,0
1.22037,-0.89318,0
0.18805,0.90365,0
3.16183,-0.57236,0
-0.06163,0.47318,0
0.67256,-1.18437,0
1.53927,-0.60272,0
1.0356,1.0992,0
-0.35462,1.0138,0
2.51298,-0.98476,0
1.93262,0.21242,0
2.45944,0.96743,0
3.22587,-0.63272,0
0.07556,-0.6403,0
2.31597,-0.92505,0
2.68629,0.33274,0
0.71996,0.94118,0
2.5273,0.30734,0
0.27608,0.2046,0
1.90392,-1.02248,0
1.29984,0.27882,0
2.92279,1.0089,0
1.89998,0.5326,0
2.49012,0.22886,0
3.36486,-1.24315,0
0.65893,0.58799,0
0.27677,0.33767,0
1.765,-0.95651,0
1.66609,1.21,0
2.31451,-1.09738,0
0.18464,0.77374,0
1.98567,-0.41239,0
0.4452,-0.82784,0
2.94015,-0.46275,0
1.50203,-0.42869,0
-0.35674,0.71039,0
2.0265,-0.01576,0
0.34798,1.14164,0
-0.39773,-1.09753,0
0.68766,-0.54118,0
3.36798,-0.28651,0
2.44072,-0.50446,0
-0.06438,0.32912,0
0.74402,-0.09788,0
1.92525,-0.43606,0
2.05063,-0.05978,0
-0.02532,-0.91794,0
2.76439,-0.72689,0
0.31501,0.85186,0
0.41068,0.79648,0
1.50466,1.03377,0
1.84665,-0.35312,0
0.93497,1.00858,0
-0.34085,-1.02735,0
2.8669,-1.05554,0
1.47052,0.81261,0
-0.22405,1.15449,0
2.38688,0.1466,0
1.79263,0.90177,0
0.6928,-1.24491,0
2.55536,-0.55151,0
0.79689,-0.14422,0
2.03782,-0.29227,0
1.07026,1.15857,0
0.32005,-0.40133,0
1.77169,0.40253,0
0.29134,-0.77865,0
0.72193,-0.40637,0
2.28509,0.70229,0
0.98361,0.86032,0
3.46351,-0.7314,0
2.53116,-1.14272,0
3.24273,0.63504,0
1.189,-0.70459,0
1.29352,0.32141,0
3.19397,-0.69696,0
-0.16488,0.7269,0
1.70728,-1.13709,0
1.16615,0.23244,0
2.69326,1.14039,0
0.71067,-0.50765,0
2.5194,0.19013,0
1.19606,-0.44396,0
-0.16333,-0.84594,0
-0.09677,-1.15249,0
2.82134,-0.66626,0
0.08451,0.92604,0
1.19291,0.15357,0
1.76379,1.2235,0
3.15657,0.97684,0
3.15907,-0.3557,0
1.92291,0.8227,0
1.55586,0.50055,0
0.02117,1.21285,0
1.46759,0.49429,0
1.59395,-0.58269,0
2.76746,0.76836,0
-0.24458,-0.16694,0
1.72372,-0.70718,0
2.99885,-0.31294,0
0.14907,0.24552,0
2.2022,0.07651,0
1.15633,0.71496,0
1.02842,0.04694,0
2.82067,1.12119,0
1.3175,-0.95218,0
2.85196,-0.91226,0
2.24373,-1.19201,0
2.85593,-1.14196,0
2.82243,-1.16467,0
0.64195,-0.67874,0
0.98532,0.34863,0
-0.04568,0.27221,0
-0.05902,-0.97634,0
0.51608,-0.34327,0
-0.1052,-0.55248,0
1.40133,1.2057,0
0.57307,-1.02613,0
1.76756,0.50222,0
0.54742,-0.23959,0
2.5442,-0.45142,0
2.94896,0.95607,0
0.95947,1.03323,0
1.96651,-0.00952,0
0.79376,0.13429,0
2.94155,-0.70938,0
2.44392,0.53994,0
0.31384,-0.55889,0
2.60173,1.00088,0
1.76971,-0.3832,0
1.01003,1.22249,0
1.37115,0.47546,0
0.82796,-0.00032,0
2.53705,0.05186,0
3.08249,-0.12479,0
3.02397,-0.06902,0
0.39382,-0.82163,0
1.71529,1.02241,0
-0.17078,-0.12976,0
1.53287,-0.85063,0
1.26155,-1.15108,0
2.03702,-0.99003,0
2.84606,-1.00579,0
1.24144,-0.14921,0
2.2397,1.00658,0
3.30066,0.09279,0
1.38386,0.16017,0
2.74862,-1.15647,0
2.01008,0.0518,0
2.34707,0.49254,0
1.71551,1.12661,0
0.42294,0.42684,0
-0.48532,-0.52559,0
0.39255,-0.33995,0
3.07831,-0.78399,0
1.21776,-0.14166,0
2.15212,-0.81641,0
1.32655,-0.77009,0
3.0126,0.21191,0
3.39926,-1.03446,0
2.26387,0.04736,0
2.645,0.01882,0
1.29432,0.0628,0
0.92152,0.14263,0
-0.03822,-1.08188,0
2.92349,0.77078,0
1.01642,-0.50958,0
2.88794,1.16854,0
2.0991,-0.10105,0
2.09932,-0.71319,0
0.55884,-1.02891,0
2.71637,-0.58806,0
-0.02893,0.36198,0
-0.20391,0.56728,0
-0.35703,-0.67607,0
-0.39675,0.33431,0
-0.11916,0.0329,0
0.59832,0.00281,0
0.02385,1.16265,0
0.3901,-0.17032,0
3.39769,0.77436,0
0.54791,0.42005,0
2.98648,-0.75994,0
1.04669,-0.21356,0
2.38961,-1.01503,0
1.2761,-0.59555,0
0.83152,-1.12394,0
0.13914,-0.87782,0
0.68092,0.74837,0
2.05242,0.92678,0
2.97639,-0.36874,0
2.12016,1.11685,0
3.23537,-0.0171,0
1.3056,0.06875,0
0.7033,0.97009,0
0.79573,0.34257,0
-0.3027,0.58379,0
1.31407,1.10344,0
2.0667,-1.05974,0
3.23064,0.01493,0
2.84631,0.62321,0
0.3836,-1.06009,0
0.72491,0.68243,0
0.86395,-0.95986,0
-0.30877,-0.27506,0
0.58754,-0.45623,0
2.26704,0.42239,0
2.51674,1.02237,0
3.45941,-0.96508,0
3.17266,-0.98349,0
-0.28551,-0.3905,0
0.77407,-1.11045,0
2.34257,0.17346,0
1.42256,1.14329,0
2.84476,-0.27686,0
3.07346,0.01044,0
1.19114,-0.39379,0
2.55793,-1.17529,0
-0.30951,0.74883,0
-0.46157,1.0884,0
1.25305,-0.25653,0
3.04036,-1.18705,0
0.83752,-1.24949,0
2.38589,0.16759,0
0.36357,0.00664,0
3.47592,1.22527,0
3.47544,-0.76362,0
0.75256,-0.3024,0
2.17347,0.81878,0
1.92863,-0.96619,0
2.90969,0.75243,0
0.92889,0.74697,0
1.76377,-0.26942,0
2.36878,-0.12836,0
3.27884,0.27217,0
2.30673,-1.13443,0
1.72818,-0.20818,0
0.68673,-0.57008,0
2.14763,-0.81178,0
3.13473,1.23646,0
0.79417,0.61026,0
2.33098,-0.49618,0
1.25688,0.09871,0
-0.08488,1.04082,0
0.55423,-0.61995,0
0.19902,-0.77733,0
0.58321,0.79243,0
0.41379,-1.22346,0
0.84826,-1.01724,0
0.90764,-0.17097,0
0.82709,-0.52551,0
3.18279,-0.73271,0
-0.10238,-0.76406,0
2.51472,0.96335,0
3.06986,1.02744,0
0.3306,1.1154,0
0.31077,-0.27901,0
3.41407,1.16724,0
1.44185,-0.44419,0
1.22483,0.8659,0
2.58,-0.9509,0
0.14833,-1.09921,0
1.84989,0.67308,0
1.69815,-0.54152,0
0.3731,0.97443,0
-0.16707,-0.07645,0
2.24926,1.20991,0
3.22699,-0.96849,0
0.15068,1.03133,0
2.92682,0.91929,0
2.43936,0.61771,0
1.90779,-1.0211,0
0.56274,0.73574,0
-0.02435,0.44135,0
0.1743,0.42616,0
2.26185,-0.91275,0
0.00097,-0.61482,0
1.87502,-0.97844,0
0.25613,-0.09315,0
2.53908,1.12875,0
2.43461,1.08502,0
0.14187,-0.88176,0
0.87071,-0.26171,0
2.36431,-0.68907,0
2.75545,0.69932,0
0.72401,0.77439,0
0.22068,1.12028,0
1.39428,-0.97058,0
2.71555,1.10989,0
1.78865,-0.43469,0
2.43184,-0.50073,0
1.77531,0.05825,0
0.26903,0.97749,0
2.98139,-0.50765,0
1.40507,-1.2231,0
2.04893,0.73333,0
2.21607,0.19444,0
1.97392,0.55003,0
1.41265,-0.64165,0
1.87624,0.60684,0
0.27036,1.07055,0
0.24096,-0.58063,0
2.2786,0.79806,0
-0.47212,1.10724,0
-0.21232,0.96876,0
2.20793,-0.98422,0
1.49065,-0.88975,0
2.39593,-0.79475,0
2.9965,-0.04621,0
0.98623,1.21345,0
0.83639,-0.37508,0
0.94925,-0.24401,0
2.762,0.27287,0
1.27426,0.37861,0
0.79873,0.82414,0
0.14488,-0.86789,0
0.75722,0.43866,0
-0.00959,0.09137,0
0.32702,1.10191,0
1.04609,1.11544,0
-0.00824,0.57818,0
1.48074,0.55819,0
2.02788,-0.75873,0
3.46485,-0.45414,0
2.28321,0.26895,0
1.67203,0.57368,0
2.02052,0.36251,0
0.50393,1.23167,0
0.6084,0.44758,0
0.49158,0.87061,0
0.37272,0.26104,0
2.9412,0.82986,0
0.25499,0.90704,0
0.87674,1.23003,0
0.05986,1.13098,0
2.24495,1.11522,0
3.2214,-0.43029,0
1.28078,-0.0998,0
0.42703,0.59912,0
2.87179,0.46143,0
0.676,-0.74335,0
1.63499,-0.12073,0
2.18021,-0.35344,0
3.30818,1.05078,0
2.89097,-0.11828,0
-0.06366,-0.63651,0
2.78843,0.6444,0
1.72917,-0.14898,0
2.55996,-0.41001,0
2.99246,-0.20466,0
0.21238,-0.03806,0
0.56203,0.65744,0
1.79789,-0.54907,0
1.15876,-0.57179,0
-0.4307,1.02449,0
2.40593,0.83332,0
-0.39274,0.47539,0
2.0614,-0.50146,0
0.73936,-0.04193,0
0.83392,0.40717,0
1.22837,1.01951,0
1.79136,0.55759,0
2.79997,0.91805,0
0.31303,0.60349,0
3.42976,0.30583,0
0.62166,-0.07383,0
2.99867,0.91332,0
2.17677,-0.7246,0
0.14747,0.88863,0
2.45369,1.14952,0
1.06178,-0.79586,0
2.75556,-0.62353,0
1.9756,1.08205,0
2.98055,-0.11277,0
0.85479,0.92418,0
2.23727,-1.0579,0
1.10712,0.01686,0
2.6779,-1.12882,0
2.07841,-0.94844,0
3.243,-1.08111,0
0.36421,0.09546,0
2.71802,-1.12723,0
0.56171,0.37488,0
2.3063,1.03479,0
0.88949,0.33509,0
2.90782,0.89841,0
0.28946,-0.38454,0
2.88503,0.33802,0
1.863,-0.42419,0
3.19687,-0.37669,0
2.75915,-0.92223,0
1.25848,-0.09698,0
1.19231,0.508,0
1.62374,-0.72645,0
2.44325,0.94279,0
2.3735,0.57598,0
0.29794,-0.00702,0
0.01737,1.20947,0
0.03722,-0.79616,0
0.2097,0.11106,0
0.40236,-0.64833,0
1.24971,-0.61974,0
0.96757,0.77661,0
2.44315,1.19709,0
2.54949,1.21204,0
2.50974,0.81727,0
3.03451,-1.15042,0
0.10289,1.1142,0
0.11173,-0.27301,0
1.50397,1.23294,0
1.97435,-0.77244,0
2.57198,0.70636,0
1.77267,-0.78813,0
2.48663,0.31181,0
0.76605,0.07227,0
-0.4693,-0.18627,0
1.13156,-0.97796,0
2.19808,0.19717,0
1.03089,-0.9249,0
3.43853,-0.85116,0
0.40121,1.2023,0
1.03566,1.23247,0
1.62029,-0.47755,0
2.96067,-0.0898,0
0.13266,-1.15961,0
1.67966,-0.74092,0
2.70068,0.93092,0
1.22322,-0.86159,0
1.411,0.15595,0
-0.29086,0.40723,0
0.65092,0.34555,0
0.54511,-0.38957,0
-0.48757,1.13273,0
3.15478,0.86687,0
2.32263,-0.45449,0
1.30748,0.70941,0
2.94915,0.92379,0
0.71539,0.92803,0
0.54311,0.64678,0
1.58569,-0.50041,0
-0.13485,-0.94389,0
3.21627,-0.10104,0
-0.35705,-0.88959,0
1.39541,0.91273,0
-0.02403,-0.22334,0
2.07417,1.00747,0
2.26161,0.79423,0
-0.28176,-0.1922,0
1.44038,1.16126,0
0.66293,-0.14809,0
1.52182,0.86142,0
-0.17723,0.23251,0
-0.41279,0.82351,0
1.5284,-1.17791,0
1.08116,0.25822,0
1.85672,-0.29798,0
-0.25514,0.74129,0
1.00364,0.39716,0
3.09967,-0.05207,0
2.33827,1.13477,0
1.50525,1.21545,0
0.98829,-1.14844,0
0.03543,0.7873,0
3.35117,-1.19749,0
-0.36366,-1.16938,0
1.18057,0.79854,0
1.33229,-0.2363,0
1.53213,0.2092,0
1.67485,0.81892,0
1.60882,0.1724,0
-0.32389,0.50815,0
2.18458,0.59176,0
1.03167,-1.20519,0
2.62814,0.79608,0
-0.1902,-1.01314,0
1.91287,-0.41739,0
0.03484,1.1771,0
1.74472,-0.16836,0
0.87502,-0.62731,0
2.49408,-1.01456,0
3.18512,0.95822,0
2.67225,-0.45388,0
1.73632,-0.39404,0
-0.29276,1.16044,0
3.38247,-0.67053,0
2.58649,1.17844,0
2.11073,-0.11636,0
2.74752,-0.4122,0
3.00825,-0.98933,0
-0.44408,1.10677,0
1.85114,0.03179,0
2.69622,0.13195,0
-0.32831,0.72768,0
-0.25648,0.33824,0
-0.32389,1.19102,0
0.91002,-0.73605,0
0.25976,-0.24543,0
2.51879,0.15371,0
2.10927,0.46489,0
1.38825,-0.83593,0
0.42117,0.25773,0
1.11696,-0.04078,0
0.71766,-0.78723,0
1.5138,-1.15067,0
1.37345,0.53721,0
1.23665,1.16784,0
0.67222,-0.40766,0
2.58842,0.37033,0
-0.08774,-0.0602,0
0.62817,0.25083,0
0.28499,-0.96982,0
-0.04651,1.24379,0
0.26658,0.43675,0
0.13146,-0.84395,0
1.88245,-0.74363,0
2.18741,1.17355,0
3.40088,0.07762,0
2.61313,0.55794,0
2.5449,-0.68717,0
2.40329,0.71298,0
2.69068,0.22252,0
1.71562,0.40879,0
2.98442,-0.22843,0
1.88623,-0.77571,0
1.64784,-0.67065,0
1.35023,-0.34308,0
2.29476,1.24642,0
-0.3217,-0.7116,0
3.15466,-0.48368,0
1.08719,0.28952,0
0.33156,-0.04839,0
3.43651,0.32349,0
0.07435,0.93043,0
0.11966,0.15796,0
0.35455,0.00829,0
2.81934,0.58154,0
1.74854,0.0334,0
3.06916,1.23302,0
2.30466,-1.08484,0
1.64254,-0.07363,0
2.65438,-1.02201,0
3.49583,0.21404,0
1.44268,1.04537,0
0.27034,1.09273,0
2.7107,-1.0334,0
1.70126,0.32532,0
2.70263,-0.00082,0
-0.40604,0.69288,0
1.90306,-0.42541,0
-0.16265,-0.40215,0
2.24095,0.47669,0
3.28259,0.87367,0
3.04337,-0.45856,0
2.86836,0.19629,0
1.71397,-0.2062,0
1.83876,0.29906,0
0.22416,0.40765,0
0.49797,0.20311,0
-0.41201,0.00709,0
0.52907,1.0207,0
2.47905,1.05795,0
-0.25088,-0.95333,0
0.26091,0.60421,0
0.26491,-0.46044,0
0.84044,0.79522,0
1.26708,0.58319,0
-0.26173,-0.30914,0
2.90605,0.11145,0
1.32952,-1.13295,0
1.57769,0.98254,0
0.62781,-1.1175,0
1.52548,-0.86863,0
0.19798,0.17597,0
1.57032,0.57738,0
2.38224,-1.21623,0
0.81459,-1.17153,0
1.54942,0.93971,0
2.04206,-0.60397,0
2.03315,-0.27457,0
1.07994,-0.34789,0
2.66504,0.9848,0
-0.09883,-0.5059,0
-0.16418,0.13077,0
1.35247,-0.44477,0
3.11001,-0.1126,0
2.90539,-1.07146,0
2.53127,0.57297,0
-0.40066,0.26124,0
2.72762,-0.34658,0
2.39978,1.20507,0
2.06634,-0.84881,0
0.91264,0.03097,0
1.68107,0.4544,0
3.40942,0.28594,0
2.08171,0.49638,0
3.33205,0.60724,0
0.2572,0.00643,0
2.3429,1.02344,0
-0.27467,-1.21719,0
0.84974,1.01949,0
1.89752,-0.81283,0
0.60888,1.24607,0
0.28538,1.11052,0
2.54802,-0.56459,0
3.40066,-0.78235,0
0.64949,0.67194,0
-0.29064,-1.22243,0
1.10732,-1.0569,0
3.4818,0.87652,0
1.08543,-0.21695,0
1.65477,0.04645,0
2.91637,-1.15459,0
1.34517,-0.96838,0
1.63491,0.00794,0
3.30058,-1.10668,0
1.58199,0.01875,0
1.83533,0.24566,0
0.51217,0.71106,0
0.54615,0.71116,0
-0.2502,-0.14065,0
1.078,0.19793,0
1.00486,-0.36197,0
2.60762,-0.26659,0
1.01435,-0.46209,0
-0.02887,-1.12969,0
2.13264,0.13855,0
0.77283,-0.07608,0
0.97696,1.19306,0
0.13638,1.09577,0
1.55151,0.53537,0
2.43789,-0.60138,0
3.45951,-0.56049,0
-0.36276,0.65945,0
2.2791,0.86618,0
2.20152,0.99466,0
0.08347,-0.32623,0
0.08527,-1.01943,0
2.69539,0.64567,0
0.44742,0.19142,0
1.56091,-0.07272,0
3.30666,-0.07038,0
0.11611,-1.19864,0
2.90318,0.53984,0
1.10351,0.36587,0
1.03653,-0.58683,0
0.02468,-0.07706,0
0.35959,-0.67751,0
2.40889,-0.85445,0
3.37467,-0.08737,0
1.13924,-0.18636,0
0.01587,1.18908,0
2.20323,-0.43635,0
2.16095,1.0937,0
2.85755,1.15688,0
3.43727,-1.10703,0
2.4445,-0.8687,0
-0.43899,-0.13259,0
1.73297,-1.06961,0
3.28063,-0.56121,0
0.59591,-0.82141,0
0.22716,0.99619,0
2.75428,0.75337,0
1.88529,-1.07372,0
-0.13198,-0.27094,0
2.18979,-0.78125,0
2.08933,0.29593,0
1.98226,0.81584,0
0.82268,0.21175,0
0.78213,1.23214,0
1.47124,0.91466,0
2.37285,-0.28934,0
2.44584,-1.13212,0
2.46921,1.20609,0
2.70785,0.88589,0
-0.19683,1.18344,0
2.85501,-1.1665,0
2.15582,0.33808,0
3.06478,0.65662,0
0.48257,-0.88672,0
3.25435,-1.21852,0
0.92274,-0.31382,0
3.03316,-0.17119,0
0.04639,0.10701,0
0.41525,-0.07736,0
1.66665,0.28279,0
2.79713,-1.12285,0
0.24515,0.74326,0
-0.20092,0.28804,0
3.25704,-0.5601,0
0.9834,-0.0262,0
0.51898,0.51185,0
-0.16603,-0.11134,0
3.20776,0.71289,0
1.18844,0.99314,0
1.84489,-0.88964,0
2.7488,1.04483,0
-0.40195,-1.19795,0
2.25267,0.71985,0
0.05953,-0.80953,0
0.03124,-0.24282,0
1.15277,1.12602,0
0.24461,-0.43435,0
3.46834,0.33133,0
-0.06278,0.03885,0
2.6989,0.34556,0
0.68261,-0.61468,0
0.15687,-0.10199,0
2.43074,0.90292,0
0.47688,-1.05509,0
0.83134,-0.7789,0
-0.27408,-0.96587,0
2.36268,-0.27424,0
3.46412,0.53419,0
2.4032,0.91572,0
2.80802,0.29552,0
-0.18953,-0.89472,0
2.29234,-0.8183,0
2.46039,-0.05355,0
2.26041,-0.38086,0
-0.4486,-0.73748,0
3.1773,0.83124,0
2.20363,-0.27345,0
1.61722,-0.51669,0
3.04846,1.24411,0
0.75481,0.96201,0
2.67004,-0.53972,0
3.07333,-0.6235,0
0.62776,0.17215,0
1.48969,-1.11066,0
2.24268,-0.69993,0
2.82837,0.14073,0
1.74048,1.15051,0
3.44849,-0.85454,0
1.82587,-0.7097,0
0.04297,-0.55584,0
2.78901,0.33965,0
0.65405,-0.15028,0
0.24374,-0.50853,0
0.59462,0.03326,0
2.8744,1.09452,0
3.10971,0.42476,0
2.31028,0.45313,0
0.20961,0.6943,0
3.03674,0.43521,0
1.29792,1.01022,0
2.73621,0.22824,0
2.46602,-1.00094,0
0.03395,0.98729,0
-0.06562,1.19339,0
0.13758,-0.17225,0
3.24351,-0.3238,0
1.81317,-0.7443,0
0.00585,0.20428,0
3.19175,1.04808,0
1.26286,0.72591,0
2.81574,0.88368,0
2.61068,0.07144,0
1.51309,-0.63506,0
1.04455,1.1946,0
1.7928,0.98759,0
1.0151,0.64709,0
0.01411,0.63026,0
1.41334,0.74453,0
1.89457,0.92974,0
1.03093,0.00452,0
2.4515,1.14923,0
0.90437,0.25147,0
1.70444,-0.01079,0
2.39003,-0.95811,0
-0.4303,-0.99197,0
0.88339,-0.92053,0
1.9639,0.97137,0
1.52066,0.07215,0
1.40012,0.64166,0
0.64738,-0.2838,0
1.0678,-0.86451,0
2.60167,0.2599,0
2.57268,0.72119,0
2.84932,0.21672,0
1.15604,0.15627,0
3.14899,-1.09845,0
2.26131,0.19946,0
2.48908,-0.10151,0
0.5296,-0.71082,0
0.60377,0.57195,0
2.5967,-0.79,0
1.5452,0.19432,0
1.48558,0.10313,0
1.76805,-0.84239,0
-0.00954,0.48505,0
0.12101,1.21476,0
2.64863,0.50591,0
3.37538,0.46163,0
2.75465,0.57784,0
2.36373,0.77291,0
-0.06957,-0.28803,0
0.68652,-0.30557,0
2.06756,-1.1643,0
0.1402,-1.10993,0
1.00485,-0.09861,0
1.8047,-1.19865,0
0.20718,0.8887,0
1.97061,0.58844,0
1.83889,-0.34624,0
1.55082,0.68489,0
0.9,0.42325,0
1.1295,-0.92251,0
1.72266,-1.23396,0
-0.47259,0.67172,0
1.66707,0.09398,0
2.43903,-0.51197,0
2.62609,0.48837,0
2.57216,1.07177,0
3.42281,1.06109,0
1.33288,0.65603,0
1.56217,-0.49612,0
1.24799,-0.89731,0
3.33376,0.76348,0
-0.44922,1.24591,0
-0.1445,-0.94616,0
-0.4479,0.67112,0
3.08992,0.8161,0
1.43212,0.38587,0
3.46914,1.19527,0
0.49778,0.30972,0
1.575,-0.38145,0
1.52375,-0.23378,0
1.8536,0.45824,0
0.72781,-0.57847,0
-0.36538,-0.72061,0
0.31886,-1.2458,0
2.39431,0.21184,0
2.14516,0.96023,0
1.4071,0.62078,0
2.34964,0.85364,0
0.93906,-0.71938,0
0.50062,1.052,0
0.04616,-1.01182,0
1.96341,-0.62258,0
2.58259,-1.09718,0
1.63283,0.87995,0
1.33634,0.62085,0
2.54933,-0.87743,0
1.68142,-0.13042,0
1.72395,-0.99545,0
1.6792,0.02744,0
-0.30444,1.14485,0
2.72806,0.15581,0
1.00223,-0.27219,0
3.06796,-0.98637,0
1.17284,0.60932,0
1.19959,0.72957,0
3.01387,0.50846,0
-0.01744,0.96015,0
1.1242,-0.94288,0
1.69015,-0.80508,0
0.46448,0.02675,0
3.10552,0.88515,0
1.4266,0.17304,0
0.90951,0.32144,0
0.95179,-0.8465,0
1.60338,-0.83151,0
0.98191,0.49564,0
-0.39746,0.43505,0
1.82822,-1.15976,0
2.63205,0.13899,0
2.74453,-0.50993,0
0.80504,0.95143,0
0.32907,-1.20417,0
2.51546,-0.26512,0
0.65683,-0.66885,0
1.57584,-0.43804,0
1.20482,1.01787,0
0.61355,0.79236,0
2.80374,-0.15639,0
1.89488,-1.21029,0
0.0522,-1.11522,0
0.14458,-0.67488,0
1.60126,0.16423,0
0.36216,-1.05125,0
2.55189,1.08761,0
2.24931,0.53145,0
0.30585,0.84143,0
-0.29368,-0.82076,0
3.46581,-1.22249,0
-0.40677,0.9908,0
0.29071,-0.96494,0
2.52325,0.12057,0
0.82455,-0.43816,0
2.91938,-0.29936,0
0.16138,0.39025,0
0.99106,0.82298,0
-0.48699,0.48266,0
1.90987,-0.17369,0
0.66495,0.48809,0
-0.13126,1.23542,0
3.45023,0.61432,0
0.82956,-0.6485,0
3.00878,-0.97599,0
3.46633,-0.31572,0
1.98267,0.12124,0
0.55201,0.46002,0
1.92282,0.39991,0
0.42583,0.99518,0
1.67393,-0.8973,0
-0.26361,0.27384,0
2.88379,0.04123,0
2.68681,-0.84037,0
0.4089,-0.68384,0
0.80924,-0.70399,0
0.02206,-0.74222,0
3.08144,0.08177,0
0.9903,-0.60949,0
0.45981,0.89974,0
2.36344,0.18367,0
-0.01925,-0.25761,0
0.91836,0.22138,0
2.50003,0.29853,0
2.66423,0.46144,0
3.15606,-0.83986,0
3.49658,-0.55316,0
1.20827,1.04575,0
1.04949,0.03853,0
1.61151,0.46685,0
-0.45363,-0.37099,0
0.77235,0.51589,0
0.22842,-0.59478,0
1.40591,0.95256,0
-0.0804,-0.14752,0
2.18056,-0.37511,0
1.25149,1.20492,0
1.40957,0.04296,0
0.16606,-0.85662,0
2.50135,-0.26178,0
1.08438,-0.49673,0
1.72525,-0.81004,0
3.25203,-1.04574,0
1.85832,1.18313,0
1.19524,-0.39971,0
2.94206,-0.20568,0
-0.33802,1.06822,0
1.84779,0.81493,0
2.97773,-1.1097,0
3.10116,0.58224,0
-0.48995,0.456,0
0.23378,0.96623,0
0.35597,-0.2666,0
0.69696,0.02895,0
1.18125,-0.97913,0
2.80012,0.70438,0
0.86532,-0.36447,0
3.15497,-0.49357,0
1.72489,-0.92247,0
2.20005,0.46948,0
2.35589,0.55713,0
2.69647,-0.41751,0
2.32633,-0.81397,0
-0.43877,-0.69849,0
0.63791,0.88469,0
0.90619,-0.63457,0
0.89953,0.69469,0
3.05672,-0.12058,0
0.79603,1.05584,0
1.92735,-0.90683,0
1.19488,-0.70401,0
3.27957,1.1968,0
-0.23273,-0.68947,0
-0.16694,-0.97567,0
-0.1087,0.56091,0
2.41111,-0.99571,0
-0.00846,-0.5238,0
3.27556,0.91823,0
3.15815,-1.07254,0
2.17556,-0.93851,0
2.80188,-0.26632,0
2.42902,-0.7918,0
2.73559,-0.19976,0
0.09489,-0.60589,0
1.47798,-0.74077,0
3.45498,0.89292,0
2.77151,-0.55965,0
2.66956,-0.06923,0
0.0232,1.06347,0
1.16382,0.18229,0
1.59187,0.8221,0
2.42271,-0.69329,0
3.09883,0.56942,0
0.62697,0.81132,0
2.51408,-0.38949,0
0.84343,0.32988,0
3.17917,-1.04024,0
3.1536,-0.82945,0
3.15403,0.98241,0
1.80495,0.3589,0
0.96422,0.33035,0
0.18059,0.17181,0
1.68888,0.00519,0
3.39551,-0.87017,0
-0.47594,-0.09494,0
1.56013,-0.18477,0
-0.23183,-0.44062,0
2.4603,0.1171,0
1.61941,0.71862,0
1.98795,-0.29299,0
2.61189,-0.93073,0
2.74185,-1.18837,0
0.89864,0.99306,0
0.18839,0.57009,0
0.71623,-1.24675,0
2.29862,-0.65321,0
0.10263,-0.36817,0
3.05452,-0.08212,0
-0.39574,0.33534,0
2.53285,-0.49171,0
0.8223,0.97804,0
-0.14949,-0.73511,0
2.15373,0.12555,0
2.41645,1.14173,0
-0.35397,0.9349,0
2.96447,1.22905,0
2.66503,0.67045,0
3.19037,0.16461,0
1.17577,1.04648,0
0.3575,0.40371,0
3.16207,-0.59241,0
1.25809,1.23291,0
1.04059,0.75922,0
2.62678,-0.67302,0
-0.33136,-0.8307,0
0.88722,-1.05212,0
1.39092,-0.92283,0
0.64355,-0.8712,0
3.06483,-0.60523,0
-0.29224,-0.36948,0
3.28407,0.06185,0
-0.02425,0.0161,0
0.31848,-0.43185,0
1.31183,0.0157,0
0.36971,0.92718,0
-0.23071,1.02333,0
1.51232,-0.43005,0
0.59474,0.83715,0
1.46249,-0.441,0
2.58478,0.11716,0
3.04866,-0.36793,0
0.18445,0.75067,0
2.31522,-1.13371,0
3.0381,-0.40797,0
0.0374,-0.79691,0
2.83342,-0.44,0
2.18001,-1.01479,0
1.60623,0.65017,0
1.26194,-0.70159,0
0.71408,-0.19701,0
-0.09013,0.03385,0
0.90903,1.08904,0
1.99059,-1.05919,0
1.2747,0.01941,0
2.66533,0.4174,0
1.98859,0.7206,0
1.28557,0.6902,0
0.7717,0.06608,0
2.58644,-0.86249,0
0.17703,0.85827,0
2.30139,0.02457,0
0.56787,0.27783,0
0.977,-0.90541,0
3.08737,-0.26407,0
2.58146,0.83568,0
1.42997,-0.10314,0
3.28615,0.77794,0
1.60927,0.46398,0
2.27651,0.26796,0
-0.36349,-0.69831,0
-0.13838,0.10263,0
-0.44734,-0.54894,0
3.45114,1.14036,0
3.48073,0.51934,0
2.25078,0.91976,0
3.36459,-0.82482,0
1.41045,0.94509,0
2.10384,0.95781,0
-0.26114,-0.55659,0
0.29516,0.18096,0
-0.05178,-0.23546,0
0.43974,-0.33346,0
0.30573,0.91293,0
2.48768,-0.69684,0
-0.26114,-0.33869,0
1.89704,-0.23364,0
1.45946,-0.20301,0
2.15323,-0.37055,0
3.19297,-0.61577,0
1.89905,0.16211,0
1.47622,-0.81134,0
3.38252,0.67102,0
0.25347,0.76846,0
2.32736,0.47988,0
3.17765,0.52041,0
2.90746,1.09204,0
1.15427,-0.42744,0
1.38935,0.88705,0
2.08876,1.14925,0
0.74899,-0.97725,0
3.44851,1.07643,0
0.72686,-0.37525,0
0.95946,-0.51881,0
2.83986,-0.85704,0
1.99552,0.78578,0
2.5228,0.40409,0
1.6697,1.05567,0
0.64948,-0.00924,0
-0.11207,0.26795,0
2.55538,0.31972,0
3.10857,0.25968,0
2.79892,-0.82569,0
0.84783,1.10177,0
-0.45811,-1.08635,0
1.1145,1.20594,0
0.78608,0.78968,0
2.53915,0.22596,0
0.67134,0.63352,0
3.46492,-0.33188,0
0.06955,0.83025,0
1.14611,0.44806,0
1.32995,0.64214,0
1.28489,-0.24757,0
0.8932,0.97202,0
0.21008,0.91396,0
1.8908,1.1318,0
0.87349,-0.77406,0
2.17626,-0.68096,0
-0.2137,-0.54174,0
2.41592,-0.93517,0
1.24463,0.84177,0
0.59029,-1.05352,0
0.85315,1.03916,0
0.93451,-0.13618,0
3.0041,0.68459,0
0.91422,-0.68943,0
-0.31768,1.22429,0
0.56322,0.90633,0
1.43498,1.2267,0
2.59382,1.22354,0
1.4094,-0.00115,0
2.79441,0.69776,0
3.3286,1.03523,0
2.48911,-0.79808,0
1.62766,0.09916,0
0.43709,1.24821,0
1.20485,1.12517,0
1.01263,-0.17082,0
1.68726,1.19028,0
1.11341,-0.72425,0
3.46646,-0.70945,0
0.78823,0.271,0
1.46519,-0.5903,0
1.47598,0.60305,0
0.595,0.90394,0
0.43328,-0.22409,0
0.39503,-0.48424,0
1.74835,1.24306,0
0.15663,0.42343,0
3.38509,-1.03018,0
0.31644,0.56131,0
2.86736,-0.91474,0
2.36669,-0.13201,0
2.05168,0.75819,0
1.5301,0.40679,0
0.54506,-1.04567,0
-0.24861,-0.12564,0
0.29911,0.79982,0
1.47802,0.95836,0
0.61433,1.02933,0
3.13059,0.59649,0
0.39092,0.53355,0
3.0562,0.54034,0
3.32104,-0.68868,0
-0.07352,-1.00322,0
0.68881,1.11049,0
-0.45418,-1.0769,0
1.89257,1.09593,0
0.71663,0.0686,0
0.02158,0.43103,0
0.60748,1.04108,0
3.47401,-0.89304,0
0.55944,-0.50822,0
0.84824,-0.59423,0
-0.14507,-0.89805,0
2.24057,-1.01314,0
2.21806,-0.36292,0
0.42249,0.97809,0
0.193,-1.06716,0
2.27331,-1.20651,0
0.23869,1.13794,0
2.81083,-1.01303,0
-0.15019,-0.45775,0
2.21275,0.6569,0
2.09396,1.10859,0
1.01063,-0.1294,0
2.4436,-0.81974,0
2.82236,0.63083,0
-0.26172,-0.32376,0
2.4704,0.36939,0
1.14919,1.12962,0
2.73407,-0.82746,0
-0.39747,0.25362,0
3.25502,-1.0061,0
2.95295,-1.06595,0
2.35931,0.13045,0
3.40735,1.06357,0
2.15826,1.03135,0
2.77337,0.45255,0
2.39363,0.19325,0
2.45039,-0.39014,0
-0.42035,-1.08161,0
3.20894,-0.37766,0
1.49053,0.13114,0
0.69708,0.4731,0
1.1433,0.2748,0
2.59101,-1.15343,0
1.47882,0.26677,0
2.2533,-0.21372,0
3.0161,-0.5106,0
2.6304,-0.21398,0
2.77444,0.07303,0
2.62606,0.13832,0
-0.38603,-0.60098,0
0.15071,0.7967,0
2.34406,-0.85324,0
1.42008,0.59805,0
0.00021,-0.62505,0
-0.41418,0.12071,0
0.80206,-0.43561,0
2.52416,1.10179,0
1.81997,0.6139,0
1.08841,1.0435,0
3.42095,-0.33803,0
1.68254,0.36256,0
2.90518,-0.76635,0
-0.07232,-0.83265,0
0.57015,-0.33172,0
1.51528,1.05485,0
2.36808,0.5651,0
1.69676,-0.63158,0
0.60024,0.74445,0
1.82564,-0.68308,0
3.48259,1.09887,0
0.18776,-0.52561,0
1.34863,0.32103,0
2.02819,0.79546,0
1.20173,-0.25066,0
3.20259,-0.55141,0
0.67181,0.18362,0
0.00996,1.13551,0
0.1303,1.10717,0
1.67563,0.28825,0
-0.29178,0.67429,0
0.1944,0.46514,0
1.27578,-0.21677,0
1.09909,-0.22031,0
2.16761,-0.06045,0
0.59541,0.75867,0
2.05229,-0.26518,0
2.93842,0.29313,0
3.2967,-0.96612,0
1.76531,1.14308,0
1.04153,-0.34043,0
1.51222,0.48535,0
2.12011,0.58819,0
1.8251,0.47995,0
2.23415,-0.91092,0
0.22514,-0.70863,0
1.19127,-0.98627,0
2.37028,1.14182,0
3.2862,-0.07804,0
2.68088,-0.27783,0
1.45424,0.25239,0
2.59845,-0.62245,0
3.22843,-0.79325,0
0.08413,0.45342,0
3.03833,1.05458,0
3.11749,-0.76415,0
1.01173,1.0442,0
2.13593,0.58466,0
2.9089,-0.13292,0
1.63702,0.40052,0
1.1824,-0.78398,0
2.76245,-1.08664,0
2.28042,-1.11375,0
-0.31913,0.6283,0
3.27603,-0.83088,0
0.28081,-0.95897,0
1.0648,-0.5582,0
0.90221,-0.15644,0
2.1809,-0.09078,0
3.11684,1.09223,0
-0.23184,-0.39669,0
0.10477,0.9751,0
0.61446,0.41577,0
1.40889,-0.00607,0
0.65142,-0.30084,0
2.8882,0.42191,0
0.44402,0.82506,0
-0.15152,0.23646,0
-0.45378,1.06209,0
1.04407,-0.95198,0
0.08407,-1.18997,0
0.00418,-0.01462,0
1.5845,0.98534,0
1.96881,-0.9571,0
2.50189,0.22287,0
2.54435,0.28193,0
3.35588,-1.11257,0
2.60148,0.786,0
0.30881,1.11293,0
2.26271,0.08283,0
2.00299,-0.84639,0
2.43951,-0.92865,0
0.97453,1.17201,0
1.94737,1.10152,0
-0.33627,-1.22842,0
2.80776,-1.20886,0
2.0887,0.07724,0
2.59635,0.5254,0
-0.17401,0.42229,0
1.70509,0.1225,0
2.75007,0.58615,0
-0.07065,0.28948,0
1.71538,1.00633,0
2.67057,-0.47347,0
2.33954,0.97452,0
2.89888,-0.13931,0
1.347,0.17356,0
0.23055,-0.91199,0
0.7776,-0.94328,0
2.81718,0.59511,0
2.22952,-0.17271,0
0.11776,1.19341,0
0.61347,-1.02275,0
0.56268,-0.13554,0
3.32548,0.65692,0
3.04054,0.64392,0
1.24062,1.17932,0
1.83602,-0.93048,0
0.4843,-1.16652,0
1.95618,0.81441,0
3.49802,0.61604,0
-0.28605,-1.05611,0
2.04271,0.7713,0
3.1343,1.11387,0
-0.36039,0.31495,0
2.14248,0.98905,0
1.2246,-0.27763,0
2.19369,0.39371,0
2.35782,-0.91798,0
-0.4589,-1.16031,0
0.00739,-1.07877,0
2.89948,-0.16364,0
1.05653,0.54787,0
1.45981,1.2487,0
2.80668,1.0522,0
0.67355,0.1624,0
0.14189,-0.86957,0
2.13019,0.18818,0
3.21909,-0.36791,0
1.16993,-1.02325,0
2.77227,-1.03849,0
0.65112,-0.57791,0
1.81027,0.74946,0
0.32407,-0.21517,0
3.33269,-0.26826,0
2.5587,0.28489,0
1.10101,0.25197,0
1.25905,-0.91507,0
2.11936,0.36868,0
0.76994,-0.20513,0
2.50486,0.75448,0
1.25163,0.35496,0
0.24832,0.8491,0
-0.44944,0.98105,0
2.64299,0.37732,0
0.76726,0.22467,0
0.43087,0.1131,0
0.29316,-0.16056,0
0.56471,0.81175,0
0.65047,0.18776,0
2.46255,0.15898,0
0.56576,1.0354,0
2.68796,-1.17539,0
2.66805,0.53055,0
1.18233,0.9101,0
0.33257,1.04899,0
3.12707,1.136,0
0.51732,0.90284,0
3.37678,0.18325,0
0.04312,-0.1663,0
2.24739,0.37679,0
-0.13712,-0.66901,0
-0.43043,-0.45737,0
1.64183,0.11194,0
-0.003,0.15189,0
1.27035,0.41744,0
2.37632,-0.66596,0
-0.21895,0.47139,0
2.48005,0.03989,0
2.33183,0.60115,0
1.82413,-0.83841,0
-0.1981,1.15945,0
-0.24659,1.05332,0
-0.48335,0.39943,0
3.07412,1.05641,0
1.19081,0.04878,0
1.07851,-0.86038,0
1.42147,1.17332,0
1.08522,0.21672,0
2.34488,-0.58278,0
-0.08941,0.17198,0
0.74076,0.38663,0
2.29999,-0.34848,0
0.38573,-0.31299,0
-0.02028,0.54565,0
1.51042,-0.85029,0
1.04654,0.29775,0
0.00561,0.25257,0
-0.12098,0.20436,0
0.45828,-0.74558,0
-0.44386,-0.13212,0
3.22645,0.67376,0
0.88856,-0.01913,0
0.3166,0.28414,0
3.45379,-1.21129,0
2.52532,0.76106,0
0.08012,0.34476,0
1.52258,-0.942,0
-0.13819,0.95647,0
1.01266,-0.68029,0
2.14847,0.52806,0
-0.23833,-0.50659,0
2.92559,-0.53724,0
0.17249,0.89177,0
1.52553,-0.36025,0
-0.25597,-0.01688,0
0.70056,-0.68198,0
0.95176,0.87123,0
1.28021,-0.40463,0
0.60091,0.15429,0
3.09708,-0.07161,0
2.3954,0.81845,0
3.37124,0.24502,0
1.0332,0.42311,0
2.34534,-0.3606,0
0.69764,-0.12872,0
-0.00708,0.68325,0
1.80407,-0.20431,0
-0.40353,1.1588,0
1.7056,0.87222,0
0.9712,0.13678,0
0.94094,-0.27599,0
0.36901,-0.20473,0
1.69594,-1.08365,0
0.66498,1.20399,0
0.69768,0.03483,0
0.64585,-1.05199,0
1.79567,0.73522,0
2.11037,0.00324,0
2.74183,-0.64465,0
2.52956,0.54105,0
2.86987,1.2175,0
2.6971,-0.14471,0
1.83126,-0.48308,0
2.17532,-0.47863,0
0.01968,-0.97025,0
2.53155,0.71958,0
2.19147,-0.64946,0
0.96949,1.04934,0
0.67854,1.06871,0
1.17125,-0.83492,0
-0.30421,0.04734,0
2.20638,0.47932,0
3.4386,-0.61187,0
2.77393,-0.31762,0
2.97654,0.62136,0
2.91666,1.06279,0
0.42966,-1.20545,0
-0.37143,-1.08734,0
3.252,-1.03767,0
2.29254,1.14222,0
3.1533,0.93418,0
1.96886,0.55842,0
0.29734,0.3016,0
3.20372,0.07769,0
0.08897,0.91706,0
0.21364,0.11885,0
1.74146,-0.4085,0
-0.29485,0.43538,0
1.02952,-0.36738,0
1.31911,1.12654,0
1.34536,0.68738,0
-0.4644,-0.58706,0
0.15778,0.88722,0
1.24964,1.09551,0
2.06101,0.77023,0
1.11685,-0.53804,0
3.36478,-1.05787,0
1.95487,0.02901,0
2.44303,-1.18136,0
0.44298,0.05266,0
2.23331,0.38953,0
3.40892,1.08533,0
2.07972,0.27923,0
1.55788,0.0398,0
-0.29581,1.07367,0
0.27535,0.25286,0
2.63765,-1.19636,0
2.81482,-0.99047,0
0.50338,-0.3111,0
3.17827,-1.22101,0
0.9392,-1.14862,0
1.69282,0.13543,0
2.13149,-0.28013,0
-0.37426,-0.52502,0
0.69202,0.57398,0
0.85863,-1.1287,0
1.41581,-0.63592,0
-0.28389,0.53231,0
2.97301,1.03842,0
0.40416,1.17594,0
2.85641,-0.17349,0
1.43255,-0.0245,0
1.97581,-0.09924,0
-0.11857,-1.03071,0
0.16819,1.02847,0
1.86743,-1.19755,0
0.66351,-1.18677,0
0.01981,1.16169,0
1.29142,1.09178,0
1.32796,0.86565,0
1.37314,-0.59277,0
0.54467,-0.37039,0
2.93646,0.87447,0
0.75319,-0.92845,0
-0.16647,0.14864,0
0.43922,0.54633,0
-0.02441,0.65484,0
0.55712,0.54754,0
0.25223,-0.60049,0
0.76826,0.79214,0
1.11164,-0.39409,0
3.48803,0.61489,0
1.20232,-0.57584,0
0.95108,-0.62014,0
-0.00036,-1.20628,0
2.92852,0.54608,0
2.43697,-0.09941,0
0.56308,-1.2409,0
1.58142,0.74498,0
1.97248,-0.83832,0
2.22309,0.37326,0
3.06796,0.76095,0
1.02026,-0.00597,0
1.76667,1.10743,0
3.10734,-0.50379,0
1.39543,-0.39555,0
3.14236,-1.06124,0
2.87762,-0.25459,0
2.87159,0.6765,0
1.42138,-0.41435,0
0.57642,0.40532,0
2.81735,-0.30008,0
1.90124,0.46745,0
3.34235,1.15854,0
-0.0997,-0.48845,0
1.52056,0.7982,0
3.35045,-0.93185,0
1.55431,0.87996,0
-0.23456,0.85514,0
2.6213,0.54166,0
1.53742,0.85826,0
0.30771,0.64184,0
1.31905,-1.065,0
2.28909,0.0941,0
2.50453,0.86876,0
0.44737,-1.06265,0
1.82938,-1.0685,0
2.74046,0.29018,0
1.09742,0.59444,0
-0.24751,-0.34185,0
3.43988,0.81354,0
0.5545,-0.81956,0
0.73402,0.42769,0
1.54261,0.13584,0
-0.31559,-0.59989,0
3.01575,1.17406,0
2.0486,-0.33687,0
0.24201,-0.40268,0
3.00708,-0.08908,0
3.41173,0.46433,0
1.34819,-1.24262,0
2.74126,0.54109,0
3.42874,0.18179,0
0.30282,0.53937,0
2.96272,-0.05529,0
1.23584,0.16887,0
2.88872,0.9654,0
0.42035,0.3017,0
0.3862,-1.06117,0
2.546,0.07694,0
1.41912,-0.94466,0
1.7803,-0.27315,0
2.3381,0.79352,0
1.85419,-0.40704,0
3.49077,0.87475,0
2.85578,-0.15711,0
-0.16879,-0.96283,0
0.57192,1.00545,0
1.80009,1.14238,0
-0.41819,-0.9509,0
1.52012,0.30786,0
-0.28308,0.42758,0
-0.00259,0.85354,0
1.51911,0.6383,0
0.20355,-0.23094,0
-0.05786,0.54619,0
2.02424,-0.49724,0
2.93082,1.01593,0
1.12237,-0.7613,0
0.53397,-0.33449,0
3.22275,-1.07747,0
2.60465,-1.24421,0
0.50838,-0.58363,0
0.14689,0.74096,0
2.17804,-0.59405,0
1.34295,-0.77292,0
3.11551,0.17781,0
-0.45859,-0.29195,0
3.11809,0.81602,0
0.81009,-0.20248,0
1.6103,0.73296,0
1.01199,0.44461,0
-0.38036,0.32609,0
0.41566,-0.59692,0
2.68692,-0.9179,0
1.09548,-1.18565,0
1.15507,-0.91255,0
0.28592,-0.91448,0
1.13412,0.60387,0
-0.34238,0.42615,0
1.72551,-0.58405,0
2.96172,-0.62457,0
2.14131,-0.1392,0
2.40404,-0.74075,0
0.13293,-1.10313,0
3.03969,-0.77658,0
2.69743,-0.40504,0
1.04311,1.20596,0
0.12797,-0.09682,0
1.12891,-0.82462,0
1.68056,0.54978,0
-0.47928,1.06852,0
0.61958,-0.9336,0
2.07225,0.48251,0
2.40527,-0.72561,0
2.932,0.02594,0
1.09021,-0.08145,0
0.92529,-0.60086,0
2.7402,0.33403,0
3.05503,-1.11788,0
1.67759,-0.33151,0
1.30938,1.08055,0
3.21462,0.74126,0
0.89787,-1.08619,0
2.12659,-0.5973,0
-0.48178,0.59601,0
1.73684,-0.09754,0
1.06476,0.19827,0
2.88104,-0.98068,0
1.18517,0.37384,0
3.38805,-1.22584,0
1.62981,-0.54345,0
0.22373,-0.06855,0
1.81962,-1.09897,0
1.56317,-0.16501,0
2.68202,0.41971,0
0.31972,0.18604,0
2.80946,-0.98788,0
1.25156,-1.0805,0
0.60285,0.57126,0
1.97722,0.81986,0
1.20294,-1.0224,0
-0.16675,0.90307,0
1.07938,1.19834,0
2.63748,0.10497,0
3.28927,0.36225,0
2.16247,0.88089,0
0.98415,-0.86723,0
3.28943,-0.02996,0
3.1406,-0.87512,0
1.90978,0.69601,0
-0.17057,0.34965,0
3.25719,0.96059,0
1.3876,-1.01266,0
2.025,-0.69018,0
1.94513,1.20215,0
-0.02716,0.24518,0
2.32387,0.45296,0
0.28726,-0.38331,0
1.29451,0.0863,0
3.05056,0.21731,0
1.15568,0.57958,0
3.0984,0.61359,0
-0.34609,0.66675,0
-0.07563,0.30888,0
1.7076,0.7222,0
1.13309,-1.11123,0
1.14063,-1.05507,0
2.85191,0.74903,0
1.44849,0.29827,0
-0.33823,0.80507,0
1.64411,-0.69741,0
0.24771,1.01161,0
1.64102,-1.11095,0
3.38262,1.23817,0
0.82683,0.83233,0
1.29716,0.66712,0
0.36197,0.8677,0
3.35104,-0.67158,0
2.72463,0.95935,0
0.09182,-0.78517,0
-0.1744,-0.30162,0
3.19611,-0.86302,0
1.39494,0.88387,0
1.02704,-0.71874,0
1.2013,0.72946,0
1.46488,-0.56276,0
1.30195,0.43407,0
0.16101,0.63532,0
1.66467,0.98787,0
2.1946,0.69987,0
1.10979,-0.40311,0
3.33817,0.96823,0
3.16161,0.46827,0
1.04025,0.552,0
2.99418,0.00816,0
1.95015,0.57866,0
3.13695,-0.26366,0
2.17342,1.04589,0
1.95459,0.31891,0
1.79805,-0.33995,0
2.59275,-0.22962,0
-0.00253,0.37243,0
1.66603,0.24367,0
1.63067,-0.8378,0
1.71084,-0.70161,0
0.36268,-0.24083,0
0.59578,-0.05636,0
2.57866,0.33037,0
0.51617,-0.00149,0
1.56496,0.36097,0
2.7192,-0.42612,0
-0.09372,0.89806,0
-0.3272,-1.00104,0
1.0357,-0.76487,0
-0.26032,0.42884,0
1.99398,-0.04376,0
2.21391,-0.3481,0
0.84408,-0.83683,0
3.03284,-1.1303,0
2.91934,-0.53818,0
-0.40414,-0.37779,0
1.78987,-0.56239,0
3.12725,-0.96631,0
2.70152,-0.08242,0
2.07574,0.23672,0
2.97463,-1.15071,0
2.51907,0.45761,0
0.65167,-0.81125,0
0.918,-0.10979,0
2.71398,0.2092,0
0.04983,0.91501,0
3.42937,0.95116,0
0.76863,-0.37496,0
0.08187,0.53636,0
0.82922,0.73557,0
-0.48899,1.19013,0
2.83451,-0.42345,0
2.27571,-0.24497,0
1.93304,-0.85211,0
3.03569,-1.11495,0
1.39872,0.6648,0
2.79126,-1.09001,0
1.19295,0.12422,0
1.07903,0.33099,0
2.55718,0.10041,0
1.00203,0.6187,0
2.83982,0.7462,0
-0.28679,-1.19136,0
0.22732,1.05579,0
-0.31291,0.32601,0
2.08713,0.39749,0
2.92138,0.19954,0
0.72113,0.48829,0
2.16091,-0.04189,0
1.25905,0.95733,0
-0.04337,-0.10201,0
-0.10416,1.22086,0
3.23303,1.19936,0
1.94817,-0.33806,0
2.94735,-0.29182,0
2.75112,-1.23491,0
2.96273,-0.177,0
2.47271,0.7414,0
0.65437,-0.28024,0
1.94692,0.82766,0
3.29206,2e-05,0
0.43782,1.1912,0
2.69842,0.75641,0
3.22192,1.06661,0
0.68124,-0.72434,0
2.02873,-0.89923,0
1.8955,0.65315,0
2.96171,-0.92355,0
2.23219,-0.9669,0
3.2737,1.20141,0
2.34161,-0.57172,0
1.50205,0.7668,0
2.12147,-0.24923,0
-0.03092,-0.50627,0
2.15508,0.07148,0
3.48836,-0.28273,0
1.44249,-0.35686,0
-0.25874,-1.18591,0
-0.16902,-0.86354,0
-0.25446,-0.98926,0
1.26944,-0.40803,0
2.7185,0.8794,0
2.65663,-0.51639,0
0.44121,0.08417,0
2.46417,1.1007,0
1.8029,-0.6273,0
1.22417,-0.48119,0
1.95264,0.55191,0
3.04542,0.02496,0
3.26895,0.97807,0
0.71795,-0.84478,0
2.23563,1.00652,0
0.66607,1.00529,0
0.17218,0.22366,0
1.481,-0.84482,0
3.21776,0.42765,0
-0.41574,-0.51655,0
1.98008,-0.62435,0
3.49449,-0.32988,0
2.47335,-0.39497,0
1.17542,0.98504,0
0.20444,0.55545,0
0.46418,0.39851,0
2.91716,-1.08176,0
-0.42672,0.86144,0
-0.28009,0.22735,0
0.42526,0.09053,0
0.79646,-0.91252,0
1.90969,0.02173,0
2.31108,-0.7632,0
1.59288,0.47835,0
0.93585,1.23834,0
2.16008,-0.27894,0
2.39284,-0.86886,0
3.134,-1.07631,0
2.06707,0.90665,0
1.84211,1.19654,0
0.77798,-0.88453,0
1.32736,-0.74614,0
0.87885,-1.16098,0
-0.10408,0.68633,0
1.72115,-0.03478,0
1.02085,-0.5291,0
1.00463,0.72844,0
3.26567,-0.38033,0
2.95067,-0.51358,0
3.41222,-0.67579,0
0.9953,0.76094,0
3.48112,0.00782,0
2.7543,-1.04351,0
2.01339,0.73103,0
0.14208,-0.48424,0
-0.11062,0.9565,0
0.26496,1.00669,0
0.16905,-1.09511,0
3.12593,-0.6975,0
1.0762,-0.28841,0
2.10683,-0.42109,0
-0.26136,-0.96845,0
0.79154,1.04792,0
0.09885,0.55696,0
2.45417,-0.67489,0
0.72629,0.29882,0
0.42341,0.30952,0
3.36367,1.01177,0
2.17089,0.42508,0
2.96674,-0.17079,0
2.37997,-0.88122,0
2.4267,1.03189,0
0.83101,-0.16559,0
3.47888,-1.23599,0
0.71006,-0.65316,0
1.47327,-0.09998,0
2.4352,-0.55936,0
1.95441,-0.11125,0
2.14973,-0.23693,0
2.98424,-0.64391,0
-0.23074,-0.38726,0
0.72515,1.15876,0
2.88803,0.05255,0
0.80057,0.15637,0
1.65609,-0.96596,0
0.97458,-0.59938,0
0.19216,1.23487,0
-0.39836,1.23174,0
1.84566,0.19033,0
1.56365,1.17882,0
0.13368,0.7899,0
1.39158,0.12019,0
0.71243,0.44718,0
0.46163,0.23131,0
0.91009,-0.89079,0
-0.21592,0.12765,0
3.11391,0.30188,0
-0.47047,-0.8731,0
2.05496,-1.2166,0
-0.32665,-0.07241,0
3.24267,-0.00742,0
2.10401,-0.56146,0
2.96279,-0.81507,0
2.99104,0.19104,0
2.30631,-0.3453,0
3.12174,-0.25095,0
0.72676,-0.96379,0
2.92987,-1.20871,0
2.28824,1.05678,0
1.39799,0.43034,0
0.44524,-0.33722,0
2.61515,-0.70723,0
2.24262,-1.02361,0
-0.21731,-1.05144,0
1.31209,-0.75266,0
1.56804,-0.42668,0
3.46852,-0.05138,0
0.76473,-0.56244,0
3.18402,1.04144,0
1.31367,-0.33445,0
2.96508,-0.99238,0
1.29257,0.01859,0
0.73097,0.75725,0
3.21022,-1.13358,0
1.3677,-1.16052,0
0.84082,-0.25284,0
1.69686,0.15481,0
1.34405,1.02311,0
2.33705,-0.61918,0
0.05618,-0.06009,0
1.73547,0.46231,0
0.92317,0.67919,0
0.98841,-0.56636,0
1.5116,-0.18767,0
2.5044,-1.04051,0
3.15244,-0.74296,0
2.05848,-0.25888,0
0.63721,-0.31841,0
0.81423,0.43417,0
0.81265,-0.93129,0
2.74232,-1.01644,0
0.31742,0.706,0
1.70917,0.26117,0
1.15087,-0.82728,0
3.45714,-1.04698,0
-0.26797,0.92524,0
2.60659,-0.91935,0
2.83297,-0.98489,0
0.32437,0.1791,0
3.32458,0.92515,0
1.99566,-0.24234,0
0.56458,-0.46384,0
1.93361,-0.74248,0
2.79196,-0.88701,0
3.22451,1.00402,0
0.37508,-0.38877,0
0.21763,-0.83684,0
-0.2229,-0.00078,0
1.18974,-0.65095,0
1.16483,0.65847,0
2.48604,-0.97938,0
3.1229,0.82794,0
2.81795,0.66633,0
3.29167,0.92542,0
2.38998,-0.0483,0
0.16459,0.56994,0
2.55727,1.06537,0
-0.06011,-1.13892,0
0.93135,-0.59577,0
0.26938,0.88508,0
3.41459,0.55245,0
-0.1816,-0.80595,0
1.45917,0.8195,0
3.09641,-0.87104,0
0.06508,1.00184,0
0.28398,-0.0653,0
2.16314,0.16993,0
0.25458,-0.78001,0
0.55384,0.06076,0
-0.3346,-0.37236,0
2.18165,-0.87041,0
2.54874,-0.46716,0
1.39255,0.46874,0
0.42918,1.15105,0
1.88591,-1.02092,0
1.40611,-1.21375,0
2.67495,-1.02378,0
1.56017,0.83299,0
1.24325,0.72831,0
0.63026,0.99946,0
1.49072,0.45156,0
0.31241,1.0848,0
2.02962,-1.2372,0
0.33616,0.7676,0
0.33462,-0.79398,0
1.71987,0.81503,0
2.50423,0.51406,0
3.39364,-0.70502,0
1.5273,-1.1669,0
0.59896,-0.92796,0
3.2306,0.2299,0
0.53973,0.03802,0
0.33117,1.05012,0
2.36733,-1.08136,0
0.26133,0.93315,0
2.72808,0.26189,0
2.90752,-1.07035,0
0.51452,0.12098,0
0.55292,-0.33844,0
0.20544,0.64849,0
2.2459,0.92996,0
0.71179,-0.30974,0
3.27802,1.19575,0
0.87616,1.09865,0
-0.37341,-0.91549,0
-0.25941,0.50062,0
0.68396,-0.10087,0
1.75023,-0.11605,0
1.12986,0.15726,0
0.2494,-0.55865,0
3.47302,-0.68893,0
2.71488,-0.91929,0
2.46204,0.03244,0
0.72456,-1.08175,0
1.47626,1.10783,0
3.26385,0.41162,0
0.72505,0.20736,0
2.82173,-0.83642,0
1.26204,-1.12103,0
1.86602,1.17567,0
-0.04984,1.1792,0
1.33247,-0.38434,0
2.51086,-0.41774,0
2.11531,-0.23691,0
2.66012,-1.16818,0
-0.2728,0.87139,0
2.09599,0.26543,0
-0.42725,-1.18003,0
2.33024,1.12763,0
1.95854,0.96942,0
0.61167,0.40555,0
0.83896,1.16514,0
-0.34197,-1.06366,0
0.08535,0.27617,0
0.43754,0.62673,0
3.47379,-0.45396,0
2.5213,1.08054,0
1.70914,0.42218,0
3.01927,-0.82587,0
1.12105,0.18965,0
0.38871,1.21409,0
0.98219,0.98346,0
1.28758,-0.41865,0
2.03527,0.17306,0
0.48883,-0.84637,0
2.82653,0.08116,0
1.79478,0.02041,0
0.19501,-0.5529,0
1.85481,-0.27404,0
2.82305,0.78427,0
-0.0555,0.80236,0
-0.44119,0.68178,0
1.14234,0.13444,0
1.6407,0.40783,0
2.25227,0.29099,0
0.35291,-0.30463,0
1.4696,-0.30371,0
1.4593,0.79205,0
2.61827,-0.90486,0
2.44759,0.41956,0
-0.46824,-0.76973,0
2.7364,1.08034,0
0.65107,-0.05605,0
3.1448,0.79324,0
0.53374,-0.16825,0
2.19943,-0.05244,0
2.34849,-0.16668,0
-0.23481,1.1892,0
1.80928,1.16151,0
2.29952,0.7584,0
-0.41284,-0.62139,0
3.24914,0.86598,0
-0.25634,0.95629,0
2.77793,-0.98474,0
2.61693,0.63367,0
-0.47508,0.91984,0
-0.04533,0.13308,0
0.85139,-0.21731,0
3.02521,-0.42739,0
0.98052,-0.37811,0
3.42147,-1.0853,0
0.27205,-1.10143,0
1.91917,-0.96589,0
2.22878,-1.05471,0
2.4406,0.99746,0
2.99261,-0.39431,0
1.29614,-0.34852,0
1.5996,0.70742,0
1.63248,0.88519,0
-0.23518,-0.39508,0
1.5291,0.80696,0
2.2529,-0.74667,0
2.34632,-0.86631,0
0.39955,-0.21021,0
0.57571,-0.2954,0
0.21189,-0.90463,0
2.46166,1.17981,0
1.19056,-0.80887,0
2.69177,-0.69864,0
3.41396,-0.56517,0
0.17284,0.95294,0
2.76512,-0.48502,0
1.38363,0.8527,0
-0.01941,-1.02442,0
1.47467,-0.22231,0
-0.13419,0.54921,0
1.41504,0.003,0
3.46052,-0.16175,0
2.66389,1.03592,0
3.03155,0.86743,0
0.06019,1.23296,0
2.90142,0.66037,0
0.77804,-1.06053,0
0.13982,1.19004,0
0.40989,1.0723,0
2.85913,-0.14308,0
0.40606,0.71136,0
-0.41233,1.0711,0
0.96573,1.17003,0
3.22855,0.62975,0
0.0097,0.76037,0
0.99275,0.26359,0
1.33864,-1.16637,0
3.43661,-0.97226,0
3.45014,-0.38856,0
2.32659,-0.38854,0
0.34,-0.48156,0
-0.18134,-0.51252,0
-0.04743,-0.25005,0
1.96936,-0.43069,0
0.86994,0.80846,0
2.89356,-1.18426,0
3.43942,-0.13702,0
1.31343,-0.21938,0
1.7306,-0.32664,0
0.51316,0.69907,0
-0.43462,-0.58493,0
-0.36668,0.00751,0
2.59034,-0.11381,0
3.03893,1.20227,0
0.98233,1.08683,0
0.34484,0.63748,0
3.3364,-0.3404,0
1.36255,-0.93553,0
1.26404,-0.22174,0
1.96707,-0.17596,0
0.898,-0.60951,0
0.80672,0.12563,0
0.04466,0.5977,0
1.49327,-0.94778,0
-0.1579,0.4108,0
-0.25576,0.57869,0
3.05523,-0.23781,0
2.86954,-0.80404,0
1.29393,-0.06233,0
-0.28681,-0.91274,0
1.87533,0.97507,0
1.39234,1.18974,0
-0.27919,1.23246,0
2.6571,-0.84917,0
2.54899,0.76098,0
2.72978,-0.58466,0
3.12487,-0.79437,0
0.94265,-0.22847,0
2.66795,0.53101,0
0.36423,1.11068,0
2.96439,-0.25807,0
1.20203,-1.12011,0
1.36775,-0.00582,0
0.31867,0.37474,0
1.83285,-0.3094,0
2.95693,-0.24876,0
0.63426,0.6816,0
2.86524,-0.25778,0
-0.16525,0.96458,0
1.4368,-1.08882,0
3.15303,0.55832,0
-0.40211,0.83274,0
1.05057,-0.14461,0
0.17898,0.16961,0
2.17695,-0.57571,0
0.67389,-0.48732,0
0.64579,-0.57831,0
3.25551,1.12959,0
-0.22972,0.74938,0
2.06667,0.41857,0
-0.06264,0.55046,0
1.00132,0.01884,0
1.30864,0.90028,0
1.53884,-0.38673,0
2.76008,0.51744,0
1.84208,0.02568,0
2.31479,0.93949,0
0.06364,1.15688,0
1.73223,0.50265,0
0.58089,1.04448,0
1.00574,0.03514,0
2.52742,0.30521,0
2.0281,0.02716,0
0.53347,-0.34,0
1.05211,-0.05685,0
1.52297,-0.31867,0
0.2898,0.92971,0
-0.06212,1.02548,0
0.70889,-0.8704,0
-0.01006,1.19317,0
3.47951,0.48542,0
0.42993,0.80843,0
-0.21658,-0.84277,0
0.1565,0.90046,0
0.83702,-0.68938,0
1.6194,1.11703,0
0.6595,-0.69806,0
3.30309,-0.35467,0
2.73615,-0.92512,0
2.41346,0.01363,0
2.88412,-0.85412,0
3.11357,0.92866,0
0.34728,-0.40257,0
0.89616,0.01331,0
1.18993,-0.01978,0
1.50775,1.12762,0
1.30917,0.14119,0
-0.12041,-0.32007,0
1.54901,0.86736,0
-0.48355,-0.17717,0
1.59011,-0.96631,0
3.08101,-0.21172,0
1.38255,-0.3364,0
2.48154,-0.15573,0
0.6614,0.24057,0
2.63289,-0.49514,0
2.87542,-1.21624,0
2.19536,0.02286,0
2.20158,-1.22677,0
-0.26779,0.21875,0
2.17335,-0.60911,0
-0.44139,0.14318,0
2.7831,-0.91986,0
-0.48737,0.57725,0
3.12009,0.37332,0
2.51617,0.85615,0
0.32467,-1.00071,0
-0.1971,0.51649,0
2.3172,-0.61343,0
1.80552,-1.01517,0
0.36375,-1.01685,0
1.52511,-0.37649,0
2.27529,-1.0023,0
2.47041,-0.78152,0
-0.12415,0.36335,0
0.82601,0.6988,0
3.32825,-0.55386,0
0.01075,-0.25606,0
2.91688,-1.1641,0
0.36449,-1.15016,0
0.15971,-0.18452,0
1.78269,-1.10545,0
3.26246,-0.50609,0
0.10358,-1.14538,0
1.63524,0.67713,0
-0.46216,-0.66937,0
1.53064,0.86079,0
3.37749,-0.388,0
3.29576,-0.18745,0
-0.39977,0.12944,0
2.09741,0.27962,0
0.88045,0.87596,0
1.47184,0.57991,0
1.17884,1.11257,0
0.07079,0.26029,0
0.05162,-0.49382,0
0.8879,-0.51084,0
0.43089,0.99403,0
1.01832,0.78689,0
3.33312,-0.28779,0
1.68983,-0.71468,0
2.66674,1.04535,0
2.75383,1.06368,0
-0.14308,-0.143,0
2.22221,-0.07407,0
0.26023,-1.23629,0
0.02307,1.13293,0
-0.39155,-0.45586,0
2.52847,0.20148,0
2.04929,-0.04664,0
0.89101,0.84937,0
0.14276,-0.06903,0
1.00546,-0.15639,0
2.85502,1.18376,0
0.33291,0.0024,0
1.12217,-0.85622,0
3.46026,-0.66778,0
-0.2272,0.21246,0
-0.04757,-0.78482,0
2.14037,0.72806,0
3.18898,-0.17828,0
3.33613,0.03846,0
0.67567,-0.69983,0
0.18259,-0.09051,0
0.92972,-1.03648,0
2.86159,0.61864,0
0.99489,-0.49125,0
3.21548,-0.63707,0
1.87045,-1.02867,0
-0.29298,-1.00985,0
2.37667,-0.92059,0
2.11511,-0.5693,0
3.07487,0.33654,0
-0.10372,0.12958,0
-0.01344,-0.11455,0
1.03176,-0.75547,0
3.23346,-0.22528,0
1.74159,0.77912,0
2.46455,0.98772,0
0.71264,-0.13633,0
0.72735,1.01684,0
0.1709,-0.90943,0
3.26915,0.35491,0
1.58496,-0.9088,0
1.45431,-0.6174,0
2.35773,-1.13138,0
1.71351,-0.40264,0
3.15186,-1.234,0
0.33295,0.7209,0
2.95088,0.68515,0
2.53684,0.02971,0
2.91293,1.15588,0
2.41996,-0.37733,0
2.35692,-0.36471,0
0.61065,-1.06031,0
0.73821,-0.53437,0
-0.07145,-0.86463,0
2.49071,0.37837,0
0.77517,0.54908,0
1.89167,-0.82062,0
1.36126,-0.39313,0
2.5977,-0.89356,0
0.67953,-0.875,0
2.02527,1.23329,0
1.98743,-0.60983,0
2.38639,-1.17225,0
0.1069,-1.19489,0
0.71555,-0.51099,0
1.92931,-1.09626,0
3.04216,0.36948,0
2.64228,-1.12344,0
0.78315,0.92295,0
2.44195,0.14555,0
3.26858,1.14259,0
-0.13435,0.75163,0
0.276,-0.3126,0
3.40869,-0.00285,0
-0.36506,0.68714,0
1.23642,-0.72688,0
0.73395,0.27908,0
1.63801,0.2993,0
2.56459,0.66316,0
2.83138,-0.13503,0
1.89568,0.03052,0
1.70476,-1.07098,0
1.22172,-0.44702,0
0.9331,-0.12226,0
-0.11702,-0.7215,0
1.38778,0.21592,0
0.58868,1.05237,0
0.20603,-0.63941,0
1.4627,0.15244,0
0.8168,0.98572,0
2.44048,0.81552,0
2.62341,-0.40116,0
-0.25611,0.31626,0
3.19105,-1.04867,0
0.84397,-0.77322,0
1.09184,-0.52929,0
3.36902,1.16834,0
0.6505,1.15168,0
2.70562,-0.5552,0
2.85809,0.27968,0
3.43555,1.10322,0
2.30272,-0.32221,0
0.12087,-0.89714,0
1.26611,-0.56386,0
-0.39105,0.86689,0
3.32125,0.48901,0
1.7638,-0.13559,0
2.69655,-0.73465,0
0.1181,-0.06564,0
1.65787,-0.63909,0
0.32648,-1.04151,0
0.2271,-0.36985,0
3.11417,-0.02224,0
1.02702,-0.86751,0
0.90105,0.87757,0
1.33166,-0.91879,0
1.79616,0.47815,0
-0.34646,-0.28851,0
3.07106,-0.10954,0
-0.2939,0.20054,0
1.41298,-0.42242,0
1.40988,0.30557,0
2.08798,-0.95494,0
0.27439,1.04678,0
3.46393,0.63353,0
0.46191,1.22203,0
3.21565,-0.98514,0
3.42247,-0.00377,0
3.00337,-0.53278,0
0.00306,0.02047,0
2.03809,-0.99847,0
2.8777,-0.18425,0
1.70196,-0.11312,0
0.26583,0.10772,0
2.53514,0.46286,0
0.71572,-0.67125,0
0.9571,0.18801,0
0.85712,-0.09185,0
-0.26777,-0.29543,0
-0.34454,-0.56454,0
0.17352,0.42913,0
-0.41123,0.85552,0
1.782,0.18291,0
0.0362,1.201,0
0.66339,-0.18804,0
2.57703,-0.48225,0
1.46383,0.8892,0
0.63961,-0.98072,0
2.67499,0.22449,0
0.58951,-0.51997,0
0.53765,1.22699,0
0.39988,0.77491,0
0.33797,-0.33391,0
2.19544,-0.54797,0
0.86279,0.19542,0
2.09262,0.52476,0
-0.14412,0.32711,0
2.62427,-0.74342,0
0.75054,-1.09918,0
1.02116,0.53119,0
1.07404,0.86957,0
3.12068,-0.83487,0
1.41304,0.35923,0
2.6459,-0.28556,0
1.13211,-1.15362,0
2.99456,-0.85723,0
3.00534,-0.65051,0
2.69595,-1.09801,0
1.37429,-0.63221,0
0.21682,-0.3407,0
2.55723,1.07905,0
3.27701,-0.15552,0
0.81696,-0.44821,0
0.93606,-0.88292,0
1.59765,0.90193,0
1.81105,0.35871,0
3.08067,-0.81708,0
0.2162,0.7612,0
1.26857,0.94843,0
2.71347,0.15164,0
2.63461,-0.5276,0
1.3237,-0.13251,0
2.74781,-0.18034,0
1.21286,0.83805,0
0.97783,-0.75836,0
-0.41564,-0.29951,0
0.14794,-0.90955,0
-0.48972,0.98259,0
3.11789,-0.9805,0
2.69526,-1.07221,0
1.26964,-0.01879,0
-0.42019,-0.40746,0
0.98127,-0.63726,0
1.67358,-1.01075,0
0.72353,-0.73775,0
2.21436,-1.20227,0
3.396,0.52982,0
2.62067,0.00619,0
2.7785,0.67561,0
1.30846,0.07365,0
-0.03632,-0.73795,0
3.35376,-0.91333,0
0.31758,-0.53445,0
2.91033,-0.87507,0
2.99033,0.70964,0
0.2246,-0.59461,0
1.57332,0.25501,0
2.77889,-0.39774,0
3.46394,-0.1463,0
1.32391,-0.63562,0
1.03868,0.8878,0
2.92511,-0.74588,0
1.23186,-0.93535,0
-0.02731,1.21966,0
2.32134,0.43519,0
1.94381,-1.19309,0
2.92177,0.78831,0
3.48701,-0.90439,0
-0.02434,0.05296,0
1.94619,-0.33055,0
2.51077,0.48691,0
2.96581,-0.51741,0
1.62659,0.7011,0
2.04963,0.08846,0
1.7193,1.07125,0
0.77497,-0.05255,0
0.53374,1.12261,0
2.19756,1.17466,0
0.93994,0.25274,0
1.14547,-0.92037,0
1.85181,0.51799,0
2.51293,-0.96639,0
3.38598,-0.4102,0
1.20108,-0.99701,0
-0.00882,0.17352,0
2.18855,1.17502,0
3.3413,-0.26296,0
1.30554,-0.59925,0
0.75234,-0.67548,0
3.00172,0.82217,0
1.52466,-0.43847,0
2.14165,0.99841,0
0.28612,-0.87787,0
1.98771,-0.38018,0
1.9701,-0.18925,0
2.37537,-0.46656,0
1.29628,0.14503,0
1.42713,1.24937,0
1.68546,0.1704,0
0.82791,0.92242,0
1.55464,-0.79941,0
1.69665,-0.62768,0
2.69998,-0.54076,0
2.08323,-0.81742,0
-0.48571,0.1133,0
-0.35107,0.92917,0
2.48211,0.98154,0
3.0739,-0.65726,0
1.06469,0.47141,0
1.50524,-0.0474,0
2.53096,-0.79193,0
0.32349,-0.43556,0
2.48975,-0.13845,0
2.8794,-0.76483,0
3.13134,-0.48937,0
2.92363,1.24052,0
3.46236,-1.17099,0
3.48254,0.51027,0
-0.18781,-0.47591,0
1.07768,-0.45999,0
2.20034,-0.06051,0
3.44034,-0.07158,0
2.26936,0.07616,0
2.03977,0.27802,0
2.41673,0.33444,0
3.36327,0.08367,0
3.10456,-1.10654,0
0.64722,1.2126,0
0.67982,-1.11975,0
2.34788,-0.95119,0
2.7642,-0.67168,0
3.49822,0.812,0
2.30921,-0.9548,0
3.45603,0.51059,0
2.01169,0.47491,0
1.3782,-0.63432,0
0.30151,0.01321,0
0.582,-0.88797,0
0.78307,0.39742,0
-0.29115,-1.12702,0
3.1648,-0.62303,0
2.94075,0.73271,0
-0.4672,0.32133,0
-0.32352,-0.16266,0
2.13922,-0.515,0
0.00835,0.79343,0
2.09618,-0.52378,0
2.04399,-1.01498,0
-0.12737,0.62132,0
1.61751,-1.17721,0
0.62718,-0.1583,0
2.78274,0.556,0
2.72433,-0.85369,0
2.93026,-1.20187,0
0.0218,-0.0848,0
0.40514,-0.8846,0
0.58282,-1.2241,0
3.47347,-0.39408,0
1.57206,-0.46768,0
3.05135,0.05867,0
2.0596,-0.49581,0
2.81047,0.01003,0
-0.25245,0.04075,0
2.54461,-1.20319,0
1.94921,1.2396,0
2.49697,0.56528,0
1.68888,-0.82039,0
-0.47265,-0.91458,0
2.30505,0.17401,0
2.65239,0.29842,0
2.58651,0.72137,0
1.98698,-0.47452,0
0.23517,0.68574,0
1.62567,-1.02484,0
0.97899,-1.02269,0
-0.21024,1.01337,0
2.24624,0.84036,0
-0.40771,-0.43336,0
2.00068,-0.42671,0
1.83306,-0.14032,0
1.81442,-0.73825,0
2.3562,0.0257,0
0.70102,-0.91464,0
2.75195,-0.83783,0
0.23174,0.78842,0
0.06082,0.86603,0
3.42691,0.12193,0
0.88344,-0.93743,0
0.38298,0.71684,0
1.59822,-0.13277,0
0.94972,0.2913,0
2.8038,1.04432,0
2.5755,-0.72151,0
0.70891,-1.10687,0
0.69409,1.13857,0
3.44953,0.73437,0
3.15235,-0.77956,0
2.89709,0.95799,0
1.71839,-0.37782,0
2.04141,-0.9741,0
1.69789,0.37101,0
0.54298,0.1728,0
0.50799,0.49204,0
-0.45719,-0.45663,0
0.57312,1.08941,0
2.2059,0.57671,0
3.12299,-0.05035,0
2.57136,0.55247,0
2.2111,1.10932,0
0.61252,0.21981,0
0.07878,-0.77603,0
2.69202,1.1993,0
0.40607,-0.24983,0
0.55537,-1.02618,0
1.0496,-0.4106,0
2.52458,-0.92326,0
2.8118,-0.54477,0
0.03277,-0.61518,0
2.17503,-0.39283,0
3.28775,1.13852,0
1.85971,-0.35406,0
1.93411,-0.46027,0
2.34972,0.40809,0
2.04682,0.11569,0
3.28099,0.06021,0
1.25767,-0.74614,0
0.99385,-0.0932,0
0.98413,0.60867,0
-0.4822,-0.47263,0
3.3783,0.28249,0
-0.22065,1.19977,0
1.33173,0.04526,0
2.70008,0.53732,0
2.86034,-0.69173,0
1.01457,0.93921,0
-0.21831,0.2486,0
-0.30009,0.31481,0
2.09203,-0.58135,0
2.33526,-0.42186,0
-0.26395,-0.04242,0
0.91203,0.54018,0
2.69194,0.874,0
1.41807,-0.76397,0
1.35772,1.08357,0
2.60801,-0.88109,0
1.00404,0.75031,0
0.50953,0.62516,0
0.43193,0.4392,0
3.24959,0.54467,0
0.92117,-0.35015,0
1.73901,0.92665,0
3.00246,-0.32112,0
0.49052,0.17649,0
0.67699,-0.00321,0
2.97008,-0.26865,0
2.5959,0.04762,0
2.37382,1.13997,0
0.09806,1.23609,0
1.1419,-0.4066,0
3.38589,-0.33741,0
2.95927,0.06399,0
1.19414,1.12598,0
3.17189,-1.02995,0
2.88732,-1.12167,0
1.09873,1.09006,0
1.3129,1.09055,0
1.00511,0.35491,0
3.31989,0.95589,0
2.7419,0.46262,0
-0.33577,0.12084,0
-0.2941,-1.16696,0
2.17503,-0.36253,0
0.79731,1.14369,0
0.44565,-0.2015,0
2.01175,1.23249,0
-0.40133,-0.86134,0
-0.23302,-0.7171,0
3.43525,-0.61603,0
2.73569,0.70272,0
1.09319,-0.50533,0
0.54531,-0.65378,0
2.33619,0.51471,0
3.47274,0.67648,0
3.40952,0.39891,0
0.38657,-0.44447,0
0.83087,-0.80038,0
0.06776,1.20359,0
2.37197,0.10548,0
1.87337,-0.69447,0
1.1279,0.72996,0
1.75077,-0.53507,0
2.05553,-1.03401,0
1.12018,0.22858,0
2.45093,0.23078,0
0.90794,-0.38853,0
1.38238,1.2305,0
2.08834,0.39785,0
1.94159,1.00791,0
1.37964,-0.49104,0
0.99962,-0.39604,0
2.83982,-0.66122,0
2.68352,-0.44281,0
1.74734,-0.16883,0
1.23086,0.76678,0
1.87124,0.6075,0
1.28184,0.85069,0
1.41893,0.94151,0
0.0626,0.41072,0
1.98832,-0.91076,0
3.45316,-0.76511,0
2.67304,-0.26527,0
0.5286,-1.13223,0
1.80222,-0.56482,0
2.90499,0.46685,0
3.12967,-0.12339,0
2.95825,0.07568,0
-0.36612,-0.25189,0
1.43017,-0.3523,0
1.30568,-1.18789,0
-0.18967,-0.75519,0
3.44165,-0.44296,0
-0.12215,1.0157,0
1.69481,-0.77596,0
3.33428,-0.4613,0
1.28827,1.17228,0
0.31751,0.18219,0
2.71159,-1.07378,0
1.36081,0.42536,0
3.20646,0.54259,0
1.14694,-0.32403,0
3.37884,-1.08865,0
2.36765,-0.95307,0
2.44508,-0.07786,0
2.65454,0.73015,0
2.80034,0.03627,0
0.24524,-0.58941,0
0.07141,1.19997,0
1.81813,0.19503,0
3.39797,1.06911,0
1.91867,0.03669,0
0.92849,1.04613,0
1.44184,0.24972,0
0.87357,0.28975,0
2.21818,0.33622,0
0.0812,0.21218,0
-0.15326,-0.53838,0
3.40171,-0.41237,0
3.09328,0.67924,0
0.75293,0.54392,0
3.1576,0.58561,0
0.41711,0.12358,0
2.10099,1.14872,0
0.92637,-0.0778,0
-0.14858,1.2462,0
3.48326,-0.97791,0
1.66801,-1.18911,0
0.85689,-0.09501,0
2.49472,-0.05619,0
2.8738,0.45542,0
2.13752,1.20123,0
3.34882,1.1292,0
1.41027,0.0856,0
0.067,0.71872,0
1.09937,0.44396,0
-0.39541,-0.74134,0
1.98851,0.24993,0
1.72427,-0.79346,0
0.86775,-0.45177,0
1.92062,0.401,0
0.22143,-1.19243,0
3.1078,1.00703,0
1.66722,-0.41577,0
3.45882,1.10954,0
1.75742,-0.39148,0
2.22721,0.74527,0
0.09492,-0.79636,0
-0.03384,-0.11843,0
0.05484,-0.54472,0
1.01634,-0.018,0
1.57459,-1.17864,0
1.99763,-0.47027,0
-0.39808,0.89066,0
-0.43538,0.74651,0
3.38598,-0.84479,0
2.69723,0.63962,0
2.08765,0.31331,0
-0.3096,-0.59297,0
0.54655,-1.10813,0
3.18223,-0.15111,0
1.91969,1.09197,0
1.22344,1.00619,0
2.382,0.1802,0
1.22815,-1.04251,0
2.46183,-0.48553,0
3.35198,0.72833,0
2.3092,0.49446,0
1.6668,-0.6499,0
0.11529,-0.01816,0
1.28996,-1.21642,0
1.00019,-0.96847,0
1.972,0.42773,0
0.58105,-0.16413,0
1.06219,0.97775,0
0.30063,-0.26173,0
3.45666,0.49319,0
3.41903,-1.13032,0
1.08802,-1.17829,0
1.96418,-1.02674,0
-0.10403,-0.12533,0
1.36877,-0.83829,0
1.34749,-0.77266,0
2.91871,-0.82045,0
1.09672,-0.6169,0
2.31617,-0.64068,0
1.39536,-0.94123,0
-0.46236,-0.11248,0
2.49893,0.23143,0
2.48983,0.98053,0
0.30296,-0.89257,0
0.52293,-0.91394,0
2.19717,-0.1787,0
3.20512,-0.54601,0
2.78433,-0.88225,0
1.55328,0.62838,0
1.90726,-0.98428,0
3.45058,0.62431,0
2.50299,-0.11112,0
1.73732,-0.04699,0
1.56463,0.49657,0
1.42315,0.54548,0
2.14002,-0.54197,0
2.45104,-1.06891,0
3.47615,-0.11745,0
0.98516,1.00214,0
3.37011,-0.79787,0
3.23133,-0.74392,0
0.68642,0.46762,0
2.13443,0.32789,0
2.97974,0.36271,0
-0.01546,-0.42575,0
2.25451,-0.33649,0
1.5215,-0.50762,0
0.85018,0.27091,0
0.25768,0.37635,0
0.00998,0.20813,0
1.07519,0.36445,0
0.3602,0.91074,0
0.75411,-1.21909,0
1.69556,0.70621,0
-0.34218,-1.04901,0
1.41917,-1.10369,0
0.80004,-0.93028,0
0.3243,-1.20265,0
2.98005,0.56103,0
1.41681,1.13539,0
3.19714,-0.99113,0
-0.19199,1.08237,0
2.86382,0.08959,0
1.25177,0.74105,0
3.47548,0.48028,0
1.15408,0.33787,0
3.38393,0.87797,0
0.20522,-0.8705,0
0.18156,0.71714,0
1.43906,-0.09079,0
2.91864,1.12428,0
3.25686,-0.28665,0
2.66514,-0.67154,0
3.21603,0.50395,0
2.58726,0.28396,0
-0.36009,0.45068,0
2.22265,0.72276,0
2.70556,0.34402,0
0.97408,-0.17412,0
3.30424,-0.23963,0
1.32888,-0.07031,0
1.71267,-0.01218,0
1.04695,-0.21989,0
-0.09831,0.74259,0
3.02588,0.18386,0
1.13432,0.05281,0
2.23772,0.38091,0
1.57968,0.40614,0
2.45846,1.10198,0
2.81262,-0.92144,0
2.16951,0.10987,0
0.05969,1.17911,0
1.91618,0.75369,0
2.73042,-0.58569,0
2.7606,-0.20024,0
1.46749,-1.08077,0
0.89231,0.27161,0
-0.44561,-0.17511,0
2.07607,0.58036,0
3.20604,-0.79898,0
0.41022,-1.21914,0
1.11318,-0.47854,0
1.52959,-0.11517,0
-0.18401,-0.05211,0
3.23868,-0.90143,0
1.58538,1.22786,0
0.47824,-0.5535,0
2.07034,-0.08365,0
2.90601,0.37293,0
3.35762,0.73013,0
0.94767,-0.73877,0
1.27436,0.63478,0
1.15022,-0.65844,0
0.31404,1.23192,0
0.96678,1.07846,0
2.43456,0.62966,0
1.7692,1.14732,0
1.94013,0.022,0
2.1988,0.36347,0
3.10948,-0.52999,0
0.33877,0.39772,0
1.83662,-0.24828,0
2.08961,0.03915,0
-0.195,-0.53422,0
-0.37617,0.19843,0
-0.02947,0.94676,0
3.32516,-0.9978,0
1.74147,0.85542,0
1.71872,0.61479,0
3.30647,-0.01478,0
1.91623,-0.51526,0
0.74202,-1.12398,0
0.91834,0.98863,0
1.99495,-0.18098,0
3.02491,-1.17884,0
-0.12674,1.21596,0
1.54324,-0.0757,0
2.84025,0.89505,0
0.3277,0.77693,0
0.31819,0.241,0
2.12499,-0.54796,0
1.41029,-0.39813,0
2.17211,0.88875,0
2.99464,0.03298,0
2.48665,0.26902,0
2.62793,0.06327,0
0.69045,0.22427,0
3.2398,-0.71465,0
2.5841,0.50816,0
3.17894,0.07815,0
1.56568,-0.27722,0
3.26677,0.92467,0
0.4859,1.1986,0
1.15822,0.55025,0
2.65307,-0.27477,0
3.1279,-0.02624,0
-0.09943,-0.18237,0
3.12877,-0.84927,0
1.78288,-1.22199,0
-0.21614,0.06527,0
2.33404,0.28411,0
0.82405,-0.90702,0
-0.30495,0.65751,0
2.38652,0.48724,0
0.70092,1.03493,0
3.02352,0.27664,0
0.36914,-0.97614,0
2.02756,-0.41146,0
1.98476,1.12585,0
0.71304,1.06919,0
2.80543,-0.62416,0
2.60248,-0.09712,0
0.66625,-1.18771,0
0.09148,0.93416,0
0.82149,0.32188,0
2.18939,-0.21294,0
0.18208,-0.87632,0
2.01943,-0.09728,0
0.89752,0.13547,0
3.36524,1.16725,0
1.57552,0.1965,0
-0.36761,-0.1821,0
2.5366,-0.28889,0
3.05132,-0.33015,0
-0.41593,0.95502,0
1.54784,0.55845,0
1.31621,-1.22961,0
2.62165,-0.11404,0
1.49666,1.09691,0
3.30681,-1.10873,0
3.17155,-0.89911,0
-0.05247,0.4916,0
0.69944,0.02322,0
1.03943,0.48227,0
3.03448,-0.04108,0
2.37521,0.89791,0
0.6673,-0.81989,0
-0.07849,0.13093,0
1.26405,-0.00066,0
1.26314,-0.28697,0
0.38641,0.09637,0
2.86255,0.3491,0
-0.35774,0.81342,0
1.26668,-0.25077,0
-0.44698,-1.14274,0
3.14959,-1.09448,0
3.18372,-1.12673,0
1.78921,-1.13713,0
0.76392,-1.15339,0
2.09915,1.1147,0
0.79945,0.52422,0
0.69512,0.18204,0
3.31771,0.83921,0
1.70477,0.61273,0
-0.1867,-0.98832,0
0.65763,0.22807,0
3.25906,-0.54537,0
2.72813,-0.78822,0
3.30303,0.17898,0
2.66418,0.31797,0
2.16384,0.34513,0
1.78101,-1.08965,0
3.16493,0.55482,0
1.13367,0.13421,0
2.17076,0.84615,0
1.60983,0.95387,0
2.68885,-0.93477,0
3.49443,-0.89707,0
0.5183,-0.43866,0
2.0202,-0.26456,0
1.50585,-0.41814,0
1.42984,0.71079,0
2.43802,-0.69199,0
0.00078,0.37972,0
0.50243,0.54319,0
3.11757,-0.93571,0
2.13902,-0.72177,0
0.76813,-1.16926,0
-0.06898,-0.22599,0
3.33704,0.72135,0
1.81471,0.32418,0
-0.34904,-0.60019,0
1.36893,-0.60126,0
-0.27945,-1.1601,0
1.39203,-0.55758,0
0.52333,-0.24021,0
0.50582,0.30375,0
1.95426,0.19,0
0.43998,-0.59273,0
2.45748,-0.42769,0
1.60223,0.66985,0
2.90125,-1.21213,0
0.81764,0.69622,0
3.3442,-0.6838,0
2.23417,-0.12846,0
0.92078,0.09834,0
3.45554,-0.61278,0
3.47326,-0.18614,0
2.17901,1.19837,0
2.61211,0.06669,0
1.90552,-0.21101,0
1.04341,-1.09754,0
2.70234,-0.30324,0
2.69011,-0.26513,0
0.4783,1.02803,0
2.65357,-1.09128,0
2.00843,0.52197,0
0.73251,-0.76746,0
1.41601,-0.60583,0
0.14426,-0.27751,0
-0.09673,0.55819,0
-0.47574,0.82873,0
2.34479,-0.4989,0
1.70999,0.79842,0
2.22125,-0.35768,0
-0.02677,0.08835,0
2.98314,0.01971,0
3.42461,0.28493,0
2.15333,0.92343,0
3.42022,-0.96003,0
2.71873,0.52695,0
1.12826,0.44609,0
-0.28246,-0.49913,0
0.0947,-0.63618,0
3.08394,-0.93237,0
2.47662,-0.07884,0
1.95748,0.08571,0
0.43599,1.18166,0
2.85226,-0.66228,0
2.25861,-0.21369,0
0.10572,-0.23454,0
1.69323,-0.10355,0
1.732,1.10645,0
0.16682,0.96923,0
3.4903,0.84968,0
2.92161,1.14836,0
2.4674,-1.14528,0
2.99919,-0.46983,0
-0.32449,1.054,0
0.49951,-1.0923,0
-0.47361,-1.13774,0
2.62233,-0.85476,0
2.21696,0.97985,0
2.3844,1.01808,0
2.69699,-0.81832,0
2.51672,0.75854,0
0.84126,-0.75557,0
0.13824,0.75827,0
0.54295,0.69291,0
2.71476,0.61669,0
0.13684,-0.12205,0
3.31879,-0.92497,0
-0.46396,0.64418,0
2.27932,0.29291,0
-0.21951,-0.92187,0
2.03191,0.45387,0
3.00432,0.34545,0
2.13014,0.71859,0
-0.14383,0.69091,0
2.44027,0.64493,0
3.4251,0.49344,0
-0.16653,-0.04559,0
-0.14155,-0.14715,0
3.29553,0.81738,0
0.08032,-1.19902,0
1.58277,-0.66041,0
-0.01503,-0.79189,0
1.09937,0.94884,0
0.20314,-0.29475,0
3.31742,0.71086,0
1.79825,1.1245,0
1.50345,0.5019,0
0.68641,-0.16956,0
1.64246,0.03274,0
-0.35296,0.89834,0
1.47551,0.72897,0
2.25481,-1.06833,0
1.57964,0.00201,0
1.06916,0.11422,0
0.26514,0.17393,0
2.29576,0.57915,0
1.46717,-1.1946,0
2.47201,-0.79461,0
0.70673,-0.12624,0
0.05465,1.03169,0
3.426,0.78355,0
0.56082,-1.00449,0
1.63005,-1.15476,0
2.05479,-0.4789,0
1.21183,-0.51671,0
1.91631,0.47648,0
2.7101,0.92162,0
2.30161,-1.00425,0
3.33016,-1.01064,0
0.61279,0.8489,0
1.62163,0.03053,0
2.8581,-0.73714,0
0.66581,-0.75727,0
2.88093,0.33418,0
-0.19293,-1.18988,0
2.58193,0.14998,0
3.31898,-1.24809,0
1.6847,0.30411,0
0.98756,0.71587,0
0.84727,0.07602,0
0.65342,0.68078,0
1.08543,0.77033,0
2.35041,1.221,0
1.31894,-0.21699,0
1.52323,0.23392,0
2.76158,0.15471,0
1.46488,-0.60301,0
0.76758,-1.20896,0
1.2416,-0.27594,0
0.12237,0.34038,0
2.28463,-0.19161,0
-0.48903,-0.12982,0
2.47443,1.15587,0
0.67628,-0.79086,0
2.37291,0.10903,0
3.18857,-0.50163,0
3.30125,0.79678,0
2.39988,-0.89623,0
-0.16042,0.61765,0
0.4517,0.99258,0
0.46494,0.83288,0
1.64908,-0.07538,0
0.77551,0.77655,0
0.30045,-0.77509,0
1.92657,0.13628,0
1.04783,1.24308,0
2.68768,0.58994,0
3.15767,-0.51743,0
0.3401,0.15091,0
0.6364,-0.87465,0
1.2784,-0.81306,0
1.60096,-0.43991,0
0.75661,1.14829,0
3.33692,1.17411,0
-0.07111,1.17921,0
0.14382,-0.73272,0
1.03772,1.16289,0
1.8528,0.51494,0
1.43522,-0.95023,0
2.49193,0.30143,0
3.07918,-0.71409,0
0.02236,-0.57047,0
0.57535,0.30247,0
-0.48092,0.21831,0
-0.28128,-0.62135,0
0.7461,-1.16457,0
0.10289,-0.04129,0
-0.46878,0.52224,0
1.4409,1.14563,0
1.5033,-0.93315,0
1.36535,-0.07308,0
0.1145,0.54398,0
2.10054,1.11488,0
0.59907,-1.03727,0
1.88348,0.33954,0
0.98984,0.46523,0
3.01523,0.47217,0
0.72884,-0.38005,0
0.97586,-0.58404,0
3.33429,-0.49488,0
1.35838,-0.21545,0
0.22141,-0.48794,0
0.99917,-1.15682,0
-0.07127,0.12135,0
1.25482,-1.20322,0
1.26112,1.226,0
1.10065,-0.2148,0
1.48703,0.24068,0
2.22726,-0.89282,0
2.56442,-0.10629,0
0.70584,0.87977,0
3.12444,0.80709,0
0.83661,-0.71061,0
3.25143,0.97941,0
2.21583,-0.49522,0
0.54093,1.19381,0
-0.19087,-0.70296,0
1.1213,-0.43049,0
0.20516,-0.90426,0
3.09657,0.66523,0
2.37368,-0.31801,0
2.94471,1.07633,0
-0.3732,-0.08502,0
0.15541,-0.80656,0
1.5902,0.15998,0
3.44352,0.95921,0
2.01409,-0.59716,0
0.05395,-0.21881,0
3.05184,-0.92893,0
2.65056,0.77088,0
0.56987,-0.6129,0
1.09567,1.21412,0
2.03811,1.11364,0
2.36249,0.8521,0
2.5218,-1.16368,0
-0.27997,-1.02679,0
0.94896,0.57067,0
2.90535,1.16194,0
2.07584,-0.78769,0
1.65056,-0.53974,0
2.11058,-0.45133,0
2.72056,-0.89218,0
-0.22272,0.51574,0
2.10615,0.41635,0
0.00678,0.88712,0
-0.36324,-1.04484,0
1.62034,0.15314,0
2.39502,-0.59706,0
0.37713,0.64467,0
1.8062,-0.41654,0
2.52562,-0.34721,0
2.00107,-0.14748,0
2.62148,-0.10329,0
2.54604,-0.38765,0
1.26847,1.15357,0
0.08085,-1.04245,0
1.86968,0.42815,0
0.61339,1.04099,0
2.13406,0.43819,0
1.13377,-0.60234,0
3.38075,0.15611,0
-0.46365,0.47902,0
0.10661,0.07421,0
1.83003,1.20963,0
2.69237,1.08009,0
-0.01919,-0.32627,0
-0.14654,-0.09949,0
1.29383,0.49123,0
2.64108,0.54461,0
3.20045,0.47295,0
2.62112,-0.44423,0
1.89517,-0.59348,0
1.27639,0.10265,0
0.32823,0.35107,0
0.33787,0.62282,0
2.3106,0.53649,0
1.23744,-0.64251,0
-0.47493,1.11956,0
0.83382,0.99695,0
1.39864,1.14794,0
0.8095,-0.74724,0
0.74355,-0.60857,0
1.31836,0.50763,0
-0.01332,-0.45753,0
0.86798,1.13795,0
1.75767,0.87807,0
-0.00759,0.34919,0
2.49571,1.19885,0
1.61457,0.97466,0
1.32788,1.21886,0
-0.05105,0.13951,0
2.27974,-0.80283,0
2.31289,-0.47799,0
0.98742,-0.00912,0
0.61757,0.76942,0
1.59578,-0.75258,0
3.48501,-0.05443,0
-0.12866,-0.00973,0
0.41888,1.2485,0
2.64026,-1.04464,0
1.40516,-0.37623,0
0.26303,-0.20518,0
1.90137,-0.23805,0
0.05721,0.35369,0
0.84417,1.12871,0
3.05693,0.97723,0
0.5299,1.11455,0
1.95909,0.55655,0
3.12102,0.00747,0
2.18056,-0.41019,0
3.34812,-0.3667,0
-0.44777,-0.08095,0
1.47505,-0.20556,0
2.68891,0.22721,0
1.01903,0.7915,0
3.43587,0.8545,0
1.50833,-1.06771,0
-0.48146,-0.69701,0
2.31515,0.97549,0
0.87137,1.04964,0
0.72052,0.59122,0
0.03182,-0.62959,0
2.52852,-1.22225,0
0.31105,-0.01609,0
1.22113,-0.48546,0
0.68117,0.99303,0
2.60312,0.67619,0
2.06293,1.0232,0
3.40358,-0.32437,0
0.49442,-0.17843,0
-0.35899,0.56645,0
-0.067,0.75849,0
-0.36351,0.68803,0
0.47103,-0.61819,0
0.47632,-1.22582,0
1.72067,0.03471,0
0.33187,1.20273,0
1.6361,-0.88602,0
2.47893,0.55051,0
1.97062,1.05227,0
2.90657,0.31611,0
-0.18501,0.73585,0
2.33379,-1.08377,0
1.23608,0.85482,0
-0.1488,-0.82635,0
2.27306,-0.10784,0
3.35249,0.24318,0
-0.25319,-0.3418,0
1.22005,0.83485,0
2.1805,1.02286,0
0.77237,-0.61321,0
3.14456,-0.51415,0
0.39786,-0.78768,0
2.24398,-0.93959,0
1.28553,0.44361,0
2.59501,-0.72053,0
2.22162,-0.2816,0
1.74637,-0.16467,0
0.35889,0.80991,0
1.12644,-1.12247,0
-0.09531,-0.47827,0
0.69509,-0.67241,0
2.21343,1.16859,0
1.14092,-0.4093,0
0.17802,0.58574,0
3.30979,0.55164,0
-0.02485,0.32291,0
-0.45437,-0.27863,0
2.58434,-0.03451,0
1.50125,-0.7707,0
1.50338,-0.68627,0
-0.25932,0.17846,0
-0.42182,1.19143,0
-0.08983,-0.3994,0
0.64468,-0.07108,0
3.16416,-0.50834,0
2.97743,-0.49402,0
-0.23004,0.73524,0
1.03556,0.16171,0
-0.1908,-0.79453,0
-0.15087,-0.53874,0
3.48274,0.78425,0
1.86534,0.15954,0
1.51931,0.94553,0
2.16914,0.07961,0
0.84825,1.09276,0
2.16602,-0.3905,0
1.12084,-0.11272,0
1.93023,0.41217,0
3.46562,-0.29056,0
3.45758,-0.87008,0
1.50827,0.25962,0
3.35102,0.38982,0
0.16623,0.3003,0
2.17821,-0.37721,0
-0.05105,-0.17938,0
3.04014,0.49423,0
1.67597,0.42674,0
2.62953,0.17774,0
2.25452,0.59017,0
-0.19007,-0.70411,0
3.49886,0.08088,0
-0.07544,0.57315,0
1.69772,-0.10529,0
2.66627,0.87482,0
3.48594,-0.18489,0
0.0518,0.14277,0
1.7983,-0.36736,0
1.97843,-1.04531,0
3.40961,0.72851,0
2.19576,-0.19736,0
0.92526,1.22713,0
1.49779,0.59893,0
-0.13078,-0.00678,0
-0.01594,-0.86457,0
-0.41048,-0.98369,0
3.42623,-0.30506,0
1.37724,0.38283,0
0.02347,-0.60268,0
0.82865,0.20777,0
3.3386,0.78449,0
-0.14931,-0.712,0
0.07902,-0.7715,0
2.29997,-0.77547,0
3.25053,0.12682,0
2.41764,-0.01399,0
-0.46473,0.88532,0
-0.28819,0.9041,0
-0.4399,0.37957,0
1.77544,-1.13845,0
1.75098,-1.15266,0
1.28054,0.30912,0
3.12096,-0.79469,0
3.28301,0.22699,0
0.74682,-0.45362,0
1.13589,0.3504,0
0.83978,0.23882,0
0.23853,1.08167,0
1.807,-1.01682,0
0.52595,-0.91878,0
0.77737,0.03613,0
1.60847,0.35301,0
0.21736,-0.63561,0
1.43976,0.99404,0
0.34343,-0.67923,0
1.98513,-0.73072,0
3.18785,-0.06122,0
3.45269,-0.80937,0
2.06909,0.63601,0
0.82121,-0.70782,0
0.74829,0.45269,0
2.53198,0.36934,0
2.09924,-0.7961,0
-0.04963,0.48442,0
0.65232,-0.10682,0
-0.21052,-0.59205,0
1.56129,1.10219,0
2.82066,0.75258,0
3.00104,0.93114,0
1.78168,-0.6565,0
0.92934,0.27424,0
0.94666,1.11093,0
-0.29725,0.58905,0
3.48332,0.02711,0
3.21735,1.1193,0
2.73807,-1.15689,0
2.02621,0.92199,0
1.0107,-1.01802,0
1.23926,0.29106,0
0.17308,-0.97303,0
0.50955,0.83843,0
2.69589,0.94959,0
-0.36533,0.65074,0
1.67724,-0.81843,0
-0.39438,0.05823,0
-0.46695,-0.88695,0
2.00251,0.01705,0
-0.20497,0.78688,0
2.95727,-1.09228,0
0.70889,0.07672,0
-0.48463,0.69781,0
1.22079,0.45092,0
3.18119,0.33817,0
1.56147,0.57147,0
-0.28864,0.28237,0
0.73256,-0.15794,0
1.94301,1.19667,0
0.90743,-0.50173,0
3.13888,0.81913,0
0.36966,0.23818,0
1.62553,0.20774,0
-0.31491,0.64414,0
2.59092,-0.82965,0
1.93717,-0.12444,0
1.7818,0.05331,0
-0.36947,-1.07182,0
1.68128,0.50686,0
3.04789,0.88251,0
0.38619,1.03239,0
3.33957,-0.08014,0
2.49035,-0.69164,0
1.11309,-0.20825,0
0.36452,0.46133,0
3.22431,-0.52791,0
2.82304,-0.05991,0
3.05243,0.47267,0
2.99347,-0.93055,0
2.60596,0.23395,0
-0.15474,-0.49297,0
1.85947,-0.23175,0
2.57943,1.21357,0
1.21446,-0.36104,0
2.14991,0.59933,0
1.78186,0.25856,0
0.44619,0.39082,0
3.03858,-0.55372,0
0.71321,0.44253,0
2.65202,-0.14837,0
-0.21888,-0.67345,0
-0.06504,0.17187,0
2.3192,-0.83281,0
-0.06305,0.03094,0
2.9131,0.64112,0
0.72302,0.00538,0
1.61539,-0.83479,0
2.07131,0.36321,0
3.49269,0.86425,0
0.70738,0.30262,0
1.20277,-0.54443,0
0.32775,1.21646,0
3.02129,-0.39752,0
0.97166,-1.10945,0
-0.11265,-1.00851,0
1.48373,-0.79399,0
1.92123,-0.65977,0
1.24302,-0.48179,0
1.66309,0.47289,0
1.90018,1.09777,0
2.71263,-1.0796,0
0.75339,0.58554,0
0.98635,-1.07,0
-0.1301,-0.76583,0
2.30233,-0.84924,0
3.09419,0.15529,0
2.99931,0.38403,0
1.75285,0.26175,0
-0.39238,0.23288,0
1.31654,0.72835,0
-0.08351,-0.2023,0
-0.43553,-0.23049,0
2.97771,-1.11813,0
2.72348,-1.10629,0
1.95516,-0.40094,0
1.79106,-0.18737,0
2.79927,-0.12582,0
1.47796,-0.15268,0
-0.08297,-0.09391,0
2.36124,1.04511,0
2.42786,-0.56604,0
2.0213,-0.63656,0
0.81818,-1.01788,0
3.08867,0.65054,0
-0.01722,0.44726,0
0.08276,0.51574,0
3.41302,-1.02759,0
2.12669,1.11439,0
3.40502,0.44135,0
2.64075,0.12383,0
-0.34807,-0.04612,0
2.35659,0.56009,0
2.52615,-0.45069,0
0.0615,0.23208,0
3.39754,0.97345,0
2.81241,1.21652,0
-0.19504,-0.33758,0
-0.40661,0.42011,0
2.13904,-1.07209,0
0.57672,-0.52984,0
2.25269,-0.6102,0
2.82124,0.62245,0
-0.40868,-0.35412,0
2.40958,1.06871,0
0.77343,0.12331,0
2.09026,-0.52777,0
1.7632,1.14158,0
1.67414,0.39548,0
3.46501,-0.13903,0
-0.13895,0.31147,0
0.5335,-0.41655,0
2.58128,1.02914,0
1.87904,1.11378,0
1.31174,-1.12273,0
1.2704,-0.22669,0
1.11978,-0.36863,0
2.12226,0.70035,0
0.44538,1.05318,0
2.84279,0.12035,0
0.99118,-0.76524,0
3.42813,-0.54117,0
-0.28312,-0.16697,0
1.19863,0.7,0
2.02553,-0.84078,0
3.36669,0.0836,0
2.44159,-0.15576,0
1.15235,1.23861,0
2.26531,0.05528,0
0.83137,0.42471,0
-0.18387,0.11174,0
1.47852,0.15902,0
0.40398,-0.47766,0
2.85815,1.09281,0
1.95733,-0.19756,0
1.62757,0.34213,0
1.86004,-0.50502,0
2.98439,0.94758,0
0.45516,-0.35815,0
-0.47274,-0.48495,0
1.82091,0.38432,0
1.51878,-0.21506,0
1.25396,-0.82899,0
1.28687,0.10262,0
0.35901,0.34208,0
1.07858,-1.14019,0
2.04676,1.06445,0
3.0761,0.46799,0
2.83537,1.06404,0
0.12983,1.01789,0
1.83848,-0.51077,0
1.72777,-0.71328,0
-0.03642,0.71923,0
0.9983,-0.44,0
2.26021,0.36174,0
2.27754,0.62862,0
1.5972,0.67681,0
3.14796,0.25607,0
-0.06716,0.49306,0
0.62862,-1.06265,0
1.34882,0.35131,0
1.56592,0.69528,0
2.22001,0.60475,0
2.35626,-0.24026,0
0.49931,-0.78681,0
2.55281,-0.33799,0
0.85895,-0.17244,0
0.78757,-0.61395,0
2.04973,0.37839,0
3.41442,-0.49009,0
2.93275,0.22141,0
2.11705,-0.84401,0
0.90057,-0.55749,0
0.37395,-0.99926,0
3.2517,-0.70386,0
0.26413,-0.06396,0
2.36774,1.0575,0
3.00607,-0.59501,0
2.90147,-1.23238,0
0.3884,0.26399,0
-0.2955,-1.10999,0
0.37562,0.979,0
3.41904,0.39066,0
0.6704,1.01218,0
2.434,0.35205,0
2.41636,-0.09095,0
0.32284,0.32231,0
2.12563,-0.69053,0
1.30691,-0.15266,0
2.22405,0.52321,0
2.27983,1.18613,0
1.39489,-0.91574,0
3.37476,-0.97025,0
1.80731,0.94598,0
-0.29755,0.83692,0
2.09693,-1.19757,0
-0.21162,-1.12696,0
-0.0353,-0.96727,0
3.45162,-0.94592,0
2.37864,-0.23597,0
1.55592,0.67478,0
0.22289,-0.41781,0
2.29168,0.14421,0
-0.04332,-0.79299,0
3.2576,0.49307,0
2.89168,-0.65231,0
1.62819,0.72566,0
1.74736,-0.83145,0
1.83753,-1.01973,0
1.22214,0.44616,0
-0.47959,0.4041,0
2.84851,1.2257,0
1.81498,-0.428,0
0.4616,-0.94056,0
3.30164,1.24467,0
2.74239,-0.56726,0
2.73102,-0.39511,0
-0.05148,-0.20038,0
-0.10244,0.31563,0
0.72584,-1.19663,0
2.58381,-1.02748,0
0.88304,-0.80666,0
3.37597,-0.96932,0
0.29411,-1.23164,0
1.12827,0.44805,0
0.5072,0.47801,0
1.16054,-1.21867,0
-0.37479,-0.07457,0
-0.11224,0.96348,0
2.77132,0.06933,0
0.88523,0.55915,0
1.63952,0.83226,0
1.6535,1.068,0
2.8244,-1.06708,0
2.28277,0.86453,0
0.17013,-0.16053,0
2.47529,0.3482,0
-0.26339,-0.88681,0
-0.3124,-0.86739,0
2.40489,-0.75816,0
0.46472,-0.35742,0
1.7864,-0.27558,0
2.68839,0.89217,0
1.1996,-1.09734,0
1.04575,1.22104,0
3.11929,1.0534,0
-0.31472,-0.90237,0
1.25394,0.76717,0
2.43227,-0.61986,0
3.07792,1.07446,0
1.27323,-0.53233,0
-0.4024,0.78758,0
1.54433,-1.00538,0
0.52469,-0.98403,0
1.63692,0.62581,0
1.31514,-0.81958,0
3.27803,0.86359,0
-0.31655,0.51203,0
0.53001,0.66813,0
2.53323,-0.86547,0
2.57795,0.43111,0
0.00327,-0.91129,0
-0.01834,-0.94696,0
2.80703,0.87802,0
0.94729,-0.03429,0
0.54108,-0.59903,0
1.25127,-0.5109,0
2.37834,0.08539,0
0.15092,0.3934,0
1.12979,0.25017,0
-0.31103,0.454,0
1.46203,1.18592,0
1.06358,0.08861,0
0.34432,0.34527,0
0.98311,-0.99913,0
-0.09265,-0.80048,0
2.38994,-0.66838,0
-0.31803,-0.62195,0
0.51118,-0.08942,0
1.64224,0.24429,0
0.81274,-0.32986,0
-0.3298,-0.9248,0
0.25607,-0.53407,0
1.60472,0.17612,0
2.35548,0.58729,0
1.2759,0.93172,0
1.85614,1.03415,0
3.24119,-0.38606,0
0.52805,-0.88052,0
3.49432,-0.60887,0
0.48773,0.99446,0
2.67935,0.21493,0
0.22288,-0.68386,0
0.89948,0.78396,0
2.71332,0.14908,0
-0.0135,1.08107,0
2.25522,-0.69163,0
3.21623,0.80617,0
3.29299,1.21661,0
2.57613,-0.24381,0
0.84198,1.20902,0
1.66835,0.17623,0
1.76825,0.02636,0
1.77021,-0.22187,0
0.35087,-0.76036,0
1.95695,-0.47829,0
2.31693,-0.0949,0
1.77895,-0.19654,0
0.38609,0.18637,0
3.34039,0.89803,0
-0.08474,-0.64749,0
1.272,-1.10182,0
1.76337,0.65512,0
2.5462,-0.17811,0
0.16692,-0.44004,0
1.92173,0.38273,0
0.52927,0.16968,0
1.41966,-0.35905,0
1.04682,1.20055,0
0.86205,-0.22051,0
1.6358,0.25774,0
0.44649,0.11009,0
1.8575,0.25069,0
0.40905,1.14866,0
0.42267,0.40412,0
2.61704,0.68022,0
0.45007,-0.13231,0
-0.3099,0.84697,0
2.29108,0.59038,0
1.9691,-0.49044,0
2.51897,-0.22407,0
1.18643,0.50588,0
3.17026,0.06808,0
0.1893,0.71256,0
3.14124,-0.60523,0
1.15135,0.94653,0
0.88499,-0.71074,0
0.42732,1.16469,0
1.22968,-1.12625,0
0.36632,-1.10829,0
0.63854,-0.13546,0
3.33024,0.88017,0
2.32378,-0.24574,0
1.51333,0.67721,0
-0.34056,-0.70895,0
2.68361,-0.96702,0
0.50907,0.60566,0
-0.15025,-1.10249,0
0.53004,-1.22491,0
0.38993,-0.25064,0
0.27004,-0.09867,0
0.99843,0.22159,0
0.5761,-0.82569,0
0.16223,-0.01835,0
0.56646,-0.90213,0
0.36523,-0.42826,0
1.14145,0.88639,0
1.23237,-0.23266,0
0.2655,0.56588,0
-0.04546,-0.74637,0
0.64657,-0.06678,0
-0.13252,-0.13224,0
3.34269,0.29826,0
1.15244,0.9794,0
2.50838,-1.01798,0
2.00088,-0.64792,0
3.27027,0.67326,0
2.78102,1.04066,0
1.90148,1.24694,0
0.25824,-0.96089,0
-0.33294,1.18944,0
2.60872,0.26638,0
1.82408,1.21435,0
3.05623,0.54732,0
0.55896,-0.89051,0
3.24637,-0.45644,0
3.03721,0.14498,0
1.40608,-0.72951,0
1.14347,1.20206,0
1.02846,-0.88171,0
0.71688,-0.93972,0
3.35135,0.36989,0
2.1756,-0.65027,0
1.33266,0.91484,0
2.85871,-0.92168,0
0.34811,-0.59818,0
1.33688,0.88715,0
2.1987,-0.92929,0
2.73464,0.10593,0
0.51511,0.50323,0
2.51893,-0.14841,0
1.07374,-0.44039,0
-0.32978,-1.16956,0
0.09226,0.07757,0
2.10943,-1.11604,0
0.52943,-0.98337,0
0.69912,0.6028,0
2.80412,-0.01823,0
-0.22934,-0.01015,0
1.45032,-0.98235,0
1.72644,0.91972,0
0.1509,-0.72717,0
-0.00682,0.52341,0
0.38387,0.51905,0
-0.2569,-0.71238,0
-0.29809,0.90376,0
-0.14013,0.65259,0
1.00851,0.23753,0
1.57981,0.33035,0
3.16876,1.10543,0
-0.04611,0.09622,0
2.46266,-0.11948,0
2.00424,-0.79107,0
1.3592,-0.44219,0
-0.11004,-0.89384,0
2.70207,0.00656,0
2.87782,1.24043,0
0.47712,-0.13012,0
1.00762,-1.0313,0
2.18825,-0.27572,0
1.5436,-0.05152,0
2.66347,-1.24681,0
0.88552,0.06158,0
0.17489,0.90484,0
2.44553,-0.27829,0
2.80727,0.52181,0
2.35553,-0.51138,0
0.34717,-0.2989,0
0.59207,-1.10791,0
2.94364,-0.20995,0
2.28398,-1.0498,0
2.27825,0.78035,0
1.83499,0.2505,0
0.39402,-0.8558,0
-0.46042,0.04923,0
2.27338,-0.98179,0
0.58375,0.98451,0
0.89415,0.68161,0
0.01176,0.3124,0
1.0978,1.19785,0
1.24178,-0.77896,0
0.65651,-0.73172,0
2.55669,-0.1575,0
0.91264,-1.03836,0
0.06131,-1.23474,0
2.40058,0.08254,0
0.03995,-0.24115,0
3.47802,-0.35878,0
2.9204,-1.17021,0
1.91801,-1.24681,0
1.44445,0.14371,0
1.19381,-0.01115,0
0.47771,0.35882,0
0.6266,0.62036,0
0.92606,0.42409,0
2.02126,1.20741,0
0.71942,1.15466,0
0.63858,0.96487,0
2.4603,0.84382,0
0.32955,-0.39355,0
3.1702,-1.23933,0
2.96327,-0.06245,0
0.31656,1.0474,0
0.75988,0.02909,0
1.4914,-1.05577,0
1.82792,1.14718,0
1.82936,-0.73707,0
2.57326,0.5346,0
2.76794,0.7438,0
3.26804,-1.23866,0
2.5268,-0.50101,0
2.25473,-1.08906,0
0.41178,0.49575,0
0.17261,1.0016,0
0.63172,0.00439,0
2.72856,0.62844,0
-0.06906,-0.90749,0
1.44781,-0.1665,0
1.57524,0.26296,0
3.03789,-1.02726,0
3.40502,-0.62079,0
0.63513,-0.65191,0
1.13525,0.02534,0
1.057,-0.81439,0
3.38392,0.18611,0
3.1155,-0.85336,0
3.37107,-0.91887,0
0.03431,-0.21635,0
0.52946,0.50476,0
2.07272,-0.19234,0
1.27203,0.60707,0
1.00084,0.56438,0
0.38154,-0.60869,0
3.07507,-0.11165,0
0.82219,-1.05691,0
3.12739,0.78316,0
2.70246,0.14845,0
-0.49638,0.38957,0
2.44285,-0.85521,0
3.01634,0.93727,0
1.09243,-0.95935,0
0.60342,0.93158,0
0.70327,-0.11656,0
0.26232,0.27382,0
1.53994,0.74981,0
0.12085,0.75462,0
-0.27041,-0.31548,0
1.43594,-0.87946,0
1.98493,0.37495,0
1.54367,-0.44489,0
2.30701,0.17068,0
-0.40999,0.94994,0
0.88798,-1.02221,0
-0.34528,0.87635,0
3.01369,-0.4241,0
3.02756,-0.03755,0
2.86492,-0.15346,0
1.07955,0.59923,0
2.36098,-1.03978,0
2.85928,-0.7644,0
0.8003,0.90856,0
0.64493,0.29432,0
2.6077,0.14449,0
2.54458,-0.79286,0
1.42833,-0.44151,0
2.26402,0.11573,0
0.82926,-0.89971,0
0.3392,0.66964,0
2.28677,-1.01053,0
0.6484,0.58023,0
-0.02806,0.03669,0
1.48432,-0.25108,0
0.40944,-1.23049,0
1.77866,-0.04671,0
1.2491,-0.15374,0
0.92453,-0.35318,0
-0.27339,0.97018,0
0.10945,0.57944,0
1.1043,0.24178,0
1.39852,-0.37906,0
2.72884,0.83853,0
3.05279,-0.74706,0
-0.41451,-0.02876,0
-0.1902,0.25267,0
2.48931,0.76834,0
2.71237,0.08073,0
1.56869,0.0288,0
1.82657,0.7444,0
-0.09883,0.05382,0
0.91867,-0.1852,0
3.30114,0.26499,0
2.7371,0.80398,0
0.11374,0.03147,0
0.47483,0.38121,0
0.37485,-0.1104,0
1.27597,-1.20892,0
2.04304,-0.1888,0
0.01885,-0.49229,0
2.86351,1.06748,0
0.40483,0.11114,0
0.75176,0.0205,0
1.47207,-0.50783,0
2.52593,0.05409,0
2.21054,-0.87938,0
2.32838,0.50644,0
0.7749,-0.63811,0
3.34782,0.60445,0
0.38091,-0.81934,0
1.54335,-0.05066,0
-0.02988,0.48686,0
2.26356,0.68337,0
-0.03534,-1.0071,0
1.50369,-1.24308,0
2.84647,-0.24984,0
1.68276,1.03581,0
3.15373,0.21991,0
0.62664,0.56796,0
-0.26796,0.57262,0
0.4609,-1.01081,0
0.492,-0.30784,0
0.1376,0.28451,0
-0.42154,1.22974,0
-0.14199,-0.38602,0
2.01799,-0.77832,0
3.00918,1.09382,0
1.11678,0.48211,0
3.47161,0.00775,0
-0.15514,1.12624,0
1.18943,-0.20899,0
0.6839,1.08956,0
0.16385,-0.17339,0
3.28124,-0.86343,0
0.33467,0.98957,0
0.35081,1.13846,0
-0.24239,0.4171,0
2.04188,-1.2191,0
3.37919,0.16492,0
-0.44545,-0.18269,0
1.76359,0.93243,0
1.01553,0.49647,0
2.46818,0.45864,0
0.23492,-1.20897,0
2.64193,1.13569,0
0.58403,-0.57584,0
2.93904,0.01959,0
2.6133,-0.93204,0
1.08373,-0.83466,0
1.72132,-0.51674,0
0.53483,1.05603,0
0.67416,-0.38556,0
3.4671,-1.02012,0
0.8749,-1.14277,0
1.67689,0.55635,0
1.43737,0.61462,0
1.72121,0.25018,0
-0.18705,0.29564,0
1.01119,0.32777,0
2.48503,0.69129,0
-0.39246,-1.20338,0
2.40359,-0.67611,0
2.06485,0.56428,0
2.24718,-1.19192,0
0.4107,-0.87435,0
1.9925,0.73829,0
2.08309,0.14274,0
0.47683,-0.71324,0
1.58027,0.74588,0
2.596,1.17311,0
-0.02477,0.08432,0
3.49243,0.78963,0
0.85545,-0.28312,0
3.4896,0.37251,0
-0.45547,0.25146,0
1.91319,-1.22012,0
-0.12389,-0.62842,0
3.05264,-0.25045,0
3.41339,0.96858,0
1.46353,-0.03121,0
-0.39799,-0.11188,0
2.33774,-1.12104,0
0.06459,-0.56584,0
3.08018,0.0626,0
0.93133,0.26058,0
2.31939,-1.21545,0
3.28514,-0.98052,0
2.0634,-0.06251,0
0.13227,-0.21414,0
1.47746,0.71998,0
1.93531,1.24753,0
0.8688,-0.94585,0
1.46632,-0.63477,0
1.51319,-0.50709,0
2.00751,0.27414,0
1.35516,0.96454,0
3.322,-0.48724,0
-0.1514,-1.11529,0
2.79064,-0.60187,0
2.96283,-0.66292,0
1.53105,0.63126,0
1.80733,-1.1488,0
0.10502,-0.4135,0
1.78938,-0.35933,0
3.25495,-0.07766,0
2.30457,0.1445,0
3.02707,0.76587,0
1.11518,0.42513,0
3.32512,0.95176,0
3.34848,-1.03088,0
2.72301,-0.33938,0
1.40288,-0.88675,0
1.9628,-1.18621,0
-0.41692,0.55366,0
0.01571,1.15142,0
2.6329,0.38176,0
2.99517,0.54462,0
1.93531,-0.77127,0
-0.38888,-0.98433,0
2.54876,-0.05673,0
2.68289,-0.00204,0
-0.34125,-0.3486,0
0.05488,-0.88954,0
1.00931,-0.98438,0
1.08339,1.0547,0
2.92666,0.54367,0
0.9038,0.52464,0
2.30386,0.02858,0
2.90527,0.43582,0
-0.2229,-0.51614,0
0.09528,-0.0295,0
1.14678,0.98034,0
2.58652,0.77603,0
1.2805,-0.16151,0
2.0865,1.1357,0
2.08162,-0.43985,0
-0.39825,0.40261,0
2.50023,-0.94001,0
0.72145,-0.43256,0
2.04547,0.29599,0
-0.45243,0.45346,0
0.7811,1.21375,0
1.78538,0.76992,0
-0.07441,0.14765,0
-0.3726,1.02541,0
0.56937,-0.78015,0
0.74223,-0.70053,0
0.296,-0.114,0
1.24715,-0.94811,0
2.67512,0.49947,0
1.59692,-0.32678,0
0.55706,0.39682,0
1.56354,0.77337,0
1.07268,0.91881,0
1.15449,-0.95799,0
2.41669,-0.77361,0
2.49575,0.1698,0
2.64512,-0.31564,0
1.67705,0.98943,0
1.24175,0.90693,0
3.2922,-0.60391,0
1.8596,0.20093,0
2.91275,-0.88131,0
2.25513,1.01778,0
1.44133,-0.82677,0
2.22825,0.98629,0
2.72991,1.21436,0
3.23142,1.00023,0
2.31012,0.03434,0
0.39346,0.23433,0
-0.12921,1.15105,0
1.78005,0.40659,0
1.01906,0.42392,0
1.27786,0.36878,0
1.45017,0.64482,0
2.55134,-0.85129,0
2.01476,1.1311,0
1.1829,-0.77662,0
1.16999,0.54234,0
1.01815,0.75257,0
0.87943,1.23163,0
2.54476,-0.35299,0
2.69351,-0.19295,0
1.83284,0.82948,0
-0.0745,-0.86702,0
2.91431,1.23015,0
2.82395,-0.51415,0
1.81445,0.63677,0
1.0489,-0.89906,0
1.62651,0.50803,0
2.27067,-1.05743,0
2.9448,-1.13408,0
-0.46218,-0.69042,0
0.99628,-0.10194,0
0.77721,0.00266,0
1.1372,-1.20559,0
-0.48125,0.83639,0
0.79902,1.17915,0
-0.46574,-0.94864,0
2.11579,-1.14617,0
-0.18457,-0.48813,0
0.97313,-0.6403,0
2.68357,0.51434,0
2.41428,0.87717,0
1.35343,0.31951,0
1.13606,0.79523,0
3.09375,-0.36757,0
2.69504,0.50755,0
-0.08329,0.65904,0
3.06716,0.98289,0
1.08534,-0.27459,0
2.28451,-0.45656,0
3.19302,1.23389,0
2.40585,-1.15809,0
3.15644,0.48911,0
2.54381,0.22191,0
2.59747,1.06727,0
2.10124,0.5163,0
0.11993,-1.0055,0
0.66605,0.44789,0
-0.02566,0.10703,0
1.20548,0.09764,0
-0.45553,-1.20098,0
3.07635,1.20103,0
0.99507,-0.98392,0
0.31861,-0.59643,0
2.11907,1.09645,0
3.47939,0.985,0
2.9524,0.79963,0
-0.3662,-1.2249,0
1.00499,-0.09498,0
1.25855,0.26692,0
2.33748,0.1766,0
0.61296,-0.83376,0
1.57623,0.03634,0
0.20015,1.07326,0
0.56479,-0.19347,0
2.69036,-1.0778,0
1.49466,1.10078,0
-0.41971,0.94477,0
0.27287,-0.38183,0
2.46076,-1.14716,0
3.00748,0.56445,0
0.60266,-0.90442,0
0.88374,-0.47224,0
2.25979,0.88864,0
1.42011,0.24684,0
0.63071,0.97072,0
2.7827,0.89785,0
0.09927,0.44484,0
0.36103,0.86331,0
-0.18972,1.217,0
2.18715,-0.19342,0
0.78138,0.62398,0
0.43974,0.17652,0
1.9994,-0.44508,0
3.23253,0.98158,0
0.38544,-0.18801,0
1.01222,-0.04096,0
0.85387,-1.10137,0
2.68165,1.04113,0
-0.42112,-0.66562,0
1.40818,0.6918,0
2.44403,-0.95119,0
3.09714,-1.23663,0
0.47148,-0.76732,0
0.75334,0.39158,0
1.0253,-1.11724,0
0.16136,-0.49833,0
0.11129,-0.03216,0
1.08987,0.29109,0
3.1758,-0.43015,0
0.78717,-0.23677,0
3.36912,0.57754,0
2.8728,-0.74069,0
1.79544,-0.18924,0
2.73128,-0.10496,0
3.06216,1.11525,0
1.30889,-0.67189,0
1.75379,-1.03206,0
0.89859,-0.21624,0
0.71768,-1.11323,0
2.48323,1.17719,0
1.1954,1.21581,0
3.1458,0.12812,0
-0.26963,0.0318,0
0.28619,-1.1451,0
1.91233,-0.40586,0
0.46405,0.90037,0
2.33682,0.71689,0
2.86793,0.68769,0
2.73407,0.6168,0
3.36054,-0.23191,0
2.38133,0.97479,0
0.57596,0.7709,0
0.67843,-0.33573,0
3.08952,-1.24915,0
1.76339,-0.33894,0
0.86899,-0.18806,0
2.1599,0.15009,0
0.28956,0.11298,0
-0.29936,0.64635,0
1.00004,-0.29115,0
-0.10401,0.34192,0
2.88605,0.20729,0
0.17364,-0.27675,0
0.38445,0.24371,0
2.52939,0.71951,0
3.08316,0.23965,0
-0.0177,-0.83727,0
0.67674,-0.07306,0
1.62362,-0.11118,0
1.54649,0.17444,0
1.09057,-0.11664,0
1.18929,-0.8861,0
2.75436,0.16501,0
1.10689,0.79589,0
0.11913,-0.79222,0
0.27176,-0.40452,0
2.39995,-0.23744,0
1.50605,0.71397,0
2.91412,0.77187,0
-0.46452,0.35316,0
2.33967,0.01274,0
0.23996,-0.55132,0
-0.01,1.1865,0
3.34178,-0.63383,0
3.05521,0.8069,0
3.41257,1.11609,0
3.21858,0.49701,0
0.0673,0.99019,0
2.46385,0.23966,0
0.77326,0.34812,0
1.47906,1.22513,0
0.57503,1.01698,0
-0.08132,0.52347,0
2.29588,1.10707,0
2.69763,0.27117,0
3.21095,-0.55128,0
3.03101,0.30442,0
0.28342,-0.51714,0
0.32879,-0.85225,0
1.47459,-0.77461,0
2.03276,1.24278,0
0.05462,0.90592,0
2.03029,-0.78045,0
-0.07642,-1.2001,0
-0.0849,1.03926,0
2.17467,0.0673,0
2.91841,0.41167,0
0.59814,-1.02575,0
1.3946,0.33794,0
1.54483,0.47218,0
2.15385,-0.9115,0
3.49785,-0.87963,0
0.39016,-0.72481,0
2.45252,-0.01643,0
3.17468,1.13948,0
1.18357,0.54686,0
-0.11268,-0.66055,0
-0.17531,-0.86246,0
2.25412,-0.54131,0
1.45037,-0.38038,0
1.52573,1.19932,0
1.41381,-1.16033,0
0.30554,-1.17831,0
-0.10728,-0.5476,0
2.03023,0.49405,0
-0.21017,0.06343,0
1.20802,0.21198,0
2.48245,-0.00477,0
2.12532,-0.23902,0
-0.22353,0.68327,0
0.65224,0.81632,0
1.06731,-0.08655,0
0.24984,-0.21136,0
2.07353,-0.70033,0
1.96606,-0.763,0
2.86061,-1.02528,0
2.24362,0.5888,0
0.96374,1.19856,0
1.27088,0.91845,0
0.19167,0.51558,0
0.43527,0.12693,0
0.357,-1.00087,0
0.55736,-1.08656,0
0.34356,0.29747,0
1.82379,0.12489,0
3.01078,0.6286,0
2.46054,0.25993,0
1.5507,0.17093,0
3.43709,-0.96425,0
3.13539,1.19285,0
3.47416,-0.1623,0
3.4764,-0.63123,0
0.52198,-0.18364,0
2.65214,0.23016,0
1.8977,0.93017,0
0.74149,0.81649,0
-0.00257,0.06362,0
1.74223,0.94574,0
-0.33418,0.74325,0
1.15699,-0.97722,0
3.23396,1.07542,0
-0.22348,-0.29552,0
0.44299,-0.85649,0
2.19079,1.22374,0
2.69719,-1.18032,0
1.45306,0.32485,0
0.45638,-0.63143,0
1.20938,-0.87869,0
3.44871,0.30674,0
2.91011,0.19874,0
-0.45072,1.15137,0
0.29398,0.53668,0
1.02949,0.80752,0
3.35727,0.93158,0
1.87508,-0.7203,0
0.66925,0.64328,0
2.11264,-0.76914,0
1.35715,1.16667,0
1.8376,1.00826,0
1.59719,-1.06669,0
1.3519,-0.78462,0
0.91694,1.1023,0
1.4196,0.21681,0
1.75307,-1.132,0
-0.00343,-0.37766,0
-0.39792,1.07828,0
0.43054,-1.22822,0
2.82126,-0.31947,0
2.80352,-0.55672,0
1.71964,-0.51684,0
3.27089,0.09452,0
2.19548,1.03364,0
1.43698,-0.02329,0
1.64399,-1.2302,0
2.1339,1.11683,0
0.50712,0.05856,0
1.60092,-0.8704,0
1.66742,0.74371,0
0.83897,-0.89392,0
1.28935,0.07998,0
-0.21408,0.08196,0
-0.45054,1.21003,0
0.93328,0.05454,0
0.65677,-0.93203,0
1.88748,0.63202,0
2.38694,-1.07943,0
2.13098,0.6102,0
2.93897,-0.83351,0
2.1111,-0.59562,0
-0.01218,0.27896,0
0.67372,1.07316,0
0.79692,-0.17032,0
-0.27598,1.08594,0
2.88888,-1.20608,0
1.45037,0.18903,0
2.45611,-0.4021,0
0.54279,0.17759,0
2.16765,-0.18806,0
1.27682,0.72561,0
2.1942,0.89979,0
-0.48688,-0.93899,0
3.41662,0.93259,0
1.73089,-1.07724,0
1.14805,-0.5076,0
0.51027,-0.67434,0
1.82465,-1.16445,0
2.57574,-0.5496,0
1.73819,0.6556,0
2.77322,0.77499,0
1.503,-0.02268,0
0.91701,0.09052,0
2.87628,-0.54629,0
0.55953,-1.04501,0
1.93901,-0.98652,0
2.23554,-0.68296,0
1.82906,0.47868,0
-0.08947,1.17287,0
3.00212,1.22746,0
0.33488,0.59254,0
2.36692,-0.49901,0
1.6646,1.14765,0
0.50039,0.31923,0
-0.39572,-0.81716,0
3.35567,-1.18368,0
2.22284,0.54936,0
-0.06642,0.19475,0
2.5201,-0.30687,0
2.40427,-0.82764,0
0.60698,-0.02824,0
2.739,1.2155,0
2.99153,-0.67008,0
1.97171,0.82001,0
1.03961,-1.21724,0
-0.15831,-1.05546,0
3.1028,0.46296,0
0.44292,-0.94259,0
-0.31952,0.21223,0
2.51182,-0.49664,0
0.47628,-0.90887,0
2.12259,-0.93467,0
1.00744,-0.3206,0
1.81815,-0.39457,0
1.60891,-0.56885,0
0.32909,1.02258,0
3.49834,0.1709,0
0.16143,1.04064,0
0.09056,-1.2416,0
0.15722,0.95686,0
-0.38506,1.11618,0
2.05949,-0.64403,0
1.03815,0.69967,0
-0.34581,-0.63697,0
2.65999,0.69478,0
1.99899,-1.13538,0
2.99391,-1.1792,0
0.69641,-1.10424,0
2.74113,-1.17811,0
2.94813,0.15688,0
2.08113,1.08327,0
0.02626,0.39317,0
0.04007,0.18129,0
-0.40175,-1.15899,0
2.42997,0.05576,0
2.00213,-0.45761,0
1.74393,0.1262,0
-0.08019,1.04309,0
0.36095,0.37319,0
0.20605,-0.8734,0
0.94885,0.46694,0
3.35264,0.99088,0
0.91759,-0.83966,0
0.81116,0.67059,0
0.18074,-0.86123,0
0.06016,-0.20125,0
2.00084,-1.13424,0
3.13733,-0.05359,0
0.70807,0.25385,0
3.31709,-0.00168,0
3.06662,-0.84194,0
1.76283,-0.45318,0
2.10795,-0.00599,0
1.95052,-0.60311,0
1.61418,-0.25954,0
2.95645,1.12045,0
1.66656,-0.87137,0
1.5884,0.42273,0
0.97354,-0.58274,0
1.90237,-1.17882,0
2.30216,1.04898,0
1.83463,-0.25989,0
0.25021,-0.90408,0
0.587,-0.86407,0
2.7178,-1.08644,0
0.7569,-0.31672,0
1.13502,0.64773,0
2.15774,0.42785,0
2.8891,-0.63839,0
3.33531,0.11089,0
-0.37236,0.81371,0
1.4088,-1.10556,0
1.09619,0.66674,0
2.67026,-1.00817,0
0.79214,-0.7294,0
3.44114,-0.43224,0
1.26719,-0.60134,0
3.28227,1.23721,0
-0.44546,0.51561,0
1.97159,0.50816,0
-0.46753,0.25943,0
2.85016,0.61443,0
0.93325,0.42697,0
1.57265,-1.16514,0
3.26206,-0.78792,0
2.25438,-0.3073,0
1.73997,0.95727,0
-0.48013,0.06525,0
0.4048,0.20406,0
2.8541,-0.96399,0
0.49461,-0.06772,0
1.51853,0.09714,0
0.9092,-0.72556,0
1.36006,-1.22437,0
0.70449,0.4914,0
1.18274,0.29358,0
3.20479,0.0327,0
3.41202,0.89426,0
-0.30315,-1.12008,0
-0.49272,-0.89019,0
-0.01069,0.78854,0
3.10629,-0.81238,0
1.18016,1.12864,0
2.99854,0.68156,0
3.09374,0.80289,0
0.56765,0.12032,0
3.17539,0.65524,0
0.49625,-1.0908,0
1.42313,-0.60192,0
0.12345,0.7451,0
1.64088,-1.11965,0
2.36881,-1.00223,0
3.09023,-0.9481,0
2.39642,0.24003,0
1.2863,-0.78854,0
1.92972,0.34525,0
2.0531,-0.79337,0
1.4375,1.03342,0
1.61869,-0.58226,0
0.37772,0.01555,0
-0.09522,-0.20907,0
3.10296,-0.70665,0
3.09938,1.07979,0
3.39249,0.91538,0
1.05525,1.17544,0
0.32183,-0.90872,0
1.63209,1.03046,0
1.99015,-0.63006,0
3.18767,0.88049,0
2.38544,-0.71201,0
3.26814,0.91641,0
-0.0917,0.77754,0
3.45055,1.17819,0
-0.33777,-1.00393,0
0.38795,0.30203,0
1.13543,0.57255,0
1.80029,-0.15366,0
1.35941,1.17426,0
2.16372,-0.92474,0
1.38454,-1.05606,0
1.48376,0.61253,0
1.52272,0.53005,0
0.06609,0.56138,0
3.02823,-0.37372,0
0.50381,-0.68399,0
2.8778,-0.96119,0
2.97149,-0.90693,0
-0.42137,0.26813,0
1.85746,0.87059,0
1.69122,-0.07426,0
0.88677,-0.16722,0
1.15517,0.70242,0
0.75489,0.44174,0
1.57328,0.9267,0
1.18499,0.95926,0
1.45751,0.01335,0
2.0271,0.45577,0
3.04374,-0.04285,0
2.8432,-0.36921,0
3.34627,1.21173,0
0.94857,-0.60298,0
1.49972,1.2468,0
-0.22035,-0.06433,0
2.93176,-0.77598,0
0.89047,-0.78998,0
1.21908,0.04519,0
3.48861,-0.40316,0
3.12758,0.07628,0
1.9869,0.80962,0
1.00313,-0.45037,0
2.92032,-0.208,0
3.35422,1.10146,0
3.15478,-0.59365,0
0.56335,-0.78712,0
0.11431,0.04426,0
2.87882,1.04456,0
3.27747,0.99794,0
3.09886,-0.42979,0
1.96231,-1.09802,0
3.07437,-0.87414,0
2.88913,-0.22461,0
1.33064,-1.14828,0
0.77787,-0.10238,0
2.06267,1.13573,0
2.29992,-0.95427,0
2.71017,1.15729,0
0.97748,0.88735,0
-0.08092,1.18407,0
3.27205,-0.11966,0
1.48671,1.07962,0
0.43785,1.24503,0
0.07577,0.06722,0
0.56964,-0.01879,0
-0.09263,-0.0318,0
0.16486,-0.781,0
1.00283,0.48342,0
0.29838,0.71822,0
-0.09655,-1.07038,0
-0.30143,1.06868,0
-0.19616,-0.06205,0
1.03143,-0.89442,0
0.36172,0.96839,0
0.24758,-0.24195,0
0.37418,0.64349,0
2.57708,-0.88084,0
2.937,-1.11376,0
1.9495,0.39769,0
-0.19119,0.25183,0
1.87851,-0.16505,0
0.63044,-1.10939,0
-0.31206,0.85657,0
-0.02148,0.89878,0
2.64345,-0.07043,0
2.07041,0.97171,0
-0.2115,-0.2526,0
0.12449,0.15057,0
2.04154,0.10424,0
0.56997,-0.52882,0
1.87542,0.19285,0
-0.43437,0.15631,0
0.37662,-0.55156,0
2.48367,0.0864,0
0.72049,1.18015,0
0.69017,0.11012,0
0.0547,0.56154,0
2.1163,0.55515,0
1.69995,0.93789,0
1.12211,0.75388,0
0.42014,0.21633,0
0.11817,0.52136,0
3.13043,-0.35188,0
3.29867,0.56726,0
2.17932,-0.49296,0
2.90939,0.43999,0
2.41688,-0.78889,0
2.20023,0.31144,0
2.23564,0.7961,0
3.49926,-0.60411,0
2.83469,0.15474,0
2.00061,0.36044,0
0.27955,0.87563,0
1.37357,-1.05329,0
1.86797,0.30732,0
-0.14017,0.3506,0
2.95413,-0.02253,0
1.23988,-1.15221,0
1.86625,-0.07196,0
3.16533,-0.74861,0
2.98407,0.60038,0
3.36515,0.86767,0
2.07212,0.24449,0
1.70461,0.87848,0
2.9594,-0.97062,0
1.55789,-0.14115,0
2.33028,-0.53397,0
1.13228,0.91751,0
0.68624,-1.0651,0
2.7505,-0.37037,0
3.00265,0.52151,0
2.14469,0.92229,0
2.60059,-0.82672,0
-0.13283,0.71905,0
1.57117,-1.04172,0
1.629,0.00521,0
3.37966,-1.03607,0
1.1075,0.26906,0
2.58991,1.06672,0
2.76779,-0.239,0
0.08917,0.40898,0
1.49631,1.19072,0
1.51291,0.0637,0
1.24311,0.33912,0
3.44984,0.47356,0
0.36536,1.11259,0
2.92481,-0.05855,0
1.38604,1.23315,0
0.50023,0.87296,0
-0.00095,0.89703,0
2.51059,-1.24442,0
1.60334,0.78321,0
2.36079,1.22625,0
2.8215,0.63648,0
0.74279,1.24926,0
3.09405,-0.05152,0
0.59596,0.67239,0
0.14825,-0.81738,0
3.40957,-1.16202,0
2.39309,0.84145,0
1.8599,-0.85522,0
0.91835,-0.04412,0
1.63758,0.75598,0
2.67419,0.58906,0
2.82305,0.90871,0
2.5991,-0.17318,0
2.1827,-0.62567,0
2.2773,0.68087,0
-0.0333,0.43321,0
0.40786,0.01666,0
0.416,1.08404,0
1.41262,-0.02333,0
-0.06808,-0.42787,0
0.75823,0.58893,0
2.71595,0.1172,0
2.28746,-1.02181,0
-0.43792,0.43167,0
0.91997,-0.92819,0
1.33285,-0.76956,0
2.4355,1.1479,0
1.27455,-1.07872,0
-0.06389,0.0625,0
0.93215,0.90419,0
-0.34948,-0.4907,0
0.24173,-0.20011,0
2.67439,-0.6332,0
1.40945,-0.43791,0
0.25971,-0.8732,0
0.93955,0.07438,0
0.85352,0.66185,0
1.72562,0.13632,0
3.21407,-0.95627,0
-0.3985,0.8102,0
1.88461,0.72499,0
2.65762,1.03333,0
-0.4492,-0.73532,0
3.1262,-0.74582,0
1.89384,0.19791,0
1.15127,0.80241,0
-0.19473,-0.94993,0
2.99929,0.4175,0
-0.22574,0.10767,0
1.91175,0.34582,0
2.24471,0.47069,0
2.28739,-1.11428,0
2.96828,0.842,0
-0.09774,0.39191,0
2.54199,-1.22237,0
2.98634,0.46172,0
-0.19168,0.8113,0
0.83495,1.19282,0
-0.01212,-0.66138,0
1.31452,0.99701,0
0.92659,0.40738,0
2.09091,0.72022,0
1.88936,0.53741,0
0.27506,-1.10366,0
1.08723,-0.77637,0
2.81972,0.60386,0
3.46078,0.99834,0
2.04346,0.25043,0
-0.44356,-0.68392,0
3.4753,-0.66773,0
0.30436,1.08097,0
-0.24775,0.46941,0
3.29399,-0.35623,0
0.30813,1.05003,0
1.40365,0.59557,0
-0.40872,0.58743,0
2.86758,1.11688,0
2.68643,-1.12034,0
0.52776,-0.30959,0
3.3171,0.29899,0
-0.48496,-0.44069,0
0.58588,-1.03699,0
3.20951,-1.01745,0
1.58211,-1.22248,0
2.1494,-0.71361,0
0.29597,-0.31855,0
2.80995,-0.57135,0
1.19918,-0.33835,0
0.26856,0.85241,0
3.25172,0.61873,0
1.23932,-1.11629,0
3.23873,-0.56173,0
0.47305,0.49897,0
1.89152,0.03,0
0.97113,-0.43548,0
1.246,0.8125,0
1.52861,0.49981,0
0.57116,-0.38391,0
2.85015,0.24477,0
-0.48422,-0.63298,0
0.35378,0.47379,0
3.06948,0.40228,0
1.30129,0.78635,0
1.44616,-1.12404,0
0.91552,-0.80597,0
2.74783,-0.67523,0
1.2877,0.53155,0
3.30213,0.59202,0
0.62219,1.19269,0
2.49212,0.22863,0
0.0846,-1.23854,0
1.69134,-0.41496,0
2.97443,-0.29973,0
1.05569,-1.21344,0
0.07953,-0.18753,0
2.50963,0.14682,0
1.94148,-0.65308,0
1.59631,-0.51528,0
2.86208,-0.88563,0
3.23276,0.64043,0
-0.25791,-1.08862,0
2.51123,-1.0016,0
2.77481,1.13765,0
2.60477,-0.86013,0
3.25922,0.71288,0
2.26827,-0.26397,0
-0.0956,-1.09952,0
0.87488,-0.39408,0
3.41182,-0.19519,0
1.37589,0.5641,0
-0.34593,0.76926,0
0.59456,-0.32765,0
2.63436,0.42168,0
2.96067,-1.19241,0
3.00108,0.49552,0
1.89356,0.04884,0
2.42808,0.28144,0
3.36635,-0.75869,0
0.95479,0.53443,0
2.59999,0.29887,0
2.97295,1.0789,0
-0.4717,0.78399,0
1.35839,1.09865,0
0.62496,1.02685,0
0.73649,-0.79173,0
1.75273,1.11687,0
3.26538,0.55187,0
2.45859,-1.17788,0
1.11922,1.00903,0
2.91447,-0.10947,0
1.13515,0.09361,0
2.04789,0.75168,0
1.89347,-0.9435,0
2.49483,1.11378,0
0.82217,1.19636,0
-0.47633,1.0821,0
-0.46743,0.83185,0
1.68739,0.76834,0
3.30473,0.66597,0
3.45093,-0.8256,0
0.94961,0.40353,0
3.0478,-0.7409,0
3.39537,0.96133,0
1.41083,-0.13384,0
1.52929,0.13037,0
3.25452,-0.03561,0
1.58764,-0.0999,0
1.4735,0.74834,0
-0.22088,-0.2388,0
3.42391,-1.00008,0
2.7762,-0.87351,0
1.16964,0.8698,0
0.3209,0.63937,0
0.85457,0.48356,0
0.7833,0.20859,0
0.66751,1.21086,0
0.22447,0.09369,0
2.38468,1.20117,0
0.79384,-0.44204,0
1.34636,-0.68029,0
-0.24231,-0.75039,0
2.92202,-1.00189,0
1.82361,-0.86239,0
2.32122,-0.72762,0
2.92504,0.93306,0
0.28928,1.19787,0
2.82836,-0.0141,0
0.47557,0.2352,0
-0.12168,0.42647,0
3.12256,-0.58032,0
2.51457,0.99806,0
0.23438,0.55463,0
2.17158,-0.16617,0
-0.03604,-0.81567,0
-0.46014,-0.24492,0
1.27224,0.42043,0
3.18717,-0.43949,0
0.46693,1.20013,0
2.58979,0.79586,0
0.21169,0.04382,0
-0.37822,-0.41991,0
1.55123,1.0855,0
0.48368,0.99737,0
2.69147,0.53364,0
1.46286,0.42633,0
0.31069,-0.71937,0
3.00544,1.0131,0
1.33758,-1.2261,0
0.0895,-1.0305,0
3.22825,0.89643,0
-0.40654,-0.71807,0
-0.30822,0.46395,0
0.50643,-0.21003,0
0.04294,0.01766,0
1.46569,1.1272,0
2.14604,-1.23717,0
1.64646,-0.66484,0
0.90256,-0.02073,0
3.28548,-0.63862,0
3.41042,-0.76199,0
1.39338,0.10871,0
1.71177,0.19363,0
-0.26371,-0.09356,0
2.20232,-0.84257,0
0.55505,0.1153,0
0.61853,-0.48031,0
2.98348,-0.5909,0
2.91594,-1.13913,0
0.44431,-0.74008,0
2.8539,0.18997,0
2.14899,-1.06994,0
0.13437,-1.04264,0
-0.45688,0.55215,0
3.36403,1.22155,0
0.69489,-0.41551,0
1.79593,-0.69876,0
2.41801,0.11134,0
1.03928,-0.51298,0
2.36437,-0.06008,0
2.98581,0.8563,0
1.04517,0.34957,0
1.19132,0.78729,0
-0.05419,-0.19607,0
1.11701,-0.22418,0
0.75348,-0.32639,0
2.83701,0.67022,0
3.34267,0.52237,0
2.64316,-0.84686,0
0.50915,0.77753,0
-0.09068,-0.28057,0
0.17605,-0.60845,0
1.84841,0.04685,0
0.94074,-0.62433,0
3.28814,-1.06547,0
1.12012,-0.81636,0
0.8185,0.93406,0
3.40463,-0.93245,0
3.23433,-0.57163,0
-0.43184,-0.47016,0
3.41141,0.76318,0
2.19741,0.35654,0
3.28058,0.13355,0
0.03388,0.42027,0
2.87894,0.46772,0
-0.19457,-0.78323,0
3.47596,0.08751,0
1.24178,-0.98105,0
0.94705,0.22436,0
0.85846,0.32536,0
3.16228,0.10862,0
1.08955,-1.20135,0
3.46534,-0.93097,0
1.30656,1.06104,0
1.23186,-0.73437,0
1.433,-0.69249,0
1.71491,-0.29567,0
-0.41296,-0.74094,0
2.49531,-1.13549,0
0.67945,-1.22055,0
-0.49008,-0.6955,0
-0.289,0.87457,0
-0.4751,0.69559,0
2.99357,0.37731,0
2.19974,0.6097,0
2.52591,0.92589,0
1.4699,0.05955,0
3.08459,-1.23646,0
1.73985,-0.6773,0
0.96538,0.05016,0
0.64759,0.10796,0
2.63982,-0.27509,0
0.52729,0.78469,0
3.21786,0.1999,0
-0.46986,0.45265,0
1.4823,-0.27504,0
-0.08714,1.21564,0
-0.46341,0.84704,0
2.3598,0.08329,0
1.32767,0.99052,0
0.61502,-0.0772,0
1.58057,-0.91936,0
0.66228,-0.71009,0
0.62491,0.20921,0
2.05252,0.94212,0
-0.47318,1.1226,0
1.62398,0.70969,0
1.71578,0.92106,0
3.39986,0.29647,0
2.47508,-0.17036,0
0.79551,-1.04557,0
2.79173,-0.24933,0
2.03229,0.27887,0
-0.41659,-0.79518,0
2.08748,-0.99919,0
1.65137,-0.02416,0
2.10774,0.89,0
0.90981,-0.1415,0
1.80975,0.33337,0
0.76594,0.84226,0
-0.17328,0.82007,0
1.06196,-0.00019,0
1.76376,-0.98449,0
3.31196,0.66199,0
0.37831,-0.63456,0
2.06347,0.83157,0
1.00685,-0.94814,0
-0.33369,-0.95961,0
-0.1938,-0.971,0
1.01363,-0.21492,0
1.8215,-0.95089,0
2.98242,0.2461,0
-0.09603,-1.22524,0
1.95172,0.96614,0
-0.26721,0.47826,0
3.27948,0.85481,0
2.07743,-0.0687,0
0.49584,0.29423,0
2.54718,0.8399,0
3.21044,0.69222,0
-0.27833,1.00464,0
-0.44415,1.01472,0
1.16532,-1.24138,0
0.51261,-0.69542,0
3.45295,-0.79524,0
1.27167,-0.76158,0
1.79841,0.34092,0
-0.49988,-0.67755,0
0.2101,0.76239,0
-0.0658,1.19612,0
2.9057,1.11791,0
0.32776,-0.47769,0
0.63665,-0.42155,0
2.87817,0.89492,0
3.42276,0.58953,0
-0.03267,1.20132,0
3.33634,1.04629,0
0.76424,0.55623,0
0.70613,1.02384,0
0.95226,-0.73839,0
0.45939,-0.94989,0
1.58263,0.4122,0
1.54137,0.4986,0
-0.49661,-0.26197,0
3.35108,0.34721,0
-0.00842,-0.10134,0
3.39416,0.25437,0
1.59908,-0.33791,0
3.1207,-0.83039,0
1.86351,0.78803,0
1.62359,-0.19691,0
3.01328,0.78298,0
-0.02714,0.9099,0
2.86166,-1.20757,0
1.97411,1.21915,0
2.23082,0.66213,0
2.68277,0.11503,0
2.46182,1.24254,0
3.24576,0.41075,0
1.17809,0.46121,0
-0.3789,-0.59129,0
0.70481,-0.15773,0
2.51454,0.52113,0
1.00302,0.40204,0
0.90993,0.18372,0
0.40305,-0.58058,0
0.5576,1.11227,0
-0.05481,-0.05685,0
3.21158,0.87775,0
2.26917,-0.19642,0
3.07943,-0.1557,0
0.87125,0.69461,0
0.63242,0.70014,0
0.89539,0.93486,0
1.84216,0.4287,0
2.12524,-0.96165,0
0.93388,0.40348,0
1.53502,0.76916,0
1.67659,-0.2318,0
2.91684,0.87295,0
1.07179,-1.00373,0
3.24635,-0.70258,0
2.15419,1.12114,0
1.80083,0.83576,0
1.18634,-0.11289,0
3.02418,0.61855,0
2.79309,-0.59786,0
2.92015,-0.58036,0
3.45954,0.12675,0
1.06594,0.61486,0
-0.33414,-0.43273,0
1.7125,-0.13651,0
3.39234,-0.34614,0
2.68465,-1.21985,0
2.96409,-0.19256,0
2.10689,1.0308,0
1.64417,0.79066,0
0.8137,0.56426,0
1.68847,0.0364,0
2.62157,-1.16594,0
-0.43609,0.08502,0
1.14234,-1.13682,0
3.05549,0.38862,0
-0.38209,0.33923,0
3.2467,-0.8597,0
2.93809,-0.72224,0
2.02553,1.17245,0
-0.23775,0.99358,0
2.64007,-0.85083,0
1.56275,0.59282,0
2.76352,-0.73393,0
2.26134,0.93127,0
0.74243,-0.50642,0
0.59797,1.12381,0
0.63744,0.40914,0
3.07749,0.03486,0
2.942,0.37436,0
0.70941,-0.55609,0
0.97625,0.41257,0
3.45954,-0.39089,0
1.68575,-0.85922,0
0.0492,-0.77435,0
3.03922,0.1925,0
3.34999,0.15239,0
0.40336,-0.37955,0
0.63602,-0.91844,0
0.1371,-0.07066,0
-0.1038,-0.65141,0
-0.07703,-0.4199,0
1.14831,0.12091,0
1.99559,-0.2783,0
-0.47894,0.11476,0
2.48456,0.67553,0
2.20017,-0.99097,0
2.30542,-0.39983,0
2.6544,0.46147,0
1.80671,0.24073,0
2.07254,-1.24253,0
3.12184,-0.1395,0
1.25571,-0.63323,0
0.40634,1.20842,0
0.67984,0.29076,0
-0.284,0.249,0
3.40589,-0.79709,0
2.11873,1.09304,0
0.3077,0.5205,0
0.05158,-0.07829,0
0.93758,-0.17871,0
0.70709,0.89693,0
2.32183,-0.4371,0
2.71388,0.75871,0
0.29525,-0.05847,0
3.23227,-0.93695,0
-0.4875,-0.88558,0
-0.47307,-1.21863,0
0.97228,-0.45681,0
0.08573,1.00814,0
2.30438,0.74816,0
1.54137,-0.17313,0
0.5603,1.01691,0
3.03777,-0.73818,0
3.26032,0.98276,0
1.74539,0.87582,0
-0.29635,0.16696,0
2.86495,-0.37927,0
2.20385,-0.3113,0
-0.01958,-0.41638,0
2.68028,0.19742,0
0.01255,-0.4818,0
-0.40742,1.20342,0
2.08491,-0.69567,0
1.0864,0.40264,0
3.45303,-1.12229,0
3.21955,0.31942,0
1.60795,0.86783,0
-0.22218,0.41699,0
2.65142,0.19531,0
0.14847,1.00769,0
0.02756,0.65508,0
3.39217,-0.00951,0
2.11266,0.28636,0
1.60144,0.94728,0
0.37979,1.12525,0
3.21389,0.77967,0
1.79064,-1.21702,0
1.80166,-0.04009,0
1.557,0.42305,0
2.62664,-0.38443,0
0.78058,-0.13265,0
0.52169,0.21237,0
2.30132,1.07592,0
3.45313,0.5077,0
-0.43371,0.53808,0
1.2959,-0.56788,0
3.03666,-0.74579,0
-0.32976,0.01778,0
1.94965,-1.18336,0
0.29973,-0.61262,0
-0.32272,-0.35071,0
1.52436,-0.17375,0
-0.41856,0.76086,0
3.05851,-0.35487,0
1.57504,0.42642,0
-0.10055,0.37981,0
-0.02248,-1.17401,0
1.66711,0.36164,0
1.52929,0.87667,0
2.2163,-1.1394,0
0.33919,0.2444,0
1.29252,-1.05141,0
-0.36609,-0.22188,0
3.35959,-0.96017,0
2.69925,0.14985,0
1.59487,0.75579,0
0.42265,-1.20821,0
0.70488,-1.00493,0
-0.46973,0.80473,0
3.48776,-1.03492,0
1.04359,-0.94276,0
2.9274,1.23612,0
0.88203,-0.27132,0
3.29405,0.51169,0
1.72193,-0.27172,0
1.40783,-0.72043,0
2.44236,0.67643,0
1.6422,-0.61595,0
2.30878,0.88085,0
1.69766,0.45613,0
2.00083,0.06065,0
-0.32722,-1.16924,0
2.83738,-0.30151,0
1.48407,-0.34554,0
1.06441,0.65013,0
1.33853,0.0913,0
1.38491,0.63051,0
0.76663,-0.47971,0
0.24792,0.13973,0
1.05209,0.58621,0
-0.33999,0.05823,0
1.79914,1.01704,0
3.26872,0.91863,0
0.73968,0.5786,0
0.55511,1.06795,0
3.37225,0.88154,0
2.10944,-0.24457,0
3.34189,0.77795,0
2.72172,-1.24393,0
0.2058,0.68105,0
3.31842,1.06679,0
2.65871,-0.28968,0
3.27784,0.4874,0
0.26695,-0.36186,0
2.18712,-0.41409,0
2.91789,0.06324,0
3.36506,-1.01467,0
1.03255,-1.04714,0
2.18558,0.95789,0
-0.06096,0.43672,0
2.98165,1.08688,0
2.80462,-0.08664,0
2.80818,0.29479,0
0.41284,0.04872,0
0.37235,0.24323,0
2.41415,0.69112,0
0.36864,0.21286,0
0.10076,-0.86174,0
2.24619,-1.17804,0
-0.09427,-0.03723,0
0.13256,1.24377,0
0.83451,0.79116,0
2.78678,1.21902,0
2.3415,-0.40086,0
1.20652,0.20752,0
-0.44651,-0.8775,0
3.00049,1.007,0
1.72601,0.56523,0
2.44128,0.93878,0
2.26826,1.18515,0
0.03677,1.10232,0
2.80147,-0.64842,0
3.31217,1.12737,0
1.97985,0.0279,0
0.07154,-1.04079,0
1.33292,0.10408,0
0.85607,-0.73764,0
0.42932,-0.47743,0
2.11721,-0.26211,0
1.19131,-0.06369,0
1.66889,-0.53425,0
0.84938,-1.03973,0
3.37465,-0.82626,0
3.22427,0.24875,0
1.26925,-0.34113,0
0.6551,-0.12947,0
0.93008,-0.58194,0
2.29806,0.77705,0
1.49718,0.29386,0
2.75112,-1.21173,0
3.26832,0.27795,0
2.45528,-0.56878,0
0.12591,0.9533,0
3.17016,0.80204,0
0.67716,-0.66759,0
0.97099,1.00988,0
-0.04231,-1.22425,0
0.06285,-1.02219,0
0.49744,-1.16268,0
0.21473,-0.18831,0
-0.25022,0.60985,0
0.39197,-0.30077,0
2.90172,1.06648,0
0.12774,-0.95407,0
1.96584,-0.70202,0
2.87057,-0.71773,0
0.76102,-0.72011,0
0.26364,-1.1893,0
2.72636,-1.11974,0
2.14493,-1.07986,0
0.17962,0.07485,0
0.07779,0.24565,0
-0.05684,0.03118,0
1.82105,0.16306,0
2.66624,-0.03159,0
1.63354,-0.22485,0
1.68936,0.43247,0
1.25156,0.37347,0
0.48033,1.04762,0
-0.13857,0.65029,0
2.60919,-1.12164,0
3.41782,-0.73429,0
1.52949,-0.93833,0
1.22085,-0.43317,0
1.65543,0.66271,0
0.56453,1.11617,0
1.71048,-0.82383,0
0.82933,0.92145,0
3.20745,0.06494,0
0.38892,0.64501,0
0.04972,-1.02078,0
0.9156,0.03685,0
1.31399,-1.12594,0
2.18327,-1.01574,0
2.91534,0.94487,0
2.85839,-1.11238,0
1.07686,1.04346,0
2.88656,0.76315,0
0.12062,0.17219,0
1.06505,0.82368,0
1.11484,-1.24346,0
2.54294,1.10259,0
0.18657,-0.60767,0
1.93563,0.90117,0
2.94405,-0.72118,0
0.05704,-0.30003,0
1.21185,-1.0993,0
1.36123,1.11556,0
2.87991,1.06996,0
3.45483,-0.25094,0
3.23845,-0.74091,0
1.1706,-0.35354,0
0.86826,-0.27971,0
1.11514,1.06503,0
0.31662,0.22082,0
1.20526,1.24706,0
2.00157,0.65748,0
2.04414,-1.10983,0
1.08348,-0.3925,0
2.60001,-0.77525,0
1.4002,0.28801,0
1.7511,-0.33069,0
-0.44884,-0.43664,0
-0.17988,0.19736,0
3.1231,-0.18344,0
1.30061,-0.5087,0
0.74264,-0.83484,0
0.67325,0.14485,0
2.72353,0.42285,0
3.13828,1.16839,0
1.09945,0.61597,0
-0.26145,-0.98374,0
1.58302,0.10111,0
3.42986,-0.37637,0
1.66751,1.22274,0
-0.3048,-0.03485,0
0.66681,-0.92493,0
2.53206,-0.20541,0
1.6894,0.18171,0
2.18658,-0.15068,0
0.92362,0.04609,0
2.51045,-0.56026,0
0.76057,0.35738,0
2.87479,0.80218,0
2.14233,0.33406,0
-0.45869,0.74474,0
0.22593,-0.79428,0
0.35504,-0.24599,0
-0.01032,0.44377,0
0.71115,-0.54593,0
1.21814,-0.82491,0
-0.24335,-0.03502,0
0.2768,0.40253,0
2.4096,-0.743,0
2.31255,0.8176,0
1.10608,0.16365,0
3.43349,0.00078,0
-0.47545,0.96404,0
3.47106,-1.13288,0
0.24971,-0.02488,0
1.14599,1.18871,0
1.65506,-1.13439,0
2.60443,-1.21956,0
0.43383,0.36608,0
0.90515,0.63465,0
2.41054,-0.71883,0
0.99647,-0.47257,0
1.42798,-0.66836,0
1.01824,0.15266,0
1.00288,0.6934,0
0.86918,-0.49759,0
0.8399,-0.23724,0
0.7145,-0.21819,0
-0.41554,-0.19494,0
1.22409,-0.0549,0
3.20934,-0.5486,0
-0.08847,0.15576,0
2.99924,-0.32099,0
1.74002,0.00865,0
2.61536,0.77711,0
3.11676,0.38024,0
0.23039,-0.05165,0
0.03715,0.60313,0
2.11516,-0.70956,0
0.24599,0.58711,0
0.78383,0.02487,0
1.65155,0.31092,0
-0.16562,-0.98463,0
-0.09188,0.43837,0
3.47228,-0.84366,0
0.43809,-0.83132,0
1.21704,-0.38659,0
2.16207,-1.14298,0
1.74295,0.04186,0
1.28666,-0.06216,0
2.81405,0.89183,0
3.11676,-0.50498,0
0.99051,1.1488,0
3.02822,-0.50285,0
1.08741,0.40629,0
1.9757,0.08867,0
0.5026,-0.59242,0
1.39824,0.61,0
1.08873,0.9815,0
2.20681,0.83332,0
0.36313,-0.11953,0
1.5095,-0.01146,0
2.28077,0.83581,0
0.82534,-1.04983,0
2.6764,-0.34905,0
2.17284,-0.64556,0
1.54772,-0.10614,0
0.43421,1.03992,0
1.92762,0.84926,0
0.63836,-0.28775,0
-0.1528,-0.69749,0
2.09504,-0.18412,0
0.21041,-0.55579,0
0.78235,-0.29643,0
3.46768,-0.94197,0
0.04482,-0.91339,0
-0.43761,-0.5614,0
3.08932,0.93208,0
1.58387,-1.22568,0
0.44644,-0.75498,0
3.3745,0.96941,0
0.71612,0.81306,0
2.081,1.16681,0
0.53964,0.83022,0
2.78301,-0.31982,0
2.87172,-0.51861,0
0.76295,0.49223,0
1.5712,-0.64119,0
0.19028,0.51351,0
0.37922,-1.00636,0
2.30005,-0.51313,0
1.52636,-0.10134,0
3.23856,0.0966,0
3.24712,-0.02047,0
0.69973,1.13525,0
3.11299,1.09648,0
1.22604,-0.45786,0
1.73082,-0.6814,0
0.71242,0.38323,0
0.04171,-1.0632,0
2.71698,-0.71389,0
1.71049,0.86944,0
3.33682,0.97113,0
0.37757,1.10755,0
-0.47788,0.04573,0
2.88996,0.98009,0
1.61729,1.0504,0
1.31496,-0.0648,0
1.87403,-0.40828,0
2.48922,-0.00248,0
0.45737,0.83847,0
-0.31324,1.18019,0
2.39397,-0.79571,0
0.90955,-1.06429,0
2.01982,-0.73392,0
2.05476,1.24535,0
0.94274,0.64721,0
0.44288,0.51203,0
0.26523,0.90068,0
2.93495,-1.05189,0
1.90975,0.39081,0
3.21869,0.69527,0
0.52044,1.06829,0
-0.35172,-1.17705,0
-0.31878,-0.80441,0
0.28829,-0.19657,0
1.57139,1.15901,0
2.48624,-0.32276,0
0.33839,-1.00906,0
0.84137,1.01016,0
-0.29975,0.22647,0
0.42705,-0.83452,0
0.49029,0.15739,0
1.13384,0.5275,0
3.18685,0.25426,0
0.06923,-0.99181,0
1.44019,-0.19189,0
2.29222,-0.98161,0
1.82327,1.19658,0
2.95052,0.00302,0
3.09164,-0.79937,0
2.32433,-1.05384,0
0.58956,0.50286,0
-0.49673,-0.6852,0
2.13765,-0.04763,0
1.73627,0.56694,0
3.16162,-0.28207,0
2.22367,-1.24304,0
0.89008,-0.90211,0
1.73215,1.03283,0
-0.4905,-0.20407,0
2.11314,0.68423,0
2.47188,-0.82949,0
2.31017,-1.22514,0
1.99661,0.09744,0
1.42258,1.06685,0
3.43171,-0.48474,0
3.17675,0.47481,0
2.76383,-1.03482,0
1.80964,-0.67245,0
1.41443,-0.95949,0
0.74329,-0.74178,0
-0.02642,-0.05756,0
2.10259,1.1446,0
0.14448,-0.88004,0
1.01662,1.02901,0
3.48221,0.57604,0
0.91833,-0.81717,0
-0.19136,-0.71274,0
3.23054,0.0949,0
2.39831,-0.60264,0
1.50471,0.32893,0
1.03657,-0.37934,0
2.41344,-1.17264,0
0.99126,-0.0382,0
1.35828,-1.10166,0
-0.13791,0.43971,0
3.26584,0.97161,0
1.60807,-0.46055,0
1.94851,-0.63779,0
2.30953,-0.17494,0
2.54616,0.1886,0
2.0361,-0.15882,0
0.07272,-0.56902,0
2.94055,1.15795,0
2.72021,-0.35835,0
-0.21146,-0.08741,0
2.84342,0.84176,0
0.62823,0.80376,0
3.01758,-0.50223,0
2.94178,0.85172,0
0.71638,-0.17999,0
-0.30438,0.64928,0
0.48161,1.14393,0
-0.30364,-0.72301,0
1.31231,1.20312,0
0.78803,-1.12141,0
2.85752,0.13312,0
1.08164,-0.66257,0
0.47482,-0.37959,0
2.29506,0.08331,0
2.8684,0.95598,0
2.3556,1.17338,0
0.12987,-0.77192,0
-0.28614,-0.88804,0
3.01074,0.52319,0
1.5768,1.11816,0
1.08617,-0.92605,0
3.48909,0.87726,0
2.98757,-0.11526,0
1.32772,-0.49499,0
1.45843,-1.16464,0
1.85388,-0.94025,0
1.13191,0.77606,0
2.77687,0.57113,0
2.27647,-0.55468,0
0.46638,1.22499,0
1.83316,-1.06792,0
0.07584,-0.4233,0
3.01918,0.52339,0
2.08682,0.52724,0
0.71024,0.59611,0
0.12595,0.48709,0
3.39002,-0.51733,0
0.39953,0.33379,0
2.60689,-0.44047,0
2.41253,-0.56477,0
0.04922,0.48225,0
0.52624,-0.0967,0
-0.28453,-0.70783,0
0.73392,-0.43239,0
-0.43406,-1.11437,0
0.25074,-0.9631,0
2.82336,-0.24544,0
2.28345,-0.57332,0
0.11398,0.00917,0
2.65803,0.8488,0
1.67731,0.5518,0
-0.42234,-0.87159,0
3.01622,0.36576,0
3.1307,-0.19069,0
1.14464,-0.4978,0
2.58006,-0.08291,0
3.33892,0.52461,0
1.74087,0.08964,0
0.65005,-0.57569,0
1.13892,0.10167,0
0.42925,1.18217,0
1.1836,-0.49709,0
3.16666,0.97112,0
0.9167,-0.36779,0
0.33019,-0.27298,0
1.17879,-0.0147,0
1.05483,-0.05262,0
2.9791,0.97432,0
0.63665,0.70555,0
1.93129,0.93452,0
0.85058,-0.77805,0
0.10674,1.13536,0
0.94804,-0.75224,0
1.50843,-0.0246,0
2.48729,0.64622,0
1.65566,-0.09968,0
3.49519,0.40724,0
0.48344,0.24481,0
2.80941,-0.39058,0
3.47543,-0.60369,0
1.89867,0.7561,0
3.03104,1.12875,0
0.01332,0.5894,0
3.16349,0.07556,0
1.76811,0.71806,0
0.3538,1.04533,0
2.40462,1.06495,0
0.9956,0.53399,0
2.10413,1.05453,0
0.16963,0.6195,0
3.21131,0.55586,0
1.26767,-0.60257,0
1.03165,0.31604,0
2.361,-0.91613,0
3.25202,-0.80378,0
1.2321,0.71477,0
0.07076,-1.07804,0
2.18684,1.21088,0
-0.27832,-0.42712,0
-0.42452,-0.55452,0
0.4343,0.12027,0
1,-0.92211,0
2.01923,0.73668,0
3.32744,0.11016,0
2.78635,0.84451,0
3.11512,-0.46789,0
1.19122,0.36844,0
2.14274,-0.61724,0
0.69483,1.05446,0
1.41498,1.23387,0
0.71546,-0.43646,0
2.72772,-0.61999,0
1.41305,1.20551,0
2.81699,0.09342,0
0.33194,0.30607,0
1.29018,-0.56758,0
1.9393,-0.94289,0
-0.01395,0.5119,0
3.47581,-1.15487,0
0.72595,0.29668,0
0.03344,0.54059,0
0.66618,-0.38204,0
2.8024,-0.57718,0
1.24429,0.5294,0
3.11009,0.01714,0
1.14349,-0.65422,0
0.14958,-0.22548,0
0.60844,0.38427,0
1.0593,-1.24945,0
0.10427,-1.18453,0
1.23262,0.10137,0
1.53514,0.86718,0
-0.28703,-1.08913,0
0.99783,0.61854,0
2.33231,0.48535,0
2.42212,-1.2378,0
2.38778,-1.13692,0
1.28946,-0.32871,0
-0.08752,0.37118,0
0.72996,0.11357,0
-0.30517,-0.82135,0
0.44914,-0.7671,0
3.03834,-0.97006,0
2.02665,0.34767,0
-0.4464,0.96153,0
0.13602,0.42823,0
1.80586,0.46053,0
0.87411,-0.62492,0
0.73973,0.20405,0
1.85342,-0.43965,0
0.41642,0.90256,0
0.15504,0.75522,0
0.42035,0.96408,0
1.7462,0.23998,0
0.27244,-0.7604,0
3.27072,1.24947,0
0.86652,0.22611,0
3.17445,0.82103,0
2.00796,-0.87783,0
2.45257,0.03316,0
0.34124,0.35612,0
2.40159,-0.84521,0
0.74255,-0.45588,0
1.19038,-0.41117,0
1.45282,0.7666,0
1.41592,-0.20392,0
0.30858,-0.03316,0
2.91772,0.24351,0
1.36964,-1.04579,0
1.64111,0.71799,0
1.52939,-0.46979,0
0.49022,0.80247,0
0.92939,-0.5546,0
0.65715,-0.24177,0
2.09085,0.07086,0
1.19045,0.90968,0
0.80343,0.02574,0
1.54469,0.64083,0
1.1232,-0.40122,0
3.38949,-1.15685,0
-0.12034,1.18131,0
3.23761,0.08263,0
2.34747,1.11174,0
2.18375,1.07602,0
0.50143,0.3003,0
1.61151,-0.0642,0
1.25249,-0.56244,0
3.49767,0.06524,0
3.41482,-0.14441,0
1.23478,1.24392,0
0.09577,0.70192,0
2.26298,-0.26316,0
0.62494,-0.32068,0
2.92972,0.90008,0
1.65045,-0.59623,0
1.87406,0.35288,0
2.18068,-0.05658,0
1.5731,-0.04628,0
-0.27502,0.84753,0
2.31469,-0.3177,0
3.12373,-0.41296,0
0.09918,0.32293,0
2.58172,0.14435,0
-0.40378,-0.64892,0
0.65959,0.90923,0
2.24495,0.06658,0
2.31747,-1.06315,0
2.85794,0.65726,0
3.28339,0.13648,0
1.84145,-0.42336,0
0.8702,-0.0922,0
1.052,-0.07045,0
-0.16176,-0.91203,0
0.4481,0.26675,0
-0.41209,0.45551,0
0.74296,-1.03655,0
-0.21892,0.43527,0
1.49106,0.80208,0
2.46581,0.17397,0
2.79598,0.84113,0
-0.49261,1.16526,0
3.26567,-1.23532,0
1.13413,0.96323,0
2.47296,-0.09046,0
1.88848,0.65929,0
-0.03454,1.01855,0
-0.1921,1.00012,0
0.11659,0.72883,0
1.03334,-1.19449,0
-0.04589,0.10831,0
-0.0064,-1.20445,0
1.14288,0.59683,0
2.37954,-0.00033,0
0.15326,-0.81858,0
3.35187,-0.79054,0
3.08589,1.20051,0
-0.20326,1.22777,0
1.95624,0.68396,0
1.10602,-1.12309,0
3.26672,0.7326,0
2.6261,-0.59772,0
0.30689,0.48082,0
0.61507,0.09336,0
3.28699,-0.44809,0
0.07243,-0.74362,0
0.88118,0.8379,0
3.38985,-1.01669,0
1.52818,-1.06039,0
0.34422,-0.81507,0
0.92558,-1.17133,0
0.86749,0.9462,0
2.46131,0.18692,0
2.7096,-1.19482,0
0.08315,-1.07876,0
1.82393,-1.16617,0
2.25053,0.07303,0
2.56023,0.12314,0
2.04783,0.47073,0
2.44532,1.24107,0
0.58585,0.8289,0
0.7125,0.75371,0
2.99988,0.86587,0
1.49824,0.46889,0
-0.1695,-1.1535,0
1.36624,1.21543,0
2.6963,-1.02965,0
1.02236,-0.20402,0
1.34485,1.07172,0
0.19218,0.72581,0
1.35356,0.03639,0
0.82373,0.12014,0
2.66302,1.24304,0
1.28805,-0.94405,0
2.79765,-0.65321,0
0.85355,-0.14333,0
-0.40593,-0.93426,0
0.82656,0.37359,0
-0.41272,-0.33101,0
-0.27684,0.82757,0
3.16313,0.65991,0
1.0979,1.11064,0
2.17948,-0.78636,0
-0.28449,-0.49619,0
2.22845,-0.42063,0
1.80123,0.20578,0
0.59192,0.96826,0
0.27355,0.52752,0
3.06251,0.15637,0
0.4818,0.57754,0
-0.26116,-1.24226,0
-0.4718,0.2632,0
1.91946,-1.24759,0
3.38158,-0.50985,0
3.14405,0.70733,0
2.77897,-0.14511,0
1.15527,-1.16223,0
2.9401,0.29964,0
0.44462,-1.0801,0
-0.19329,-0.62731,0
-0.02134,-0.15952,0
1.67203,-0.16873,0
-0.42923,-0.70747,0
2.92165,0.03123,0
1.95871,-0.3159,0
2.89226,0.64298,0
-0.26326,0.47166,0
0.90308,1.24975,0
2.83734,-1.19376,0
-0.45601,0.07603,0
1.74013,0.99031,0
-0.18195,-0.76138,0
2.12968,-0.32412,0
0.79524,0.49918,0
1.75558,-0.18409,0
0.13624,0.84557,0
0.46072,-0.13546,0
1.96101,0.89811,0
1.87885,0.44401,0
3.24061,-1.09074,0
0.65059,0.02809,0
1.80618,-1.02358,0
3.4471,0.59868,0
0.72311,-0.82243,0
0.97819,0.34806,0
0.92437,0.59539,0
0.11053,0.11642,0
3.3722,0.32198,0
1.92205,0.5051,0
3.27272,0.18367,0
-0.26413,0.03773,0
1.72744,0.99358,0
1.59734,1.22248,0
1.56389,-0.08084,0
0.54655,-0.51885,0
3.11977,-0.16701,0
0.11308,0.59337,0
0.05572,0.40685,0
-0.4133,1.13892,0
2.01668,-1.06132,0
2.12007,-0.84425,0
-0.02733,0.23726,0
2.56229,-0.32216,0
2.68512,1.02991,0
2.03706,1.08774,0
2.36206,-0.58415,0
1.48797,0.25437,0
3.21112,-0.03724,0
0.64293,-1.10944,0
1.27144,-0.39108,0
0.28114,1.20073,0
3.41171,-0.19218,0
0.03432,-0.50902,0
1.01149,-0.48716,0
3.37742,-0.48733,0
2.727,0.67959,0
3.21421,0.838,0
0.99328,0.52054,0
0.25498,0.59973,0
1.38686,0.49627,0
0.40123,-0.02581,0
1.26611,0.03035,0
3.19352,-1.00524,0
2.96797,-0.73013,0
2.46438,-0.20183,0
-0.07402,-0.17436,0
0.65557,0.29918,0
2.74081,0.60986,0
3.32643,-0.14516,0
0.18592,-0.16824,0
1.83171,0.77591,0
0.30533,-0.11241,0
0.13665,-0.03906,0
0.5387,-0.99373,0
-0.09627,-0.46466,0
1.92795,-1.10901,0
2.75137,1.19317,0
0.50536,-1.1725,0
1.91877,-0.12702,0
-0.20802,0.41495,0
0.89408,-0.3485,0
1.77083,-0.96305,0
3.03566,-0.28888,0
0.50911,0.26928,0
2.45237,-1.11554,0
2.57896,-0.24839,0
0.27351,1.24695,0
1.82814,-0.43016,0
0.72642,0.24812,0
1.40056,0.36445,0
0.53984,-0.53682,0
3.28261,1.10028,0
0.35845,-0.3673,0
3.08975,0.85386,0
2.59757,1.20276,0
3.22505,-0.39749,0
0.66613,0.34608,0
0.41052,0.66394,0
1.69671,0.53828,0
0.70012,0.74815,0
0.29987,1.16114,0
2.84121,-0.62901,0
2.86584,0.2319,0
0.38981,0.19476,0
3.21234,-1.18511,0
-0.35448,-1.15279,0
2.61565,0.12445,0
-0.02267,-0.03458,0
2.48443,-0.53844,0
0.07302,0.10586,0
1.29764,-0.97963,0
1.67422,0.56767,0
2.7029,0.493,0
1.79248,0.71456,0
-0.0896,-1.10522,0
0.94743,-0.36579,0
1.73849,-1.19076,0
3.43357,0.30693,0
2.90174,-0.99743,0
2.9443,-0.02281,0
3.3428,0.62236,0
0.62392,0.49071,0
-0.06873,0.24966,0
0.72629,-0.14203,0
-0.48295,-0.15116,0
0.82119,0.60422,0
3.16234,-0.89988,0
1.18068,-0.37667,0
0.24185,0.05615,0
1.48462,-1.22234,0
2.15594,0.09383,0
0.83402,0.65052,0
2.68503,-1.19542,0
0.55814,0.69961,0
2.81385,0.49071,0
3.06507,0.81239,0
0.39438,0.70821,0
1.31721,-0.541,0
3.06905,0.71492,0
3.0879,-1.08838,0
-0.45397,-0.21152,0
-0.3337,0.88523,0
1.49042,0.46613,0
-0.29387,0.86223,0
1.08609,-0.00254,0
3.42477,-0.2365,0
1.0634,-0.6512,0
3.49614,-0.39471,0
-0.47389,-0.66138,0
2.15475,-0.37739,0
0.67762,0.44162,0
2.27254,-0.88392,0
3.01716,-0.58043,0
0.6347,0.76131,0
3.12181,-1.11715,0
0.33933,-1.01286,0
-0.49859,-0.09533,0
0.61699,1.13608,0
0.2542,-1.16861,0
0.97111,-0.81969,0
0.82581,0.49443,0
1.61717,-0.70854,0
-0.05017,0.7015,0
0.66061,0.9342,0
2.85696,-0.49381,0
1.48583,1.10431,0
2.89634,0.47515,0
1.93456,-0.70144,0
2.41583,0.12328,0
1.5465,-1.11678,0
1.90956,-0.6085,0
1.54672,-0.05277,0
2.66649,0.99108,0
0.1758,1.20308,0
0.47107,0.3268,0
3.21285,0.17546,0
1.55361,-0.41516,0
1.5844,-0.28664,0
1.67387,0.34347,0
1.08587,0.83856,0
2.83247,0.46304,0
2.9586,-1.04085,0
2.04881,-1.0768,0
3.04553,-0.30919,0
0.2339,0.95554,0
1.71399,-1.00204,0
1.36864,0.58856,0
1.63066,0.61522,0
1.58988,1.12683,0
3.02643,-0.0554,0
0.69092,1.03901,0
0.1992,0.78739,0
2.26477,-0.45371,0
3.14652,-0.21143,0
3.27127,-0.76865,0
0.98538,-0.03864,0
1.80047,-0.37177,0
0.00777,0.43235,0
3.21132,1.12974,0
3.34626,-0.82712,0
1.87478,-0.30821,0
-0.39562,0.52186,0
-0.39411,0.9218,0
-0.01402,-0.24514,0
2.27176,0.58848,0
3.47509,0.73245,0
0.84281,-1.05875,0
-0.19854,-0.80439,0
-0.28878,-0.33421,0
1.83777,-0.70755,0
1.42314,-0.80116,0
0.9608,0.29973,0
2.4635,-0.05843,0
1.60058,-0.14831,0
-0.13203,0.42632,0
-0.22828,0.07542,0
-0.45383,0.34914,0
1.854,-0.45896,0
-0.18288,-0.3407,0
1.98901,-0.54544,0
3.14602,-0.87037,0
0.96853,0.01252,0
0.2349,1.21805,0
3.00439,-0.78468,0
0.42017,-0.89859,0
1.5228,-0.58923,0
0.13618,-0.83965,0
2.35183,-0.36644,0
2.7254,1.12533,0
-0.48162,-0.57339,0
0.49665,-0.78843,0
0.45015,-0.43562,0
3.24819,-0.82749,0
0.08375,0.31908,0
1.56828,0.32285,0
0.51568,-1.15313,0
3.13934,-0.61511,0
0.03766,0.41802,0
1.61287,0.83452,0
3.3503,-0.54065,0
1.22221,-0.19808,0
0.5577,-0.73564,0
2.09547,0.36414,0
0.62958,1.24206,0
0.75427,-0.59534,0
1.68306,0.22623,0
0.43312,-0.67843,0
0.10887,0.10441,0
0.8203,0.32229,0
2.4072,0.39655,0
1.85554,0.18958,0
2.22298,0.90704,0
-0.03361,1.24776,0
2.3642,1.04507,0
0.23764,0.8043,0
0.63032,0.8517,0
1.64998,0.0852,0
0.90626,1.02025,0
0.93134,-0.31403,0
0.31067,-0.14072,0
2.25662,0.44401,0
-0.02825,0.39778,0
0.75475,0.80554,0
2.98721,-0.88808,0
1.86525,-0.2072,0
2.26448,-0.14274,0
0.68133,0.69344,0
3.32181,-0.00177,0
1.90216,0.20774,0
1.25735,-0.96219,0
0.6392,0.22711,0
2.10362,-0.99085,0
0.863,0.95081,0
2.35418,0.67317,0
1.75077,-0.75751,0
1.86008,-0.00513,0
2.03279,1.15227,0
0.13363,0.95047,0
2.83797,1.00347,0
1.4538,0.6606,0
-0.14634,-1.21986,0
2.17442,0.96511,0
2.68599,0.18769,0
1.40982,1.18774,0
3.05852,-0.27365,0
2.81822,-1.02068,0
0.63664,-0.81574,0
2.05665,-1.03304,0
1.91674,-0.08737,0
2.44214,-0.67308,0
3.34851,1.23243,0
2.17717,-1.13005,0
-0.23644,0.05617,0
1.67218,-0.93314,0
3.41053,-0.13468,0
1.86947,-0.96542,0
0.27356,0.00785,0
1.72383,0.78792,0
2.15079,-0.78133,0
1.01565,-0.61059,0
2.21624,0.47798,0
-0.42571,-0.90646,0
2.61273,-0.66413,0
0.24317,0.64811,0
3.4589,0.45154,0
1.55168,0.32318,0
0.03994,-0.47104,0
2.30781,-0.80131,0
1.40596,-0.55509,0
0.24648,0.8727,0
3.29625,-1.17042,0
0.64414,-0.85593,0
2.27109,-0.4846,0
3.49374,-0.38574,0
1.73766,0.02227,0
2.93572,1.20775,0
0.78576,0.9106,0
2.18496,-1.14733,0
1.94849,0.4551,0
2.69208,-0.89988,0
1.92238,-0.37591,0
2.63709,-0.65747,0
3.38065,-0.97051,0
-0.07575,-0.42709,0
1.49398,0.53546,0
-0.08253,-0.95706,0
3.4303,-0.6512,0
-0.43067,0.90759,0
0.331,-0.26114,0
0.9514,-0.99288,0
3.08802,1.09647,0
2.16644,0.56781,0
1.14643,0.54374,0
-0.3968,-0.51568,0
3.42269,-1.08139,0
1.54774,0.46787,0
0.34191,-1.12487,0
3.35508,-0.16336,0
0.58394,0.1894,0
3.29559,0.61423,0
1.0151,-0.8237,0
2.56872,1.21507,0
1.49054,-1.24006,0
0.2722,-0.93637,0
1.02752,-1.03776,0
2.37889,0.65988,0
0.77917,-0.88529,0
3.31801,-0.79866,0
0.05348,-0.7356,0
0.41936,-0.1606,0
1.82676,-0.45897,0
-0.13721,0.17211,0
2.95466,-0.84767,0
1.83569,1.1486,0
2.47646,1.19608,0
-0.12785,-0.60709,0
1.48633,-0.12372,0
0.97507,-0.10166,0
3.04792,0.57367,0
1.41946,0.05477,0
1.30509,-0.09464,0
1.21221,1.0427,0
0.31975,-0.89173,0
2.7164,-4e-05,0
2.12595,0.21723,0
-0.30683,0.56812,0
0.78714,1.15904,0
3.25985,-0.47704,0
1.39447,-0.40881,0
3.30658,-0.52154,0
0.65683,0.85123,0
0.76245,0.20058,0
1.1397,0.9482,0
-0.23758,-1.09253,0
0.36762,-0.21655,0
2.31549,1.1315,0
2.75891,-0.10601,0
2.65016,-1.10523,0
1.15393,1.01511,0
0.81406,-0.68995,0
3.0068,1.0159,0
1.4414,0.61435,0
2.21423,-1.02446,0
3.12792,-0.3144,0
0.14032,-0.8279,0
1.72712,-0.84858,0
1.0851,1.04643,0
0.4914,-0.96225,0
2.23887,0.12919,0
1.76704,0.84027,0
1.26674,0.79279,0
1.73489,0.03004,0
3.23702,0.75949,0
-0.05357,-0.06938,0
1.08197,1.00622,0
3.25648,-0.13455,0
0.22742,-0.09834,0
1.89595,1.2295,0
0.31652,-0.32088,0
0.37323,0.24261,0
-0.26814,0.76797,0
0.49513,-1.19587,0
0.19698,0.79523,0
1.81728,-0.05044,0
0.41774,0.48809,0
2.61948,0.58124,0
2.77672,0.175,0
1.82733,-0.53643,0
2.06606,0.85764,0
-0.15544,-0.12236,0
2.26888,1.03196,0
0.04221,-0.87561,0
1.13684,0.32534,0
1.8479,0.43812,0
0.30347,-0.83011,0
0.74303,-0.10506,0
1.16019,-0.14031,0
1.64162,0.01581,0
2.36168,0.92776,0
1.63783,-0.42104,0
0.51954,-0.39016,0
1.59517,-0.38953,0
1.00287,-0.44301,0
0.32289,0.6941,0
-0.4309,-0.23002,0
1.2757,-1.1764,0
1.5528,-0.08954,0
-0.35524,-0.20542,0
3.03043,0.8815,0
1.13115,-0.8508,0
2.17023,-1.14996,0
0.90185,0.62053,0
1.01149,1.07998,0
2.18612,0.88913,0
3.27998,-1.23918,0
0.8531,-0.78296,0
2.43521,-0.47952,0
2.25053,-1.0812,0
3.18211,0.00343,0
3.41738,0.98189,0
1.22195,-0.05565,0
-0.19586,-0.82956,0
-0.36112,-0.66354,0
2.62417,-0.77157,0
1.74775,0.94207,0
1.48072,-0.98087,0
0.11605,1.23907,0
2.70762,1.24286,0
-0.4773,0.99211,0
0.8064,-1.07332,0
-0.33406,-1.05011,0
1.11763,0.29242,0
2.17421,0.19741,0
1.55311,1.05945,0
3.48376,0.3792,0
1.99211,-0.04593,0
2.24718,-0.49846,0
0.6329,-0.51979,0
0.6863,-1.24704,0
-0.35157,0.49534,0
2.50059,-0.21853,0
2.51995,0.32405,0
-0.06565,-0.52129,0
1.46104,0.67249,0
1.66172,-0.21459,0
2.97743,0.45817,0
0.3738,-1.16148,0
-0.2077,-0.85692,0
-0.27533,-0.95953,0
-0.01389,1.10232,0
3.38291,-0.13474,0
-0.08893,-1.06612,0
0.83863,-0.68316,0
1.03939,-0.86815,0
0.5527,-1.15503,0
1.44891,-0.49051,0
3.4003,-1.04442,0
0.7456,-0.05081,0
0.8583,0.85253,0
1.98676,1.16026,0
2.33233,-0.83782,0
1.67849,1.21536,0
1.38794,-0.39431,0
2.07797,1.19003,0
2.64159,0.56167,0
0.60098,0.08654,0
1.96405,-0.3532,0
1.19439,0.3252,0
1.85123,-0.90089,0
-0.3034,-0.06297,0
1.1606,0.01679,0
3.43143,-1.17665,0
-0.32908,-0.83769,0
3.19974,0.81495,0
-0.1186,-1.07456,0
-0.44812,0.3991,0
2.35117,-0.50786,0
2.98413,-1.23978,0
2.43352,0.984,0
2.63327,0.76454,0
0.29573,1.19831,0
1.97632,-1.21655,0
1.17682,1.04735,0
3.25045,-0.87481,0
2.55797,0.81782,0
0.7847,-1.12772,0
1.85982,-1.10306,0
0.15851,-0.24808,0
1.29991,-0.63522,0
2.46077,-0.22887,0
1.64379,0.72638,0
2.93056,0.90163,0
1.06891,-1.18677,0
0.81873,0.91276,0
2.51898,-0.43387,0
1.79916,-0.16234,0
0.14794,0.73126,0
1.97318,-0.72942,0
3.32192,0.40168,0
0.06013,-0.82096,0
3.28273,-0.54663,0
3.24474,-0.42018,0
2.42363,-0.10395,0
0.20146,0.47025,0
-0.05099,-1.0732,0
2.69294,0.77824,0
2.87391,-0.64862,0
1.46461,-0.33418,0
1.72395,0.74813,0
-0.16015,0.16641,0
-0.16196,0.84957,0
2.50114,0.24351,0
2.54928,0.55673,0
1.65926,0.05729,0
3.36207,-0.2519,0
1.82328,-1.10514,0
1.92386,-0.01669,0
1.39929,0.70333,0
3.11618,-0.30381,0
2.61078,0.45367,0
0.64901,-1.09757,0
0.90498,-0.89705,0
2.51232,-0.17424,0
0.3391,-0.44035,0
-0.30064,-0.49584,0
3.40116,0.54618,0
2.1507,-0.47468,0
1.59877,-0.89502,0
2.42977,-0.73496,0
0.00827,-0.79165,0
-0.16132,-0.38432,0
1.27667,0.24076,0
0.37234,-0.24397,0
2.53437,-0.0746,0
2.74126,-1.23409,0
2.48186,0.78571,0
1.2932,0.28874,0
3.26194,-0.78442,0
0.8541,0.53053,0
3.40799,0.88057,0
1.22919,-0.18663,0
3.36612,-1.09494,0
3.4163,-0.65709,0
1.6321,-1.01831,0
-0.35628,1.09046,0
3.30654,-1.01331,0
0.62234,-0.42402,0
1.83343,0.41029,0
0.81786,0.311,0
2.06042,-1.01719,0
1.29509,0.49971,0
2.82302,1.06756,0
1.71314,0.46512,0
2.26971,0.22825,0
-0.24047,0.72987,0
3.43913,0.30442,0
-0.06401,0.11053,0
2.39579,1.23519,0
-0.16341,0.73855,0
-0.04801,0.05536,0
2.31687,-1.03769,0
2.7954,-0.91597,0
3.26161,-0.74174,0
1.90963,-0.71549,0
2.40741,-0.70477,0
1.68294,0.54686,0
3.16865,1.20116,0
1.98001,0.30512,0
0.34352,0.56072,0
2.44263,0.48523,0
0.4513,-0.36012,0
2.69462,0.06616,0
3.16023,-0.48807,0
1.80125,-0.26511,0
1.28331,0.58132,0
1.31765,0.6911,0
0.1747,-0.29155,0
3.37049,-1.21846,0
0.64145,0.60545,0
0.79922,-0.73152,0
0.10431,0.08718,0
2.70607,1.18837,0
2.7191,1.15754,0
0.85596,-0.97071,0
2.06031,-0.88622,0
3.02478,-0.41112,0
0.65672,0.9839,0
1.3108,0.91501,0
1.86576,-0.66693,0
-0.456,1.10033,0
0.94711,-0.29848,0
2.20759,-1.14981,0
2.58775,-0.49078,0
1.40522,-0.02075,0
3.14205,-0.19599,0
2.84323,-0.42991,0
0.14749,0.34151,0
1.42977,0.7883,0
0.42124,-0.5935,0
0.50703,-0.20353,0
2.21703,0.68669,0
-0.18289,-0.06344,0
2.64977,-0.18044,0
2.21126,-0.15351,0
1.01214,-0.62911,0
-0.49847,-0.66724,0
0.76595,0.46462,0
3.16448,-0.94908,0
1.57483,-0.15315,0
2.2628,-1.17697,0
0.49296,-0.31536,0
1.24238,-0.58535,0
0.50728,-0.66631,0
2.31739,-0.13651,0
2.17343,-0.09814,0
2.15549,0.12786,0
0.86498,-1.19877,0
3.02308,0.46857,0
1.28449,-1.00668,0
2.4179,-0.29245,0
0.09222,-0.31246,0
0.92434,0.9472,0
1.51378,-0.55875,0
2.81545,0.87469,0
0.33116,-0.55255,0
1.45631,-0.48009,0
3.39729,1.00727,0
1.80447,0.25585,0
1.4075,0.87406,0
-0.3528,0.53554,0
1.89568,-0.90746,0
1.0804,-0.80188,0
2.45376,-0.03049,0
0.83067,-0.68433,0
2.88503,0.37068,0
0.35761,-0.6243,0
1.21348,0.52133,0
-0.10177,0.45628,0
0.86676,1.08107,0
1.63576,0.89064,0
1.78099,0.98978,0
0.94188,-0.28761,0
2.69754,1.02074,0
-0.07681,-0.60472,0
2.88627,-0.62979,0
-0.40287,-0.09656,0
3.16626,0.07979,0
2.70929,1.14024,0
0.54981,0.57871,0
2.77214,-0.68977,0
1.88934,-0.773,0
0.31524,-1.05225,0
0.2076,0.03819,0
2.0784,1.08876,0
1.63036,0.67449,0
2.05246,0.57117,0
-0.08951,0.08276,0
-0.42568,-0.97937,0
1.30544,0.40824,0
1.34612,-0.34266,0
-0.4371,-0.23031,0
2.79505,-0.22968,0
3.06464,-0.16397,0
2.03764,-0.62254,0
0.18114,-1.05095,0
2.76659,-0.49199,0
0.65322,-0.69034,0
2.38011,1.12425,0
2.33837,-0.07377,0
2.6926,0.61038,0
2.03603,-0.33726,0
0.36936,0.70726,0
0.89565,0.72761,0
-0.03338,-0.17771,0
1.91931,0.39784,0
2.27928,1.07329,0
1.68824,-0.59017,0
1.5998,1.24305,0
2.75859,0.00212,0
-0.48829,0.76822,0
1.38725,1.15629,0
-0.07043,-0.39334,0
0.76411,-1.2206,0
0.74361,-0.90033,0
1.79814,0.68015,0
1.98336,0.82225,0
-0.25254,-0.45137,0
0.18024,0.49242,0
2.65772,0.08902,0
0.41321,-1.11271,0
2.29942,-0.85702,0
3.01285,-0.68336,0
1.76809,-0.63657,0
0.63023,0.09301,0
0.67001,0.37762,0
0.51936,0.60321,0
1.04549,0.58487,0
3.41398,-0.13768,0
-0.03896,1.07743,0
2.08841,-0.79882,0
-0.20514,-0.97705,0
1.81678,-1.11887,0
2.83071,0.72459,0
3.16874,0.76155,0
2.49068,-0.64617,0
-0.02927,0.50209,0
2.09981,-1.18083,0
0.25281,-1.14405,0
2.67815,-0.62447,0
3.41876,0.39178,0
2.80247,0.05131,0
0.97397,-0.98005,0
0.23,0.94616,0
0.32723,-0.40176,0
2.97947,-0.27848,0
1.80338,0.57485,0
3.20522,1.07325,0
2.94694,-0.69806,0
3.32636,0.41432,0
3.42973,-0.11188,0
1.14631,1.18359,0
2.85581,0.05593,0
0.46847,0.0455,0
2.59178,-1.17561,0
1.68571,0.81185,0
0.89325,0.95488,0
0.67428,-0.57608,0
1.41792,0.71781,0
2.74377,-1.13726,0
3.01536,-0.33776,0
0.44464,0.48014,0
2.80798,-0.00738,0
1.66858,-0.61185,0
1.4254,0.47198,0
0.71689,1.04927,0
3.45633,0.31986,0
0.43894,0.68571,0
1.00402,0.63626,0
3.44519,0.41947,0
3.35829,-0.02847,0
0.72158,0.51381,0
1.21232,1.23739,0
1.65428,-0.84292,0
3.45137,-0.76438,0
-0.12261,-0.75821,0
3.15149,-0.4099,0
1.23947,-0.7256,0
1.45201,-0.3768,0
2.10854,0.24598,0
3.45459,0.83402,0
0.26178,0.19669,0
-0.31312,-0.11846,0
1.45497,1.06993,0
0.6696,-0.74131,0
2.74409,1.18525,0
2.51043,-0.40063,0
2.56113,-0.34388,0
1.7003,0.81373,0
-0.09237,0.11369,0
2.33321,0.50164,0
1.65875,0.11446,0
2.95519,-0.05415,0
2.4204,-0.47069,0
-0.3822,0.17902,0
1.61601,1.21354,0
0.0336,-1.20602,0
0.20606,0.23991,0
0.27338,-1.24494,0
3.05772,0.12472,0
-0.02152,-0.06735,0
1.45822,-0.40696,0
2.61887,0.08547,0
1.25823,0.40418,0
1.23957,-0.49642,0
1.81038,1.08113,0
1.65366,0.22075,0
-0.39836,-0.87555,0
1.78135,-0.34734,0
-0.15271,-0.85099,0
0.10434,-0.67467,0
3.26042,0.6901,0
2.81388,0.40544,0
2.39991,0.98665,0
0.56205,0.49695,0
2.49887,-1.02135,0
2.63827,-0.4428,0
2.6334,-0.68868,0
2.77419,0.74154,0
-0.3702,-0.81249,0
0.78689,0.91646,0
1.48128,0.16321,0
1.97647,-1.09902,0
0.91541,-0.70392,0
1.67151,1.07306,0
1.88902,0.39872,0
2.05649,0.8445,0
2.54305,-0.70467,0
3.03155,1.13176,0
0.17681,0.35267,0
2.046,-0.23809,0
0.58297,-0.9392,0
1.31944,0.37115,0
1.2501,0.63457,0
0.22471,1.05451,0
2.6795,0.4341,0
-0.36933,-0.12792,0
1.55536,0.73098,0
0.44723,-0.39108,0
1.0664,-0.34254,0
1.03785,0.6864,0
0.37569,0.71496,0
-0.41362,-1.1353,0
2.63343,-0.42875,0
-0.43774,0.50751,0
1.32688,-0.61287,0
0.44742,-1.01418,0
1.44296,-0.01319,0
0.81049,-0.42544,0
2.42902,-0.94348,0
-0.44324,-0.05509,0
3.08237,-1.21303,0
1.63409,1.09278,0
-0.30563,0.91045,0
1.99515,0.35875,0
2.69815,-0.31313,0
0.76405,-0.58943,0
1.28447,-0.14518,0
1.73738,0.73114,0
2.71768,-0.66429,0
1.92885,-0.19158,0
1.36963,0.8495,0
3.05386,-1.00536,0
-0.24964,0.43282,0
2.01484,1.12857,0
-0.44955,0.32209,0
0.65861,-0.13935,0
2.40535,0.9659,0
0.52431,-0.96111,0
-0.01381,1.20541,0
0.90284,-0.16689,0
2.6435,-0.09378,0
3.37774,0.30045,0
0.76599,-1.08516,0
2.93396,-0.08643,0
0.77534,0.03759,0
3.22426,0.35847,0
0.62815,-0.2217,0
2.52672,-1.02171,0
1.49694,0.60992,0
2.45191,-0.92709,0
0.91318,1.0589,0
1.9367,0.23071,0
2.73337,-0.25532,0
0.50835,-0.66188,0
3.34881,-0.48603,0
0.91232,0.47916,0
3.38317,-0.16047,0
2.76035,-0.60896,0
0.32827,0.58272,0
0.67905,0.44728,0
3.40116,0.46961,0
0.8087,-1.11157,0
3.13452,0.83272,0
0.60013,0.03335,0
0.69572,0.67343,0
1.1768,0.67194,0
1.23611,1.14068,0
0.70349,0.48538,0
2.93717,0.5076,0
2.04919,-0.2718,0
0.89605,-1.12029,0
0.16531,-0.76428,0
1.92266,0.04631,0
2.61174,0.12809,0
3.42072,0.37667,0
0.28614,0.80936,0
0.26371,-0.68092,0
-0.27511,-0.13244,0
3.48339,-0.16371,0
3.39403,-0.67182,0
-0.08751,0.74059,0
-0.1016,1.05996,0
1.48098,1.00395,0
1.53127,0.56361,0
1.86317,0.096,0
1.5249,-0.83453,0
2.68121,-0.72035,0
2.1743,-0.58837,0
0.97529,0.05042,0
2.14804,-0.41887,0
1.54948,-0.42901,0
1.72846,-0.55448,0
1.62193,-0.79669,0
1.61804,-0.39262,0
1.62482,0.3257,0
1.77933,1.16291,0
0.98106,1.0434,0
2.69562,1.03195,0
0.71697,1.17394,0
2.27851,-0.43732,0
1.18206,0.06568,0
0.5047,1.20008,0
0.85713,0.75705,0
1.86256,-0.33133,0
1.87397,-1.10594,0
2.2816,-1.23651,0
1.81877,1.10237,0
3.19771,0.14855,0
1.12167,1.14152,0
1.13877,0.13271,0
1.08347,0.93085,0
0.34683,-0.5877,0
1.74493,-0.36204,0
0.52738,0.60368,0
2.9729,1.18569,0
2.42916,0.52359,0
2.00134,1.01604,0
3.20216,0.77735,0
1.3514,0.67304,0
0.98043,1.06171,0
0.32437,0.62294,0
2.45978,-0.35351,0
3.02801,1.18451,0
3.24156,0.47938,0
2.87031,1.02257,0
1.80477,-0.062,0
3.19678,-0.57342,0
1.65545,-0.85051,0
2.36955,-0.57148,0
2.5188,-0.22565,0
3.05676,0.11943,0
1.92648,0.39798,0
2.50107,-0.52532,0
-0.46301,0.23199,0
1.75393,1.1167,0
1.33166,0.25305,0
0.0705,-0.73432,0
2.17391,-0.83238,0
2.83054,-0.5478,0
1.28806,-1.16787,0
1.88346,-0.17564,0
2.09639,-0.68022,0
0.51076,-0.80837,0
0.14934,0.81016,0
2.1508,-0.42484,0
2.80488,-1.1734,0
0.84314,-0.53494,0
2.66401,-1.02294,0
2.7081,0.60343,0
2.11045,0.20828,0
-0.32183,-0.55284,0
1.92047,-0.58342,0
-0.28819,0.3785,0
1.16954,1.10996,0
0.36076,0.81979,0
1.90866,0.88694,0
2.74506,1.16492,0
0.00939,-0.20282,0
3.3987,1.21433,0
1.63711,-0.7544,0
3.44155,0.53909,0
2.3689,0.57687,0
2.31275,0.90686,0
2.93796,-0.23015,0
2.93489,-1.01674,0
0.95547,-0.87899,0
3.22185,-0.75296,0
0.54956,-0.90482,0
1.31851,-0.11009,0
-0.4889,-0.70755,0
0.8421,-0.01378,0
2.06427,0.01687,0
3.27968,-0.737,0
0.56901,-1.08372,0
2.79395,-0.14639,0
0.23408,0.74777,0
0.84474,-0.55579,0
2.55411,-0.99794,0
3.0446,0.46736,0
2.57785,-0.91358,0
0.57216,-1.16707,0
2.85504,-0.35184,0
0.82194,0.18833,0
2.71165,1.22995,0
-0.00939,-0.70235,0
0.62672,-0.12874,0
2.34184,-1.15786,0
1.92572,0.94466,0
2.97246,-0.80959,0
2.21625,0.86559,0
3.12284,-0.57688,0
2.98275,-0.54179,0
0.97919,0.113,0
2.89715,-0.50715,0
1.91793,0.36953,0
0.27774,0.14098,0
1.68247,-1.21555,0
1.01001,-1.09089,0
2.22944,-1.11515,0
0.23767,-1.2086,0
1.01436,0.97298,0
1.78681,0.22631,0
0.77093,1.22504,0
2.93842,-0.61926,0
0.74825,0.1864,0
2.53144,-0.55613,0
1.83389,0.92379,0
2.9718,0.06279,0
2.13189,1.01984,0
2.40265,0.92904,0
0.46736,0.43255,0
2.46915,0.61858,0
0.06714,0.01361,0
1.07306,0.0556,0
-0.17011,-0.90195,0
-0.20933,-0.78541,0
1.83903,-0.82185,0
1.59432,-0.14212,0
2.83989,0.39823,0
0.23664,0.62631,0
3.21893,1.09904,0
1.27148,-0.31033,0
1.54539,0.9083,0
0.7322,-0.79925,0
2.89515,1.02456,0
1.74041,0.50317,0
2.62692,-0.81727,0
1.79213,-0.41993,0
0.61011,0.74096,0
0.4343,0.2223,0
2.21273,0.82499,0
0.69884,0.82423,0
1.93408,0.89088,0
1.9423,-0.94942,0
0.4532,0.69091,0
2.22391,-0.99877,0
-0.13986,-0.99627,0
2.00021,-0.11048,0
-0.07638,-0.17051,0
1.49903,0.43522,0
1.58998,0.03009,0
2.26864,0.15661,0
2.81016,-0.29175,0
3.05772,-0.2382,0
0.65997,0.64957,0
-0.37707,0.87247,0
3.28764,-0.36889,0
-0.43974,0.68714,0
0.64858,0.73816,0
2.18946,-0.36784,0
1.81882,-0.05076,0
1.39552,-0.76988,0
3.07648,-0.70744,0
0.19954,1.2181,0
3.01916,-0.34555,0
0.72448,0.15215,0
1.45496,0.96598,0
0.55995,0.22295,0
1.92461,1.19987,0
1.9443,-0.32894,0
0.29271,1.14408,0
2.89588,0.74061,0
0.90217,-0.815,0
2.55476,0.07008,0
0.96884,-0.17347,0
0.60454,-0.24415,0
0.81932,-0.56086,0
1.23146,0.7117,0
1.67581,0.05075,0
0.9598,0.762,0
1.421,0.14937,0
1.09072,-0.53416,0
0.16144,0.31344,0
1.14839,-0.1807,0
2.07307,1.14297,0
3.29913,-0.56774,0
1.64032,0.16483,0
2.02794,0.81404,0
2.51553,1.1741,0
-0.09735,0.75038,0
3.13221,0.87283,0
0.37463,0.8319,0
2.60297,0.25593,0
3.1574,-0.91802,0
1.36537,0.09457,0
1.85076,0.56822,0
1.951,-0.12604,0
0.38703,0.003,0
3.07572,0.33098,0
1.4361,-0.83036,0
-0.31387,-0.08076,0
1.74385,0.494,0
-0.01604,-1.23445,0
3.05171,0.52067,0
-0.22594,0.01848,0
0.61427,-1.12517,0
1.55409,0.26386,0
1.50731,1.20459,0
1.29078,-0.32205,0
1.57962,-0.39425,0
1.89512,0.35895,0
-0.03913,-1.0531,0
0.53661,-0.0483,0
1.71422,-0.10392,0
1.98337,1.01622,0
1.37549,-0.02529,0
0.88644,0.20093,0
0.56546,1.12085,0
1.89676,0.90065,0
2.49154,0.7403,0
2.74825,0.03951,0
0.11859,0.90206,0
0.04714,1.05085,0
2.5874,-0.2544,0
1.35868,-0.27123,0
3.16015,-0.85496,0
3.2279,0.95852,0
1.8564,1.2376,0
0.24209,-1.21711,0
0.02888,0.30376,0
0.49638,-1.04197,0
1.19529,-1.0683,0
1.3993,0.32805,0
0.47284,0.89008,0
1.8779,0.64111,0
2.33066,-0.67058,0
2.54244,0.51218,0
-0.07844,1.08747,0
-0.41747,1.23834,0
3.40725,-0.14965,0
-0.48493,1.07662,0
3.43815,0.112,0
2.65751,0.54362,0
0.99673,0.87277,0
2.95375,0.24331,0
-0.08065,0.98098,0
0.19467,0.40446,0
-0.09347,-0.29045,0
-0.43505,-1.04101,0
3.11311,-0.29367,0
1.84701,-1.2098,0
0.06956,1.09474,0
3.24162,0.93073,0
2.92845,-0.37837,0
1.35636,1.05506,0
0.5448,0.19495,0
0.36342,-0.85592,0
2.96905,-0.20487,0
-0.34295,0.8743,0
2.6977,0.8573,0
0.57578,0.66157,0
3.18122,1.08358,0
0.48635,0.59677,0
2.5462,0.59412,0
0.29034,-0.38641,0
1.06382,0.1757,0
1.55826,0.30904,0
0.43858,0.99374,0
1.73237,0.61374,0
1.97518,-0.24029,0
2.55676,-0.82538,0
0.94846,-0.85436,0
3.25852,0.29909,0
2.5713,0.46383,0
2.64124,-0.8967,0
1.27742,-0.44591,0
1.29544,-0.35285,0
0.28838,-0.31178,0
0.45164,0.75652,0
1.11209,-1.17024,0
1.98374,0.95604,0
3.42891,-0.33141,0
0.29746,0.45479,0
3.00576,-1.00452,0
0.14195,0.27624,0
1.85596,1.12385,0
-0.14233,-1.13341,0
0.36907,-0.45459,0
1.60577,1.01858,0
0.23239,-0.41448,0
2.20597,-0.7849,0
-0.47027,-0.23189,0
0.29068,-1.11817,0
2.60056,1.03082,0
0.28597,-0.81548,0
0.54875,-0.02104,0
2.91541,-0.06429,0
1.53111,-0.24693,0
0.36673,-1.07177,0
-0.39645,0.55727,0
1.04457,0.70111,0
1.21017,-0.36228,0
0.10139,-0.64253,0
1.98427,-0.17658,0
3.14551,0.25629,0
1.76247,0.0546,0
2.60757,-0.37196,0
1.95801,-0.76769,0
1.29409,0.41059,0
3.35715,-0.26601,0
1.5274,0.42956,0
2.13459,0.72483,0
3.496,-0.34419,0
2.48211,0.0957,0
1.54341,0.76458,0
3.42785,-1.17211,0
3.45331,-0.58262,0
0.30688,0.84524,0
0.50157,0.3477,0
-0.35344,1.17023,0
2.9922,-0.77783,0
0.40434,-0.74903,0
0.82464,0.12628,0
0.02149,0.54833,0
1.22776,-1.07121,0
2.84071,0.21864,0
2.40806,0.89465,0
2.79229,-0.55932,0
1.94966,0.01644,0
1.88659,1.0526,0
2.29938,-1.19528,0
0.30416,0.07647,0
1.3902,0.48928,0
2.46485,-1.1642,0
1.83327,-0.69075,0
0.25214,0.03872,0
3.11464,1.07348,0
0.87599,-0.29437,0
1.38864,0.36618,0
2.69851,-0.11423,0
0.17106,-1.07106,0
-0.33126,0.66604,0
0.71438,-0.6151,0
3.09191,0.44951,0
0.45884,-0.76654,0
-0.42885,-0.32835,0
2.29722,-0.03332,0
2.45082,0.41025,0
1.88738,-1.18577,0
0.79817,0.934,0
0.62134,-0.49087,0
-0.1962,-0.59322,0
0.17353,0.42955,0
2.83395,-0.44464,0
1.58489,0.65187,0
0.19173,0.68498,0
1.79438,-0.75717,0
2.1688,0.63434,0
1.88689,-0.01182,0
3.2752,0.65395,0
1.53427,1.21425,0
3.45122,-0.14431,0
2.74921,0.00269,0
0.41704,-0.64546,0
0.54425,0.11244,0
0.16146,-1.23757,0
0.83863,0.59295,0
2.4215,-0.68389,0
2.56553,-0.86121,0
0.28938,0.47826,0
2.10333,-0.12585,0
2.76483,-0.94493,0
0.97212,1.09186,0
2.57545,1.12902,0
1.61409,-0.80047,0
2.83285,0.56387,0
3.2691,-0.51027,0
2.69242,0.31752,0
0.80729,0.83603,0
1.25006,0.34879,0
1.28459,1.15796,0
1.23768,-0.40114,0
-0.04631,1.11963,0
0.95401,-0.95078,0
2.06683,1.18413,0
0.83816,0.97402,0
2.61392,-0.76944,0
2.60925,0.36299,0
2.15569,0.387,0
3.22197,-0.93011,0
2.67434,1.06619,0
1.50821,0.02654,0
-0.12339,-0.28144,0
2.76385,-0.56551,0
1.3197,0.30523,0
2.06933,-0.37552,0
0.66098,0.72274,0
2.26072,-1.21358,0
0.85572,0.78148,0
1.34268,0.30586,0
3.09335,-0.08673,0
-0.31913,0.19794,0
2.13899,0.78038,0
0.31862,0.99053,0
-0.14203,0.18554,0
0.10628,0.35019,0
0.0181,-1.0631,0
-0.06674,0.10387,0
0.70037,0.06952,0
0.33248,-0.10497,0
2.61413,0.2212,0
2.02736,-0.91741,0
2.71506,-0.05946,0
1.33248,0.6152,0
0.25726,-0.09336,0
3.4514,-0.18352,0
1.65182,-0.81244,0
0.62091,0.52228,0
0.1223,1.19025,0
1.06774,-0.12797,0
2.32732,-0.25994,0
2.04938,-0.9159,0
0.05412,0.00927,0
3.47707,0.45774,0
0.51395,1.07286,0
2.07309,0.08564,0
1.38842,0.23758,0
-0.44681,-1.22009,0
0.75412,-0.58018,0
2.49031,-1.10202,0
2.54294,-0.94346,0
1.05947,-0.50832,0
2.34991,-0.19358,0
1.16343,-0.94978,0
2.03573,-1.09065,0
-0.19171,-1.05052,0
1.27164,-0.04971,0
-0.31142,0.38193,0
1.81848,-0.67903,0
1.29226,-0.98079,0
3.28072,1.24594,0
0.24312,1.1093,0
1.38457,-1.13042,0
0.7267,0.9252,0
1.3925,1.04802,0
1.51196,-1.08119,0
2.4128,0.78001,0
3.30445,-0.2671,0
1.00339,-1.07467,0
0.85436,1.22596,0
1.82431,-0.26154,0
3.2682,0.81013,0
3.40386,0.52081,0
3.0858,-0.79465,0
1.73037,0.7321,0
-0.20074,0.22175,0
2.58938,1.04534,0
2.25294,-0.95434,0
2.47789,0.53985,0
-0.32092,-1.1793,0
-0.20872,-1.06553,0
-0.36549,0.19795,0
2.35073,-0.14078,0
2.31538,0.34514,0
2.8045,0.88971,0
0.79178,0.18892,0
1.93837,-0.36154,0
-0.42538,0.12151,0
1.84245,0.43453,0
2.33036,-0.62926,0
1.40097,0.78574,0
2.30362,0.2924,0
2.89762,1.03369,0
2.29079,0.73288,0
0.37738,0.06083,0
1.3853,-0.10561,0
1.80977,-0.36517,0
1.1925,-0.47016,0
-0.35015,0.76328,0
1.18307,0.94104,0
2.69073,-0.1558,0
0.7869,1.16887,0
0.46397,0.47768,0
0.26865,0.29813,0
2.62537,-1.00556,0
1.17133,0.01929,0
3.06769,-0.20738,0
1.36481,-0.78559,0
-0.44185,-0.88917,0
0.624,-0.83385,0
2.74765,-1.08097,0
1.80553,-0.80368,0
-0.05646,0.93965,0
0.32431,1.04745,0
-0.07968,0.55407,0
2.38387,1.1176,0
1.494,0.29728,0
3.00607,-1.05312,0
2.16409,-1.0654,0
0.66338,-0.98239,0
0.203,1.16371,0
-0.30882,0.76885,0
-0.25284,0.54543,0
1.93229,0.15524,0
1.08797,-0.4241,0
3.1152,-1.12163,0
0.8762,0.08503,0
2.16576,1.14294,0
0.28125,0.73165,0
1.5477,-1.18228,0
3.19596,0.72325,0
1.57546,0.38858,0
3.28995,0.82119,0
2.59293,-0.07867,0
0.90086,0.56796,0
0.6621,-0.32181,0
1.50296,-0.1494,0
-0.09197,-1.13171,0
2.90565,-0.72306,0
-0.2329,0.43142,0
2.26031,0.32229,0
2.98459,-0.54237,0
0.05254,0.06406,0
0.46244,-0.57406,0
0.41469,-0.1917,0
-0.36899,0.65979,0
3.04025,-0.91264,0
0.08793,0.40847,0
0.50539,-0.93809,0
3.03647,-0.89207,0
-0.13371,-0.92141,0
0.89306,-0.37087,0
1.2928,0.7712,0
2.38475,-0.79797,0
2.37941,-0.84037,0
3.00749,-1.23937,0
1.49618,-1.17148,0
1.97787,-0.94819,0
2.67871,-0.30936,0
0.26482,-0.34095,0
1.42716,-0.78217,0
1.83611,-0.91367,0
3.3936,0.73725,0
-0.33217,1.22585,0
2.55996,0.77868,0
-0.04583,0.52363,0
1.08065,-1.13099,0
1.88966,-0.31617,0
-0.33789,-0.01894,0
0.05318,0.7105,0
1.47294,-0.36426,0
1.54956,1.05497,0
3.08971,-0.90395,0
0.26885,0.88983,0
2.82463,1.17379,0
1.68332,-1.23524,0
1.98158,0.79519,0
-0.28465,-1.19791,0
2.57142,-1.24222,0
0.97906,1.12575,0
-0.14873,0.71219,0
-0.19134,0.68359,0
-0.20553,0.30711,0
1.95915,-1.17297,0
2.15626,-0.81975,0
2.31105,0.29124,0
1.05322,-0.60376,0
1.35043,-1.18595,0
3.20434,-0.12516,0
-0.00695,-1.0317,0
1.57724,-0.01499,0
0.37366,1.00173,0
-0.42442,0.05367,0
3.22376,-0.67523,0
1.23135,1.10365,0
1.83171,-1.00847,0
1.93785,-1.24585,0
0.99211,0.68916,0
0.116,0.0627,0
-0.03544,0.55447,0
3.01685,1.02584,0
1.23052,-0.43203,0
-0.16623,0.39428,0
3.49072,-0.24523,0
2.29997,-1.15665,0
0.97775,-0.31127,0
2.86017,0.06029,0
0.65555,-0.76217,0
0.55881,0.99189,0
2.06267,1.04863,0
0.51522,0.83826,0
2.1117,-0.48425,0
1.45496,-0.73948,0
0.40649,0.27831,0
2.8425,0.89984,0
1.60538,-0.22972,0
1.96255,-0.39913,0
-0.44963,-0.96232,0
3.21811,-1.24857,0
2.7997,0.27946,0
2.48496,-0.07774,0
0.43671,-1.22887,0
2.44554,-0.05905,0
3.45427,0.32217,0
0.6883,0.24148,0
2.29818,1.02765,0
0.62564,-0.60725,0
0.75108,1.05128,0
2.59627,-0.87486,0
-0.24735,0.37989,0
3.12827,0.74892,0
1.21609,0.55493,0
1.99914,-0.29317,0
0.97464,0.00991,0
0.5687,-0.12916,0
3.43706,0.0398,0
-0.3774,0.43321,0
3.31671,0.78183,0
-0.30144,-0.44605,0
0.99452,1.10572,0
2.85863,-0.58234,0
-0.37842,0.21805,0
2.5895,-0.26415,0
2.27257,1.2083,0
2.92632,-0.231,0
2.60911,1.24149,0
-0.40203,1.21009,0
2.72043,-0.57028,0
2.16676,1.00083,0
-0.39265,0.39836,0
1.41825,0.16221,0
2.61597,-0.02518,0
1.90932,0.62372,0
0.9937,1.24826,0
3.38216,0.16386,0
1.18175,1.22922,0
1.00199,-0.98639,0
1.51029,-0.08884,0
1.46978,-1.13158,0
0.26976,-0.17798,0
1.62318,-0.43546,0
1.42641,-0.58212,0
2.59694,0.58583,0
1.52241,0.17192,0
2.43246,0.11762,0
2.9032,0.75911,0
1.52303,-0.16596,0
1.83326,0.9023,0
2.35118,0.19094,0
0.26125,-0.31319,0
0.14125,-0.5967,0
2.00201,-0.82028,0
0.32287,0.59012,0
1.88941,-1.03822,0
1.34903,0.86239,0
1.85245,0.92131,0
2.42684,0.70222,0
0.52416,0.52057,0
3.03453,-0.24383,0
1.13816,-0.52173,0
0.23027,1.17314,0
0.448,0.21338,0
0.58614,0.95532,0
0.99054,-0.38088,0
2.25631,-0.14467,0
0.90555,-0.60831,0
2.47885,-0.4573,0
1.18496,1.19266,0
0.12173,-0.44438,0
0.04525,0.76202,0
1.56469,-0.5676,0
0.02421,-1.00246,0
-0.09633,1.11334,0
0.43976,-1.15566,0
2.0628,-0.03192,0
2.17009,1.2031,0
2.11083,-0.14775,0
1.73526,0.21178,0
0.35136,0.34406,0
1.99133,0.7388,0
2.49352,-0.79149,0
1.08238,0.62566,0
2.70394,-0.73767,0
3.29037,1.24065,0
2.00503,-0.19574,0
1.16722,0.98544,0
0.51397,0.27717,0
-0.22159,1.02975,0
1.8859,-1.16977,0
1.40659,-0.8293,0
0.89853,0.104,0
3.05759,-0.42415,0
1.33844,-0.08373,0
1.98693,0.91899,0
2.25293,0.62,0
1.20541,0.77485,0
-0.26988,0.61046,0
0.65982,-0.40435,0
1.39814,-0.90565,0
1.52882,0.65634,0
2.18069,0.28958,0
0.22223,-0.71751,0
1.22862,1.14057,0
3.07942,-0.27776,0
0.88084,-0.09293,0
2.53871,-1.12858,0
1.12868,0.41347,0
2.13814,0.24387,0
3.06595,0.82813,0
0.5031,0.85058,0
3.26536,0.03967,0
3.17066,1.11116,0
2.54097,0.85004,0
2.38975,0.79809,0
1.61451,0.59297,0
-0.46975,0.81416,0
0.45613,-0.28032,0
3.4159,0.36374,0
3.04752,-0.98619,0
1.44479,0.13687,0
0.72311,0.49436,0
1.97865,0.93208,0
-0.3869,0.66012,0
2.47806,0.53389,0
3.24786,-1.12438,0
3.34143,0.02039,0
0.22155,-0.71468,0
2.20521,0.35274,0
2.48383,0.35691,0
2.15666,-0.44603,0
0.23601,0.16718,0
2.93933,-0.83546,0
0.07957,0.21139,0
-0.42837,-0.87652,0
0.84577,0.3145,0
0.83952,0.94566,0
-0.25516,0.11455,0
1.22251,0.29551,0
1.81931,0.7563,0
0.63832,-0.97678,0
2.31364,-0.99974,0
0.46673,-0.68165,0
0.35945,0.56767,0
0.89234,-1.05968,0
2.90792,0.28419,0
1.92042,0.75878,0
1.2542,-0.8662,0
1.37774,-0.70453,0
2.74291,-0.25106,0
1.37439,0.50647,0
-0.02257,0.01957,0
0.07164,-0.68468,0
3.01212,0.65879,0
0.22451,0.20948,0
1.7981,-0.27697,0
0.50561,-0.27561,0
0.76122,-0.50581,0
0.87884,-0.95118,0
2.07449,0.27289,0
-0.16908,0.30184,0
3.24162,0.56529,0
-0.17797,-0.33537,0
3.06762,0.17967,0
-0.21364,-0.61952,0
2.7706,0.60835,0
0.76488,-0.91528,0
-0.3237,-0.19895,0
0.55676,0.63359,0
-0.00712,0.81871,0
0.02479,-0.47331,0
3.25065,-0.76166,0
2.28716,0.36248,0
2.44519,-0.68424,0
0.91413,0.70398,0
1.86611,0.42545,0
1.15086,0.62133,0
2.20344,0.9536,0
0.64283,-0.91414,0
1.69129,1.05943,0
1.64539,-0.07828,0
0.60074,0.27903,0
1.21493,-0.75234,0
2.5561,-0.08473,0
0.26521,-1.2321,0
2.5072,0.49232,0
-0.28023,0.67815,0
1.74455,0.9918,0
2.03843,-1.16965,0
0.01661,-1.00032,0
2.02055,-0.04363,0
2.40175,0.42109,0
0.72441,0.55601,0
-0.31581,-0.73753,0
0.87239,0.47902,0
1.37829,-0.46938,0
2.87255,-0.62583,0
1.19644,0.98624,0
2.06273,-0.09924,0
1.94962,-0.49305,0
0.14329,1.00546,0
1.34969,-0.13717,0
-0.29936,1.17598,0
-0.48597,-0.42537,0
2.72855,-0.62063,0
3.13694,-0.56425,0
1.4831,0.1125,0
3.38197,0.89208,0
1.44118,-0.73804,0
3.26031,-1.14951,0
0.23447,0.62919,0
1.90735,1.23809,0
1.436,-0.39015,0
2.43966,-0.46969,0
3.40479,0.68376,0
2.40984,-0.65029,0
1.10399,0.16268,0
1.97137,-1.09311,0
-0.02475,0.28499,0
1.28756,-0.12219,0
2.10967,0.69466,0
0.55028,0.69668,0
-0.46788,1.16644,0
3.47331,-0.00557,0
3.28053,1.23605,0
2.04819,0.72991,0
1.0685,1.15916,0
-0.2417,-0.44151,0
-0.1449,-1.00494,0
3.2989,-0.59531,0
0.95821,-0.51303,0
0.71179,0.54281,0
-0.09505,-0.56285,0
-0.48308,0.20557,0
2.70533,0.95971,0
0.17917,0.62784,0
-0.07547,-1.2433,0
2.15205,1.17266,0
2.37069,-0.90731,0
2.15987,-0.04999,0
-0.48125,0.52095,0
2.68468,0.01696,0
0.63589,-0.10973,0
2.86627,-0.88565,0
2.23413,-0.23028,0
0.80766,0.2833,0
-0.03589,-0.90099,0
0.19407,-0.53011,0
3.10372,0.22677,0
3.10489,0.3581,0
0.59457,0.43662,0
2.05092,0.32638,0
2.02814,-0.537,0
2.03718,0.55092,0
2.95095,1.05282,0
1.38306,-0.83709,0
1.2988,1.06436,0
0.21162,-0.40608,0
1.68362,-0.87496,0
0.73212,-0.73843,0
-0.43686,-0.68438,0
3.25468,0.96974,0
3.22996,-0.24287,0
0.09029,-0.44396,0
1.56303,-0.92971,0
0.71053,-0.30997,0
3.27757,1.09249,0
2.01649,-1.03043,0
1.84534,-0.18727,0
2.15211,1.03385,0
2.39955,0.22871,0
0.40768,-0.85746,0
2.28002,0.27429,0
2.81875,1.08954,0
3.11456,0.42138,0
-0.38405,1.07466,0
2.56741,0.93368,0
1.03729,-1.2448,0
2.90381,-0.91833,0
1.69069,-1.02415,0
3.02912,-1.16184,0
-0.1355,-0.7854,0
2.04854,-0.40495,0
1.50426,0.60325,0
3.23336,1.1537,0
2.24688,-0.64079,0
3.0779,-0.82875,0
2.5257,0.39078,0
2.91733,0.66459,0
3.41879,-0.17426,0
3.11501,1.20856,0
1.47409,-0.28158,0
0.52013,0.89649,0
0.79263,0.73681,0
2.18115,0.63323,0
2.22158,-0.96106,0
-0.43215,0.33016,0
-0.31953,0.27267,0
2.5607,-1.23608,0
0.54949,0.64717,0
1.40892,-0.32117,0
-0.28423,-0.03899,0
-0.38466,0.69822,0
1.21898,0.69778,0
0.87797,0.61804,0
1.93212,0.23217,0
0.08471,0.4786,0
-0.01275,1.10233,0
0.55512,1.13844,0
1.1767,-0.28413,0
2.08597,0.67353,0
1.24672,1.07431,0
2.88568,0.13698,0
2.60029,-0.90159,0
1.66731,0.5045,0
2.61534,-1.11236,0
0.26617,0.8268,0
1.16681,0.24106,0
2.63608,-0.71169,0
3.13274,-0.36737,0
-0.28931,-0.34023,0
2.49598,-0.17308,0
0.26268,-0.51719,0
-0.43836,-0.89361,0
0.17218,0.11684,0
1.00611,-0.59403,0
2.76764,-1.21859,0
-0.07468,-0.54815,0
2.71689,-0.20737,0
2.64578,0.5174,0
0.09147,-0.24047,0
1.9776,-0.61377,0
3.05738,0.91104,0
0.4151,0.84316,0
3.05222,0.75063,0
0.27736,-0.71152,0
-0.31602,-1.16372,0
0.47712,0.44543,0
0.01213,-0.74965,0
3.42334,-1.16658,0
3.32286,0.43953,0
2.82419,1.18053,0
2.39923,0.63379,0
1.8038,0.28335,0
3.13063,0.29756,0
0.55207,-1.17223,0
2.06139,-1.15325,0
1.93732,-0.23154,0
1.58684,-0.39174,0
1.49035,0.90754,0
2.43692,1.10191,0
1.20778,1.12535,0
-0.14947,-0.71109,0
0.01352,-0.46101,0
0.04271,0.34557,0
1.64116,-0.40978,0
2.97169,0.17309,0
2.17968,-0.79455,0
2.52741,-0.38632,0
1.98869,0.87197,0
3.44833,0.13174,0
0.20596,-0.02246,0
3.0523,1.04721,0
-0.44896,-0.0574,0
2.06035,0.52542,0
1.64713,0.71893,0
2.46115,-0.41153,0
3.22774,-1.23494,0
1.9811,0.35866,0
1.84435,0.9634,0
-0.2226,0.31724,0
-0.01525,1.03079,0
2.26767,0.63985,0
2.63367,0.16181,0
2.88613,0.89706,0
2.19588,0.929,0
0.35854,-0.16381,0
0.61637,1.12061,0
0.76056,-0.37956,0
2.20913,0.40118,0
-0.01803,-0.25898,0
1.09438,0.37097,0
3.21138,-1.06546,0
3.37813,-0.69882,0
0.38679,-0.65616,0
-0.34513,0.89697,0
1.82106,-0.43707,0
0.19057,-0.88306,0
2.20777,0.87932,0
0.16819,1.03747,0
2.24179,-1.04935,0
0.09435,-0.21586,0
1.4497,-0.12578,0
3.2182,-1.02644,0
2.78346,-0.71845,0
1.85875,-0.97679,0
1.65928,0.46225,0
1.70373,0.4741,0
0.02681,0.83494,0
3.03484,-0.73215,0
0.85991,0.73035,0
0.61876,-1.04215,0
3.15404,-1.08138,0
1.17199,1.23094,0
-0.32704,0.70685,0
3.39232,0.46295,0
2.07236,0.812,0
3.21971,0.99273,0
-0.00084,-1.14239,0
1.47751,0.68352,0
2.42485,-0.65847,0
1.79708,-1.05888,0
3.3263,1.04061,0
3.03591,-0.35185,0
0.91169,-0.01024,0
0.89139,1.0764,0
-0.15707,1.04098,0
0.77407,0.68001,0
0.64876,-1.02738,0
3.15698,-1.15549,0
1.8686,-0.49097,0
2.82399,0.39567,0
1.22087,-1.10004,0
1.11547,0.21496,0
-0.29838,0.65261,0
1.09295,0.86477,0
0.47135,0.88499,0
0.2161,0.09191,0
0.85473,-0.17777,0
-0.08383,-0.35891,0
1.76023,1.08197,0
3.40216,-0.45418,0
2.68293,0.18472,0
2.57769,0.27534,0
-0.327,0.0457,0
1.55906,-0.90501,0
0.83329,0.00526,0
-0.34038,0.00275,0
3.44579,0.96612,0
3.30193,0.70625,0
2.42927,-0.20564,0
-0.05003,-0.33903,0
1.56254,-0.15197,0
-0.2545,1.06895,0
1.53725,-0.59918,0
2.52749,-0.41928,0
1.0946,-0.6028,0
3.48946,0.52965,0
0.36811,-1.13315,0
0.98524,0.34111,0
-0.02462,-0.35609,0
1.9064,1.22661,0
0.48791,1.07669,0
0.33115,0.23302,0
0.22643,-0.55631,0
2.16461,-1.03188,0
2.89956,0.68695,0
-0.26634,0.01984,0
0.32125,0.22081,0
0.19564,-0.55731,0
1.51285,-1.05486,0
2.65348,0.71448,0
1.22603,0.56072,0
0.01125,-1.07423,0
-0.18316,-0.29695,0
2.22926,-0.20931,0
0.39279,0.25461,0
0.04505,0.87017,0
2.7136,-0.38786,0
0.57317,-0.16762,0
-0.23369,0.33965,0
-0.28475,-1.04396,0
-0.06621,0.02729,0
1.015,-0.05038,0
2.84578,-0.88488,0
1.82223,-0.879,0
-0.17755,-0.65902,0
-0.04378,0.41262,0
1.36485,0.87108,0
-0.41256,0.24449,0
2.54458,0.52711,0
0.2468,0.9126,0
0.93512,-1.24725,0
2.67204,1.09373,0
2.52132,-0.63885,0
2.67699,0.85368,0
2.00737,-0.54351,0
2.55248,0.77211,0
0.64434,1.20328,0
2.66333,-0.32671,0
1.62546,0.24919,0
3.30888,0.43123,0
0.34057,1.00008,0
2.86007,-0.76571,0
1.9082,-1.11603,0
0.12854,0.46552,0
0.94676,-0.58265,0
2.76648,0.69109,0
2.67582,0.37471,0
1.68639,-0.01235,0
2.1663,-0.78821,0
0.23856,-0.88329,0
-0.10707,-1.15013,0
1.93494,-0.71956,0
1.93355,-0.69522,0
0.98339,-0.28469,0
1.0017,0.76055,0
1.04424,-0.17063,0
-0.20897,-0.9249,0
0.89219,-0.12133,0
1.03774,-0.52887,0
3.27681,0.34781,0
1.43954,-0.51004,0
0.937,-0.71544,0
3.25783,-0.55305,0
2.22565,0.90597,0
1.43356,-0.8066,0
1.17912,1.11788,0
0.46041,-0.38506,0
2.56319,-0.16695,0
1.15868,-0.02005,0
2.0895,0.88204,0
0.07155,-0.14993,0
1.3436,-0.28391,0
0.52292,-0.96589,0
0.33438,1.14764,0
1.00921,-0.3611,0
2.41482,1.11849,0
3.46554,0.30241,0
3.22062,-0.20353,0
1.50219,0.91138,0
1.20766,1.13463,0
-0.43603,-0.90001,0
0.56544,-0.74512,0
2.47351,-0.8671,0
-0.05867,-0.35588,0
0.90354,0.75332,0
1.60599,-0.05181,0
0.01598,-1.23814,0
1.76932,1.13957,0
2.08867,0.4076,0
1.29419,-0.29911,0
0.0451,0.28803,0
3.20981,0.39932,0
3.31271,0.17991,0
0.33421,0.84392,0
3.35062,-0.70292,0
0.30852,0.26029,0
0.41012,0.79653,0
0.82189,-0.96207,0
1.41807,-1.16173,0
3.25965,-0.88072,0
1.06261,0.75428,0
1.73559,-0.48997,0
2.92393,-0.13918,0
-0.33985,1.10411,0
-0.46577,1.09586,0
2.73551,-0.25887,0
2.63966,0.90721,0
-0.18221,0.34959,0
3.15157,0.73465,0
0.75018,-0.35759,0
-0.13871,-0.59962,0
1.01961,0.64141,0
0.70083,-0.3985,0
1.41794,-0.20918,0
0.69,0.17225,0
2.44447,0.89543,0
2.24084,-1.19749,0
1.54846,0.04642,0
2.09959,0.30729,0
0.65207,-0.05754,0
3.49424,0.78084,0
1.25521,-0.52094,0
-0.36698,-0.18772,0
-0.43094,0.49831,0
0.52463,0.97306,0
2.53442,0.094,0
1.33972,-0.67751,0
0.71105,-0.16067,0
1.64238,-0.72993,0
2.47778,-1.05039,0
2.9929,-0.9492,0
0.84968,-0.95549,0
3.48281,-0.80731,0
1.49477,-0.28654,0
1.93472,0.78562,0
3.14253,-0.04625,0
1.94286,0.97729,0
1.84519,-0.77066,0
2.43441,1.03759,0
0.98691,0.01728,0
2.50286,-0.50464,0
3.46431,-0.39669,0
-0.0985,0.26685,0
2.73795,0.38099,0
0.92602,-1.00869,0
1.59864,-0.4419,0
2.36457,-0.59682,0
1.04022,-0.68583,0
0.77077,0.02002,0
2.50366,0.22031,0
2.38089,0.50165,0
0.43021,-0.03442,0
0.67994,0.58249,0
2.20855,-0.01452,0
1.6587,-0.87103,0
-0.3818,-0.72577,0
3.18071,-0.90494,0
3.4476,0.62095,0
1.87668,-0.50473,0
0.60977,0.22605,0
3.00555,0.76305,0
2.27873,-0.83498,0
2.34823,0.67317,0
1.74046,-1.14898,0
2.55852,-1.21708,0
2.64271,1.0645,0
1.93308,-0.3552,0
-0.47139,-0.75113,0
-0.25802,0.79766,0
2.76207,-0.50433,0
3.13582,1.21755,0
1.10223,0.03926,0
1.9075,0.01183,0
2.04102,-0.18684,0
-0.1989,0.63003,0
-0.01631,0.95154,0
1.45841,-1.13788,0
1.78312,-0.44389,0
2.79361,0.00084,0
0.75199,-0.91296,0
2.01519,1.17046,0
3.12604,-0.04598,0
1.98445,0.45779,0
1.28645,0.87791,0
1.0218,-1.1416,0
2.36035,-0.68487,0
0.88178,0.02558,0
1.15967,-0.58816,0
2.21946,0.25818,0
2.11526,0.09254,0
2.69395,-0.60556,0
1.97718,1.1154,0
1.53934,1.24634,0
1.63841,-0.24002,0
1.56298,0.79477,0
0.55166,-0.357,0
-0.01365,-0.48044,0
-0.23349,0.34247,0
-0.22829,0.48958,0
0.71704,0.66541,0
-0.31805,-0.17569,0
0.58474,-0.79142,0
2.96557,-0.16454,0
2.27065,-0.37376,0
-0.48695,-0.60615,0
-0.36635,-0.5613,0
0.69474,0.2458,0
2.39734,0.33823,0
3.22442,1.00244,0
1.3193,-1.03303,0
0.18978,1.07943,0
1.00949,0.63931,0
0.03073,-0.42289,0
3.40371,-0.9124,0
3.44886,0.68087,0
0.79866,-0.56981,0
1.39718,-0.72614,0
-0.29079,-0.42853,0
0.17601,-1.1536,0
0.0915,-0.81211,0
1.86712,1.19842,0
1.43448,-0.17885,0
1.93471,-1.04668,0
0.48967,-1.1315,0
3.457,0.79732,0
0.43393,0.58262,0
1.86605,0.94033,0
1.07725,0.05747,0
3.20475,-0.56509,0
1.88005,-0.52053,0
2.21815,0.53887,0
2.77036,0.61527,0
1.54101,-0.96723,0
3.06623,0.20237,0
3.15615,-0.21334,0
3.34734,-0.50326,0
-0.08329,0.83296,0
0.20654,0.0936,0
0.46042,0.27808,0
3.34005,0.37159,0
1.25852,0.23231,0
1.69543,1.22614,0
0.86558,0.77724,0
1.88735,0.14257,0
-0.11644,-0.61732,0
1.34946,0.42173,0
2.97565,1.01138,0
3.05735,-0.54637,0
0.53509,1.01884,0
2.26914,0.60795,0
-0.39924,-0.22409,0
1.55309,-0.56662,0
3.20568,0.49644,0
1.43103,0.04073,0
-0.32737,0.0108,0
0.33364,0.13002,0
1.43972,0.97814,0
1.24746,-1.11225,0
-0.29465,0.72485,0
3.31704,-0.4844,0
0.68356,0.61749,0
1.60442,0.18225,0
1.06226,-0.10855,0
2.62924,-1.14147,0
2.27959,0.14964,0
0.5251,-0.18772,0
3.30188,-0.21028,0
2.41849,0.43724,0
0.92876,0.65572,0
2.12993,-0.05755,0
2.26921,-0.92861,0
0.71638,0.88503,0
3.01381,0.99507,0
3.15572,0.24293,0
0.07978,1.20787,0
1.40332,-0.12462,0
3.3936,0.18276,0
-0.06136,1.03601,0
3.05443,-0.90652,0
1.78101,0.54024,0
0.69682,0.21175,0
2.25648,0.66561,0
1.61293,1.02522,0
0.94136,-0.92578,0
1.59324,-1.2353,0
0.14881,-0.1646,0
0.10699,0.81602,0
0.75238,-0.46023,0
2.98601,-0.5642,0
2.71901,1.1127,0
3.04963,-0.48162,0
0.12167,-0.75208,0
1.01005,-0.78108,0
3.17198,1.1863,0
0.54987,0.06073,0
0.05686,-0.07187,0
2.15019,1.16213,0
1.35261,0.9531,0
3.06863,-0.95568,0
0.6639,1.16314,0
1.25884,0.50873,0
2.48189,-0.09922,0
0.96837,-0.10344,0
-0.17622,-1.16993,0
0.46068,-0.59189,0
2.22222,0.98174,0
1.22336,-0.81558,0
3.3645,-1.10193,0
3.45108,-1.07979,0
1.3355,0.28764,0
3.1579,-0.97201,0
3.32448,-0.49723,0
1.1844,0.47909,0
0.19892,0.52938,0
2.50699,-0.86641,0
1.85158,-0.84538,0
0.89347,0.33545,0
-0.27084,0.55764,0
0.82777,0.09088,0
1.11722,0.56544,0
-0.2957,0.03749,0
-0.40771,-0.69251,0
0.59759,-0.419,0
0.0672,1.24298,0
-0.45776,0.52039,0
2.51433,0.93347,0
3.14429,-0.03555,0
2.49984,0.46235,0
0.16596,0.33953,0
2.45454,-0.28239,0
2.26542,0.56827,0
2.0754,-0.96035,0
0.4428,-0.88471,0
0.7546,-0.07172,0
3.41696,1.19735,0
1.03495,0.27051,0
3.17294,-0.41424,0
2.58595,1.15386,0
3.3985,-0.67023,0
3.14148,0.51846,0
2.29218,0.59997,0
3.05655,-0.73689,0
1.57575,0.23862,0
0.47776,0.63759,0
2.66782,0.28529,0
2.446,0.29392,0
2.95486,0.16798,0
1.31881,0.93836,0
1.57341,-1.20774,0
0.81046,0.86808,0
3.33846,-0.68309,0
1.26173,0.64159,0
1.46066,0.67208,0
2.38728,-0.99181,0
2.43208,-0.00517,0
3.11577,-1.17556,0
3.11917,-1.10792,0
2.19532,-1.21611,0
1.32172,-0.1891,0
-0.4623,1.1157,0
1.09642,-1.05526,0
2.47086,1.23574,0
1.02848,0.55587,0
0.29517,-0.8362,0
2.25994,-0.66165,0
-0.4466,-0.60076,0
0.12242,-0.93834,0
0.5215,0.7427,0
3.15827,0.45943,0
1.46481,0.92844,0
1.85442,0.8704,0
1.5364,0.27735,0
1.36954,0.03009,0
1.94406,-0.5281,0
1.65732,-0.56378,0
0.55459,1.18727,0
0.1402,-1.20769,0
2.83645,1.06473,0
2.82208,0.31484,0
2.92485,-0.51078,0
2.92973,-1.15704,0
-0.35569,-0.15928,0
2.11195,-0.75105,0
2.47113,1.17095,0
-0.10244,0.1852,0
-0.22185,-0.53991,0
1.69034,0.92685,0
3.11041,-0.35754,0
-0.25408,0.74189,0
2.78508,-0.90683,0
0.58048,-0.96036,0
1.81727,0.56028,0
2.03363,-0.97688,0
1.71014,-1.21411,0
2.57091,-1.10856,0
2.21482,-0.8918,0
2.25928,0.15525,0
2.81245,-1.14446,0
2.39206,-0.37649,0
1.03545,-1.22068,0
2.43046,-0.18746,0
3.44588,0.24675,0
1.45959,-0.02705,0
1.92665,-0.45011,0
1.01821,-0.36933,0
-0.33037,-0.33457,0
0.35832,-1.05617,0
2.37248,0.97767,0
0.55255,-0.17304,0
0.79197,-0.53164,0
3.37135,-0.39589,0
1.62123,-1.13768,0
-0.43148,-1.00366,0
-0.46802,-1.07852,0
2.17569,-0.78016,0
2.33777,1.11077,0
3.06136,-0.00601,0
1.17633,-0.4284,0
0.12472,-0.94295,0
2.76048,-0.95731,0
2.47132,-1.18628,0
1.42215,-0.8697,0
0.34568,-0.7433,0
2.20433,-0.11952,0
2.72104,-0.40538,0
2.56542,-0.30763,0
0.79738,0.07291,0
1.58834,0.73115,0
-0.15742,0.0638,0
-0.44506,-0.56861,0
-0.23543,0.95251,0
1.60221,-0.07179,0
3.25679,-1.11111,0
0.53954,0.02876,0
-0.39705,0.76265,0
1.83748,-0.40796,0
0.35453,0.17863,0
3.00626,-0.37983,0
0.23916,-0.50067,0
2.96052,-0.08916,0
2.11625,-0.73537,0
1.62607,1.17063,0
0.582,0.52503,0
3.18198,-1.09541,0
0.07901,-0.6314,0
3.29424,0.71744,0
3.36791,0.07979,0
3.30649,-0.46298,0
2.60399,0.34053,0
2.77957,0.84312,0
2.01223,-0.01896,0
0.75791,-0.00579,0
3.13777,1.13682,0
3.45528,-0.68849,0
1.09508,-0.38422,0
3.30697,-0.55419,0
-0.2031,0.08117,0
2.30234,0.43204,0
0.99358,0.30477,0
1.94169,1.07726,0
-0.19718,0.75278,0
3.37557,0.70981,0
2.96955,0.87013,0
1.68138,-0.4667,0
0.00928,0.0723,0
1.77877,0.71651,0
0.90625,-0.49232,0
1.29248,-0.87571,0
0.72955,-0.24655,0
-0.32935,1.00137,0
2.78519,0.49922,0
2.97268,-0.86318,0
2.18154,1.04363,0
1.09713,0.48174,0
2.03815,0.10453,0
1.21245,-0.11053,0
1.05445,-0.94531,0
0.96789,0.24489,0
0.76314,-0.00316,0
2.78836,-0.65036,0
0.74212,-0.99267,0
0.46183,-0.93929,0
1.48234,-0.63373,0
1.88921,0.40302,0
0.87323,1.23198,0
2.62676,-0.75772,0
2.03199,0.79057,0
1.21223,0.89471,0
2.78896,0.72933,0
0.55637,0.05621,0
0.03536,0.49563,0
3.35969,0.807,0
2.85667,-0.69285,0
1.1866,0.89294,0
0.12336,-0.71894,0
-0.20243,0.37475,0
2.38127,0.69058,0
1.0162,1.03217,0
2.68381,0.26084,0
0.46482,0.88916,0
1.78427,0.44489,0
2.73417,0.43923,0
-0.11807,0.99444,0
2.7791,0.87248,0
-0.01787,0.22155,0
-0.45279,0.08995,0
1.60759,0.8567,0
2.8341,0.46772,0
2.35962,-0.92334,0
1.79756,-0.92938,0
1.63279,-0.73414,0
3.16498,0.53361,0
2.46154,1.16857,0
1.41123,-0.31746,0
0.26469,1.21586,0
1.60504,0.17123,0
1.65837,-0.23194,0
-0.04299,0.08578,0
1.40734,-0.40434,0
3.37981,0.25234,0
2.83354,-0.59339,0
1.71507,0.63686,0
2.97976,0.76363,0
1.67705,0.34469,0
1.01242,-0.4712,0
1.71968,1.19017,0
3.27543,-0.66401,0
0.25802,0.88536,0
2.04171,0.22822,0
1.78491,-0.43249,0
1.06192,0.26182,0
1.54836,1.02553,0
2.88586,0.49322,0
-0.18941,0.32058,0
2.91214,0.16113,0
1.39261,-0.53429,0
1.91594,0.93093,0
1.77756,-0.33131,0
0.04702,-1.12883,0
1.95175,-0.14173,0
2.96816,0.85211,0
0.10667,1.17387,0
1.81879,-0.85984,0
2.94152,0.05139,0
2.36329,-0.84929,0
0.39539,-0.32635,0
0.42564,-0.91769,0
0.10607,0.54565,0
0.04964,-1.23635,0
0.66923,-0.81435,0
1.3113,-0.10161,0
-0.02748,0.776,0
0.02206,0.9124,0
0.98947,-1.13358,0
0.29758,-0.71711,0
2.58843,0.75334,0
2.10392,0.54885,0
2.77885,0.48861,0
0.35564,-0.895,0
2.91753,-0.98922,0
-0.22587,-0.85999,0
0.89715,1.14539,0
1.108,0.7374,0
2.95465,0.04954,0
2.51347,-0.57728,0
1.96861,-0.53751,0
1.07003,0.35692,0
1.37309,0.21933,0
1.73795,-0.98179,0
-0.26592,0.30871,0
-0.06221,-0.53499,0
1.39573,0.50792,0
2.65225,0.41082,0
3.21151,-0.28563,0
3.13486,-0.17482,0
0.77476,-1.088,0
-0.1171,0.05131,0
1.48932,-0.77966,0
1.14289,-0.29254,0
2.88271,-0.05863,0
0.58371,-0.28629,0
2.74958,0.59786,0
0.03121,-0.66685,0
0.24172,0.94728,0
1.13091,-0.17843,0
2.68662,1.0792,0
2.19875,-0.95108,0
-0.21299,-0.02237,0
2.18046,0.87511,0
1.10563,-1.17315,0
2.33774,0.48435,0
-0.49211,0.53863,0
2.0794,-0.40587,0
-0.19593,0.98398,0
1.56665,0.90452,0
0.15855,0.63591,0
2.26338,0.33057,0
3.38666,-0.95085,0
2.47213,0.15946,0
3.22862,-0.15423,0
0.2359,-0.87413,0
1.09956,0.82934,0
0.75529,-0.35361,0
1.2366,-1.21811,0
-0.21887,-0.93099,0
1.71413,-0.19614,0
2.4678,-0.65351,0
1.30132,-0.46869,0
2.92689,-1.24309,0
1.56079,-0.89698,0
1.54343,0.12148,0
1.64015,-0.05807,0
1.45431,-0.29549,0
-0.15196,0.20544,0
-0.2854,-0.92255,0
1.23879,-0.14119,0
2.9947,0.59765,0
-0.43395,-1.02308,0
2.65019,1.18791,0
3.23487,-0.83636,0
2.979,-1.15291,0
1.82738,0.31621,0
0.65079,0.21212,0
2.04853,-0.4687,0
-0.49262,0.57774,0
2.8441,-0.08653,0
1.16915,-0.17064,0
0.73226,-0.26257,0
2.7853,0.45015,0
0.3907,-1.11221,0
0.67843,0.90913,0
2.14486,0.23606,0
3.26045,-0.29838,0
0.35985,0.73163,0
3.33331,0.35193,0
1.36602,0.47606,0
2.21278,-0.16629,0
0.64378,-0.36391,0
2.16203,-0.40517,0
2.43456,0.05999,0
-0.39943,-0.46159,0
0.35479,1.10578,0
0.88378,-0.94205,0
2.16608,0.47013,0
0.68322,0.4831,0
1.20512,-0.74568,0
2.73236,0.94313,0
0.06987,-0.68019,0
0.02039,-0.91744,0
2.46047,-0.15268,0
1.8228,-0.099,0
0.5691,0.32898,0
2.11713,-0.26161,0
1.50199,-0.65286,0
0.42632,0.44582,0
-0.22815,-0.14783,0
0.56193,-0.40389,0
2.74151,-0.82624,0
0.01779,-1.06906,0
2.87325,0.26756,0
0.0305,0.93973,0
3.14779,0.15999,0
0.43974,0.48501,0
1.78264,-1.23689,0
-0.35966,-0.21539,0
2.59359,0.3028,0
3.03501,-1.02156,0
-0.04324,-0.93835,0
0.58132,0.4625,0
0.33429,-0.01977,0
1.96807,-0.43782,0
0.64278,-0.15996,0
1.49621,-1.21523,0
-0.39784,-0.95044,0
3.45671,-0.76216,0
0.65376,-0.18669,0
3.11112,-0.80153,0
0.65365,-0.25569,0
2.48153,1.04584,0
3.28606,-0.52967,0
0.49111,-0.67148,0
2.02068,-1.16889,0
0.59971,0.03242,0
2.3616,1.18881,0
2.82179,0.90946,0
1.57954,0.53113,0
-0.00039,0.19799,0
1.75243,1.00214,0
1.69987,-0.47127,0
1.31263,-0.86653,0
0.91619,-0.60101,0
3.45387,-1.09003,0
3.08503,-0.11162,0
0.92338,0.80177,0
1.49677,-0.36871,0
0.51243,0.13164,0
-0.42112,-0.16684,0
2.31183,0.90895,0
0.6851,-1.14638,0
0.27044,-0.11302,0
0.16039,-1.21753,0
-0.29516,0.22601,0
1.29092,-0.64975,0
2.3272,-0.40382,0
0.5706,0.80652,0
2.4697,-0.44434,0
1.23926,-0.22358,0
0.10794,1.03353,0
2.09157,0.90062,0
-0.19609,1.08786,0
1.38456,1.14152,0
3.18471,-0.07506,0
3.13249,1.04153,0
3.14082,-0.08828,0
3.11701,0.94237,0
2.12587,0.68589,0
3.21057,0.03942,0
0.03563,0.60619,0
1.93188,-0.63768,0
0.80478,0.4342,0
0.59159,0.42519,0
3.41714,1.10196,0
2.4604,-0.5029,0
0.07568,1.06461,0
3.12473,-0.32215,0
2.75037,0.96921,0
0.74576,-0.32583,0
0.50908,0.44315,0
-0.11345,-0.53439,0
3.35272,0.14678,0
1.34872,-0.19323,0
0.96705,0.01623,0
1.90665,0.83283,0
3.14482,-0.28547,0
1.39006,-0.35508,0
1.09846,1.18259,0
3.06259,-0.53738,0
1.06558,0.52474,0
2.56315,1.13967,0
1.23745,0.95149,0
0.59909,0.89067,0
2.95099,1.20175,0
1.14607,0.02375,0
2.79367,1.07471,0
1.71184,1.09677,0
2.68385,-0.93898,0
2.99074,-0.31933,0
3.19652,1.1022,0
1.61366,-0.69833,0
2.35126,1.15382,0
1.81663,-0.70171,0
-0.09245,-0.92837,0
1.45998,0.97378,0
2.31191,0.14254,0
0.98144,-1.11895,0
1.45581,-0.60463,0
1.21374,-0.19416,0
-0.15948,-0.09719,0
0.61476,-0.12322,0
-0.17669,-1.07436,0
2.86224,0.06237,0
-0.02309,-0.07191,0
1.18379,0.3045,0
0.90422,-0.50861,0
2.17566,0.11674,0
3.46878,-1.07388,0
1.93325,-1.01545,0
1.99111,-0.31904,0
2.46715,-0.19192,0
3.39321,0.29194,0
2.9065,-0.17271,0
-0.02659,-0.03711,0
-0.06959,1.17995,0
1.46688,-1.24087,0
-0.15569,-0.66356,0
2.78387,0.69902,0
1.66195,-0.58929,0
1.69034,-0.72316,0
1.90365,-1.05813,0
1.97703,-0.36599,0
0.70922,-0.64193,0
-0.37956,-0.52135,0
-0.03151,0.12391,0
1.82154,-0.75062,0
3.41814,-0.81902,0
2.75363,-0.86608,0
1.44647,0.12389,0
0.02889,-0.11337,0
3.00455,0.46416,0
1.25565,-1.03506,0
-0.17484,0.29796,0
1.66126,-1.12979,0
0.9142,-1.24234,0
1.25266,-1.0277,0
-0.31777,-1.1015,0
0.28306,-0.54069,0
2.59866,-0.51101,0
1.61702,1.07812,0
0.14984,-0.01229,0
-0.21965,-1.10056,0
0.72993,-0.80503,0
1.48439,-0.89571,0
2.19731,1.13562,0
2.6865,0.56024,0
0.9715,0.12934,0
1.34524,-0.26744,0
-0.29142,-0.27262,0
1.61973,-0.1679,0
2.01805,0.98215,0
2.57197,0.14886,0
2.90591,-0.3252,0
-0.12021,0.98716,0
2.55098,0.21674,0
0.88128,-1.23958,0
0.38193,0.24569,0
0.17514,0.66337,0
0.68854,-0.85958,0
0.50066,-1.09955,0
0.03013,0.87492,0
3.30173,0.79702,0
0.657,0.14831,0
2.40689,0.12342,0
0.13638,-0.68768,0
0.85508,0.19977,0
1.76882,1.10461,0
2.43148,-0.91697,0
0.07978,0.859,0
2.67477,1.14827,0
1.49727,-0.51703,0
3.06553,-0.82515,0
1.64677,0.11484,0
2.65155,1.06357,0
1.33434,-0.78557,0
1.77575,1.19807,0
2.61352,-0.82053,0
2.63231,0.40798,0
0.6848,0.80664,0
2.65556,1.01547,0
2.92546,-0.67519,0
0.75315,1.09216,0
0.55473,-0.5894,0
1.69832,1.03313,0
0.65922,-0.8786,0
3.4385,0.12135,0
2.85551,0.86879,0
-0.40152,0.01648,0
2.38698,0.09294,0
0.27113,-0.98081,0
-0.001,0.64234,0
0.12773,-0.93952,0
1.58884,1.09769,0
-0.02527,1.13174,0
1.11457,-1.09025,0
1.04996,-0.25918,0
2.16415,1.20465,0
0.4312,0.32606,0
0.9885,-0.20091,0
-0.49001,1.10253,0
0.09296,-0.34286,0
3.10085,0.51803,0
0.31751,0.62014,0
2.48251,0.458,0
-0.01119,-0.83924,0
-0.04443,0.6285,0
1.10393,0.78744,0
3.02356,-0.51053,0
2.93555,-1.02186,0
0.30356,1.23586,0
2.98113,-1.00649,0
-0.43737,-0.42543,0
2.25678,0.73548,0
0.68796,-1.12614,0
1.86182,0.77131,0
-0.10521,-0.38417,0
1.8245,0.40992,0
2.71297,0.54388,0
-0.22548,-0.75688,0
1.32866,-1.06744,0
0.81082,-1.02328,0
0.70314,0.20263,0
0.5392,-0.68973,0
1.42063,-0.59876,0
1.69637,0.13905,0
0.7167,0.98279,0
0.43651,-0.01475,0
0.91458,1.23269,0
0.82577,-1.17876,0
-0.27862,0.2659,0
2.47016,-0.37461,0
0.53261,1.18053,0
2.79533,0.55067,0
1.17795,0.90913,0
1.38383,1.01193,0
2.80127,0.11902,0
1.49992,-0.07045,0
-0.06789,-0.46635,0
3.4102,-0.11709,0
2.75729,-0.12093,0
0.40248,0.20244,0
2.50337,-1.08101,0
1.99865,0.38978,0
1.09928,-1.12104,0
1.01536,-0.97166,0
0.9945,0.32017,0
3.01899,1.02589,0
-0.47305,0.38035,0
1.66869,-0.68338,0
0.84304,0.1273,0
0.09772,0.63124,0
3.00484,-0.53314,0
2.34201,0.68738,0
0.85805,-0.64272,0
0.67521,0.37782,0
2.97006,-0.84951,0
3.20681,-0.6198,0
1.47996,-0.18435,0
0.69553,0.29804,0
1.4024,0.37811,0
1.75681,-1.17191,0
1.44757,0.54094,0
3.20452,-0.7036,0
0.50698,-0.29477,0
0.49212,-0.24384,0
0.74096,0.72454,0
0.64397,-0.57452,0
2.20703,-0.56926,0
3.27056,-0.81841,0
-0.1915,-0.9895,0
2.40837,1.02025,0
-0.28147,0.30435,0
2.05933,-1.02521,0
0.66814,0.66255,0
2.76822,0.24045,0
3.24219,0.51079,0
1.11983,-0.30964,0
2.81555,-0.37449,0
-0.43622,0.88398,0
-0.2001,0.70127,0
0.81181,-0.32313,0
1.52125,1.0804,0
2.17628,-0.14543,0
3.12485,0.02617,0
2.21229,-1.10272,0
2.33875,-0.23711,0
3.32539,1.13191,0
0.50345,0.69449,0
-0.27956,-0.65148,0
0.10547,0.18254,0
1.43932,-0.25843,0
0.28578,0.61693,0
1.84484,-0.25668,0
3.04294,0.6697,0
1.50854,1.17924,0
1.82866,0.01029,0
1.7286,0.54151,0
-0.42436,-0.01823,0
2.31386,-1.16157,0
0.56769,-0.4508,0
1.04129,0.44478,0
-0.13919,-0.20883,0
-0.48218,0.81097,0
-0.42626,0.76632,0
-0.40886,0.43929,0
0.37943,0.36222,0
-0.3066,-0.61769,0
2.8744,-0.32478,0
-0.08036,-0.08664,0
2.97301,-0.7977,0
2.11583,-0.48855,0
1.83087,-0.86405,0
1.98533,-0.4939,0
1.25279,0.79335,0
-0.2612,-1.01228,0
0.0838,0.8896,0
1.28885,-0.53536,0
0.91553,-0.63605,0
1.62016,-0.66673,0
1.73701,0.78893,0
1.77687,-0.99208,0
-0.37142,-0.92147,0
2.99821,0.35946,0
0.95223,0.21577,0
0.61371,-0.78601,0
-0.40745,0.8217,0
0.50131,-0.07287,0
0.6725,-0.22326,0
1.81689,0.58468,0
0.21753,-1.07782,0
3.48889,-0.71162,0
0.08245,-0.42898,0
-0.27501,-0.86024,0
1.03863,-0.25677,0
3.00966,-0.45787,0
0.04066,0.65593,0
1.40992,-0.34359,0
2.27078,0.15582,0
1.44505,-0.16554,0
3.15792,-0.62583,0
1.10781,0.63505,0
1.33511,-1.19483,0
0.86592,-0.18352,0
1.90324,0.51365,0
2.32691,0.14558,0
1.87762,-0.09138,0
1.32308,0.18519,0
-0.30583,-1.12435,0
-0.09773,-0.13303,0
1.56944,-1.14132,0
3.11145,1.05498,0
-0.40627,0.25106,0
0.47738,0.55963,0
1.05204,0.26503,0
3.07521,0.23808,0
1.03349,-1.07601,0
1.75661,-1.20082,0
3.05968,-1.08264,0
0.37842,0.69454,0
1.62322,0.43396,0
-0.2842,1.0486,0
2.39618,-0.34911,0
1.37817,0.03189,0
1.2637,-0.91276,0
2.39559,1.1995,0
0.05366,-0.54299,0
3.1864,0.06387,0
0.95878,0.56244,0
3.3055,-0.04678,0
-0.05735,-0.21857,0
1.74444,-0.9678,0
0.21092,-0.36413,0
3.28971,1.04726,0
2.31758,0.91109,0
1.54653,-1.10112,0
2.93355,0.4733,0
1.20626,0.40793,0
0.62845,-1.10008,0
-0.3059,0.04094,0
-0.06929,0.40465,0
-0.02273,0.17226,0
2.03529,1.16965,0
-0.19478,0.85121,0
0.06356,-1.00263,0
1.48643,0.76317,0
-0.10035,1.0924,0
1.41124,0.49109,0
0.62817,0.77676,0
1.32307,-1.16835,0
1.48937,-1.08194,0
0.35625,-1.07967,0
1.76347,0.9311,0
0.60538,-0.15784,0
1.97992,0.0778,0
-0.2048,-0.55161,0
-0.03179,-1.02524,0
0.45365,0.65241,0
1.61003,0.22771,0
1.9744,1.21424,0
2.62883,0.66408,0
1.24928,0.03846,0
0.46479,-0.1682,0
2.68659,1.19258,0
1.51721,-0.95749,0
1.23131,0.96379,0
1.82614,1.20275,0
2.02814,0.34115,0
1.53396,-1.16177,0
2.85032,-0.53192,0
2.09615,0.91458,0
2.6219,0.55618,0
2.39431,1.23834,0
-0.03419,0.35978,0
0.67349,0.39195,0
1.33744,-0.4805,0
-0.25826,1.01861,0
3.16517,-0.57051,0
2.53028,-0.9345,0
1.46778,-0.46055,0
2.29234,0.89744,0
1.68756,-1.18415,0
1.40709,0.32213,0
1.18504,0.67634,0
2.91252,-1.21152,0
0.86162,0.99293,0
0.70767,0.16759,0
0.90762,-0.39932,0
0.40978,1.18636,0
-0.19914,-0.10763,0
2.34623,-0.38951,0
2.90105,-0.04622,0
3.29639,-0.75432,0
0.29475,1.04242,0
2.21598,0.77689,0
0.1281,-0.61728,0
0.52352,0.95662,0
1.20828,0.9698,0
0.15758,0.30863,0
2.43586,1.20315,0
-0.18217,0.21513,0
1.36745,-0.82996,0
1.08161,0.40527,0
0.11213,-1.23707,0
0.27048,0.03876,0
2.38453,-1.22928,0
1.45703,0.36907,0
-0.35324,-1.11313,0
2.69576,-0.94006,0
2.8051,-0.51533,0
0.17592,-0.28451,0
2.62158,0.77853,0
3.46042,-1.11503,0
3.35727,0.3006,0
2.83139,-0.74379,0
3.02999,-0.28355,0
2.53868,0.86898,0
2.8786,0.6597,0
1.04276,-0.4865,0
0.9955,0.7338,0
2.83456,0.24749,0
3.14486,-0.41267,0
2.93696,-0.31743,0
3.43365,-1.24962,0
1.7218,-1.19297,0
2.66472,0.19617,0
3.27484,0.32356,0
3.46099,-0.23931,0
-0.12481,0.58545,0
1.06267,-0.40582,0
1.81284,-0.71729,0
1.61268,0.70381,0
2.5951,0.46961,0
0.13467,-0.00583,0
3.48332,-0.84792,0
2.89627,-0.38534,0
2.37544,-0.15089,0
1.22198,-0.00881,0
1.86961,-0.42358,0
1.39816,-0.45305,0
1.0272,-0.44975,0
-0.16878,-0.85234,0
1.07146,0.86849,0
1.82506,-0.10467,0
1.9281,-0.78326,0
0.05451,-0.05389,0
0.17299,0.30241,0
2.17749,1.09511,0
0.70143,-1.21005,0
0.37301,-1.1172,0
3.32143,-0.39918,0
2.0551,0.58763,0
1.06237,0.2433,0
2.26659,0.92537,0
0.94318,-0.77672,0
3.29906,0.81917,0
1.17052,0.4697,0
0.79067,-0.10394,0
2.80531,0.57863,0
3.49708,0.37171,0
-0.14607,1.04599,0
0.48362,1.08507,0
3.02357,0.44854,0
1.44032,-0.89988,0
2.9979,0.43506,0
1.1393,-0.70473,0
2.56847,0.13109,0
0.12444,-0.06049,0
1.16072,0.91217,0
0.20174,-0.73143,0
2.64364,0.21622,0
3.21907,-0.52744,0
1.23341,0.32305,0
0.52592,-1.04477,0
0.01887,0.40393,0
3.00967,0.0027,0
3.23724,0.64045,0
1.19529,1.09912,0
0.9986,0.8622,0
2.17869,-0.15795,0
0.33076,0.77719,0
3.42267,-1.06056,0
2.28901,0.68943,0
0.48843,-1.18358,0
2.65286,-1.18196,0
3.38886,0.14531,0
0.78953,-0.54365,0
-0.3584,-0.99808,0
1.77784,-0.92368,0
0.15533,-0.12228,0
3.24593,-0.8777,0
-0.44887,-0.98919,0
3.46354,0.623,0
3.28621,-0.24191,0
0.33923,0.90177,0
0.96926,0.70222,0
0.59216,-1.16654,0
-0.3987,-0.34868,0
2.96065,1.18979,0
3.23619,0.64873,0
3.43269,0.25608,0
0.60602,0.75562,0
-0.43462,0.82461,0
0.02414,-0.0035,0
3.44673,0.62476,0
0.19485,-0.31669,0
1.70223,0.36013,0
2.31102,0.78997,0
3.02368,-0.98517,0
3.3681,0.78751,0
-0.38677,1.0915,0
-0.15375,0.69617,0
2.50116,-0.84606,0
3.33023,0.07633,0
1.0186,-1.01152,0
1.62722,0.03412,0
1.29346,0.43693,0
3.47997,-1.09978,0
3.04753,-0.60155,0
0.06425,-0.05547,0
2.18922,-0.8677,0
3.46254,0.28762,0
1.76786,-0.09888,0
2.08939,0.04126,0
2.8183,1.18535,0
3.07867,1.08741,0
2.7281,1.06288,0
3.26088,-0.70882,0
1.0419,-0.01013,0
0.91005,0.84966,0
0.29027,-0.22329,0
0.34285,0.11157,0
0.68103,0.91598,0
1.23507,0.69273,0
0.74164,0.92347,0
0.32807,0.69031,0
3.0715,1.02122,0
2.25123,-0.04348,0
2.41751,-0.62133,0
2.5044,-0.60656,0
1.85121,-0.1945,0
3.23737,0.59884,0
2.51466,0.51354,0
0.15867,0.76673,0
0.65803,-0.04653,0
0.56171,0.18365,0
3.16005,0.67564,0
2.66118,0.25643,0
1.45482,-0.58403,0
2.28133,-0.34233,0
1.4808,0.64925,0
3.11041,0.85993,0
0.69151,0.67531,0
2.72447,-1.19847,0
3.1252,0.35255,0
2.80518,-0.11735,0
3.35755,-1.23897,0
1.75517,-0.47684,0
2.9595,-0.46151,0
0.68986,1.0854,0
3.35107,-0.58377,0
0.4034,-0.50063,0
2.01611,-1.15845,0
2.63027,0.35623,0
-0.00095,-0.54927,0
2.6278,0.71064,0
1.6252,0.93349,0
1.97121,0.43198,0
2.54069,0.86634,0
0.37685,1.04288,0
0.52918,0.67743,0
0.58906,0.65481,0
0.03229,1.06021,0
2.02913,0.14234,0
0.33494,-0.26372,0
3.16328,1.01578,0
1.82239,-0.46323,0
2.57241,0.0048,0
1.87531,0.51562,0
0.55638,0.6912,0
2.58526,0.7869,0
2.99276,-0.45349,0
2.59888,0.63502,0
2.75522,0.42961,0
1.42765,-0.72059,0
0.65485,-1.01637,0
1.64799,-0.87536,0
1.59371,-0.60117,0
-0.32446,-0.95268,0
-0.44409,-0.30105,0
-0.06382,0.18279,0
0.93792,-0.95024,0
0.69093,0.52486,0
2.84165,1.11202,0
0.73455,-1.15112,0
2.00209,0.7449,0
2.39146,0.77353,0
3.30094,0.40144,0
1.29155,-0.17392,0
2.97061,-0.5004,0
3.48413,0.30913,0
3.47482,-0.65733,0
1.14104,1.11601,0
0.64359,-0.88665,0
1.05802,1.23885,0
1.67782,-1.13219,0
1.65364,-0.13292,0
0.69946,1.04155,0
-0.45905,-0.94848,0
1.48591,0.17091,0
1.21237,0.59592,0
2.30439,-0.75386,0
1.16449,0.64032,0
1.6577,0.74583,0
2.0881,0.68209,0
0.67647,-0.62063,0
1.1774,-0.80362,0
3.09361,-0.96452,0
2.31922,-0.10782,0
0.74435,0.88778,0
2.446,-1.01589,0
-0.08101,-0.94197,0
0.43091,-0.13463,0
2.41459,0.59786,0
3.12963,-1.23329,0
0.43431,0.2337,0
1.3794,-0.02333,0
0.40189,-0.59574,0
3.24191,1.21914,0
1.56557,0.38617,0
0.12724,-0.52583,0
-0.34673,0.66025,0
1.74375,-0.31531,0
2.2257,-0.5696,0
1.05864,-0.67073,0
1.19095,0.78905,0
1.63611,-1.11412,0
0.95317,0.12325,0
1.03647,-0.61336,0
0.9125,0.31098,0
3.48454,0.46741,0
0.33206,1.12166,0
1.59722,0.91515,0
-0.28129,-0.77395,0
1.4481,-0.25306,0
-0.20688,0.18291,0
-0.3316,-0.35005,0
2.75815,-0.31305,0
-0.1258,0.5389,0
0.15684,0.1745,0
1.68995,0.31533,0
1.09153,0.06095,0
2.42013,0.91894,0
2.16451,0.69034,0
2.85013,-0.31464,0
0.32041,-1.10119,0
2.00292,-1.00746,0
1.61617,-0.53627,0
-0.14763,-0.79923,0
-0.49259,1.23593,0
1.14643,-0.14879,0
1.71294,0.37715,0
3.21372,-1.20288,0
0.85126,-1.09101,0
2.26534,-1.1772,0
0.49223,0.12291,0
3.2628,-1.12061,0
-0.45138,0.92293,0
3.07649,-0.86411,0
3.46618,1.03138,0
2.53706,-0.74975,0
1.18439,-0.18864,0
0.27919,-0.39312,0
3.37756,0.75653,0
2.72535,-0.95922,0
3.14324,1.01835,0
0.72095,-0.61313,0
1.729,0.94381,0
-0.19214,-0.05908,0
1.52447,0.98621,0
1.65511,-0.12694,0
1.91642,-0.73852,0
2.29095,1.12799,0
2.61047,-1.19006,0
2.05047,-0.16968,0
-0.27444,0.81533,0
1.80146,-0.22293,0
2.69245,0.7653,0
-0.03206,0.37442,0
1.50271,0.45052,0
1.02939,0.03033,0
2.23183,-1.06031,0
0.93409,-0.86813,0
1.76004,-0.41214,0
1.01896,1.17001,0
2.65609,0.6297,0
1.53166,0.21546,0
3.02719,-0.58247,0
0.05309,0.47335,0
-0.16231,0.28815,0
3.38608,-0.34147,0
0.59854,-0.4177,0
2.06992,0.13447,0
1.89608,1.244,0
2.57599,0.41759,0
2.34013,0.28569,0
0.10834,0.7183,0
3.34072,-0.26603,0
2.55989,-0.70637,0
0.41987,-0.54393,0
0.6992,-0.09036,0
2.25342,-1.01169,0
1.69595,-0.66505,0
3.08071,0.14543,0
0.45303,-0.01487,0
3.18372,0.98339,0
1.37044,-0.42808,0
2.97297,-1.18877,0
1.28647,0.07725,0
-0.4291,0.01153,0
3.37552,-0.53685,0
2.07496,0.5161,0
1.89904,0.30009,0
2.50451,1.23789,0
2.80478,-1.11204,0
2.81249,-1.20426,0
2.18279,1.21,0
1.08655,-0.07212,0
0.27983,-0.79329,0
0.62404,-0.86361,0
0.99697,-0.03971,0
2.06653,-1.09916,0
3.3146,-0.38165,0
-0.06298,0.74902,0
2.92542,1.00896,0
1.80468,-0.68772,0
-0.48407,-1.01199,0
0.32099,0.52154,0
1.26151,-0.19747,0
2.28791,-1.19486,0
0.81343,-0.45551,0
2.0174,0.10163,0
2.24371,0.18968,0
2.51699,-0.10602,0
-0.07945,-0.6311,0
3.20777,0.61712,0
3.09311,-0.89817,0
0.64098,-0.40955,0
1.15332,-0.75979,0
1.02857,-1.22978,0
3.2543,-0.91239,0
0.75664,1.02759,0
2.8366,-0.87373,0
2.79204,-1.13202,0
2.27873,0.9153,0
1.18495,-1.02697,0
-0.18118,-1.01732,0
0.81576,1.04575,0
-0.33429,1.17207,0
2.0812,1.02178,0
-0.32594,0.04635,0
3.41869,0.71482,0
1.71098,0.89401,0
0.22079,-0.70973,0
-0.31611,0.10959,0
2.04012,1.20557,0
1.43092,-1.10461,0
1.72436,-0.88068,0
0.30475,-0.42216,0
1.69554,-0.80894,0
0.51255,1.22803,0
1.92693,-0.74531,0
2.41355,-0.0962,0
0.27978,-0.02251,0
3.35651,1.20957,0
1.31369,1.06984,0
3.01494,0.45935,0
0.18446,0.26307,0
2.42789,-0.49171,0
3.42406,0.17297,0
1.88471,-0.36769,0
3.4793,-0.83797,0
-0.4934,-0.52504,0
1.03629,0.95929,0
0.66285,-0.41258,0
1.84662,-0.57562,0
1.90107,-0.69941,0
0.59284,0.71556,0
-0.31718,-0.16245,0
2.18874,-0.43486,0
0.41424,-0.30063,0
2.70306,-1.20659,0
0.85134,-0.3057,0
1.53486,0.67668,0
-0.01365,-1.02871,0
1.86171,-0.69048,0
3.2764,-0.86027,0
3.41631,1.02198,0
-0.26359,0.88886,0
3.45284,-0.28357,0
-0.18295,-0.28695,0
1.20588,0.05419,0
0.497,-0.77339,0
0.86786,0.76338,0
1.85745,-0.94253,0
0.26419,-0.05086,0
1.31698,-0.61001,0
3.22527,-1.04221,0
-0.18501,0.57495,0
-0.41888,-0.47326,0
3.11313,-0.84948,0
-0.27349,-1.11592,0
0.57817,0.33454,0
2.26385,1.15184,0
2.04298,0.30653,0
2.77468,-0.6396,0
1.7655,0.31546,0
1.20486,0.24682,0
0.61627,0.82646,0
3.11661,-0.70444,0
0.18506,-0.59745,0
0.10148,-1.22069,0
2.75001,0.07098,0
1.37313,0.1714,0
0.87817,-0.39327,0
-0.41455,0.34779,0
1.34047,0.76435,0
1.04523,1.13169,0
1.31705,-0.42353,0
0.37297,-0.34866,0
2.16579,1.11637,0
2.13378,-1.00798,0
1.16577,-0.30792,0
0.76805,1.09133,0
0.63294,0.7664,0
-0.25168,-0.4449,0
2.0726,-0.06224,0
1.29216,0.20119,0
1.52235,-0.8079,0
3.17313,-1.16903,0
2.81835,0.16017,0
3.22968,-0.39596,0
-0.35181,-0.72564,0
-0.23819,0.52724,0
-0.49674,0.7276,0
-0.20605,-0.33472,0
2.52339,-0.50403,0
0.08447,0.44126,0
0.90857,-0.04114,0
2.75594,-0.7294,0
1.64391,-0.86888,0
1.53276,0.86565,0
1.98936,0.05478,0
1.90789,0.12709,0
0.17281,-1.0945,0
2.97608,-0.95201,0
2.11419,0.686,0
2.74849,-0.15612,0
0.47716,-0.07089,0
2.19296,-0.24178,0
2.67127,0.13227,0
-0.47471,0.65603,0
-0.40398,-0.76471,0
2.9572,-1.02031,0
-0.02679,1.23286,0
0.46408,0.4411,0
2.2495,-0.21628,0
2.44533,0.52945,0
-0.39662,0.08599,0
2.66672,-1.10216,0
0.5288,-0.50751,0
0.61391,-0.16865,0
1.36662,-0.83334,0
3.00677,0.0885,0
2.44341,0.52082,0
2.51227,0.31129,0
0.14871,0.02722,0
3.20631,0.41313,0
3.37795,-0.28738,0
1.16954,-0.73251,0
1.54285,0.86121,0
2.30146,0.7388,0
0.6681,-0.81727,0
3.05358,-0.45581,0
2.10695,0.01038,0
0.89421,-0.50375,0
2.58386,-0.37814,0
2.47485,-0.58261,0
1.13698,1.15093,0
3.35527,-0.58299,0
2.41115,1.13545,0
-0.19104,-0.22094,0
0.57446,0.83814,0
0.37875,-0.26003,0
3.27564,1.02271,0
0.2754,-1.13818,0
2.67259,0.04958,0
0.29914,-0.14756,0
2.96014,0.22134,0
2.35139,-0.191,0
-0.00077,1.14507,0
1.34315,-0.37814,0
2.56181,-0.37367,0
1.56199,-1.10575,0
0.96632,-0.18729,0
0.17315,-0.55109,0
0.74545,-0.70269,0
3.126,-0.17517,0
3.28718,-0.74128,0
-0.47503,-0.08223,0
0.29408,-1.17357,0
1.92118,-1.06397,0
2.45079,1.09254,0
1.52032,0.86461,0
1.40777,-0.25389,0
0.04209,0.52391,0
0.90805,0.3454,0
2.34436,-0.74434,0
1.25632,1.2266,0
-0.11409,0.09016,0
0.91613,0.71328,0
1.86426,-0.99412,0
0.81412,0.76866,0
0.51508,0.1136,0
0.03676,0.63252,0
0.30475,0.8468,0
3.11945,-0.56632,0
0.16087,0.94505,0
0.00538,-0.97455,0
1.79823,-1.08324,0
0.69221,0.86835,0
0.0526,-1.08963,0
3.24911,0.75642,0
1.99952,-0.3122,0
-0.27653,0.75043,0
1.49924,0.78755,0
1.19072,0.56786,0
2.21344,-0.87692,0
1.64813,-0.91922,0
3.44312,1.14622,0
0.39228,-0.28131,0
0.80839,0.60677,0
1.26684,-0.69225,0
1.32702,-0.46261,0
0.12357,-0.48998,0
-0.11135,-0.9239,0
1.64334,-0.27406,0
2.27415,-1.04657,0
0.88262,0.13209,0
0.0076,0.86496,0
-0.09679,0.39876,0
2.54662,0.46137,0
1.33577,-0.01534,0
2.11849,1.00527,0
0.58434,-0.44623,0
0.04168,-0.42513,0
2.65365,-0.07161,0
0.30898,-1.03696,0
1.5195,0.65445,0
2.39117,-0.03054,0
2.73079,0.96007,0
0.68281,0.0347,0
1.63076,0.28375,0
3.49988,0.40416,0
2.85648,-0.06924,0
2.76417,0.89543,0
2.10262,0.49521,0
2.68794,-0.67217,0
2.85331,0.55757,0
2.37097,0.60824,0
2.66488,-1.18928,0
2.48771,-0.74806,0
1.58725,-0.55856,0
1.04478,0.43862,0
2.00401,-0.28104,0
1.74775,0.48155,0
2.19925,-0.43905,0
1.54336,-0.71571,0
-0.17943,0.07763,0
1.14772,1.06273,0
1.15303,-0.02511,0
2.75969,-0.62226,0
1.58755,1.21278,0
1.00253,-1.09344,0
-0.3516,-1.03579,0
0.17172,-0.12276,0
0.99054,-0.94326,0
2.81511,-0.72571,0
2.53078,0.99468,0
2.32364,-0.25248,0
-0.19338,-0.51681,0
2.47816,-0.24315,0
2.18054,-0.60306,0
-0.43625,0.76048,0
2.21164,-0.50167,0
3.37519,0.57687,0
0.07417,-0.98434,0
0.62988,-0.75847,0
1.04882,0.44149,0
0.17248,1.1125,0
2.09047,0.89581,0
-0.13667,0.91929,0
1.11053,-1.0468,0
0.84132,-1.07338,0
2.3813,-1.11428,0
1.90042,0.1503,0
3.01117,-0.12648,0
0.0743,-1.02257,0
0.86041,0.69506,0
-0.33741,0.64226,0
-0.1065,1.10075,0
1.94132,0.01216,0
0.18325,0.36315,0
3.21747,-1.24584,0
0.59958,0.98426,0
0.79968,0.35464,0
0.70571,-0.01172,0
0.12974,0.0556,0
2.15627,1.21913,0
1.91628,0.94985,0
0.20411,-0.55647,0
1.93795,0.10551,0
3.28891,0.06135,0
1.18957,-0.93113,0
2.58773,0.52147,0
3.40508,-0.29561,0
1.52161,0.68228,0
3.01282,-0.72256,0
1.04082,-0.77002,0
0.02104,0.68623,0
1.00307,0.93993,0
3.40229,1.10755,0
0.11658,-1.08803,0
0.54628,1.13046,0
0.7474,1.00248,0
-0.25621,-0.10236,0
-0.12242,-0.06794,0
-0.32694,-0.46188,0
0.12607,0.46049,0
0.77561,-0.48556,0
1.52686,1.24161,0
0.3624,-0.25504,0
1.28193,-0.09539,0
1.64933,-0.63751,0
3.14791,1.02593,0
3.41334,-0.78625,0
0.43981,-0.25772,0
0.32562,0.03859,0
1.23786,-1.17344,0
1.44297,-1.01978,0
3.3972,0.29532,0
0.11202,-1.22146,0
1.87152,-0.21222,0
2.68044,0.23064,0
2.34662,-0.05028,0
-0.07307,1.24144,0
0.05826,-0.46382,0
3.11462,-0.98119,0
-0.14028,0.46214,0
2.80531,-0.00835,0
3.20442,-0.06588,0
0.32499,-0.57169,0
2.81005,0.82159,0
3.44988,0.40203,0
2.92441,0.68233,0
1.03178,-0.92783,0
2.13976,0.92404,0
1.92675,-1.16464,0
3.0913,0.20069,0
0.14668,0.15399,0
2.97342,0.02765,0
1.71612,0.01068,0
2.85042,0.95066,0
1.40372,-0.54624,0
0.14758,-0.99498,0
2.03753,0.85473,0
2.08825,0.00496,0
1.23304,0.42575,0
2.80048,0.38637,0
-0.33324,1.16786,0
-0.02894,1.15157,0
2.14983,-0.53751,0
1.94886,-0.69352,0
2.13717,0.9983,0
0.45154,0.28953,0
-0.39884,0.25285,0
-0.04678,-0.1433,0
2.62921,0.43395,0
1.51797,-0.04234,0
1.36731,0.46793,0
3.01734,0.09156,0
2.52995,-0.01372,0
0.57986,-0.82964,0
0.11196,-0.39881,0
1.86537,-0.84194,0
0.72024,-0.21397,0
3.39424,-0.34203,0
0.42338,-0.64311,0
0.39055,-0.83102,0
2.66666,-0.80156,0
3.45232,-1.1638,0
1.23929,-0.78467,0
0.56079,-0.46862,0
1.25883,0.3373,0
3.28138,0.16099,0
3.17146,-0.99065,0
0.53728,-1.23696,0
2.30163,0.1775,0
2.09399,-0.94085,0
1.93373,-0.30734,0
0.17837,0.55858,0
1.07755,1.03293,0
1.93484,0.86213,0
1.63593,-0.63738,0
2.27548,0.24329,0
0.81439,0.06324,0
3.24053,-0.45974,0
0.67978,-0.39663,0
0.75727,0.59375,0
2.84673,-0.96033,0
1.75099,-0.10019,0
2.79608,-0.02007,0
2.84507,0.51374,0
-0.17461,0.9076,0
3.22869,0.72484,0
3.34242,0.544,0
0.92875,-1.03811,0
3.07295,0.67575,0
1.62371,-0.34461,0
3.34545,0.38287,0
2.20012,1.21269,0
0.26175,0.76245,0
1.68486,-0.1539,0
1.77261,-0.4382,0
2.73513,0.84296,0
0.69525,-0.15505,0
0.78617,0.35533,0
1.22548,-0.71143,0
-0.05241,0.01169,0
0.22762,0.12458,0
0.53061,-0.20604,0
2.54776,-1.17511,0
0.71613,-0.80775,0
-0.13562,0.47971,0
1.97875,1.06407,0
2.357,-0.65417,0
1.74556,-0.55581,0
0.51728,-1.13021,0
1.79481,0.5196,0
1.3176,0.63036,0
1.75041,-0.68064,0
3.00631,1.02646,0
2.43035,0.68492,0
3.08998,0.88921,0
1.65384,-0.71504,0
0.33891,-1.1546,0
0.32935,0.29061,0
0.20805,-0.65813,0
-0.36024,0.23318,0
0.82369,-0.28922,0
0.27799,-0.79115,0
-0.23697,-1.19048,0
0.97049,0.72021,0
1.28501,0.75816,0
0.34715,0.07693,0
1.9262,-0.4989,0
1.59169,1.02031,0
3.43223,0.77724,0
2.2165,1.00608,0
0.83605,0.64244,0
0.49879,-0.85425,0
1.3506,-1.1772,0
-0.2748,0.04382,0
0.9442,0.96693,0
2.68954,-0.75721,0
-0.22715,-0.32503,0
2.96526,-0.00222,0
3.04357,0.75029,0
0.16651,1.08573,0
0.49889,-0.09112,0
0.53022,-0.57237,0
2.05926,-0.30484,0
3.3247,1.04709,0
1.52622,0.91349,0
2.23543,-0.63491,0
0.19987,-1.2256,0
-0.36443,-0.39195,0
1.60404,-1.18472,0
-0.06481,-1.1206,0
2.22028,0.65414,0
2.81464,-0.20559,0
-0.04618,0.5823,0
0.1554,-0.90183,0
2.78518,0.53597,0
0.61825,-0.27531,0
-0.39037,1.07991,0
2.21003,0.03617,0
0.67189,0.15663,0
1.84016,0.73315,0
0.10454,1.17626,0
-0.23149,0.29187,0
2.4415,0.66171,0
2.42427,-0.44052,0
-0.04689,1.13894,0
1.57615,1.19856,0
2.95864,-0.29012,0
2.96972,0.85077,0
1.05398,-0.01095,0
2.91877,-0.33767,0
0.90907,0.81507,0
0.74463,0.88998,0
-0.28688,-1.08858,0
1.74302,1.1257,0
2.62683,0.74574,0
-0.28318,0.1865,0
2.16822,1.1025,0
1.57482,0.89232,0
1.91706,0.67886,0
1.50328,-0.53977,0
2.9199,-0.12573,0
2.75054,-0.98173,0
3.46334,0.07843,0
2.32359,-0.12842,0
0.60702,-0.24108,0
1.90376,0.68301,0
1.01707,-0.35267,0
2.25052,0.79583,0
0.56681,0.19914,0
1.31534,0.57428,0
2.29962,-1.02925,0
3.23485,-1.05723,0
3.30617,0.18714,0
1.19794,0.15689,0
0.80184,0.93017,0
2.80118,-0.22893,0
-0.31765,-0.04607,0
0.89398,0.27406,0
-0.4942,1.08919,0
0.86845,0.52135,0
-0.04807,0.53643,0
-0.31818,-1.01753,0
0.58065,-0.43038,0
2.18928,-0.26115,0
2.13383,1.03048,0
-0.04739,0.2723,0
0.68863,1.18172,0
3.27391,0.88086,0
0.68055,0.28456,0
3.09658,-1.0308,0
0.10708,0.36149,0
2.82059,0.18694,0
0.84265,0.71004,0
-0.3243,-1.02257,0
3.43412,-0.14604,0
1.39895,-0.17453,0
2.85237,0.40088,0
1.72783,0.03968,0
0.05739,1.15004,0
3.41636,-0.68775,0
2.43282,-1.14511,0
1.67103,-0.97423,0
0.52601,-0.62007,0
-0.3724,-0.43479,0
2.75439,-0.01702,0
0.94507,-0.7614,0
2.4839,-0.08904,0
2.98294,0.2429,0
0.06847,0.19137,0
-0.22314,-0.42663,0
2.60043,-0.21998,0
0.24555,0.91732,0
1.25677,0.45156,0
2.88073,0.07333,0
3.13889,-0.8025,0
3.35774,0.97521,0
-0.32899,0.47866,0
0.28537,-1.12242,0
1.38871,1.2327,0
2.15579,1.105,0
3.43876,-0.34858,0
0.55027,0.08332,0
2.06348,0.53488,0
1.06661,-0.38978,0
2.68128,0.75273,0
0.64261,0.78399,0
1.36612,0.2873,0
1.26688,-0.03447,0
2.32934,-0.67734,0
0.34393,-1.13895,0
3.3457,1.16248,0
2.62396,0.25153,0
2.76999,-0.02122,0
2.31599,-0.20144,0
2.0925,-0.87293,0
0.76843,1.05415,0
2.35164,-0.28644,0
2.62909,-0.3989,0
-0.09977,0.231,0
3.11677,0.6192,0
1.79654,-1.06846,0
0.5643,-1.21507,0
2.19119,0.80516,0
2.73237,0.31694,0
-0.22521,0.4619,0
-0.37828,0.91392,0
0.32214,-0.64793,0
2.786,0.29311,0
2.70137,0.09695,0
-0.48473,0.34038,0
0.57184,-0.75757,0
0.87075,-1.22638,0
1.38019,0.9585,0
0.09394,0.17161,0
1.39366,0.44824,0
2.05771,-0.38914,0
0.83504,0.79405,0
0.08216,-1.13933,0
2.68454,-1.091,0
-0.36639,-0.77141,0
2.91322,-0.5351,0
0.33941,0.7935,0
0.50023,-0.44032,0
3.1447,-0.45423,0
2.49256,-0.03936,0
2.20487,1.18741,0
1.98207,0.07635,0
1.53976,-0.68517,0
2.13901,-0.91147,0
1.85098,-1.14446,0
1.52172,-0.67937,0
2.98628,0.54726,0
0.85944,0.68037,0
-0.178,-0.51701,0
1.68127,0.06183,0
2.94083,0.29469,0
0.34446,1.09647,0
1.01859,-0.97643,0
3.22792,-1.23833,0
2.78351,-0.77704,0
2.36344,0.25715,0
1.77721,0.83712,0
2.43679,-1.11893,0
1.37046,0.05274,0
2.79144,-1.135,0
1.73905,0.72168,0
2.75525,0.65801,0
0.4156,0.1137,0
-0.18675,-0.42132,0
-0.30626,0.25592,0
-0.08517,0.05526,0
1.18196,-1.07416,0
0.01025,0.41348,0
1.97946,-0.19996,0
1.64949,-0.49749,0
0.17209,-0.77377,0
2.20204,-0.21619,0
3.27634,-0.11245,0
-0.44376,-1.12081,0
1.69177,0.0701,0
-0.32122,-0.09114,0
2.52852,1.05263,0
-0.00011,-1.1013,0
3.47087,-0.0226,0
2.49143,0.50031,0
2.05027,-0.39626,0
-0.34907,-0.98331,0
0.67856,-0.10013,0
0.60978,0.68612,0
1.04409,0.87734,0
1.11681,-0.82126,0
1.27487,0.09994,0
0.5441,1.2356,0
0.41022,1.19293,0
0.73453,0.40888,0
2.31721,0.16137,0
3.16624,-0.69916,0
1.90177,0.52233,0
1.61449,0.23134,0
0.83467,-0.94803,0
0.03724,-0.40631,0
1.76624,-0.68649,0
-0.20909,0.88839,0
2.91852,-1.22662,0
3.27763,0.88038,0
-0.39732,-0.6999,0
3.19765,-0.39053,0
2.18608,-0.02607,0
-0.01229,1.0276,0
1.21023,-0.03894,0
0.38165,0.92155,0
3.06699,0.68821,0
2.91417,0.64294,0
1.84375,1.15338,0
1.63195,1.13835,0
1.01988,0.0622,0
-0.24234,-1.24666,0
-0.29371,-0.62963,0
2.46316,0.09266,0
-0.47389,0.3227,0
-0.17296,0.54509,0
1.20079,-0.57997,0
3.18857,1.20635,0
2.52114,0.23267,0
1.1916,0.18542,0
1.5073,0.31957,0
1.39534,-0.53917,0
0.47139,-0.2966,0
2.30501,-0.08811,0
0.06709,0.54616,0
2.19855,-0.86377,0
1.86166,0.04111,0
2.70701,-0.18222,0
2.14385,0.674,0
0.52565,0.08439,0
1.89318,0.00481,0
0.25926,-1.17121,0
2.58914,0.27452,0
2.72322,-0.0101,0
1.1869,-0.14854,0
1.43621,-1.21249,0
0.08877,0.18736,0
2.35697,-0.11072,0
3.36272,-0.27136,0
0.59873,-0.35878,0
3.06467,-0.85666,0
2.62468,0.20048,0
0.80369,-0.95099,0
2.6448,-0.44101,0
1.49156,0.57281,0
1.30471,0.65229,0
3.2281,0.01537,0
1.38932,-1.23338,0
0.26388,-0.54227,0
0.52092,0.65808,0
1.69272,-0.83126,0
2.644,0.14411,0
3.0093,0.45774,0
-0.38688,-0.51336,0
0.38502,-0.45495,0
3.09419,-0.06281,0
-0.02686,-0.60172,0
2.06172,-0.30209,0
3.25897,0.896,0
2.20373,0.00121,0
2.85177,0.88507,0
-0.12753,-1.22949,0
1.9443,-1.08461,0
0.07858,-0.68086,0
1.10524,-0.66006,0
3.40434,-0.82604,0
2.62696,-1.15764,0
3.27325,-0.66466,0
0.81818,-0.80117,0
3.11474,0.46727,0
0.95732,-0.98124,0
2.04357,-0.90202,0
0.91529,-1.16518,0
2.86203,0.81182,0
-0.02774,0.45754,0
2.68514,1.17949,0
0.26315,1.01435,0
-0.26535,-0.86305,0
3.41722,-0.12698,0
2.39465,-0.26877,0
0.29308,0.94322,0
1.38639,-1.08668,0
2.63192,0.01157,0
0.55598,-1.08627,0
3.15008,1.05474,0
0.38728,1.08037,0
1.06475,-0.42884,0
3.47183,0.19081,0
2.94147,1.08813,0
1.60277,-1.20218,0
2.31407,-1.1551,0
0.57286,0.52402,0
2.25931,1.01519,0
1.48008,-0.39205,0
-0.35274,0.62137,0
2.08797,0.02447,0
0.06747,0.03174,0
0.23842,0.47349,0
0.79684,-1.24145,0
2.49532,-0.87495,0
3.48648,-0.48915,0
2.30649,-0.69496,0
1.78122,1.21151,0
1.96814,-0.32913,0
0.07353,0.75908,0
2.74912,0.22978,0
1.48679,0.84652,0
0.00478,-0.97602,0
1.97804,0.27305,0
-0.44872,1.00838,0
0.78235,0.24142,0
1.51382,-0.60507,0
2.93085,-0.3524,0
2.93935,-0.17794,0
1.98124,-0.0395,0
1.92433,1.17698,0
2.71372,0.2015,0
-0.36774,1.01977,0
1.51857,0.80106,0
2.87914,0.49988,0
2.51072,-0.4656,0
2.06867,-0.38676,0
0.9242,-0.70786,0
1.20193,0.27191,0
2.25773,-1.18392,0
0.34006,0.91388,0
0.54292,-0.91834,0
1.17938,0.47534,0
1.77048,-0.08086,0
0.31076,-1.06012,0
1.13895,-0.554,0
1.91067,0.00358,0
-0.08643,1.07481,0
2.2707,-0.24971,0
-0.15327,0.39027,0
2.10716,-1.17112,0
-0.40885,0.35504,0
2.16665,-1.0797,0
1.54974,1.11248,0
2.039,0.71011,0
2.48089,-0.53753,0
0.04559,-0.82017,0
0.26591,1.10668,0
-0.07944,-1.18204,0
2.13928,-0.84396,0
-0.34112,0.89586,0
0.79335,-0.53359,0
3.14876,0.31961,0
2.91356,0.77485,0
-0.32875,-0.13662,0
2.04645,0.23216,0
2.35525,1.08701,0
2.7815,0.38763,0
1.20793,-0.0539,0
0.58968,0.94594,0
1.6654,0.07477,0
1.3935,0.47214,0
-0.18908,0.77158,0
1.08966,0.59091,0
-0.28232,1.10414,0
2.9403,-0.88251,0
2.6711,0.10208,0
2.80671,-1.03658,0
2.78834,-0.13,0
1.00545,-0.2372,0
1.13007,0.53154,0
1.33522,-0.84224,0
-0.28322,-0.77387,0
1.72329,-0.03979,0
3.47941,1.15414,0
0.43904,-0.17643,0
1.35385,0.50632,0
2.69122,-0.99691,0
-0.42786,0.65248,0
1.69324,0.7144,0
0.12801,0.79168,0
0.2787,0.8774,0
1.83686,0.26898,0
0.46097,-0.82612,0
-0.35415,0.65063,0
0.96179,-0.52838,0
2.28537,-0.75714,0
2.87819,-0.69415,0
-0.26316,0.83505,0
0.15586,-0.28105,0
2.12707,-0.61764,0
2.29048,-0.93825,0
1.08341,0.4507,0
0.24819,-0.65176,0
0.92338,0.86704,0
-0.13388,1.23562,0
0.47135,0.08838,0
1.17895,-0.21453,0
0.57261,-1.12647,0
3.2002,0.66106,0
0.9031,0.19399,0
1.99526,0.16837,0
0.9757,0.51155,0
3.22921,0.11318,0
-0.44719,-0.30821,0
2.75279,0.73113,0
0.44082,0.07624,0
2.46629,-0.4162,0
2.01676,1.15402,0
2.44739,1.07943,0
2.32697,0.09412,0
2.55722,-0.28505,0
2.60155,0.22455,0
-0.00666,0.86765,0
3.38532,0.47822,0
0.32657,-1.20073,0
2.3755,0.80561,0
2.83816,1.22878,0
0.96687,1.07377,0
1.87381,1.09952,0
-0.18146,0.55674,0
-0.15535,0.99109,0
0.69557,0.4013,0
0.83179,-1.00857,0
1.24637,-0.69031,0
0.88067,0.21156,0
2.82787,0.18424,0
0.26249,0.1187,0
2.35681,-0.82659,0
1.01552,-1.00875,0
0.57558,0.17868,0
0.4289,0.61481,0
1.03192,-0.65243,0
-0.13508,-1.13843,0
2.49923,0.1829,0
1.25774,0.07674,0
3.30903,0.82173,0
1.56342,0.33945,0
0.01923,0.62455,0
3.39636,-0.2973,0
1.42371,0.9655,0
0.49408,0.15554,0
1.95026,0.6081,0
1.23487,-0.88184,0
2.89773,-0.7795,0
2.96313,-0.74978,0
0.96261,0.82607,0
2.29356,0.50277,0
-0.22801,-0.53683,0
2.53028,0.17699,0
1.42807,-1.0296,0
2.80481,0.6679,0
-0.10787,0.91156,0
1.93544,0.21552,0
3.14572,0.22356,0
2.58157,-0.25566,0
2.79267,0.2249,0
2.80862,0.80414,0
-0.4586,-0.19621,0
0.58107,-0.87281,0
0.13757,-0.21466,0
0.06659,-0.22375,0
2.63158,0.53611,0
1.28992,-0.09909,0
0.37322,0.25812,0
1.57506,-0.51489,0
2.26371,-1.2439,0
3.21132,0.41441,0
-0.29655,-0.4096,0
3.4823,0.3463,0
1.15862,1.07187,0
-0.34604,0.83587,0
0.01057,-0.69476,0
1.3616,-0.0349,0
2.45435,-0.05198,0
0.5499,1.17556,0
2.81015,0.04748,0
0.43386,1.21239,0
2.97354,-0.55263,0
0.71495,0.30506,0
1.2792,-0.2626,0
1.83182,-1.13966,0
2.90125,0.32956,0
1.80071,0.50287,0
-0.0536,-0.40343,0
2.65877,0.86304,0
0.8259,-0.29839,0
3.00485,-0.08448,0
1.92934,-1.16587,0
3.11233,1.00184,0
-0.35881,0.82864,0
2.04667,0.38864,0
1.03566,-0.43376,0
2.07899,0.04112,0
2.16229,1.03541,0
1.23114,0.58474,0
2.81469,0.13963,0
1.94532,1.06237,0
-0.41296,-1.13527,0
1.29594,0.61807,0
1.23527,0.28473,0
-0.46019,-1.15856,0
2.50036,0.29572,0
0.164,1.22377,0
2.5452,-0.28304,0
2.71835,-0.77205,0
0.42344,0.27037,0
1.33225,0.82618,0
2.9419,-0.92613,0
0.18422,0.85195,0
3.37325,1.00634,0
1.02136,-0.58147,0
-0.40635,-0.04742,0
2.0009,0.47294,0
1.57575,-0.39161,0
-0.431,-0.39504,0
1.4219,-0.76686,0
-0.00369,1.15333,0
0.92616,0.32689,0
0.25261,-1.00971,0
1.25629,1.10383,0
-0.40408,0.30975,0
3.33167,-1.18472,0
1.02034,0.32812,0
0.67303,0.98115,0
2.72351,0.78158,0
-0.20911,-1.19348,0
0.51747,-0.74852,0
3.16669,0.48651,0
-0.19523,0.60424,0
1.6386,-0.70048,0
2.94783,-0.93343,0
1.03381,-0.93038,0
1.46367,0.83764,0
2.27567,-0.95073,0
3.12148,0.40803,0
0.44061,-0.66615,0
-0.11706,0.25454,0
2.18093,-0.21957,0
3.49635,1.22609,0
1.72812,-0.5602,0
1.09989,-0.20084,0
0.91483,0.12188,0
0.37114,0.36115,0
0.18977,0.78831,0
2.91885,-0.25631,0
1.40484,0.57987,0
1.72881,0.3986,0
0.13091,1.08684,0
-0.33907,0.1988,0
2.51986,-1.13807,0
3.37573,0.71486,0
1.0055,0.33035,0
0.66402,-0.54141,0
3.01256,0.68924,0
2.07058,0.02147,0
3.34931,-0.44897,0
1.17712,0.97762,0
1.48057,0.27152,0
2.66716,0.6271,0
2.81975,-0.21296,0
3.29957,0.25279,0
2.51331,1.15957,0
1.69743,-0.90248,0
-0.4984,0.07795,0
2.03054,0.90618,0
0.65629,-0.70256,0
1.74574,1.17451,0
2.01644,-1.16714,0
3.47092,0.52973,0
0.84447,-0.22595,0
2.46175,0.66862,0
2.31632,0.56029,0
-0.12321,-0.35266,0
0.55543,-0.28177,0
1.83726,-1.22766,0
3.11361,-0.2622,0
2.09643,-0.33924,0
0.62665,0.64763,0
1.18797,0.16961,0
2.5368,0.06417,0
2.56705,0.37556,0
-0.20543,1.20638,0
2.20174,-1.01668,0
2.86664,1.06946,0
-0.14095,1.06848,0
0.36574,0.70667,0
3.32021,-0.65416,0
1.18247,0.42902,0
2.53348,0.89043,0
3.43514,1.03374,0
0.91301,-0.66223,0
0.63469,-0.61484,0
1.38106,0.11192,0
0.70103,0.88542,0
1.97296,0.09527,0
2.59077,0.61966,0
0.84709,1.21063,0
2.45941,-1.24336,0
-0.27589,-0.46402,0
3.01812,-0.16938,0
2.14949,-1.00899,0
1.52302,-0.33754,0
2.10169,-0.9219,0
1.27334,0.93974,0
2.04333,0.63775,0
1.32863,0.07,0
3.18807,-0.33295,0
1.4996,-0.86624,0
1.82617,-1.24736,0
3.13711,1.02607,0
0.94526,-1.11344,0
1.17769,-0.17829,0
3.3751,0.94036,0
-0.32862,0.71303,0
2.73768,0.69301,0
1.15451,0.67493,0
1.42843,-0.04976,0
1.74553,-0.62775,0
1.56437,0.09942,0
-0.2704,-0.96856,0
0.33057,-1.21108,0
1.90322,0.11148,0
3.26724,-0.72263,0
0.58513,0.49314,0
2.55733,0.30108,0
0.9635,-0.86976,0
2.73286,-0.70446,0
-0.26765,-0.95176,0
0.84709,0.66062,0
0.90791,0.0073,0
0.47147,1.1207,0
-0.0939,-0.3678,0
0.57738,1.17629,0
3.23286,1.03622,0
2.94821,0.60202,0
2.31301,0.40452,0
0.16686,0.28389,0
0.64802,0.02992,0
2.10229,-0.76145,0
2.61386,1.16803,0
0.69842,0.44228,0
1.47759,0.5892,0
1.26975,-0.1962,0
0.62757,0.08337,0
2.81432,-0.13048,0
1.08401,0.33651,0
0.57998,-1.20507,0
1.65852,1.04925,0
2.88621,-0.26339,0
1.28885,-0.90156,0
0.80136,-0.81401,0
1.08669,0.95998,0
3.46988,0.33566,0
2.53643,-0.54675,0
-0.46468,-0.33124,0
1.41339,1.19451,0
1.3925,-0.27722,0
1.89097,-0.67044,0
2.57076,0.98331,0
2.85585,0.51912,0
2.65107,-0.10255,0
0.31996,0.4687,0
1.96715,-0.65859,0
2.75779,0.33715,0
0.38384,-0.21573,0
-0.19391,1.1245,0
1.02783,0.12858,0
1.3827,0.86308,0
3.47064,0.92646,0
2.97358,0.94634,0
0.4432,1.09426,0
3.13684,0.58012,0
2.0997,0.09334,0
1.81712,-0.18811,0
0.09963,0.78464,0
3.16793,0.72321,0
2.45684,0.01232,0
0.25196,-0.05972,0
0.96173,0.67798,0
-0.17178,0.33557,0
-0.11346,0.62119,0
-0.20598,0.44138,0
1.78155,-1.20266,0
-0.01528,0.43057,0
1.68315,-0.32667,0
0.94583,-0.78489,0
1.81897,-0.34813,0
-0.22336,-0.67999,0
3.20175,0.27647,0
1.76035,0.19499,0
2.20225,-0.99135,0
2.20315,0.24755,0
2.658,-0.02726,0
1.23517,0.68751,0
0.40678,-0.60812,0
2.31834,1.00648,0
1.2306,-1.03329,0
1.98764,0.94541,0
2.9181,0.53972,0
1.98494,-0.49635,0
2.11947,0.88764,0
0.16471,-0.04862,0
1.32126,-0.9883,0
2.04936,-0.46908,0
0.18423,-0.49034,0
1.59344,0.12905,0
0.38582,-0.02685,0
1.62877,0.45617,0
0.46392,-0.49126,0
0.32554,-1.0257,0
2.35686,-0.45085,0
1.92475,0.66999,0
3.14872,-0.40617,0
-0.33958,1.06284,0
3.39327,-0.06067,0
-0.49713,1.11583,0
1.70942,-0.28532,0
1.4081,-0.25862,0
3.11212,0.07006,0
1.2686,0.7766,0
3.07717,0.8603,0
1.37065,-0.74985,0
2.23713,-0.99407,0
0.25913,-0.77924,0
0.65901,0.32965,0
1.3691,0.63663,0
0.836,-0.25772,0
-0.42001,-0.09219,0
0.17562,0.33141,0
1.51827,0.79468,0
0.78997,0.50256,0
-0.15136,0.61678,0
3.17705,-0.32177,0
2.93978,-0.94926,0
0.23199,-1.00871,0
1.61849,1.02227,0
1.40151,-1.09099,0
0.85744,0.15799,0
2.09516,-0.32132,0
1.99302,-0.54117,0
3.18184,-1.20647,0
0.18764,-1.08292,0
0.17842,0.43503,0
2.46546,0.94928,0
2.91036,0.30412,0
1.48684,0.07193,0
0.0337,0.44393,0
0.85911,-0.83696,0
3.17202,0.84383,0
0.31854,-0.83171,0
1.21958,0.96205,0
0.21716,0.68147,0
0.55905,-1.03527,0
2.88804,-0.07051,0
1.2043,-1.24424,0
2.74226,-0.21981,0
2.92323,0.95253,0
-0.49918,0.80359,0
0.3325,-0.44895,0
1.70647,-1.03344,0
0.86946,0.28046,0
3.31346,-0.05716,0
2.85293,-0.81278,0
-0.24168,0.74502,0
3.33958,-1.2332,0
1.24589,0.10703,0
0.20072,-0.6276,0
0.98857,-1.04344,0
1.43256,-0.85872,0
0.24455,0.12649,0
3.07515,0.79342,0
2.05112,-0.48265,0
-0.17583,-0.48076,0
1.95269,-0.53968,0
0.39373,0.69865,0
0.34343,-0.09458,0
1.6162,0.76632,0
-0.08958,0.98074,0
3.17837,1.00737,0
0.57427,-1.16072,0
-0.19404,0.29588,0
3.20848,-0.57999,0
3.23636,-0.06265,0
3.24421,0.95419,0
1.62037,-0.93314,0
0.79625,-0.26204,0
1.39091,-0.53114,0
-0.35028,-0.92224,0
1.88135,-1.23514,0
0.95056,0.35553,0
2.33249,-0.90014,0
3.01203,-0.17489,0
2.40759,-1.09147,0
1.26062,-0.60618,0
3.15862,-1.05878,0
-0.14106,1.21212,0
2.99234,0.35077,0
1.3727,-0.46147,0
2.30569,-0.84623,0
0.24801,-0.27921,0
0.27008,0.65844,0
0.73129,-0.91848,0
0.20427,-0.66185,0
0.4182,0.13573,0
0.2888,-0.83623,0
3.19807,0.76219,0
1.03848,-0.38802,0
2.67201,0.16086,0
2.91307,1.23942,0
2.72894,0.64699,0
-0.06787,0.13311,0
1.7488,-0.07859,0
2.82828,-0.17816,0
3.26956,-0.26911,0
0.22543,-0.10862,0
-0.35833,0.50661,0
3.02405,0.08808,0
2.19922,-0.30677,0
2.20462,-0.07406,0
1.37945,0.60854,0
0.12928,-0.0607,0
0.25145,1.21499,0
1.94277,1.04437,0
-0.35598,0.7345,0
0.1633,0.5927,0
2.542,0.90834,0
2.77617,-0.64874,0
2.92111,1.11279,0
-0.20882,0.84502,0
3.32485,0.31424,0
2.61124,0.37859,0
1.6647,0.68411,0
1.61939,-0.52764,0
0.26831,1.20989,0
-0.35837,-0.08003,0
3.06633,-1.00467,0
0.10996,0.38354,0
-0.20048,-0.6085,0
0.83025,0.57302,0
2.18046,0.1172,0
0.30304,-0.74783,0
2.3943,-0.43478,0
1.53469,1.17414,0
1.42089,-0.36982,0
2.17191,-0.29311,0
-0.09666,-0.67236,0
2.98741,0.79102,0
2.66333,-0.20942,0
1.72508,1.0479,0
0.37575,0.03642,0
2.48113,-0.28013,0
0.1342,1.14818,0
2.64949,0.02738,0
0.69013,1.22728,0
0.98793,0.862,0
3.37036,-0.98931,0
0.97844,0.65166,0
0.86353,-0.06541,0
0.86245,-0.7612,0
-0.01571,-0.86571,0
1.19195,-1.02818,0
0.04223,-0.22805,0
-0.28859,0.82853,0
1.40356,-1.13488,0
1.07608,-0.40947,0
-0.07454,-1.06792,0
-0.2139,-0.29275,0
1.43266,0.22328,0
0.27473,1.03199,0
0.09954,0.31472,0
1.74284,0.04043,0
0.33605,0.48917,0
2.40684,0.83817,0
3.05229,-0.91629,0
0.54682,0.47388,0
0.46139,-0.76522,0
0.21047,0.39641,0
0.93775,0.57765,0
0.51207,0.9702,0
0.13651,0.83022,0
-0.3277,1.07026,0
0.08178,0.45464,0
2.34743,0.39208,0
-0.07441,-1.20194,0
3.32426,-0.84132,0
0.9408,0.05588,0
2.03298,1.22791,0
0.87561,0.82211,0
2.13814,-0.16124,0
1.82718,1.15758,0
1.85496,0.41103,0
3.08864,-0.25632,0
1.07295,-1.03597,0
3.16165,0.51436,0
-0.05628,-0.84748,0
2.80038,-1.17643,0
0.36516,0.45604,0
-0.09747,-1.1139,0
0.65133,-0.31729,0
-0.13057,-0.82891,0
-0.06683,-0.1308,0
-0.22646,-0.17686,0
3.21644,0.21325,0
0.40412,0.65216,0
0.97868,0.72897,0
0.11546,-1.1964,0
0.91907,-1.24582,0
0.99792,0.425,0
0.79758,0.59733,0
2.63828,-0.6754,0
1.5255,-1.08832,0
3.44297,-0.9253,0
2.9121,-0.31678,0
0.15676,0.52773,0
0.70117,0.89556,0
-0.00447,-0.9658,0
2.32206,0.01151,0
2.62586,-0.2286,0
1.2428,0.41267,0
2.31357,0.06073,0
2.2572,-1.03882,0
0.62066,-0.09397,0
3.36266,-0.87802,0
1.77795,0.6613,0
1.56533,-0.89388,0
3.21766,0.54606,0
2.0685,-0.82167,0
2.99869,-0.52064,0
3.47694,0.57503,0
1.71949,1.19719,0
0.80212,-0.51234,0
1.71847,-0.00244,0
0.96931,1.12045,0
2.48696,-0.25887,0
2.27312,-0.37529,0
-0.18737,-0.57262,0
2.79445,-0.12456,0
3.17521,-0.65572,0
3.41513,-1.02504,0
-0.24584,-0.61004,0
2.45882,0.99166,0
3.14009,-1.10214,0
2.93274,-0.74337,0
3.14674,0.03307,0
1.69201,0.58115,0
-0.42964,-0.16594,0
2.56566,-0.58004,0
3.28752,-0.18239,0
2.08321,0.71662,0
0.21084,0.1784,0
1.16388,-0.894,0
0.88565,0.74404,0
1.66946,0.29706,0
3.2676,1.06403,0
2.90107,-0.32794,0
0.68072,1.17969,0
1.04165,0.86233,0
3.2297,0.96496,0
2.62181,-1.0664,0
0.11994,-0.39783,0
2.74454,-0.15758,0
0.32243,0.52967,0
1.06352,0.6619,0
1.20455,-1.2214,0
3.31055,-0.13362,0
-0.02288,-0.45948,0
1.70262,0.80398,0
2.28185,0.34647,0
3.10699,0.54334,0
1.77274,-0.54979,0
2.64149,0.08242,0
-0.15985,-0.64568,0
2.19164,-0.06992,0
2.19291,-1.05289,0
1.05687,0.1624,0
0.57655,0.61123,0
2.54427,-0.80866,0
-0.09249,0.18512,0
0.729,-0.88896,0
-0.0367,1.1038,0
1.5333,0.32557,0
-0.21964,-0.71919,0
2.96437,0.92817,0
1.54369,-0.47846,0
1.68786,-0.73463,0
1.66257,1.17109,0
-0.15656,-1.084,0
3.08391,-1.17828,0
2.33326,-0.87319,0
2.79672,0.70354,0
0.62184,0.01593,0
3.20376,-0.53402,0
0.99405,1.16035,0
3.10236,-0.10477,0
-0.18222,0.85322,0
2.22676,1.23153,0
1.73843,-0.5161,0
2.56124,-1.17872,0
0.83512,0.90225,0
-0.27145,-1.00828,0
2.28271,-1.16852,0
2.17079,0.21214,0
2.65995,-0.92073,0
3.28527,-0.27817,0
2.51456,-0.84391,0
2.99501,-0.17029,0
3.15074,0.67617,0
0.62684,0.39635,0
1.72767,0.01136,0
2.22919,-0.2877,0
3.05668,0.75036,0
3.00246,-1.23689,0
-0.28868,0.95439,0
3.4625,0.10998,0
0.27317,-0.98733,0
-0.02633,0.23472,0
1.90778,0.14617,0
1.89257,-0.26741,0
3.1993,-0.27211,0
2.39005,-0.06761,0
2.07648,0.08185,0
0.21446,0.88102,0
-0.19958,0.93019,0
3.11257,-0.86609,0
3.4043,0.60431,0
2.82251,-0.94192,0
2.34086,0.71474,0
2.11863,-1.21079,0
0.92235,-0.23748,0
0.66673,0.51826,0
0.20676,0.58833,0
1.57515,0.60517,0
2.72467,-0.1166,0
2.6687,-0.35227,0
-0.06965,-0.62376,0
3.07449,0.53594,0
-0.24482,0.4925,0
1.75614,0.20187,0
2.04031,-0.5514,0
0.38156,-1.2164,0
1.3929,-0.09637,0
0.48944,-1.14263,0
0.28137,-0.84456,0
2.97537,-1.05656,0
0.96384,1.05363,0
2.83753,0.77373,0
2.41179,0.50498,0
1.52043,-0.27442,0
1.18778,-0.77883,0
1.93693,0.62438,0
1.89572,-0.04529,0
0.65449,0.72492,0
0.55059,-0.43679,0
0.57027,-1.24177,0
-0.13357,-0.50907,0
0.23352,-0.92739,0
3.29437,1.12174,0
2.99959,-0.36059,0
0.59527,-0.83036,0
1.88811,-0.95726,0
0.85566,-1.10515,0
0.71568,-0.21061,0
0.39491,-0.91191,0
0.6412,-0.63027,0
1.72442,-0.61496,0
0.76298,0.00454,0
0.61805,-0.91506,0
-0.02119,0.131,0
2.41621,-0.21397,0
0.91613,-0.60065,0
3.24938,0.99515,0
0.54043,0.03511,0
1.5463,0.98799,0
2.12604,-0.53346,0
1.06154,1.24063,0
1.78471,-1.14859,0
-0.36851,-0.64864,0
0.80276,-0.8061,0
2.77057,0.02724,0
3.33734,0.67797,0
3.24523,-0.47372,0
0.12344,0.27482,0
3.33649,0.82801,0
0.07287,-0.79101,0
3.12192,-1.00387,0
2.61611,1.06766,0
1.67941,-0.93118,0
0.98809,-0.34781,0
2.81971,0.58284,0
1.29288,-0.21652,0
0.16059,0.89289,0
-0.3488,-0.7378,0
1.41387,-0.67831,0
3.35269,1.0558,0
2.77407,-0.88855,0
1.98541,-0.35886,0
2.86505,0.03254,0
0.26769,-1.00342,0
0.93024,0.11604,0
0.82698,0.69,0
0.76042,-0.5124,0
0.07288,-0.97531,0
2.14281,1.19341,0
2.20243,-0.23252,0
1.25009,-0.19962,0
1.07481,0.08838,0
1.71979,-1.22009,0
2.50284,-1.09497,0
-0.01549,-1.02326,0
-0.16922,0.44575,0
1.40278,0.9481,0
1.49599,0.0868,0
2.17303,0.90381,0
1.43077,-0.521,0
3.04485,0.78519,0
2.55807,1.22014,0
0.7768,0.68226,0
0.84796,-0.45613,0
2.41304,0.32057,0
0.09584,-0.65058,0
0.02161,-0.69238,0
0.98724,1.05559,0
0.76592,0.1725,0
0.19176,0.1469,0
-0.28322,-0.12504,0
0.53048,0.09302,0
2.58555,-0.6433,0
0.01781,-1.06808,0
3.37317,1.07252,0
3.07589,-0.30246,0
0.3484,-1.23986,0
2.21071,0.81231,0
1.41827,0.48718,0
0.74894,-0.46213,0
1.65071,0.86526,0
2.85725,0.28914,0
1.59318,-0.97897,0
1.21612,1.12845,0
1.08384,-0.56913,0
1.14332,0.07123,0
0.50796,-0.22765,0
1.03021,-0.4112,0
3.43217,0.79756,0
2.64165,0.18135,0
3.21016,0.17652,0
1.7027,0.32918,0
1.32652,1.02885,0
1.74473,-1.19699,0
1.40062,-0.06042,0
2.88243,0.38862,0
1.70003,0.48454,0
0.05576,-0.44838,0
2.286,0.99866,0
0.20694,-0.86231,0
0.16465,-1.09211,0
-0.49115,-0.18006,0
0.5488,0.12489,0
2.52061,0.16391,0
3.32448,-0.57967,0
0.93532,-1.14932,0
2.09399,-1.21225,0
2.79659,-1.0026,0
2.17647,-0.96876,0
1.68191,-1.00688,0
2.38313,0.67101,0
0.35968,-0.01413,0
0.37185,-0.08267,0
0.6174,1.0785,0
-0.14561,-0.27328,0
1.13243,-0.23699,0
-0.39504,0.42399,0
2.40281,-1.08356,0
1.26936,-0.50082,0
1.29739,0.49002,0
3.33354,-0.54387,0
0.11971,-0.75215,0
2.22471,-1.14846,0
0.29376,-0.04265,0
-0.09536,-0.31197,0
1.99654,0.3503,0
0.42991,-0.51923,0
1.29882,0.28408,0
3.38002,0.71732,0
0.66466,-0.04953,0
0.02514,0.43857,0
2.06454,0.33771,0
2.16952,-0.54594,0
-0.36463,-0.7661,0
1.79349,-0.38741,0
0.80381,0.01731,0
-0.32604,-0.53682,0
3.12507,-0.86293,0
1.95313,1.10216,0
2.23967,0.89113,0
1.42506,0.93334,0
1.59801,0.35671,0
3.01665,0.94806,0
0.72572,0.00572,0
-0.27595,0.27514,0
0.75291,-0.64752,0
2.79331,-0.34672,0
2.6682,0.50392,0
2.84317,-0.22639,0
1.10046,-0.92616,0
3.44321,0.456,0
2.5764,-1.07958,0
3.12919,-1.24629,0
0.31072,-0.29225,0
1.86846,-0.10615,0
2.5589,-0.22457,0
1.71929,-0.72563,0
2.97593,-0.64914,0
0.70984,0.66604,0
2.64876,0.06126,0
0.73726,0.43379,0
1.17672,1.12547,0
-0.05828,-0.0265,0
1.57407,0.6111,0
0.10461,1.12409,0
3.22209,1.24876,0
2.90432,-1.15956,0
1.16991,-0.14403,0
1.69201,0.24749,0
2.03234,0.57797,0
0.07633,0.44948,0
1.9753,-0.62122,0
1.21786,1.22286,0
0.92436,-0.97463,0
-0.3083,-0.89536,0
2.74966,0.07839,0
0.12523,0.65508,0
0.23996,-0.20141,0
-0.45182,0.32125,0
0.26405,0.68695,0
3.09375,-1.00425,0
-0.11564,1.12888,0
2.05647,-1.23372,0
1.29788,-0.8124,0
1.24076,-0.53638,0
0.54454,0.84089,0
0.46346,-1.15883,0
1.28078,-0.77002,0
1.05268,0.53109,0
2.68103,0.09861,0
1.47124,-1.11424,0
2.66155,-0.91834,0
2.80454,-0.52597,0
3.23883,-0.99509,0
2.21967,-0.60294,0
1.07281,0.95758,0
1.23066,-0.78689,0
-0.14875,-0.74701,0
0.82768,0.66785,0
1.66915,-0.23472,0
2.35428,0.64435,0
3.25616,-0.05205,0
1.6884,1.14159,0
1.78124,1.19995,0
3.03422,-0.18846,0
2.46323,-1.21395,0
0.54614,0.39873,0
2.08151,0.74427,0
-0.07376,0.24131,0
-0.30874,0.81509,0
2.68535,-0.35047,0
3.18315,-0.15206,0
0.14023,1.11899,0
1.63515,-0.88931,0
-0.47174,-0.99562,0
2.52827,0.59158,0
3.3953,0.4935,0
1.34681,0.29971,0
1.9954,0.85543,0
2.03936,-0.83032,0
1.51398,-1.06174,0
1.48388,-0.27139,0
2.88401,-0.55155,0
0.08289,-1.16414,0
0.75971,0.00132,0
-0.25627,-0.49942,0
2.27051,-1.13257,0
0.58459,-1.20971,0
1.17683,-0.04719,0
2.27453,-0.09643,0
1.06835,-0.03315,0
-0.45039,0.95924,0
1.97742,0.82329,0
1.45711,0.63568,0
1.69075,-0.30012,0
0.1973,-0.33822,0
1.62461,0.10662,0
2.07276,-0.4018,0
0.85572,0.53933,0
1.05756,0.80575,0
2.87261,-0.75576,0
3.35102,0.16276,0
1.33905,0.382,0
1.01052,0.03739,0
2.53824,-0.52357,0
2.36164,-0.2718,0
3.01176,1.02058,0
2.88527,1.18812,0
0.12337,-0.15213,0
0.94534,-0.57346,0
0.87408,-0.54257,0
1.51069,-0.14081,0
3.22858,0.44418,0
-0.01397,-0.74778,0
2.05241,0.95267,0
0.84774,-1.22827,0
0.63741,-1.24783,0
2.82325,-1.23141,0
2.1611,0.41675,0
1.31118,-1.07853,0
1.35466,0.33552,0
1.94056,0.85916,0
2.31698,-1.24658,0
0.35507,-0.65987,0
2.3623,0.72189,0
1.40027,-1.22502,0
1.8344,1.24056,0
0.03538,-0.87763,0
0.48482,0.86716,0
-0.23452,-0.75956,0
3.36548,-0.40996,0
-0.11706,0.49732,0
2.88324,0.852,0
1.76106,-0.96471,0
1.41919,0.26279,0
3.26844,-0.97016,0
1.65195,-0.37641,0
-0.03668,-0.90546,0
1.94765,-1.22542,0
2.64628,0.0074,0
-0.45053,1.0926,0
2.22913,0.05256,0
-0.41152,0.88712,0
-0.02606,-0.62281,0
-0.37812,0.75578,0
-0.46324,-0.08379,0
1.87122,0.29213,0
1.13054,-0.05324,0
0.20803,-1.03533,0
1.25981,-1.12008,0
3.39425,0.68671,0
1.63673,-0.65441,0
2.68394,-0.1405,0
2.9938,1.01155,0
2.56889,-0.01401,0
0.47731,-0.91388,0
0.6774,0.44299,0
2.56123,1.07031,0
0.39054,0.41695,0
3.45689,-0.70927,0
1.79706,-0.6628,0
0.4501,0.38453,0
2.75975,0.68628,0
-0.40518,0.18564,0
0.18456,0.26779,0
2.75222,0.36883,0
1.9985,0.38698,0
2.578,1.08328,0
1.62649,-0.12303,0
1.06673,-0.61882,0
0.23474,-0.84433,0
1.27546,0.94116,0
1.21171,-0.77202,0
1.39912,0.03825,0
2.51385,-0.76359,0
2.41087,-0.46374,0
1.5212,-0.73483,0
3.0789,0.10079,0
2.1896,0.757,0
3.2202,0.46562,0
1.23731,-1.06937,0
0.43925,0.88172,0
0.77123,-0.18209,0
0.35169,0.92338,0
2.33485,1.12984,0
2.59051,-0.14539,0
-0.09171,0.37236,0
-0.39689,0.80856,0
3.19774,-0.08384,0
1.08715,-1.08311,0
1.28732,-0.11468,0
1.35368,0.84539,0
2.44851,0.33183,0
2.98493,0.78402,0
-0.06303,0.48496,0
3.35776,0.20333,0
2.27725,0.31841,0
2.3681,-0.68014,0
0.56458,0.90768,0
1.60032,0.28636,0
0.45331,0.27505,0
1.10269,-0.95352,0
0.00098,0.58719,0
1.51254,0.03415,0
1.5045,0.75616,0
0.7871,1.11172,0
3.18707,-1.12575,0
3.35348,-0.15004,0
-0.19955,-0.37444,0
-0.35184,-1.18748,0
2.08551,0.46691,0
0.66621,-1.08249,0
0.85501,-0.75657,0
1.22832,0.06196,0
2.39157,1.15884,0
1.17199,0.89996,0
2.92912,0.29308,0
3.44758,-0.56712,0
0.76965,-0.35394,0
2.21798,1.21801,0
1.24378,-1.1883,0
2.534,0.97014,0
3.36544,0.35137,0
0.06492,-0.29265,0
3.38637,-0.02165,0
2.43172,-1.16674,0
0.53845,-0.62115,0
2.56508,-1.22939,0
0.48111,-1.18614,0
3.18904,0.93102,0
1.22326,-0.22913,0
2.98036,1.22139,0
1.74773,0.30801,0
3.06005,-1.02393,0
3.14967,0.84997,0
0.29424,0.23052,0
-0.38102,1.01157,0
-0.49536,-0.60469,0
2.58364,-0.5831,0
0.8483,-0.71568,0
1.75004,1.16115,0
1.39508,-0.59793,0
3.46484,1.02284,0
0.27552,0.67195,0
0.57138,1.18772,0
0.29214,-1.09723,0
1.12305,-1.12753,0
1.9378,-0.50758,0
1.34155,0.54074,0
-0.19034,1.12262,0
3.34756,-0.48866,0
0.53024,1.06363,0
-0.02682,-0.17655,0
1.64801,-0.64616,0
0.94515,0.71218,0
3.05126,-1.11064,0
1.52666,0.29677,0
1.08931,1.16278,0
-0.10508,-0.33624,0
0.80329,-0.27144,0
0.96403,0.61214,0
1.58804,0.68243,0
-0.38788,-1.2084,0
-0.18217,0.66493,0
1.64595,-0.60251,0
2.58837,-1.14254,0
1.19519,1.16243,0
1.2115,-0.60059,0
1.74307,0.16526,0
1.82161,0.73363,0
-0.23132,-0.59224,0
-0.43263,-0.19223,0
0.46516,-0.34859,0
0.75532,0.65141,0
1.99102,0.09442,0
3.46475,0.4629,0
1.56338,0.088,0
2.84621,-0.33969,0
2.17556,-0.10337,0
1.90256,1.05538,0
-0.06487,-0.81345,0
0.67768,0.04883,0
0.25638,0.58149,0
3.00528,-0.96177,0
2.20068,-1.09677,0
1.44459,-0.87804,0
3.3175,-0.89958,0
0.69314,0.00581,0
2.61043,-0.28578,0
2.98222,-1.05965,0
1.73384,-0.35124,0
-0.47497,0.16712,0
2.26299,-1.11529,0
1.31944,0.30817,0
2.69698,0.73884,0
0.69145,1.04617,0
0.95782,0.14565,0
1.14848,0.9243,0
3.2557,0.02659,0
2.55039,0.48225,0
1.13871,0.58287,0
0.81117,0.09423,0
3.22841,0.63428,0
1.17857,0.06664,0
1.72191,-0.92684,0
1.96566,0.86976,0
1.28981,0.0205,0
1.70257,-0.53811,0
1.32651,1.20006,0
1.00382,0.27203,0
3.44833,-1.08818,0
0.39452,0.13018,0
3.09907,0.37067,0
1.94613,-0.49673,0
-0.3703,1.21386,0
-0.03394,0.76705,0
3.32316,0.52385,0
2.3569,0.42349,0
2.09893,-0.73746,0
1.2605,-0.68815,0
2.40662,-0.15591,0
1.46087,0.14654,0
2.27615,-0.91248,0
3.17892,0.6855,0
3.15436,-0.28686,0
3.29314,0.71612,0
1.69021,1.00622,0
2.11143,-0.17677,0
1.00673,0.98225,0
0.80741,0.83615,0
1.69997,0.57544,0
1.78252,-0.20919,0
-0.27803,-0.90855,0
3.26014,-0.2065,0
2.99721,-0.62256,0
2.71017,-0.57392,0
2.93192,-1.11889,0
1.94729,-0.74889,0
2.75243,0.27437,0
0.48965,-0.76786,0
-0.38403,0.54118,0
2.48786,-0.70663,0
2.18849,0.57022,0
3.48233,-0.95739,0
2.11245,-1.21928,0
0.83315,-0.30861,0
0.80403,0.03537,0
1.84963,-0.67039,0
1.11693,0.85844,0
1.52454,-0.39668,0
-0.49509,-0.1747,0
-0.24401,-0.61682,0
-0.34632,1.18848,0
2.71082,-0.04299,0
2.48272,-0.67088,0
1.34314,-0.70827,0
0.89123,-1.119,0
0.68713,1.07729,0
2.08272,0.08223,0
2.10015,1.1009,0
2.81412,-0.84995,0
0.89973,-0.76657,0
1.21188,1.13634,0
-0.25629,-0.81293,0
-0.13951,-1.22159,0
0.0488,-0.75434,0
3.10089,0.54619,0
2.45679,0.83296,0
2.3241,-0.71902,0
3.40102,-1.22751,0
2.71406,-0.03022,0
1.67796,-0.19567,0
1.15586,-1.20285,0
0.968,-1.22782,0
0.48167,1.13496,0
2.54821,0.97676,0
-0.02202,0.26776,0
2.29287,0.62783,0
2.99439,0.6492,0
3.2438,-1.18427,0
1.21968,-0.46968,0
0.41249,0.85536,0
1.05486,-0.78758,0
2.03363,-0.39342,0
2.0212,0.48471,0
0.3839,0.58658,0
-0.42361,0.42375,0
2.97877,-0.41392,0
1.86314,0.95583,0
0.47082,-0.89509,0
1.45192,-0.79084,0
0.86454,-0.00038,0
0.0149,-0.37277,0
1.35591,1.18537,0
3.2228,0.49563,0
0.01698,0.84345,0
1.46684,-0.83973,0
1.91782,-0.4565,0
2.59801,0.02232,0
1.10862,1.18541,0
-0.33934,-0.61133,0
2.94633,-0.51198,0
2.1745,0.70403,0
3.09964,-0.39776,0
-0.0311,-0.65845,0
1.98659,0.77894,0
3.06419,-0.32404,0
2.48954,0.66265,0
1.68187,0.0626,0
2.15432,-1.23955,0
1.09388,-0.001,0
1.27118,-0.04039,0
2.52223,0.95785,0
1.31365,-0.11377,0
2.03863,0.04488,0
1.066,0.22158,0
0.38773,0.88344,0
2.24593,-1.0168,0
2.13659,-0.83209,0
0.55238,-0.68486,0
1.33129,-0.71778,0
0.718,0.28881,0
3.43806,-1.23038,0
0.50069,-0.58902,0
0.10946,-1.1614,0
-0.36884,0.6082,0
1.10534,1.11831,0
1.62068,-0.27368,0
3.2062,-0.17124,0
3.22592,-0.44002,0
-0.09656,-0.95842,0
0.36385,0.72951,0
2.21345,-0.42452,0
0.53539,0.10467,0
1.34826,0.51922,0
3.48647,1.20429,0
3.45521,-1.03338,0
0.70036,-0.46727,0
3.46664,-0.10466,0
1.62248,-0.47216,0
2.35487,-0.73054,0
1.83714,-1.21645,0
0.6949,0.27561,0
-0.11618,-0.56296,0
0.42928,0.55496,0
2.01305,-1.12296,0
2.79697,0.00608,0
0.74873,-0.81936,0
0.07502,1.12887,0
2.60658,0.23393,0
2.16204,-0.04867,0
0.63685,1.23104,0
1.98802,0.00475,0
-0.44618,0.71198,0
-0.17323,0.55883,0
2.86397,0.32666,0
2.18492,-0.31624,0
-0.04177,-0.57608,0
0.66129,1.14249,0
0.11204,0.7497,0
0.72665,0.90398,0
-0.18788,-0.5666,0
2.90607,-0.65145,0
-0.41227,0.41992,0
0.26435,0.12477,0
3.09273,-0.63018,0
0.12243,-1.20378,0
2.44453,0.49201,0
2.75058,1.00142,0
1.01552,-0.66414,0
0.13859,-0.91344,0
1.89285,1.21537,0
2.52093,-0.43453,0
2.75077,-0.272,0
0.57986,-0.12601,0
1.87083,0.48923,0
1.23857,-0.23604,0
1.47981,-0.42065,0
0.12372,0.27188,0
-0.33809,0.03705,0
2.48524,0.22903,0
3.42364,0.07624,0
0.45903,-0.58269,0
2.99542,1.14155,0
-0.02086,0.87006,0
0.48093,1.00776,0
1.37605,-0.30885,0
1.67851,0.35846,0
0.65276,0.03552,0
0.65025,0.14488,0
0.92617,0.54438,0
2.15741,1.21154,0
2.08664,-0.39049,0
1.32216,-0.1644,0
0.70201,1.2425,0
2.65409,0.99798,0
0.08928,0.39736,0
0.15165,1.13875,0
0.46737,-0.00105,0
2.68309,-0.37162,0
0.30325,1.19082,0
0.84121,-0.34507,0
-0.43087,0.75394,0
2.4659,0.46289,0
1.26738,1.19641,0
2.22098,-0.44451,0
0.25333,-1.12964,0
0.398,1.07934,0
2.32168,0.62481,0
2.30787,-0.91672,0
1.45505,0.89809,0
0.19288,-0.145,0
2.76368,-0.8483,0
-0.34786,0.3795,0
1.17326,1.08818,0
0.47893,0.14948,0
2.23689,0.26501,0
0.52521,-0.93015,0
1.57234,1.12873,0
-0.3359,-0.19345,0
1.62797,-0.27986,0
0.5865,-0.62903,0
0.08127,-0.55574,0
2.40633,-0.39412,0
-0.04665,0.20335,0
0.69605,0.78907,0
2.32903,0.76263,0
1.76029,-1.11416,0
3.25778,1.17198,0
2.26554,1.0744,0
0.50445,-0.00933,0
-0.44709,0.67759,0
0.24596,0.99608,0
1.95179,-0.06409,0
-0.27522,1.02969,0
2.35775,-0.06928,0
0.69721,0.43045,0
1.42506,0.79422,0
0.20822,0.8104,0
1.71683,0.41104,0
2.47391,0.0685,0
0.94136,0.92306,0
2.807,0.88626,0
2.33176,-0.69103,0
2.13669,-0.54945,0
0.95798,0.84696,0
0.03509,0.61587,0
2.81554,1.16784,0
1.42285,0.62484,0
1.73234,-0.00092,0
1.50659,0.16345,0
2.91472,0.99766,0
0.65494,-0.64468,0
1.30613,-0.94373,0
0.3762,-0.52741,0
0.92896,-1.14179,0
2.54984,0.08793,0
1.71625,-1.18827,0
3.12781,0.47182,0
0.39674,-0.5374,0
-0.04397,-0.01328,0
2.93998,0.62568,0
0.31014,0.21361,0
2.04503,-1.24959,0
3.10551,-0.18956,0
0.45685,0.25106,0
0.54358,-0.40057,0
1.7611,0.80947,0
0.37724,0.24924,0
2.55048,-0.94673,0
1.82421,-0.78482,0
2.15926,-0.41579,0
0.44972,0.36741,0
0.87963,0.83477,0
-0.04279,-1.01347,0
2.15671,-1.1296,0
1.58923,-1.05975,0
-0.18413,-0.04304,0
-0.07464,0.8301,0
2.58616,1.12465,0
1.52301,0.24711,0
0.37956,-0.15107,0
0.75821,0.08097,0
2.76347,-0.69857,0
2.42559,-0.40065,0
2.21289,-0.71231,0
3.41809,0.49914,0
-0.45053,1.15729,0
2.08132,-0.80562,0
2.33448,0.19165,0
0.89482,0.0767,0
0.36146,1.152,0
-0.33834,1.0764,0
-0.04368,0.2871,0
3.31161,0.71637,0
3.12752,-1.02422,0
1.86638,-0.51549,0
0.18101,0.8301,0
1.46945,0.01047,0
2.91316,-0.43309,0
1.99351,-1.12975,0
2.00155,0.20167,0
1.21019,0.9227,0
2.91882,-0.01135,0
2.24067,1.0033,0
1.04124,-0.19249,0
0.27672,-0.77748,0
2.33672,-0.18039,0
1.26153,-1.24568,0
2.44199,-0.17899,0
0.67324,0.09337,0
1.75846,1.14148,0
1.90016,0.88252,0
0.54284,-0.70153,0
3.39011,-0.35826,0
2.76079,0.99452,0
2.40678,0.28682,0
2.40651,-0.63173,0
3.41569,0.30751,0
0.56655,-1.07809,0
2.7939,-0.97817,0
2.57334,0.29013,0
2.51689,-0.95766,0
-0.41567,-0.59282,0
1.04233,-1.00578,0
0.61733,0.83969,0
0.63432,0.59861,0
0.25843,1.221,0
-0.22403,0.00256,0
0.6913,1.22981,0
2.3353,-1.14144,0
1.78631,0.93371,0
1.6297,-0.4105,0
0.2762,-1.05631,0
1.03256,0.45692,0
-0.13484,0.83637,0
1.83507,-0.32277,0
1.45009,1.03323,0
-0.33342,0.53679,0
2.37878,-0.44638,0
0.57863,-0.1887,0
-0.4281,-1.06271,0
2.82956,-1.22072,0
1.25538,-0.97699,0
1.28297,0.83321,0
2.0466,-0.19967,0
2.25709,-0.16752,0
0.75648,-0.32364,0
3.20236,0.20551,0
0.58834,-0.07659,0
2.82157,0.24897,0
1.67628,-1.11119,0
0.93606,1.00299,0
-0.00648,-0.03837,0
0.8159,-0.7932,0
3.37435,-0.3507,0
2.61956,0.93556,0
1.00036,-0.00218,0
-0.44372,0.07315,0
0.2333,-0.75075,0
0.26326,-0.81011,0
3.22399,0.03103,0
0.4725,1.19887,0
1.04863,0.49642,0
0.76452,0.57707,0
-0.1873,-0.80202,0
-0.17357,0.866,0
-0.03799,-0.1515,0
0.83906,0.50648,0
1.00343,-0.88725,0
2.97828,0.32407,0
0.80287,-0.13235,0
-0.2462,0.51166,0
2.34484,0.00345,0
-0.4937,0.5451,0
3.11347,0.14097,0
1.99696,0.51847,0
2.57843,1.12566,0
1.25551,-0.88163,0
-0.25283,-0.5121,0
-0.46141,-0.87289,0
0.66631,-0.28223,0
2.13701,1.17192,0
3.09358,0.76677,0
2.28055,0.60647,0
3.31477,0.18195,0
1.41539,-0.40504,0
0.5604,0.40771,0
1.50835,1.1721,0
0.6019,0.66362,0
0.35394,0.62129,0
1.2977,-0.63111,0
1.81212,0.04434,0
0.5966,0.53181,0
1.39608,0.74606,0
1.62243,0.73376,0
3.11205,-0.88156,0
2.24645,0.31299,0
2.51715,-1.22521,0
1.52871,0.08594,0
0.52249,-0.82831,0
-0.04109,-0.60452,0
2.86063,0.34525,0
-0.11875,0.8103,0
3.26173,1.01717,0
2.2361,-0.93152,0
0.52738,0.20952,0
2.09005,-0.56168,0
1.10601,1.1517,0
-0.13869,0.05905,0
0.41046,-1.23695,0
0.20584,-0.4717,0
0.78562,-0.91082,0
0.33177,0.93865,0
2.43032,0.34377,0
2.0114,-1.06136,0
1.77141,-0.81421,0
2.37097,0.40246,0
2.26801,0.19815,0
1.24703,-1.22341,0
0.63382,0.23468,0
1.58169,1.2021,0
1.24078,0.81475,0
2.58289,-0.09732,0
3.02703,-1.21604,0
1.64609,-0.01039,0
-0.22894,0.02551,0
2.06271,-0.08557,0
1.24023,1.1907,0
1.10561,0.72591,0
3.39954,-0.54348,0
0.27828,-0.4424,0
1.19732,0.2022,0
1.86313,0.48384,0
1.4972,-0.6401,0
1.43861,-0.12783,0
3.46378,-0.62902,0
-0.28033,-1.17427,0
2.20719,0.99172,0
2.61311,-0.75242,0
3.24226,-0.27298,0
2.28096,0.73534,0
0.97138,1.0481,0
0.5947,1.23069,0
2.1683,-0.87664,0
2.99478,-0.27644,0
-0.38733,-0.24006,0
0.45217,-0.04236,0
0.65122,-0.00421,0
0.32424,0.30621,0
1.36155,0.45553,0
3.36015,-0.54672,0
1.79308,-0.083,0
3.1159,0.07974,0
1.59403,-0.02459,0
2.33056,-0.04456,0
1.23787,-0.52054,0
0.18577,1.1058,0
3.12616,-1.21922,0
2.03608,-0.77364,0
1.99703,-1.23867,0
3.07757,0.43144,0
3.47195,-1.12741,0
2.28259,1.00396,0
0.15766,0.17031,0
-0.05932,0.46671,0
1.02481,0.09888,0
0.09918,-1.09936,0
0.34559,-0.45866,0
2.54948,0.02522,0
1.02284,0.12852,0
0.54528,-0.85982,0
1.13035,0.24296,0
1.79885,1.02762,0
1.00685,-1.16319,0
2.8467,-1.17329,0
1.76386,-1.01153,0
2.79895,-1.13513,0
0.96626,-0.31016,0
-0.2538,-0.6539,0
2.66831,0.75206,0
1.43267,-0.55539,0
0.62868,0.15643,0
3.31052,1.20469,0
2.47337,0.84347,0
-0.21027,-1.17237,0
0.21653,-0.57267,0
0.62185,-0.27,0
-0.10208,0.69918,0
0.20947,-1.14396,0
2.66573,0.31853,0
0.1351,0.08134,0
0.66888,0.68932,0
1.79785,-0.79754,0
0.36235,0.32135,0
1.43159,-0.10255,0
1.19581,0.56852,0
1.15969,-1.08783,0
0.06394,-1.1015,0
3.40937,0.51622,0
0.70681,-1.15873,0
-0.4316,0.05709,0
-0.0364,-0.44351,0
0.17397,0.94996,0
2.74071,-1.0325,0
2.1222,0.33593,0
3.04923,1.2113,0
1.25079,0.75569,0
0.39013,1.20859,0
-0.45993,0.6472,0
2.51052,0.42617,0
0.66171,-0.94426,0
1.97397,0.64567,0
0.96217,-1.24281,0
2.47922,-0.98942,0
-0.07253,0.38488,0
3.40925,1.0736,0
2.71852,1.19699,0
2.47751,0.0691,0
-0.11914,0.49683,0
1.13931,1.03481,0
0.19858,-0.58451,0
1.76735,0.44008,0
0.64402,0.02327,0
0.60672,-0.3163,0
-0.25641,0.58735,0
-0.43951,0.46884,0
1.54515,-0.92153,0
0.94247,-0.97373,0
1.91105,-0.27868,0
3.15255,-0.77527,0
2.25279,0.75495,0
2.66511,-1.1831,0
0.24513,0.9305,0
1.22794,-0.52845,0
3.33156,-0.74243,0
-0.14689,-0.00782,0
0.02205,-0.27956,0
2.14756,-0.02354,0
2.62455,-0.15059,0
1.8476,0.85787,0
-0.52017,-1.00193,0
2.2033,-1.29142,0
0.30423,1.30066,0
2.62352,-1.27828,0
2.53485,-1.34251,0
0.95233,1.26468,0
-0.56628,-1.01502,0
-0.33293,1.39887,0
-0.30641,1.25657,0
2.99947,-1.36732,0
0.46129,1.35439,0
0.04392,1.37587,0
0.04944,1.39986,0
-0.23923,1.35005,0
2.91816,-1.28579,0
2.69923,-1.30163,0
-0.51547,-1.01901,0
2.53824,-1.26258,0
0.89303,1.31743,0
3.60007,0.74342,0
0.47014,1.25332,0
0.86841,1.28416,0
3.55,0.75738,0
0.08203,1.37515,0
3.17262,-1.38322,0
3.19593,-1.34111,0
0.0044,1.3429,0
2.04387,-1.26002,0
-0.32157,1.31916,0
2.83099,-1.3633,0
-0.55367,-0.7716,0
3.17603,-1.42221,0
-0.53557,-0.4795,0
0.05292,1.36902,0
0.38904,1.37164,0
2.47203,-1.25917,0
3.59865,0.97069,0
3.12816,-1.32697,0
3.55172,0.5965,0
3.35045,-1.35261,0
0.17568,1.26127,0
3.26389,-1.28674,0
-0.10112,1.38958,0
-0.54597,-0.67257,0
-0.10259,1.26873,0
3.52692,0.26125,0
0.09839,1.25342,0
2.32024,-1.28699,0
2.87223,-1.28841,0
3.52234,0.15505,0
3.51979,0.62743,0
1.16518,1.27891,0
2.42707,-1.32081,0
3.57556,0.51276,0
-0.30781,1.31318,0
2.14424,-1.25822,0
2.3541,-1.32305,0
3.59352,0.66401,0
3.5087,-0.05278,0
3.09645,-1.33611,0
3.60063,0.74087,0
2.78444,-1.27188,0
0.62742,1.25965,0
-0.50641,-0.20165,0
3.52258,0.80108,0
2.93207,-1.36925,0
-0.22628,1.37701,0
-0.5426,-0.91919,0
2.52241,-1.33145,0
0.59551,1.35009,0
2.9978,-1.27195,0
0.1293,1.35853,0
2.34963,-1.27739,0
3.02075,-1.27087,0
3.50312,0.82839,0
-0.30747,1.34201,0
2.43934,-1.31103,0
0.85097,1.31295,0
2.1292,-1.30112,0
3.52672,0.78339,0
-0.09777,1.31746,0
2.19407,-1.30495,0
3.13366,-1.33794,0
3.58549,0.94245,0
1.10404,1.26877,0
0.492,1.30945,0
3.10651,-1.36563,0
0.25988,1.36129,0
3.34999,-1.27861,0
0.00639,1.40364,0
2.45217,-1.27515,0
2.49207,-1.29751,0
2.91878,-1.33163,0
0.15849,1.26065,0
-0.56397,-0.73121,0
3.31622,-1.42157,0
2.86677,-1.28197,0
0.24924,1.29507,0
-0.22435,1.31812,0
2.80658,-1.27114,0
0.23167,1.29454,0
2.38305,-1.27111,0
1.97295,-1.25646,0
0.20966,1.35127,0
0.68523,1.26828,0
0.45654,1.265,0
3.19685,-1.30226,0
0.68955,1.26341,0
3.52195,0.60104,0
2.13683,-1.28143,0
-0.53028,-0.45775,0
0.95673,1.31699,0
2.51279,-1.3268,0
-0.51235,-0.91539,0
3.31678,-1.39096,0
0.50919,1.25398,0
-0.31043,1.34388,0
3.21383,-1.37595,0
1.72722,-1.26819,0
3.18628,-1.42793,0
0.51277,1.28687,0
-0.55306,-1.00997,0
-0.00224,1.29891,0
3.36304,-1.33989,0
2.82715,-1.37609,0
-0.0122,1.36608,0
0.40533,1.31629,0
-0.25666,1.30874,0
3.51436,0.05229,0
2.09615,-1.26957,0
3.5195,0.83254,0
0.39198,1.32133,0
2.94595,-1.3256,0
2.90099,-1.40944,0
0.50243,1.27753,0
1.35888,1.25081,0
2.39919,-1.30758,0
0.28876,1.35658,0
3.09178,-1.38972,0
3.50365,-0.01515,0
3.57649,1.0197,0
3.55,0.34577,0
3.58077,1.02928,0
-0.50012,-0.99344,0
3.5895,0.61602,0
0.03918,1.31891,0
3.07399,-1.31103,0
2.52735,-1.33094,0
2.84511,-1.2702,0
2.8901,-1.33425,0
-0.52736,-0.36388,0
1.95452,-1.29262,0
2.46745,-1.25727,0
2.68067,-1.36072,0
-0.56839,-0.80367,0
-0.51548,-0.2771,0
0.30451,1.2593,0
3.52658,0.54726,0
-0.53272,-0.59149,0
3.51898,0.6762,0
3.55924,0.94059,0
0.45187,1.37299,0
2.9167,-1.39882,0
-0.53615,-0.87345,0
0.97863,1.30239,0
3.25189,-1.26734,0
-0.29971,1.39574,0
3.37534,-1.32555,0
-0.19644,1.34852,0
2.06414,-1.25816,0
2.87936,-1.39994,0
2.61121,-1.36837,0
0.07738,1.37967,0
2.37713,-1.29514,0
-0.55407,-0.93418,0
-0.53413,-0.34883,0
3.59588,0.6852,0
2.98338,-1.30159,0
-0.51829,-0.96531,0
3.50406,0.31173,0
2.74121,-1.3496,0
-0.17273,1.28556,0
-0.11487,1.34376,0
-0.54358,-0.72839,0
1.15139,1.28743,0
0.0562,1.39963,0
3.04244,-1.39069,0
0.67617,1.32534,0
3.01392,-1.35846,0
3.29927,-1.33248,0
3.16823,-1.42302,0
2.57272,-1.27331,0
0.96412,1.3059,0
-0.50854,-0.45696,0
3.18147,-1.25888,0
3.58394,0.56466,0
-0.51355,-0.99203,0
1.33385,1.26517,0
2.92616,-1.4101,0
2.97859,-1.31748,0
0.31365,1.25429,0
-0.2617,1.39646,0
2.95619,-1.33247,0
0.39926,1.26463,0
3.17254,-1.25093,0
2.19351,-1.30838,0
0.05642,1.41486,0
0.1441,1.37307,0
-0.55753,-0.92663,0
3.3412,-1.29341,0
0.58552,1.28409,0
3.50515,-0.1354,0
3.25265,-1.41069,0
-0.2736,1.28028,0
3.09849,-1.33502,0
-0.28711,1.25957,0
3.50954,-0.1086,0
3.34653,-1.42304,0
-0.53378,-0.62064,0
0.57293,1.34436,0
0.63475,1.28043,0
3.35689,-1.43989,0
-0.52584,-0.87452,0
-0.58228,-0.83185,0
2.69826,-1.26675,0
3.5385,0.87137,0
2.84621,-1.38031,0
1.06574,1.27154,0
2.3528,-1.25968,0
0.12159,1.31381,0
2.60022,-1.29097,0
-0.15182,1.39211,0
0.18914,1.34537,0
0.18818,1.28369,0
3.59346,0.64928,0
2.89655,-1.38687,0
3.56442,0.9429,0
1.18152,1.25597,0
3.1634,-1.35221,0
0.06702,1.25765,0
3.26649,-1.31414,0
3.55482,0.45366,0
2.93151,-1.25504,0
3.50504,0.59455,0
2.23695,-1.26187,0
3.5855,0.8961,0
0.77968,1.32803,0
2.89584,-1.26892,0
-0.10481,1.32063,0
2.53099,-1.31788,0
-0.55508,-0.80965,0
3.32781,-1.36211,0
1.95816,-1.26404,0
3.14074,-1.33122,0
3.59034,1.02807,0
3.12566,-1.33707,0
0.52834,1.31054,0
-0.0614,1.40063,0
2.9852,-1.41902,0
2.14601,-1.30586,0
1.16997,1.27799,0
3.50816,0.59583,0
0.53317,1.33969,0
2.49599,-1.35215,0
2.47828,-1.30032,0
2.30689,-1.31628,0
-0.50164,-0.19591,0
3.52323,0.75117,0
2.71795,-1.32996,0
1.0923,1.30104,0
3.54142,0.91916,0
-0.33563,1.43897,0
-0.32977,1.27337,0
2.55758,-1.2904,0
3.5108,0.09468,0
2.68242,-1.32642,0
3.54786,0.85702,0
2.9,-1.33036,0
2.57858,-1.29843,0
0.19569,1.36071,0
1.92885,-1.29153,0
2.39413,-1.25038,0
-0.16509,1.33542,0
0.59768,1.3256,0
0.17291,1.40269,0
3.53122,0.12419,0
-0.50808,-0.32065,0
2.87611,-1.3748,0
0.51235,1.27539,0
2.73887,-1.39171,0
-0.2008,1.30227,0
3.56904,0.53695,0
3.3374,-1.37579,0
2.33935,-1.34089,0
1.80586,-1.28996,0
0.78783,1.26719,0
2.46123,-1.27454,0
-0.34252,1.26803,0
3.17675,-1.39783,0
3.02179,-1.35631,0
0.85019,1.31892,0
-0.5127,-0.68822,0
3.29988,-1.26444,0
3.51441,0.2371,0
2.50311,-1.25362,0
2.74631,-1.29498,0
-0.31236,1.35082,0
2.29614,-1.31546,0
0.61614,1.2515,0
-0.27948,1.25746,0
2.86465,-1.25772,0
3.09496,-1.42402,0
-0.51636,-0.92869,0
2.95583,-1.28777,0
-0.50421,-0.72717,0
-0.53209,-0.91809,0
0.98275,1.26266,0
2.23568,-1.25835,0
1.82686,-1.27226,0
-0.54275,-0.74801,0
2.94718,-1.39875,0
2.71701,-1.35224,0
0.48226,1.34737,0
-0.6031,-0.95439,0
1.20531,1.25109,0
2.79724,-1.27284,0
0.47595,1.31528,0
0.41288,1.27527,0
1.15763,1.28403,0
0.84489,1.29258,0
0.34193,1.26448,0
3.20303,-1.4234,0
3.0852,-1.31804,0
-0.54188,-0.73324,0
-0.11936,1.26555,0
3.52269,0.8103,0
0.21878,1.26444,0
3.56878,0.6146,0
3.29095,-1.26128,0
0.64039,1.34994,0
1.06465,1.28544,0
0.1963,1.30957,0
-0.51695,-0.58469,0
2.82528,-1.28686,0
-0.03255,1.27763,0
3.04732,-1.37869,0
0.99591,1.28084,0
2.69584,-1.33085,0
0.68713,1.30396,0
3.54763,0.65456,0
3.28622,-1.34588,0
0.10909,1.33033,0
0.19105,1.26006,0
-0.51463,-0.54805,0
1.19314,1.28193,0
1.36262,1.25492,0
2.94606,-1.29471,0
2.41457,-1.25332,0
3.28471,-1.33974,0
3.16272,-1.29929,0
0.02589,1.3588,0
2.75077,-1.26241,0
3.60864,0.93625,0
0.48329,1.33469,0
-0.50479,-0.14401,0
-0.57015,-0.86255,0
3.50961,-0.08098,0
0.07025,1.37615,0
0.54387,1.30353,0
2.05338,-1.28579,0
0.05181,1.28316,0
-0.54008,-0.41293,0
2.10022,-1.28704,0
2.66722,-1.36296,0
0.85436,1.32284,0
3.23203,-1.39014,0
-0.19873,1.36871,0
2.35964,-1.32295,0
1.12193,1.25919,0
2.85392,-1.26803,0
0.31496,1.31125,0
-0.51146,-0.68645,0
2.22828,-1.29631,0
0.36557,1.30704,0
0.49324,1.32125,0
0.24066,1.2845,0
2.3049,-1.29846,0
3.55435,0.66834,0
3.54151,0.80687,0
2.93164,-1.39978,0
2.96534,-1.39201,0
2.91226,-1.32962,0
0.66085,1.27606,0
1.42057,1.26344,0
-0.29728,1.40659,0
0.88804,1.27705,0
2.44109,-1.31879,0
-0.52396,-0.20495,0
1.90357,-1.29404,0
3.5465,0.77303,0
2.54332,-1.33629,0
3.22322,-1.35083,0
2.01921,-1.30852,0
0.81549,1.25083,0
-0.10087,1.32574,0
-0.26032,1.27175,0
-0.03402,1.27909,0
-0.5601,-0.6977,0
-0.57677,-0.97025,0
-0.57936,-1.0039,0
3.51899,0.08073,0
0.96859,1.28034,0
2.85171,-1.39266,0
-0.08079,1.2647,0
3.62398,0.92981,0
2.68192,-1.26124,0
2.94512,-1.33556,0
2.18475,-1.298,0
0.11547,1.30904,0
-0.17673,1.29582,0
-0.51277,-0.78043,0
1.69883,-1.26372,0
-0.20917,1.34542,0
2.28806,-1.30453,0
2.03618,-1.27137,0
-0.30333,1.37249,0
1.85231,-1.28376,0
0.15476,1.30046,0
3.35573,-1.3838,0
2.8787,-1.3916,0
0.14467,1.2719,0
-0.55529,-0.97987,0
3.11415,-1.3154,0
2.4301,-1.26123,0
-0.24136,1.31317,0
0.38077,1.3669,0
0.68804,1.33158,0
2.96168,-1.41477,0
3.57672,0.63424,0
0.84073,1.31416,0
2.97729,-1.306,0
2.93559,-1.36323,0
-0.51759,-0.3365,0
3.0732,-1.38181,0
2.8733,-1.2695,0
2.98356,-1.3668,0
3.34008,-1.45518,0
3.51024,0.4987,0
3.5663,0.45824,0
0.15115,1.30093,0
3.31353,-1.42708,0
2.38513,-1.29498,0
1.9641,-1.27896,0
3.27244,-1.32961,0
3.27245,-1.42217,0
1.86944,-1.25695,0
-0.54204,-0.49347,0
-0.323,1.30266,0
2.45808,-1.30517,0
-0.53598,-0.87095,0
-0.08826,1.42388,0
0.7423,1.26724,0
3.07504,-1.41287,0
0.03437,1.30795,0
2.45674,-1.28487,0
-0.19141,1.31646,0
2.48268,-1.35176,0
1.63408,-1.26326,0
-0.51705,-0.28704,0
2.23868,-1.3091,0
3.12554,-1.30293,0
0.05523,1.31122,0
2.46214,-1.25545,0
-0.30756,1.43165,0
-0.27784,1.29108,0
-0.56773,-0.60733,0
-0.09904,1.39791,0
0.23614,1.27355,0
3.50228,0.69656,0
0.27204,1.31524,0
2.04719,-1.27939,0
2.38563,-1.33518,0
3.36572,-1.29092,0
3.50588,0.15751,0
-0.50126,-0.20088,0
1.76358,-1.26063,0
3.34359,-1.39465,0
-0.01547,1.32694,0
-0.15964,1.33302,0
2.46793,-1.27333,0
3.03766,-1.32815,0
2.21706,-1.27727,0
-0.54082,-0.5826,0
0.56869,1.29676,0
0.47793,1.36038,0
2.22887,-1.26126,0
2.98313,-1.36648,0
-0.52012,-0.30475,0
-0.56092,-0.73395,0
1.31267,1.27375,0
3.2468,-1.40751,0
3.11851,-1.32521,0
2.0911,-1.295,0
2.64453,-1.26226,0
0.27361,1.35378,0
3.5165,0.73814,0
3.5068,0.12151,0
3.13315,-1.34464,0
0.57922,1.32899,0
-0.51848,-0.79573,0
2.64112,-1.32606,0
3.22575,-1.42769,0
-0.29548,1.26553,0
3.53891,0.85733,0
2.36595,-1.3375,0
0.2624,1.25576,0
-0.12037,1.287,0
3.08335,-1.42191,0
-0.25411,1.44855,0
-0.52179,-0.23732,0
2.42509,-1.26751,0
-0.25891,1.29008,0
3.54831,0.27333,0
3.55645,0.57741,0
-0.5529,-1.00801,0
-0.50133,-0.60692,0
-0.33514,1.29742,0
3.33851,-1.36667,0
1.05243,1.29403,0
3.60655,0.94298,0
0.01723,1.34278,0
0.7928,1.25012,0
2.45891,-1.25519,0
-0.55485,-0.51772,0
2.14446,-1.28028,0
-0.25814,1.29358,0
2.1651,-1.31181,0
0.56469,1.31055,0
-0.55214,-0.68885,0
3.28126,-1.45141,0
-0.53953,-0.48368,0
1.88445,-1.27907,0
2.84683,-1.40148,0
2.52504,-1.3125,0
1.67013,-1.27396,0
1.98304,-1.29825,0
2.905,-1.40453,0
0.26242,1.36097,0
3.51536,0.37595,0
-0.24102,1.43285,0
2.49172,-1.30209,0
-0.60696,-1.02523,0
0.69764,1.27881,0
-0.14558,1.42999,0
2.57358,-1.26266,0
-0.56134,-0.93813,0
1.74076,-1.2821,0
3.59422,1.00751,0
3.12552,-1.30938,0
0.0389,1.37095,0
0.30763,1.37045,0
3.24146,-1.29529,0
3.51544,0.86278,0
-0.33646,1.27239,0
-0.5039,-0.45541,0
3.07511,-1.31714,0
-0.10545,1.41324,0
0.30914,1.26339,0
0.28317,1.35649,0
-0.51855,-0.60886,0
-0.54382,-0.88971,0
2.47599,-1.28692,0
2.8622,-1.26198,0
3.51677,0.64859,0
3.50782,0.88586,0
-0.56772,-0.66919,0
-0.52859,-0.52193,0
1.3189,1.26359,0
-0.55014,-0.4957,0
3.03289,-1.37909,0
-0.23407,1.35877,0
2.91728,-1.41007,0
0.08899,1.2549,0
2.66157,-1.25219,0
3.18599,-1.39184,0
3.34332,-1.32886,0
3.24801,-1.25038,0
-0.23342,1.26639,0
-0.5124,-0.83624,0
-0.58495,-0.87895,0
3.50051,0.11838,0
-0.59024,-1.00053,0
3.10674,-1.25607,0
3.24342,-1.25549,0
2.42911,-1.345,0
1.06957,1.26851,0
3.00788,-1.31289,0
-0.18736,1.44167,0
3.28907,-1.44867,0
3.521,0.60377,0
-0.16152,1.33807,0
-0.51409,-0.81591,0
2.84813,-1.33601,0
3.2502,-1.40891,0
0.82811,1.32106,0
3.55184,0.67402,0
3.51741,0.75391,0
0.02575,1.25808,0
0.59698,1.29299,0
2.09354,-1.32126,0
-0.3043,1.44242,0
2.67208,-1.26883,0
2.37828,-1.30654,0
2.13634,-1.30952,0
3.51046,0.39402,0
2.90847,-1.26906,0
2.69743,-1.28666,0
3.19039,-1.35847,0
2.74316,-1.33594,0
-0.03216,1.41469,0
3.57542,0.75821,0
-0.28988,1.36121,0
0.37657,1.25058,0
3.37221,-1.25881,0
0.59332,1.33547,0
-0.51806,-0.87626,0
-0.50637,-0.94202,0
-0.07837,1.40561,0
2.89016,-1.29854,0
-0.11317,1.3175,0
3.56221,0.94057,0
2.48282,-1.32288,0
0.11331,1.30178,0
0.67552,1.27982,0
2.74146,-1.3924,0
3.27596,-1.39756,0
0.81848,1.29133,0
3.08705,-1.32808,0
0.1348,1.30338,0
0.4051,1.3546,0
3.17625,-1.31853,0
3.51534,0.22535,0
2.51246,-1.25872,0
3.51587,0.83441,0
3.57968,0.66684,0
-0.54796,-0.94071,0
0.27969,1.31036,0
3.15466,-1.33022,0
-0.60713,-0.97128,0
0.72255,1.25643,0
2.59956,-1.36468,0
2.57299,-1.27591,0
2.47472,-1.29609,0
3.54473,0.53698,0
0.98111,1.30927,0
-0.31816,1.29945,0
3.57401,0.9515,0
2.23929,-1.33138,0
-0.57154,-0.8051,0
-0.08118,1.3393,0
2.89111,-1.40672,0
-0.51468,-0.92401,0
3.52878,0.80161,0
3.505,0.9757,0
2.6588,-1.26827,0
3.34095,-1.27987,0
3.55842,0.47072,0
2.26458,-1.32836,0
2.97885,-1.26552,0
2.42498,-1.27406,0
-0.57724,-0.9417,0
-0.20459,1.43407,0
-0.53039,-0.77765,0
1.75489,-1.25024,0
2.83842,-1.26383,0
2.16756,-1.30977,0
2.16243,-1.26214,0
3.50763,0.5447,0
-0.2908,1.28621,0
-0.03371,1.31229,0
3.12997,-1.41379,0
2.9381,-1.2809,0
0.05317,1.40781,0
0.44833,1.26361,0
-0.18509,1.27862,0
3.5526,0.4607,0
3.00046,-1.28388,0
3.09363,-1.38752,0
1.70232,-1.27049,0
2.93015,-1.26137,0
0.66196,1.33707,0
3.51355,0.09104,0
3.3367,-1.32199,0
2.01099,-1.28132,0
2.83204,-1.33892,0
2.99731,-1.35677,0
2.11685,-1.25552,0
-0.30952,1.35719,0
0.54409,1.26692,0
0.38644,1.29801,0
2.35024,-1.32577,0
1.2822,1.25546,0
3.36785,-1.30369,0
2.76042,-1.33149,0
0.75927,1.30886,0
2.92052,-1.36026,0
2.82678,-1.32714,0
1.1719,1.25885,0
0.15002,1.38004,0
0.05029,1.31359,0
-0.11404,1.37101,0
1.86078,-1.29519,0
2.53978,-1.3385,0
3.00196,-1.38717,0
2.86962,-1.26159,0
-0.55483,-0.82177,0
2.99255,-1.2729,0
3.21581,-1.42322,0
2.00106,-1.29985,0
3.54664,0.96237,0
2.76413,-1.3418,0
3.53889,0.20182,0
-0.50806,-0.40163,0
3.51518,0.12419,0
0.37387,1.35144,0
3.00753,-1.27442,0
-0.54404,-0.84619,0
3.26207,-1.40032,0
2.17367,-1.30847,0
-0.56154,-0.59137,0
-0.20229,1.39048,0
3.5299,0.77916,0
1.88038,-1.25058,0
-0.51487,-0.62346,0
3.53786,0.65276,0
2.5422,-1.25577,0
0.68907,1.30012,0
2.67276,-1.38476,0
2.62805,-1.30556,0
2.67614,-1.25215,0
0.38572,1.30709,0
1.80722,-1.28671,0
3.5225,0.47875,0
3.34777,-1.39886,0
2.7148,-1.34968,0
-0.20356,1.35612,0
3.18719,-1.32847,0
-0.5106,-0.84175,0
3.56828,0.69929,0
3.35577,-1.40045,0
1.90398,-1.28663,0
3.53052,0.23481,0
2.97854,-1.29678,0
2.99415,-1.41671,0
-0.58481,-0.86769,0
2.962,-1.40952,0
-0.34558,1.3169,0
3.51765,0.16368,0
0.38015,1.26107,0
2.56401,-1.30978,0
2.86747,-1.27882,0
-0.24943,1.39504,0
-0.28674,1.25043,0
-0.50673,-0.59206,0
2.87419,-1.3816,0
3.12032,-1.37275,0
2.96205,-1.30785,0
-0.03708,1.4022,0
3.05211,-1.37919,0
1.07776,1.25554,0
-0.50041,-0.39137,0
3.2731,-1.3021,0
3.36222,-1.43447,0
3.33128,-1.27993,0
3.20943,-1.34999,0
-0.05502,1.28844,0
0.04356,1.40581,0
2.98363,-1.36529,0
1.85552,-1.26093,0
0.67551,1.2504,0
3.53279,0.55298,0
-0.26155,1.38765,0
0.72753,1.33979,0
3.51574,0.72908,0
-0.53307,-0.85403,0
3.29551,-1.35593,0
0.14777,1.35116,0
3.27464,-1.35199,0
0.84856,1.29573,0
-0.50401,-0.26681,0
3.02275,-1.35691,0
2.97761,-1.33055,0
0.21323,1.2644,0
1.5594,-1.26172,0
3.58097,0.99928,0
0.51137,1.27219,0
2.8273,-1.25948,0
2.75805,-1.37874,0
-0.23847,1.36075,0
3.59254,0.95576,0
-0.13067,1.37922,0
-0.55165,-0.9033,0
3.13029,-1.316,0
2.8278,-1.37999,0
1.80689,-1.26126,0
-0.26289,1.3808,0
3.59113,0.9244,0
3.50935,0.74636,0
-0.5016,-0.27089,0
3.60873,0.90952,0
-0.53971,-0.67571,0
3.07549,-1.26749,0
2.85148,-1.35071,0
3.50801,0.13523,0
-0.14267,1.40026,0
-0.35052,1.31149,0
2.48214,-1.29829,0
0.39258,1.31542,0
2.55479,-1.33097,0
-0.51233,-0.65997,0
3.06359,-1.27487,0
2.77927,-1.3747,0
3.57157,0.72958,0
2.85339,-1.37061,0
2.35234,-1.34386,0
1.36963,1.25856,0
3.30292,-1.38332,0
3.30978,-1.27999,0
3.24644,-1.30933,0
2.19761,-1.26108,0
-0.31578,1.42878,0
3.27505,-1.41825,0
2.1674,-1.31967,0
1.01459,1.27692,0
3.30871,-1.44147,0
3.1448,-1.31981,0
3.52347,0.58633,0
3.29617,-1.41018,0
0.3831,1.26218,0
-0.03999,1.26068,0
2.81124,-1.36073,0
-0.58459,-0.76181,0
-0.22653,1.25338,0
0.04524,1.2973,0
-0.06161,1.35336,0
0.39923,1.32682,0
0.06044,1.25745,0
2.76116,-1.36298,0
-0.29969,1.31697,0
3.53878,0.27677,0
0.52699,1.29973,0
-0.29394,1.28137,0
3.58467,0.84514,0
3.50888,0.76073,0
-0.31183,1.35084,0
3.54209,1.02736,0
3.2293,-1.40793,0
2.57151,-1.29832,0
-0.10661,1.40344,0
1.90297,-1.27634,0
-0.20935,1.2952,0
-0.54285,-0.7694,0
-0.15203,1.25016,0
3.21641,-1.28014,0
0.68148,1.28739,0
-0.01897,1.4134,0
-0.02007,1.25131,0
3.09639,-1.27176,0
-0.09054,1.34385,0
2.35672,-1.27488,0
0.79365,1.25633,0
0.53779,1.27937,0
-0.53613,-0.38729,0
3.36337,-1.34676,0
0.0404,1.37169,0
3.55783,0.32728,0
0.70588,1.28581,0
0.70792,1.27739,0
0.40934,1.28692,0
2.58933,-1.32794,0
2.92128,-1.38997,0
3.3155,-1.33231,0
3.35534,-1.30063,0
0.4317,1.36666,0
2.21097,-1.30826,0
0.21518,1.27987,0
3.54393,0.30076,0
-0.11003,1.34478,0
1.75956,-1.25926,0
-0.52568,-0.86953,0
1.80832,-1.25054,0
3.53185,0.90364,0
3.09778,-1.34498,0
3.08658,-1.35656,0
2.85679,-1.3735,0
2.07914,-1.31348,0
3.05913,-1.3412,0
0.71671,1.28014,0
0.85305,1.29417,0
3.50783,0.52114,0
3.31052,-1.45489,0
-0.03517,1.35947,0
0.48614,1.35696,0
2.95664,-1.38029,0
3.21526,-1.31082,0
-0.55556,-0.78685,0
2.70764,-1.38508,0
3.55478,0.46161,0
3.56711,0.96459,0
2.61209,-1.32757,0
1.16814,1.26568,0
2.62116,-1.34895,0
-0.03976,1.33146,0
2.1388,-1.31209,0
-0.51843,-0.38435,0
-0.00692,1.33713,0
0.93693,1.25536,0
-0.25393,1.42681,0
3.21469,-1.34757,0
-0.12017,1.31319,0
-0.26424,1.36437,0
3.57467,0.52035,0
0.97804,1.29922,0
-0.12339,1.4321,0
0.50259,1.33174,0
0.90963,1.25906,0
0.50995,1.31318,0
3.34893,-1.31694,0
0.40008,1.31896,0
1.21109,1.26267,0
-0.00791,1.33829,0
-0.09975,1.29857,0
2.25534,-1.27351,0
0.34658,1.31476,0
3.50517,0.28835,0
0.95221,1.29604,0
1.63449,-1.2584,0
-0.35106,1.26734,0
3.22086,-1.44256,0
3.56298,0.52813,0
3.54011,0.70008,0
-0.11105,1.34457,0
0.30544,1.38486,0
1.96377,-1.30462,0
-0.2328,1.43585,0
1.89683,-1.2781,0
2.00694,-1.25532,0
-0.05787,1.40861,0
-0.12654,1.28041,0
1.90873,-1.29515,0
3.55414,0.58812,0
2.97235,-1.40105,0
-0.32276,1.42405,0
2.7686,-1.31149,0
-0.58277,-0.89293,0
0.82818,1.29962,0
-0.1196,1.33661,0
3.58026,0.69606,0
3.52194,0.81011,0
3.19864,-1.32533,0
3.54299,0.56576,0
3.52608,0.49476,0
-0.50318,-0.66986,0
2.434,-1.34416,0
0.15278,1.34555,0
-0.26371,1.34345,0
2.79988,-1.33291,0
3.54583,0.96658,0
3.57775,0.93255,0
3.29322,-1.30003,0
0.36652,1.29548,0
0.2028,1.36503,0
3.12151,-1.31685,0
3.34567,-1.25239,0
2.76968,-1.37396,0
-0.52096,-1.00667,0
0.17903,1.29706,0
0.99424,1.25091,0
0.30885,1.3066,0
-0.51772,-0.43117,0
0.76333,1.32524,0
1.84071,-1.25771,0
3.36499,-1.26296,0
3.07417,-1.28477,0
3.58623,0.96467,0
3.51839,0.49239,0
-0.51581,-0.76601,0
3.5216,0.79861,0
-0.51602,-0.85367,0
3.16758,-1.42119,0
-0.50203,-0.79202,0
0.27324,1.33132,0
-0.53395,-0.5812,0
-0.51772,0.23135,0
1.88925,1.29886,0
2.83403,1.31949,0
2.28491,1.28731,0
0.47244,-1.27448,0
2.40083,1.30686,0
-0.53663,0.34003,0
0.12085,-1.34447,0
2.11327,1.29101,0
3.55603,-0.62645,0
2.58757,1.29305,0
0.96873,-1.34271,0
-0.09283,-1.51617,0
2.88173,1.4981,0
0.36862,-1.42858,0
0.62456,-1.37414,0
0.05543,-1.28677,0
3.6066,-0.53583,0
0.10603,-1.46262,0
3.56261,-0.80812,0
3.24396,1.43969,0
2.72607,1.37465,0
2.68502,1.45364,0
3.64502,-0.71362,0
-0.65076,0.86398,0
2.82097,1.33727,0
2.25383,1.37656,0
3.05184,1.4806,0
3.07091,1.52449,0
2.4869,1.39605,0
3.51396,-0.54344,0
3.11682,1.25506,0
2.89654,1.29081,0
2.70375,1.43539,0
3.08532,1.5179,0
2.66927,1.37918,0
0.24309,-1.26153,0
0.17834,-1.43776,0
-0.24695,-1.51711,0
0.18432,-1.45726,0
0.34008,-1.26767,0
0.50741,-1.36204,0
2.75785,1.46218,0
0.28423,-1.25316,0
0.03152,-1.28213,0
1.31416,-1.26819,0
0.18259,-1.31261,0
0.44105,-1.29619,0
-0.02016,-1.28005,0
3.30005,1.3919,0
2.89261,1.26723,0
-0.62739,0.82497,0
3.65196,-0.85646,0
-0.5997,0.84869,0
3.50833,-0.55897,0
2.89611,1.31274,0
-0.13004,-1.30604,0
0.34351,-1.33128,0
2.48264,1.35711,0
1.97078,1.25204,0
-0.63852,0.88323,0
0.23071,-1.40883,0
-0.27284,-1.26156,0
-0.57301,0.38799,0
2.4291,1.39024,0
3.17103,1.47925,0
2.70738,1.43021,0
2.94893,1.51263,0
2.49619,1.32138,0
1.98353,1.25721,0
0.70627,-1.29759,0
2.23088,1.261,0
3.54797,-0.29888,0
2.95328,1.35923,0
-0.11885,-1.35049,0
2.46329,1.39048,0
3.53472,-0.35557,0
2.67288,1.40054,0
0.27342,-1.45358,0
0.43109,-1.31147,0
3.19663,1.30511,0
0.10568,-1.40902,0
3.03166,1.40272,0
2.8407,1.43189,0
3.22452,1.54771,0
3.20098,1.50549,0
0.72167,-1.31292,0
0.01632,-1.35089,0
3.16115,1.51136,0
3.55479,-0.11415,0
0.88274,-1.32084,0
1.28168,-1.27616,0
0.22688,-1.34122,0
0.28844,-1.32182,0
2.86164,1.30761,0
2.3817,1.4172,0
0.31391,-1.39636,0
3.13519,1.36807,0
0.53583,-1.34263,0
2.136,1.36361,0
3.58415,-0.25953,0
1.08207,-1.28933,0
3.52746,-0.87057,0
3.20549,1.55687,0
0.09472,-1.35955,0
3.53188,-0.28107,0
0.93655,-1.28118,0
-0.5435,0.49124,0
3.30638,1.38678,0
0.85735,-1.33233,0
-0.51003,0.02367,0
3.31636,1.27764,0
-0.06727,-1.26837,0
-0.60042,0.77982,0
-0.25056,-1.50351,0
2.93135,1.33517,0
-0.20496,-1.28683,0
2.93138,1.27944,0
2.77341,1.41991,0
2.51505,1.42542,0
0.0878,-1.43974,0
0.41384,-1.32199,0
2.75285,1.46478,0
2.81727,1.38849,0
0.45697,-1.38375,0
2.53896,1.41161,0
2.68055,1.27041,0
-0.07982,-1.26959,0
1.2646,-1.30257,0
-0.08301,-1.41154,0
0.2332,-1.358,0
3.54634,-0.07382,0
2.60583,1.33843,0
0.98523,-1.35009,0
0.54791,-1.40348,0
0.31658,-1.45269,0
0.89569,-1.25362,0
-0.13073,-1.34924,0
1.06435,-1.28791,0
-0.53001,0.8971,0
-0.03028,-1.39545,0
-0.56794,0.48532,0
2.7921,1.29227,0
0.57602,-1.3194,0
-0.582,0.64934,0
-0.50305,0.66689,0
0.49798,-1.42521,0
3.14135,1.31355,0
-0.55178,0.86632,0
0.00781,-1.29239,0
2.66289,1.44857,0
0.65496,-1.3141,0
-0.24183,-1.36156,0
2.03667,1.26545,0
0.93774,-1.27345,0
-0.1206,-1.34781,0
3.25397,1.49891,0
-0.09643,-1.45174,0
1.2841,-1.27887,0
2.90687,1.40442,0
2.45913,1.36013,0
-0.22872,-1.43613,0
-0.52349,0.59322,0
0.49752,-1.33928,0
3.09899,1.43214,0
3.10015,1.51698,0
3.58242,-0.34709,0
2.52933,1.31273,0
-0.02,-1.37769,0
-0.55327,0.30961,0
0.0313,-1.4023,0
-0.51904,0.36673,0
0.90252,-1.26125,0
3.02842,1.31373,0
2.70844,1.37886,0
3.16382,1.35291,0
0.32981,-1.38713,0
3.24523,1.45443,0
-0.16,-1.31285,0
3.0644,1.41665,0
3.56279,-0.63481,0
0.56696,-1.40999,0
0.49947,-1.25889,0
2.79629,1.47486,0
0.17482,-1.4728,0
-0.12622,-1.40183,0
1.02086,-1.27456,0
-0.55995,0.47001,0
2.92408,1.44085,0
-0.56925,0.88041,0
0.9816,-1.29592,0
3.59197,-0.33878,0
2.53987,1.25864,0
2.86446,1.26087,0
3.60367,-0.81871,0
-0.59954,0.568,0
2.48308,1.35981,0
2.4925,1.2777,0
3.18374,1.52185,0
0.69441,-1.30542,0
2.9382,1.37155,0
2.63048,1.32619,0
3.58038,-0.87411,0
2.61363,1.33038,0
3.19072,1.50284,0
3.00661,1.38757,0
1.24299,-1.25356,0
0.32579,-1.3545,0
-0.63977,0.78462,0
-0.53145,0.82879,0
-0.08092,-1.48281,0
-0.15664,-1.42661,0
2.4337,1.35613,0
3.56715,-0.8382,0
-0.60321,0.69761,0
3.03634,1.36516,0
2.59363,1.30768,0
1.95152,1.32018,0
0.32388,-1.44844,0
-0.56745,0.47516,0
1.06086,-1.30396,0
2.40739,1.33358,0
2.79634,1.44418,0
3.60695,-0.53183,0
3.65383,-0.66896,0
2.66925,1.27982,0
3.56285,-0.89973,0
1.25799,-1.27527,0
0.93259,-1.28118,0
3.12011,1.41873,0
3.56639,-0.16086,0
0.5864,-1.31859,0
0.91208,-1.28801,0
3.1607,1.44019,0
-0.57965,0.83253,0
2.7882,1.30873,0
3.097,1.3808,0
-0.12177,-1.2817,0
2.4888,1.41892,0
0.33851,-1.36743,0
2.86859,1.50072,0
1.94058,1.25144,0
-0.18455,-1.35541,0
3.28386,1.43703,0
2.2819,1.2743,0
3.5564,-0.11401,0
1.70174,1.28981,0
3.57653,-0.51404,0
1.56306,1.25568,0
2.50912,1.30605,0
0.02299,-1.28528,0
3.54946,-0.4018,0
3.50562,-0.7856,0
0.47779,-1.38938,0
0.59047,-1.29978,0
-0.50539,0.1733,0
0.10139,-1.40529,0
2.03549,1.33394,0
-0.58116,0.72799,0
2.44107,1.29857,0
-0.63753,0.85742,0
0.43962,-1.32533,0
0.25648,-1.3888,0
-0.59656,0.90164,0
0.41929,-1.36017,0
3.52628,-0.33252,0
-0.13916,-1.27,0
-0.0502,-1.45659,0
-0.21888,-1.54195,0
3.28746,1.41283,0
2.55204,1.27526,0
-0.08494,-1.52689,0
2.7654,1.38234,0
0.67489,-1.27802,0
3.5632,-0.88384,0
3.08849,1.52026,0
0.28198,-1.39782,0
2.46361,1.33994,0
1.97171,1.27489,0
2.64363,1.41129,0
0.63611,-1.28143,0
3.18612,1.26615,0
3.25355,1.4468,0
0.51675,-1.3837,0
3.17224,1.4007,0
2.81662,1.2713,0
0.2644,-1.47534,0
2.52966,1.41617,0
0.97718,-1.30919,0
0.86946,-1.25227,0
3.52788,-0.3855,0
-0.08516,-1.34346,0
0.51036,-1.3001,0
2.65986,1.32408,0
3.2138,1.26512,0
0.00148,-1.26272,0
3.64127,-0.59773,0
-0.61083,0.76206,0
0.22799,-1.39868,0
2.88096,1.3778,0
0.66646,-1.276,0
2.29765,1.28638,0
2.71533,1.42228,0
2.37778,1.32802,0
-0.50279,0.77853,0
3.57474,-0.50595,0
2.69086,1.38378,0
3.63168,-0.56773,0
-0.52964,0.27791,0
2.8891,1.26234,0
3.54119,-0.31231,0
3.03202,1.46386,0
0.76975,-1.3061,0
0.31795,-1.41899,0
1.06232,-1.30882,0
2.97959,1.32952,0
2.76841,1.43266,0
-0.53982,0.60763,0
0.55742,-1.40905,0
0.74482,-1.32756,0
-0.23835,-1.55728,0
2.53654,1.42996,0
0.13551,-1.36588,0
0.1601,-1.42981,0
0.82238,-1.30173,0
1.63597,1.29326,0
3.25919,1.44879,0
0.36752,-1.37156,0
1.14455,-1.27292,0
2.62254,1.35509,0
0.10088,-1.26716,0
2.29322,1.29168,0
-0.51008,0.2757,0
2.68714,1.32051,0
0.4648,-1.27562,0
2.74433,1.28013,0
0.14792,-1.41579,0
0.71902,-1.39345,0
0.25039,-1.40028,0
0.41153,-1.35288,0
3.05524,1.30694,0
3.52779,-0.43292,0
-0.5175,0.22496,0
-0.00119,-1.46496,0
-0.02153,-1.47563,0
0.12989,-1.26331,0
3.11207,1.27803,0
3.60838,-0.76719,0
-0.53266,0.88568,0
0.55127,-1.38985,0
2.97471,1.48551,0
2.84424,1.25196,0
1.52756,1.25755,0
-0.50191,0.83046,0
2.31477,1.26868,0
2.10067,1.32142,0
2.95086,1.39118,0
1.12738,-1.27797,0
0.07366,-1.44072,0
3.53745,-0.32545,0
2.88988,1.37902,0
3.02907,1.3636,0
3.01198,1.25176,0
3.50857,-0.60303,0
3.58549,-0.65012,0
3.10566,1.46183,0
2.09338,1.3527,0
1.4503,-1.26527,0
0.76399,-1.37987,0
-0.52074,0.70701,0
2.55707,1.28964,0
2.98008,1.45069,0
2.66717,1.26413,0
-0.55085,0.24656,0
3.54664,-0.36708,0
2.50313,1.31948,0
3.50649,-0.6503,0
0.59466,-1.41696,0
0.91317,-1.35139,0
0.01062,-1.27866,0
0.07545,-1.31954,0
3.2556,1.348,0
0.41729,-1.29549,0
3.10552,1.42658,0
3.12362,1.34791,0
2.975,1.41993,0
2.85188,1.32781,0
2.60878,1.39235,0
0.07216,-1.3717,0
0.20105,-1.46553,0
1.09579,-1.30949,0
1.14055,-1.32299,0
1.92924,1.29702,0
2.69578,1.2996,0
3.17146,1.3056,0
0.46166,-1.30439,0
-0.08361,-1.25421,0
2.9976,1.37633,0
3.27266,1.5195,0
2.5304,1.33139,0
1.64878,1.29192,0
2.35315,1.28355,0
2.06683,1.35893,0
3.55457,-0.45821,0
2.2483,1.35867,0
2.08048,1.35591,0
-0.09979,-1.51788,0
2.90481,1.27219,0
0.77152,-1.33914,0
-0.57146,0.65221,0
1.17287,-1.28069,0
3.5644,-0.83644,0
0.15501,-1.30274,0
3.54275,-0.29033,0
2.84975,1.3707,0
-0.09037,-1.45371,0
2.90865,1.28481,0
0.67456,-1.3192,0
1.7942,1.31936,0
2.22403,1.38167,0
-0.1274,-1.32986,0
3.59158,-0.61453,0
3.60517,-0.66742,0
2.69825,1.2519,0
3.52682,-0.00586,0
0.64336,-1.39456,0
1.94886,1.25301,0
0.06567,-1.30366,0
3.08161,1.4604,0
0.67178,-1.26154,0
-0.11597,-1.44485,0
2.37708,1.26536,0
-0.21306,-1.35971,0
0.21308,-1.36369,0
2.83855,1.34347,0
2.31576,1.32222,0
-0.2594,-1.3828,0
2.70787,1.34287,0
3.19264,1.39735,0
2.53198,1.37855,0
2.63751,1.25124,0
-0.06633,-1.33057,0
-0.05955,-1.38469,0
-0.09201,-1.52908,0
2.94552,1.46399,0
0.52424,-1.32706,0
2.77032,1.31171,0
0.67555,-1.2946,0
3.51359,-0.72419,0
0.37166,-1.36678,0
3.26996,1.46969,0
2.76186,1.2792,0
2.97355,1.46622,0
-0.55875,0.77811,0
1.50604,-1.258,0
0.5572,-1.26869,0
-0.54387,0.81936,0
3.51087,-0.21178,0
-0.07979,-1.51442,0
3.59207,-0.78687,0
-0.60988,0.9051,0
3.59663,-0.48013,0
0.05012,-1.30569,0
3.52351,-0.10199,0
0.36869,-1.3051,0
3.61082,-0.68005,0
0.64947,-1.39287,0
0.09403,-1.25911,0
3.05715,1.36521,0
3.2159,1.55909,0
-0.10425,-1.51618,0
3.30113,1.42272,0
3.30047,1.31073,0
3.5828,-0.32389,0
-0.17988,-1.49761,0
0.24821,-1.26943,0
2.80153,1.40442,0
-0.55911,0.55724,0
3.65,-0.76519,0
1.67539,1.25921,0
2.30111,1.36283,0
3.67378,-0.88235,0
0.0418,-1.30404,0
0.90107,-1.30832,0
0.80727,-1.33392,0
3.60025,-0.68473,0
0.10096,-1.31212,0
0.09592,-1.31784,0
3.12393,1.38674,0
3.65257,-0.6358,0
-0.60109,0.72925,0
2.20623,1.37836,0
-0.62025,0.84993,0
3.5445,-0.03786,0
0.61174,-1.3813,0
-0.13705,-1.33802,0
2.64325,1.3698,0
0.25998,-1.33765,0
0.38202,-1.40798,0
3.01908,1.28151,0
3.03557,1.3234,0
3.67941,-0.85883,0
3.52125,-0.65057,0
2.87908,1.49742,0
2.08284,1.32089,0
-0.16123,-1.45719,0
1.95676,1.34304,0
1.2309,-1.25833,0
0.33567,-1.40327,0
-0.52787,0.82226,0
0.94876,-1.26363,0
0.6996,-1.3947,0
-0.61342,0.68988,0
2.58989,1.32986,0
0.08367,-1.49355,0
-0.64116,0.76718,0
-0.55426,0.80752,0
3.01194,1.25488,0
2.96844,1.37452,0
0.08505,-1.40223,0
0.73554,-1.26654,0
0.62246,-1.40519,0
-0.56964,0.51047,0
3.51767,-0.88996,0
0.03285,-1.29238,0
0.94319,-1.35802,0
-0.50311,0.66981,0
3.50236,-0.67945,0
-0.0716,-1.45313,0
3.57576,-0.61909,0
3.5251,-0.24236,0
3.53538,-0.55708,0
2.72935,1.43584,0
0.86948,-1.35323,0
2.27882,1.38351,0
-0.21294,-1.49682,0
3.60864,-0.50242,0
1.4524,-1.26222,0
2.90086,1.4401,0
2.35103,1.27665,0
-0.62814,0.85606,0
0.04971,-1.31373,0
-0.63218,0.84156,0
3.16147,1.30927,0
3.52657,-0.55363,0
2.91618,1.40105,0
-0.14534,-1.36458,0
3.62008,-0.50051,0
2.4222,1.40733,0
0.39914,-1.25978,0
-0.51727,0.20782,0
3.55682,-0.9089,0
0.12141,-1.37788,0
0.09662,-1.28676,0
3.54177,-0.50122,0
3.50542,-0.737,0
2.46827,1.28982,0
0.13847,-1.27064,0
0.5917,-1.40233,0
2.75622,1.40395,0
3.55068,-0.68386,0
2.30999,1.3918,0
-0.61085,0.69162,0
0.18551,-1.4073,0
2.19515,1.31627,0
2.4176,1.34092,0
-0.1396,-1.3028,0
2.44093,1.42952,0
2.96754,1.39606,0
1.28945,-1.28601,0
-0.52786,0.88294,0
2.54023,1.43745,0
-0.04424,-1.37646,0
3.64001,-0.71993,0
2.02088,1.26827,0
2.53148,1.28272,0
-0.65311,0.88813,0
0.25215,-1.32153,0
-0.53322,0.86479,0
0.07998,-1.46222,0
0.52196,-1.36226,0
2.99374,1.51963,0
0.67831,-1.30209,0
1.69175,1.29223,0
3.01662,1.44132,0
2.22404,1.27423,0
3.00104,1.49961,0
0.12248,-1.47567,0
2.94006,1.46382,0
2.82931,1.48055,0
3.5335,-0.81959,0
0.55237,-1.37465,0
-0.60782,0.84052,0
1.91075,1.31394,0
3.24673,1.4623,0
0.39052,-1.39698,0
-0.52411,0.90046,0
2.99295,1.26115,0
2.96662,1.47807,0
-0.52463,0.42003,0
3.20187,1.3011,0
1.97576,1.33342,0
2.01473,1.34681,0
0.41149,-1.43353,0
1.05715,-1.2987,0
3.17859,1.49845,0
2.75375,1.48004,0
0.18602,-1.2593,0
0.42454,-1.4269,0
2.69738,1.47158,0
3.14819,1.41826,0
1.35846,-1.27369,0
3.23467,1.52598,0
3.12855,1.4023,0
0.5995,-1.39319,0
3.54268,-0.24069,0
1.62383,1.27575,0
3.27752,1.34861,0
3.5921,-0.4016,0
3.03123,1.32813,0
-0.25067,-1.40504,0
3.57206,-0.31501,0
0.30795,-1.39101,0
-0.26348,-1.37598,0
3.56006,-0.40104,0
2.48916,1.30326,0
2.71452,1.27676,0
0.50101,-1.36578,0
3.25605,1.49957,0
-0.56709,0.34084,0
0.21078,-1.37876,0
-0.52144,0.8615,0
-0.01045,-1.40942,0
3.07002,1.43438,0
0.11326,-1.44609,0
-0.59343,0.52528,0
-0.01579,-1.40102,0
3.67046,-0.75117,0
1.85901,1.32653,0
3.59297,-0.49793,0
3.59164,-0.36173,0
0.30973,-1.31125,0
0.72386,-1.36256,0
-0.54185,0.35614,0
-0.07694,-1.47987,0
3.14583,1.4019,0
0.12239,-1.29379,0
-0.58083,0.89565,0
3.55268,-0.06048,0
-0.21856,-1.49136,0
1.18924,-1.27861,0
2.44451,1.40019,0
-0.22954,-1.28113,0
3.13416,1.26231,0
3.15956,1.30363,0
3.53386,-0.3503,0
2.80768,1.40711,0
2.79152,1.47214,0
0.16286,-1.47957,0
3.55756,-0.25934,0
0.45699,-1.31149,0
3.68599,-0.8863,0
3.58289,-0.53566,0
3.11706,1.46373,0
3.05753,1.38612,0
2.633,1.38364,0
0.08887,-1.29115,0
-0.51131,0.67545,0
-0.60881,0.90558,0
2.41744,1.34954,0
-0.06574,-1.3542,0
0.05482,-1.32005,0
2.45,1.34153,0
2.99348,1.41608,0
3.58566,-0.84331,0
0.17566,-1.4069,0
0.82271,-1.36539,0
-0.53667,0.73066,0
-0.05983,-1.39515,0
3.06363,1.3317,0
3.21514,1.33857,0
3.59139,-0.80343,0
1.26907,-1.27702,0
3.27464,1.403,0
0.5413,-1.40086,0
2.5794,1.4035,0
1.61991,1.27315,0
0.04052,-1.29204,0
0.27176,-1.27235,0
2.92565,1.50133,0
0.06472,-1.29757,0
-0.14328,-1.27279,0
0.27615,-1.41177,0
2.67534,1.388,0
0.39879,-1.45198,0
0.0033,-1.40459,0
0.549,-1.28168,0
-0.56211,0.55168,0
3.24874,1.48852,0
3.5388,-0.87252,0
1.9132,1.29927,0
2.77053,1.26655,0
3.52668,-0.09545,0
-0.26584,-1.36318,0
1.20334,-1.28615,0
3.54433,-0.56006,0
3.56438,-0.6033,0
0.36777,-1.34387,0
0.39501,-1.45446,0
0.27863,-1.33244,0
3.58155,-0.6802,0
3.56482,-0.26807,0
2.62476,1.32261,0
0.82948,-1.28531,0
3.25743,1.32464,0
0.19583,-1.25925,0
2.99574,1.28618,0
3.1449,1.27838,0
-0.54867,0.83615,0
3.55957,-0.90246,0
3.6123,-0.68639,0
3.10774,1.34059,0
0.29106,-1.37144,0
2.52656,1.27061,0
3.52559,-0.67328,0
2.9447,1.50939,0
-0.53442,0.70262,0
-0.17783,-1.32999,0
3.58392,-0.57085,0
0.01137,-1.27464,0
-0.53763,0.75402,0
2.69433,1.39696,0
2.56282,1.29083,0
3.52964,-0.69596,0
-0.24233,-1.48402,0
-0.54607,0.27589,0
3.55328,-0.74674,0
-0.15806,-1.53547,0
2.73338,1.38528,0
3.53006,-0.90353,0
2.98336,1.50266,0
3.22405,1.33448,0
0.26784,-1.29556,0
2.28863,1.37794,0
3.05751,1.34079,0
2.54338,1.3875,0
2.51812,1.37385,0
0.50947,-1.29795,0
2.59436,1.4029,0
2.18383,1.32372,0
3.03802,1.31544,0
0.00622,-1.29319,0
3.54343,-0.76519,0
0.32381,-1.29908,0
2.3528,1.34867,0
2.72773,1.33719,0
0.65281,-1.32663,0
2.75589,1.37752,0
0.09422,-1.44268,0
-0.52317,0.79103,0
2.52516,1.39991,0
3.63075,-0.73974,0
2.41665,1.31135,0
3.12018,1.31997,0
3.5509,-0.04627,0
0.63693,-1.29401,0
2.9315,1.36606,0
3.643,-0.65673,0
2.75682,1.47865,0
0.14397,-1.27718,0
3.05425,1.32246,0
0.13745,-1.36417,0
-0.25313,-1.26624,0
0.02399,-1.34713,0
3.65936,-0.8343,0
2.08337,1.32181,0
3.53741,-0.70866,0
2.69702,1.42121,0
0.63154,-1.31426,0
0.47691,-1.35016,0
2.76294,1.43109,0
2.1081,1.35303,0
0.05539,-1.37302,0
0.28195,-1.31707,0
2.20672,1.30611,0
0.65339,-1.37245,0
0.52344,-1.27691,0
2.90281,1.46224,0
3.18355,1.52426,0
2.17783,1.31453,0
0.42467,-1.44809,0
0.43297,-1.38688,0
2.2797,1.38932,0
2.42948,1.41048,0
-0.58041,0.67092,0
3.19141,1.45561,0
3.55916,-0.78844,0
0.819,-1.33769,0
0.19831,-1.41088,0
0.49278,-1.43114,0
1.07671,-1.25043,0
1.58251,1.26058,0
-0.031,-1.38996,0
0.22562,-1.45191,0
3.51293,-0.61924,0
3.57214,-0.85432,0
3.22675,1.46834,0
-0.50509,0.22193,0
0.06247,-1.28302,0
1.88657,1.25811,0
2.24132,1.30935,0
-0.50005,0.84104,0
1.03941,-1.25604,0
0.57342,-1.2525,0
2.94376,1.27257,0
2.92297,1.34019,0
-0.6348,0.79692,0
-0.59133,0.65682,0
0.40064,-1.4378,0
0.50334,-1.34354,0
2.42228,1.36158,0
-0.1914,-1.42932,0
-0.50746,0.88407,0
2.91834,1.36357,0
2.87189,1.2869,0
-0.51023,0.69554,0
2.1179,1.32168,0
-0.03918,-1.39996,0
-0.15463,-1.38251,0
3.57561,-0.50554,0
2.52105,1.41143,0
2.18806,1.26358,0
0.66972,-1.33013,0
-0.53529,0.58992,0
0.37195,-1.40964,0
2.19717,1.27674,0
2.10959,1.3666,0
1.08877,-1.2897,0
1.03796,-1.2872,0
-0.10535,-1.45454,0
0.59945,-1.32002,0
2.14277,1.29103,0
0.26427,-1.4121,0
0.48583,-1.37051,0
3.0538,1.31369,0
0.11353,-1.45419,0
2.31247,1.38524,0
3.1512,1.34993,0
2.2493,1.38974,0
2.00189,1.31165,0
2.61173,1.3373,0
2.70138,1.2937,0
-0.10847,-1.53383,0
3.02917,1.34563,0
3.55681,-0.77578,0
3.01314,1.4271,0
0.40696,-1.30602,0
0.00895,-1.38337,0
3.55571,-0.67707,0
3.61991,-0.62464,0
2.09233,1.30648,0
2.43955,1.42157,0
0.98702,-1.26993,0
2.91443,1.45043,0
0.20651,-1.47947,0
0.30908,-1.4025,0
2.83905,1.33597,0
-0.50614,0.82084,0
2.35423,1.32213,0
3.11123,1.49005,0
3.23018,1.2704,0
-0.5207,0.24439,0
0.67379,-1.38825,0
-0.55272,0.58797,0
-0.26545,-1.37152,0
3.11627,1.34242,0
2.34184,1.37773,0
3.30141,1.35934,0
2.2776,1.37484,0
2.87908,1.2772,0
3.56612,-0.54853,0
-0.54748,0.30981,0
3.51247,-0.34228,0
0.33756,-1.43158,0
3.05421,1.36234,0
-0.05994,-1.48183,0
1.8192,1.27501,0
0.57642,-1.40912,0
1.64394,1.26326,0
1.97101,1.34461,0
0.72531,-1.25911,0
-0.51133,0.293,0
2.70816,1.26061,0
2.47399,1.26893,0
-0.54791,0.56971,0
2.99602,1.40799,0
3.22605,1.49045,0
3.19404,1.30258,0
-0.50568,0.31226,0
0.64941,-1.34695,0
1.06013,-1.32351,0
3.54954,-0.04913,0
3.12526,1.33221,0
2.12137,1.29188,0
0.44681,-1.39197,0
0.20059,-1.3175,0
2.7455,1.35872,0
2.01316,1.25445,0
0.749,-1.38886,0
1.76165,1.27879,0
2.81494,1.27128,0
2.94067,1.42375,0
0.83913,-1.37663,0
-0.59988,0.85313,0
0.38776,-1.42476,0
-0.21854,-1.47657,0
-0.53194,0.25939,0
0.61165,-1.34206,0
2.61624,1.45407,0
2.99373,1.36275,0
0.45821,-1.3018,0
-0.04031,-1.45379,0
2.61256,1.33565,0
-0.05553,-1.27807,0
2.73541,1.45326,0
3.64036,-0.713,0
0.53454,-1.29181,0
0.89879,-1.31357,0
-0.12468,-1.4111,0
3.25477,1.48678,0
1.72182,1.26633,0
0.74707,-1.25013,0
0.30286,-1.35045,0
2.95055,1.34979,0
3.08001,1.35047,0
3.07741,1.53805,0
-0.51051,-0.00944,0
1.70723,1.26122,0
2.72641,1.41144,0
0.35447,-1.25994,0
3.55098,-0.6152,0
0.1003,-1.37137,0
0.37985,-1.28413,0
0.88059,-1.31513,0
-0.17123,-1.52565,0
0.62525,-1.32706,0
3.5792,-0.33537,0
2.94862,1.26618,0
0.64234,-1.33259,0
3.60566,-0.45624,0
3.12783,1.47728,0
3.53052,-0.35151,0
-0.13027,-1.51242,0
1.29004,-1.29262,0
0.03384,-1.44964,0
3.09838,1.25241,0
1.9896,1.33237,0
-0.56799,0.70291,0
2.67678,1.28737,0
2.7528,1.34655,0
3.13116,1.42118,0
1.18699,-1.26788,0
3.03654,1.45546,0
-0.62582,0.89474,0
3.17995,1.26465,0
3.63593,-0.88035,0
0.88215,-1.34814,0
2.66166,1.2896,0
0.29031,-1.35485,0
0.123,-1.48856,0
0.17905,-1.41391,0
3.26844,1.33348,0
3.147,1.25125,0
-0.5144,0.70925,0
-0.5977,0.5662,0
-0.23978,-1.55683,0
-0.60771,0.89682,0
2.91486,1.46092,0
2.87344,1.27748,0
2.36508,1.33368,0
3.54519,-0.55982,0
0.17687,-1.28847,0
3.55874,-0.21192,0
2.94983,1.48279,0
3.09046,1.35028,0
3.61193,-0.6545,0
-0.1765,-1.44189,0
2.8499,1.46665,0
2.26394,1.26905,0
0.24918,-1.34203,0
2.65705,1.41686,0
3.06249,1.45057,0
0.90972,-1.25303,0
0.15594,-1.46255,0
0.25574,-1.46574,0
0.88733,-1.35569,0
0.43879,-1.26653,0
0.19221,-1.41712,0
2.58428,1.35112,0
-0.17787,-1.37273,0
1.52852,1.26158,0
-0.5084,0.76666,0
-0.1796,-1.35984,0
-0.18653,-1.44054,0
0.4027,-1.41189,0
3.07787,1.38127,0
0.06103,-1.33583,0
3.59012,-0.3278,0
0.226,-1.26665,0
-0.27487,-1.39765,0
3.52763,-0.60257,0
0.60236,-1.34139,0
2.67752,1.40547,0
2.63224,1.45423,0
0.07106,-1.45025,0
0.87025,-1.36412,0
-0.11059,-1.28018,0
3.23487,1.39483,0
0.79408,-1.3049,0
3.57726,-0.8097,0
0.74055,-1.32428,0
2.80259,1.3256,0
3.15312,1.44061,0
0.74672,-1.30753,0
2.509,1.28527,0
3.60436,-0.54243,0
3.56588,-0.4042,0
-0.51379,0.1757,0
2.14918,1.26693,0
2.95685,1.33118,0
0.838,-1.29199,0
2.34222,1.27094,0
2.27106,1.27424,0
-0.57247,0.50795,0
1.93768,1.32865,0
0.59634,-1.37365,0
2.70976,1.26522,0
0.69146,-1.33375,0
2.76237,1.27448,0
2.74322,1.31581,0
0.72965,-1.36949,0
0.38708,-1.34135,0
0.06091,-1.48671,0
0.48474,-1.25886,0
-0.14753,-1.43573,0
2.33465,1.3132,0
2.8361,1.45683,0
-0.2309,-1.47792,0
3.09971,1.34745,0
-0.10131,-1.40746,0
-0.02473,-1.41409,0
2.4288,1.35806,0
2.16873,1.33719,0
2.97764,1.29682,0
3.27619,1.34582,0
0.07969,-1.46609,0
2.64369,1.31368,0
1.89924,1.29648,0
0.11322,-1.42369,0
3.54879,-0.29914,0
2.04704,1.34343,0
-0.23844,-1.46319,0
1.28789,-1.28209,0
-0.57528,0.37815,0
3.62679,-0.56481,0
-0.50376,0.20161,0
0.94596,-1.26474,0
-0.15601,-1.48956,0
0.42956,-1.41523,0
-0.16011,-1.37838,0
2.28687,1.35697,0
0.84851,-1.28064,0
3.55443,-0.65666,0
2.36593,1.33341,0
3.02128,1.36831,0
1.426,-1.27405,0
0.108,-1.39248,0
3.5981,-0.5246,0
-0.58711,0.81469,0
3.58544,-0.67297,0
0.37283,-1.2536,0
2.06446,1.32456,0
3.23891,1.28844,0
2.41663,1.41194,0
-0.50112,0.27466,0
2.36438,1.30221,0
-0.58096,0.65015,0
0.40204,-1.41481,0
3.52272,-0.20143,0
-0.57709,0.74623,0
3.55533,-0.41818,0
2.26292,1.27419,0
2.98697,1.35044,0
2.91571,1.49082,0
-0.2119,-1.49963,0
0.16317,-1.33244,0
0.34816,-1.45947,0
3.52045,-0.54716,0
-0.113,-1.26412,0
0.60489,-1.34188,0
2.73744,1.3027,0
2.30547,1.34332,0
-0.57605,0.50601,0
-0.22158,-1.43561,0
0.94165,-1.36001,0
2.61458,1.39475,0
0.3209,-1.43839,0
-0.07344,-1.25304,0
3.53773,-0.67631,0
3.53097,-0.49112,0
3.1571,1.40394,0
0.32614,-1.41223,0
0.67243,-1.2759,0
0.54123,-1.32668,0
-0.50193,0.12485,0
0.15551,-1.47767,0
-0.08786,-1.32718,0
3.25588,1.55805,0
-0.07506,-1.48098,0
0.55322,-1.27701,0
0.52657,-1.38493,0
1.18475,-1.25629,0
2.19841,1.37295,0
3.57388,-0.7697,0
3.04665,1.51353,0
2.42697,1.33671,0
3.50553,-0.15683,0
3.57941,-0.42786,0
0.39178,-1.40207,0
3.23968,1.39811,0
2.67864,1.33697,0
3.54824,-0.77509,0
3.52829,-0.77918,0
0.33148,-1.39467,0
3.29076,1.46431,0
3.50711,-0.68652,0
2.86495,1.31407,0
-0.04069,-1.45719,0
3.15818,1.5075,0
3.251,1.47124,0
2.27288,1.277,0
0.98594,-1.25049,0
3.17454,1.46485,0
0.44868,-1.3022,0
1.89559,1.28396,0
2.51953,1.27318,0
3.50759,-0.74859,0
-0.63727,0.74276,0
1.9676,1.25013,0
-0.56541,0.75358,0
0.07503,-1.44812,0
2.83944,1.46951,0
2.66945,1.38543,0
2.70555,1.42869,0
2.49275,1.40743,0
2.14937,1.34509,0
3.10715,1.52855,0
0.70349,-1.30124,0
0.93123,-1.33441,0
2.04486,1.36126,0
2.02462,1.26828,0
-0.51948,0.79766,0
3.07631,1.26541,0
2.38708,1.37302,0
0.77591,-1.32153,0
2.14969,1.25861,0
2.95591,1.4386,0
2.81465,1.41385,0
3.27324,1.42833,0
2.83656,1.48283,0
3.14523,1.53667,0
-0.64098,0.76346,0
2.01478,1.32298,0
2.4484,1.3269,0
0.78662,-1.26648,0
-0.52395,0.13315,0
2.84526,1.44601,0
-0.12182,-1.34655,0
3.17036,1.40051,0
2.82498,1.26964,0
0.22564,-1.36132,0
-0.12604,-1.49407,0
-0.57265,0.76676,0
2.88766,1.33387,0
2.2485,1.30795,0
0.41365,-1.26504,0
-0.25213,-1.41624,0
2.87455,1.45815,0
3.55811,-0.39886,0
2.99822,1.52249,0
0.30954,-1.44517,0
0.9245,-1.29183,0
0.34611,-1.45131,0
3.5193,-0.53673,0
2.80153,1.33845,0
2.97958,1.49328,0
2.77408,1.31735,0
3.59115,-0.29771,0
-0.10759,-1.36334,0
2.75995,1.36549,0
-0.57437,0.67921,0
3.5086,-0.52932,0
1.7662,1.25465,0
3.191,1.41117,0
2.57387,1.33101,0
3.66912,-0.79433,0
0.68453,-1.3579,0
2.14963,1.3268,0
3.2564,1.34696,0
-0.22083,-1.27173,0
0.46939,-1.27567,0
2.80009,1.48096,0
1.80254,1.29458,0
0.42099,-1.43135,0
0.59942,-1.27043,0
2.04387,1.27977,0
3.52576,-0.59096,0
2.12247,1.2825,0
2.14192,1.29758,0
3.05982,1.31418,0
2.02072,1.3128,0
0.45244,-1.35159,0
2.89809,1.31035,0
3.54148,-0.31551,0
3.59415,-0.36053,0
2.63704,1.38133,0
0.12268,-1.44864,0
-0.07116,-1.26374,0
2.87283,1.37213,0
2.70279,1.25505,0
3.19689,1.36856,0
0.11339,-1.3103,0
3.58824,-0.53582,0
2.33464,1.25865,0
-0.20384,-1.2728,0
2.10468,1.25008,0
0.27173,-1.33797,0
3.23806,1.48823,0
3.07269,1.36236,0
0.13315,-1.38576,0
-0.58757,0.5266,0
2.70071,1.3615,0
2.2235,1.32208,0
2.20042,1.35854,0
3.64619,-0.77103,0
2.87671,1.34788,0
1.51103,1.25864,0
1.75536,1.27773,0
0.15423,-1.41148,0
-0.17499,-1.33629,0
0.31198,-1.27774,0
2.51938,1.31599,0
-0.12137,-1.47017,0
0.56673,-1.38106,0
-0.2256,-1.51223,0
0.00974,-1.44825,0
2.90711,1.31244,0
3.57663,-0.28792,0
-0.50841,0.02951,0
0.594,-1.36542,0
-0.09695,-1.39297,0
3.53373,-0.41406,0
3.57859,-0.80764,0
2.65439,1.30575,0
-0.19602,-1.25829,0
3.62883,-0.65416,0
2.59988,1.32839,0
2.65695,1.4248,0
3.27839,1.51606,0
0.55645,-1.38608,0
0.26188,-1.32407,0
-0.03905,-1.50485,0
2.86221,1.28843,0
-0.5737,0.8837,0
0.03209,-1.41847,0
2.781,1.28629,0
3.26868,1.37015,0
-0.51724,0.04632,0
0.15585,-1.41204,0
3.27679,1.49696,0
2.37092,1.35683,0
1.93055,1.29338,0
3.62875,-0.73936,0
2.89994,1.26394,0
2.76175,1.33691,0
2.39167,1.3697,0
-0.00302,-1.46218,0
0.15774,-1.39649,0
0.40001,-1.33361,0
-0.63213,0.76066,0
-0.59727,0.51305,0
2.53424,1.38701,0
0.827,-1.35781,0
3.60287,-0.37324,0
3.08049,1.2508,0
0.17283,-1.26652,0
0.80495,-1.29336,0
2.12833,1.34207,0
-0.00286,-1.42365,0
3.54902,-0.79944,0
-0.54276,0.83963,0
0.45181,-1.35649,0
0.35018,-1.44031,0
2.92573,1.40116,0
3.57854,-0.76826,0
3.1222,1.5324,0
1.90331,1.26811,0
2.49756,1.36193,0
0.22163,-1.27449,0
3.56444,-0.29559,0
-0.23904,-1.31827,0
-0.11438,-1.33014,0
-0.64715,0.88014,0
3.27396,1.49079,0
0.66727,-1.2937,0
3.59561,-0.43979,0
-0.22692,-1.5537,0
2.41032,1.28549,0
2.66055,1.27061,0
3.54494,-0.21794,0
0.50492,-1.30585,0
2.52974,1.29946,0
2.84606,1.38774,0
3.51729,-0.31221,0
3.05674,1.31162,0
0.88704,-1.3597,0
1.98106,1.30016,0
0.59444,-1.40493,0
-0.52388,0.11133,0
0.33367,-1.37162,0
0.05166,-1.39329,0
-0.23592,-1.27443,0
0.78804,-1.29334,0
-0.03233,-1.32438,0
0.09527,-1.25926,0
3.24962,1.45763,0
0.45244,-1.32058,0
3.53819,-0.4496,0
0.06077,-1.48132,0
0.61087,-1.39329,0
3.65455,-0.70719,0
-0.14279,-1.33203,0
0.09563,-1.37469,0
-0.55851,0.3079,0
1.34947,-1.26722,0
3.57308,-0.28492,0
3.00168,1.51997,0
3.59314,-0.78406,0
3.06175,1.37103,0
1.08613,-1.27408,0
3.50529,-0.24484,0
0.39917,-1.30136,0
3.17152,1.53928,0
1.95682,1.28541,0
2.4783,1.28462,0
3.52376,-0.65956,0
0.55128,-1.33779,0
1.88008,1.28673,0
1.29879,-1.27654,0
2.69934,1.44512,0
-0.51402,0.14577,0
-0.1678,-1.28436,0
-0.58797,0.67047,0
0.75457,-1.32439,0
1.73762,1.30407,0
3.57429,-0.54753,0
-0.25428,-1.30453,0
0.17557,-1.33778,0
3.21656,1.35861,0
3.58039,-0.70102,0
-0.07437,-1.37659,0
3.63218,-0.58356,0
0.55884,-1.30705,0
1.9043,1.25294,0
-0.5448,0.65624,0
0.50883,-1.4007,0
2.30079,1.39459,0
-0.01426,-1.39816,0
0.10559,-1.35856,0
0.26304,-1.38272,0
2.8661,1.38998,0
3.55802,-0.71735,0
-0.28039,-1.31647,0
1.52718,1.2571,0
3.23351,1.33802,0
2.55037,1.44841,0
3.58753,-0.78991,0
2.85308,1.30456,0
3.55793,-0.54555,0
0.24957,-1.36165,0
-0.64744,0.89668,0
0.0387,-1.47802,0
2.23994,1.29566,0
3.53007,0.06922,0
0.17707,-1.34059,0
0.14225,-1.30394,0
2.46936,1.33929,0
2.69636,1.25061,0
2.49051,1.27091,0
0.08161,-1.26451,0
-0.18848,-1.36056,0
-0.62919,0.75435,0
1.00492,-1.29869,0
2.1946,1.33549,0
3.62703,-0.60054,0
1.26879,-1.26266,0
2.99243,1.43578,0
1.87643,1.32773,0
3.63633,-0.86884,0
2.40601,1.28271,0
2.12965,1.36951,0
0.68488,-1.32825,0
2.5976,1.45293,0
-0.54717,0.56925,0
3.55397,-0.89916,0
2.82098,1.25502,0
3.50975,-0.56883,0
-0.55996,0.3389,0
0.67372,-1.40407,0
3.54081,-0.11526,0
0.44739,-1.37296,0
0.63888,-1.39295,0
2.54927,1.44461,0
2.45426,1.26152,0
2.93013,1.49724,0
-0.53898,0.72361,0
2.5037,1.30251,0
2.14084,1.37579,0
3.28725,1.48742,0
3.56372,-0.36511,0
3.65618,-0.82829,0
1.96992,1.3349,0
0.29044,-1.34428,0
3.18597,1.50689,0
0.33892,-1.41132,0
0.26225,-1.44489,0
2.46888,1.25082,0
2.80808,1.28315,0
0.35251,-1.46497,0
3.70838,-0.57231,0
2.8246,1.61627,0
3.54571,0.0453,0
2.48703,1.56833,0
-0.61245,0.44133,0
-0.73137,0.67574,0
-0.55124,0.03591,0
1.08569,-1.39648,0
3.70981,-0.56263,0
-0.699,0.66532,0
-0.64169,0.70864,0
1.54803,-1.27953,0
2.74651,1.58859,0
-0.00859,-1.5868,0
3.73199,-0.57085,0
1.56629,-1.2685,0
3.53261,0.08679,0
2.33389,1.51433,0
0.50349,-1.51468,0
1.56435,1.31322,0
-0.67315,0.66292,0
1.02148,-1.42186,0
-0.56309,0.10338,0
2.21666,1.47587,0
2.34929,1.41917,0
1.50163,-1.27901,0
0.30543,-1.61957,0
2.57694,1.57706,0
3.11969,1.67041,0
0.46972,-1.47349,0
0.92428,-1.3955,0
3.74935,-0.59507,0
3.64219,-0.46416,0
1.43051,-1.28213,0
0.70458,-1.42842,0
0.21229,-1.53768,0
0.82889,-1.40562,0
0.60112,-1.46255,0
2.35788,1.47472,0
3.02715,1.61548,0
3.69753,-0.55987,0
3.73558,-0.53831,0
0.52326,-1.52854,0
1.97871,1.41679,0
2.62016,1.5697,0
1.07679,-1.39567,0
0.81211,-1.45626,0
3.66721,-0.29988,0
0.24578,-1.60118,0
3.56073,-0.02693,0
2.68826,1.50819,0
-0.56212,0.22324,0
-0.52481,0.0068,0
3.68353,-0.32934,0
-0.03141,-1.67391,0
-0.58988,0.38877,0
3.12367,1.72389,0
2.49555,1.44457,0
-0.03738,-1.56875,0
3.71695,-0.56679,0
0.21173,-1.59513,0
2.06186,1.40282,0
0.17474,-1.55256,0
-0.65097,0.43645,0
3.06563,1.65078,0
3.62988,-0.37828,0
2.6825,1.5785,0
1.98977,1.37292,0
0.94053,-1.43839,0
2.72553,1.53104,0
-0.03258,-1.65127,0
-0.04698,-1.59422,0
0.69481,-1.45135,0
2.67347,1.60323,0
1.44181,-1.30543,0
0.56776,-1.52474,0
2.44804,1.44854,0
2.32963,1.43612,0
3.14131,1.56757,0
3.00311,1.63313,0
3.66582,-0.62173,0
3.05298,1.65968,0
0.0833,-1.63951,0
-0.58894,0.23844,0
-0.58906,0.19537,0
3.61269,-0.10329,0
-0.02816,-1.70008,0
2.76114,1.51138,0
0.79128,-1.44857,0
-0.58156,0.31382,0
0.27653,-1.6244,0
3.53869,0.1129,0
2.39288,1.46824,0
0.28115,-1.5769,0
-0.64824,0.56805,0
0.52425,-1.54304,0
3.6858,-0.54923,0
3.61805,-0.3537,0
2.64098,1.47402,0
-0.63496,0.38504,0
3.57332,-0.09092,0
-0.64349,0.48195,0
-0.08009,-1.57964,0
2.75148,1.52239,0
-0.5174,-0.07411,0
1.69614,1.32044,0
0.95487,-1.41706,0
3.67032,-0.49648,0
0.35975,-1.50805,0
1.14687,-1.35198,0
-0.52527,-0.04903,0
-0.65815,0.56574,0
2.4032,1.50445,0
0.59973,-1.49816,0
1.88886,1.37392,0
-0.62678,0.37944,0
-0.58545,0.36951,0
3.08448,1.57128,0
3.56289,-0.0249,0
3.6707,-0.64496,0
2.48582,1.48977,0
0.06246,-1.56224,0
3.67503,-0.67618,0
-0.67027,0.44068,0
1.8941,1.3835,0
3.60326,-0.16663,0
-0.65381,0.65611,0
-0.5297,0.08831,0
3.07538,1.61413,0
1.19894,-1.34378,0
-0.6977,0.54746,0
3.53958,0.09918,0
-0.572,0.12057,0
2.6236,1.5729,0
2.71827,1.51808,0
3.70331,-0.57007,0
0.09428,-1.56695,0
1.98083,1.37121,0
1.49211,-1.26882,0
0.25463,-1.56451,0
3.65724,-0.29699,0
3.74003,-0.67815,0
-0.63545,0.36366,0
0.64432,-1.43627,0
3.67241,-0.39741,0
2.78067,1.6381,0
2.54707,1.542,0
3.69243,-0.49309,0
-0.67232,0.6033,0
-0.62621,0.41762,0
0.4198,-1.59007,0
2.69325,1.61596,0
-0.62974,0.30476,0
2.59978,1.50162,0
2.93582,1.67152,0
-0.56473,0.2354,0
3.64565,-0.40539,0
3.61397,-0.23335,0
3.6817,-0.56567,0
0.03942,-1.64426,0
2.937,1.54781,0
2.88941,1.50751,0
2.75958,1.63817,0
0.99921,-1.36148,0
3.75356,-0.67105,0
-0.51046,-0.0344,0
3.69585,-0.46428,0
2.36991,1.43817,0
-0.55158,0.21508,0
0.55222,-1.43606,0
2.91744,1.64684,0
0.53635,-1.52902,0
0.24469,-1.60628,0
2.66949,1.58113,0
0.74867,-1.46054,0
-0.01439,-1.59613,0
-0.00939,-1.64754,0
3.71757,-0.61543,0
-0.03793,-1.67328,0
0.40207,-1.54419,0
0.66444,-1.41409,0
3.64465,-0.37729,0
0.38643,-1.49245,0
0.63461,-1.44499,0
-0.71699,0.67743,0
-0.61507,0.30162,0
2.77501,1.55025,0
-0.54242,0.15552,0
3.68212,-0.34891,0
2.60897,1.46668,0
-0.66135,0.53532,0
3.13709,1.65753,0
3.05821,1.58652,0
1.18398,-1.36061,0
0.85845,-1.44749,0
0.3362,-1.52195,0
2.60066,1.57268,0
2.0616,1.38779,0
3.66713,-0.29861,0
3.67942,-0.35628,0
-0.65534,0.66893,0
0.06388,-1.54627,0
2.01543,1.39897,0
2.61563,1.49191,0
3.69193,-0.61393,0
0.57665,-1.42806,0
0.5468,-1.48252,0
0.12676,-1.61523,0
0.97764,-1.41248,0
2.15568,1.39931,0
0.09224,-1.50988,0
2.43679,1.4324,0
2.92235,1.63559,0
1.4763,-1.27813,0
-0.56793,0.27882,0
2.34787,1.43196,0
2.65888,1.61243,0
3.01782,1.68818,0
3.69928,-0.67731,0
1.89852,1.34647,0
2.37976,1.4813,0
2.55973,1.49266,0
3.71963,-0.57301,0
3.64482,-0.26797,0
-0.5135,-0.07654,0
0.19447,-1.64771,0
1.88273,1.40045,0
3.64869,-0.42314,0
2.68157,1.60099,0
0.34471,-1.4986,0
2.03883,1.38437,0
2.43708,1.52688,0
2.74694,1.48639,0
3.55231,0.12615,0
0.17428,-1.64212,0
2.37775,1.44188,0
3.02294,1.64975,0
-0.52536,-0.0314,0
3.66584,-0.38801,0
-0.59288,0.35979,0
2.7796,1.59199,0
3.60785,-0.3494,0
3.5807,-0.05505,0
2.20505,1.46051,0
2.24836,1.47933,0
1.67269,1.33715,0
-0.01174,-1.65924,0
1.38409,-1.30161,0
-0.00565,-1.5258,0
0.01426,-1.54965,0
1.92856,1.38648,0
-0.58381,0.28669,0
3.68305,-0.6205,0
1.90817,1.40947,0
-0.06693,-1.66378,0
1.14005,-1.39325,0
1.92819,1.38571,0
3.14037,1.65796,0
2.59938,1.59025,0
2.43353,1.54649,0
0.76256,-1.43531,0
1.16201,-1.3243,0
3.54095,0.08924,0
0.90966,-1.36721,0
2.55219,1.52902,0
2.59451,1.46144,0
0.45833,-1.48164,0
2.6128,1.47105,0
0.72919,-1.48059,0
0.38099,-1.54359,0
2.58468,1.5671,0
0.4993,-1.48562,0
3.69923,-0.51023,0
3.69001,-0.35953,0
2.90652,1.6554,0
1.16897,-1.34742,0
1.85723,1.34635,0
0.25723,-1.53969,0
-0.58492,0.32697,0
2.68337,1.52548,0
3.56037,-0.08375,0
3.68693,-0.47964,0
1.58766,1.31748,0
3.68657,-0.58947,0
3.55495,0.01379,0
-0.67992,0.60063,0
0.30836,-1.4717,0
2.51735,1.44552,0
3.07868,1.64087,0
3.12532,1.69724,0
1.55343,1.30475,0
2.4127,1.54312,0
0.44505,-1.46762,0
0.04734,-1.59164,0
0.8168,-1.3847,0
3.62239,-0.32609,0
1.73179,1.33078,0
-0.66135,0.41288,0
3.67709,-0.67015,0
-0.00327,-1.70028,0
2.75575,1.63721,0
3.66262,-0.67512,0
2.67769,1.483,0
-0.56918,0.12416,0
2.64105,1.52539,0
2.47714,1.48572,0
2.1402,1.46903,0
2.47632,1.48766,0
0.10608,-1.65994,0
2.15426,1.47102,0
1.8006,1.37926,0
0.18741,-1.50416,0
2.33512,1.50693,0
0.22915,-1.61457,0
2.27191,1.42425,0
3.04822,1.60564,0
2.96612,1.55832,0
3.67614,-0.67474,0
2.98459,1.64885,0
0.2943,-1.51221,0
0.55835,-1.48622,0
2.27388,1.46421,0
-0.64475,0.54123,0
-0.02507,-1.59651,0
0.84537,-1.44522,0
3.66152,-0.23309,0
1.1878,-1.3453,0
2.42881,1.4463,0
3.55031,0.02213,0
-0.67725,0.56966,0
2.18446,1.42036,0
0.19102,-1.56611,0
-0.08173,-1.55762,0
0.00841,-1.63946,0
0.33446,-1.5914,0
1.01708,-1.35882,0
0.29534,-1.51211,0
2.34134,1.48041,0
2.65128,1.51032,0
0.35408,-1.47811,0
2.49374,1.44921,0
3.57163,-0.09536,0
2.02166,1.41489,0
2.9693,1.5417,0
3.56805,-0.08806,0
0.61467,-1.51054,0
-0.6804,0.54519,0
-0.56237,0.18813,0
1.53827,1.2842,0
-0.05097,-1.60031,0
2.70728,1.60674,0
0.15555,-1.62057,0
0.27788,-1.58947,0
3.63424,-0.27209,0
1.19103,-1.36574,0
2.82873,1.50628,0
0.85509,-1.4408,0
-0.00393,-1.67947,0
0.03937,-1.58087,0
2.49645,1.55417,0
2.49165,1.4502,0
1.52727,1.28255,0
1.1269,-1.33687,0
-0.63495,0.33787,0
3.70963,-0.61443,0
3.10305,1.69053,0
3.66635,-0.45441,0
1.54725,1.30077,0
0.20966,-1.59712,0
0.27989,-1.60053,0
1.88408,1.35125,0
0.49752,-1.55311,0
2.5275,1.4817,0
1.29996,-1.34755,0
1.10391,-1.35158,0
3.55743,0.13065,0
3.63768,-0.46414,0
0.40595,-1.54637,0
0.93073,-1.3912,0
3.62176,-0.29655,0
2.50294,1.44682,0
2.93939,1.60099,0
1.20771,-1.31826,0
2.27462,1.43304,0
2.1328,1.38545,0
3.69855,-0.61844,0
0.83824,-1.46899,0
1.54889,-1.27641,0
2.9864,1.53067,0
0.22043,-1.61725,0
0.05279,-1.61726,0
1.70938,1.32048,0
0.40225,-1.51184,0
2.10401,1.41983,0
0.20815,-1.49069,0
0.14469,-1.61558,0
3.62851,-0.13002,0
2.47112,1.51239,0
0.7404,-1.47564,0
0.50594,-1.52793,0
2.89193,1.56096,0
0.37555,-1.50442,0
0.63074,-1.45812,0
2.80797,1.62505,0
3.59215,-0.06142,0
3.03695,1.61195,0
2.74265,1.49839,0
3.64867,-0.23534,0
1.3848,-1.30651,0
-0.51797,-0.05021,0
2.90602,1.65784,0
1.67928,1.32094,0
1.44209,-1.27657,0
2.76879,1.58025,0
2.46349,1.55911,0
0.18632,-1.62384,0
2.20765,1.48946,0
0.86974,-1.46322,0
-0.02305,-1.57364,0
-0.63138,0.53466,0
1.00037,-1.3999,0
-0.60302,0.38534,0
3.70047,-0.38551,0
-0.6051,0.34321,0
-0.52909,-0.0458,0
3.59495,-0.10486,0
2.84258,1.61062,0
3.66778,-0.64646,0
1.55634,-1.26333,0
2.81384,1.65391,0
2.84924,1.55132,0
2.74589,1.59577,0
2.66998,1.61274,0
2.17637,1.42248,0
3.65779,-0.4891,0
2.91517,1.51376,0
0.19726,-1.5943,0
1.15305,-1.3422,0
2.85831,1.57649,0
3.65991,-0.29693,0
2.3732,1.49583,0
2.92903,1.64149,0
0.86421,-1.42006,0
-0.09057,-1.65544,0
0.3369,-1.55706,0
1.78579,1.33017,0
0.21829,-1.63804,0
0.08743,-1.61804,0
-0.64507,0.56485,0
0.55891,-1.48283,0
0.75736,-1.44788,0
0.5023,-1.48804,0
0.09303,-1.59605,0
2.56335,1.47697,0
3.02172,1.60798,0
0.86683,-1.3752,0
2.11522,1.44934,0
2.64417,1.61106,0
0.32392,-1.57206,0
-0.1047,-1.58618,0
0.11241,-1.66038,0
0.41272,-1.48204,0
1.66503,1.32675,0
0.50686,-1.49366,0
2.13854,1.41347,0
3.69511,-0.50463,0
3.5951,-0.1166,0
0.50105,-1.46848,0
3.00566,1.6221,0
1.52691,-1.2708,0
2.57757,1.5942,0
0.84361,-1.46245,0
2.50187,1.49773,0
-0.6875,0.50853,0
3.58417,-0.11996,0
3.66984,-0.35008,0
2.44992,1.45561,0
0.2804,-1.55602,0
0.64029,-1.48869,0
0.16225,-1.50033,0
0.66254,-1.47731,0
-0.68062,0.48406,0
2.37112,1.446,0
-0.57082,0.3254,0
0.69187,-1.4869,0
0.20357,-1.63007,0
3.55715,-0.05807,0
-0.55847,0.12057,0
0.64062,-1.47385,0
3.59277,-0.00278,0
0.22919,-1.49278,0
-0.66072,0.62647,0
1.13501,-1.33799,0
2.6193,1.53879,0
-0.04715,-1.5354,0
-0.05852,-1.7022,0
0.71997,-1.49547,0
3.61328,-0.15504,0
0.10986,-1.67144,0
0.82505,-1.41122,0
3.68526,-0.44279,0
0.70333,-1.42087,0
2.62006,1.5968,0
3.58815,-0.15163,0
2.10371,1.41854,0
0.15839,-1.5023,0
-0.03364,-1.712,0
3.56848,-0.12872,0
3.60742,-0.26116,0
3.57041,-0.03691,0
1.41324,-1.3134,0
3.59476,-0.27292,0
-0.65036,0.58177,0
0.69363,-1.41427,0
2.89615,1.66489,0
-0.66115,0.59982,0
2.48541,1.54031,0
2.25151,1.49144,0
0.2609,-1.58063,0
2.84175,1.54232,0
1.46222,-1.29829,0
1.98931,1.3604,0
2.99354,1.66644,0
3.60779,-0.14063,0
0.72546,-1.48258,0
2.82919,1.56182,0
0.85353,-1.41672,0
2.9859,1.62959,0
2.53272,1.50112,0
2.91069,1.67266,0
3.67319,-0.3432,0
3.58016,-0.11731,0
2.69818,1.53032,0
2.97068,1.60365,0
3.59782,-0.24145,0
2.31754,1.45824,0
3.69534,-0.45393,0
0.24981,-1.53297,0
2.2746,1.40397,0
2.1144,1.3899,0
0.99541,-1.38664,0
3.62284,-0.12934,0
3.74066,-0.64962,0
3.55119,0.10929,0
2.4435,1.51112,0
-0.58778,0.37987,0
3.59813,-0.26504,0
2.52132,1.49389,0
0.10832,-1.56973,0
-0.68324,0.52758,0
1.39835,-1.30145,0
-0.58657,0.40651,0
0.39329,-1.54062,0
-0.58796,0.33514,0
2.35353,1.51474,0
2.42014,1.44771,0
-0.02632,-1.60579,0
-0.65524,0.58958,0
0.5916,-1.42614,0
2.02473,1.4172,0
1.30068,-1.32196,0
0.83239,-1.45835,0
0.87251,-1.41049,0
2.73373,1.56139,0
-0.53282,0.03467,0
2.25229,1.40514,0
0.05879,-1.57164,0
1.90932,1.34588,0
0.51296,-1.56466,0
-0.52129,0.04052,0
0.72435,-1.45122,0
-0.56026,0.06552,0
3.66,-0.50507,0
2.88769,1.59581,0
1.98672,1.41873,0
0.51597,-1.4931,0
3.62075,-0.38072,0
1.64297,1.30807,0
0.74452,-1.48511,0
3.66714,-0.28688,0
2.43565,1.4798,0
2.82953,1.66283,0
2.33142,1.52436,0
3.66136,-0.59945,0
3.6393,-0.30532,0
1.61972,1.30552,0
2.07609,1.4183,0
2.03732,1.41213,0
1.32741,-1.33055,0
0.90016,-1.41308,0
2.67568,1.56983,0
0.08866,-1.53856,0
3.66638,-0.28182,0
2.61467,1.48457,0
3.70275,-0.38382,0
0.40816,-1.55459,0
0.69123,-1.5135,0
2.36571,1.43231,0
1.14196,-1.36511,0
0.99094,-1.40769,0
2.14768,1.40619,0
-0.70742,0.60624,0
-0.55559,0.16891,0
3.62262,-0.1917,0
1.40109,-1.32038,0
-0.70255,0.59362,0
0.60783,-1.42769,0
2.726,1.58975,0
2.8819,1.63987,0
2.60207,1.55845,0
-0.62454,0.62122,0
2.03053,1.42882,0
0.00436,-1.6553,0
-0.01277,-1.62125,0
2.88635,1.57452,0
0.94001,-1.43446,0
2.91002,1.55402,0
2.92217,1.51345,0
2.16066,1.46621,0
2.56528,1.51616,0
-0.6124,0.55021,0
3.53397,0.0816,0
2.08078,1.42001,0
2.86364,1.57233,0
2.71535,1.59961,0
0.4445,-1.5284,0
2.69763,1.62501,0
-0.02984,-1.613,0
0.28224,-1.60337,0
0.98307,-1.37839,0
2.04163,1.44083,0
1.87785,1.37403,0
2.6394,1.56899,0
0.23958,-1.50586,0
0.95994,-1.40221,0
2.33863,1.46862,0
3.69112,-0.6248,0
3.67026,-0.27111,0
0.94586,-1.3813,0
1.50294,-1.26609,0
3.61081,-0.1056,0
0.22513,-1.59013,0
-0.0458,-1.5809,0
2.65673,1.48313,0
3.66643,-0.25126,0
0.46781,-1.55813,0
0.06082,-1.62689,0
-0.71422,0.64252,0
2.28778,1.42528,0
2.44984,1.5181,0
2.17576,1.39017,0
1.84977,1.33965,0
2.86942,1.58944,0
3.66389,-0.68613,0
0.15114,-1.60523,0
2.28341,1.40881,0
3.55038,0.15637,0
3.62357,-0.43349,0
2.16208,1.46551,0
2.96934,1.65558,0
3.66508,-0.49432,0
0.26121,-1.61188,0
3.59931,-0.05331,0
1.92272,1.3506,0
0.07935,-1.59641,0
-0.03922,-1.59708,0
3.76837,-0.64469,0
0.7286,-1.46149,0
2.78816,1.56731,0
3.69977,-0.59883,0
3.61127,-0.38423,0
-0.05091,-1.58305,0
1.19959,-1.36741,0
0.447,-1.50757,0
0.21512,-1.53099,0
0.48027,-1.48172,0
3.14238,1.55566,0
-0.06912,-1.68418,0
0.64353,-1.44349,0
0.47479,-1.48533,0
2.83804,1.61224,0
1.59332,1.28612,0
2.80737,1.58658,0
0.35278,-1.55811,0
1.95897,1.41653,0
3.10525,1.64966,0
0.00122,-1.61506,0
0.54836,-1.46821,0
3.72082,-0.5149,0
2.92981,1.69027,0
2.62126,1.49394,0
2.87739,1.51786,0
3.00527,1.6257,0
-0.60432,0.41403,0
3.73843,-0.60798,0
-0.51828,-0.044,0
3.58009,-0.04661,0
1.65111,1.33089,0
2.00878,1.43043,0
2.38302,1.52714,0
3.67084,-0.64675,0
-0.06277,-1.68668,0
0.07232,-1.6431,0
0.50391,-1.54042,0
2.73399,1.53035,0
2.476,1.45143,0
0.63831,-1.43581,0
-0.06178,-1.65868,0
0.71514,-1.45977,0
2.74793,1.56949,0
0.55872,-1.52714,0
-0.52096,-0.06036,0
0.09881,-1.53752,0
-0.07457,-1.63763,0
-0.62507,0.34996,0
3.03662,1.62657,0
0.321,-1.53637,0
0.3877,-1.52389,0
-0.57021,0.2446,0
0.52326,-1.46574,0
3.11886,1.57917,0
1.86241,1.36129,0
0.53824,-1.47012,0
0.1199,-1.66697,0
3.62169,-0.23827,0
3.60861,-0.1742,0
3.69416,-0.4156,0
0.16579,-1.63248,0
2.32667,1.4468,0
0.39578,-1.5073,0
0.35498,-1.47972,0
2.34755,1.49356,0
0.58157,-1.54352,0
2.24787,1.50069,0
3.61112,-0.14491,0
0.1138,-1.62505,0
2.88608,1.58607,0
3.71145,-0.46245,0
0.36769,-1.59348,0
2.66345,1.60895,0
-0.09176,-1.56392,0
1.80932,1.34343,0
0.1344,-1.56415,0
-0.00942,-1.55595,0
0.03925,-1.52115,0
3.08148,1.67585,0
0.84751,-1.44142,0
2.39283,1.42606,0
2.86391,1.64318,0
2.68965,1.56372,0
2.81029,1.65442,0
2.71805,1.48502,0
-0.59445,0.3443,0
0.19223,-1.56154,0
-0.68366,0.60943,0
2.09394,1.41801,0
2.89137,1.60394,0
-0.59416,0.44825,0
2.83662,1.50984,0
3.53358,0.09166,0
1.89852,1.34325,0
2.95053,1.68451,0
2.59748,1.54808,0
2.0522,1.41584,0
0.82003,-1.39174,0
-0.64799,0.4547,0
0.28613,-1.57186,0
0.29422,-1.60757,0
3.59352,-0.02935,0
0.4847,-1.48349,0
1.71218,1.31604,0
2.19096,1.42017,0
0.30696,-1.61955,0
2.18304,1.4404,0
0.02191,-1.57215,0
-0.62094,0.42334,0
2.00218,1.41459,0
2.8324,1.58788,0
-0.61422,0.51664,0
3.05613,1.62013,0
1.13563,-1.3488,0
3.12174,1.69878,0
1.99556,1.41999,0
0.42564,-1.57407,0
3.62949,-0.4761,0
0.64367,-1.52201,0
1.35524,-1.30862,0
2.66314,1.58627,0
2.38941,1.45396,0
2.95938,1.65118,0
3.56298,0.03512,0
2.67062,1.53186,0
3.5572,0.04442,0
3.64275,-0.4507,0
-0.55051,0.04272,0
3.68665,-0.49374,0
3.63758,-0.41464,0
2.15676,1.40954,0
0.38587,-1.46176,0
-0.62784,0.32904,0
0.72125,-1.49503,0
0.83057,-1.4669,0
0.50408,-1.4839,0
2.84655,1.61891,0
-0.55295,0.17891,0
0.24515,-1.58718,0
-0.67113,0.52664,0
-0.59449,0.36303,0
-0.56182,0.04837,0
2.82629,1.55667,0
0.23239,-1.54615,0
3.02203,1.62292,0
0.06954,-1.65475,0
0.71568,-1.50194,0
-0.06908,-1.64093,0
0.06419,-1.61002,0
3.01049,1.61223,0
2.28591,1.48844,0
3.72399,-0.48564,0
0.47984,-1.5243,0
-0.0402,-1.59762,0
0.02463,-1.68755,0
0.13407,-1.65435,0
3.01159,1.68288,0
2.90503,1.51721,0
-0.63406,0.6556,0
-0.66333,0.65154,0
0.67841,-1.41784,0
2.02568,1.39228,0
1.15279,-1.38502,0
1.13774,-1.37533,0
-0.05054,-1.66168,0
3.673,-0.39016,0
2.02435,1.40343,0
1.24603,-1.36282,0
0.35665,-1.60179,0
2.4872,1.55644,0
0.88574,-1.43238,0
3.54308,0.04974,0
-0.59406,0.36583,0
0.15109,-1.60106,0
-0.00118,-1.70064,0
0.39021,-1.5326,0
0.77837,-1.43948,0
-0.57502,0.1205,0
2.65942,1.46972,0
1.05672,-1.3597,0
0.07913,-1.55588,0
-0.54573,-0.00839,0
1.46978,-1.29605,0
3.04258,1.55615,0
0.20594,-1.49175,0
3.61535,-0.25344,0
3.07232,1.72305,0
-0.63561,0.69635,0
0.45691,-1.57926,0
2.98819,1.60235,0
1.89158,1.36128,0
-0.51875,-0.08578,0
3.57063,-0.07531,0
0.17408,-1.57715,0
2.74348,1.49446,0
2.99363,1.65262,0
0.8213,-1.45115,0
2.71772,1.50763,0
3.62907,-0.3073,0
0.11008,-1.64784,0
0.04265,-1.59946,0
0.31739,-1.55452,0
-0.68866,0.69517,0
0.40526,-1.48833,0
2.37859,1.4803,0
2.90451,1.65217,0
0.56709,-1.54722,0
2.5001,1.52801,0
-0.68665,0.52033,0
3.06648,1.67211,0
0.24757,-1.61307,0
2.96735,1.59894,0
0.24669,-1.5826,0
3.07097,1.53942,0
3.70786,-0.40308,0
3.68224,-0.45942,0
1.70515,1.34686,0
-0.6759,0.56403,0
2.38571,1.502,0
0.20479,-1.50322,0
0.0758,-1.51294,0
2.73592,1.5537,0
1.63322,1.32305,0
3.73622,-0.58478,0
3.13747,1.63318,0
0.82467,-1.43591,0
3.07496,1.64652,0
0.12954,-1.64304,0
0.70445,-1.46734,0
3.63296,-0.29541,0
1.85086,1.38524,0
0.38214,-1.5668,0
3.35187,1.26039,0
3.3108,1.50678,0
3.63867,-0.93605,0
3.31719,1.40871,0
3.31292,1.52888,0
3.6663,-0.907,0
3.30491,1.42781,0
3.52454,-0.93889,0
3.32753,1.29919,0
3.57881,-0.92017,0
3.29888,1.52784,0
3.30434,1.43553,0
3.34086,1.33349,0
-0.29782,-1.27021,0
3.31502,1.4648,0
-0.58739,0.9229,0
3.61094,-0.93844,0
3.53985,-0.92674,0
3.31496,1.37205,0
3.30626,1.50157,0
-0.61555,0.9358,0
3.55757,-0.92181,0
3.34271,1.366,0
3.33055,1.31257,0
3.68043,-0.90338,0
-0.5765,0.94332,0
3.5616,-0.94169,0
3.35828,1.27376,0
3.30755,1.45708,0
3.29927,1.44502,0
3.35027,1.29787,0
3.35328,1.30539,0
3.67484,-0.9096,0
3.31224,1.44752,0
-0.27647,-1.45798,0
3.30416,1.42093,0
3.33538,1.42609,0
-0.25602,-1.5161,0
3.65034,-0.93655,0
3.55606,-0.93774,0
-0.54655,0.92878,0
-0.29946,-1.27321,0
3.30779,1.38693,0
3.66325,-0.92392,0
3.5091,-0.92956,0
-0.29402,-1.34341,0
3.52,-1.00552,0
3.5379,-1.16613,0
3.5375,-1.1652,0
3.52425,-1.13138,0
3.50309,-1.22201,0
3.50186,-1.14581,0
3.50829,1.19207,0
3.51569,-1.14635,0
-0.42305,-1.25637,0
3.47957,1.26853,0
3.51611,1.19275,0
3.51134,-1.1731,0
3.52479,-1.13158,0
3.50546,-1.05252,0
3.50211,1.23558,0
3.51523,-1.08304,0
3.50233,1.20033,0
3.50533,1.19782,0
3.49059,1.25858,0
3.36335,1.25749,0
3.51814,1.24495,0
3.51996,-1.16549,0
3.51909,1.18401,0
3.49715,1.25965,0
3.47816,1.27084,0
3.53546,-1.14895,0
3.51538,1.26902,0
3.3844,1.2628,0
3.52589,-1.03044,0
3.50828,-1.10339,0
3.52122,1.08271,0
3.53014,-1.21717,0
3.53839,-1.16177,0
3.5187,1.27571,0
3.52017,-0.97036,0
3.5359,-1.1543,0
3.53788,-1.06762,0
3.51272,-1.02808,0
3.51668,-1.14959,0
3.5271,-1.1609,0
-0.40105,-1.30556,0
3.54926,-1.13423,0
-0.5021,1.1765,0
3.55446,-1.09958,0
-0.31193,-1.28169,0
-0.32709,-1.26522,0
-0.50525,1.18042,0
3.42672,1.31207,0
3.37251,1.30431,0
3.44797,1.31639,0
-0.3954,-1.29721,0
-0.3535,-1.27428,0
3.56271,-1.09559,0
-0.36261,-1.25668,0
3.37251,1.32158,0
-0.36496,-1.26901,0
3.44663,1.32716,0
3.55946,-1.04602,0
3.54106,-1.10265,0
3.55806,-1.14983,0
3.54923,-1.05147,0
3.55194,-1.13725,0
-0.5013,1.16782,0
3.5481,-1.03092,0
3.4588,1.29092,0
3.55317,-0.98168,0
-0.34662,-1.27954,0
3.69809,-0.87151,0
3.68409,-0.81889,0
3.29622,1.56504,0
3.28526,1.53588,0
3.66926,-0.70292,0
3.70307,-0.84973,0
3.68917,-0.84353,0
3.69184,-0.82011,0
3.68363,-0.89989,0
3.28395,1.53266,0
3.67889,-0.73445,0
3.6827,-0.75439,0
3.68543,-0.74131,0
3.303,1.55733,0
3.72938,-0.79398,0
-0.16404,-1.57454,0
3.19658,1.62124,0
3.69721,-0.7133,0
-0.12081,-1.58167,0
3.68066,-0.69644,0
-0.13564,-1.57615,0
-0.16193,-1.59785,0
3.1761,1.59253,0
3.73009,-0.77314,0
-0.16128,-1.56475,0
3.25574,1.57202,0
3.71732,-0.76577,0
3.16593,1.59885,0
3.71592,-0.74206,0
3.69251,-0.7475,0
-0.64068,0.71669,0
3.24767,1.59115,0
3.71737,-0.73839,0
3.74719,-0.8036,0
3.73117,-0.74178,0
-0.65762,0.78469,0
3.23169,1.59505,0
3.23977,1.57478,0
-0.16986,-1.58741,0
-0.14323,-1.57439,0
3.71737,-0.75908,0
3.70725,-0.78437,0
3.2179,1.58007,0
-0.16823,-1.59992,0
3.71214,-0.80471,0
3.73166,-0.78117,0
-0.15187,-1.61427,0
-0.65374,0.75113,0
3.18924,1.57981,0
3.20453,1.5925,0
3.7045,-0.77693,0
3.19973,1.56774,0
3.24562,1.56934,0
3.70279,-0.73079,0
3.70643,-0.81798,0
1.16688,1.3247,0
0.7133,1.36795,0
0.67463,1.3561,0
0.1403,1.44951,0
3.12221,-1.46785,0
2.93203,-1.41663,0
1.97174,-1.31823,0
1.18699,1.31702,0
1.10328,1.33363,0
0.77884,1.37077,0
3.59452,0.4136,0
0.78249,1.38534,0
1.42544,1.27966,0
0.63263,1.39572,0
3.55344,0.23482,0
3.58322,0.17383,0
3.63312,0.59543,0
0.94642,1.32131,0
3.59747,0.42714,0
0.49526,1.42097,0
3.64945,0.5698,0
-0.24687,1.52588,0
0.64879,1.35693,0
-0.09622,1.49128,0
0.41629,1.4333,0
3.70334,0.92597,0
2.60328,-1.38776,0
2.64697,-1.40078,0
3.25316,-1.48335,0
0.41461,1.40932,0
0.86016,1.36467,0
1.10741,1.33121,0
3.627,0.7326,0
3.65333,0.64128,0
0.82739,1.35796,0
1.07831,1.33862,0
3.63838,0.71123,0
3.08794,-1.4449,0
0.61962,1.39656,0
3.19468,-1.49848,0
-0.17873,1.50228,0
3.11325,-1.45674,0
2.65933,-1.39172,0
0.3146,1.40684,0
1.39008,1.28462,0
3.66545,0.67345,0
0.68578,1.35353,0
3.58849,0.19449,0
0.38483,1.38153,0
3.31974,-1.50387,0
0.03765,1.48862,0
2.18388,-1.34716,0
3.61795,0.59364,0
3.15543,-1.49486,0
3.27534,-1.50313,0
0.01534,1.48291,0
0.4987,1.38976,0
-0.59878,-0.85669,0
-0.13914,1.4519,0
3.60807,0.73865,0
0.34314,1.43171,0
0.6534,1.38742,0
-0.23784,1.51834,0
3.57545,0.33048,0
2.8851,-1.43682,0
3.18962,-1.50488,0
3.04515,-1.44104,0
1.95627,-1.31432,0
0.2092,1.4639,0
3.64274,0.85564,0
1.09817,1.32012,0
0.8122,1.3604,0
2.92827,-1.45346,0
3.63568,0.5303,0
3.04799,-1.44611,0
3.62699,0.6026,0
2.62997,-1.39818,0
-0.24591,1.54026,0
2.7363,-1.41862,0
0.86257,1.35628,0
3.67875,0.88819,0
2.79736,-1.4415,0
0.90869,1.33929,0
3.63949,0.79058,0
2.10315,-1.33057,0
-0.15954,1.47865,0
1.06351,1.31199,0
3.62681,0.72512,0
3.0266,-1.44191,0
0.45533,1.38614,0
0.47155,1.41995,0
3.0437,-1.43175,0
3.61188,0.55386,0
-0.03041,1.48828,0
3.60927,0.39166,0
1.30326,1.30191,0
-0.58646,-0.71726,0
2.68017,-1.40184,0
3.5895,0.47775,0
0.94512,1.35619,0
0.25362,1.43156,0
3.62254,0.44145,0
0.29357,1.43024,0
3.58415,0.22143,0
2.63723,-1.40027,0
3.62881,0.90547,0
3.59953,0.59512,0
0.07494,1.41805,0
0.51343,1.39034,0
3.57712,0.105,0
0.06104,1.48683,0
3.64298,0.64272,0
3.57765,0.2536,0
0.34593,1.42099,0
3.56427,0.22229,0
3.21747,-1.45991,0
0.42349,1.43472,0
2.67352,-1.38699,0
3.1254,-1.48853,0
2.3245,-1.34793,0
0.05456,1.48623,0
-0.59085,-0.78028,0
0.32707,1.42149,0
0.22975,1.43883,0
1.06236,1.33061,0
3.64297,0.64745,0
2.79606,-1.44661,0
3.10549,-1.44714,0
3.29024,-1.50483,0
2.97258,-1.4281,0
3.21044,-1.5078,0
-0.06168,1.5104,0
2.151,-1.33767,0
3.63515,0.89298,0
3.62635,0.92761,0
3.59873,0.22948,0
2.05077,-1.33382,0
0.04673,1.47981,0
-0.15063,1.50833,0
0.33725,1.43743,0
0.21662,1.40817,0
0.68682,1.36219,0
-0.13986,1.44998,0
0.15327,1.47567,0
3.33847,-1.49302,0
1.10955,1.31232,0
0.74946,1.35248,0
-0.04307,1.467,0
3.30083,-1.49364,0
0.51108,1.39597,0
0.48553,1.42222,0
3.5932,0.3343,0
3.05996,-1.45545,0
3.66167,0.67718,0
0.39349,1.42694,0
2.59808,-1.38042,0
2.3608,-1.37408,0
-0.60808,-0.87965,0
3.67535,0.90875,0
2.81115,-1.44132,0
2.76953,-1.4357,0
2.33508,-1.35218,0
3.62777,0.78612,0
2.32417,-1.3726,0
3.57681,0.08017,0
0.15436,1.44267,0
3.09218,-1.47997,0
0.87575,1.35495,0
2.36133,-1.37972,0
3.62158,0.78151,0
0.3181,1.42283,0
0.08972,1.45212,0
0.401,1.39817,0
3.21679,-1.49843,0
2.88747,-1.41479,0
2.32966,-1.35969,0
0.51502,1.4251,0
3.67931,0.80079,0
-0.16996,1.48094,0
3.08273,-1.47886,0
0.9331,1.35767,0
3.29741,-1.46378,0
-0.1717,1.44746,0
2.695,-1.4271,0
3.61638,0.45355,0
-0.14394,1.52535,0
3.00712,-1.45908,0
3.1985,-1.46612,0
0.58072,1.37392,0
-0.25252,1.50766,0
0.35485,1.4149,0
0.85212,1.36628,0
0.34966,1.39851,0
0.09957,1.4746,0
2.51228,-1.39452,0
3.67893,0.82478,0
3.07287,-1.47895,0
0.43025,1.38443,0
3.60491,0.58582,0
3.66997,0.88794,0
0.89753,1.3339,0
-0.06743,1.46978,0
1.14939,1.3018,0
3.64371,0.86272,0
3.56931,0.33725,0
0.2114,1.4625,0
0.17607,1.44275,0
0.69904,1.39203,0
2.30674,-1.35827,0
1.02665,1.32064,0
2.43903,-1.38459,0
3.18025,-1.464,0
-0.59358,-0.79098,0
0.26797,1.40058,0
3.01948,-1.43323,0
3.56397,0.34202,0
2.34711,-1.37161,0
0.48724,1.39181,0
0.90991,1.34328,0
0.69426,1.38689,0
-0.23845,1.45932,0
3.62107,0.4899,0
0.05437,1.42972,0
-0.58722,-0.75302,0
1.75836,-1.2889,0
2.48949,-1.37939,0
1.15409,1.31509,0
0.73067,1.3742,0
3.61186,0.73568,0
1.85296,-1.30229,0
0.55555,1.36834,0
0.23073,1.41086,0
0.48189,1.40263,0
3.2305,-1.46927,0
3.68459,0.94323,0
3.33684,-1.48727,0
-0.59173,-0.78592,0
0.75905,1.36115,0
2.37469,-1.36276,0
3.6523,0.81783,0
1.92906,-1.30555,0
2.69544,-1.42949,0
0.43414,1.39013,0
0.65287,1.3801,0
0.47047,1.41995,0
2.84052,-1.40555,0
3.12333,-1.47273,0
0.14169,1.47165,0
3.14573,-1.4683,0
0.82213,1.33881,0
0.00105,1.43704,0
3.62428,0.52895,0
3.59439,0.51346,0
-0.5737,-0.61901,0
0.12062,1.41649,0
1.15142,1.31251,0
3.19576,-1.49878,0
0.70469,1.37435,0
3.64866,0.84204,0
2.19752,-1.33356,0
2.53439,-1.38229,0
-0.029,1.44219,0
0.51328,1.37837,0
-0.04912,1.49023,0
2.34831,-1.37091,0
0.55934,1.38782,0
0.47836,1.4101,0
3.0761,-1.45619,0
2.04787,-1.32235,0
3.69559,0.9235,0
2.77153,-1.44091,0
3.00956,-1.45759,0
3.58467,0.33719,0
-0.21932,1.49748,0
0.69562,1.3734,0
2.83952,-1.45037,0
3.137,-1.4931,0
0.1442,1.42645,0
3.02521,-1.45605,0
-0.01175,1.46516,0
1.09893,1.32051,0
3.63474,0.59079,0
0.38997,1.41507,0
0.24438,1.40783,0
2.84858,-1.43695,0
3.68221,0.8048,0
3.64741,0.81204,0
-0.08367,1.50774,0
2.99554,-1.47666,0
0.8423,1.34942,0
2.33245,-1.37327,0
0.41093,1.38884,0
0.82767,1.365,0
0.48857,1.39976,0
-0.22112,1.47025,0
0.4676,1.39348,0
0.47695,1.43119,0
2.30242,-1.34642,0
2.84964,-1.41594,0
3.23605,-1.5047,0
2.82153,-1.40998,0
-0.04926,1.48042,0
2.52206,-1.37675,0
3.59675,0.58658,0
-0.00302,1.43886,0
2.00772,-1.31506,0
0.81314,1.34177,0
2.78285,-1.43242,0
0.16211,1.43683,0
2.93278,-1.4625,0
3.62375,0.91198,0
0.03046,1.44843,0
0.0802,1.44456,0
0.23506,1.4454,0
2.95315,-1.46026,0
0.85213,1.34572,0
3.67281,0.8389,0
2.87717,-1.43799,0
-0.0131,1.46398,0
0.55206,1.41881,0
0.46738,1.42046,0
2.95341,-1.46556,0
0.21958,1.42989,0
0.53736,1.40405,0
3.59347,0.4782,0
2.15405,-1.33479,0
-0.09059,1.50516,0
2.49387,-1.37581,0
0.15604,1.47122,0
0.35621,1.39911,0
0.50379,1.37864,0
0.14555,1.4691,0
0.41176,1.40148,0
-0.11337,1.46211,0
0.33901,1.39232,0
2.83335,-1.44023,0
-0.19889,1.51256,0
1.07649,1.31379,0
2.29151,-1.36079,0
0.30045,1.45722,0
3.23912,-1.46756,0
0.80581,1.34426,0
3.58032,0.10556,0
0.41805,1.41314,0
1.31523,1.30381,0
0.00199,1.4758,0
0.68804,1.38343,0
3.58796,0.29592,0
0.26257,1.4642,0
-0.13601,1.43857,0
0.60003,1.39651,0
-0.12138,1.47404,0
1.05737,1.34335,0
3.60884,0.34543,0
3.60766,0.35953,0
1.86832,-1.29728,0
3.60594,0.69069,0
1.14559,1.32529,0
2.39024,-1.37354,0
3.63721,0.54937,0
0.00485,1.45838,0
2.475,-1.36789,0
0.81813,1.37025,0
-0.13881,1.44326,0
3.5893,0.50227,0
3.59223,0.33792,0
0.1921,1.42957,0
3.58721,0.19082,0
0.12326,1.47863,0
0.66949,1.39625,0
0.85968,1.32891,0
-0.08741,1.48746,0
3.28665,-1.50077,0
-0.03767,1.45336,0
0.21042,1.46415,0
3.13339,-1.47005,0
3.59163,0.39538,0
2.8789,-1.42407,0
2.60779,-1.39973,0
-0.00495,1.50341,0
2.90297,-1.45826,0
1.20826,1.30914,0
0.50315,1.40948,0
0.26148,1.42964,0
3.61723,0.7992,0
-0.12708,1.48488,0
2.57565,-1.43104,0
3.10798,-1.5087,0
2.72765,-1.48424,0
2.82683,-1.46102,0
3.64218,0.41338,0
1.0706,1.3594,0
1.22684,1.34401,0
2.23952,-1.36467,0
3.18695,-1.55934,0
1.72353,-1.29528,0
-0.61791,-0.67018,0
3.67432,0.50138,0
2.53756,-1.45292,0
3.70771,0.64182,0
0.60203,1.43492,0
2.72692,-1.50451,0
0.30992,1.51679,0
1.69351,-1.28265,0
-0.00914,1.56878,0
0.14778,1.52796,0
3.65665,0.5125,0
2.61738,-1.4645,0
2.22527,-1.38118,0
3.70135,0.80808,0
3.13283,-1.55595,0
1.70135,-1.28411,0
2.94907,-1.49825,0
2.97819,-1.49893,0
-0.61156,-0.75282,0
3.58856,0.07006,0
2.74428,-1.48971,0
0.27329,1.52487,0
2.03475,-1.35637,0
3.21021,-1.56571,0
2.40239,-1.39656,0
-0.53435,-0.25734,0
1.00088,1.35939,0
-0.52514,-0.15111,0
3.62031,0.27952,0
2.98301,-1.52621,0
0.65018,1.41963,0
-0.00634,1.54462,0
0.06933,1.50258,0
-0.5906,-0.48551,0
0.06794,1.5324,0
-0.10126,1.5256,0
-0.00922,1.50747,0
-0.53704,-0.24776,0
3.00223,-1.53196,0
-0.61306,-0.67613,0
0.54628,1.46104,0
-0.6083,-0.74946,0
2.60499,-1.42868,0
-0.61369,-0.81978,0
2.72008,-1.44933,0
0.08932,1.52267,0
0.46622,1.43526,0
2.01441,-1.3565,0
2.43389,-1.3922,0
0.29007,1.5217,0
0.05103,1.56325,0
2.52214,-1.41137,0
2.78282,-1.49543,0
0.47712,1.47965,0
-0.61571,-0.67823,0
3.67533,0.53602,0
-0.12998,1.56842,0
2.89225,-1.52789,0
-0.63452,-0.75028,0
-0.60602,-0.54952,0
2.30748,-1.3744,0
3.11171,-1.50434,0
0.24668,1.51305,0
2.19551,-1.36918,0
-0.60496,-0.75988,0
3.61702,0.21718,0
0.10557,1.52128,0
1.17648,1.33941,0
-0.05439,1.53182,0
3.65259,0.51332,0
3.26728,-1.51857,0
0.59469,1.42607,0
3.20037,-1.57398,0
0.49418,1.46395,0
3.18975,-1.56891,0
0.30599,1.50814,0
0.08292,1.51318,0
0.79336,1.39596,0
0.46008,1.43945,0
0.39972,1.50089,0
0.10875,1.50287,0
0.14845,1.48224,0
-0.15225,1.53463,0
2.30056,-1.42045,0
0.70318,1.40636,0
0.22383,1.51625,0
3.61079,0.25447,0
0.55777,1.47268,0
0.55365,1.44431,0
3.66049,0.57245,0
2.94426,-1.49481,0
2.7812,-1.46248,0
3.21462,-1.58579,0
3.18587,-1.54387,0
2.26051,-1.36629,0
0.02189,1.53292,0
0.24412,1.4924,0
0.56722,1.4577,0
0.22905,1.53419,0
0.58021,1.42022,0
2.97333,-1.51669,0
0.22174,1.53256,0
2.72691,-1.50502,0
-0.10114,1.58148,0
3.01856,-1.53789,0
1.09419,1.35828,0
3.63417,0.38883,0
-0.56438,-0.52917,0
3.59903,0.09,0
3.70107,0.80755,0
0.45946,1.46366,0
0.61501,1.46455,0
2.953,-1.49302,0
2.16868,-1.38535,0
3.61708,0.26269,0
3.00823,-1.5441,0
0.04545,1.55502,0
0.04418,1.57414,0
-0.1022,1.56673,0
2.42078,-1.39459,0
3.67176,0.45501,0
3.64557,0.32188,0
3.73237,0.75372,0
2.30729,-1.42201,0
2.66097,-1.4511,0
0.20934,1.50432,0
3.05311,-1.52616,0
3.10345,-1.54361,0
2.21108,-1.39137,0
-0.07478,1.54287,0
2.2773,-1.38808,0
0.0568,1.549,0
3.65905,0.52321,0
2.56114,-1.45274,0
2.31072,-1.38229,0
3.04388,-1.52858,0
2.09965,-1.34793,0
0.04561,1.56327,0
2.70974,-1.47896,0
2.2849,-1.3928,0
3.64266,0.37443,0
3.08809,-1.55273,0
3.67784,0.72941,0
2.33801,-1.38615,0
-0.6323,-0.79543,0
2.41694,-1.44078,0
2.66209,-1.45228,0
-0.5433,-0.32596,0
0.12039,1.53874,0
3.10358,-1.53589,0
3.66758,0.41693,0
-0.61533,-0.73551,0
0.42497,1.49148,0
0.24879,1.53821,0
2.07035,-1.33867,0
-0.0919,1.52562,0
3.26114,-1.54605,0
-0.60792,-0.59117,0
2.7768,-1.47802,0
3.68044,0.69261,0
0.27817,1.5225,0
1.76394,-1.30357,0
-0.59778,-0.52969,0
1.32225,1.31948,0
2.11358,-1.36628,0
0.16147,1.49931,0
3.66953,0.51562,0
3.18476,-1.59125,0
2.24973,-1.37491,0
1.88253,-1.31213,0
-0.04139,1.51301,0
-0.01555,1.55941,0
-0.04355,1.55891,0
0.17839,1.50054,0
0.76288,1.41132,0
2.43964,-1.41276,0
2.98737,-1.51434,0
0.62437,1.41513,0
2.52235,-1.4211,0
2.2922,-1.39353,0
0.89079,1.41111,0
2.55577,-1.43924,0
1.99087,-1.34709,0
0.03514,1.52176,0
2.81128,-1.45353,0
0.30401,1.52057,0
1.79733,-1.31305,0
-0.62126,-0.76036,0
1.35689,1.31101,0
0.12661,1.50598,0
0.25028,1.4705,0
0.19508,1.51242,0
-0.5694,-0.58172,0
3.26311,-1.52507,0
3.01633,-1.55405,0
3.27453,-1.53977,0
3.25327,-1.60469,0
-0.58186,-0.44788,0
2.59783,-1.46782,0
0.16517,1.51674,0
3.60693,0.20687,0
-0.60524,-0.76104,0
0.6081,1.43193,0
0.9587,1.37113,0
0.48974,1.47707,0
0.24105,1.53708,0
2.5456,-1.44211,0
0.09405,1.52984,0
2.35299,-1.39199,0
-0.59474,-0.58908,0
-0.63522,-0.80508,0
-0.5675,-0.5462,0
-0.027,1.55404,0
-0.05677,1.51424,0
3.58392,0.06574,0
-0.00952,1.58399,0
3.64552,0.48255,0
-0.0571,1.59671,0
1.99069,-1.32722,0
2.52532,-1.46087,0
-0.61922,-0.78149,0
-0.08799,1.54545,0
-0.56158,-0.52924,0
2.81938,-1.49782,0
0.40745,1.46039,0
0.37503,1.45886,0
2.41035,-1.41987,0
3.19843,-1.58297,0
0.56463,1.44401,0
3.24847,-1.59355,0
0.51912,1.47044,0
-0.55015,-0.42113,0
1.20929,1.32199,0
3.66501,0.46491,0
3.12427,-1.50265,0
2.27291,-1.39406,0
2.70191,-1.48727,0
3.09226,-1.53278,0
0.63795,1.45732,0
0.76231,1.39136,0
0.14695,1.52656,0
2.41967,-1.42481,0
3.63033,0.40955,0
-0.08226,1.53896,0
2.61598,-1.44789,0
3.62195,0.37205,0
0.20265,1.4735,0
-0.06901,1.52467,0
3.72746,0.79418,0
0.10716,1.50645,0
3.65313,0.47469,0
2.54827,-1.44799,0
-0.59462,-0.52552,0
3.59257,0.11352,0
2.67183,-1.47268,0
0.03746,1.54421,0
2.66941,-1.44643,0
-0.10448,1.52041,0
2.56012,-1.46728,0
2.72209,-1.48569,0
-0.54451,-0.3052,0
1.43846,1.28858,0
2.18547,-1.36203,0
1.09414,1.34963,0
2.99402,-1.48513,0
-0.59914,-0.62991,0
2.2924,-1.40813,0
2.12897,-1.36286,0
2.26264,-1.37671,0
2.46702,-1.43013,0
-0.05473,1.57394,0
2.77508,-1.453,0
2.11225,-1.37658,0
0.35793,1.49577,0
-0.1758,1.55998,0
3.63349,0.33905,0
-0.08598,1.58273,0
0.68043,1.4198,0
-0.1299,1.58065,0
3.1112,-1.50858,0
2.6145,-1.47994,0
3.6048,0.15178,0
3.16789,-1.55351,0
3.00147,-1.53083,0
-0.61925,-0.82541,0
0.16453,1.54834,0
0.79974,1.39548,0
3.73909,0.78067,0
1.16126,1.34485,0
0.08056,1.5426,0
3.20343,-1.53286,0
2.67176,-1.44108,0
-0.55726,-0.34659,0
1.84829,-1.32109,0
-0.05644,1.53104,0
1.02633,1.38454,0
0.87011,1.41341,0
2.80379,-1.49316,0
0.81919,1.42606,0
-0.64625,-0.78944,0
-0.57455,-0.48337,0
3.70926,0.79569,0
2.51044,-1.4108,0
1.82857,-1.32568,0
3.73924,0.81522,0
0.1225,1.54128,0
0.16752,1.54569,0
0.32439,1.46303,0
0.69407,1.40898,0
2.77813,-1.47994,0
0.31623,1.46571,0
-0.15906,1.60866,0
2.43758,-1.44261,0
0.37287,1.49908,0
-0.61065,-0.68915,0
2.6889,-1.47596,0
2.51381,-1.41995,0
0.07794,1.50502,0
2.9277,-1.4796,0
0.0589,1.55245,0
2.94522,-1.512,0
1.36068,1.31031,0
2.43245,-1.39463,0
-0.14116,1.58112,0
0.58448,1.41776,0
3.68717,0.5487,0
2.39034,-1.43421,0
0.86098,1.40218,0
0.57709,1.42198,0
-0.00717,1.5224,0
2.56746,-1.41516,0
3.68595,0.66476,0
3.67542,0.59898,0
0.72263,1.43058,0
2.83438,-1.51788,0
3.70799,0.68197,0
1.70451,-1.28201,0
-0.16308,1.59347,0
3.2143,-1.52432,0
2.33628,-1.38406,0
3.68519,0.76422,0
3.24177,-1.60599,0
3.69453,0.80087,0
0.05692,1.50288,0
1.78968,-1.31075,0
3.68052,0.63471,0
3.2043,-1.58436,0
0.59895,1.46971,0
3.26939,-1.54238,0
1.01819,1.35049,0
3.65659,0.37031,0
2.9606,-1.54767,0
3.09406,-1.57081,0
2.55508,-1.47026,0
2.07196,-1.34643,0
0.69802,1.44381,0
-0.14599,1.54123,0
0.03816,1.54078,0
2.60725,-1.47576,0
-0.03434,1.54626,0
2.40165,-1.4173,0
3.64983,0.44728,0
3.6078,0.22416,0
2.53472,-1.4384,0
0.89915,1.40848,0
-0.11936,1.57344,0
3.16861,-1.54229,0
-0.6001,-0.77433,0
0.67452,1.40728,0
2.87596,-1.5129,0
3.18679,-1.54238,0
-0.59725,-0.74327,0
3.69665,0.67457,0
0.0435,1.57117,0
0.42372,1.50048,0
2.84867,-1.46229,0
1.82028,-1.32387,0
3.10746,-1.50096,0
2.6434,-1.45407,0
3.04777,-1.56415,0
2.41941,-1.39725,0
3.16084,-1.51699,0
0.11485,1.52713,0
3.70856,0.66219,0
0.21496,1.51918,0
0.20576,1.54084,0
2.54342,-1.43172,0
-0.13808,1.58999,0
0.86467,1.40356,0
0.89395,1.37902,0
2.22841,-1.40378,0
2.23589,-1.40178,0
3.67288,0.62545,0
0.33658,1.49493,0
3.72099,0.76414,0
-0.62849,-0.78118,0
2.54367,-1.44328,0
1.80665,-1.30206,0
0.75842,1.43792,0
0.15155,1.52919,0
2.72585,-1.50295,0
0.89843,1.392,0
2.34144,-1.40231,0
-0.60264,-0.55332,0
-0.65474,-0.82318,0
0.4169,1.47061,0
-0.57314,-0.57503,0
-0.56106,-0.47168,0
2.59736,-1.43733,0
2.40058,-1.42411,0
3.15838,-1.5885,0
3.07281,-1.56742,0
0.12232,1.54638,0
2.41021,-1.40772,0
0.64872,1.44485,0
2.9067,-1.53446,0
1.87611,-1.30808,0
3.60762,0.23188,0
2.81532,-1.50029,0
3.68685,0.66235,0
3.07878,-1.50039,0
0.40753,1.49207,0
2.47626,-1.43808,0
-0.06228,1.55678,0
3.69932,0.66168,0
3.6854,0.74553,0
-0.53668,-0.26049,0
0.36152,1.4534,0
-0.14105,1.57427,0
3.66971,0.56083,0
0.03316,1.55846,0
2.98765,-1.54912,0
0.47567,1.4413,0
2.08139,-1.36459,0
0.05388,1.51083,0
2.79613,-1.49569,0
2.39106,-1.43197,0
1.30743,1.30761,0
1.22864,1.33957,0
3.721,0.75828,0
2.7924,-1.49451,0
2.06669,-1.36278,0
3.14793,-1.56399,0
2.23837,-1.39662,0
0.20488,1.53933,0
3.27324,-1.58828,0
3.29688,-1.53856,0
-0.62063,-0.8832,0
-0.6141,-0.87302,0
3.71252,0.89191,0
3.70316,0.8724,0
3.70251,0.88921,0
-0.18712,1.58465,0
3.29295,-1.5638,0
3.73067,0.86805,0
-0.62031,-0.8531,0
3.72651,0.64311,0
2.9058,-1.59653,0
0.38117,1.54693,0
1.37221,1.32338,0
0.01922,1.61976,0
0.11491,1.59043,0
0.68785,1.4676,0
1.75923,-1.3256,0
2.86638,-1.56761,0
0.85269,1.43211,0
2.83495,-1.5839,0
2.67892,-1.5128,0
2.78063,-1.52358,0
1.01513,1.40841,0
2.52902,-1.49188,0
1.08587,1.38087,0
0.50767,1.52418,0
1.31008,1.33525,0
1.18798,1.35556,0
-0.64079,-0.59731,0
-0.64929,-0.69569,0
3.11792,-1.64874,0
2.30965,-1.44472,0
1.93588,-1.36657,0
2.41734,-1.46381,0
3.09935,-1.62691,0
2.99062,-1.59282,0
0.16193,1.61367,0
2.38102,-1.45581,0
1.4072,1.31639,0
1.0133,1.41009,0
0.72771,1.48297,0
0.42547,1.53298,0
-0.60559,-0.45045,0
0.89251,1.42669,0
-0.54717,-0.2379,0
2.5842,-1.48048,0
3.72856,0.50998,0
0.10961,1.61356,0
0.31246,1.56141,0
-0.0599,1.64928,0
2.24791,-1.44288,0
2.38152,-1.44217,0
3.66777,0.2568,0
0.15249,1.57824,0
3.72002,0.65312,0
2.90645,-1.58028,0
2.93138,-1.56619,0
0.76156,1.47919,0
-0.65005,-0.6464,0
3.67894,0.31589,0
2.71639,-1.55476,0
3.07679,-1.58384,0
0.36191,1.57321,0
2.36984,-1.44977,0
-0.58119,-0.33589,0
3.63229,0.22143,0
3.11917,-1.59347,0
0.907,1.42137,0
-0.05401,1.63761,0
0.66975,1.46067,0
3.64859,0.20937,0
1.17902,1.38317,0
0.04573,1.64922,0
0.92808,1.40823,0
2.8064,-1.52382,0
2.70408,-1.53863,0
2.84498,-1.57486,0
0.50915,1.53043,0
1.35085,1.32547,0
0.55478,1.48156,0
2.34847,-1.43851,0
2.25197,-1.41962,0
-0.66775,-0.72964,0
3.62397,0.17183,0
1.26065,1.34329,0
0.66056,1.4851,0
2.61461,-1.48454,0
3.74721,0.69879,0
0.15067,1.62707,0
-0.62706,-0.54557,0
3.72543,0.67304,0
2.25371,-1.41667,0
0.17471,1.59821,0
3.75653,0.75718,0
-0.57628,-0.33539,0
2.69691,-1.51744,0
2.22929,-1.43408,0
0.59532,1.52065,0
1.21377,1.35693,0
-0.60409,-0.45359,0
-0.08681,1.64907,0
2.78165,-1.53289,0
-0.07043,1.61506,0
3.09675,-1.60579,0
2.93767,-1.59862,0
2.64768,-1.52725,0
0.748,1.4485,0
0.67883,1.48691,0
-0.05796,1.67146,0
3.60431,0.09183,0
2.9166,-1.59089,0
2.11623,-1.39398,0
0.84293,1.44392,0
-0.63655,-0.61302,0
2.29535,-1.4449,0
3.60695,0.03435,0
0.20369,1.5861,0
3.6953,0.45416,0
1.62137,-1.28589,0
3.18468,-1.60357,0
0.52136,1.51372,0
-0.02408,1.66727,0
2.35261,-1.45887,0
0.17663,1.55799,0
2.13765,-1.41544,0
0.43583,1.5088,0
-0.5443,-0.17584,0
0.62713,1.4702,0
2.49161,-1.46828,0
3.13773,-1.61861,0
3.16708,-1.62905,0
3.62295,0.18845,0
3.69643,0.50964,0
0.17456,1.5585,0
0.00622,1.60078,0
0.74792,1.48627,0
1.22532,1.35568,0
-0.04507,1.60123,0
-0.00962,1.59436,0
2.64123,-1.53936,0
2.84149,-1.55827,0
-0.02644,1.62203,0
1.21315,1.37448,0
-0.599,-0.46257,0
-0.02293,1.66869,0
2.16626,-1.42439,0
0.16735,1.58574,0
3.64158,0.18534,0
0.19836,1.56626,0
-0.07092,1.66363,0
0.30691,1.54639,0
1.28498,1.34761,0
0.39984,1.53884,0
3.7823,0.73626,0
-0.09532,1.6608,0
2.97327,-1.61902,0
3.71941,0.58898,0
2.18769,-1.41617,0
1.25166,1.35295,0
-0.53174,-0.11187,0
3.76787,0.70957,0
-0.65486,-0.72339,0
-0.04056,1.60562,0
0.14891,1.58376,0
1.15769,1.38687,0
3.73654,0.59159,0
3.12882,-1.59052,0
3.67347,0.44454,0
2.9116,-1.60345,0
-0.60789,-0.52481,0
0.24865,1.57906,0
2.28061,-1.44477,0
2.58401,-1.49141,0
3.65867,0.31093,0
2.13724,-1.40116,0
2.85228,-1.54348,0
1.81794,-1.32812,0
2.07725,-1.39476,0
3.00268,-1.59596,0
2.76941,-1.55966,0
0.58382,1.47593,0
0.04966,1.63729,0
0.68132,1.48588,0
3.63714,0.20975,0
2.24991,-1.44214,0
3.64563,0.30015,0
3.63556,0.21755,0
0.72529,1.45436,0
-0.61998,-0.49959,0
2.22542,-1.43317,0
3.71966,0.62221,0
2.22477,-1.43205,0
-0.62715,-0.59817,0
0.25021,1.60716,0
2.81401,-1.54133,0
2.84254,-1.56429,0
3.73705,0.59352,0
2.66816,-1.52127,0
3.65641,0.31662,0
3.10467,-1.63048,0
-0.61951,-0.49862,0
2.36056,-1.44248,0
3.72336,0.57193,0
0.25125,1.59454,0
0.84987,1.45815,0
2.24991,-1.44109,0
3.74296,0.7216,0
0.18843,1.57861,0
0.22586,1.58826,0
-0.59339,-0.44017,0
2.10764,-1.39688,0
3.2136,-1.6329,0
0.02562,1.63418,0
3.14851,-1.64204,0
1.86034,-1.34654,0
2.53821,-1.48308,0
3.69247,0.37808,0
-0.54898,-0.24885,0
2.8381,-1.56593,0
3.76663,0.75935,0
0.01221,1.62546,0
1.32792,1.33357,0
0.58047,1.50431,0
3.73134,0.59823,0
2.6385,-1.52155,0
2.64816,-1.52936,0
3.69833,0.47591,0
0.42152,1.51865,0
0.05076,1.62251,0
-0.62139,-0.59874,0
3.70799,0.5412,0
3.68888,0.33717,0
0.44923,1.53408,0
2.3361,-1.45932,0
2.89779,-1.58045,0
2.98749,-1.58997,0
2.48988,-1.463,0
0.09858,1.61733,0
2.07276,-1.39218,0
2.41047,-1.44353,0
2.69514,-1.52535,0
0.10977,1.62387,0
0.02047,1.62571,0
-0.58782,-0.36826,0
0.62253,1.48996,0
2.55531,-1.48904,0
-0.0172,1.66114,0
1.20601,1.36315,0
0.12078,1.62504,0
3.68521,0.37973,0
2.48939,-1.4715,0
2.57261,-1.51117,0
3.6113,0.11973,0
2.75437,-1.56594,0
0.01479,1.59644,0
1.30214,1.33938,0
0.65457,1.48456,0
3.69847,0.48789,0
2.68258,-1.49974,0
3.1712,-1.64494,0
2.05591,-1.3968,0
2.6115,-1.49443,0
2.13541,-1.40165,0
3.14703,-1.60251,0
2.12257,-1.40913,0
-0.63695,-0.56367,0
1.44923,1.3141,0
2.391,-1.44892,0
0.24185,1.55099,0
-0.53952,-0.16311,0
1.83347,-1.34028,0
2.81859,-1.56661,0
2.54158,-1.47115,0
0.13156,1.5764,0
-0.00317,1.60094,0
3.68662,0.47889,0
3.12987,-1.60355,0
2.05269,-1.3875,0
3.15379,-1.65217,0
3.05309,-1.61686,0
3.08807,-1.57896,0
0.3215,1.5435,0
0.38363,1.5683,0
2.87225,-1.58585,0
-0.03579,1.6346,0
2.66809,-1.54449,0
1.07956,1.37634,0
-0.59814,-0.40799,0
2.86392,-1.56,0
3.77414,0.69416,0
2.81666,-1.55033,0
1.97055,-1.37745,0
2.92492,-1.57156,0
0.33794,1.56312,0
2.47556,-1.45888,0
3.20769,-1.63269,0
3.76247,0.70141,0
2.83313,-1.57175,0
2.54629,-1.49846,0
-0.61719,-0.53795,0
3.6369,0.24065,0
2.33213,-1.42984,0
0.40832,1.51544,0
3.16068,-1.63956,0
0.95652,1.41515,0
3.73058,0.63044,0
2.84337,-1.5463,0
1.40692,1.31323,0
0.2545,1.54858,0
3.70037,0.53738,0
3.17429,-1.60141,0
3.64646,0.28784,0
0.20887,1.58465,0
2.83254,-1.54432,0
0.56018,1.5287,0
-0.01075,1.63806,0
1.66086,-1.30064,0
-0.57903,-0.36128,0
0.69602,1.47086,0
2.43774,-1.48368,0
3.7624,0.67378,0
0.98985,1.42357,0
3.17478,-1.65733,0
3.17429,-1.65693,0
2.84235,-1.56791,0
0.96162,1.4189,0
2.5207,-1.48586,0
3.18762,-1.65053,0
0.42445,1.51962,0
2.99295,-1.58929,0
0.7435,1.47026,0
2.29982,-1.4397,0
1.16082,1.37455,0
2.84611,-1.57792,0
3.72291,0.53598,0
3.08282,-1.63074,0
3.76209,0.71962,0
-0.11022,1.64147,0
0.40591,1.56408,0
0.17405,1.60037,0
-0.01828,1.66144,0
2.84389,-1.55747,0
3.63775,0.17453,0
2.1014,-1.40838,0
0.02878,1.60586,0
3.14882,-1.66108,0
0.19891,1.60052,0
-0.65176,-0.70801,0
3.69745,0.46379,0
0.32152,1.54351,0
0.46457,1.52941,0
0.52554,1.49571,0
3.0436,-1.61557,0
3.73655,0.65191,0
2.75227,-1.55029,0
1.87957,-1.34995,0
2.38671,-1.45325,0
2.69851,-1.51133,0
3.20443,-1.62614,0
3.73925,0.55613,0
0.53468,1.48928,0
0.71881,1.46268,0
0.6917,1.47662,0
2.9153,-1.60201,0
0.09441,1.61352,0
-0.52149,-0.11179,0
0.65582,1.47682,0
2.99193,-1.59438,0
3.7158,0.50447,0
0.89821,1.43521,0
0.83,1.42872,0
0.89464,1.43804,0
2.87994,-1.58805,0
2.72546,-1.52372,0
3.73717,0.55973,0
0.98775,1.40179,0
0.67834,1.4775,0
0.59099,1.51333,0
0.19748,1.59018,0
0.71947,1.47747,0
-0.6165,-0.50727,0
3.21268,-1.63387,0
3.73746,0.69894,0
0.24636,1.55862,0
2.42724,-1.48194,0
0.04157,1.62401,0
-0.01087,1.66503,0
0.93704,1.40764,0
2.15561,-1.40795,0
0.18464,1.57069,0
2.91148,-1.55395,0
1.04227,1.38683,0
3.69334,0.51345,0
-0.04349,1.64716,0
2.45629,-1.47222,0
-0.61887,-0.50096,0
1.06249,1.39889,0
-0.59203,-0.39963,0
0.39543,1.51737,0
1.86586,-1.35206,0
3.62298,0.07977,0
0.00117,1.61672,0
0.38997,1.54734,0
2.51373,-1.50495,0
0.90838,1.41968,0
0.78358,1.47711,0
1.35185,1.33631,0
2.54716,-1.50729,0
2.01209,-1.38418,0
1.785,-1.32168,0
-0.56152,-0.31738,0
0.57517,1.47984,0
3.67101,0.3077,0
3.72705,0.65739,0
1.78515,-1.33208,0
3.17779,-1.66755,0
-0.0104,1.6377,0
3.71412,0.93389,0
3.7603,0.82154,0
-0.14128,1.62105,0
-0.13866,1.62035,0
3.76114,0.83879,0
3.27928,-1.59098,0
3.74999,0.84358,0
3.28381,-1.58473,0
-0.13301,1.62403,0
3.3579,-1.47642,0
3.38756,-1.31046,0
3.35141,-1.49653,0
3.36928,-1.4486,0
3.37014,-1.49337,0
3.694,0.9525,0
3.39029,-1.33683,0
3.37133,-1.45848,0
3.35977,-1.51159,0
3.66678,0.95301,0
3.68599,0.95,0
3.65796,0.95151,0
3.75758,-0.68433,0
3.76166,-0.74398,0
3.65731,-0.18436,0
3.75229,-0.69839,0
3.7727,-0.74139,0
3.19564,1.64372,0
3.23155,1.63908,0
3.73911,-0.71318,0
3.73942,-0.74967,0
3.69549,-0.34619,0
-0.11339,-1.63135,0
3.73306,-0.7053,0
3.74098,-0.74528,0
3.77564,-0.74518,0
3.74799,-0.72691,0
3.2032,1.63393,0
3.22226,1.63693,0
3.76625,-0.72027,0
3.63077,-0.0916,0
3.61571,-0.02349,0
3.22665,1.65984,0
3.18005,1.63644,0
0.08331,-1.69924,0
1.29078,-1.37534,0
0.73743,-1.5597,0
0.0645,-1.7573,0
3.66965,-0.08468,0
2.99737,1.71313,0
3.76745,-0.48487,0
2.89741,1.72528,0
3.6357,-0.04412,0
0.02262,-1.74391,0
2.8299,1.6806,0
2.70277,1.66144,0
3.65599,-0.09448,0
0.36564,-1.66116,0
0.56577,-1.57698,0
1.15696,-1.39486,0
0.74686,-1.52314,0
2.66795,1.64694,0
2.65159,1.6185,0
2.17763,1.50482,0
0.05563,-1.75272,0
2.54737,1.62583,0
2.79799,1.65768,0
3.83822,-0.56976,0
3.68478,-0.20113,0
2.71921,1.65248,0
3.68086,-0.17365,0
0.12472,-1.7401,0
0.20541,-1.70336,0
3.09478,1.74739,0
2.37955,1.54749,0
3.62819,0.05421,0
0.17343,-1.66641,0
0.53302,-1.57029,0
1.56727,-1.28204,0
0.35101,-1.6183,0
3.64693,0.05144,0
3.81615,-0.59017,0
0.29342,-1.65016,0
0.12404,-1.73307,0
0.39887,-1.60212,0
0.89522,-1.50779,0
0.9455,-1.47316,0
3.73454,-0.31684,0
0.22346,-1.66047,0
3.05014,1.73757,0
1.86807,1.40053,0
3.80137,-0.47055,0
3.71782,-0.17267,0
3.76649,-0.52137,0
3.71037,-0.26545,0
3.69123,-0.17926,0
2.78398,1.67681,0
2.52254,1.60016,0
1.75989,1.3745,0
0.02674,-1.72852,0
0.33324,-1.63324,0
0.06238,-1.75781,0
2.57948,1.59607,0
0.50191,-1.63507,0
2.6159,1.62685,0
2.9983,1.74912,0
3.74461,-0.26335,0
0.19409,-1.69814,0
3.70335,-0.35741,0
3.75306,-0.32457,0
0.5912,-1.59554,0
3.81064,-0.50325,0
1.83019,1.39045,0
0.8301,-1.52883,0
1.08966,-1.40958,0
0.16815,-1.70512,0
3.65453,0.02888,0
0.87208,-1.51846,0
0.34639,-1.62249,0
0.29502,-1.66896,0
3.70805,-0.35481,0
1.58077,-1.29085,0
0.10098,-1.71071,0
3.71847,-0.18994,0
3.72483,-0.24614,0
3.77971,-0.46564,0
1.11024,-1.41949,0
0.44946,-1.60124,0
2.59818,1.61244,0
3.74909,-0.26931,0
1.14928,-1.3942,0
3.64117,-0.04816,0
0.03686,-1.76664,0
3.72214,-0.34358,0
3.65915,-0.16314,0
2.98451,1.76134,0
0.70276,-1.55849,0
3.69161,-0.15488,0
3.74183,-0.37437,0
2.73435,1.63845,0
0.69497,-1.56496,0
0.0798,-1.76561,0
0.04506,-1.76276,0
3.81934,-0.58534,0
1.54379,-1.30255,0
2.94649,1.70407,0
3.77827,-0.60165,0
0.74,-1.51296,0
1.95675,1.43424,0
3.69281,-0.1339,0
2.84383,1.68314,0
0.18877,-1.72965,0
3.80214,-0.50286,0
3.76322,-0.37963,0
2.07027,1.45964,0
2.8777,1.70509,0
0.06693,-1.73882,0
2.99816,1.75641,0
3.71063,-0.25537,0
2.19773,1.49056,0
0.2617,-1.67405,0
2.63244,1.65431,0
0.10343,-1.68616,0
2.77266,1.68683,0
3.73128,-0.48045,0
0.39738,-1.64638,0
3.68443,-0.18406,0
3.02589,1.77388,0
0.09294,-1.75587,0
2.68782,1.63823,0
1.07485,-1.44762,0
3.78546,-0.41544,0
2.30526,1.54979,0
1.90764,1.41763,0
0.46556,-1.6336,0
3.73362,-0.2386,0
0.60848,-1.59416,0
0.91124,-1.49973,0
2.88608,1.71311,0
0.48274,-1.60717,0
0.10951,-1.72767,0
2.77055,1.66346,0
0.03537,-1.78106,0
0.09265,-1.73871,0
3.70604,-0.13301,0
0.97481,-1.47834,0
0.32321,-1.6191,0
0.52717,-1.59483,0
3.69451,-0.26473,0
3.66094,-0.04199,0
2.54377,1.60915,0
3.70042,-0.23102,0
0.97835,-1.44234,0
0.6002,-1.57601,0
3.70211,-0.18802,0
1.56835,-1.29343,0
0.425,-1.63428,0
3.62534,-0.01269,0
2.36004,1.53855,0
2.28737,1.54639,0
2.75723,1.65687,0
1.75051,1.37756,0
0.50037,-1.58612,0
0.54907,-1.56831,0
0.53071,-1.56337,0
3.03553,1.77648,0
0.63674,-1.5888,0
2.56483,1.62607,0
2.30257,1.54024,0
2.25583,1.51166,0
2.51904,1.61402,0
0.13237,-1.69622,0
3.73448,-0.30465,0
0.90553,-1.49713,0
0.24034,-1.68766,0
3.62509,0.04458,0
3.72106,-0.27299,0
2.53901,1.60024,0
1.04393,-1.43165,0
2.32876,1.54536,0
1.41443,-1.34575,0
0.05433,-1.73488,0
0.40932,-1.65166,0
0.77413,-1.53061,0
2.94689,1.70136,0
0.19686,-1.72234,0
2.94239,1.70674,0
0.77744,-1.49778,0
3.80696,-0.57814,0
0.31006,-1.65024,0
3.76757,-0.3981,0
3.74458,-0.52582,0
2.13851,1.4782,0
3.66542,-0.1827,0
2.82312,1.68696,0
3.72277,-0.37389,0
1.65839,1.34216,0
3.69317,-0.12945,0
0.17432,-1.6724,0
1.22011,-1.37613,0
2.21259,1.51493,0
1.01091,-1.45839,0
0.28356,-1.6557,0
2.56261,1.61378,0
0.75628,-1.50171,0
3.64439,0.05993,0
3.76888,-0.47609,0
3.66213,-0.0844,0
0.3796,-1.64638,0
0.76065,-1.52696,0
0.34329,-1.63535,0
2.2359,1.50369,0
0.86833,-1.49263,0
3.7649,-0.44452,0
2.68664,1.65137,0
3.66286,-0.01219,0
0.84103,-1.47929,0
2.55685,1.6174,0
0.52189,-1.60682,0
3.74682,-0.44052,0
0.72457,-1.54646,0
3.72625,-0.21264,0
0.55817,-1.61661,0
0.27596,-1.68925,0
1.34295,-1.34318,0
0.63228,-1.5914,0
3.09154,1.75912,0
1.08166,-1.41272,0
1.16047,-1.42586,0
3.69539,-0.29448,0
3.7276,-0.3984,0
2.52586,1.6192,0
3.69494,-0.18932,0
0.96768,-1.45051,0
2.18479,1.50626,0
0.92914,-1.47118,0
1.00333,-1.45909,0
0.8151,-1.52383,0
2.51395,1.60203,0
0.54624,-1.56833,0
0.15434,-1.66965,0
2.1178,1.4918,0
0.34413,-1.63402,0
3.77269,-0.56037,0
2.87453,1.69522,0
3.79794,-0.57508,0
2.93933,1.73822,0
1.98763,1.44623,0
1.23471,-1.40453,0
3.72944,-0.45479,0
2.80799,1.68547,0
1.3387,-1.35379,0
2.41034,1.56161,0
2.10209,1.4808,0
1.84232,1.40374,0
3.80246,-0.54155,0
3.74214,-0.24232,0
0.30582,-1.6623,0
3.73214,-0.23717,0
1.03218,-1.45749,0
0.70012,-1.53594,0
1.1926,-1.39799,0
0.30073,-1.64285,0
0.29001,-1.69434,0
0.37491,-1.60404,0
1.52887,-1.3003,0
0.09803,-1.69384,0
0.85274,-1.50011,0
3.68517,-0.21703,0
2.61128,1.6151,0
0.82468,-1.48281,0
1.05578,-1.42019,0
0.89996,-1.48254,0
2.28518,1.52305,0
3.76362,-0.42925,0
0.11147,-1.68203,0
2.56377,1.61988,0
3.64585,-0.02798,0
0.52296,-1.59666,0
3.78418,-0.56934,0
3.76155,-0.44238,0
0.3262,-1.61837,0
2.99221,1.73069,0
2.12965,1.47142,0
0.49523,-1.57789,0
0.3127,-1.6584,0
1.74199,1.37433,0
0.03397,-1.74258,0
3.696,-0.21315,0
0.41388,-1.64277,0
2.38802,1.54377,0
0.23411,-1.67237,0
0.07347,-1.74683,0
3.72216,-0.34161,0
0.20826,-1.67389,0
0.89986,-1.50816,0
0.69305,-1.55323,0
0.36469,-1.65442,0
0.17845,-1.70559,0
0.31615,-1.63218,0
2.44418,1.56944,0
3.81102,-0.50563,0
0.05554,-1.72549,0
0.13793,-1.74482,0
2.37492,1.56235,0
0.59585,-1.57493,0
2.43326,1.55717,0
3.73986,-0.42691,0
0.55374,-1.60655,0
0.30976,-1.68205,0
3.68785,-0.11821,0
0.49063,-1.63222,0
2.36014,1.56671,0
1.88845,1.41337,0
2.9197,1.72625,0
0.36526,-1.64653,0
3.06937,1.77344,0
3.77086,-0.58625,0
0.396,-1.60062,0
0.78325,-1.53544,0
0.15988,-1.67746,0
3.69279,-0.33237,0
0.54318,-1.61542,0
1.91522,1.42028,0
3.71476,-0.16264,0
0.82473,-1.49814,0
3.78669,-0.57518,0
2.72865,1.64446,0
0.21758,-1.68723,0
3.63239,0.03598,0
0.46956,-1.60121,0
3.76373,-0.41858,0
2.72728,1.65843,0
1.84648,1.39574,0
3.71919,-0.17359,0
1.53333,-1.29463,0
0.16256,-1.67266,0
1.01007,-1.47377,0
3.70287,-0.20311,0
2.18118,1.50964,0
1.80059,1.38229,0
0.29937,-1.66734,0
2.94127,1.70332,0
3.73098,-0.43239,0
3.79381,-0.55424,0
3.08881,1.78137,0
2.55248,1.83588,0
2.18371,1.86097,0
0.58802,-1.65136,0
1.67061,1.47613,0
2.55991,2.00734,0
1.45476,1.38806,0
2.41817,1.64072,0
0.90876,-1.88123,0
1.99359,1.62011,0
2.15576,1.57768,0
1.22647,-1.44036,0
1.85469,1.53548,0
3.71622,0.3112,0
2.6255,2.05368,0
2.2004,1.86386,0
1.67155,1.46079,0
0.37229,-1.8161,0
0.69823,-1.88029,0
0.51956,-1.90163,0
2.75934,1.79408,0
2.54348,2.08023,0
2.72342,1.68381,0
2.1465,1.54235,0
2.41076,1.8006,0
0.86996,-1.913,0
0.97726,-1.80624,0
2.42662,1.79167,0
2.50576,1.80646,0
1.1824,-1.53161,0
-0.69192,-0.15375,0
1.0961,-1.48466,0
2.42443,1.83768,0
-0.56591,-0.04802,0
0.93362,-1.55843,0
1.15224,-1.43895,0
1.02519,-1.76456,0
0.604,-1.9417,0
0.93519,-1.63061,0
2.51021,1.94637,0
-0.58459,0.01111,0
2.20247,1.64396,0
1.27372,-1.44498,0
2.37247,1.99052,0
2.21149,1.64873,0
0.70769,-1.67398,0
0.64485,-1.65898,0
2.56157,2.11148,0
2.21492,1.5728,0
2.51503,1.78565,0
2.72673,1.83313,0
2.11435,1.63841,0
2.28765,1.67229,0
1.69267,1.52639,0
0.96345,-1.57978,0
0.95457,-1.72477,0
0.42545,-1.68202,0
2.54254,1.74286,0
1.03139,-1.60835,0
1.78729,1.61432,0
1.3737,-1.48559,0
0.65736,-1.89451,0
2.24505,1.73054,0
3.72094,0.02209,0
0.57929,-2.04906,0
2.47681,1.90566,0
2.41605,1.74753,0
1.99054,1.71923,0
1.15493,-1.54858,0
1.04424,-1.78508,0
1.2704,-1.48844,0
3.88384,0.11158,0
0.79275,-1.68152,0
2.41673,2.03836,0
1.98372,1.50085,0
1.60496,1.45759,0
0.40939,-1.76052,0
2.61055,1.90708,0
1.16862,-1.59473,0
3.78728,0.0319,0
2.4727,1.69077,0
1.01739,-1.56591,0
0.66244,-1.97753,0
1.11677,-1.47665,0
0.54827,-1.79869,0
0.33505,-1.75557,0
0.84036,-1.60718,0
0.5724,-1.70582,0
1.05165,-1.61141,0
1.51207,1.43371,0
1.96536,1.70407,0
0.72602,-1.9583,0
1.07851,-1.73772,0
0.89852,-1.7419,0
1.12001,-1.71696,0
1.62349,1.5035,0
0.47649,-1.94498,0
0.58195,-1.94763,0
2.56382,1.65551,0
1.72082,1.42455,0
0.99167,-1.57057,0
1.82692,1.63186,0
2.0872,1.80271,0
0.87951,-1.58027,0
1.58587,1.43193,0
1.89863,1.44251,0
1.65376,-1.41008,0
0.60159,-1.95132,0
2.50584,2.00986,0
2.50994,1.76003,0
2.41663,2.00616,0
1.18811,-1.57269,0
0.85596,-1.85079,0
2.45261,1.93897,0
1.82427,1.43861,0
1.86239,1.60077,0
0.96775,-1.54252,0
-0.6392,-0.02151,0
1.12126,-1.71983,0
2.76753,1.80874,0
0.62808,-1.93177,0
0.31058,-1.71181,0
1.68284,1.48593,0
1.66845,1.45734,0
1.70376,1.36519,0
1.90372,1.5289,0
0.7597,-1.86463,0
2.53259,1.70718,0
0.40235,-1.82346,0
1.07183,-1.61754,0
1.31361,-1.50292,0
0.9944,-1.82453,0
0.77322,-1.60595,0
3.7539,0.19076,0
2.08392,1.66629,0
2.48796,2.06974,0
3.82899,-0.00078,0
1.31517,-1.53363,0
1.90873,1.71829,0
0.9703,-1.53492,0
0.65968,-1.93403,0
-0.62403,-0.24236,0
2.50241,1.63121,0
0.91905,-1.65821,0
0.77301,-1.68683,0
2.58082,1.7476,0
1.39981,-1.51495,0
2.48378,1.83135,0
1.26221,-1.52463,0
0.98071,-1.66124,0
2.73004,1.79655,0
0.47574,-1.742,0
0.92041,-1.61803,0
1.25028,-1.44396,0
1.41265,-1.38989,0
1.08256,-1.65859,0
3.81324,0.16152,0
3.70693,0.1008,0
0.69987,-1.9611,0
1.07072,-1.50969,0
1.59917,-1.38527,0
0.57077,-1.96458,0
2.40201,1.74932,0
-0.67098,0.00554,0
1.44256,1.34812,0
-0.54615,-0.06015,0
1.56466,-1.36474,0
1.65823,-1.33904,0
0.55267,-2.04864,0
0.7587,-1.81442,0
-0.58648,0.105,0
2.40732,1.6384,0
0.88861,-1.52349,0
0.41758,-1.75051,0
1.55804,-1.43123,0
3.88837,0.09241,0
2.56725,1.77967,0
2.21009,1.83365,0
0.57414,-1.77271,0
0.58702,-2.08129,0
0.41502,-1.8597,0
3.7561,0.20966,0
3.70211,0.21235,0
1.04541,-1.6379,0
1.69748,1.53595,0
1.24875,-1.6002,0
3.6948,0.12731,0
0.67659,-1.58541,0
2.68746,1.82791,0
1.138,-1.74528,0
1.41922,-1.56677,0
1.51568,1.32962,0
2.60826,1.74833,0
2.64411,1.69506,0
1.47316,1.37378,0
2.31515,1.87758,0
1.12436,-1.67257,0
2.52703,1.91724,0
3.77903,0.26688,0
1.54233,1.45173,0
2.70895,1.73558,0
3.85101,0.13842,0
0.76994,-1.71397,0
1.08589,-1.52135,0
1.32612,-1.39179,0
1.74672,1.46857,0
0.56218,-2.10098,0
0.54095,-1.7092,0
3.8254,0.16866,0
2.60625,1.94617,0
1.86196,1.44839,0
1.99654,1.68416,0
2.75771,1.76413,0
2.06538,1.72655,0
1.13896,-1.54389,0
0.97014,-1.84658,0
2.19227,1.85312,0
2.72044,1.82886,0
0.51872,-1.77458,0
0.8305,-1.91487,0
2.58789,1.91868,0
2.50704,1.77344,0
2.37405,1.75111,0
1.22835,-1.55989,0
1.8391,1.41586,0
0.64452,-1.62853,0
3.73811,0.26334,0
1.125,-1.50725,0
0.58436,-1.79029,0
-0.65554,0.00655,0
1.03244,-1.69546,0
0.74563,-1.56695,0
1.46473,-1.46689,0
1.53202,1.45987,0
-0.78281,-0.03093,0
-0.55968,-0.19905,0
0.6297,-1.86811,0
2.42457,1.88775,0
0.44683,-1.75986,0
3.69021,0.30712,0
0.81323,-1.86202,0
1.8024,1.64737,0
2.68019,1.70531,0
3.71087,0.01839,0
0.60082,-1.74591,0
1.53491,-1.32843,0
1.1266,-1.53776,0
3.71668,0.04879,0
1.40514,-1.49439,0
2.18876,1.71757,0
2.06463,1.63672,0
1.72105,1.41591,0
1.94621,1.65184,0
1.95267,1.52471,0
1.68559,-1.3138,0
1.11782,-1.61084,0
0.36704,-1.74451,0
1.2615,-1.60056,0
1.85666,1.4556,0
1.3394,-1.54559,0
1.27913,-1.57531,0
0.89428,-1.86412,0
2.32374,1.57559,0
2.39612,1.74351,0
2.50393,1.62492,0
0.6098,-2.05538,0
1.8444,1.45993,0
3.85544,0.09721,0
1.54489,1.35233,0
2.19497,1.84929,0
3.76767,0.17878,0
0.95035,-1.74567,0
3.7044,-0.00597,0
2.43855,2.00412,0
1.32849,-1.4075,0
3.83204,0.0869,0
1.10925,-1.6919,0
2.28373,1.63535,0
1.98459,1.57777,0
2.19002,1.54003,0
1.59486,1.35527,0
-0.61974,-0.24133,0
-0.5664,-0.19817,0
0.71958,-1.78073,0
0.58137,-1.9178,0
0.99339,-1.8408,0
1.53126,1.42924,0
0.7787,-1.95639,0
0.82537,-1.71667,0
1.41442,1.35711,0
1.20965,-1.65638,0
2.52637,1.91928,0
2.06403,1.57738,0
0.99875,-1.54189,0
1.25212,-1.62957,0
0.57354,-1.95346,0
1.00544,-1.64807,0
0.43571,-1.72602,0
0.64875,-1.73048,0
1.35558,-1.49841,0
2.32733,1.9147,0
2.30202,1.66992,0
1.06496,-1.66721,0
2.56818,2.05665,0
-0.54425,-0.08306,0
2.41859,1.86729,0
2.05161,1.66973,0
1.6865,-1.34966,0
1.18621,-1.62211,0
1.63411,-1.4274,0
3.72855,0.24487,0
1.2634,-1.48522,0
0.73392,-1.60937,0
2.54475,1.64035,0
0.65563,-1.99816,0
0.52482,-1.93908,0
1.21459,-1.59081,0
1.6572,-1.33638,0
1.56404,1.36222,0
2.54771,2.05672,0
1.05397,-1.51494,0
1.99543,1.67773,0
1.03117,-1.79453,0
2.58489,2.00307,0
0.66025,-1.83686,0
2.1629,1.68476,0
2.31862,1.63639,0
1.25352,-1.43109,0
0.35339,-1.68601,0
1.56558,-1.39527,0
2.42992,1.6806,0
3.66219,0.08526,0
-0.63845,0.00514,0
-0.70032,0.03178,0
-0.57257,-0.08415,0
1.05172,-1.77181,0
0.9014,-1.72761,0
0.46319,-1.79305,0
1.66113,1.40804,0
0.96972,-1.77847,0
1.89759,1.70517,0
2.11861,1.57141,0
2.01468,1.63195,0
1.44796,-1.37285,0
0.62989,-1.78205,0
1.05177,-1.80388,0
1.45009,-1.39401,0
2.73777,1.79815,0
1.85353,1.51313,0
2.20688,1.77513,0
1.85884,1.68551,0
1.78251,1.62298,0
1.26685,-1.46583,0
1.9819,1.53818,0
2.05079,1.67421,0
1.42778,1.4094,0
1.44212,-1.37447,0
2.3385,1.57639,0
2.7947,1.72324,0
3.7737,0.03011,0
2.43121,1.59182,0
2.28143,1.69727,0
2.21965,1.61136,0
1.38534,-1.37999,0
3.7716,0.23624,0
0.81022,-1.9045,0
1.5971,1.50462,0
1.31323,-1.49648,0
2.37609,1.60096,0
1.57241,1.38595,0
1.32964,-1.52546,0
0.52488,-2.03998,0
1.79677,1.52111,0
0.85291,-1.55486,0
0.81193,-1.94497,0
2.31598,1.92827,0
2.62157,2.0256,0
2.55452,1.95807,0
0.61112,-1.76542,0
2.50477,1.84469,0
0.92036,-1.69206,0
0.68951,-2.02652,0
0.75383,-1.80325,0
0.76936,-1.80794,0
2.21189,1.62298,0
0.9776,-1.67343,0
2.3131,1.87753,0
0.62792,-1.64299,0
1.83706,1.5435,0
2.58064,2.05349,0
0.84179,-1.60069,0
0.34972,-1.70044,0
2.2162,1.82726,0
2.57299,1.85798,0
2.07898,1.71607,0
2.22917,1.85047,0
0.95812,-1.66868,0
0.58552,-2.00085,0
2.76213,1.83209,0
1.73938,1.41131,0
1.19293,-1.53045,0
2.36562,1.64281,0
2.15038,1.6871,0
2.40788,1.95503,0
1.06531,-1.47473,0
1.23434,-1.68145,0
1.68689,1.47369,0
0.50027,-1.6677,0
3.76722,0.21386,0
0.80413,-1.646,0
2.1303,1.80209,0
2.39807,1.76991,0
2.13265,1.58841,0
0.81518,-1.77404,0
1.06651,-1.78268,0
1.21821,-1.4843,0
2.32698,1.9797,0
-0.63081,0.06828,0
1.23985,-1.60361,0
1.94481,1.65268,0
0.57813,-2.04713,0
2.35633,1.83942,0
-0.68211,-0.06926,0
2.13012,1.72626,0
0.86618,-1.63478,0
3.68866,0.05166,0
2.13658,1.70352,0
0.75063,-1.79742,0
0.86031,-1.9253,0
0.6232,-1.93183,0
0.51375,-1.8553,0
1.87212,1.70282,0
1.81071,1.46096,0
1.58649,1.3377,0
2.52781,1.8032,0
2.62958,1.71859,0
2.35824,1.73003,0
3.71283,0.02717,0
1.2648,-1.50772,0
1.50286,1.30925,0
1.51607,-1.42866,0
-0.646,-0.1818,0
2.08606,1.65052,0
3.76527,0.15341,0
1.58841,1.39984,0
0.75673,-1.98403,0
2.29311,1.68036,0
2.80673,1.71628,0
1.37844,-1.55469,0
2.32112,1.60345,0
1.87462,1.70533,0
0.80128,-1.8993,0
2.06626,1.69149,0
2.07322,1.74388,0
-0.59939,-0.251,0
2.30483,1.57886,0
3.67082,0.12753,0
2.39588,1.71966,0
2.60889,2.06499,0
1.12855,-1.58162,0
1.46514,-1.39507,0
0.6063,-1.63847,0
1.17877,-1.58444,0
1.81058,1.39895,0
2.35155,1.66027,0
0.41444,-1.68528,0
0.72961,-1.56899,0
2.6164,1.99386,0
2.48068,1.92472,0
1.96064,1.51322,0
2.23306,1.54437,0
2.08982,1.57025,0
2.51061,2.04574,0
2.05973,1.64571,0
1.46277,-1.52321,0
0.39508,-1.69573,0
1.61009,1.43031,0
1.94726,1.51315,0
0.8658,-1.76453,0
2.47306,1.74522,0
1.20217,-1.53901,0
0.5682,-2.08339,0
1.24965,-1.65166,0
0.78859,-1.7535,0
1.00855,-1.51111,0
2.39814,1.9728,0
0.47829,-1.70379,0
1.94624,1.47796,0
0.99323,-1.72453,0
1.19601,-1.56184,0
2.30197,1.93925,0
3.69905,0.1662,0
0.47722,-1.84056,0
0.56165,-2.05574,0
-0.61143,-0.25143,0
1.06524,-1.69101,0
-0.66397,-0.05983,0
2.3986,1.7901,0
1.49953,-1.3598,0
2.21647,1.82021,0
2.21339,1.54755,0
3.70331,0.19708,0
2.42579,1.62045,0
2.2031,1.58054,0
0.44559,-1.9093,0
1.9312,1.59487,0
-0.65669,-0.0538,0
0.60468,-1.90038,0
2.06876,1.71147,0
0.65352,-1.5892,0
2.34961,1.78654,0
2.32545,1.93577,0
1.49966,-1.44173,0
2.31319,1.75769,0
2.19346,1.83046,0
1.72859,1.44547,0
0.914,-1.71437,0
-0.56538,-0.21376,0
0.78018,-1.7319,0
2.24449,1.56463,0
2.03658,1.54824,0
1.58363,-1.44614,0
0.74587,-1.91348,0
2.62194,2.03691,0
1.38407,-1.39835,0
1.94832,1.589,0
1.43304,-1.39029,0
0.67479,-1.76247,0
3.77663,0.24665,0
3.67792,0.04792,0
0.75396,-1.67022,0
0.40465,-1.68825,0
0.8259,-1.64951,0
2.10393,1.53202,0
2.10095,1.57634,0
1.97248,1.4676,0
2.23821,1.65624,0
0.43397,-1.72454,0
0.76325,-1.78969,0
1.36517,-1.5321,0
-0.6801,-0.07218,0
1.69866,1.50737,0
1.8906,1.65128,0
3.79437,-0.00694,0
0.84011,-1.87938,0
2.54739,1.78709,0
2.4085,1.65239,0
2.16147,1.52556,0
2.19869,1.52256,0
2.11639,1.66919,0
-0.61792,-0.19804,0
2.63679,1.78643,0
0.83784,-1.57045,0
1.8349,1.60036,0
2.24471,1.84746,0
-0.63809,-0.17034,0
1.21197,-1.52532,0
0.71247,-1.6532,0
-0.65384,-0.13124,0
3.71408,0.08888,0
0.62009,-1.81075,0
-0.59975,-0.02634,0
2.41711,1.7656,0
1.48211,-1.40727,0
2.34789,1.85874,0
1.89069,1.6468,0
2.07611,1.73358,0
2.0952,1.5605,0
-0.61328,-0.22882,0
1.60325,1.50318,0
2.15072,1.5772,0
0.58702,-1.81275,0
1.50825,1.32651,0
0.80394,-1.69972,0
2.33872,1.6934,0
0.44269,-1.81783,0
-0.69152,-0.10171,0
1.21985,-1.49787,0
-0.60486,-0.26038,0
2.70185,1.68327,0
2.25187,1.54676,0
0.55936,-1.96948,0
1.38765,1.34659,0
1.06115,-1.75241,0
2.28114,1.93608,0
0.64946,-1.8829,0
2.61525,1.66455,0
1.58151,1.35435,0
1.79951,1.45431,0
1.43062,-1.36959,0
0.67042,-1.6463,0
1.21943,-1.48578,0
0.97411,-1.79615,0
1.5177,1.3885,0
2.26581,1.56354,0
1.52105,-1.36306,0
1.01876,-1.81719,0
2.08914,1.57227,0
0.52839,-1.8472,0
0.8294,-1.64946,0
1.90331,1.68504,0
2.69759,1.70491,0
1.12884,-1.67563,0
3.71426,0.19511,0
2.21089,1.77535,0
1.36495,1.37593,0
3.7471,0.20126,0
1.39653,-1.38516,0
1.83064,1.66604,0
2.30023,1.5976,0
2.18418,1.57369,0
0.72397,-2.00282,0
-0.62129,0.08691,0
1.50613,1.38497,0
1.05911,-1.75024,0
0.79301,-1.59292,0
2.46376,1.67763,0
0.82936,-1.74995,0
3.73812,0.31524,0
1.10223,-1.57792,0
2.28253,1.68759,0
2.56638,2.00852,0
3.88544,0.08975,0
1.95485,1.51874,0
0.38162,-1.79115,0
2.25678,1.83555,0
2.40828,1.72397,0
1.96971,1.50379,0
0.79472,-1.92556,0
1.27067,-1.42886,0
2.01046,1.64524,0
0.34365,-1.72899,0
2.59167,1.65691,0
1.76235,1.61557,0
0.78926,-1.83215,0
2.28774,1.63043,0
2.07786,1.8124,0
1.31966,-1.62797,0
3.82303,0.04746,0
2.41748,1.83751,0
1.77666,1.59911,0
1.00969,-1.74707,0
0.8035,-1.64353,0
1.80158,1.58625,0
2.23629,1.55432,0
2.65565,1.87769,0
2.11039,1.67268,0
-0.64605,0.04772,0
2.12377,1.60998,0
1.45569,-1.44239,0
0.59442,-1.66615,0
1.57017,-1.30361,0
2.09836,1.58938,0
0.81131,-1.61746,0
0.42148,-1.78303,0
1.63217,1.43121,0
3.71898,0.36128,0
0.99009,-1.82748,0
2.65132,1.7902,0
1.19808,-1.50818,0
2.29295,1.64476,0
0.87583,-1.76225,0
0.83142,-1.74647,0
1.66396,1.35628,0
2.6052,1.72706,0
1.70325,1.49348,0
-0.60914,-0.01025,0
3.74062,0.21907,0
2.5042,1.8358,0
0.64721,-1.96992,0
1.39493,-1.36635,0
1.8012,1.47798,0
1.08808,-1.72767,0
1.26582,-1.47458,0
2.31579,1.9659,0
0.56221,-1.63948,0
3.87404,0.06447,0
1.534,-1.48735,0
0.38365,-1.74487,0
1.69685,1.53414,0
0.6706,-1.66164,0
1.60807,-1.44368,0
2.32623,1.87501,0
0.78576,-1.76697,0
0.7878,-1.88443,0
0.55615,-1.63085,0
3.767,0.04662,0
-0.5698,-0.00476,0
0.56889,-2.04731,0
0.8909,-1.52919,0
2.63416,1.95298,0
-0.59061,-0.19487,0
3.77329,0.20733,0
1.95805,1.50361,0
2.58326,1.9022,0
3.72839,0.10914,0
0.89395,-1.68457,0
0.71681,-1.93724,0
1.23912,-1.6214,0
1.50825,-1.37904,0
0.51008,-1.91007,0
0.56035,-1.80003,0
3.67869,0.17127,0
2.64907,1.91999,0
0.35738,-1.76511,0
0.32213,-1.70699,0
1.98074,1.65721,0
2.14728,1.53895,0
3.78688,0.16411,0
2.16788,1.54731,0
2.16708,1.7207,0
0.84329,-1.60193,0
1.67486,1.49302,0
1.96096,1.6013,0
1.63621,-1.3361,0
2.06472,1.74035,0
1.29115,-1.47448,0
-0.58589,-0.08568,0
1.29645,-1.48018,0
1.66233,1.50232,0
2.07052,1.65164,0
2.48121,1.80972,0
0.96335,-1.80965,0
1.09588,-1.52841,0
2.37814,1.99613,0
0.43181,-1.87734,0
0.59956,-2.08833,0
2.30678,1.80149,0
1.152,-1.6524,0
2.25694,1.82294,0
1.21177,-1.62608,0
1.5776,1.47842,0
2.56323,1.73671,0
2.21491,1.63507,0
2.13533,1.63933,0
2.44241,1.86099,0
1.65313,1.47326,0
1.01657,-1.61164,0
2.45288,1.61031,0
2.2803,1.90057,0
2.28629,1.71818,0
2.60945,1.67391,0
-0.55957,-0.11703,0
2.37164,1.59748,0
3.69079,0.23705,0
2.24203,1.63363,0
1.08015,-1.62526,0
3.80953,0.05647,0
1.09373,-1.76122,0
1.79249,1.61494,0
2.33164,1.68817,0
0.48802,-1.67831,0
0.93346,-1.86905,0
2.63886,1.87409,0
0.34195,-1.69317,0
0.77123,-1.58196,0
0.83447,-1.69049,0
0.51311,-1.75781,0
2.29539,1.66579,0
0.52897,-2.03133,0
2.17108,1.73896,0
0.36343,-1.71331,0
2.36945,1.64306,0
0.86051,-1.89469,0
2.42392,1.70541,0
0.67802,-1.93288,0
3.75449,0.23335,0
1.28563,-1.60328,0
2.69873,1.76169,0
1.91489,1.6149,0
2.1849,1.80355,0
1.09766,-1.57433,0
0.66799,-1.61491,0
0.72803,-1.93046,0
-0.67059,-0.15564,0
0.43391,-1.82217,0
2.58936,2.10096,0
-0.68437,-0.18253,0
1.86899,1.5853,0
3.70561,0.1138,0
1.5255,-1.44011,0
3.82272,0.17038,0
0.87397,-1.90597,0
3.74859,0.20181,0
2.54992,1.75006,0
2.18587,1.6614,0
3.78836,0.20846,0
0.81368,-1.90098,0
1.94249,1.60502,0
1.49845,1.33792,0
0.41356,-1.75334,0
2.59016,2.04337,0
2.66322,1.93806,0
1.39526,1.36157,0
0.5621,-1.93517,0
0.47141,-1.75902,0
1.20681,-1.64994,0
1.3733,-1.42249,0
0.53113,-1.77316,0
0.50189,-1.75589,0
3.71377,0.12839,0
0.75093,-1.95664,0
0.55434,-1.76046,0
1.24281,-1.52368,0
1.15779,-1.46718,0
2.16945,1.77248,0
1.04361,-1.66875,0
3.70017,0.1395,0
-0.63744,-0.11796,0
1.0303,-1.81992,0
1.06959,-1.61017,0
1.85074,1.59972,0
2.49867,1.96837,0
0.62931,-2.01826,0
2.27953,1.9339,0
0.87983,-1.74663,0
0.46198,-1.92019,0
1.60106,1.36356,0
1.14897,-1.71463,0
1.4979,-1.36661,0
2.57456,1.8116,0
2.02835,1.483,0
0.47596,-1.94616,0
0.57507,-1.92913,0
1.13734,-1.5008,0
2.3608,1.73528,0
0.51101,-1.63604,0
2.75485,1.81758,0
2.55396,1.793,0
0.55889,-2.03147,0
0.88619,-1.82422,0
-0.75023,-0.08734,0
1.48533,-1.46129,0
2.08533,1.75196,0
0.84301,-1.67759,0
2.27338,1.91616,0
2.50296,2.08792,0
0.57305,-1.75682,0
-0.68595,-0.18184,0
3.83303,0.12933,0
0.51785,-1.66677,0
-0.57037,0.03906,0
1.22555,-1.61261,0
0.78386,-1.84988,0
1.70135,1.47675,0
1.16013,-1.49365,0
1.69675,1.51791,0
2.19776,1.68429,0
0.52475,-1.77036,0
2.3349,1.85858,0
2.51668,1.62577,0
0.71913,-1.95553,0
1.82956,1.5515,0
-0.66156,-0.12998,0
1.06459,-1.75808,0
0.80906,-1.94806,0
2.16913,1.70641,0
2.65952,1.73444,0
2.52306,2.01167,0
1.20548,-1.42507,0
1.54649,-1.40894,0
0.72368,-2.019,0
2.37744,1.97978,0
1.47845,1.44044,0
1.01571,-1.81165,0
0.58568,-1.79419,0
2.31877,1.85661,0
1.54568,1.32598,0
-0.5445,-0.01994,0
2.07532,1.63972,0
1.35148,-1.43545,0
0.56085,-2.05799,0
2.30521,1.79744,0
1.1857,-1.52013,0
1.03359,-1.48853,0
2.66403,1.71682,0
2.32434,1.67028,0
1.8098,1.44135,0
1.03589,-1.65318,0
0.89824,-1.82213,0
1.74146,1.41314,0
2.49565,1.81187,0
-0.74699,-0.07474,0
-0.65425,-0.10972,0
0.47347,-1.86579,0
-0.76044,-0.05884,0
1.48588,1.44876,0
0.58496,-1.93549,0
0.41004,-1.6729,0
1.86964,1.57395,0
2.27616,1.66509,0
2.05369,1.77949,0
0.41037,-1.81752,0
-0.63645,-0.0852,0
0.73645,-1.73643,0
2.0858,1.60299,0
0.47869,-1.79688,0
0.71083,-1.58075,0
1.17824,-1.55871,0
0.91445,-1.58152,0
1.68481,1.37418,0
0.75378,-1.83707,0
0.3974,-1.73749,0
0.48533,-1.76493,0
2.14014,1.51389,0
-0.63848,-0.01023,0
3.71122,0.29736,0
2.69132,1.77844,0
2.65637,1.70856,0
0.85795,-1.82262,0
0.53391,-1.88531,0
2.6331,1.70298,0
2.64816,1.73455,0
0.75645,-1.91254,0
2.4149,1.80446,0
1.43306,-1.37556,0
0.42258,-1.79996,0
1.18982,-1.62999,0
2.7132,1.81307,0
2.24066,1.73746,0
0.59418,-1.83928,0
1.69959,-1.34891,0
1.12336,-1.65149,0
2.7112,1.76825,0
1.79285,1.44881,0
2.63048,1.99752,0
0.78922,-1.62452,0
0.82102,-1.61862,0
0.90136,-1.77271,0
2.38374,1.94503,0
1.16558,-1.55089,0
3.69149,-0.00517,0
0.72843,-1.62608,0
2.2973,1.61353,0
0.52685,-1.76535,0
2.261,1.57239,0
0.88915,-1.8976,0
1.4804,-1.44762,0
2.37132,1.81524,0
0.40605,-1.81754,0
2.37124,2.02269,0
2.25388,1.84937,0
0.62031,-1.98135,0
2.21711,1.67428,0
1.60113,-1.32079,0
0.91136,-1.57833,0
1.81322,1.65178,0
1.95821,1.75255,0
2.27728,1.64044,0
2.3475,1.58678,0
2.4912,1.87415,0
0.89698,-1.7036,0
2.07548,1.52999,0
3.79734,0.0693,0
2.04854,1.81613,0
0.67764,-1.85128,0
2.68644,1.75145,0
1.70965,1.52509,0
-0.62738,-0.00069,0
2.58735,1.95336,0
0.34028,-1.7362,0
3.69441,0.10166,0
0.83489,-1.85876,0
2.39607,1.91874,0
2.6991,1.89627,0
1.10456,-1.68989,0
0.7006,-1.73082,0
1.03568,-1.75445,0
2.16543,1.84045,0
3.81099,0.05895,0
1.4753,-1.51457,0
2.29291,1.74644,0
1.61523,1.44497,0
1.23948,-1.64235,0
2.05952,1.64408,0
-0.57809,-0.12922,0
1.54373,1.31432,0
1.44941,-1.36281,0
0.9799,-1.82769,0
1.48082,-1.50809,0
3.70737,0.14904,0
3.83694,0.16705,0
1.50068,1.32605,0
0.94418,-1.8293,0
2.3656,1.63813,0
1.93783,1.73255,0
1.91093,1.54941,0
2.1297,1.77876,0
1.45145,-1.51684,0
1.32645,-1.37654,0
2.62033,2.02687,0
2.46286,1.65343,0
2.67594,1.85002,0
2.0362,1.77988,0
2.56961,1.74585,0
1.85203,1.54077,0
1.25219,-1.58875,0
1.91467,1.50743,0
2.06468,1.54084,0
2.03357,1.53976,0
1.50944,1.34751,0
0.69006,-1.59234,0
2.01179,1.6934,0
2.33032,1.66249,0
2.37364,1.7385,0
2.152,1.61464,0
2.62104,1.73736,0
2.27416,1.75362,0
1.64845,1.35896,0
2.37022,1.82377,0
1.46775,1.31919,0
2.1465,1.76168,0
2.71801,1.88655,0
1.70458,1.47181,0
1.07704,-1.59106,0
1.8117,1.64861,0
-0.69778,0.00571,0
0.82324,-1.67033,0
2.30613,1.60262,0
1.98874,1.69088,0
1.53278,-1.42818,0
1.77273,1.43368,0
0.60468,-2.06557,0
0.83371,-1.54432,0
2.09718,1.81136,0
-0.76532,-0.02913,0
-0.59216,-0.03215,0
-0.67556,-0.11483,0
2.35276,1.80347,0
1.54584,-1.34653,0
2.04142,1.75843,0
0.84637,-1.93867,0
1.11019,-1.57959,0
1.5661,1.42177,0
0.91101,-1.75987,0
0.85601,-1.80141,0
0.75047,-1.65319,0
1.27551,-1.39878,0
2.32032,1.74601,0
0.61793,-1.87657,0
2.01278,1.72747,0
0.64271,-2.05513,0
0.71885,-1.84651,0
2.62007,1.95348,0
-0.68207,-0.02923,0
-0.6597,-0.1589,0
1.80702,1.61733,0
2.64448,1.87271,0
-0.70272,-0.02186,0
0.65773,-1.85823,0
1.7828,1.44089,0
1.31902,-1.37952,0
0.5481,-1.8799,0
0.57593,-1.68239,0
1.6052,1.4897,0
0.62623,-1.75787,0
0.50043,-1.67326,0
0.61991,-2.07027,0
2.37516,1.66181,0
1.34087,-1.42201,0
2.69634,1.8363,0
-0.5551,-0.13886,0
2.44796,1.86007,0
0.49032,-1.87031,0
1.48646,-1.48022,0
3.67428,0.17685,0
1.72452,1.54816,0
2.24833,1.89817,0
2.04305,1.58483,0
0.6317,-2.04484,0
1.60804,-1.42856,0
2.76353,1.76764,0
1.22564,-1.41567,0
0.55377,-1.90843,0
-0.55323,-0.12908,0
2.58507,1.69223,0
0.72076,-1.95319,0
1.79945,1.60645,0
2.78045,1.76985,0
1.91996,1.66678,0
1.71434,1.46686,0
2.37301,1.6592,0
0.69072,-1.73335,0
1.59861,-1.32757,0
2.29726,1.91461,0
0.55943,-1.65596,0
1.14001,-1.62472,0
3.71048,-0.0619,0
0.96005,-1.75662,0
-0.61657,0.00014,0
3.78195,0.15723,0
2.24572,1.875,0
0.47757,-1.72824,0
2.73866,1.81332,0
-0.63947,-0.20575,0
2.66128,1.7717,0
0.42757,-1.87798,0
0.80601,-1.7183,0
0.57886,-2.09143,0
1.12311,-1.50725,0
0.38879,-1.69061,0
0.6265,-1.73408,0
1.59734,-1.37521,0
1.82289,1.49241,0
2.30376,1.89274,0
1.72384,1.39443,0
2.11369,1.6256,0
2.00698,1.63612,0
3.85742,0.15157,0
0.55791,-2.08864,0
0.45039,-1.78917,0
2.36411,1.92546,0
1.60707,-1.35719,0
1.44097,-1.49862,0
1.55513,1.45567,0
0.54132,-1.77441,0
0.42408,-1.6837,0
1.12094,-1.54052,0
1.29978,-1.57303,0
0.71437,-1.86419,0
1.99797,1.60916,0
2.26053,1.61734,0
1.25415,-1.59349,0
1.24368,-1.66618,0
1.56317,-1.33168,0
1.13549,-1.65616,0
2.54916,1.98539,0
1.5433,1.33714,0
2.31491,1.62003,0
0.71637,-1.58489,0
-0.59268,-0.04943,0
0.75057,-1.83634,0
0.53438,-1.67358,0
0.57649,-2.00117,0
0.69004,-1.77585,0
-0.61138,0.01746,0
0.62744,-1.66135,0
1.0101,-1.48365,0
2.48198,1.64281,0
0.36244,-1.79679,0
2.57705,1.92941,0
-0.5883,-0.18768,0
-0.6139,-0.0978,0
1.27385,-1.55932,0
2.24084,1.81861,0
2.48816,1.8392,0
3.72257,-0.05683,0
2.4586,1.87671,0
1.76897,1.52883,0
3.72599,-0.06795,0
3.80481,0.04382,0
0.76131,-1.65904,0
0.39506,-1.79681,0
2.50882,1.92934,0
2.47225,1.94161,0
0.62684,-1.96412,0
0.66396,-1.95871,0
1.58339,1.49171,0
2.48535,1.64604,0
2.23676,1.63395,0
1.03064,-1.80204,0
-0.59552,-0.07465,0
2.42223,1.90989,0
3.82009,0.12622,0
2.496,2.08704,0
2.56672,2.05657,0
2.43849,1.95826,0
1.6433,-1.3464,0
2.24203,1.94454,0
2.0001,1.60074,0
2.42509,1.64305,0
2.443,2.00408,0
2.75016,1.72697,0
-0.58013,-0.26047,0
2.49054,1.66889,0
1.41513,-1.37198,0
0.45791,-1.94275,0
2.54427,1.75004,0
1.68436,1.4028,0
0.51725,-1.65868,0
1.75787,1.58388,0
0.76483,-1.84561,0
2.22053,1.5873,0
0.76381,-1.83637,0
2.25815,1.90114,0
1.38035,-1.55368,0
2.68344,1.90289,0
1.48178,1.42755,0
1.0054,-1.63345,0
2.32295,1.78431,0
1.72862,1.4862,0
2.05309,1.64477,0
1.4152,-1.38524,0
1.41631,1.39451,0
2.62436,1.95044,0
1.50256,-1.34855,0
1.02528,-1.62512,0
1.93981,1.4804,0
-0.60651,-0.06681,0
0.96958,-1.73352,0
1.74834,-1.3494,0
1.87326,1.68659,0
1.97963,1.46239,0
2.5453,1.84288,0
1.76934,1.50826,0
1.57535,1.41375,0
1.31695,-1.41025,0
2.43121,1.937,0
-0.66951,-0.09759,0
0.62835,-1.98871,0
0.8102,-1.72491,0
1.51655,1.45239,0
0.884,-1.73894,0
1.4899,1.37997,0
0.70908,-1.89885,0
2.21734,1.88971,0
2.24652,1.90275,0
0.621,-1.93924,0
0.68604,-2.02123,0
2.39715,1.81886,0
0.67393,-2.00954,0
1.08709,-1.50436,0
1.04698,-1.60694,0
-0.55471,-0.0776,0
2.44197,1.59663,0
2.51002,2.09556,0
-0.60168,-0.16772,0
2.49808,1.72373,0
1.54793,-1.44757,0
1.76026,1.4879,0
1.65571,1.45785,0
0.57701,-1.79414,0
0.73619,-1.96297,0
2.44331,1.59979,0
1.29512,-1.61318,0
0.61318,-2.03935,0
1.14233,-1.54239,0
0.94956,-1.62318,0
2.58804,1.66608,0
-0.64232,0.00117,0
2.76354,1.84275,0
3.83321,0.16544,0
1.71039,1.52401,0
0.43859,-1.80977,0
2.1972,1.74782,0
2.69344,1.71213,0
1.23604,-1.61417,0
2.56433,2.1227,0
0.44716,-1.8782,0
-0.59112,-0.20684,0
3.7734,0.25096,0
1.36312,-1.50178,0
0.57512,-1.91384,0
1.09866,-1.56865,0
1.51916,-1.45531,0
0.62223,-1.90642,0
1.12112,-1.49313,0
2.18687,1.78381,0
0.7357,-1.90738,0
1.91463,1.61059,0
2.25798,1.78618,0
2.67646,1.80043,0
0.91549,-1.57647,0
-0.58203,-0.00824,0
3.70727,0.23728,0
2.28767,1.88116,0
0.73499,-1.85168,0
2.50433,1.88849,0
2.50778,1.80226,0
2.13288,1.60176,0
0.73774,-2.00212,0
2.56817,1.87433,0
0.69011,-1.67198,0
0.45867,-1.72776,0
3.68315,0.10771,0
1.15713,-1.59746,0
2.04272,1.53391,0
2.20262,1.68299,0
0.85099,-1.67157,0
1.73193,1.46143,0
0.59269,-2.05926,0
-0.65948,-0.04583,0
2.01009,1.5919,0
2.13372,1.72555,0
3.75626,-0.02583,0
2.46762,1.70732,0
1.96692,1.76294,0
1.36164,-1.53455,0
2.63261,1.70606,0
0.92599,-1.63096,0
1.61635,1.39974,0
1.37094,-1.52636,0
0.5543,-2.04672,0
2.41492,1.80354,0
1.90253,1.55821,0
2.8029,1.77946,0
1.66156,1.56438,0
0.96448,-1.55643,0
1.1996,-1.54396,0
-0.56944,-0.18785,0
0.67479,-1.80281,0
1.00611,-1.65811,0
1.39865,1.39425,0
2.359,1.78151,0
-0.60211,0.07741,0
2.49652,1.86864,0
1.94575,1.56798,0
2.08125,1.79233,0
2.11088,1.58168,0
1.48441,-1.4367,0
0.7009,-1.65998,0
0.75683,-1.96451,0
1.36756,1.36186,0
0.96289,-1.50698,0
1.82879,1.63815,0
0.60757,-1.77978,0
0.6937,-1.79182,0
1.5258,-1.37238,0
0.57864,-1.79787,0
1.9598,1.75873,0
2.38962,1.86677,0
1.43174,-1.37657,0
-0.71533,-0.12604,0
1.65559,1.38654,0
0.55983,-2.09126,0
0.44244,-1.78794,0
0.7568,-1.91341,0
1.31781,-1.38071,0
0.51727,-1.89835,0
1.87123,1.48104,0
2.37884,1.58157,0
1.1015,-1.65187,0
0.70788,-1.95353,0
0.67463,-1.71582,0
2.56357,1.95391,0
1.40076,-1.52043,0
0.40581,-1.7185,0
1.864,1.60911,0
2.18175,1.60215,0
0.78658,-1.89,0
2.42661,1.64916,0
1.5315,1.39945,0
1.23326,-1.44795,0
0.7838,-1.93629,0
1.8194,1.54091,0
1.35416,-1.50818,0
2.68237,1.72264,0
0.43961,-1.67993,0
2.35961,1.84947,0
1.43773,-1.36794,0
1.08935,-1.55773,0
2.67687,1.91177,0
2.57487,1.90924,0
1.46148,-1.52964,0
1.53742,-1.4532,0
1.50084,1.38913,0
0.62269,-1.66778,0
2.18756,1.7183,0
1.42069,-1.38857,0
0.965,-1.72817,0
1.19403,-1.52954,0
1.75608,1.52531,0
2.41191,1.74651,0
-0.63928,-0.12209,0
1.59296,-1.3927,0
2.62039,1.91145,0
0.81272,-1.84334,0
-0.61176,-0.28445,0
1.82601,1.67201,0
2.23285,1.54769,0
1.39673,1.33191,0
2.47192,1.89923,0
0.33622,-1.75725,0
1.74899,1.47928,0
1.74186,1.3868,0
2.65146,1.89083,0
0.61665,-2.01347,0
2.27525,1.84245,0
0.52955,-1.76418,0
0.61945,-1.80869,0
3.79125,0.11386,0
1.45017,-1.39152,0
1.41396,-1.37527,0
1.67741,1.35697,0
2.60205,1.74266,0
1.53603,1.4272,0
2.40627,2.02259,0
2.30601,1.9292,0
1.00764,-1.82293,0
3.82534,0.2028,0
1.59734,-1.33419,0
0.65299,-1.9965,0
0.66359,-1.92864,0
0.95783,-1.83037,0
2.24291,1.92914,0
0.80114,-1.8569,0
0.64749,-1.63899,0
1.03186,-1.57864,0
3.75056,0.09824,0
0.86689,-1.62887,0
3.72481,-0.07301,0
2.4167,1.61552,0
-0.60805,0.02027,0
0.6076,-1.87152,0
1.38085,-1.42047,0
2.16327,1.72353,0
0.68628,-1.68935,0
2.13623,1.60893,0
2.57059,1.73914,0
1.65407,-1.32148,0
0.5324,-1.88314,0
2.44277,2.05475,0
2.35143,1.74598,0
1.65099,1.36493,0
1.06561,-1.45922,0
2.34784,1.92108,0
0.8419,-1.88305,0
2.30109,1.85996,0
2.64001,1.66616,0
1.64843,1.34741,0
1.05996,-1.71186,0
1.33185,-1.4907,0
-0.72103,-0.05116,0
1.19035,-1.46925,0
0.42176,-1.6844,0
0.95263,-1.55996,0
1.9788,1.64708,0
2.46031,1.68716,0
3.71175,0.215,0
1.39152,-1.57355,0
0.51947,-1.81348,0
0.87445,-1.73457,0
2.14579,1.847,0
0.98371,-1.61696,0
0.55828,-1.96551,0
0.47259,-1.66867,0
0.90946,-1.77803,0
0.88033,-1.80546,0
3.66178,0.14571,0
1.89569,1.43838,0
1.52087,1.44593,0
3.80203,0.07006,0
3.70471,-0.06599,0
2.69086,1.71023,0
1.74771,1.60872,0
1.8925,1.60867,0
0.66925,-1.59153,0
0.79835,-1.69196,0
3.76437,0.14632,0
1.03143,-1.59349,0
0.96909,-1.69278,0
2.32725,1.73597,0
2.05402,1.48018,0
0.50181,-1.90343,0
3.76482,0.1357,0
2.13364,1.81877,0
0.64973,-1.6106,0
0.62757,-1.67921,0
3.79167,0.15303,0
1.90979,1.43575,0
1.29788,-1.55794,0
3.7493,0.13341,0
-0.60987,0.02933,0
2.29017,1.74875,0
3.79399,0.00698,0
0.77847,-1.87939,0
2.42878,1.6378,0
0.71882,-1.57178,0
1.67617,-1.33973,0
1.50635,1.31159,0
2.54117,2.07638,0
2.5428,2.13087,0
1.53722,1.45081,0
-0.60118,-0.26079,0
2.60232,1.74518,0
2.4832,1.94927,0
0.6252,-1.98036,0
1.71427,-1.3172,0
3.7903,0.15189,0
1.4451,-1.49251,0
2.57409,1.84874,0
0.88032,-1.84477,0
2.62166,1.84703,0
1.47824,-1.3415,0
3.67335,0.00772,0
0.60371,-2.03983,0
0.68811,-1.83842,0
2.47115,1.87439,0
0.81442,-1.78052,0
2.14439,1.57674,0
1.14682,-1.48144,0
2.49674,1.67531,0
1.45888,1.37131,0
2.73524,1.69826,0
1.63248,1.45725,0
2.59896,1.90328,0
0.57318,-1.92716,0
1.50947,-1.33889,0
1.5781,1.46665,0
1.82759,1.47229,0
3.70185,0.26711,0
3.68875,0.25472,0
2.66033,1.7392,0
0.99715,-1.61229,0
-0.70904,-0.11671,0
0.61515,-1.72665,0
-0.70804,-0.14292,0
-0.62846,-0.18803,0
2.192,1.61403,0
1.85452,1.45594,0
2.40575,1.95477,0
1.86068,1.42003,0
1.57168,-1.46815,0
1.57522,-1.30799,0
3.69326,0.19004,0
-0.60601,-0.28352,0
1.79913,1.44553,0
1.08747,-1.46772,0
2.57548,2.1109,0
2.71448,1.83578,0
2.57337,2.05887,0
2.33562,1.6618,0
2.41226,1.82795,0
-0.56218,-0.04474,0
0.61885,-1.73681,0
0.69998,-1.98761,0
2.49209,1.61363,0
0.67854,-2.02797,0
2.50216,1.87798,0
2.08243,1.66406,0
3.79157,0.10082,0
0.80653,-1.91179,0
-0.6112,-0.08096,0
2.34699,1.66496,0
0.59796,-1.81805,0
1.04136,-1.52047,0
1.0452,-1.63729,0
3.8246,0.06483,0
1.10585,-1.70381,0
0.89024,-1.79972,0
0.45033,-1.75205,0
1.02859,-1.67385,0
0.67719,-1.91599,0
1.7772,1.42167,0
3.73153,0.07338,0
1.62193,-1.37342,0
2.41624,1.7611,0
2.68933,1.75265,0
2.00704,1.68477,0
1.5816,1.36457,0
1.17964,-1.69096,0
2.21837,1.7922,0
2.5016,1.7073,0
3.83028,0.0039,0
1.5323,-1.38858,0
1.97404,1.75888,0
1.93198,1.57461,0
2.65609,1.97132,0
0.56563,-1.7298,0
-0.59915,-0.16563,0
2.57909,1.90393,0
3.71084,0.35501,0
0.77852,-1.56694,0
1.49654,1.40366,0
2.74292,1.86052,0
2.46094,1.94985,0
0.78407,-1.74225,0
1.99229,1.6668,0
1.15994,-1.60239,0
1.18841,-1.44416,0
2.51936,2.0759,0
1.39952,-1.47371,0
1.12307,-1.53899,0
2.01424,1.74967,0
1.95072,1.48166,0
0.79529,-1.69331,0
-0.64942,-0.22377,0
1.10705,-1.53701,0
0.42336,-1.74931,0
0.44555,-1.6559,0
1.98153,1.60788,0
2.30007,1.57671,0
2.74266,1.80234,0
3.71035,0.1253,0
0.97874,-1.77219,0
2.55819,1.63603,0
2.67288,1.8056,0
-0.57319,-0.24638,0
-0.61867,0.01575,0
1.37127,-1.4008,0
2.59808,2.09544,0
2.59772,2.01041,0
2.11222,1.69555,0
2.23513,1.75677,0
2.1751,1.60844,0
0.57539,-2.02058,0
2.67501,1.88775,0
1.39638,-1.57818,0
1.82257,1.62274,0
3.76909,0.08285,0
1.45388,1.4245,0
0.66876,-1.64789,0
0.54994,-1.99781,0
3.80569,0.17298,0
3.72888,0.17045,0
2.27411,1.84926,0
0.93528,-1.5344,0
3.7377,-0.04354,0
1.43584,-1.36767,0
2.52402,1.90753,0
3.78138,0.12557,0
-0.60921,-0.02834,0
0.72778,-1.70657,0
0.76556,-1.79069,0
1.71628,1.41927,0
1.30275,-1.5023,0
2.44833,1.74191,0
2.52015,1.66778,0
2.04772,1.50328,0
1.8391,1.48216,0
3.74735,0.13777,0
1.28738,-1.64466,0
2.58175,2.00131,0
0.81572,-1.5368,0
2.50465,1.78867,0
1.23617,-1.46114,0
0.43423,-1.73406,0
1.917,1.65845,0
2.2706,1.68767,0
0.774,-1.60271,0
1.26715,-1.4999,0
2.26203,1.56445,0
0.78944,-1.78626,0
2.10235,1.69898,0
2.44138,1.7049,0
-0.59523,-0.17569,0
1.99074,1.61296,0
-0.64254,-0.09794,0
2.33273,1.64796,0
2.10482,1.52692,0
0.94637,-1.5754,0
1.07304,-1.75901,0
1.62967,1.35836,0
2.55838,2.11411,0
0.87675,-1.61517,0
0.56694,-1.79769,0
2.49054,2.06296,0
0.42354,-1.88887,0
1.72622,1.53588,0
0.83902,-1.88419,0
0.37432,-1.77822,0
1.43828,-1.50477,0
2.16707,1.81527,0
2.35806,1.69025,0
1.85182,1.42914,0
1.33529,-1.60665,0
1.6229,-1.34793,0
1.99487,1.47825,0
1.06373,-1.79254,0
0.48181,-1.86634,0
0.96414,-1.76795,0
2.06256,1.73278,0
0.44017,-1.80043,0
2.39609,1.72595,0
2.33426,1.87218,0
2.50577,2.06659,0
0.42591,-1.74997,0
-0.65926,0.06073,0
0.56848,-1.93173,0
2.4328,1.98043,0
1.33175,-1.61868,0
1.6526,1.56072,0
1.27467,-1.46298,0
2.55573,1.92418,0
0.85537,-1.5617,0
1.90045,1.57444,0
-0.57905,-0.09235,0
2.45966,1.67843,0
2.64734,1.96447,0
-0.66336,-0.04257,0
2.19272,1.88372,0
1.19093,-1.65564,0
1.10617,-1.66491,0
1.19866,-1.67451,0
2.03203,1.59168,0
1.72953,1.4963,0
1.9698,1.61582,0
0.5605,-1.8863,0
2.33061,1.93846,0
0.66212,-1.68312,0
1.72579,1.42039,0
3.78608,0.05147,0
0.93045,-1.51302,0
0.65535,-1.89589,0
1.56677,-1.44028,0
1.31536,-1.47527,0
0.86635,-1.6505,0
0.77075,-1.80732,0
1.71398,1.39471,0
2.10112,1.53156,0
3.67911,0.1221,0
1.33199,-1.39169,0
2.36898,1.89806,0
3.86077,0.14846,0
2.44212,2.02094,0
1.82815,1.60932,0
3.73277,0.23877,0
1.29568,-1.41059,0
1.16506,-1.4438,0
1.61877,1.39548,0
3.76251,0.25188,0
-0.7338,-0.09279,0
0.80003,-1.75944,0
2.51018,1.73002,0
0.75433,-1.68297,0
2.3114,1.94255,0
1.39373,-1.37626,0
1.70522,-1.32899,0
1.22738,-1.65025,0
2.14618,1.52031,0
3.88138,0.08771,0
2.18051,1.79168,0
1.60424,1.34615,0
1.52064,1.38363,0
1.11767,-1.70963,0
2.10301,1.76936,0
-0.69803,-0.05093,0
2.13347,1.73125,0
2.0324,1.69566,0
1.89318,1.49236,0
2.44877,2.01035,0
2.72573,1.76588,0
1.97164,1.46661,0
1.46731,1.37678,0
3.68989,0.11317,0
0.57412,-2.10656,0
3.86579,0.08446,0
2.23452,1.56731,0
0.35158,-1.69668,0
2.54177,2.02946,0
2.24338,1.63759,0
3.73738,0.18842,0
0.99089,-1.73259,0
1.29143,-1.51014,0
0.72543,-1.9838,0
0.8436,-1.75984,0
2.57163,2.09327,0
1.8133,1.40625,0
1.39111,-1.43371,0
0.55534,-1.8674,0
1.64046,-1.32837,0
0.49909,-1.93545,0
0.52518,-1.91947,0
0.76514,-1.96553,0
0.7537,-1.6948,0
2.49276,2.08794,0
2.46109,1.64865,0
2.55361,1.93141,0
1.47625,-1.37267,0
-0.59427,-0.238,0
0.73322,-1.64908,0
0.99991,-1.79106,0
2.53597,1.85973,0
2.24969,1.72041,0
1.09539,-1.67566,0
2.73476,1.77094,0
2.68704,1.92788,0
2.43295,1.85127,0
2.03876,1.48422,0
0.5544,-1.88852,0
0.38011,-1.70398,0
1.95397,1.50914,0
3.78355,0.10457,0
1.43472,-1.54501,0
2.17595,1.60252,0
1.59619,1.50873,0
1.25476,-1.41485,0
2.53847,1.99594,0
1.21995,-1.69299,0
1.28016,-1.58983,0
1.63083,1.47393,0
2.54037,1.88225,0
1.97301,1.48104,0
2.66447,1.70667,0
0.72961,-1.9131,0
1.72129,1.56451,0
3.70748,0.05631,0
1.57331,1.40927,0
1.65883,1.50725,0
0.91043,-1.60412,0
1.0446,-1.76284,0
3.85287,0.02744,0
0.79086,-1.96031,0
3.72842,0.23565,0
0.53765,-1.63429,0
1.35705,1.35136,0
2.60068,1.71857,0
3.73791,0.28941,0
1.35478,-1.58492,0
2.70308,1.71342,0
2.27027,1.57934,0
2.42622,1.82742,0
1.39041,-1.4737,0
1.39994,1.3558,0
0.80254,-1.69343,0
1.54854,1.38741,0
1.65305,1.39818,0
2.27101,1.61647,0
0.51164,-1.87481,0
2.5624,1.65695,0
1.74054,1.41684,0
2.44207,2.05126,0
1.20127,-1.51936,0
-0.66225,0.01525,0
2.69004,1.79569,0
2.05307,1.69338,0
1.15502,-1.45821,0
2.27456,1.74315,0
3.86203,0.07488,0
0.44509,-1.85494,0
-0.77202,-0.01295,0
0.63846,-1.59994,0
1.79159,1.51158,0
1.66162,1.51107,0
3.78704,0.13552,0
2.50365,1.73402,0
2.38346,1.97318,0
2.58496,2.02467,0
3.78166,0.01911,0
1.77535,1.68254,0
2.20408,1.95963,0
1.75658,1.6515,0
-0.71612,-0.15412,0
2.05827,1.83913,0
0.81058,-1.9699,0
2.05117,1.8552,0
2.31551,2.00219,0
2.4773,2.1366,0
2.44199,2.09478,0
1.78756,-1.33475,0
0.69875,-2.06977,0
2.08606,1.88926,0
-0.67964,-0.23644,0
0.96567,-1.87556,0
1.22727,-1.72031,0
0.72206,-2.082,0
3.85983,0.20637,0
2.08804,1.89068,0
1.7375,-1.37858,0
1.55178,1.52519,0
0.92221,-1.9353,0
1.73936,1.65098,0
1.44207,-1.59045,0
1.29532,-1.69972,0
2.1934,1.97899,0
0.79703,-1.97382,0
-0.59659,-0.36105,0
1.72881,1.65525,0
1.98107,1.77845,0
2.18254,1.94798,0
1.61855,1.55695,0
1.77716,1.69156,0
0.82829,-2.01699,0
0.79373,-2.04841,0
1.75529,-1.35965,0
1.0981,-1.80889,0
-0.66103,-0.28269,0
1.14148,-1.77413,0
1.89448,1.75549,0
1.9916,1.8152,0
1.88219,1.7469,0
1.06791,-1.84447,0
-0.65955,-0.24676,0
-0.73771,-0.119,0
-0.63174,-0.29174,0
1.58456,-1.48297,0
2.30926,2.05906,0
1.65677,1.59921,0
0.81049,-1.98604,0
0.69852,-2.06736,0
1.0387,-1.86756,0
3.75655,0.33048,0
1.11551,-1.79197,0
0.70861,-2.05758,0
1.76875,1.68553,0
1.33938,-1.64555,0
1.76231,-1.36213,0
1.18506,-1.74423,0
0.7366,-2.01754,0
2.06726,1.85763,0
1.81936,1.69018,0
1.50761,-1.5285,0
2.3573,2.08229,0
3.91435,0.15099,0
1.77116,-1.36049,0
2.24485,1.98143,0
1.57142,-1.49136,0
1.25169,-1.7015,0
1.19766,-1.75125,0
1.40597,-1.61916,0
0.80512,-1.97885,0
0.95396,-1.92424,0
1.22844,-1.72585,0
0.96109,-1.91336,0
1.51674,1.47841,0
1.42397,1.42966,0
1.42102,1.415,0
1.87634,1.71793,0
3.89107,0.1773,0
0.82777,-2.00901,0
1.69265,-1.39165,0
-0.74557,-0.10111,0
2.01696,1.8326,0
3.75498,0.32724,0
0.86185,-1.94115,0
2.293,2.0151,0
1.85713,1.73181,0
2.19855,1.95211,0
2.15984,1.9387,0
1.53596,1.52228,0
2.08848,1.87704,0
1.59152,-1.46329,0
1.68392,-1.41727,0
0.79566,-2.0325,0
2.50819,2.13334,0
1.85968,1.74614,0
3.84661,0.21294,0
1.6031,-1.47138,0
2.15276,1.93196,0
0.80346,-1.99254,0
0.95931,-1.90282,0
1.99954,1.82513,0
2.00403,1.85015,0
3.7725,0.33978,0
-0.72375,-0.19612,0
0.73802,-2.05627,0
0.80958,-1.97191,0
1.9203,1.76051,0
1.13295,-1.7864,0
-0.70217,-0.23183,0
2.363,2.07863,0
3.77146,0.33325,0
2.30549,2.00637,0
1.40242,-1.58733,0
1.33525,-1.63005,0
-0.7358,-0.11233,0
1.68121,-1.41819,0
1.99384,1.78474,0
2.33862,2.07455,0
-0.59275,-0.35617,0
0.88791,-1.96233,0
3.72955,0.40264,0
1.49351,-1.52464,0
-0.61414,-0.3107,0
0.82595,-2.01512,0
-0.68234,-0.20949,0
3.85237,0.19661,0
1.50603,1.46813,0
1.22916,-1.7234,0
0.887,-1.94856,0
-0.71453,-0.16213,0
0.90137,-1.90938,0
3.72007,0.42651,0
1.1251,-1.78493,0
1.64795,-1.43274,0
2.36549,2.02723,0
1.21817,-1.74948,0
1.13431,-1.80656,0
-0.70276,-0.20158,0
2.36952,2.08452,0
3.89623,0.14385,0
2.16661,1.92434,0
3.79067,0.29956,0
1.11534,-1.80275,0
1.30994,-1.64743,0
2.35791,2.03864,0
1.99931,1.79047,0
1.97588,1.82674,0
0.88259,-1.95364,0
1.74198,1.65068,0
2.28926,1.97758,0
1.59521,1.53746,0
2.47394,2.14522,0
1.70289,1.62225,0
0.64006,-2.07862,0
2.18517,1.92909,0
2.22105,1.97599,0
-0.76028,-0.09739,0
1.1136,-1.78228,0
3.86023,0.1925,0
1.42408,-1.5842,0
0.98687,-1.86164,0
0.78388,-2.04295,0
-0.63222,-0.30331,0
1.45025,-1.57389,0
1.53323,1.5087,0
3.73977,0.34616,0
1.44316,1.44162,0
2.26159,2.02161,0
1.59958,1.54376,0
1.87972,1.73232,0
1.03444,-1.8192,0
-0.63523,-0.27313,0
1.27078,-1.71391,0
1.54335,1.51903,0
-0.73893,-0.16444,0
1.46933,1.44598,0
1.62383,1.56742,0
1.69827,1.61973,0
1.41065,-1.58157,0
1.81927,1.70561,0
0.63011,-2.08155,0
2.09153,1.86977,0
0.75205,-2.0161,0
1.86222,1.74777,0
1.72738,1.64299,0
1.10851,-1.78073,0
3.78017,0.32079,0
-0.74842,-0.13187,0
1.55122,1.53156,0
2.06669,1.8411,0
3.77114,0.33504,0
1.3502,-1.64256,0
0.90508,-1.95541,0
1.67556,-1.43181,0
-0.66735,-0.23776,0
1.28661,-1.68269,0
0.91688,-1.92772,0
1.07138,-1.80161,0
-0.7448,-0.11335,0
1.07392,-1.84311,0
1.39869,-1.60989,0
3.85751,0.18058,0
2.01454,1.82987,0
1.46853,1.46868,0
3.79177,0.32121,0
3.81145,0.26694,0
1.01173,-1.87851,0
-0.61907,-0.32817,0
1.53347,-1.51305,0
-0.63079,-0.31566,0
1.6213,1.55641,0
3.81627,0.26126,0
1.84545,1.72293,0
2.43382,2.13623,0
1.38777,-1.59324,0
0.84964,-1.98541,0
1.6664,-1.43818,0
1.78177,1.65887,0
1.03872,-1.87765,0
1.50947,-1.55016,0
1.55412,1.51093,0
-0.71484,-0.21233,0
1.09955,-1.79628,0
0.93725,-1.94566,0
2.23545,1.99862,0
2.2077,1.944,0
0.65205,-2.10391,0
1.56628,-1.49564,0
1.22507,-1.74248,0
1.51889,-1.53181,0
1.66896,-1.43827,0
1.18027,-1.76386,0
0.71528,-2.05089,0
2.24961,2.00367,0
3.72345,0.38738,0
-0.71207,-0.15205,0
2.48176,2.13585,0
1.02619,-1.84575,0
0.62574,-2.08808,0
1.48567,-1.54037,0
2.16552,1.91003,0
-0.68329,-0.25149,0
2.16013,1.89957,0
1.37155,-1.62795,0
0.68156,-2.06092,0
-0.75643,-0.13989,0
2.18401,1.94361,0
0.7385,-2.06013,0
3.7953,0.30837,0
2.20873,1.97661,0
1.81084,1.7006,0
2.24527,1.97558,0
3.76562,0.324,0
1.56957,-1.47443,0
2.12896,1.89361,0
-0.74423,-0.1064,0
1.63048,-1.45511,0
1.5114,1.47836,0
2.45905,2.11825,0
1.72991,1.65078,0
3.73536,0.38214,0
0.65837,-2.08944,0
1.10299,-1.82804,0
2.05668,1.86968,0
1.20643,-1.73313,0
3.84692,0.1856,0
1.02434,-1.82948,0
2.39654,2.12056,0
0.97181,-1.92147,0
1.36346,1.39674,0
3.74082,0.36028,0
2.25607,2.01033,0
1.76446,1.67538,0
0.69977,-2.07695,0
3.86601,0.15497,0
-0.67606,-0.26442,0
0.93372,-1.93228,0
2.39652,2.08431,0
0.84097,-1.98347,0
3.84605,0.19828,0
1.58437,1.53559,0
0.9272,-1.94379,0
1.25689,-1.69636,0
0.80581,-2.02224,0
1.68088,-1.41319,0
1.0151,-1.83171,0
0.74706,-2.04683,0
0.86323,-1.95488,0
2.4326,2.11451,0
2.32774,2.06833,0
1.61646,1.55661,0
1.04916,-1.84356,0
2.25877,2.02211,0
1.01672,-1.8388,0
1.71132,-1.40093,0
2.46191,2.12764,0
1.88141,1.71824,0
0.72823,-2.02678,0
1.18913,-1.77197,0
1.33159,1.37053,0
2.47322,2.10066,0
2.77974,1.83106,0
2.77188,1.88402,0
-0.71631,0.03714,0
2.68995,1.99674,0
-0.61055,0.12296,0
2.80957,1.78728,0
0.4861,-2.00446,0
0.34534,-1.81116,0
-0.71803,0.04528,0
2.81528,1.77502,0
3.8612,-0.01718,0
-0.68628,0.10112,0
0.46517,-1.98659,0
2.66192,2.05324,0
0.44934,-1.9426,0
-0.60326,0.11166,0
-0.63954,0.07613,0
-0.59465,0.15069,0
3.81777,-0.02841,0
3.71641,-0.09375,0
3.84274,0.00262,0
2.8299,1.75352,0
0.44263,-1.94222,0
3.83694,-0.01509,0
2.7694,1.87905,0
2.62228,2.09633,0
3.80261,-0.05145,0
2.76151,1.89544,0
-0.67272,0.10768,0
3.88172,-0.00486,0
2.83231,1.76332,0
3.7451,-0.0652,0
-0.69525,0.06882,0
-0.60688,0.12271,0
-0.71669,0.07761,0
-0.69145,0.08929,0
3.84358,-0.0028,0
2.63638,2.08551,0
-0.68673,0.05889,0
2.6901,1.97535,0
2.79213,1.80584,0
2.79177,1.8401,0
3.90092,0.00675,0
2.795,1.80327,0
0.3537,-1.8108,0
3.84113,-0.0022,0
2.7393,1.93071,0
-0.73724,0.04781,0
3.75969,-0.06504,0
2.63111,2.07263,0
-0.75171,0.01911,0
0.5161,-2.08566,0
0.48576,-2.03621,0
3.85194,-0.02004,0
-0.7262,0.04385,0
0.45056,-1.96469,0
0.47033,-1.99131,0
3.84852,-0.03217,0
-0.76893,0.01792,0
3.87976,-0.02357,0
3.83712,-0.03763,0
-0.73845,0.01831,0
0.47816,-1.98454,0
0.33273,-1.7824,0
0.48076,-2.00673,0
2.61668,2.11539,0
3.86754,-0.03127,0
3.72368,-0.10445,0
3.71775,-0.10409,0
3.82002,-0.05892,0
-0.7349,0.02627,0
2.84238,1.73598,0
2.65603,2.03552,0
0.43464,-1.92492,0
2.68517,2.00168,0
0.3277,-1.8114,0
-0.66767,0.15211,0
-0.69823,0.123,0
3.82721,-0.08385,0
2.71471,2.02011,0
-0.73374,0.09877,0
3.85948,-0.08807,0
-0.59881,0.17036,0
3.79772,-0.08762,0
3.75847,-0.11455,0
2.67736,2.05014,0
3.81508,-0.09895,0
2.71986,1.9948,0
2.6719,2.05182,0
3.86927,-0.057,0
-0.73141,0.08372,0
0.34935,-1.82439,0
-0.74383,0.09883,0
0.40048,-1.93855,0
2.7804,1.89198,0
-0.60299,0.1691,0
-0.73718,0.08659,0
-0.6122,0.18914,0
2.81307,1.85891,0
0.40839,-1.93676,0
2.75664,1.91339,0
2.77964,1.89208,0
2.70872,1.98774,0
0.43175,-1.9703,0
3.87983,-0.07756,0
3.89252,-0.06175,0
-0.65982,0.15197,0
2.80193,1.86394,0
-0.69188,0.10447,0
0.3501,-1.84847,0
3.7791,-0.13636,0
0.46316,-2.02563,0
2.6744,2.08802,0
2.72458,2.0075,0
3.79884,-0.12339,0
0.34214,-1.83474,0
2.74948,1.94731,0
0.40683,-1.91315,0
2.82906,1.79876,0
0.38806,-1.89865,0
0.27881,-1.71444,0
-0.62552,0.1591,0
3.91526,-0.03196,0
-0.60677,0.19216,0
-0.61154,0.17321,0
2.70886,2.03364,0
3.91541,-0.02732,0
-0.60746,0.18654,0
3.89122,-0.03328,0
2.65807,2.07719,0
-0.67364,0.11631,0
3.76971,-0.11155,0
0.42896,-1.97179,0
0.41394,-1.95238,0
3.8665,-0.04721,0
0.28099,-1.72824,0
-0.68475,0.10442,0
2.74022,1.95102,0
-0.62424,0.17491,0
3.89019,-0.06409,0
2.7395,1.98101,0
0.37485,-1.88664,0
-0.75163,0.09658,0
2.77214,1.91829,0
0.30847,-1.76617,0
-0.70775,0.14504,0
0.36869,-1.92601,0
3.86845,-0.15276,0
3.84389,-0.14871,0
3.81325,-0.19593,0
3.84527,-0.1115,0
2.85086,1.83357,0
0.30455,-1.86416,0
3.76382,-0.24058,0
3.7912,-0.13602,0
2.7471,1.97786,0
0.33338,-1.90848,0
3.86281,-0.16072,0
3.86608,-0.1396,0
0.39932,-1.96068,0
-0.74922,0.20136,0
3.8179,-0.12434,0
3.74738,-0.25048,0
0.36814,-1.99527,0
3.74564,-0.22647,0
2.72583,2.01048,0
-0.74245,0.21453,0
3.78424,-0.21889,0
-0.75257,0.19885,0
-0.69082,0.24359,0
0.34492,-1.86136,0
3.90117,-0.15178,0
3.76014,-0.237,0
2.82241,1.88422,0
-0.71856,0.1748,0
0.36477,-1.99284,0
2.82448,1.84932,0
2.87045,1.83873,0
3.81214,-0.1434,0
-0.6548,0.26509,0
0.37858,-1.93042,0
2.89308,1.7847,0
3.86273,-0.13184,0
0.3359,-1.86689,0
0.29433,-1.77314,0
3.8049,-0.13673,0
-0.65963,0.2632,0
0.34035,-1.90746,0
3.77834,-0.21638,0
0.35492,-1.93188,0
-0.64524,0.17546,0
0.30589,-1.81469,0
2.81889,1.89875,0
-0.65656,0.23217,0
0.35859,-1.907,0
0.34501,-1.85485,0
0.36943,-1.90306,0
0.41122,-1.98342,0
3.75428,-0.24749,0
0.30809,-1.81324,0
0.38819,-1.98056,0
2.82007,1.85385,0
3.76357,-0.19539,0
0.28642,-1.76728,0
-0.65979,0.25132,0
0.27995,-1.78679,0
-0.77625,0.20852,0
0.3966,-1.95824,0
0.29616,-1.77435,0
2.79436,1.93967,0
2.77415,2.0049,0
2.8009,1.88583,0
3.84697,-0.18347,0
3.74377,-0.2402,0
0.27511,-1.77936,0
-0.71111,0.13539,0
3.8118,-0.15143,0
2.87755,1.82623,0
0.35154,-1.94964,0
2.77693,2.0195,0
0.2981,-1.84549,0
0.25301,-1.74704,0
0.37755,-1.92815,0
0.3302,-1.8802,0
0.24184,-1.75048,0
3.89025,-0.14662,0
0.26602,-1.80942,0
-0.66814,0.18524,0
3.81188,-0.14855,0
3.86553,-0.18897,0
2.87711,1.7571,0
0.30918,-1.88766,0
-0.70494,0.22053,0
-0.74438,0.20388,0
2.85254,1.85612,0
3.78411,-0.22549,0
0.32271,-1.83837,0
2.77609,2.04185,0
2.78116,1.9712,0
0.35372,-1.89813,0
3.74202,-0.16912,0
0.33734,-1.93619,0
0.40263,-1.94831,0
-0.6581,0.18581,0
3.83243,-0.16384,0
2.79706,1.9761,0
3.76075,-0.15219,0
3.90239,-0.15265,0
-0.64929,0.19273,0
-0.60601,0.19985,0
2.75447,1.98406,0
0.27507,-1.81925,0
2.86904,1.77177,0
2.74409,1.9995,0
2.85939,1.80166,0
0.3597,-1.91146,0
-0.7361,0.17564,0
3.74012,-0.20722,0
3.83151,-0.24954,0
0.28342,-1.92019,0
2.90708,1.80048,0
2.88807,1.94431,0
0.19736,-1.75949,0
0.26196,-1.91284,0
-0.68133,0.32276,0
3.80612,-0.28598,0
3.85835,-0.24347,0
2.89401,1.84898,0
3.78763,-0.24881,0
-0.6772,0.2886,0
2.93387,1.79389,0
0.24506,-1.77264,0
2.88221,1.87565,0
-0.73667,0.27663,0
2.8936,1.91019,0
0.28335,-1.87075,0
2.86856,1.87614,0
0.21904,-1.76154,0
2.91947,1.82593,0
-0.65864,0.3555,0
2.90899,1.81652,0
3.77711,-0.31,0
2.89628,1.92476,0
3.76617,-0.26265,0
2.95874,1.76802,0
-0.71999,0.28741,0
2.92548,1.81319,0
2.85372,1.90135,0
-0.66036,0.3589,0
0.25191,-1.82172,0
2.92785,1.82071,0
3.89133,-0.25799,0
3.7609,-0.27337,0
2.89047,1.90805,0
0.20005,-1.77123,0
0.24004,-1.796,0
0.29916,-1.89487,0
-0.7294,0.26393,0
-0.74283,0.32349,0
-0.73148,0.25207,0
0.3028,-1.91787,0
-0.71952,0.28865,0
3.77512,-0.30986,0
-0.71341,0.2917,0
2.93229,1.82082,0
-0.65415,0.31962,0
3.79783,-0.28243,0
2.91344,1.89855,0
-0.67897,0.26738,0
3.78618,-0.26037,0
-0.64873,0.34402,0
2.85612,1.96969,0
2.85193,1.93082,0
0.22518,-1.76142,0
-0.71337,0.29091,0
2.8593,1.94104,0
2.92488,1.85038,0
2.8554,1.97344,0
-0.70342,0.24954,0
0.3142,-1.92858,0
0.2654,-1.83985,0
2.9088,1.8408,0
3.77651,-0.33456,0
0.27166,-1.93379,0
2.85386,1.9453,0
3.81778,-0.29305,0
0.24031,-1.79094,0
3.83376,-0.32018,0
2.8822,1.89018,0
3.86095,-0.27413,0
3.88217,-0.23315,0
-0.70908,0.26087,0
2.91051,1.81344,0
-0.72458,0.25359,0
3.8003,-0.24876,0
0.30786,-1.92141,0
-0.73655,0.32245,0
-0.68713,0.30983,0
2.8674,1.9458,0
3.86851,-0.29895,0
0.2044,-1.74159,0
0.29289,-1.9164,0
0.18837,-1.73954,0
3.9104,-0.12054,0
2.72319,2.02935,0
3.89469,-0.09992,0
2.73114,2.02967,0
-0.74046,0.13387,0
0.40219,-2.0066,0
3.90451,-0.11224,0
3.88865,-0.09841,0
3.91473,-0.13487,0
3.15162,1.66209,0
3.1673,1.71544,0
3.80941,-0.614,0
3.16378,1.71379,0
3.8176,-0.65412,0
3.81748,-0.67904,0
3.77727,-0.61189,0
3.18368,1.71172,0
3.18075,1.72111,0
3.79317,-0.69043,0
3.16084,1.70406,0
-0.65538,0.71108,0
3.79159,-0.62034,0
3.77909,-0.69098,0
3.13992,1.68187,0
3.77292,-0.67278,0
3.80172,-0.61142,0
-0.66641,0.70961,0
3.13655,1.69051,0
3.7966,-0.65508,0
3.19918,1.7005,0
3.80888,-0.668,0
3.15984,1.67197,0
3.20077,1.6928,0
3.82393,-0.66591,0
3.55634,1.0815,0
-0.38314,1.25037,0
3.5588,1.07363,0
3.54356,1.19588,0
3.5694,-1.19089,0
3.56041,1.1059,0
3.5742,1.05516,0
3.53265,1.18495,0
3.5436,1.04894,0
3.56899,1.06744,0
3.53641,1.07705,0
3.56817,1.17223,0
3.55189,1.12951,0
3.58347,-1.06026,0
3.5856,-0.95784,0
3.57732,-1.08596,0
3.57713,1.24289,0
3.53536,1.16385,0
3.55122,-1.23017,0
3.57261,1.04073,0
-0.42114,1.25212,0
3.52201,-1.22976,0
3.58506,-1.04326,0
3.57382,-1.22746,0
3.5607,1.16738,0
3.52787,1.05132,0
3.52132,1.20878,0
3.57963,-0.97309,0
3.52504,1.05565,0
3.56064,1.23804,0
3.53051,-1.22904,0
3.58613,-1.12921,0
3.58441,-1.12252,0
3.55521,1.15384,0
3.53342,1.11392,0
3.57372,1.15956,0
3.58197,-1.10446,0
3.54679,1.23189,0
3.81573,-0.69989,0
3.80898,-0.70874,0
3.65816,-0.95665,0
3.36157,1.34909,0
3.61541,-0.95731,0
3.40741,1.33405,0
3.43407,1.38875,0
3.59252,-0.97822,0
-0.50402,1.04152,0
3.4112,1.41792,0
3.65269,-0.94514,0
3.66049,-1.04426,0
3.42541,1.38193,0
3.47623,1.344,0
3.35812,1.39613,0
3.39019,1.32954,0
3.59458,-1.02995,0
3.6696,-1.02119,0
3.46797,1.365,0
3.39119,1.41286,0
3.35293,1.38886,0
3.59226,-0.96748,0
3.47244,1.41357,0
3.59955,-1.04792,0
3.64983,-1.04685,0
3.62407,-0.96865,0
3.40282,1.40909,0
3.36335,1.35982,0
3.3601,1.40102,0
3.41346,1.36843,0
3.4801,1.36531,0
3.65777,-0.97544,0
3.36926,1.38881,0
3.59453,-1.14235,0
3.51024,1.27863,0
3.5945,-1.10369,0
3.57021,1.27785,0
3.52457,1.27492,0
3.53592,1.2699,0
3.55448,1.27371,0
3.57326,1.27228,0
3.59472,-1.11298,0
3.59786,-1.21342,0
3.728,-0.89881,0
3.37553,1.51742,0
3.35072,1.54527,0
3.73356,-0.86255,0
3.73018,-0.85974,0
3.36914,1.53861,0
3.32806,1.49215,0
3.35769,1.50146,0
3.38926,1.45546,0
3.33959,1.42881,0
3.3389,1.42605,0
3.36391,1.51165,0
3.35035,1.47989,0
3.33684,1.52106,0
3.75295,-0.89267,0
3.72251,-0.87738,0
3.36102,1.55484,0
3.74328,-0.84479,0
3.74386,-0.83959,0
3.37041,1.44334,0
3.75012,-0.88904,0
3.34805,1.48114,0
3.37215,1.44684,0
3.36321,1.48812,0
3.37011,1.51678,0
3.36358,1.47673,0
3.32658,1.53049,0
3.35239,1.53657,0
3.32749,1.50151,0
3.74815,-0.83702,0
3.61228,-1.12777,0
3.53862,1.29754,0
3.5256,1.28654,0
3.61841,-1.08636,0
3.6039,-1.11559,0
3.54044,1.31362,0
3.54273,1.30274,0
3.61149,-1.09892,0
3.50104,1.27918,0
3.62645,-1.11022,0
3.60479,-1.17467,0
3.61492,-1.1577,0
3.428,-1.29026,0
3.54939,-1.30917,0
3.41536,-1.25457,0
3.44355,-1.29351,0
3.5985,1.11032,0
3.58443,1.17223,0
3.6463,1.1386,0
3.6068,1.11335,0
3.44088,-1.30606,0
3.63864,1.17292,0
3.59924,1.06139,0
3.44586,-1.29779,0
3.51756,-1.27171,0
3.49862,-1.26453,0
3.54689,-1.27937,0
3.48163,-1.29105,0
3.62384,1.16494,0
3.51789,-1.24705,0
3.49275,-1.27084,0
3.62344,1.04306,0
3.45634,-1.30505,0
3.53532,-1.24439,0
3.6075,1.05248,0
3.52513,-1.27348,0
3.60961,1.13157,0
3.5233,-1.27487,0
3.61503,1.07136,0
3.49474,-1.29665,0
3.63405,1.04378,0
3.5376,-1.24404,0
3.46362,-1.25213,0
3.58966,1.04573,0
3.59882,1.05406,0
3.59021,1.04319,0
3.61134,1.0524,0
3.63957,1.0214,0
3.63773,1.00946,0
3.60353,1.15341,0
3.57993,1.20511,0
3.5848,1.19037,0
3.58687,1.20924,0
3.61669,1.206,0
-0.36447,1.26483,0
3.61057,1.21467,0
3.558,1.33286,0
3.55966,1.29199,0
3.49525,1.37872,0
3.69747,-1.03655,0
3.69161,-0.96909,0
3.67868,-0.94748,0
3.69154,-0.96463,0
3.50049,1.35602,0
3.6762,-1.07116,0
3.49848,1.395,0
3.48756,1.38468,0
3.4961,1.38581,0
3.49079,1.35019,0
3.69589,-1.06901,0
3.38999,1.54647,0
3.40445,1.47572,0
3.39615,1.42505,0
3.40281,1.56105,0
3.39782,1.48212,0
3.40877,1.46532,0
3.75299,-0.81753,0
3.40479,1.48227,0
3.40685,1.4898,0
3.7073,-1.01008,0
3.47295,1.454,0
3.70064,-0.96987,0
3.47443,1.43666,0
3.7212,-1.02397,0
3.45601,1.44994,0
3.43768,1.45573,0
3.71256,-0.97068,0
3.44983,1.45079,0
3.60187,1.26428,0
3.52785,1.34525,0
3.51811,1.34325,0
3.54115,1.35344,0
3.53887,1.37334,0
-0.30691,-1.32306,0
3.64915,-1.09167,0
3.51146,1.34706,0
3.65248,-1.10352,0
3.53806,1.35309,0
3.53981,1.34474,0
3.61604,-1.18884,0
3.6262,1.20188,0
3.62763,1.23212,0
3.59448,-1.24313,0
3.59517,-1.23365,0
3.64521,1.20389,0
3.60473,-1.23351,0
3.63943,1.19265,0
3.61871,-1.23779,0
3.40776,-1.31514,0
3.65744,1.00438,0
3.40929,-1.3166,0
3.68729,1.13839,0
3.68165,1.08329,0
3.4314,-1.31755,0
3.64703,1.04115,0
3.55744,-1.31365,0
3.48725,-1.32812,0
3.65614,0.97685,0
3.56011,-1.30577,0
3.66341,1.12848,0
3.44144,-1.31763,0
3.50383,-1.32417,0
3.6853,1.12483,0
3.67318,1.11485,0
3.4707,-1.31666,0
3.51067,-1.33415,0
3.42303,-1.31302,0
3.69447,1.08397,0
3.67417,1.13792,0
3.657,1.13774,0
3.40124,-1.3225,0
3.68663,1.12567,0
3.686,1.12659,0
3.44419,-1.31441,0
3.65986,1.12152,0
3.51735,-1.32849,0
3.66154,0.98153,0
3.66896,1.08818,0
3.64738,1.05189,0
3.41292,-1.32629,0
3.67985,1.09669,0
3.52261,-1.31766,0
3.62888,-1.20378,0
3.64276,-1.21131,0
3.51231,-1.40645,0
3.7265,0.99271,0
3.46289,-1.40253,0
3.4801,-1.34389,0
3.46847,-1.34754,0
3.46993,-1.33728,0
3.49103,-1.38858,0
3.46004,-1.36066,0
3.4359,-1.39543,0
3.5211,-1.40773,0
3.50083,-1.38354,0
3.44612,-1.37981,0
3.71947,1.0548,0
3.40048,-1.33496,0
3.73394,0.97043,0
3.44411,-1.36738,0
3.69704,1.01299,0
3.47697,-1.36984,0
3.49502,-1.38049,0
3.46372,-1.33507,0
3.43312,-1.3694,0
3.73713,0.968,0
3.49886,-1.38275,0
3.71831,1.05058,0
3.71604,1.01053,0
3.45686,-1.39143,0
3.47551,-1.36898,0
3.4,-1.34732,0
3.43748,-1.33542,0
3.50566,-1.361,0
3.42907,-1.34728,0
3.42126,-1.37194,0
3.51098,-1.36062,0
3.42091,-1.47264,0
3.42825,-1.47403,0
3.75398,0.89116,0
3.39916,-1.44502,0
3.44204,-1.45606,0
3.77975,0.96769,0
3.76158,0.88355,0
3.40706,-1.4454,0
3.78775,0.96481,0
3.7424,0.92135,0
3.77227,0.91544,0
3.7718,0.83981,0
3.78209,0.95451,0
3.76947,0.81777,0
3.43844,-1.43044,0
3.76007,0.94008,0
3.39246,-1.43544,0
3.37734,-1.46975,0
3.7793,0.90758,0
3.39683,-1.43271,0
3.40834,-1.45913,0
3.80584,0.79279,0
3.77017,0.46141,0
0.78605,1.48549,0
3.85849,0.75806,0
0.36694,1.5846,0
3.72233,0.43827,0
3.79466,0.73527,0
1.0809,1.42779,0
3.80294,0.48845,0
3.78523,0.61397,0
3.81732,0.58714,0
1.13111,1.39911,0
0.46136,1.5767,0
3.84593,0.66331,0
3.73597,0.4167,0
3.80796,0.72299,0
0.44017,1.57608,0
0.02214,1.66746,0
3.81237,0.60494,0
3.76813,0.58172,0
3.76525,0.76759,0
3.80733,0.71364,0
0.91673,1.46575,0
3.28366,-1.60412,0
0.92098,1.45277,0
0.42371,1.57274,0
3.83975,0.71442,0
1.10105,1.42975,0
3.77469,0.53041,0
3.75736,0.58185,0
0.09981,1.65256,0
0.27634,1.61079,0
1.24893,1.36897,0
3.79095,0.77045,0
0.75429,1.48804,0
3.80799,0.78039,0
1.20202,1.38445,0
3.8504,0.70219,0
3.79827,0.75095,0
3.31022,-1.61475,0
3.76361,0.50616,0
3.82402,0.77123,0
3.78935,0.48571,0
3.72529,0.47412,0
0.24184,1.62264,0
0.9123,1.45621,0
3.78839,0.63886,0
0.02399,1.67356,0
3.79934,0.58083,0
3.79307,0.67414,0
0.07155,1.65159,0
0.31105,1.60078,0
3.82253,0.79927,0
3.75758,0.60824,0
3.75955,0.41096,0
0.20725,1.62771,0
3.79801,0.52465,0
3.83723,0.64649,0
0.54223,1.55305,0
0.73589,1.49766,0
0.82935,1.48933,0
3.30337,-1.56345,0
3.8313,0.7825,0
3.83228,0.72011,0
3.79667,0.47838,0
3.77674,0.79038,0
3.75816,0.56818,0
3.79972,0.46795,0
3.75468,0.56243,0
3.77328,0.50499,0
3.80666,0.71926,0
3.75035,0.47113,0
3.75929,0.4846,0
0.25528,1.61809,0
3.82452,0.72086,0
3.7922,0.5746,0
1.11114,1.42348,0
1.18307,1.40229,0
3.77631,0.3615,0
0.88559,1.46603,0
0.47407,1.55701,0
1.18774,1.40658,0
3.31368,-1.6027,0
1.08019,1.41466,0
0.46585,1.55914,0
3.80531,0.48432,0
3.2643,-1.61319,0
3.8364,0.67888,0
1.04109,1.42172,0
3.72624,0.45468,0
3.86005,0.77401,0
3.73971,0.52174,0
-0.00487,1.68338,0
3.74309,0.52799,0
3.83011,0.61301,0
1.27002,1.36666,0
0.13188,1.64764,0
3.7423,0.49209,0
0.82603,1.48595,0
0.6128,1.54185,0
3.26482,-1.62866,0
0.92848,1.467,0
3.85348,0.73411,0
3.81381,0.51913,0
3.77403,0.58397,0
3.813,0.5769,0
3.79059,0.48762,0
3.79226,0.61419,0
0.0203,1.66872,0
0.61306,1.52627,0
3.32255,-1.56584,0
0.76788,1.48593,0
0.93857,1.46597,0
3.76731,0.6149,0
3.81016,0.54697,0
1.10987,1.40591,0
3.81392,0.58239,0
0.38875,1.58791,0
0.53826,1.5454,0
3.80934,0.66856,0
0.58654,1.53889,0
1.1082,1.41681,0
3.7794,0.54744,0
3.81214,0.63043,0
3.81695,0.54755,0
0.52562,1.55566,0
3.8075,0.61391,0
0.56697,1.53844,0
3.79444,0.71037,0
0.86617,1.47356,0
0.47526,1.55789,0
0.95567,1.4428,0
3.75441,0.56118,0
1.17912,1.40928,0
1.29097,1.3704,0
3.84183,0.64586,0
3.77829,0.47512,0
0.91035,1.47116,0
3.83711,0.55184,0
1.23335,1.40915,0
3.84523,0.63422,0
3.82124,0.53246,0
3.80659,0.46251,0
0.08885,1.67554,0
0.55738,1.55689,0
1.14611,1.43105,0
0.20796,1.65151,0
3.83244,0.53079,0
0.45901,1.58632,0
0.19267,1.63846,0
0.30936,1.63521,0
1.01388,1.45001,0
0.67353,1.53524,0
0.42748,1.59375,0
1.22763,1.40696,0
0.97128,1.47411,0
3.3006,-1.64371,0
0.01837,1.69422,0
3.81726,0.46697,0
0.59478,1.56226,0
0.00797,1.6909,0
0.58251,1.55656,0
3.86402,0.67234,0
0.55686,1.56925,0
0.37926,1.60192,0
0.00268,1.70298,0
0.2879,1.62886,0
0.06666,1.67753,0
3.24853,-1.64308,0
3.86489,0.67272,0
0.65113,1.54699,0
0.1847,1.66428,0
0.28233,1.63353,0
3.21847,-1.62999,0
3.27887,-1.64235,0
3.85914,0.68721,0
0.25253,1.62628,0
1.16303,1.42434,0
0.89444,1.49096,0
0.18066,1.64588,0
0.86157,1.48567,0
3.88367,0.74449,0
0.71804,1.52176,0
0.32011,1.6119,0
3.8407,0.5764,0
3.83077,0.53522,0
0.84473,1.49605,0
0.8907,1.49057,0
0.82581,1.5097,0
3.78927,0.37759,0
0.5998,1.55185,0
0.48735,1.58547,0
0.39855,1.60064,0
1.16175,1.42136,0
3.7945,0.38125,0
0.86125,1.48536,0
1.0869,1.43459,0
3.86401,0.71776,0
3.78209,0.35808,0
0.34634,1.60363,0
0.61712,1.5513,0
0.84167,1.49423,0
0.69055,1.52411,0
3.6585,1.19122,0
3.58886,-1.26887,0
3.6136,-1.28823,0
3.58642,-1.27883,0
3.59709,-1.29671,0
3.68996,1.19258,0
3.70139,1.19565,0
3.57045,-1.27296,0
3.58555,-1.29434,0
3.69859,1.1895,0
3.84405,-0.77718,0
3.84782,-0.74723,0
3.80944,-0.7178,0
3.36682,1.64318,0
3.35813,1.62682,0
3.81516,-0.72348,0
3.29747,1.62973,0
3.87295,-0.75636,0
3.84403,-0.64646,0
3.86351,-0.76317,0
3.30784,1.59313,0
3.85953,-0.77563,0
3.3013,1.63179,0
3.80985,-0.59565,0
3.8143,-0.73053,0
3.79095,-0.78418,0
3.80182,-0.41976,0
3.80198,-0.77823,0
3.3478,1.60355,0
3.84039,-0.65076,0
3.85588,-0.73901,0
3.78898,-0.77187,0
3.36404,1.63893,0
3.31945,1.64061,0
3.37223,1.56919,0
3.32549,1.61748,0
3.2637,1.61266,0
3.27588,1.62272,0
3.35277,1.61153,0
3.8402,-0.72277,0
3.30698,1.61113,0
3.83615,-0.64436,0
3.8586,-0.7747,0
3.81971,-0.63332,0
3.82041,-0.72027,0
3.26748,1.57806,0
3.29953,1.58158,0
3.81552,-0.4723,0
3.3059,1.62167,0
3.35329,1.61185,0
3.86252,-0.7685,0
3.81095,-0.71253,0
3.79222,-0.37232,0
3.81418,-0.75235,0
3.84873,-0.64639,0
3.85949,-0.78544,0
3.79264,-0.36457,0
3.31785,1.61812,0
3.84892,-0.60752,0
3.21301,1.7517,0
3.90323,-0.54491,0
3.85785,-0.4886,0
3.86214,-0.44897,0
3.87347,-0.57222,0
3.88038,-0.52789,0
3.88209,-0.58837,0
3.2045,1.74901,0
3.87703,-0.60585,0
3.85107,-0.43611,0
3.14322,1.71889,0
3.88729,-0.52552,0
3.87275,-0.61195,0
3.85723,-0.59075,0
3.85703,-0.37315,0
3.808,-0.42103,0
3.88334,-0.55368,0
3.81358,-0.44174,0
3.2581,1.73458,0
3.27463,1.68324,0
3.86734,-0.44835,0
3.91012,-0.60958,0
3.87503,-0.51174,0
3.88366,-0.61907,0
3.18843,1.73365,0
3.84835,-0.4819,0
3.21829,1.72688,0
3.85812,-0.4612,0
3.82096,-0.48297,0
3.85834,-0.48204,0
3.85168,-0.38934,0
3.88452,-0.62192,0
3.83974,-0.52495,0
3.88059,-0.57478,0
3.88006,-0.54109,0
3.89918,-0.64207,0
3.83374,-0.51595,0
3.9185,-0.59978,0
3.25611,1.70354,0
3.85892,-0.44489,0
3.90086,-0.6249,0
3.88376,-0.6205,0
3.86321,-0.55608,0
3.83202,-0.49726,0
3.8469,-0.3663,0
3.88244,-0.49452,0
3.86446,-0.6532,0
3.25715,1.72272,0
3.90032,-0.56163,0
3.86198,-0.62934,0
3.27255,1.64391,0
3.86158,-0.40442,0
3.80745,-0.38673,0
2.9857,1.78726,0
3.90114,-0.36475,0
3.92565,-0.28679,0
3.04954,1.83562,0
3.87257,-0.40584,0
3.98875,-0.40475,0
3.00578,1.81943,0
3.02891,1.84198,0
3.03491,1.85597,0
3.90831,-0.19401,0
3.89941,-0.25541,0
3.96346,-0.35408,0
3.92578,-0.3176,0
3.9163,-0.31086,0
2.97725,1.77069,0
3.87347,-0.42305,0
3.09512,1.87711,0
2.99609,1.82574,0
3.91647,-0.36301,0
3.05965,1.84067,0
3.09576,1.81974,0
3.06043,1.90039,0
3.91947,-0.31313,0
3.85918,-0.33575,0
3.02364,1.78079,0
3.92446,-0.36146,0
3.9064,-0.30403,0
3.94793,-0.37961,0
3.01015,1.8505,0
3.11582,1.80137,0
3.88849,-0.37397,0
3.01103,1.83731,0
3.95922,-0.35242,0
3.91041,-0.20252,0
3.91137,-0.43575,0
3.09308,1.89731,0
3.87886,-0.33207,0
3.91382,-0.30867,0
3.88356,-0.20186,0
3.10361,1.83179,0
3.03516,1.84252,0
3.02847,1.86034,0
3.89445,-0.2183,0
2.98852,1.83787,0
3.06395,1.81779,0
3.92995,-0.35706,0
3.89443,-0.37306,0
3.11534,1.79994,0
2.947,1.84969,0
3.98059,-0.38463,0
3.8883,-0.4094,0
3.07478,1.87635,0
3.90595,-0.21469,0
3.06216,1.84304,0
3.92502,-0.28455,0
3.93768,-0.41142,0
3.09545,1.8627,0
3.00829,1.83732,0
3.13682,1.78206,0
3.06217,1.85796,0
3.01779,1.86637,0
3.88152,-0.37833,0
3.05121,1.84103,0
3.90824,-0.41308,0
3.1164,1.78014,0
3.94276,-0.28743,0
2.97405,1.85698,0
3.88829,-0.21865,0
3.0107,1.82804,0
3.89063,-0.22092,0
3.13784,1.76838,0
3.12952,1.7662,0
3.92047,-0.36814,0
3.92331,-0.23798,0
3.03304,1.79133,0
3.1087,1.78981,0
3.05538,1.88267,0
3.09735,1.87201,0
3.78929,-0.82168,0
3.80201,-0.94049,0
3.79762,-0.88639,0
3.80095,-0.93713,0
3.78495,-0.83992,0
3.53104,1.42214,0
3.72674,-0.95865,0
3.48095,1.46612,0
3.76997,-0.92561,0
3.71537,-0.93537,0
3.75577,-0.97835,0
3.44731,1.48062,0
3.79297,-0.97227,0
3.79176,-0.93967,0
3.49523,1.4234,0
3.7981,-0.99172,0
3.43458,1.47806,0
3.51582,1.48135,0
3.79831,-0.87322,0
3.44438,1.4665,0
3.80267,-0.94131,0
3.79714,-0.84738,0
3.75005,-0.99611,0
3.78805,-0.89006,0
3.77032,-0.96856,0
3.51325,1.39896,0
3.78947,-0.90853,0
3.42117,1.48013,0
3.2834,1.70058,0
3.89919,-0.66461,0
3.91373,-0.67854,0
3.89543,-0.70027,0
3.88477,-0.70712,0
3.86962,-0.69939,0
3.87437,-0.68368,0
3.32391,1.67951,0
3.31924,1.71354,0
3.27907,1.6901,0
3.32261,1.69068,0
3.33702,1.67085,0
3.89918,-0.66074,0
3.31664,1.67802,0
3.91054,-0.69698,0
2.96073,1.90011,0
3.948,-0.09265,0
2.92253,1.9347,0
4.00896,-0.18319,0
2.94386,1.94739,0
2.99732,1.91462,0
3.94744,-0.1243,0
4.0105,-0.19389,0
2.96298,1.98298,0
4.00196,-0.16239,0
2.99223,1.91711,0
2.91759,1.89697,0
3.96955,-0.21039,0
3.94119,-0.19278,0
3.96052,-0.16105,0
4.02127,-0.2206,0
3.91626,-0.02433,0
3.97357,-0.12706,0
3.9481,-0.2029,0
2.89932,1.94927,0
3.97424,-0.1888,0
2.93429,1.98407,0
3.96622,-0.12368,0
2.93108,1.88963,0
3.91816,-0.12325,0
3.92381,-0.0191,0
2.95015,1.90193,0
3.93507,-0.18206,0
3.98342,-0.15635,0
2.93721,1.92664,0
3.94111,-0.19545,0
2.94146,1.96903,0
3.96487,-0.23174,0
2.98087,1.87602,0
2.90456,1.92201,0
3.94662,-0.09887,0
2.95001,1.97851,0
2.97324,1.90731,0
3.98435,-0.18148,0
3.906,-0.07536,0
3.9655,-0.14693,0
3.93241,-0.03797,0
3.91844,-0.1139,0
2.93025,1.98176,0
3.95863,-0.08566,0
2.94892,1.88833,0
2.90189,1.95515,0
2.96197,1.95589,0
3.95883,-0.20477,0
3.95949,-0.10813,0
3.93679,-0.22812,0
3.9189,-0.02218,0
3.96344,-0.10797,0
4.00108,-0.19092,0
4.0034,-0.21091,0
4.00502,-0.24896,0
3.96292,-0.25011,0
2.96787,1.97417,0
2.97513,1.95794,0
3.98768,-0.20854,0
2.96232,1.96686,0
3.9846,-0.24199,0
2.94072,2.00416,0
3.95254,-0.22476,0
2.90686,1.95744,0
3.92844,-0.05921,0
2.96346,1.89817,0
3.94234,-0.22865,0
3.92664,-0.20371,0
3.98602,-0.09995,0
2.90836,2.01911,0
3.91889,0.02955,0
4.00212,-0.0744,0
2.81631,1.98479,0
4.00602,-0.16248,0
3.93805,0.0136,0
3.96596,-0.0234,0
2.876,1.99413,0
3.98596,-0.07917,0
3.9243,0.01089,0
3.98054,-0.08147,0
4.03631,-0.16513,0
2.83974,2.01686,0
3.7932,0.3258,0
3.94662,0.02105,0
2.86511,1.98931,0
3.94371,-0.03036,0
2.86794,2.0182,0
3.97975,-0.06963,0
2.97122,1.99505,0
3.97437,-0.27965,0
2.97155,1.97401,0
3.95839,-0.2731,0
3.95302,-0.29949,0
3.00228,1.92562,0
2.99159,1.95476,0
4.0421,-0.25971,0
2.99906,1.95032,0
3.96655,-0.26864,0
3.97632,-0.29056,0
4.04066,-0.18835,0
4.02818,-0.1954,0
4.0389,-0.20537,0
2.93431,2.01591,0
2.91419,2.02488,0
2.93504,2.03757,0
4.04986,-0.1592,0
3.92618,0.09577,0
2.93986,2.03324,0
4.01928,-0.0982,0
3.83841,0.26222,0
4.01531,-0.08607,0
4.04761,-0.1223,0
2.94304,2.02938,0
3.98616,0.00456,0
3.85313,0.26397,0
3.97565,0.02501,0
4.06605,-0.16442,0
3.91571,0.12108,0
3.8149,0.33645,0
3.9257,0.10232,0
3.83134,0.30047,0
3.82209,0.3108,0
4.03918,-0.12077,0
4.05575,-0.1909,0
2.97476,2.01283,0
3.02334,1.91647,0
4.0621,-0.20326,0
1.78544,-1.35693,0
4.0601,-0.19617,0
4.04851,-0.21205,0
4.06336,-0.21892,0
2.96396,2.00942,0
4.07925,-0.21104,0
3.87388,-0.81425,0
3.85316,-0.82923,0
3.86306,-0.87109,0
3.93021,-0.83769,0
3.91374,-0.7578,0
3.80368,-0.88186,0
3.46047,1.54481,0
3.44466,1.52814,0
3.93258,-0.83491,0
3.88367,-0.78356,0
3.89103,-0.76109,0
3.47293,1.50108,0
3.44302,1.55948,0
3.42705,1.49904,0
3.90547,-0.81802,0
3.49265,1.52339,0
3.86942,-0.80022,0
3.89373,-0.73497,0
3.46041,1.55605,0
3.84017,-0.80594,0
3.88826,-0.81693,0
3.83268,-0.8623,0
3.86409,-0.81363,0
3.43674,1.53308,0
3.88939,-0.84363,0
3.85003,-0.80565,0
3.83766,-0.85404,0
3.85931,-0.80933,0
3.90749,-0.71686,0
3.9079,-0.75736,0
3.90967,-0.76767,0
3.43369,1.50395,0
3.42735,1.56522,0
3.48257,1.51361,0
3.45161,1.49479,0
3.4847,1.55712,0
3.91328,-0.82904,0
3.89321,-0.74865,0
3.90154,-0.75146,0
3.47454,1.55783,0
3.46359,1.57676,0
3.40024,1.56835,0
3.83126,-0.87032,0
3.47195,1.53319,0
3.41912,1.54681,0
3.81746,-0.81222,0
3.91204,-0.73803,0
3.87961,-0.75584,0
3.82205,-0.81732,0
3.46842,1.53476,0
3.89916,-0.72797,0
3.43249,1.64934,0
3.93658,-0.71953,0
3.93574,-0.71277,0
3.91742,-0.55923,0
3.94158,-0.78094,0
3.40203,1.59078,0
3.92707,-0.67605,0
3.93782,-0.67111,0
3.39658,1.59689,0
3.94544,-0.75587,0
3.92691,-0.74485,0
3.3911,1.60022,0
3.39321,1.63162,0
3.9353,-0.77933,0
3.93658,-0.7,0
3.41522,1.63303,0
3.38495,1.6262,0
3.91468,-0.57019,0
3.92677,-0.61884,0
3.90492,-0.50822,0
3.40867,1.59951,0
3.93715,-0.75976,0
3.934,-0.67701,0
3.9233,-0.77382,0
3.41074,1.60953,0
3.92364,-0.54711,0
3.97127,-0.75437,0
3.94912,-0.67543,0
3.96165,-0.71829,0
3.92272,-0.51192,0
3.91526,-0.49004,0
3.93186,-0.55531,0
3.94785,-0.64179,0
3.86791,-0.88236,0
3.50033,1.5283,0
3.49607,1.56805,0
3.50254,1.51488,0
3.93094,-0.80448,0
3.48632,1.5764,0
3.49999,1.58817,0
3.50932,1.53723,0
3.90794,-0.8672,0
3.55805,1.34757,0
3.54741,1.47561,0
3.83419,-0.92056,0
3.56962,1.37234,0
3.81281,-0.92937,0
3.84258,-0.93236,0
3.55055,1.39281,0
3.54843,1.45908,0
3.52549,1.51235,0
3.54768,1.44623,0
3.80453,-0.90013,0
3.83519,-0.90029,0
3.54329,1.48186,0
3.85122,-0.92627,0
3.53709,1.48134,0
3.80692,-0.90469,0
3.85285,-0.92489,0
3.51645,1.53729,0
3.54213,1.50432,0
3.56373,1.41621,0
3.94501,-0.81189,0
3.94064,-0.84358,0
3.97633,-0.77636,0
3.459,1.60919,0
3.56927,1.40765,0
3.60709,1.34915,0
3.84365,-0.98511,0
3.60874,1.32759,0
3.83004,-0.95166,0
3.61303,1.30857,0
3.59894,1.45546,0
3.58728,1.38475,0
3.57563,1.35159,0
3.6076,1.31985,0
3.8669,-0.98707,0
3.60561,1.28445,0
3.56452,1.46492,0
3.57689,1.40085,0
3.59585,1.42376,0
3.79706,-0.99744,0
3.78156,-1.00843,0
3.61749,1.3193,0
3.58694,1.46191,0
3.81827,-0.97524,0
3.89362,-0.97362,0
3.74021,-1.01619,0
3.90172,-0.94649,0
3.90418,-0.93702,0
3.57298,1.48393,0
3.77906,-1.03092,0
3.83567,-1.04486,0
3.64165,1.38643,0
3.87405,-1.0032,0
3.75424,-1.05593,0
3.86492,-1.04534,0
3.64772,1.22116,0
3.62805,1.39474,0
3.84742,-1.04547,0
3.63884,1.29166,0
3.65377,1.23552,0
3.77311,-1.01545,0
3.74853,-1.05095,0
3.82782,-1.03535,0
3.80963,-1.04052,0
3.82396,-1.03329,0
3.64881,1.31482,0
3.82067,-1.01106,0
3.87971,-1.02698,0
3.7635,-1.01769,0
3.70001,-1.0345,0
3.7239,-1.04334,0
3.79675,-1.05459,0
3.80465,-1.00992,0
3.71,-1.04066,0
3.62149,1.38515,0
3.64717,1.21073,0
3.75669,-1.05107,0
3.87208,-1.04352,0
3.6994,-1.07259,0
3.65878,1.32078,0
3.65956,1.22063,0
3.7126,-1.078,0
3.6546,1.36586,0
3.66669,1.20662,0
3.66683,1.24313,0
3.66431,1.28861,0
3.79616,-1.07981,0
3.6582,1.27111,0
3.71412,-1.08182,0
3.66045,1.27985,0
3.73601,-1.13441,0
3.70938,1.27173,0
3.81085,-1.08441,0
3.68464,1.32878,0
3.71203,-1.09916,0
3.71316,1.11939,0
3.80669,-1.11455,0
3.75817,-1.08752,0
3.80999,-1.11354,0
3.70992,1.18419,0
3.67699,-1.1519,0
3.79441,-1.10718,0
3.80909,-1.14495,0
3.69971,-1.12731,0
3.72774,-1.13017,0
3.69857,-1.10204,0
3.71223,-1.10212,0
3.71194,1.16983,0
3.70672,1.16987,0
3.75494,-1.12989,0
3.71069,1.19992,0
3.69081,1.21527,0
3.69803,1.31215,0
3.67185,1.30774,0
3.7366,-1.11076,0
3.70146,1.27012,0
3.72327,-1.11745,0
3.67148,1.31576,0
3.68232,1.31992,0
3.73368,-1.12798,0
3.70021,1.25184,0
3.70375,1.33572,0
3.79651,-1.13481,0
3.71815,1.08472,0
3.73756,-1.14769,0
3.75678,-1.12611,0
3.79196,-1.13864,0
3.71348,1.10122,0
3.73174,-1.15666,0
3.77366,-1.16513,0
3.82005,-1.16179,0
3.73166,1.25234,0
3.73329,-1.17592,0
3.75199,-1.17605,0
3.72799,1.28244,0
3.74688,-1.18539,0
3.72348,1.21274,0
3.71665,-1.18523,0
3.79811,-1.17578,0
3.7227,1.2948,0
3.70092,-1.18114,0
3.73102,1.30275,0
3.53448,1.55131,0
3.9183,-0.48544,0
3.92757,-0.52115,0
3.94447,-0.60234,0
3.92658,-0.49866,0
3.93799,-0.57692,0
3.9282,-0.50324,0
3.96336,-0.68576,0
3.928,-0.51507,0
3.92978,-0.50765,0
3.96654,-0.66558,0
3.92956,-0.49914,0
3.55687,1.50198,0
3.98253,-0.82214,0
3.96434,-0.81567,0
3.94513,-0.48375,0
3.97673,-0.70517,0
3.95109,-0.54508,0
3.95811,-0.50801,0
3.9763,-0.61647,0
3.96104,-0.54339,0
3.99805,-0.65924,0
3.9667,-0.52547,0
3.95562,-0.60756,0
3.93752,-0.45345,0
3.97314,-0.56356,0
3.35132,1.67323,0
3.33762,1.67165,0
3.97167,-0.59565,0
3.97496,-0.69342,0
3.3906,1.6802,0
3.97155,-0.65192,0
3.93108,-0.45469,0
3.95184,-0.59349,0
3.96959,-0.67329,0
3.94816,-0.44518,0
3.96454,-0.6399,0
3.98952,-0.72769,0
3.9871,-0.62891,0
3.41287,1.66374,0
3.94958,-0.58514,0
3.98929,-0.76075,0
3.98954,-0.76774,0
3.99813,-0.63202,0
3.9793,-0.53027,0
3.95959,-0.46975,0
3.38289,1.72434,0
3.98918,-0.5902,0
4.02519,-0.65504,0
4.00844,-0.62412,0
4.01611,-0.65736,0
3.96217,-0.47451,0
3.38325,1.72,0
3.96528,-0.43594,0
3.37852,1.6922,0
3.98434,-0.45085,0
3.26562,1.73223,0
4.03039,-0.51772,0
3.32362,1.73245,0
3.22532,1.76002,0
4.01535,-0.49372,0
4.00081,-0.4809,0
3.99863,-0.53994,0
3.99875,-0.44085,0
4.04353,-0.56499,0
3.99375,-0.43723,0
4.01158,-0.57786,0
3.30253,1.73715,0
3.28826,1.74628,0
3.31362,1.73467,0
3.99018,-0.38489,0
4.03328,-0.53936,0
3.99158,-0.46544,0
4.02433,-0.59325,0
3.29025,1.71077,0
4.00286,-0.54887,0
4.02833,-0.56012,0
3.99657,-0.52255,0
4.01411,-0.51463,0
4.02243,-0.5407,0
3.27324,1.72066,0
4.03991,-0.54994,0
4.00087,-0.48001,0
3.97309,-0.34169,0
3.34797,1.74115,0
3.35986,1.74241,0
3.34037,1.71987,0
3.51966,1.56179,0
3.96229,-0.85494,0
4.00003,-0.77461,0
3.48649,1.61793,0
3.48632,1.6123,0
3.52719,1.57069,0
3.95791,-0.88094,0
3.95493,-0.8768,0
3.94585,-0.92477,0
3.92752,-0.938,0
3.46615,1.64794,0
3.49979,1.60574,0
3.99194,-0.79942,0
3.88289,-1.02284,0
3.6409,1.45258,0
3.931,-0.95416,0
3.93936,-0.94552,0
3.90985,-0.94786,0
3.91291,-0.96759,0
3.92573,-0.95872,0
3.98348,-0.84447,0
3.52348,1.58661,0
3.51621,1.59049,0
4.00952,-0.76293,0
4.0094,-0.75618,0
4.0106,-0.74228,0
4.01178,-0.73564,0
4.01496,-0.73997,0
4.02441,-0.7178,0
4.0246,-0.72326,0
4.0305,-0.74608,0
3.96594,-0.90057,0
3.55098,1.56144,0
3.61721,1.47882,0
3.9229,-0.97917,0
3.90805,-0.99664,0
3.63123,1.45914,0
3.91421,-0.99832,0
3.94333,-0.94785,0
3.65705,1.41663,0
3.95571,-0.94389,0
3.9514,-0.95809,0
4.00141,-0.82812,0
3.51708,1.59798,0
3.52249,1.59592,0
3.55051,1.58527,0
3.98631,-0.86714,0
4.06196,-0.54026,0
4.00163,-0.32579,0
4.07943,-0.61442,0
4.01051,-0.4116,0
4.03803,-0.60303,0
4.05485,-0.50586,0
4.04467,-0.59953,0
3.32653,1.75157,0
4.08082,-0.60711,0
3.36802,1.74272,0
3.99864,-0.33374,0
3.98371,-0.29498,0
3.98964,-0.3552,0
4.05852,-0.60588,0
4.01239,-0.4222,0
4.04629,-0.49049,0
4.0504,-0.52213,0
4.05039,-0.39858,0
3.30497,1.81156,0
4.06234,-0.48977,0
4.04483,-0.33938,0
3.21827,1.76529,0
3.21782,1.80258,0
4.02175,-0.36704,0
4.10049,-0.52923,0
4.03719,-0.32861,0
4.0315,-0.33752,0
3.22297,1.80669,0
3.18644,1.76357,0
4.0717,-0.51454,0
4.05899,-0.44661,0
4.09177,-0.47181,0
3.30554,1.80763,0
4.07432,-0.51865,0
4.06076,-0.41909,0
3.29771,1.82601,0
4.00981,-0.31355,0
3.18164,1.77909,0
4.04847,-0.41253,0
4.05869,-0.49501,0
4.06387,-0.3899,0
3.18237,1.77232,0
4.04685,-0.34072,0
4.10743,-0.52078,0
4.10243,-0.52027,0
3.30426,1.81568,0
3.22078,1.76575,0
4.10932,-0.51823,0
4.03217,-0.40437,0
4.00319,-0.30011,0
3.23437,1.8051,0
4.03485,-0.31243,0
4.03659,-0.30427,0
4.08472,-0.41905,0
4.10543,-0.49771,0
3.14218,1.79411,0
4.0626,-0.37004,0
3.28214,1.84537,0
4.07213,-0.38289,0
3.23144,1.82548,0
3.20871,1.81068,0
4.10425,-0.48165,0
4.0682,-0.37777,0
3.17309,1.80849,0
4.06769,-0.34121,0
3.23032,1.84883,0
4.08959,-0.41459,0
4.05082,-0.29369,0
3.19504,1.83341,0
3.24264,1.84631,0
4.06734,-0.34427,0
4.10038,-0.43992,0
4.07122,-0.34306,0
3.23596,1.83626,0
4.09624,-0.44371,0
4.06669,-0.34872,0
4.11041,-0.44935,0
3.14374,1.81466,0
3.1619,1.8126,0
4.07527,-0.36354,0
3.24897,1.8597,0
3.26811,1.85805,0
4.11707,-0.48342,0
4.11962,-0.4775,0
4.10161,-0.39585,0
4.05053,-0.26312,0
4.08144,-0.25931,0
4.07085,-0.26899,0
3.16302,1.87559,0
3.87737,0.23168,0
3.87285,0.26097,0
3.17625,1.868,0
3.89665,0.19925,0
3.12463,1.84623,0
3.85325,0.2813,0
4.10214,-0.33363,0
4.08851,-0.26935,0
3.83331,0.35645,0
3.19144,1.89567,0
3.17336,1.84468,0
3.13126,1.83357,0
3.15207,1.88309,0
3.85378,0.29526,0
4.13623,-0.39502,0
3.84535,0.29232,0
4.11633,-0.35077,0
4.09098,-0.36292,0
3.84295,0.33327,0
4.09191,-0.24554,0
4.12051,-0.27473,0
3.86753,0.3178,0
3.92857,0.18099,0
3.83842,0.36824,0
4.0998,-0.18778,0
3.12559,1.89128,0
3.91517,0.17459,0
4.11818,-0.27573,0
4.08067,-0.14874,0
3.0725,1.91776,0
3.07459,1.92801,0
4.11458,-0.31328,0
3.89299,0.23874,0
1.78771,-1.37678,0
3.94996,0.14454,0
4.03243,-0.08461,0
1.8206,-1.34808,0
4.10113,-0.24112,0
4.10213,-0.28108,0
3.88068,0.25871,0
3.08076,1.93579,0
3.92621,0.13798,0
3.07366,1.92982,0
4.12902,-0.29598,0
4.12232,-0.28945,0
3.04374,1.92136,0
3.91742,0.2001,0
1.76154,-1.38483,0
3.14278,1.93945,0
3.89315,0.25368,0
3.97262,0.08148,0
4.04783,-0.10982,0
4.08092,-0.18697,0
3.92584,0.16203,0
3.98994,0.0212,0
4.12722,-0.26116,0
3.13792,1.90464,0
1.71627,-1.4121,0
3.8148,0.44913,0
1.73723,-1.3967,0
3.13164,1.90419,0
3.92356,0.1524,0
3.83785,0.37821,0
4.09073,-0.20068,0
3.87949,0.26601,0
4.1158,-0.24225,0
4.1168,-0.42455,0
3.22449,1.89036,0
3.33375,1.77947,0
3.32539,1.77533,0
3.31616,1.81316,0
3.16587,1.89938,0
4.14409,-0.35426,0
4.11792,-0.33666,0
4.12422,-0.34614,0
4.15271,-0.36437,0
4.1468,-0.34483,0
3.16618,1.92348,0
3.19175,1.9288,0
3.83501,0.40622,0
4.12808,-0.4391,0
3.41811,1.72956,0
4.03517,-0.6583,0
4.06799,-0.64115,0
3.42388,1.72482,0
4.0583,-0.65859,0
4.03913,-0.66226,0
4.06561,-0.63424,0
3.38741,1.71485,0
4.09029,-0.65821,0
4.12482,-0.51161,0
4.13275,-0.48615,0
4.13851,-0.48165,0
4.13046,-0.47226,0
4.14028,-0.43701,0
4.14611,-0.43744,0
4.09806,-0.65421,0
1.76346,-1.47069,0
1.32536,-1.87669,0
1.45801,-1.77083,0
3.98325,0.29881,0
4.04384,0.22352,0
4.05844,0.32723,0
1.73948,-1.51943,0
1.77731,-1.52415,0
4.03914,0.22289,0
4.13659,0.24933,0
3.86102,0.39152,0
1.8372,-1.41512,0
4.00672,0.36488,0
1.59096,-1.67684,0
1.17636,-1.87473,0
0.98349,-2.02538,0
4.01314,0.40059,0
1.88075,-1.49761,0
1.32723,-1.79224,0
1.75942,-1.54792,0
1.12627,-2.03533,0
0.94844,-2.06802,0
2.82861,2.06427,0
0.92279,-2.11502,0
0.98091,-1.92219,0
3.94249,0.18953,0
3.92979,0.37134,0
1.70037,-1.47083,0
1.4022,-1.74027,0
1.29288,-1.88419,0
0.9892,-1.91708,0
1.20167,-1.76681,0
1.0194,-1.91801,0
3.86392,0.39919,0
2.81362,2.09956,0
4.13184,0.23319,0
1.73883,-1.42915,0
1.45685,-1.70371,0
1.78581,-1.41959,0
3.8383,0.44976,0
1.86587,-1.37588,0
4.02921,0.0416,0
1.38087,-1.64179,0
4.0996,0.19602,0
1.87109,-1.36865,0
1.94359,-1.37971,0
4.00138,0.2543,0
1.22612,-1.90039,0
3.96268,0.34318,0
1.23434,-1.80818,0
3.85325,0.5541,0
4.00645,0.21927,0
1.80585,-1.52417,0
1.51162,-1.72324,0
1.60368,-1.51138,0
0.99862,-1.97585,0
0.90328,-2.0741,0
3.86657,0.46539,0
3.98723,0.19384,0
4.09502,0.26539,0
1.2794,-1.83623,0
3.94113,0.17025,0
3.91227,0.52086,0
1.0891,-1.99229,0
1.71842,-1.59742,0
4.04402,0.2968,0
1.90785,-1.37544,0
1.8707,-1.39517,0
1.02146,-1.9739,0
1.48979,-1.65438,0
3.86154,0.53607,0
3.8692,0.48912,0
3.97608,0.1242,0
2.71546,2.16204,0
0.96291,-1.96465,0
1.44566,-1.73716,0
3.96667,0.41938,0
1.20156,-1.88153,0
1.432,-1.63703,0
2.73758,2.10516,0
1.48783,-1.75812,0
0.98684,-1.95916,0
1.2255,-1.9044,0
1.04486,-1.98498,0
3.96801,0.30437,0
1.9804,-1.38851,0
1.5866,-1.53422,0
1.11321,-1.94551,0
2.79625,2.11643,0
1.37288,-1.80916,0
1.55294,-1.71348,0
1.22922,-1.82703,0
1.12874,-1.83473,0
3.9996,0.10143,0
0.93172,-2.03307,0
1.25566,-1.85754,0
1.1251,-1.93547,0
1.61,-1.58468,0
1.09894,-2.02436,0
1.06434,-1.93688,0
0.96269,-2.12216,0
0.86218,-2.01067,0
3.93645,0.22282,0
1.70495,-1.50733,0
1.70749,-1.53521,0
1.3327,-1.83839,0
1.54414,-1.5664,0
0.98487,-2.04323,0
1.07336,-2.06028,0
3.94264,0.21445,0
1.32374,-1.72396,0
1.51211,-1.75362,0
1.7458,-1.43667,0
3.83758,0.49652,0
3.94477,0.4658,0
4.15559,0.14939,0
1.04532,-2.01658,0
1.67605,-1.58277,0
1.82613,-1.47105,0
1.48766,-1.70953,0
1.58261,-1.52226,0
0.96369,-1.98246,0
1.7217,-1.48337,0
1.55425,-1.61768,0
4.00419,0.27632,0
1.32444,-1.68142,0
1.79091,-1.49461,0
1.15978,-1.89587,0
1.69478,-1.50579,0
3.98313,0.19979,0
0.87527,-2.00862,0
4.12715,0.17952,0
2.64735,2.09622,0
1.69124,-1.43624,0
1.02902,-1.96782,0
1.14086,-1.85825,0
1.1346,-2.00111,0
2.80564,2.02299,0
1.90714,-1.47602,0
1.8454,-1.39609,0
1.5513,-1.5446,0
4.01888,0.25328,0
1.29827,-1.82861,0
4.04127,0.16249,0
1.70999,-1.53236,0
1.0113,-1.95943,0
4.15114,0.22236,0
1.73032,-1.42055,0
1.34725,-1.86308,0
3.89717,0.27786,0
2.76961,2.13181,0
4.04666,0.27028,0
4.01452,0.36306,0
1.43352,-1.6192,0
3.83576,0.51394,0
4.09377,0.24315,0
4.13362,0.21766,0
2.82326,2.03669,0
1.30454,-1.85777,0
4.0477,0.16467,0
1.29406,-1.71429,0
1.71989,-1.54551,0
1.16653,-1.95791,0
1.02226,-2.0203,0
4.14298,0.17332,0
1.3525,-1.78117,0
4.02924,0.17047,0
3.9697,0.31035,0
1.6472,-1.56318,0
1.42212,-1.73823,0
3.87706,0.54042,0
1.15767,-1.85347,0
4.13619,0.17507,0
1.30291,-1.82527,0
1.0193,-2.07383,0
1.43286,-1.78043,0
1.77505,-1.56037,0
1.73542,-1.50841,0
1.64963,-1.50927,0
2.80635,2.02186,0
1.71791,-1.52006,0
3.86148,0.53867,0
0.97642,-1.93721,0
1.44622,-1.69213,0
1.68022,-1.5387,0
1.65624,-1.61307,0
1.53649,-1.6898,0
4.14917,0.21339,0
1.36843,-1.76842,0
1.77425,-1.51545,0
4.09481,0.26539,0
1.57866,-1.63176,0
1.2624,-1.85516,0
1.7507,-1.5831,0
3.98781,0.30884,0
1.77728,-1.40021,0
1.55338,-1.6509,0
3.98021,0.36624,0
3.95587,0.35376,0
1.6914,-1.57491,0
3.99687,0.28771,0
1.68986,-1.60305,0
0.96703,-2.0495,0
1.41586,-1.74517,0
1.43318,-1.66165,0
1.04699,-2.05776,0
1.6621,-1.50537,0
2.69343,2.13195,0
1.02278,-1.98601,0
1.34986,-1.67594,0
1.34168,-1.83556,0
1.59238,-1.53644,0
1.54749,-1.54109,0
4.03765,0.12799,0
1.12461,-1.96412,0
1.50007,-1.71725,0
1.60944,-1.51493,0
1.55285,-1.55274,0
1.83847,-1.46342,0
1.9123,-1.40033,0
1.12,-1.83047,0
1.21637,-1.90508,0
1.80235,-1.52764,0
1.87114,-1.47859,0
1.24041,-1.75197,0
1.41508,-1.76316,0
1.03759,-1.98972,0
1.49104,-1.73082,0
3.83716,0.43009,0
1.79243,-1.51261,0
3.95025,0.19679,0
1.66365,-1.47184,0
1.58657,-1.59491,0
1.66945,-1.58131,0
1.26234,-1.73774,0
3.90298,0.48923,0
1.19336,-1.96962,0
4.02207,0.23901,0
4.13149,0.17654,0
2.76279,2.15469,0
2.84005,2.05715,0
1.52001,-1.60299,0
0.88844,-2.0429,0
3.92457,0.30563,0
1.61741,-1.53765,0
1.73174,-1.59227,0
3.94078,0.32779,0
1.05964,-1.95316,0
3.95545,0.42898,0
1.93124,-1.45657,0
1.61141,-1.55622,0
1.10355,-1.92535,0
1.25144,-1.83264,0
1.06785,-1.87893,0
0.87876,-2.0047,0
0.90467,-2.05212,0
4.15296,0.16688,0
1.03197,-1.93056,0
1.76947,-1.5667,0
1.64634,-1.48943,0
0.92116,-2.02107,0
1.08264,-1.87287,0
3.99728,0.12769,0
3.97174,0.39784,0
2.7452,2.13533,0
0.92876,-2.0678,0
1.17129,-1.95871,0
2.8407,2.02884,0
4.12875,0.1934,0
2.70982,2.16403,0
1.71825,-1.5396,0
3.87885,0.53072,0
1.03634,-2.07012,0
3.95762,0.14541,0
0.86455,-2.04472,0
1.27181,-1.77057,0
1.87701,-1.47197,0
1.29879,-1.83698,0
1.58868,-1.67361,0
2.71999,2.13989,0
3.95772,0.3092,0
1.16983,-1.80632,0
3.91865,0.4301,0
4.04093,0.10846,0
3.89132,0.43209,0
1.80154,-1.41476,0
4.0828,0.21389,0
1.03813,-2.03722,0
1.45231,-1.67114,0
4.01074,0.37985,0
1.80334,-1.48723,0
1.65775,-1.45571,0
1.85026,-1.50677,0
1.18224,-1.98554,0
1.29515,-1.78401,0
1.81245,-1.52939,0
1.60784,-1.63505,0
1.30093,-1.85498,0
3.86436,0.41426,0
1.51037,-1.67534,0
1.00882,-1.97298,0
1.25503,-1.75843,0
1.62496,-1.58646,0
1.59765,-1.66503,0
0.9783,-2.11694,0
1.57983,-1.633,0
2.80359,2.06234,0
0.94383,-2.14693,0
3.97587,0.32884,0
3.93218,0.42587,0
4.0544,0.18866,0
1.53968,-1.73597,0
1.49027,-1.66049,0
1.43946,-1.67722,0
1.50322,-1.72393,0
3.95359,0.15056,0
3.95424,0.34772,0
3.89941,0.53265,0
1.78338,-1.44403,0
0.93943,-2.03384,0
0.98369,-2.09635,0
1.17717,-1.89864,0
1.29383,-1.74598,0
4.15348,0.20067,0
1.24334,-1.75985,0
1.61152,-1.52549,0
2.79527,2.10634,0
2.63585,2.10787,0
1.19247,-1.8932,0
1.30107,-1.83394,0
3.88861,0.30469,0
4.0263,0.30756,0
1.10349,-2.00923,0
0.9189,-2.08492,0
3.87884,0.39377,0
1.19513,-1.9596,0
4.00124,0.17996,0
1.83766,-1.36458,0
1.12577,-1.95313,0
3.94877,0.43908,0
1.59569,-1.52562,0
1.03182,-1.88915,0
4.0086,0.10795,0
1.83609,-1.47564,0
3.84211,0.43189,0
1.31255,-1.77482,0
4.03303,0.39523,0
1.58446,-1.68116,0
1.7649,-1.45015,0
4.11637,0.12495,0
1.68591,-1.5406,0
1.61499,-1.55462,0
1.53141,-1.66909,0
1.40897,-1.68811,0
1.41348,-1.65674,0
1.03517,-1.96864,0
2.72547,2.09631,0
1.50219,-1.58527,0
1.98993,-1.38973,0
0.96208,-1.94977,0
1.24098,-1.86219,0
1.80953,-1.54137,0
2.72028,2.06561,0
1.18306,-1.93188,0
1.12317,-1.99974,0
1.30656,-1.81192,0
1.05293,-2.07703,0
1.58528,-1.57738,0
1.95088,-1.38577,0
1.03054,-2.01313,0
2.75536,2.12335,0
3.87292,0.60276,0
1.08152,-1.90121,0
2.78427,2.04006,0
1.1686,-1.89473,0
1.6439,-1.60475,0
3.8633,0.52928,0
4.04088,0.10939,0
2.75644,2.07243,0
1.03349,-2.06541,0
0.94391,-1.97206,0
1.00405,-2.04896,0
1.35184,-1.87285,0
1.83313,-1.49186,0
1.21538,-1.81023,0
1.81656,-1.51353,0
1.47867,-1.62394,0
0.97784,-1.9563,0
1.87643,-1.38866,0
1.10979,-1.87129,0
0.9556,-2.14711,0
1.69598,-1.45069,0
4.14295,0.18789,0
4.1172,0.17399,0
4.04572,0.12945,0
1.56887,-1.53114,0
0.9171,-2.12241,0
3.87899,0.38311,0
3.99473,0.38789,0
1.50988,-1.61689,0
3.88469,0.31176,0
4.01767,0.1879,0
1.48839,-1.57837,0
4.04599,0.07428,0
3.90824,0.54814,0
3.93816,0.24152,0
4.01657,0.23358,0
1.75089,-1.40303,0
3.99635,0.39533,0
1.56171,-1.57982,0
1.6712,-1.63277,0
3.94446,0.38711,0
4.03624,0.0594,0
1.25616,-1.89043,0
3.9674,0.14786,0
1.20802,-1.94625,0
1.48089,-1.66192,0
0.97526,-2.03747,0
1.24699,-1.82478,0
1.05511,-1.97512,0
3.88519,0.51969,0
0.92642,-2.03758,0
4.10967,0.14421,0
3.89105,0.46905,0
3.85714,0.39977,0
4.11055,0.22972,0
1.05558,-2.0278,0
1.97206,-1.41605,0
3.96238,0.33486,0
3.99883,0.20739,0
0.93937,-2.14092,0
1.77224,-1.54232,0
3.87091,0.49104,0
1.63595,-1.52538,0
3.95439,0.23576,0
1.84193,-1.49779,0
1.50646,-1.74402,0
1.33029,-1.76765,0
1.1845,-1.83575,0
3.92135,0.32453,0
1.87948,-1.45384,0
4.05022,0.23437,0
0.85993,-2.01047,0
1.27683,-1.84996,0
3.99043,0.40173,0
1.83448,-1.44558,0
1.81872,-1.41206,0
4.01243,0.15258,0
1.25696,-1.82573,0
1.52494,-1.73733,0
2.75405,2.15519,0
4.04315,0.09071,0
0.8996,-2.09083,0
1.52899,-1.63373,0
3.86257,0.48156,0
1.14364,-1.94757,0
1.65963,-1.60322,0
3.9278,0.40424,0
1.00583,-1.92069,0
1.2666,-1.73102,0
1.56225,-1.5316,0
1.13465,-1.8233,0
1.54282,-1.55081,0
4.13204,0.1912,0
1.20294,-1.92947,0
2.7829,2.05871,0
4.02224,0.04317,0
1.70323,-1.51577,0
4.08444,0.25592,0
3.88111,0.35706,0
2.75873,2.09555,0
1.3969,-1.69637,0
1.83289,-1.48087,0
1.3791,-1.85568,0
4.1643,0.17086,0
3.85002,0.52313,0
3.92773,0.46333,0
1.06293,-2.01261,0
1.11236,-1.89012,0
1.89839,-1.38475,0
4.06674,0.20679,0
1.23505,-1.83906,0
1.0651,-1.99203,0
1.49892,-1.59346,0
1.07408,-1.8745,0
3.87082,0.5133,0
1.01277,-2.077,0
1.52044,-1.595,0
1.37612,-1.82932,0
1.12287,-1.90518,0
1.69483,-1.50375,0
4.00749,0.33488,0
3.86114,0.38862,0
1.63898,-1.52419,0
1.2624,-1.84935,0
1.73241,-1.57223,0
3.98655,0.38408,0
1.61001,-1.63615,0
3.98161,0.1064,0
4.16921,0.19187,0
1.72824,-1.50156,0
2.79047,2.10039,0
4.11069,0.25514,0
1.98063,-1.40658,0
4.02818,0.29163,0
1.54307,-1.57207,0
3.85376,0.50964,0
1.59419,-1.65855,0
4.15995,0.16712,0
1.31681,-1.89111,0
2.85531,2.03307,0
3.94876,0.22926,0
2.70104,2.09685,0
1.18124,-1.82222,0
4.09593,0.28377,0
1.47869,-1.66704,0
1.38813,-1.79037,0
1.54765,-1.54275,0
1.55299,-1.68432,0
1.73317,-1.56372,0
4.19171,0.17169,0
0.93084,-2.11152,0
1.06974,-2.0169,0
2.83741,2.03354,0
1.37224,-1.82863,0
1.62634,-1.51965,0
1.26383,-1.83575,0
1.11055,-1.93749,0
1.37851,-1.85488,0
3.94808,0.43702,0
1.85882,-1.41245,0
1.47487,-1.61641,0
4.03711,0.28968,0
2.85533,2.0382,0
0.89477,-2.05363,0
4.00459,0.35468,0
0.98065,-1.96337,0
3.99074,0.13677,0
1.2168,-1.91839,0
2.71631,2.15987,0
3.99399,0.18409,0
1.49215,-1.61879,0
1.22673,-1.86352,0
1.04931,-2.088,0
0.97918,-2.09669,0
1.74296,-1.58202,0
0.89039,-1.99868,0
1.82056,-1.37787,0
1.43351,-1.79247,0
4.03886,0.08094,0
1.63891,-1.48572,0
3.90689,0.51297,0
1.55875,-1.7013,0
1.70457,-1.61928,0
1.19839,-1.78679,0
4.05779,0.33508,0
1.17726,-1.87828,0
1.21451,-1.80312,0
4.03368,0.37363,0
2.6819,2.09495,0
0.95234,-2.05675,0
4.03656,0.06964,0
3.98713,0.24809,0
1.55312,-1.53971,0
3.93638,0.29598,0
1.1088,-1.92832,0
2.71827,2.06407,0
1.23966,-1.78962,0
1.75723,-1.46658,0
3.9489,0.44632,0
3.96338,0.28175,0
3.85572,0.56696,0
1.78049,-1.3851,0
3.89014,0.40083,0
2.75187,2.14225,0
1.14416,-1.97958,0
1.39931,-1.77735,0
1.31723,-1.69975,0
1.31407,-1.89986,0
3.87339,0.47992,0
4.10993,0.18727,0
1.97487,-1.38374,0
1.43124,-1.70341,0
4.03328,0.08039,0
1.62307,-1.62022,0
4.09169,0.19038,0
1.60552,-1.56819,0
0.92811,-2.00102,0
0.87971,-2.05364,0
3.84201,0.50328,0
4.05563,0.30935,0
0.86819,-2.01325,0
3.93489,0.30958,0
1.75714,-1.53232,0
1.80122,-1.46885,0
2.84028,2.03292,0
3.9747,0.4256,0
1.51332,-1.56365,0
4.02367,0.18509,0
4.0407,0.28142,0
3.97086,0.14786,0
3.97511,0.2403,0
1.06184,-1.92829,0
1.40718,-1.80786,0
4.10794,0.21296,0
4.1908,0.17295,0
1.22919,-1.87984,0
3.96227,0.14218,0
2.77561,2.12999,0
4.14847,0.17502,0
1.71354,-1.45188,0
1.81147,-1.43533,0
1.43138,-1.68346,0
1.56223,-1.55714,0
0.88742,-2.00146,0
1.64025,-1.46847,0
0.99751,-1.9581,0
0.88536,-2.00418,0
1.16238,-1.91308,0
3.84861,0.42878,0
1.86617,-1.46472,0
3.90592,0.32013,0
1.39338,-1.72617,0
1.00019,-2.08128,0
1.9202,-1.37737,0
0.92513,-2.0776,0
1.07796,-1.93528,0
3.89177,0.40189,0
1.14457,-2.00925,0
1.90424,-1.38397,0
1.64459,-1.57089,0
1.01661,-2.01825,0
1.16925,-1.98026,0
1.07817,-2.06885,0
4.02561,0.15125,0
1.28785,-1.79721,0
1.61745,-1.66367,0
1.33628,-1.73654,0
1.63952,-1.65585,0
3.86768,0.62247,0
1.31115,-1.83755,0
1.7388,-1.47276,0
1.02414,-1.94082,0
3.98507,0.19241,0
1.72557,-1.47255,0
1.66778,-1.5221,0
4.1421,0.24452,0
3.30839,1.85671,0
4.14488,-0.49695,0
4.14889,-0.38693,0
4.14194,-0.39131,0
3.67992,1.39894,0
3.67702,1.40356,0
3.68185,1.36372,0
3.6886,1.3456,0
3.6812,1.38221,0
3.69151,1.34976,0
3.99719,-0.93626,0
3.67763,1.43348,0
3.99889,-0.93672,0
3.5027,1.68372,0
3.49976,1.63483,0
3.5042,1.60912,0
4.02734,-0.70549,0
3.4717,1.659,0
3.49538,1.68665,0
4.04601,-0.68764,0
4.06287,-0.68831,0
3.49102,1.68104,0
3.46167,1.69427,0
3.39443,1.76826,0
3.37175,1.75331,0
4.10815,-0.5701,0
4.09528,-0.56889,0
4.0846,-0.58556,0
3.40029,1.7637,0
3.43755,1.74882,0
4.10225,-0.64321,0
3.45717,1.71092,0
3.44605,1.75964,0
4.12467,-0.6395,0
4.11295,-0.6372,0
3.52836,1.62215,0
3.51982,1.6435,0
3.52052,1.63566,0
3.5111,1.67808,0
4.05716,-0.74583,0
3.74809,1.35183,0
3.78334,0.84753,0
3.76938,1.02563,0
3.74811,1.40169,0
3.91736,-1.0324,0
3.88656,-1.04158,0
3.74123,1.37266,0
3.76973,1.3374,0
3.94408,-1.07551,0
3.804,0.83887,0
3.79402,1.00162,0
3.93479,-1.02522,0
3.69451,1.36753,0
3.73479,1.28801,0
3.76082,1.35563,0
3.78508,1.02969,0
3.76779,1.03811,0
3.74968,1.01679,0
3.88594,-1.04224,0
3.69125,1.36944,0
3.724,1.39445,0
3.7886,0.99753,0
3.92676,-1.02766,0
3.74032,1.22647,0
3.78851,1.04877,0
3.73954,1.30735,0
3.7332,1.28894,0
3.7742,1.23758,0
3.77683,1.09445,0
3.79508,0.86988,0
3.77076,1.31692,0
3.73722,1.28136,0
3.74682,1.17102,0
3.76713,1.19444,0
3.90413,-1.05695,0
3.76044,1.29721,0
3.79698,0.88853,0
3.72968,1.33787,0
3.78108,0.81437,0
3.72102,1.40881,0
3.75213,1.29188,0
3.70019,1.39682,0
3.75593,1.07566,0
3.75455,1.37519,0
3.72882,1.40377,0
3.69463,1.39678,0
3.74733,1.0557,0
3.77817,0.82407,0
3.77318,1.19404,0
3.76852,1.07842,0
3.77566,1.19266,0
3.78729,1.10868,0
3.77994,1.15693,0
3.77312,1.0249,0
3.93518,-1.02978,0
3.92762,-1.05836,0
3.75119,1.15345,0
3.76597,1.33489,0
3.7602,1.36635,0
3.75609,1.0723,0
3.76699,1.40156,0
3.76842,1.27112,0
3.77858,0.81593,0
3.75344,1.32286,0
3.91093,-1.06105,0
3.75382,1.23765,0
3.77348,1.13551,0
3.7846,1.06303,0
3.94234,-1.0725,0
3.84503,0.8184,0
3.72177,-1.38905,0
3.85488,0.93757,0
3.66421,-1.3474,0
3.92622,1.09274,0
3.88841,0.7761,0
3.91139,0.76737,0
3.8376,0.97242,0
3.75503,-1.23641,0
3.66864,-1.19903,0
3.87536,0.64296,0
3.7329,-1.23512,0
3.67566,-1.22184,0
3.893,0.87828,0
3.56594,-1.3408,0
3.92953,1.00815,0
3.80811,0.92412,0
3.7476,-1.31695,0
3.92763,0.8304,0
3.89118,0.84017,0
3.65018,-1.36214,0
3.83194,1.06274,0
3.87639,0.69389,0
3.93959,1.07986,0
3.89305,0.89223,0
3.88025,1.02455,0
3.91958,1.03325,0
3.82918,0.96293,0
3.90333,1.06528,0
3.67129,-1.37003,0
3.90728,0.71628,0
3.74686,-1.22164,0
3.86513,0.92236,0
3.72379,-1.3173,0
3.94652,0.96183,0
3.84727,0.8626,0
3.8766,0.76941,0
3.92179,1.09447,0
3.69309,-1.36746,0
3.75422,-1.28122,0
3.89138,0.628,0
3.54055,-1.35968,0
3.86011,0.79638,0
3.60158,-1.29809,0
3.86098,0.80129,0
3.95135,0.95206,0
3.87987,0.68873,0
3.60184,-1.34862,0
3.89527,0.72551,0
3.94231,0.85704,0
3.95426,1.07135,0
3.67729,-1.21222,0
3.83676,0.87024,0
3.91749,0.95681,0
3.60527,-1.35683,0
3.76815,-1.29663,0
3.87603,0.99243,0
3.9163,0.7272,0
3.83626,0.89199,0
3.57486,-1.34181,0
3.95089,1.00331,0
3.91135,0.76988,0
3.89585,0.85237,0
3.63034,-1.30262,0
3.70298,-1.29432,0
3.93009,0.67441,0
3.72638,-1.2669,0
3.83289,1.09391,0
3.8097,0.92614,0
3.8879,0.84853,0
3.83479,0.92907,0
3.87728,0.97976,0
3.64813,-1.38204,0
3.77403,-1.25945,0
3.65135,-1.34337,0
3.68433,-1.32578,0
3.93014,0.92503,0
3.91496,0.87918,0
3.64646,-1.3854,0
3.86329,0.91105,0
3.91162,0.59518,0
3.92537,0.76653,0
3.83815,0.86884,0
3.66565,-1.38742,0
3.88508,0.79947,0
3.95533,0.9986,0
3.70957,-1.33902,0
3.90625,0.98641,0
3.83521,0.80444,0
3.81592,0.89355,0
3.83967,0.92517,0
3.86181,0.81671,0
3.67333,-1.22768,0
3.94959,1.04147,0
3.84288,1.02865,0
3.55893,-1.37838,0
3.91252,1.05426,0
3.7375,-1.22973,0
3.56615,-1.36413,0
3.89148,0.84863,0
3.86659,0.9698,0
3.91457,0.6527,0
3.65517,-1.22762,0
3.85482,0.93758,0
3.82478,0.94788,0
3.82287,1.04364,0
3.82973,1.01829,0
3.69686,-1.22971,0
3.62888,-1.36067,0
3.90858,0.63744,0
3.88871,0.92844,0
3.72096,-1.35341,0
3.75733,-1.28734,0
3.83964,0.89304,0
3.85256,1.02311,0
3.80727,0.92012,0
3.89764,0.95297,0
3.82763,0.90744,0
3.88682,1.08111,0
3.84364,0.97534,0
3.67835,-1.19944,0
3.87539,0.97551,0
3.75154,-1.33223,0
3.75184,-1.28076,0
3.72249,-1.21203,0
3.72282,-1.28104,0
3.61787,-1.31415,0
3.69384,-1.25718,0
3.9418,0.86527,0
3.69762,-1.25105,0
3.71362,-1.31031,0
3.59295,-1.32572,0
3.82741,1.0585,0
3.75075,-1.3929,0
3.93714,0.86404,0
3.63274,-1.24414,0
3.53456,-1.35365,0
3.81442,0.81553,0
3.73547,-1.19291,0
3.92563,0.67303,0
3.92446,0.95803,0
3.86974,0.99584,0
3.93267,0.69535,0
3.96275,1.05588,0
3.67879,-1.26205,0
3.70589,-1.20365,0
3.89487,1.04834,0
3.60644,-1.36727,0
3.94227,0.80505,0
3.92266,1.08859,0
3.69097,-1.19218,0
3.682,-1.19809,0
3.94271,0.84216,0
3.92736,0.76697,0
3.89196,0.61532,0
3.63913,-1.23177,0
3.87468,0.98572,0
3.58932,-1.3072,0
3.89154,1.01755,0
3.81793,1.06527,0
3.91429,0.96035,0
3.82767,1.04531,0
3.8751,0.84312,0
3.889,0.91727,0
3.87648,1.0088,0
3.94372,1.05716,0
3.86462,1.06821,0
3.68085,-1.31147,0
3.85697,1.09034,0
3.67801,-1.2141,0
3.91838,0.80936,0
3.74364,-1.20584,0
3.69581,-1.27956,0
3.89174,0.958,0
3.90456,0.59584,0
3.81831,1.02795,0
3.73564,-1.34398,0
3.84089,0.91048,0
3.88601,0.70306,0
3.83581,1.16952,0
3.81762,-1.18186,0
3.86151,1.16639,0
3.80861,-1.30677,0
3.80758,-1.2614,0
3.8606,1.14456,0
3.80972,-1.27624,0
3.79902,-1.3254,0
3.88519,1.16442,0
3.81502,-1.21577,0
3.78748,-1.29167,0
3.79197,-1.32028,0
3.7805,-1.24129,0
3.79629,-1.28923,0
3.78703,-1.28994,0
3.83301,1.11961,0
3.8927,1.11779,0
3.86428,1.14638,0
3.79372,1.17218,0
3.81679,1.14601,0
3.89527,1.1223,0
3.86006,1.17141,0
3.81344,1.12526,0
3.89066,1.14922,0
3.80748,-1.2741,0
3.83886,1.121,0
3.79772,-1.27154,0
3.92164,1.12908,0
3.78404,-1.22169,0
3.78841,1.19882,0
3.77825,1.30079,0
3.78151,1.26445,0
3.78104,1.29812,0
3.96129,-1.05142,0
4.15606,-0.52735,0
3.36116,1.83145,0
3.37557,1.77878,0
3.34492,1.80206,0
3.34808,1.77352,0
3.37148,1.80548,0
3.35663,1.81681,0
4.15376,-0.49699,0
3.35145,1.83765,0
4.13346,-0.54597,0
3.38903,1.80445,0
4.14756,-0.55787,0
4.12746,-0.56785,0
4.17303,-0.52244,0
4.17531,-0.5296,0
4.19641,-0.38738,0
4.15797,-0.29945,0
4.16947,-0.39264,0
4.17106,-0.4083,0
4.08018,-0.13617,0
4.05433,-0.06122,0
4.0446,-0.05224,0
4.05491,-0.0467,0
4.01765,0.01135,0
4.10704,-0.17677,0
3.27812,1.88216,0
4.19669,-0.40258,0
4.03497,-0.02122,0
4.08072,-0.12241,0
4.12343,-0.21335,0
4.19308,-0.38758,0
4.03749,-0.03429,0
4.15696,-0.29299,0
4.02964,0.00776,0
4.14776,-0.26533,0
4.11108,-0.18011,0
3.26721,1.89432,0
4.10002,-0.18387,0
4.12038,-0.16839,0
4.07923,-0.08737,0
4.21063,-0.23942,0
4.09738,-0.1059,0
4.16467,-0.25617,0
3.16317,1.95212,0
4.14633,-0.08229,0
4.14274,-0.0958,0
4.15551,-0.23178,0
4.1211,-0.13605,0
4.06603,0.00559,0
4.18761,-0.20319,0
4.20303,-0.22145,0
4.13273,-0.19985,0
4.12174,-0.15819,0
4.09228,-0.09144,0
4.15532,-0.19137,0
4.12944,-0.03693,0
4.16879,-0.11078,0
3.12779,1.98938,0
4.13464,-0.14364,0
4.08843,-0.10563,0
4.1069,-0.11179,0
4.13544,-0.17277,0
4.11337,0.00466,0
4.13613,-0.21299,0
4.09545,-0.07078,0
4.20607,-0.2063,0
4.16656,-0.14828,0
4.04131,0.03325,0
4.14496,-0.10951,0
4.06488,0.03582,0
4.09519,0.04462,0
4.09141,0.0133,0
4.09835,-0.08863,0
3.12026,2.00048,0
4.04718,-0.00772,0
4.21832,-0.23468,0
4.0932,-0.09903,0
4.10674,-0.12671,0
4.07151,0.04191,0
4.19612,-0.22381,0
4.12875,-0.16272,0
4.0717,-0.01699,0
4.07064,0.0512,0
4.14768,-0.1637,0
3.1464,1.97773,0
4.09099,0.00787,0
4.13584,-0.16312,0
4.17786,-0.23246,0
4.12136,-0.0531,0
4.10769,-0.10713,0
4.15553,-0.22191,0
4.14323,-0.19845,0
4.13709,-0.04483,0
4.1929,-0.22043,0
4.13538,-0.18935,0
4.22275,-0.24306,0
4.17024,-0.26537,0
4.21532,-0.24881,0
4.21684,-0.24212,0
4.17514,-0.26538,0
3.10563,2.00197,0
3.07194,1.98361,0
4.15534,-0.06912,0
4.18079,-0.11758,0
4.16384,-0.07753,0
4.10538,0.04239,0
3.04963,2.03283,0
4.19398,-0.01478,0
4.15765,-0.00706,0
4.1386,0.0722,0
4.11792,0.07451,0
3.05366,2.02853,0
4.13694,0.08578,0
4.17264,0.01748,0
4.15745,0.00258,0
3.01095,1.9658,0
3.00168,2.01657,0
4.16086,-0.00046,0
3.01462,2.01112,0
4.12569,0.01304,0
4.18315,-0.05222,0
3.03869,1.99829,0
4.15664,0.01561,0
3.02403,2.04501,0
4.16619,-0.05815,0
4.14908,0.00553,0
3.02024,1.96882,0
4.20009,-0.03785,0
3.06157,2.01471,0
4.16787,-0.01911,0
4.18165,-0.04258,0
4.2111,-0.12589,0
3.07247,1.99086,0
4.22751,-0.09518,0
3.05486,2.03452,0
4.13802,-0.01273,0
2.96484,2.02364,0
4.18256,-0.08244,0
3.04363,1.99418,0
3.01852,1.97349,0
4.09908,0.06025,0
4.21256,-0.06411,0
3.02708,2.06509,0
4.23244,-0.1023,0
3.01633,1.96393,0
3.01711,1.99544,0
4.18818,-0.11818,0
3.05791,2.00434,0
3.01957,2.05084,0
2.96133,2.0121,0
4.15826,0.04526,0
2.95507,2.05304,0
0.79961,-2.06341,0
2.9915,2.0712,0
0.81512,-2.04092,0
0.84784,-2.03371,0
4.21506,-0.05127,0
2.95648,2.03307,0
0.79293,-2.05634,0
4.18616,0.01668,0
2.94762,2.05615,0
2.90574,2.04808,0
2.94752,2.05549,0
4.20799,0.00146,0
2.92258,2.04626,0
4.23728,-0.03191,0
4.22969,-0.02317,0
2.95002,2.03467,0
0.7989,-2.05338,0
2.98393,2.06407,0
4.22026,-0.03789,0
2.93453,2.06346,0
4.23497,-0.06875,0
4.19329,0.05052,0
2.84065,2.08402,0
0.87824,-2.0941,0
2.9333,2.08297,0
3.92554,0.56284,0
4.24976,0.05616,0
4.21319,0.08426,0
4.24938,0.05778,0
2.92098,2.11903,0
4.18861,0.10932,0
2.85478,2.10222,0
2.90233,2.08104,0
2.87985,2.11397,0
2.87043,2.04451,0
2.90464,2.11583,0
4.23189,0.0453,0
2.9003,2.05866,0
2.88533,2.1111,0
2.90516,2.1071,0
4.2056,0.10277,0
2.90293,2.12398,0
2.86387,2.05059,0
2.9284,2.07847,0
0.89521,-2.10793,0
4.24254,0.03219,0
2.90208,2.06125,0
3.98157,0.47535,0
4.19432,0.14137,0
3.99742,0.45551,0
0.90176,-2.10738,0
4.24408,-0.03529,0
2.93155,2.12868,0
4.24997,-0.02712,0
4.26253,-0.04434,0
1.60232,-1.69712,0
2.81461,2.13398,0
4.19389,0.18719,0
4.23403,0.14236,0
1.70393,-1.63387,0
2.01202,-1.41729,0
4.11334,0.30568,0
4.00094,0.50032,0
4.06137,0.36595,0
2.83291,2.12816,0
2.85153,2.13849,0
4.19694,0.17987,0
4.23536,0.1544,0
4.2304,0.11582,0
4.08262,0.36435,0
2.83624,2.13105,0
4.13866,0.28866,0
3.93436,0.55913,0
2.82718,2.12384,0
3.93184,0.56822,0
4.06045,0.38506,0
1.77122,-1.58686,0
1.85515,-1.52818,0
2.86042,2.1352,0
2.84911,2.13179,0
4.15257,0.24222,0
3.97153,0.5428,0
4.1257,0.30823,0
3.98691,0.51706,0
3.94443,0.5641,0
2.85134,2.16695,0
4.06299,0.398,0
4.10175,0.32434,0
4.21288,0.16441,0
4.12007,0.29824,0
3.95083,0.57479,0
3.954,0.53527,0
1.78406,-1.57058,0
3.98929,0.4897,0
4.05486,0.42335,0
2.85053,2.12271,0
1.63901,-1.67062,0
4.09379,0.31781,0
1.80777,-1.55927,0
2.85699,2.16243,0
1.76562,-1.58443,0
1.92373,-1.48375,0
1.62058,-1.69053,0
1.78043,-1.58195,0
1.92193,-1.47758,0
3.45208,1.76383,0
3.4227,1.78424,0
3.46694,1.71614,0
3.47377,1.70497,0
4.16462,-0.57193,0
3.45143,1.76311,0
3.43574,1.76597,0
3.43089,1.762,0
3.42401,1.77382,0
4.17418,-0.50696,0
4.18736,-0.56745,0
4.15469,-0.44569,0
4.17287,-0.55337,0
3.4203,1.80061,0
4.20605,-0.28042,0
4.22216,-0.27765,0
4.22372,-0.25089,0
4.20353,-0.30094,0
3.23495,1.90987,0
4.22867,-0.30396,0
4.20993,-0.31481,0
3.21552,1.93253,0
3.18658,1.92946,0
3.19776,1.92946,0
4.18859,-0.29083,0
4.20221,-0.26102,0
4.19016,-0.30695,0
3.2535,1.90914,0
4.16561,-0.2974,0
4.19868,-0.32811,0
3.22333,1.91379,0
3.20623,1.91266,0
3.20155,1.9235,0
3.20702,1.91196,0
4.19946,-0.26015,0
4.17576,-0.29925,0
3.2314,1.89544,0
4.21007,-0.27443,0
3.19578,1.94457,0
4.20757,-0.26178,0
4.17631,-0.33068,0
4.21305,-0.25714,0
3.24947,1.93308,0
4.22925,-0.3115,0
3.58337,1.54693,0
4.12041,-0.77035,0
4.07627,-0.77784,0
3.59096,1.65616,0
3.59254,1.5507,0
3.61452,1.53799,0
4.08109,-0.78221,0
3.58543,1.61049,0
4.11206,-0.7293,0
4.042,-0.78756,0
3.59101,1.5304,0
3.56545,1.57782,0
3.55448,1.64735,0
3.60705,1.54348,0
3.61189,1.60903,0
4.09612,-0.74604,0
4.10775,-0.78689,0
3.60129,1.58886,0
4.07974,-0.74806,0
4.08697,-0.77009,0
4.02155,-0.77218,0
4.12185,-0.75106,0
4.03176,-0.79655,0
3.59004,1.65396,0
4.07485,-0.75112,0
3.57346,1.62732,0
4.12259,-0.74972,0
3.60898,1.58273,0
3.54964,1.68329,0
4.1174,-0.67854,0
4.13802,-0.70033,0
4.13883,-0.71317,0
3.56762,1.68931,0
3.53922,1.67267,0
3.57834,1.68082,0
4.12727,-0.73631,0
4.13686,-0.73552,0
3.99466,-0.97711,0
4.03054,-0.97799,0
4.0185,-0.99422,0
4.01547,-0.93398,0
3.7774,1.42617,0
3.79079,1.2508,0
4.02519,-0.98952,0
3.99572,-0.88625,0
4.02026,-0.82222,0
4.00356,-0.94931,0
3.99676,-0.89065,0
3.80352,1.18172,0
3.99003,-0.99546,0
4.03101,-1.00676,0
3.80555,1.21374,0
3.72599,1.43222,0
3.70563,1.43029,0
3.73421,1.45179,0
3.80345,1.18176,0
3.76647,1.42544,0
3.98074,-0.9899,0
3.74757,1.43115,0
3.96753,-1.0019,0
3.79877,1.19069,0
3.7192,1.44561,0
3.96303,-0.97502,0
3.76588,1.45151,0
3.95857,-0.9764,0
4.04,-0.9937,0
4.0671,-0.8912,0
3.71277,1.48581,0
4.06793,-0.9286,0
3.73006,1.49835,0
4.03847,-0.86062,0
3.67533,1.49221,0
4.04896,-0.93598,0
4.04854,-0.88489,0
4.06618,-0.88308,0
3.68821,1.49774,0
4.04788,-0.84743,0
3.73953,1.51492,0
3.73358,1.49269,0
3.7401,1.48781,0
4.05186,-0.82153,0
3.67544,1.48161,0
3.73341,1.51204,0
4.07115,-0.94833,0
4.03313,-0.86472,0
4.03309,-0.85996,0
4.0815,-0.91406,0
4.09082,-0.90387,0
4.06595,-0.86258,0
3.68881,1.51813,0
3.6766,1.52973,0
4.0665,-0.82689,0
4.04595,-0.96923,0
4.04613,-0.9784,0
4.04675,-1.00419,0
4.15757,-0.43373,0
4.21217,-0.46853,0
4.16854,-0.44502,0
4.20687,-0.45966,0
4.18487,-0.46197,0
4.19009,-0.4797,0
4.17003,-0.47684,0
4.20617,-0.4399,0
4.18014,-0.48152,0
4.21843,-0.47761,0
4.1889,-0.49,0
4.15672,-0.43357,0
4.21611,-0.44506,0
4.19754,-0.34879,0
3.34881,1.86715,0
4.19637,-0.35646,0
4.21041,-0.42432,0
4.21431,-0.39736,0
4.22019,-0.41497,0
4.21137,-0.38945,0
3.35672,1.84856,0
4.21729,-0.42472,0
4.19507,-0.37224,0
3.31958,1.85225,0
3.38306,1.85793,0
3.33846,1.85312,0
3.37882,1.86699,0
4.14646,-0.65262,0
4.14064,-0.68221,0
4.14605,-0.70191,0
4.15383,-0.74143,0
4.13779,-0.66361,0
3.63321,1.54496,0
3.55896,1.70832,0
4.15651,-0.65374,0
3.527,1.70636,0
4.16956,-0.69883,0
3.55614,1.69297,0
3.5199,1.70715,0
4.15919,-0.69174,0
4.17673,-0.67011,0
3.55367,1.69926,0
4.16952,-0.70181,0
4.15708,-0.63663,0
4.16807,-0.69113,0
3.63542,1.62647,0
4.08693,-0.81073,0
3.63741,1.64132,0
4.13694,-0.78385,0
3.63818,1.56357,0
4.08408,-0.80768,0
4.1179,-0.80139,0
3.63972,1.63574,0
3.64755,1.59641,0
4.08252,-0.83229,0
3.66174,1.60025,0
4.11792,-0.82575,0
3.65361,1.62059,0
4.0861,-0.93943,0
4.09275,-0.92612,0
3.74016,1.51989,0
4.10003,-0.89412,0
4.0936,-0.87565,0
3.74466,1.51573,0
3.68546,1.55691,0
4.1152,-0.86144,0
4.11192,-0.84147,0
4.11247,-0.84277,0
3.71319,1.56262,0
4.10202,-0.85115,0
4.11376,-0.85756,0
3.79753,1.38317,0
3.81905,1.18469,0
3.81722,1.20826,0
4.05976,-0.98911,0
3.79349,1.42115,0
3.83157,1.17589,0
3.8209,1.18272,0
3.78716,1.44207,0
3.92076,-1.10109,0
3.85499,1.18396,0
3.8466,1.21841,0
3.83211,1.23482,0
3.85482,1.31955,0
3.91433,-1.10085,0
3.84868,1.35375,0
3.95791,-1.12023,0
3.83759,1.20985,0
4.00178,-1.07486,0
3.93946,-1.11156,0
3.99812,-1.12982,0
3.88017,1.34307,0
3.86645,1.36158,0
3.86555,1.20413,0
3.84609,1.19021,0
3.8773,-1.11631,0
3.97356,-1.12072,0
3.85906,1.27648,0
3.97745,-1.11458,0
3.99604,-1.08744,0
3.99367,-1.02873,0
3.92168,-1.11683,0
3.95517,-1.10991,0
3.83065,-1.12078,0
3.94114,-1.10921,0
3.84908,1.22534,0
3.88849,-1.10718,0
3.86871,1.30554,0
3.82961,-1.13337,0
3.87535,1.24215,0
3.98276,-1.10108,0
3.83215,1.22149,0
3.83462,1.28476,0
3.84633,1.35322,0
3.98128,-1.06113,0
4.02073,-1.0811,0
3.86953,1.37116,0
3.87245,1.38186,0
4.01746,-1.0297,0
4.01366,-1.1086,0
4.0135,-1.06991,0
4.02025,-1.08403,0
3.92751,-1.1394,0
3.9377,-1.13969,0
3.89619,1.20672,0
3.88795,1.33169,0
3.93442,-1.13405,0
3.89266,1.33627,0
3.88699,1.31524,0
3.8951,1.1784,0
3.88625,1.37163,0
4.03166,-1.07403,0
3.88967,1.37145,0
3.81456,1.3824,0
3.85683,1.38195,0
3.90479,1.20006,0
3.89784,1.30217,0
3.90155,1.32471,0
3.90574,1.24777,0
3.90004,1.24901,0
3.93293,0.64933,0
3.93384,0.6265,0
3.90874,1.27903,0
3.90653,1.3485,0
3.91245,1.19273,0
4.04226,-1.04393,0
4.06678,-1.00871,0
4.07017,-1.02838,0
4.04614,-1.02629,0
4.06207,-1.04063,0
4.07692,-1.03825,0
3.83498,1.3961,0
3.82838,1.43377,0
3.80828,1.41853,0
3.83383,1.40648,0
4.07809,-1.04547,0
4.05307,-1.0667,0
3.86875,1.41884,0
4.06888,-1.05244,0
3.95021,0.61352,0
3.92692,1.21504,0
3.91797,1.3415,0
3.94751,-1.14954,0
3.92024,1.34679,0
3.94692,0.75226,0
3.95105,0.64472,0
3.92041,1.3154,0
3.92838,1.21559,0
3.93821,0.7456,0
3.94815,0.68989,0
3.85922,-1.1463,0
3.94457,0.7503,0
3.93056,1.12493,0
3.92559,-1.14907,0
3.94199,0.72474,0
3.92695,1.26464,0
3.93111,1.20026,0
3.86057,-1.14908,0
3.9513,0.68349,0
3.95345,-1.14935,0
3.9464,0.60829,0
3.99913,-1.14045,0
3.9191,-1.14822,0
3.96308,0.58622,0
3.95397,0.8866,0
3.85918,-1.1607,0
3.94121,1.13701,0
3.93468,1.14463,0
3.93393,1.21552,0
3.94485,1.19509,0
3.97269,-1.16107,0
3.88132,-1.17215,0
3.92485,-1.15586,0
3.93741,1.32353,0
3.83003,-1.16786,0
3.95304,-1.15408,0
3.96211,0.63405,0
3.95017,0.85463,0
3.9578,0.66539,0
3.9289,1.27764,0
3.93872,1.15982,0
3.95797,0.72468,0
3.82568,-1.16106,0
3.95846,0.6971,0
4.01534,-1.16101,0
3.9013,-1.16571,0
3.93753,1.30327,0
3.87538,-1.15715,0
3.91358,1.35625,0
3.94839,1.31038,0
4.00539,-1.17298,0
3.96884,0.65441,0
3.96266,0.87023,0
3.96171,-1.18475,0
3.95507,1.26566,0
4.01239,-1.17576,0
3.96122,0.84856,0
3.96399,0.94271,0
3.91559,-1.1823,0
3.9542,-1.18127,0
3.95709,1.17739,0
3.95362,1.15253,0
3.9637,0.8107,0
3.94868,1.1386,0
3.88749,-1.18734,0
3.96439,0.78736,0
3.9717,0.65966,0
3.96971,-1.1805,0
3.97484,-1.18752,0
3.94498,1.22033,0
3.88119,1.41012,0
3.97279,0.69006,0
3.97867,1.0331,0
3.83189,-1.23739,0
3.98272,0.60407,0
3.96092,-1.21481,0
3.87618,-1.19076,0
3.83316,-1.23113,0
3.92469,-1.20767,0
3.84358,-1.23637,0
3.97908,0.80986,0
3.98901,0.9047,0
3.84785,-1.21584,0
3.98376,1.18537,0
3.99138,0.78997,0
3.96304,1.17768,0
3.86688,-1.20303,0
3.97017,0.92475,0
3.96272,-1.21812,0
3.97085,1.14569,0
3.9893,0.61715,0
3.97969,0.60054,0
3.99127,1.08218,0
3.99216,0.85731,0
3.99175,-1.18903,0
3.99037,0.75311,0
3.93734,-1.20711,0
3.99024,-1.20899,0
3.97831,0.97076,0
3.99493,0.66317,0
3.83452,-1.22694,0
3.98122,1.13063,0
3.98657,0.89262,0
3.96398,1.1984,0
3.98682,0.87644,0
3.98076,1.05182,0
3.9936,1.04085,0
3.98036,1.16331,0
3.98952,0.54723,0
3.99191,0.98589,0
3.83556,-1.23602,0
3.98779,0.79651,0
3.99228,0.90799,0
3.98901,1.1059,0
3.98393,0.9111,0
3.99042,0.87234,0
3.96791,0.97103,0
3.9826,0.80709,0
3.97473,1.05579,0
3.96139,1.22589,0
3.98119,0.59689,0
3.98252,1.25775,0
3.99329,0.56156,0
3.8309,-1.2374,0
3.94433,1.33265,0
3.80888,1.44458,0
3.81722,1.45165,0
4.08806,-0.99928,0
4.09822,-0.96412,0
4.1064,-0.94472,0
4.10236,-0.97687,0
4.11092,-0.99098,0
3.85747,1.44499,0
4.09956,-0.98354,0
4.11525,-1.01751,0
3.88269,-1.24504,0
4.00423,0.75806,0
4.01072,0.88501,0
3.99669,0.75592,0
4.00145,0.6712,0
4.01382,1.01191,0
4.00183,1.00433,0
3.94996,-1.24203,0
3.88568,-1.25399,0
3.94016,-1.242,0
4.00544,0.85412,0
4.00156,0.67216,0
4.00837,0.52129,0
4.01716,0.73619,0
4.00311,1.0447,0
4.00538,1.10859,0
4.00642,1.07667,0
3.99729,0.52836,0
3.90134,-1.26354,0
4.00594,1.22078,0
4.00103,0.77435,0
4.00557,0.8791,0
4.00063,1.20122,0
4.01577,0.99347,0
4.00642,0.89868,0
3.876,-1.24406,0
4.00045,0.85008,0
3.85719,-1.25221,0
3.99883,0.59507,0
4.00423,1.09025,0
3.82378,-1.25792,0
4.0099,1.11863,0
4.01615,0.96098,0
4.01102,0.51222,0
4.00684,0.6017,0
3.92966,-1.27392,0
4.01978,1.19731,0
4.00824,0.7661,0
4.00279,1.06354,0
3.91797,-1.25376,0
4.00101,0.7847,0
4.02066,0.93448,0
4.00614,0.83849,0
3.91549,-1.25935,0
3.8448,-1.24543,0
4.02189,1.13551,0
4.01318,0.68033,0
4.00882,0.93102,0
3.99508,-1.22783,0
4.00299,-1.22168,0
4.14415,-0.96275,0
3.80394,1.48428,0
4.13451,-0.88222,0
3.82521,1.46049,0
4.11463,-0.93104,0
4.11323,-0.92193,0
4.12132,-0.96003,0
3.82917,1.49996,0
3.75736,1.4801,0
4.1388,-0.91113,0
3.80308,1.47678,0
4.12873,-0.94365,0
3.85008,1.47203,0
4.13211,-0.98626,0
4.14972,-0.82784,0
4.17037,-0.90349,0
4.16489,-0.90352,0
3.79033,1.54826,0
3.77207,1.52927,0
3.79386,1.50352,0
3.77833,1.55124,0
4.13549,-0.86734,0
4.14643,-0.85688,0
4.1422,-0.87271,0
4.16649,-0.86405,0
4.18399,-0.87693,0
3.74847,1.55233,0
4.16286,-0.78982,0
3.69186,1.5637,0
4.18476,-0.85894,0
4.16277,-0.71156,0
4.17121,-0.77375,0
3.84046,1.49179,0
4.15402,-0.94153,0
4.15264,-0.92289,0
4.15803,-0.98695,0
4.09257,-1.0461,0
4.04251,-1.15006,0
3.95098,1.32252,0
4.07736,-1.14644,0
4.06391,-1.14528,0
4.03536,1.07199,0
4.04786,0.47481,0
4.05073,0.68314,0
4.09412,0.79648,0
3.88609,-1.33499,0
4.04577,0.7241,0
4.08461,0.80888,0
4.05072,0.80229,0
4.10973,0.90791,0
4.04448,1.01885,0
4.04833,0.84618,0
4.03653,0.45942,0
4.10163,0.88594,0
3.92108,-1.28811,0
3.83132,-1.38363,0
4.04473,0.45828,0
4.07639,0.76525,0
4.03798,0.75676,0
3.87181,-1.39631,0
4.0737,0.45995,0
3.8282,-1.30545,0
4.04958,0.6559,0
3.91217,-1.31616,0
3.92013,-1.31939,0
4.03734,0.49628,0
4.04801,0.51919,0
4.062,1.02464,0
4.08769,0.86697,0
4.0749,0.51077,0
4.07101,0.56694,0
3.82491,-1.34393,0
4.04886,0.8316,0
4.08461,0.90027,0
4.04788,0.77471,0
4.10308,0.8152,0
3.80196,-1.38867,0
4.0897,0.97847,0
4.05975,0.59946,0
4.0544,0.44948,0
3.84034,-1.33629,0
4.02074,0.83405,0
4.03966,0.75823,0
3.84529,-1.37337,0
4.05644,1.00778,0
4.03465,0.50767,0
4.04435,1.00514,0
4.06074,0.99211,0
4.07034,0.4458,0
4.07718,0.77192,0
4.02415,0.48442,0
4.02731,0.58258,0
4.06029,0.97988,0
4.06902,0.96435,0
4.07918,0.88526,0
4.07333,0.87396,0
4.03849,1.08621,0
4.04619,0.48863,0
3.91595,-1.37816,0
4.08087,0.91001,0
4.02686,0.507,0
4.02052,0.76656,0
3.79703,-1.37257,0
4.01888,0.70083,0
4.0339,1.0192,0
4.04884,0.67128,0
4.01983,0.5058,0
3.78897,-1.37397,0
3.85666,-1.30425,0
4.09696,0.8556,0
3.90293,-1.40206,0
3.91945,-1.38953,0
4.06891,0.4987,0
4.06931,0.91475,0
3.91392,-1.29798,0
4.06358,0.52446,0
4.0413,0.56876,0
3.84283,-1.30831,0
4.10245,1.05724,0
4.08015,0.78313,0
4.02895,1.06809,0
4.07567,0.59813,0
4.09193,0.98094,0
4.06889,0.63866,0
4.07875,0.96357,0
4.05684,1.00245,0
4.03838,0.76503,0
4.07049,0.64686,0
4.05743,0.97622,0
4.04011,0.74667,0
4.08374,0.93686,0
4.12106,1.06578,0
4.03578,1.07058,0
4.07688,1.03249,0
4.02832,0.66099,0
3.88365,-1.36681,0
4.09496,0.77047,0
4.07549,0.51663,0
4.01398,0.52537,0
4.1001,1.08154,0
4.05681,1.08148,0
4.09837,1.00606,0
4.02744,0.72401,0
3.87248,-1.3043,0
3.81374,-1.35388,0
4.05534,0.86485,0
3.88282,-1.3342,0
4.06826,0.84894,0
3.85716,-1.38328,0
4.05799,0.44486,0
3.88292,-1.31979,0
4.07002,0.86678,0
4.07444,0.96109,0
3.84857,-1.35291,0
4.08134,1.04522,0
4.0469,0.51411,0
4.04248,1.06662,0
4.11556,0.99018,0
4.07063,0.65493,0
4.05587,1.06609,0
4.07027,1.03784,0
4.02226,0.61232,0
4.05228,0.86772,0
4.08417,1.00304,0
4.06633,0.95632,0
3.81765,-1.29037,0
3.8732,-1.3379,0
3.89121,-1.33807,0
4.05751,0.70962,0
4.03617,0.77672,0
4.08655,0.62222,0
4.03273,1.01581,0
4.10687,1.01516,0
4.05996,1.02629,0
4.01773,0.58174,0
3.79228,-1.37802,0
4.05135,1.00253,0
4.05907,0.86087,0
4.11336,0.98366,0
4.11349,0.99855,0
4.05704,0.79701,0
4.09366,0.81945,0
3.9954,-1.25843,0
4.04257,1.11377,0
4.03795,1.14949,0
3.9975,-1.27292,0
4.03931,1.12702,0
4.05438,-1.16716,0
4.00625,1.29131,0
4.04756,-1.19833,0
4.0058,1.24872,0
4.03595,-1.19803,0
4.03744,-1.17405,0
4.19867,-0.75578,0
4.20777,-0.80169,0
4.18829,-0.69576,0
3.743,1.60334,0
3.69013,1.58092,0
4.17571,-0.60586,0
4.18354,-0.62585,0
3.68213,1.58067,0
4.20978,-0.70508,0
3.688,1.59335,0
4.19443,-0.77839,0
4.18769,-0.60301,0
4.1986,-0.61792,0
4.19422,-0.59291,0
4.18819,-0.79695,0
4.19349,-0.72981,0
4.18412,-0.67143,0
4.18823,-0.72948,0
3.69851,1.59379,0
4.18693,-0.92042,0
3.8078,1.5134,0
4.16322,-0.93802,0
4.20294,-0.88074,0
4.20662,-0.90062,0
4.20621,-0.90458,0
4.19272,-0.89831,0
3.84715,1.51878,0
3.80554,1.56386,0
4.21406,-0.87858,0
4.13422,-1.04072,0
3.92262,1.4148,0
3.93145,1.37777,0
4.15993,-0.95365,0
3.87484,1.47148,0
3.86541,1.46448,0
4.18066,-0.9692,0
3.90256,1.43023,0
3.8944,1.44882,0
3.87968,1.44296,0
4.16077,-0.99247,0
4.152,-1.00075,0
4.15165,-1.03394,0
4.0249,1.22984,0
4.0394,1.25286,0
4.01705,1.24747,0
4.03493,1.22931,0
4.01976,1.28322,0
4.02767,1.28443,0
3.94104,1.42074,0
3.98127,1.32571,0
3.97758,1.30445,0
4.01494,1.29509,0
3.99193,1.32705,0
4.08627,-1.16877,0
4.08668,-1.12954,0
4.01595,1.32392,0
4.01914,1.30883,0
4.08228,-1.10197,0
4.06665,1.12435,0
4.05709,1.1495,0
4.02956,-1.23352,0
4.03577,-1.21346,0
4.0531,1.14937,0
4.0562,1.23069,0
3.95146,-1.27843,0
4.10971,1.1159,0
3.98963,-1.29251,0
4.10739,1.16347,0
4.09737,0.69875,0
4.095,0.48455,0
4.07071,1.17139,0
4.08688,0.43403,0
4.08784,0.38886,0
4.07913,1.15281,0
3.94564,-1.29491,0
4.1171,0.97407,0
4.09786,0.69858,0
4.09361,0.43416,0
4.09705,1.11789,0
4.11854,0.98312,0
4.01156,-1.29265,0
4.00783,-1.29632,0
3.95836,-1.30947,0
4.09186,0.54502,0
4.10733,0.84061,0
4.10999,0.88826,0
4.11242,1.12165,0
4.09978,0.59177,0
4.12232,1.11135,0
3.94021,-1.3091,0
4.07657,1.15481,0
4.08586,0.5971,0
4.01341,-1.2529,0
4.07631,0.46977,0
3.98499,-1.28388,0
4.09477,0.54869,0
4.13251,1.131,0
4.10591,0.66694,0
4.09438,0.41426,0
3.94892,-1.31511,0
4.12667,1.04592,0
3.98899,-1.31992,0
4.09978,0.53,0
4.11598,0.80352,0
4.1273,1.09356,0
4.10477,0.5996,0
3.93122,-1.31309,0
4.13198,1.12902,0
4.07044,1.19226,0
4.09696,1.18362,0
4.02007,-1.27545,0
4.01664,-1.27272,0
4.03099,-1.24732,0
4.10576,-1.18128,0
4.10507,-1.14602,0
4.09788,-1.1623,0
4.10801,-1.07806,0
4.09314,-1.07203,0
4.10789,0.54466,0
3.96002,-1.35728,0
4.10243,0.3669,0
4.12689,0.89252,0
4.13603,0.98367,0
4.1357,1.04753,0
4.14226,1.09865,0
4.10439,0.47186,0
4.13249,0.99268,0
4.11148,0.4556,0
4.10931,0.60344,0
4.12575,0.88415,0
4.1233,0.59013,0
4.12629,0.8512,0
4.12788,0.68014,0
4.12553,0.97889,0
4.11213,0.43458,0
3.92929,-1.31993,0
4.14201,0.97114,0
4.13873,0.78805,0
4.13316,0.90697,0
4.09923,0.45212,0
4.11078,0.59537,0
4.11169,0.58664,0
4.12559,0.69023,0
4.11452,0.69339,0
4.13298,0.76209,0
4.10736,0.45864,0
4.10907,0.41831,0
4.12969,0.67931,0
4.11117,0.59547,0
4.14311,1.01773,0
4.11942,0.74269,0
4.10907,0.60517,0
4.14438,1.01888,0
4.12767,0.91168,0
4.14357,1.02711,0
4.1113,0.57536,0
3.95908,-1.35153,0
4.10314,0.51827,0
4.0322,-1.28917,0
4.11852,1.19306,0
4.11921,0.43545,0
4.13626,1.14172,0
4.02114,-1.31046,0
4.13463,1.1844,0
4.15431,0.93259,0
4.15354,0.83074,0
4.16497,0.99263,0
4.14874,0.76227,0
4.14669,0.71757,0
4.14492,0.71177,0
4.14291,0.76266,0
4.11938,0.3581,0
4.16502,1.01755,0
4.13199,0.48264,0
4.16644,1.09017,0
4.16294,1.07606,0
4.1695,0.8857,0
4.16757,0.81455,0
4.16197,0.83498,0
4.17789,0.97956,0
4.17605,1.02298,0
4.13887,0.53991,0
4.15953,0.8851,0
4.14127,0.57671,0
4.14706,0.52526,0
4.17039,0.81935,0
4.16336,0.73894,0
3.97672,-1.37878,0
4.15374,0.74134,0
4.14522,0.60044,0
4.1585,0.76453,0
4.17221,0.86197,0
3.93268,-1.36818,0
4.18715,1.04065,0
4.1548,0.76706,0
4.1769,1.07669,0
4.14141,0.48055,0
4.1617,0.84106,0
4.1761,1.09524,0
4.05051,-1.27188,0
4.04769,-1.24382,0
4.08182,1.26218,0
4.09446,1.26485,0
4.07936,-1.20305,0
4.07139,1.25858,0
4.14454,0.46906,0
4.14043,0.35776,0
4.13857,0.39991,0
4.15397,0.58895,0
4.17501,0.84198,0
4.14151,0.37611,0
4.10971,1.23002,0
4.11401,1.22588,0
4.1263,1.24228,0
4.10988,1.23084,0
4.07166,-1.23232,0
4.16879,1.14523,0
4.03792,-1.31856,0
4.03874,-1.32298,0
4.08108,-1.26584,0
4.158,1.18044,0
4.06483,-1.29214,0
4.06904,-1.29459,0
4.16385,1.17354,0
4.06131,-1.29335,0
4.15904,1.1913,0
4.07469,-1.30293,0
4.0833,-1.28341,0
4.17442,-1.02469,0
4.07602,1.32797,0
4.17848,-1.052,0
4.06742,1.30346,0
4.1671,-1.12562,0
4.18384,-1.03534,0
4.14413,-1.1252,0
4.15132,-1.07168,0
4.13253,-1.12682,0
4.11554,-1.07948,0
4.1858,-1.12353,0
4.14512,-1.07043,0
4.05229,1.3302,0
4.13331,-1.13739,0
4.0723,1.3483,0
4.02596,1.34542,0
4.01298,1.34859,0
4.17733,-1.02556,0
4.05767,1.2918,0
4.11936,1.26986,0
4.13887,-1.20357,0
4.11742,-1.18129,0
4.1288,1.2286,0
4.11689,-1.1696,0
4.11006,-1.19029,0
4.12048,1.26994,0
4.08377,1.31714,0
4.19137,-1.04468,0
4.01697,1.35492,0
3.96911,1.34895,0
4.14345,0.33466,0
4.14215,1.27192,0
4.15215,-1.15978,0
4.17394,1.17166,0
4.15775,0.39176,0
4.15436,0.47736,0
4.11736,-1.23867,0
4.15734,0.54053,0
4.15379,0.43404,0
4.16459,1.20411,0
4.17651,1.16246,0
4.15601,0.37193,0
4.16024,0.41831,0
4.14576,1.23014,0
4.15697,-1.16613,0
4.14423,-1.23092,0
4.16409,0.41714,0
4.17902,1.23872,0
4.21587,-1.02943,0
4.19823,-1.07998,0
4.20706,-0.58208,0
3.98247,1.38374,0
4.23496,-1.03989,0
3.97734,1.38518,0
4.21166,-0.91571,0
4.19384,-0.57943,0
4.22495,-0.83772,0
4.08365,1.32638,0
4.03158,1.37327,0
4.19786,-1.01483,0
4.22769,-0.9403,0
4.2268,-0.89962,0
4.01224,1.3893,0
4.21984,-1.04181,0
4.20937,-0.95684,0
4.20774,-1.0547,0
4.20497,-0.93232,0
4.21855,-1.07434,0
4.2127,-0.63654,0
4.21207,-0.65971,0
4.21929,-0.84553,0
4.0835,1.34252,0
4.229,-0.92567,0
4.21024,-0.9368,0
4.00991,1.38203,0
4.04444,1.38203,0
4.01404,1.39148,0
4.22217,-0.70822,0
4.03754,1.40087,0
4.21132,-0.59923,0
4.24623,-0.95204,0
4.04381,1.39977,0
4.24469,-0.96487,0
4.05954,1.41107,0
4.21413,-0.58243,0
3.95525,1.40472,0
4.24385,-0.83575,0
4.23903,-0.78392,0
3.95633,1.39948,0
4.21505,-0.54338,0
4.21844,-0.54024,0
4.22954,-0.63888,0
4.00444,1.45843,0
4.25938,-0.64444,0
4.25062,-0.67125,0
4.00226,1.44095,0
4.24149,-0.55038,0
4.0209,1.47115,0
4.23668,-0.43671,0
4.24373,-0.60006,0
4.22261,-0.37652,0
4.23133,-0.54043,0
4.23651,-0.69165,0
4.23834,-0.60927,0
3.96036,1.45036,0
4.24113,-0.52408,0
4.24919,-0.61503,0
4.22441,-0.41212,0
4.23874,-0.52784,0
4.02108,1.46475,0
4.26147,-0.98594,0
4.21212,-0.33787,0
4.28052,-0.86596,0
4.27328,-0.98522,0
3.94899,1.44697,0
4.02068,1.45192,0
4.25847,-0.86957,0
4.22144,-0.40118,0
4.23672,-0.68092,0
4.28565,-0.88454,0
4.26971,-0.86301,0
4.26079,-0.73251,0
3.97255,1.44723,0
4.29121,-0.9359,0
4.26273,-0.6965,0
4.01387,1.43995,0
4.2235,-0.36365,0
4.23433,-0.6729,0
4.2347,-0.57235,0
4.2602,-0.94541,0
4.01762,1.4282,0
4.2594,-0.60916,0
4.23165,-0.36337,0
4.26054,-0.49336,0
4.27962,-0.73862,0
4.29152,-0.83979,0
4.26404,-0.5684,0
4.28096,-0.83463,0
3.86457,1.51017,0
4.306,-0.83607,0
3.87579,1.49174,0
4.25982,-0.62362,0
3.94219,1.52311,0
4.32937,-0.91916,0
4.24929,-0.50848,0
4.32057,-0.91748,0
4.28024,-0.7931,0
4.30686,-0.84862,0
4.24855,-0.31836,0
4.25679,-0.45275,0
4.27239,-0.63307,0
3.89546,1.48288,0
4.30244,-0.89378,0
4.28301,-0.69955,0
4.24188,-0.35332,0
4.26179,-0.43565,0
4.25033,-0.48845,0
4.31833,-0.80369,0
4.27165,-0.5528,0
3.98639,1.49024,0
4.29214,-0.8367,0
4.24638,-0.36108,0
4.27014,-0.51323,0
3.96329,1.51673,0
4.25738,-0.49702,0
3.92466,1.49985,0
3.84935,1.52236,0
4.29299,-0.63828,0
4.30315,-0.92052,0
4.28278,-0.67142,0
4.29732,-0.68602,0
4.24722,-0.50081,0
4.24885,-0.3492,0
4.31789,-0.89996,0
4.24461,-0.32728,0
4.29825,-0.76021,0
3.96527,1.49598,0
3.9459,1.52913,0
4.26038,-0.4218,0
4.23658,-0.23732,0
4.31249,-0.84738,0
3.95142,1.48321,0
4.29579,-0.89789,0
4.2523,-0.40329,0
3.85824,1.50844,0
4.22136,-0.14188,0
4.27871,-0.67489,0
4.2399,-0.45284,0
4.21511,-0.17136,0
4.27998,-0.63877,0
4.30978,-0.82823,0
3.98322,1.50341,0
4.23371,-0.23458,0
4.25908,-0.40662,0
3.99978,1.48447,0
4.28261,-1.01356,0
4.27706,-1.0249,0
4.10642,1.33765,0
4.11045,1.33733,0
4.11167,1.36237,0
4.11033,1.33316,0
4.10292,1.32749,0
4.16961,0.29818,0
4.03698,1.45865,0
4.20692,-1.12304,0
4.08329,1.40914,0
4.0837,1.40322,0
4.26474,-1.04657,0
4.12462,1.34497,0
4.17383,0.32875,0
4.1769,-1.14945,0
4.1685,-1.15619,0
4.18265,0.28704,0
4.1908,0.52909,0
4.17337,-1.18151,0
4.19016,0.60769,0
4.18033,0.67639,0
4.17689,0.78009,0
4.18924,0.50965,0
4.17347,0.54084,0
4.17401,0.4956,0
4.18928,0.56775,0
4.18117,0.34176,0
4.19007,1.15888,0
4.17357,0.42275,0
4.16204,1.24555,0
4.18722,0.59206,0
4.18045,-1.19462,0
4.18836,0.62734,0
4.18397,0.72345,0
4.17763,-1.21262,0
4.18172,0.84642,0
4.18489,0.8783,0
4.18958,0.39669,0
4.18855,0.86326,0
4.18567,0.36246,0
4.18478,0.58438,0
4.18125,0.42879,0
4.18781,1.1963,0
4.17611,0.47972,0
4.17508,0.45106,0
4.19148,1.21573,0
4.18408,0.41502,0
4.17833,0.81855,0
4.18156,1.20703,0
4.18453,1.15792,0
4.18677,1.15846,0
4.19017,-1.14917,0
4.19126,0.54116,0
4.19233,-1.153,0
4.1924,0.23068,0
4.18974,-1.21916,0
4.193,0.41415,0
4.19239,0.69872,0
4.22209,-1.16266,0
4.14702,1.30591,0
4.147,1.27378,0
4.1535,1.27652,0
4.15492,1.28469,0
4.20539,-1.1668,0
4.15577,-1.24531,0
4.21169,1.07088,0
4.21075,0.49806,0
4.20398,1.03887,0
4.21986,0.98022,0
4.20551,0.71194,0
4.20963,0.49014,0
4.20044,0.78011,0
4.20987,0.49232,0
4.19992,0.8766,0
4.20647,0.40169,0
4.1975,0.64052,0
4.22113,1.10445,0
4.1975,0.54661,0
4.15522,-1.28553,0
4.2142,1.2113,0
4.19499,0.2887,0
4.21418,0.60093,0
4.19783,0.26273,0
4.22688,1.20018,0
4.19411,0.36107,0
4.20685,0.88308,0
4.21604,0.7071,0
4.19663,0.85036,0
4.20193,0.51441,0
4.22015,0.88252,0
4.19535,0.66984,0
4.20542,1.10151,0
4.2019,0.65186,0
4.19675,0.57106,0
4.21847,1.20917,0
4.19776,0.68132,0
4.07925,-1.28539,0
4.21451,1.11908,0
4.20002,0.70625,0
4.19781,1.18378,0
4.19855,0.85068,0
4.20262,0.37887,0
4.21389,0.98135,0
4.19657,0.57098,0
4.15826,-1.25299,0
4.20398,0.88602,0
4.19817,0.58628,0
4.20918,0.77784,0
4.21328,0.6778,0
4.20464,0.67974,0
4.21169,1.10988,0
4.20747,0.94214,0
4.19933,0.39461,0
4.21238,1.03176,0
4.2032,0.4053,0
4.20423,0.93401,0
4.19704,0.46006,0
4.20709,0.8553,0
4.21565,0.98506,0
4.21567,-1.17069,0
4.19704,-1.18441,0
4.28714,-1.05099,0
4.27232,-1.03937,0
4.26311,-1.1127,0
4.26152,-1.0965,0
4.2446,-0.26888,0
4.24633,-0.27972,0
4.31815,-0.95459,0
4.31017,-0.98993,0
4.32049,-0.97157,0
4.22386,-1.18378,0
4.22153,-1.18098,0
4.20646,1.21462,0
4.19665,-1.22256,0
4.06385,1.44498,0
4.29974,-1.03168,0
4.30338,-1.01554,0
4.30397,-0.9997,0
4.06726,1.45975,0
4.30995,-1.02119,0
4.06919,1.45566,0
4.24779,-0.26392,0
4.11675,1.39246,0
4.20357,-1.20825,0
4.1256,1.37336,0
4.2965,-1.0607,0
4.08372,1.42515,0
4.29391,-1.05952,0
4.26568,-1.11502,0
4.14311,1.36701,0
4.21532,1.24819,0
4.20813,-1.21387,0
4.19995,1.28135,0
4.20338,1.28022,0
4.24048,-1.14949,0
4.21614,0.45495,0
4.16583,1.33372,0
4.16307,1.34835,0
4.15855,1.34832,0
4.24952,-1.15273,0
4.33792,-0.98885,0
4.33263,-0.89326,0
4.28603,-0.52958,0
4.27231,-0.365,0
4.2986,-0.59999,0
4.2704,-0.38707,0
4.24875,-0.23988,0
4.3126,-0.75428,0
4.25704,-0.20325,0
4.28001,-0.40995,0
4.30125,-0.66282,0
4.26845,-0.36742,0
4.25801,-0.27956,0
4.23591,-0.08312,0
4.28671,-0.47415,0
4.31737,-0.73165,0
4.34024,-0.99259,0
4.32169,-0.77431,0
4.30096,-0.58001,0
4.32982,-0.83493,0
4.29902,-0.55976,0
4.34059,-0.88172,0
4.26724,-0.25834,0
4.282,-0.39009,0
4.34117,-0.90541,0
4.25867,-0.15084,0
4.33095,-0.83466,0
4.25045,-0.10109,0
4.28494,-0.39782,0
4.06054,1.49103,0
4.34416,-0.91983,0
4.29169,-0.43721,0
4.2954,-0.47289,0
4.25162,-0.07657,0
4.22341,0.18372,0
4.30667,-1.05218,0
4.32193,-1.04925,0
4.10644,1.4174,0
4.32057,-1.03702,0
4.34608,-0.74438,0
4.26847,-0.21015,0
4.29656,-0.44406,0
4.28124,-0.24256,0
4.3545,-0.83696,0
4.30984,-0.45869,0
4.34997,-0.75714,0
4.32979,-0.70452,0
4.32056,-0.583,0
4.31279,-0.50381,0
4.2829,-0.2652,0
4.34883,-0.8889,0
4.34309,-0.77137,0
4.26819,-0.1802,0
4.01642,1.51308,0
4.30684,-0.53833,0
4.3057,-0.52816,0
4.27357,-0.21693,0
4.32964,-0.73866,0
4.31411,-0.60672,0
4.29918,-0.48123,0
4.26602,-0.12668,0
4.3367,-0.6519,0
4.02094,1.50068,0
4.35045,-0.90502,0
4.35363,-0.93592,0
4.28646,-0.36327,0
4.34886,-0.84418,0
4.27052,-1.14043,0
4.27833,-1.13204,0
4.2299,0.38298,0
4.2269,0.6249,0
4.22775,0.26406,0
4.22326,0.58291,0
4.22734,0.28915,0
4.24192,-1.20329,0
4.2299,0.17676,0
4.21982,1.26986,0
4.2205,0.65451,0
4.22349,0.48711,0
4.22961,0.229,0
4.2291,-1.19311,0
4.23115,0.40396,0
4.22559,0.43107,0
4.30242,-1.08925,0
4.28814,-1.10902,0
4.2332,0.59243,0
4.23691,0.44098,0
4.23193,1.24014,0
4.23125,1.16663,0
4.2357,0.78274,0
4.23212,1.02171,0
4.23262,0.68667,0
4.23644,0.26153,0
4.22737,1.26429,0
4.2179,-1.21837,0
4.23291,0.52425,0
4.23178,0.40412,0
4.23557,0.59984,0
4.19148,1.30102,0
4.26287,-1.15797,0
4.19207,1.32106,0
4.24093,0.08445,0
4.31154,-1.07149,0
4.30347,-0.3785,0
4.08607,1.43258,0
4.26851,-0.08901,0
4.29244,-0.28445,0
4.29269,-0.31038,0
4.30186,-0.3518,0
4.25151,0.08772,0
3.99884,1.51617,0
4.24021,0.20759,0
4.27196,-0.08065,0
4.31402,-0.43141,0
4.37355,-0.86166,0
4.34262,-0.67993,0
4.3802,-0.9116,0
4.3175,-0.38079,0
4.24701,0.16842,0
4.37418,-0.85134,0
4.33133,-0.58055,0
4.37114,-0.74076,0
4.0091,1.51456,0
4.30482,-0.34102,0
4.346,-0.71984,0
4.2573,0.0473,0
4.33463,-0.45449,0
4.36867,-0.82027,0
4.27361,-0.06606,0
4.29625,-0.29005,0
4.33844,-0.57014,0
4.39602,-0.9161,0
4.36089,-0.69925,0
4.30071,-0.26646,0
4.32034,-0.35473,0
4.29749,-0.2116,0
4.35323,-0.62151,0
4.39045,-0.87702,0
4.01406,1.53797,0
4.05194,1.51855,0
4.36324,-0.66568,0
4.27883,-0.11664,0
4.00366,1.51652,0
4.31785,-0.44625,0
4.33439,-0.60636,0
4.29805,-0.2935,0
4.39298,-0.89223,0
4.35639,-0.62556,0
4.00884,1.53627,0
4.00661,1.55924,0
3.87852,1.55757,0
4.31938,-0.26648,0
3.87896,1.53764,0
4.34909,-0.47168,0
4.39733,-0.78457,0
3.91909,1.53721,0
4.34218,-0.47653,0
4.33152,-0.41552,0
4.34073,-0.49396,0
4.29118,-0.14054,0
3.99383,1.56012,0
3.98857,1.57483,0
3.90364,1.56058,0
3.99822,1.54333,0
4.30854,-0.20421,0
4.00789,1.547,0
3.95443,1.57003,0
4.3867,-0.74967,0
4.32149,-0.34416,0
3.97013,1.55459,0
3.94871,1.54677,0
4.3252,-0.34073,0
3.96182,1.55445,0
4.30925,-0.2491,0
4.25476,0.13107,0
4.34418,-0.51293,0
4.30584,-0.20471,0
4.0141,1.56013,0
4.38224,-0.70344,0
3.94669,1.54527,0
4.39308,-0.84607,0
4.4008,-0.79286,0
3.94629,1.54264,0
4.35194,-0.4824,0
4.38764,-0.73169,0
3.87674,1.57211,0
4.36031,-0.46233,0
4.35626,-0.48491,0
3.88491,1.57103,0
3.83056,1.6232,0
3.79641,1.57762,0
3.89292,1.61561,0
4.41639,-0.77442,0
4.34889,-0.36921,0
4.3943,-0.56351,0
3.92315,1.57507,0
4.40176,-0.52814,0
4.34816,-0.32077,0
4.40742,-0.70413,0
3.87014,1.56495,0
3.86389,1.5862,0
4.29125,-0.06009,0
3.92532,1.57287,0
4.41888,-0.72086,0
3.8899,1.58797,0
4.27505,0.05207,0
3.92628,1.57145,0
4.37974,-0.46477,0
4.24782,0.19342,0
4.30361,-0.05157,0
3.79596,1.61818,0
3.89719,1.62884,0
3.92961,1.58491,0
4.25514,0.16036,0
4.39192,-0.61656,0
3.80171,1.58285,0
4.36227,-0.3461,0
4.39959,-0.75309,0
4.42658,-0.68573,0
4.40273,-0.65321,0
3.85909,1.55917,0
4.37681,-0.6216,0
4.32804,-0.23238,0
3.96055,1.62156,0
3.91543,1.63138,0
4.39593,-0.6218,0
4.43001,-0.75657,0
4.38225,-0.43818,0
4.40606,-0.56169,0
4.39881,-0.6118,0
4.39144,-0.58515,0
4.38725,-0.62677,0
3.85932,1.61812,0
3.87296,1.58913,0
3.91599,1.63248,0
4.31176,-0.19504,0
3.94601,1.61749,0
4.29016,-0.03145,0
3.89591,1.57243,0
3.90628,1.64077,0
4.41914,-0.67932,0
3.87136,1.58789,0
4.35732,-0.37262,0
4.3301,-0.1816,0
4.31486,-0.09785,0
4.36685,-0.37706,0
4.28645,0.03793,0
4.36947,-0.45915,0
4.41782,-0.68612,0
4.33305,-0.25943,0
4.3144,-0.22255,0
3.97138,1.59723,0
4.34396,-0.3875,0
4.29091,-0.01274,0
3.85196,1.58174,0
4.41216,-0.68524,0
4.39083,-0.5167,0
4.37384,-0.42014,0
4.31765,-0.22544,0
3.91325,1.6338,0
4.39888,-0.64728,0
4.35758,-0.37991,0
3.95705,1.62369,0
3.95788,1.61325,0
4.36134,-0.3679,0
3.85585,1.58354,0
4.24781,0.2327,0
4.38506,-0.64843,0
4.3774,-0.54979,0
3.80826,1.59578,0
4.42702,-0.75717,0
3.94715,1.61396,0
3.83009,1.57616,0
4.34891,-0.32588,0
4.38776,-0.59943,0
4.34737,-0.34203,0
3.85942,1.57438,0
4.29325,0.00696,0
4.43776,-0.7301,0
3.92589,1.58003,0
4.36637,-0.4386,0
4.36327,-0.36575,0
3.79223,1.60483,0
4.46057,-0.67793,0
3.90949,1.69505,0
4.38854,-0.44928,0
4.4576,-0.61762,0
4.47522,-0.68229,0
4.30006,0.04443,0
4.44067,-0.70249,0
3.75509,1.6174,0
4.45689,-0.6824,0
3.76171,1.67233,0
3.80244,1.63617,0
3.74964,1.63151,0
4.47004,-0.69616,0
4.40637,-0.44104,0
3.89667,1.68116,0
4.4477,-0.67186,0
3.77351,1.66454,0
3.84902,1.64069,0
4.42991,-0.62038,0
4.45872,-0.68145,0
3.80032,1.62876,0
3.90331,1.66853,0
4.42622,-0.54094,0
3.82218,1.65267,0
4.46599,-0.65621,0
3.81807,1.62632,0
3.90377,1.65918,0
3.91404,1.65222,0
3.79981,1.65721,0
4.44079,-0.54977,0
3.78691,1.62386,0
4.40062,-0.38431,0
4.25067,0.23933,0
4.43024,-0.55346,0
3.82835,1.68681,0
4.28967,0.07123,0
4.43507,-0.57502,0
4.29011,0.08986,0
4.42727,-0.59891,0
3.78582,1.67157,0
4.33987,-0.20018,0
4.39209,-0.38734,0
4.33433,-0.11125,0
3.8347,1.63268,0
4.39249,-0.44858,0
4.42935,-0.58855,0
3.80816,1.6829,0
4.42333,-0.61221,0
3.74848,1.64255,0
3.72021,1.63327,0
4.38518,-0.40305,0
3.75012,1.66474,0
4.36815,-0.24244,0
4.38449,-0.40294,0
4.33148,-0.13474,0
4.34699,-0.21589,0
3.7862,1.66947,0
4.30547,-0.04071,0
4.37115,-0.25581,0
4.41498,-0.57113,0
4.34735,-0.20379,0
4.29688,0.02007,0
4.38128,-0.29889,0
4.44751,-0.65873,0
3.7251,1.64191,0
3.76302,1.62255,0
4.40862,-0.43735,0
4.41477,-0.57639,0
4.35536,-0.28056,0
4.33631,-0.17231,0
4.27049,0.14139,0
3.79681,1.67045,0
4.34883,-0.24241,0
4.31952,-0.10294,0
4.44381,-0.6325,0
3.80264,1.66486,0
4.30244,0.04884,0
4.334,-0.1374,0
3.8902,1.68325,0
4.44396,-0.62926,0
3.6752,1.63314,0
3.84933,1.64443,0
4.44452,-0.66977,0
3.88414,1.63907,0
3.67886,1.65152,0
3.75241,1.66214,0
4.40681,-0.45883,0
4.32282,-0.06186,0
4.45312,-0.76441,0
4.46752,-0.74003,0
3.6721,1.71685,0
4.48746,-0.53851,0
4.34011,0.03736,0
4.45483,-0.37803,0
4.28192,0.1791,0
4.42392,-0.33854,0
4.33361,0.0707,0
4.271,0.29026,0
3.63592,1.68436,0
3.68223,1.683,0
4.41562,-0.2555,0
4.46176,-0.47935,0
4.27722,0.19101,0
4.43217,-0.34777,0
4.32896,0.00413,0
4.45327,-0.57073,0
4.41544,-0.303,0
4.47447,-0.49387,0
4.46169,-0.46371,0
3.81569,1.7377,0
4.40436,-0.18813,0
3.61399,1.69767,0
3.79153,1.77849,0
4.44745,-0.51033,0
4.28566,0.18496,0
4.30156,0.09382,0
4.38435,-0.19037,0
3.52573,1.71273,0
4.47406,-0.48604,0
4.27291,0.19215,0
3.81934,1.77595,0
4.46354,-0.45103,0
4.50797,-0.58098,0
4.43191,-0.25076,0
4.44477,-0.29951,0
3.63816,1.70347,0
4.37167,-0.15975,0
4.3018,0.06802,0
4.28896,0.21957,0
4.45292,-0.49507,0
4.49981,-0.49959,0
4.36511,-0.16012,0
4.29247,0.15485,0
3.81091,1.77053,0
4.30364,0.10402,0
3.64255,1.70987,0
4.47165,-0.47376,0
4.44089,-0.42826,0
3.72992,1.70073,0
4.47252,-0.47518,0
4.36254,-0.09491,0
3.80065,1.78904,0
4.43825,-0.3281,0
3.80777,1.69378,0
4.32175,0.06392,0
4.34518,0.0178,0
4.49559,-0.4767,0
4.49725,-0.59741,0
4.34431,0.00335,0
3.79368,1.71464,0
4.34916,-0.11813,0
4.36833,-0.0808,0
3.65911,1.72071,0
4.36446,-0.13184,0
4.33783,-0.07181,0
4.28337,0.16627,0
3.68021,1.69605,0
4.30775,0.08245,0
3.63182,1.72895,0
4.2841,0.24414,0
4.36736,-0.21648,0
3.82333,1.74077,0
4.26685,0.29323,0
3.6528,1.74403,0
4.44742,-0.36867,0
4.34552,-0.02489,0
3.7256,1.77089,0
3.59284,1.73014,0
4.40461,-0.30186,0
4.37696,-0.19696,0
4.28681,0.19252,0
3.73255,1.70086,0
3.80465,1.76737,0
4.44888,-0.5021,0
3.58667,1.72846,0
3.78054,1.73369,0
4.4069,-0.33935,0
3.76549,1.77838,0
4.42384,-0.36461,0
3.76313,1.6981,0
4.47073,-0.47127,0
4.36679,-0.08156,0
3.70772,1.68755,0
4.3127,0.09102,0
3.77092,1.7832,0
4.32707,0.05967,0
4.26174,0.2744,0
4.28915,0.19323,0
4.43929,-0.51825,0
4.48994,-0.47738,0
4.47735,-0.46393,0
3.8085,1.77725,0
4.45193,-0.53676,0
4.35922,-0.10156,0
3.74363,1.6842,0
3.77009,1.7553,0
4.39761,-0.16559,0
4.39441,-0.14581,0
3.78577,1.77755,0
4.49577,-0.50468,0
3.73319,1.68786,0
4.50137,-0.50808,0
4.27784,0.1982,0
4.25526,0.28419,0
4.3777,-0.08013,0
4.34545,-0.11322,0
4.51752,-0.54612,0
4.42327,-0.22568,0
4.38436,-0.26281,0
4.50031,-0.50574,0
3.6834,1.6746,0
3.73869,1.7071,0
4.32516,0.03286,0
3.65841,1.74443,0
3.63234,1.66027,0
4.50805,-0.55197,0
4.41399,-0.25032,0
3.69491,1.72093,0
4.48228,-0.54411,0
3.71861,1.76277,0
4.46323,-0.61247,0
4.26953,0.19824,0
3.75646,1.73868,0
4.44875,-0.42657,0
4.42658,-0.44961,0
4.48158,-0.44451,0
4.27044,0.23753,0
3.77506,1.77058,0
4.41044,-0.24294,0
4.4473,-0.37483,0
4.37844,-0.18476,0
4.40203,-0.28072,0
3.57373,1.71257,0
4.46355,-0.38396,0
3.68895,1.71288,0
4.45436,-0.51506,0
4.4263,-0.34856,0
4.31918,0.06204,0
3.76112,1.77415,0
3.5736,1.72018,0
3.68512,1.7206,0
4.24492,0.30835,0
4.36031,-0.06899,0
3.68416,1.75804,0
4.39678,-0.26783,0
3.69463,1.72136,0
4.4523,-0.41448,0
4.33901,-0.07096,0
4.24816,0.31745,0
3.76491,1.77885,0
4.33838,0.02086,0
3.78378,1.71093,0
4.42904,-0.28536,0
4.44059,-0.29313,0
4.42733,-0.26558,0
3.74362,1.72867,0
3.8156,1.76027,0
3.65818,1.6847,0
4.45691,-0.32285,0
3.57201,1.73115,0
4.32068,0.13173,0
4.38452,-0.0716,0
4.42967,-0.21685,0
4.28371,0.2643,0
4.24338,0.38461,0
4.31106,0.174,0
4.50781,-0.48757,0
3.53482,1.72337,0
4.44377,-0.28053,0
3.69941,1.76807,0
4.43621,-0.24877,0
4.53364,-0.56141,0
4.52053,-0.51458,0
4.4796,-0.60981,0
4.50152,-0.60642,0
3.83232,1.78815,0
3.83574,1.74633,0
3.52318,1.81204,0
3.70549,1.79799,0
4.47818,-0.30891,0
4.36068,0.08532,0
4.34321,0.17701,0
4.40118,-0.03331,0
4.42011,-0.05021,0
3.50092,1.79283,0
4.48025,-0.25615,0
3.71639,1.86858,0
4.33118,0.15094,0
4.48876,-0.30314,0
4.39117,-0.00427,0
3.66949,1.86645,0
3.71675,1.78425,0
4.51866,-0.39806,0
4.3476,0.07809,0
4.42268,-0.0914,0
4.35491,0.12222,0
4.46624,-0.19056,0
4.52946,-0.38875,0
3.71752,1.87911,0
3.60157,1.75118,0
3.64795,1.79411,0
4.52271,-0.46965,0
4.29216,0.32298,0
3.57604,1.75896,0
4.25398,0.36643,0
3.51824,1.74589,0
4.51448,-0.4209,0
4.53051,-0.33565,0
3.50356,1.79025,0
3.46987,1.7613,0
3.56749,1.78603,0
3.47985,1.75439,0
4.24316,0.42867,0
4.34505,0.09711,0
3.58508,1.82186,0
4.44994,-0.26335,0
4.34482,0.13404,0
4.50548,-0.29824,0
3.72722,1.80182,0
3.67626,1.77744,0
4.32842,0.21411,0
4.35911,0.04814,0
4.28092,0.30054,0
4.47847,-0.31322,0
3.68676,1.87295,0
3.522,1.73905,0
4.44667,-0.12306,0
3.58748,1.80631,0
4.54355,-0.3731,0
4.26489,0.34756,0
4.38532,0.04249,0
3.63879,1.83361,0
3.68976,1.80055,0
4.39348,0.01991,0
4.4433,-0.16214,0
4.45896,-0.22895,0
4.44503,-0.19423,0
4.47417,-0.30121,0
4.45768,-0.18263,0
4.5186,-0.46847,0
3.58472,1.79999,0
4.45867,-0.2957,0
4.38508,0.06187,0
4.47643,-0.30354,0
4.54927,-0.38142,0
3.73226,1.85346,0
3.70819,1.85565,0
4.36255,0.09725,0
3.54971,1.74987,0
4.50949,-0.28723,0
4.37779,0.06027,0
4.50759,-0.43736,0
4.45985,-0.16301,0
4.40205,-0.02018,0
4.30906,0.21303,0
4.34336,0.12407,0
4.45668,-0.29425,0
4.32459,0.22157,0
4.4372,-0.13988,0
4.33451,0.1855,0
4.32772,0.16486,0
4.41346,-0.02346,0
4.49509,-0.39939,0
3.70315,1.87846,0
4.51869,-0.38666,0
3.64541,1.80509,0
3.6566,1.80493,0
3.59481,1.8031,0
3.55579,1.77222,0
3.66454,1.80414,0
4.30722,0.21553,0
4.5499,-0.4616,0
4.43585,-0.12706,0
3.56543,1.78132,0
4.45177,-0.19299,0
4.3719,0.09698,0
4.44459,-0.2064,0
4.37903,-0.02724,0
4.45065,-0.16367,0
4.28457,0.27733,0
4.44771,-0.17516,0
4.50544,-0.38741,0
4.49546,-0.30186,0
4.44688,-0.17671,0
3.71651,1.83609,0
3.66326,1.82893,0
4.54185,-0.37186,0
4.472,-0.34846,0
3.63206,1.83847,0
4.33584,0.11456,0
4.51398,-0.32968,0
4.30149,0.26613,0
3.51537,1.80182,0
4.50673,-0.35937,0
4.44882,-0.18298,0
3.63568,1.82807,0
3.59678,1.86534,0
3.57275,1.83963,0
4.33049,0.24194,0
4.53379,-0.33804,0
4.53516,-0.28818,0
4.40554,0.05549,0
4.55825,-0.3654,0
4.36497,0.13254,0
4.34043,0.19612,0
4.49105,-0.19045,0
4.53981,-0.29969,0
3.58849,1.85925,0
4.41204,0.01327,0
4.31554,0.28454,0
3.60714,1.86405,0
3.64761,1.8941,0
4.53241,-0.30687,0
4.47668,-0.17015,0
4.44705,-0.09893,0
3.66536,1.87625,0
3.6381,1.88836,0
4.50522,-0.21762,0
3.64012,1.88109,0
4.56329,-0.39826,0
3.64103,1.88353,0
4.56941,-0.42332,0
4.29704,0.32211,0
4.57952,-0.41736,0
3.6763,1.89084,0
4.38324,0.08947,0
4.54342,-0.33552,0
4.47237,-0.16073,0
4.5613,-0.35381,0
4.29104,0.3322,0
4.52613,-0.27723,0
4.36403,0.1418,0
4.35835,0.164,0
4.45622,-0.10789,0
4.29456,0.34203,0
4.45709,-0.0888,0
4.38913,0.25336,0
4.41067,0.06768,0
1.39352,-1.86006,0
3.36716,1.88506,0
4.60843,-0.08522,0
4.40646,0.31232,0
4.35151,0.39337,0
4.40352,0.18982,0
4.2907,0.41208,0
2.02408,-1.46954,0
4.36445,0.26493,0
3.47086,1.88872,0
3.42489,1.87477,0
3.41279,1.87386,0
4.52695,0.07642,0
4.36014,0.38583,0
2.06391,-1.46733,0
3.52243,1.85707,0
1.82226,-1.57313,0
4.43012,0.20195,0
3.396,1.86545,0
3.42027,2.01322,0
4.35375,0.24417,0
3.4634,1.97414,0
4.44438,0.0571,0
4.52037,0.00059,0
4.51895,-0.12582,0
4.55082,-0.11345,0
4.2709,0.53518,0
1.86253,-1.54273,0
1.86217,-1.60993,0
1.93439,-1.48283,0
1.35692,-1.90872,0
4.35006,0.30399,0
1.69168,-1.65376,0
1.95518,-1.5414,0
3.52268,1.88517,0
4.61908,-0.06474,0
4.42516,0.07041,0
4.52139,0.06574,0
4.54753,-0.02513,0
3.18738,1.95805,0
4.48879,-0.12356,0
3.27218,1.93651,0
4.38409,0.19559,0
1.2381,-1.96516,0
4.41709,0.31457,0
4.37023,0.16881,0
4.44163,0.2255,0
3.28142,1.91425,0
4.58899,-0.03284,0
4.3593,0.41893,0
1.68071,-1.69853,0
4.48043,0.1712,0
1.80837,-1.61105,0
1.70547,-1.7105,0
4.30994,0.49929,0
1.69784,-1.66598,0
4.45269,0.18213,0
4.45643,0.06401,0
2.1048,-1.47375,0
3.50271,1.94731,0
3.42731,1.82304,0
1.84938,-1.58856,0
4.3287,0.46199,0
4.43383,0.08825,0
4.42448,0.04044,0
4.41306,0.15245,0
1.59884,-1.75221,0
1.97302,-1.52693,0
3.45025,2.03636,0
3.23164,1.98182,0
1.76902,-1.6681,0
3.38369,1.95098,0
4.47176,0.19485,0
4.24241,0.50355,0
1.8281,-1.57895,0
1.55942,-1.73544,0
4.38024,0.13195,0
2.19184,-1.43491,0
4.36932,0.36249,0
4.55061,-0.06014,0
1.99981,-1.49329,0
4.50494,-0.05689,0
1.76564,-1.60623,0
3.25654,2.00223,0
3.18226,1.96929,0
2.12703,-1.4583,0
2.05379,-1.46251,0
1.90176,-1.58193,0
4.37464,0.37024,0
4.32777,0.33938,0
1.83235,-1.57175,0
3.41305,1.86372,0
4.60227,-0.07255,0
4.36832,0.39556,0
1.38332,-1.88413,0
3.45005,1.8565,0
1.92356,-1.51748,0
4.27465,0.43552,0
4.33613,0.3489,0
4.33131,0.26148,0
1.89651,-1.57391,0
4.29061,0.40531,0
1.8872,-1.51884,0
4.40472,0.22232,0
4.60805,-0.0904,0
3.42754,1.88729,0
3.35939,2.02869,0
4.36171,0.28064,0
4.52595,0.0452,0
1.87987,-1.53751,0
4.2941,0.42966,0
2.0773,-1.42404,0
3.43158,2.07071,0
1.35647,-1.90799,0
4.38485,0.27493,0
1.43043,-1.84233,0
4.45352,-0.02105,0
3.37493,1.89118,0
1.4512,-1.84898,0
4.27936,0.43131,0
4.46503,0.14202,0
3.40924,1.84247,0
2.12119,-1.41737,0
3.29351,1.88671,0
3.42926,1.97846,0
1.91098,-1.53859,0
4.39814,0.22906,0
4.49586,-0.01993,0
4.35858,0.28047,0
4.42625,0.00921,0
2.13137,-1.46205,0
4.3358,0.24348,0
4.28888,0.39088,0
4.58241,-0.09163,0
4.27259,0.57354,0
2.13677,-1.45045,0
1.99546,-1.53764,0
3.34597,1.93712,0
2.1131,-1.45133,0
3.27487,2.02211,0
4.34775,0.35748,0
4.57378,-0.03256,0
1.88942,-1.52018,0
2.01223,-1.48937,0
1.795,-1.61768,0
2.01427,-1.46164,0
3.44721,2.02778,0
4.30837,0.33846,0
4.29982,0.33876,0
4.36088,0.23777,0
4.48885,0.18679,0
1.94982,-1.48953,0
1.66564,-1.70583,0
3.30767,1.99639,0
4.30713,0.50127,0
4.41424,0.23929,0
4.47726,-0.00218,0
1.55434,-1.79237,0
4.46302,0.0374,0
1.56078,-1.7469,0
4.30887,0.40801,0
1.50197,-1.79575,0
4.5722,-0.05328,0
2.01518,-1.48177,0
4.55959,-0.01474,0
3.46855,1.89717,0
2.01386,-1.4332,0
1.53611,-1.77427,0
4.37956,0.13427,0
4.51603,-0.0416,0
4.43036,0.15934,0
4.46613,0.11939,0
3.22041,1.98985,0
4.45988,0.12337,0
4.33425,0.46588,0
1.5032,-1.78015,0
4.40503,0.31741,0
3.41645,1.92447,0
1.82201,-1.6041,0
1.38464,-1.85262,0
1.98396,-1.52702,0
4.52044,-0.06672,0
4.24304,0.60137,0
3.38738,2.00623,0
3.42266,2.04158,0
4.55944,-0.11042,0
1.86131,-1.56492,0
4.48829,0.08926,0
3.37974,1.9254,0
4.42114,0.26629,0
3.43271,2.00244,0
4.34975,0.43329,0
1.77985,-1.63286,0
2.14234,-1.46797,0
3.32284,1.9658,0
2.0628,-1.47443,0
4.59989,-0.04256,0
1.80679,-1.58038,0
3.47535,1.8433,0
4.4148,0.06962,0
1.87497,-1.53453,0
1.54731,-1.78532,0
1.90662,-1.57933,0
4.51383,-9e-05,0
4.47193,-0.03936,0
3.37234,2.06613,0
3.43785,1.86388,0
1.81576,-1.63781,0
2.10014,-1.48738,0
1.85111,-1.61747,0
4.50373,0.10269,0
1.29156,-1.93586,0
4.26231,0.57245,0
3.35241,1.96249,0
3.27942,1.91366,0
3.42187,1.97843,0
4.26356,0.58179,0
2.05752,-1.51335,0
4.46124,0.03744,0
2.04902,-1.45333,0
3.47228,1.9379,0
1.82181,-1.57105,0
4.43531,0.0129,0
4.57231,-0.00407,0
4.48399,0.0407,0
4.58678,-0.03871,0
1.77456,-1.63317,0
3.41138,2.09206,0
4.54289,0.05921,0
2.13642,-1.45737,0
1.25304,-1.96594,0
3.35423,1.87842,0
4.26042,0.56291,0
3.41104,1.86369,0
4.35049,0.24838,0
3.54764,1.86804,0
1.77268,-1.59674,0
4.56413,-0.0308,0
4.40127,0.22093,0
4.37023,0.19116,0
4.44872,-0.04221,0
1.40004,-1.87873,0
3.40595,1.89903,0
1.73097,-1.65422,0
4.42156,0.25101,0
4.51809,0.11677,0
2.19023,-1.4309,0
4.54456,0.08256,0
2.03387,-1.41392,0
4.35534,0.4274,0
4.28818,0.50491,0
4.4018,0.19836,0
4.41164,0.05158,0
4.37038,0.36097,0
4.41281,0.21473,0
3.29508,1.92536,0
4.529,-0.0862,0
3.395,2.01316,0
4.52706,-0.07592,0
4.5412,0.05674,0
3.44857,1.97501,0
3.31736,1.91426,0
3.50919,1.87745,0
3.30956,1.8845,0
3.35898,1.9149,0
4.35249,0.38623,0
1.95517,-1.52633,0
4.45446,0.11592,0
1.86406,-1.56655,0
4.34412,0.39539,0
1.96053,-1.55302,0
3.42542,2.07411,0
4.41405,0.11887,0
1.92617,-1.53642,0
4.30906,0.46196,0
4.52745,-0.00576,0
4.33371,0.46913,0
1.65562,-1.7056,0
1.63716,-1.69604,0
2.04766,-1.45974,0
3.33766,2.02614,0
1.90245,-1.50562,0
4.44975,0.24243,0
2.10287,-1.43152,0
3.3083,2.00105,0
1.51506,-1.79299,0
3.37306,2.05368,0
3.41176,1.99047,0
1.79383,-1.57827,0
4.53136,-0.02649,0
3.45238,1.97568,0
1.74254,-1.64415,0
4.40321,0.33631,0
3.49078,1.85392,0
4.46105,0.16806,0
3.4627,1.98384,0
1.88135,-1.57135,0
4.26291,0.58998,0
1.91818,-1.55996,0
2.00724,-1.50701,0
1.68775,-1.65704,0
1.69902,-1.64503,0
1.39701,-1.86541,0
3.40815,1.90125,0
4.3745,0.16841,0
3.2454,1.95953,0
3.47851,1.93599,0
1.56528,-1.73107,0
4.5085,0.0192,0
3.27817,2.00825,0
3.49076,1.86331,0
4.3374,0.33707,0
3.31092,1.99505,0
4.51519,-0.0804,0
4.45699,0.03112,0
4.37881,0.35974,0
3.42782,1.90769,0
3.35401,1.9305,0
3.45256,1.92223,0
2.16737,-1.42874,0
4.60938,-0.07916,0
4.49272,0.15589,0
4.41357,0.25575,0
4.36338,0.25359,0
3.48326,1.92686,0
1.21161,-1.98321,0
4.30423,0.34688,0
1.6041,-1.71719,0
4.50627,0.13759,0
3.46139,1.86544,0
1.35123,-1.89919,0
4.35529,0.36652,0
3.4983,1.96548,0
4.46275,-0.021,0
3.42769,1.8371,0
4.51773,-0.12621,0
3.39485,1.94422,0
3.28274,1.98401,0
2.18976,-1.43113,0
1.52511,-1.7593,0
4.517,0.10813,0
3.50991,1.93157,0
3.23131,1.98127,0
1.67729,-1.69208,0
3.47581,1.96673,0
4.56407,0.00812,0
4.48038,0.16937,0
3.30898,1.9232,0
1.9162,-1.56507,0
4.40657,0.3327,0
4.60898,-0.07389,0
3.30754,2.03563,0
4.35514,0.34805,0
4.2928,0.35472,0
2.14485,-1.43091,0
4.53983,-0.09131,0
3.34052,1.93731,0
3.50015,1.89289,0
1.70315,-1.64329,0
3.36849,1.96827,0
1.65799,-1.73769,0
4.34244,0.27161,0
4.43364,0.15724,0
4.34171,0.36733,0
4.39254,0.1947,0
3.50893,1.9178,0
4.59384,-0.12211,0
4.54367,-0.14944,0
3.515,1.97079,0
3.52847,1.96011,0
4.57199,-0.144,0
4.55548,-0.13326,0
4.5904,-0.13432,0
4.55669,-0.15787,0
3.51616,1.95001,0
3.5394,1.89395,0
4.61207,-0.12951,0
4.61402,-0.11097,0
3.53998,1.90093,0
4.55284,-0.16079,0
3.51401,1.96804,0
3.5069,2.00532,0
4.55721,-0.19691,0
3.56836,1.9429,0
3.54486,1.95812,0
4.59329,-0.18461,0
3.60026,1.89454,0
4.54495,-0.18685,0
4.53588,-0.21882,0
3.54568,1.97405,0
4.58057,-0.17822,0
3.59278,1.88699,0
4.55309,-0.17768,0
3.57837,1.90263,0
4.54851,-0.17907,0
4.55614,-0.17333,0
3.53801,1.98548,0
4.5782,-0.19824,0
3.52091,2.02186,0
4.56624,-0.20263,0
4.62358,-0.14959,0
4.5455,-0.1731,0
3.51521,2.0364,0
3.57242,1.97198,0
4.62886,-0.23337,0
3.56757,1.96432,0
4.54889,-0.2645,0
3.60746,1.89724,0
4.57797,-0.22432,0
4.58863,-0.21994,0
3.60363,1.90605,0
4.55792,-0.2338,0
4.5568,-0.22616,0
3.58204,1.97902,0
4.62114,-0.26585,0
3.5975,1.97692,0
3.60167,1.97467,0
3.62673,1.95018,0
4.59886,-0.27599,0
4.64224,-0.1344,0
4.63198,-0.13495,0
3.50148,2.07141,0
3.82984,1.81083,0
3.84325,1.78702,0
3.85138,1.72841,0
3.80138,1.83468,0
4.57141,-0.53096,0
3.82136,1.81562,0
4.55071,-0.54109,0
3.86365,1.72489,0
4.55973,-0.52744,0
4.53231,-0.53487,0
4.54319,-0.54948,0
4.54222,-0.55447,0
3.85794,1.77184,0
4.57613,-0.54726,0
3.79952,1.86313,0
3.75002,1.86776,0
4.58028,-0.4468,0
3.78776,1.86894,0
4.55685,-0.32571,0
3.75294,1.8943,0
4.58968,-0.39748,0
3.76024,1.89485,0
4.56841,-0.35579,0
3.73878,1.87637,0
4.56154,-0.32727,0
3.80437,1.86029,0
3.74588,1.90279,0
4.56418,-0.30897,0
3.73255,1.91284,0
3.71952,1.89976,0
4.57426,-0.29769,0
4.57493,-0.30098,0
3.72714,1.90615,0
3.72644,1.91774,0
3.71124,1.90996,0
3.71421,1.91401,0
4.59597,-0.34049,0
4.59363,-0.33042,0
4.59504,-0.349,0
4.61366,-0.38914,0
3.72233,1.92769,0
4.61456,-0.43299,0
4.60762,-0.32778,0
3.89011,1.7674,0
3.89928,1.77675,0
3.92844,1.71336,0
3.88256,1.75403,0
4.54908,-0.6156,0
3.90597,1.7258,0
3.90539,1.77885,0
4.56097,-0.57832,0
3.89947,1.73157,0
4.56589,-0.55542,0
4.54348,-0.62066,0
4.52848,-0.61168,0
3.89035,1.71667,0
3.89829,1.78367,0
4.55736,-0.57679,0
3.91431,1.70793,0
4.55969,-0.57335,0
4.52436,-0.60802,0
4.59992,-0.50805,0
4.63016,-0.37035,0
4.6456,-0.37911,0
4.61654,-0.31897,0
4.64183,-0.38435,0
4.63875,-0.44418,0
4.62659,-0.43798,0
4.63399,-0.22079,0
4.66304,-0.29152,0
3.64817,1.94087,0
4.67433,-0.30819,0
4.65085,-0.26709,0
4.27336,0.58303,0
4.63473,-0.31343,0
4.3231,0.49584,0
4.63909,-0.28435,0
3.67856,1.92409,0
4.63489,-0.31378,0
3.62632,1.95281,0
3.6393,1.93049,0
3.64436,1.91561,0
3.69459,1.92559,0
4.62942,-0.30591,0
3.68742,1.94272,0
4.28171,0.58977,0
4.63602,-0.22745,0
3.68353,1.92472,0
4.63761,-0.28251,0
4.64609,-0.23767,0
4.67327,-0.30133,0
4.26166,0.64074,0
4.67526,-0.27379,0
4.28736,0.59468,0
4.30025,0.55824,0
4.29993,0.56483,0
3.64263,1.99924,0
3.63781,1.99554,0
3.62837,1.98114,0
4.31393,0.54273,0
4.63294,-0.09592,0
4.47372,0.23126,0
4.64655,-0.15669,0
4.30053,0.58531,0
4.42861,0.30414,0
4.46447,0.24944,0
4.63105,-0.09342,0
4.41906,0.33884,0
4.66828,-0.21047,0
4.37441,0.41579,0
4.28109,0.63025,0
3.58407,2.01257,0
4.32409,0.53029,0
4.37428,0.41618,0
3.60809,2.00652,0
3.71379,1.93919,0
3.70713,1.93935,0
4.63788,-0.34059,0
4.6387,-0.34835,0
4.65832,-0.36564,0
1.59563,-1.7899,0
2.11847,-1.50237,0
1.98393,-1.56989,0
1.60353,-1.7754,0
4.42683,0.37103,0
2.11154,-1.51422,0
4.65661,-0.12519,0
4.25054,0.71916,0
1.67256,-1.7465,0
4.587,0.06578,0
1.22919,-1.98882,0
4.61078,0.02251,0
2.22031,-1.44734,0
4.48938,0.22899,0
1.82302,-1.65915,0
4.43531,0.37301,0
4.60997,0.05467,0
4.55414,0.16071,0
3.53811,2.03587,0
4.6333,-0.04404,0
4.64067,-0.08259,0
4.56318,0.10599,0
4.64791,-0.07958,0
1.58801,-1.78191,0
4.31536,0.56974,0
1.75463,-1.69112,0
4.60644,0.05228,0
1.82856,-1.667,0
4.51022,0.19463,0
4.33704,0.54869,0
1.37465,-1.90718,0
4.65151,-0.10314,0
1.35813,-1.9165,0
4.64963,-0.06195,0
1.90558,-1.61364,0
4.32827,0.54576,0
4.52683,0.12832,0
1.51717,-1.83278,0
4.36146,0.49059,0
1.31138,-1.93929,0
4.25618,0.6859,0
4.58645,0.02446,0
1.67934,-1.74418,0
4.53122,0.1298,0
4.41751,0.41122,0
1.71041,-1.72126,0
1.82907,-1.66262,0
3.52866,2.04192,0
2.1687,-1.47102,0
4.52858,0.15729,0
2.01391,-1.56421,0
4.37443,0.44765,0
1.98619,-1.57768,0
1.36911,-1.90743,0
1.90126,-1.62557,0
4.61793,-0.02976,0
4.64767,-0.06565,0
1.58035,-1.7944,0
2.16275,-1.46807,0
1.96517,-1.5859,0
2.01985,-1.54417,0
4.63304,-0.06069,0
4.42119,0.40633,0
1.2417,-1.97536,0
2.16096,-1.46909,0
4.58688,0.04421,0
4.54399,0.12611,0
4.3908,0.42361,0
1.7602,-1.68689,0
2.15904,-1.4792,0
2.10643,-1.49717,0
4.47383,0.24254,0
3.53056,2.04614,0
4.47238,0.28756,0
4.61118,-0.00219,0
4.51413,0.23178,0
4.4579,0.27578,0
4.49544,0.20473,0
4.45459,0.2966,0
4.49333,0.25666,0
1.38413,-1.9039,0
1.334,-1.92943,0
4.32227,0.56429,0
4.63097,-0.04125,0
1.23325,-1.98721,0
4.53107,0.12094,0
1.69849,-1.72911,0
1.65375,-1.76183,0
4.47451,0.29787,0
4.62193,-0.02746,0
4.49137,0.24083,0
1.7124,-1.71674,0
2.05324,-1.52727,0
2.04185,-1.54813,0
4.43679,0.33482,0
4.51218,0.16699,0
4.36727,0.47535,0
4.36303,0.49887,0
4.59291,0.11451,0
4.66941,-0.01602,0
1.56042,-1.83723,0
1.65818,-1.78656,0
2.07489,-1.55031,0
4.6617,0.03451,0
2.11552,-1.52773,0
4.56036,0.21029,0
1.44697,-1.90516,0
1.36883,-1.93678,0
1.27542,-1.97078,0
4.66241,0.02162,0
1.92186,-1.61756,0
4.32328,0.61176,0
4.54269,0.24219,0
1.289,-1.99179,0
4.49033,0.29796,0
1.67401,-1.78759,0
1.38485,-1.91767,0
1.87537,-1.64474,0
1.93741,-1.64573,0
4.64524,0.0231,0
1.76555,-1.74075,0
4.55631,0.20822,0
4.41374,0.42771,0
1.27158,-1.97429,0
1.46879,-1.90208,0
1.56179,-1.84385,0
4.27889,0.68109,0
2.11211,-1.53242,0
4.49459,0.30868,0
4.37744,0.49935,0
1.41677,-1.92708,0
1.40437,-1.91842,0
1.39572,-1.91002,0
1.60463,-1.79312,0
1.71097,-1.76611,0
1.81655,-1.6752,0
4.31329,0.62603,0
4.57258,0.17942,0
4.41432,0.45746,0
3.45656,2.10149,0
1.45071,-1.9049,0
4.57894,0.13732,0
4.45509,0.34839,0
1.31103,-2.00692,0
1.51428,-1.86041,0
4.28235,0.68659,0
4.3928,0.49381,0
4.56766,0.16078,0
1.54899,-1.86272,0
1.49854,-1.90297,0
1.41641,-1.94041,0
1.55163,-1.82768,0
4.37634,0.49735,0
4.52802,0.24233,0
1.3786,-1.95157,0
4.65035,0.0555,0
1.36215,-1.98118,0
4.43591,0.39271,0
1.6196,-1.83757,0
1.70507,-1.77774,0
4.64993,0.0461,0
1.8046,-1.68206,0
1.67037,-1.77999,0
1.68043,-1.77913,0
1.29995,-1.95847,0
4.34778,0.57198,0
1.74607,-1.74777,0
4.40543,0.45986,0
4.53783,0.19494,0
2.20397,-1.49032,0
1.3154,-1.96045,0
1.49025,-1.87261,0
2.04547,-1.57765,0
2.09981,-1.5493,0
1.32108,-1.97059,0
1.61495,-1.81006,0
1.65103,-1.77702,0
1.98303,-1.58606,0
1.97406,-1.5925,0
4.60379,0.12974,0
1.54547,-1.86335,0
1.74399,-1.74576,0
2.0178,-1.58053,0
1.55979,-1.82335,0
4.29791,0.64397,0
1.65058,-1.79408,0
2.07845,-1.55253,0
4.49884,0.26987,0
1.39041,-1.94695,0
1.66342,-1.80833,0
1.53855,-1.8444,0
1.83922,-1.68896,0
1.48739,-1.88943,0
1.54607,-1.85624,0
4.40162,0.46712,0
4.58541,0.1685,0
1.90071,-1.67236,0
2.04258,-1.55301,0
1.74404,-1.71774,0
4.49165,0.28635,0
4.2972,0.65151,0
2.01216,-1.59753,0
1.66479,-1.79783,0
4.51752,0.24653,0
4.51942,0.27203,0
1.49885,-1.90026,0
1.89485,-1.67594,0
1.42472,-1.90967,0
2.0225,-1.60328,0
2.07793,-1.54115,0
4.34377,0.57003,0
3.42899,2.09552,0
2.1131,-1.52976,0
1.79334,-1.73361,0
4.30091,0.64643,0
1.76485,-1.74114,0
4.64721,0.03026,0
1.5581,-1.86935,0
1.57231,-1.83407,0
4.58628,0.13924,0
1.68904,-1.7603,0
1.66827,-1.75998,0
4.41897,0.44961,0
4.39393,0.49702,0
1.35426,-1.93632,0
1.71414,-1.77456,0
1.68746,-1.76271,0
1.42502,-1.93396,0
1.68314,-1.7619,0
1.74842,-1.72761,0
1.25254,-2.03918,0
1.52145,-1.85908,0
1.82753,-1.70757,0
1.46216,-1.99153,0
3.14037,2.05673,0
4.63419,0.13843,0
1.4589,-2.04493,0
1.52483,-1.96732,0
3.23571,2.09936,0
4.37348,0.57962,0
2.21511,-1.51625,0
4.60203,0.23069,0
1.58438,-1.95727,0
2.07263,-1.65447,0
1.60415,-1.96568,0
4.37561,0.54163,0
4.63922,0.20846,0
1.64881,-1.87784,0
3.16654,2.02054,0
4.56192,0.21788,0
3.2219,2.07721,0
4.41849,0.46642,0
2.01267,-1.63045,0
4.51347,0.30984,0
1.94372,-1.65129,0
4.63567,0.16184,0
2.21539,-1.55848,0
1.75836,-1.76459,0
1.35145,-2.04682,0
2.06336,-1.60242,0
1.59493,-1.86678,0
1.45874,-1.95369,0
4.51682,0.3877,0
4.34633,0.62226,0
4.37007,0.58296,0
1.43734,-2.01708,0
3.17871,2.00652,0
4.51463,0.35612,0
1.98792,-1.63768,0
1.59714,-1.87111,0
3.26287,2.124,0
3.13899,2.06259,0
1.41912,-2.02329,0
3.22435,2.02911,0
1.75232,-1.7808,0
1.53385,-1.92758,0
1.66086,-1.84541,0
1.96307,-1.69922,0
4.57863,0.20297,0
4.6693,0.13582,0
3.31673,2.12362,0
4.59465,0.269,0
4.46402,0.4083,0
1.87698,-1.78361,0
1.43696,-1.97275,0
1.38521,-2.11078,0
1.89804,-1.67658,0
4.31717,0.66187,0
1.60511,-1.93162,0
2.0787,-1.62626,0
1.55304,-1.99574,0
3.35114,2.07969,0
1.60268,-1.91423,0
4.4265,0.49729,0
1.57999,-1.86651,0
2.09537,-1.62875,0
4.67248,0.11966,0
3.35423,2.08218,0
1.39539,-2.04377,0
3.32225,2.14489,0
4.27477,0.72571,0
4.34956,0.62711,0
1.74919,-1.80967,0
4.25218,0.78522,0
1.65171,-1.82898,0
2.12935,-1.54936,0
1.96589,-1.65983,0
1.58745,-1.92438,0
3.11839,2.01497,0
1.62092,-1.83811,0
3.16625,2.0454,0
1.44677,-2.05228,0
1.64318,-1.83791,0
1.62633,-1.88697,0
4.3713,0.59162,0
3.23826,2.08075,0
1.88524,-1.76957,0
3.14772,2.04445,0
4.56625,0.20603,0
4.56319,0.3028,0
4.39861,0.56912,0
1.98864,-1.62945,0
1.60976,-1.8805,0
2.29929,-1.47826,0
4.56629,0.24371,0
4.47889,0.39387,0
2.04184,-1.60661,0
1.82396,-1.78027,0
1.36608,-2.0504,0
1.87808,-1.74891,0
3.2622,2.0701,0
3.25984,2.08925,0
4.64491,0.10384,0
3.13389,2.03592,0
1.87055,-1.72901,0
4.59014,0.2556,0
1.54463,-1.93671,0
3.24114,2.03791,0
1.37974,-1.99144,0
4.42975,0.46526,0
2.14212,-1.58743,0
4.62051,0.21585,0
2.21332,-1.50123,0
4.41543,0.47473,0
4.50172,0.34264,0
3.18594,2.04222,0
3.22246,2.00549,0
3.36786,2.11497,0
1.62444,-1.86037,0
2.20348,-1.56005,0
3.33001,2.10894,0
2.00538,-1.67504,0
4.61948,0.15326,0
4.48028,0.42344,0
4.60982,0.18041,0
4.24765,0.79495,0
4.5383,0.35725,0
2.2681,-1.49682,0
4.47178,0.38938,0
4.455,0.40469,0
4.42544,0.45341,0
3.24715,2.12418,0
1.33856,-2.03138,0
2.03843,-1.60577,0
3.2761,2.07439,0
1.5167,-1.93809,0
4.49757,0.33161,0
4.63546,0.10657,0
4.298,0.69694,0
4.49665,0.33785,0
4.36999,0.56018,0
3.27932,2.13416,0
2.24856,-1.48914,0
4.56959,0.24598,0
1.75318,-1.84423,0
1.63617,-1.88762,0
2.11888,-1.60529,0
1.84418,-1.73714,0
1.93833,-1.69181,0
2.07708,-1.58393,0
4.6036,0.18626,0
4.66672,0.1611,0
4.52432,0.32284,0
1.37185,-2.00287,0
4.63913,0.12978,0
1.48398,-2.00002,0
4.2486,0.75041,0
1.73595,-1.82938,0
4.49777,0.41842,0
2.01325,-1.65571,0
1.65944,-1.93041,0
1.43678,-1.98685,0
4.61122,0.1374,0
3.22789,2.00893,0
4.30715,0.65723,0
1.4798,-1.9367,0
1.672,-1.89867,0
1.48685,-1.96945,0
1.38328,-2.02223,0
4.4447,0.45526,0
3.10371,2.00984,0
1.66636,-1.87454,0
1.54096,-1.91562,0
4.36383,0.59142,0
2.26657,-1.47476,0
3.23967,2.05721,0
1.89421,-1.77115,0
1.47185,-1.93978,0
4.50561,0.40906,0
2.10506,-1.58353,0
2.06561,-1.64594,0
4.529,0.28363,0
3.32808,2.07816,0
2.3098,-1.48733,0
3.30394,2.13504,0
4.65413,0.09309,0
3.22897,2.01032,0
3.30844,2.12966,0
3.29893,2.04957,0
3.18043,2.03891,0
1.84008,-1.71353,0
1.74861,-1.77554,0
3.34408,2.13166,0
3.22417,2.07823,0
3.33639,2.12533,0
1.59005,-1.88877,0
4.24794,0.78566,0
1.67085,-1.90656,0
3.31774,2.09023,0
1.77707,-1.77423,0
1.7908,-1.76414,0
4.57299,0.30831,0
1.66496,-1.85608,0
2.1336,-1.5969,0
1.75394,-1.86025,0
2.14978,-1.55252,0
3.31499,2.11487,0
1.60485,-1.91639,0
1.46765,-1.97428,0
1.50549,-1.96304,0
1.71687,-1.8641,0
1.98734,-1.66612,0
1.41208,-1.99479,0
1.71502,-1.8743,0
3.16739,2.06956,0
3.34224,2.15132,0
1.98517,-1.62818,0
3.28877,2.11009,0
3.25844,2.02709,0
1.5626,-1.91137,0
4.47505,0.44504,0
2.04285,-1.63032,0
1.40192,-2.04758,0
2.21932,-1.49634,0
3.26096,2.06457,0
4.47201,0.40795,0
2.02346,-1.62233,0
1.38305,-2.04508,0
3.28937,2.08249,0
1.45463,-1.95635,0
3.37094,2.10392,0
1.55616,-1.9424,0
4.46225,0.4662,0
2.04228,-1.62464,0
3.16366,2.05303,0
4.43311,0.44355,0
3.33178,2.05917,0
4.65231,0.12168,0
3.27687,2.0317,0
3.20226,2.08555,0
4.56225,0.22422,0
3.25844,2.11689,0
1.51052,-1.96251,0
4.49731,0.41337,0
1.55912,-1.96732,0
4.5412,0.24743,0
1.88403,-1.77429,0
4.35634,0.60586,0
3.21788,2.01856,0
3.20057,2.10117,0
4.30774,0.65074,0
1.45054,-1.97379,0
1.48342,-2.01061,0
2.26669,-1.51971,0
2.0143,-1.67726,0
4.48474,0.36843,0
1.59566,-1.91105,0
1.78439,-1.81626,0
1.64893,-1.86091,0
1.6954,-1.80298,0
4.31276,0.67718,0
3.17595,2.00189,0
4.40043,0.51603,0
3.32536,2.06027,0
4.5656,0.26366,0
3.34229,2.12361,0
1.68305,-1.85258,0
1.55256,-1.97181,0
1.80247,-1.77645,0
3.28897,2.15187,0
4.43539,0.50373,0
4.46518,0.42045,0
1.44321,-1.98149,0
2.1223,-1.55436,0
4.60972,0.2347,0
4.65949,0.10887,0
1.98179,-1.65466,0
1.56446,-1.96256,0
4.55888,0.26813,0
2.23494,-1.53618,0
4.54523,0.32156,0
1.82535,-1.81417,0
4.41773,0.48316,0
1.90712,-1.75896,0
1.42379,-2.01096,0
4.64603,0.20107,0
1.83681,-1.71175,0
3.15588,1.98068,0
1.56211,-1.9466,0
2.18771,-1.52547,0
3.28054,2.07434,0
1.73901,-1.81089,0
4.49167,0.35693,0
1.94736,-1.67813,0
4.66664,0.15912,0
2.23664,-1.47928,0
2.20238,-1.55406,0
3.16531,2.06824,0
1.61807,-1.88888,0
1.69807,-1.84737,0
2.28683,-1.50063,0
2.11331,-1.56098,0
4.29263,0.70211,0
1.5693,-1.95067,0
1.56858,-1.89891,0
4.37825,0.59836,0
2.09811,-1.61822,0
4.4313,0.50252,0
1.75141,-1.84568,0
2.22258,-1.5071,0
1.81755,-1.81443,0
4.27057,0.74065,0
4.6147,0.24775,0
1.94171,-1.67073,0
4.6019,0.16277,0
3.27223,2.13488,0
1.55564,-1.93417,0
1.21141,-2.00224,0
1.19598,-2.01188,0
4.67645,-0.14825,0
4.67572,-0.1485,0
3.48179,2.08563,0
3.47373,2.0853,0
3.47575,2.09234,0
4.70833,-0.09703,0
1.31616,-2.01771,0
1.27622,-2.04303,0
4.70974,-0.03114,0
4.71996,-0.0461,0
3.50628,2.08927,0
3.50557,2.08927,0
3.4995,2.08609,0
3.52766,2.07233,0
1.21729,-2.02841,0
4.71662,-0.1282,0
4.70776,-0.13809,0
4.72546,-0.1301,0
4.72286,-0.13111,0
3.6233,2.00133,0
4.70306,-0.16673,0
4.71923,-0.19528,0
4.69553,-0.20884,0
3.61712,2.01442,0
4.72034,-0.06816,0
3.5288,2.07863,0
4.70663,0.01074,0
4.72219,0.00287,0
1.31771,-2.04946,0
4.70173,0.02862,0
4.69007,0.05354,0
4.67002,0.06454,0
4.66995,0.05609,0
4.71125,-0.00355,0
4.71169,-0.28652,0
4.7189,-0.29776,0
3.7062,1.95023,0
4.70811,-0.29428,0
4.6999,-0.27957,0
3.60492,2.03484,0
4.72202,-0.17972,0
4.70918,-0.14452,0
4.73464,-0.18784,0
4.73731,-0.18375,0
4.73176,-0.27783,0
4.71332,-0.24355,0
4.70382,-0.24254,0
3.63946,2.00273,0
3.6437,2.01609,0
4.73649,-0.25601,0
4.74389,-0.13382,0
4.75595,-0.14343,0
4.75114,-0.1432,0
3.58827,2.03241,0
3.58532,2.03604,0
4.75393,-0.14376,0
4.27511,0.75914,0
4.72895,-0.13379,0
4.73628,-0.12423,0
4.74354,-0.11184,0
4.32187,0.70336,0
4.31967,0.69601,0
4.3089,0.7203,0
4.72361,-0.0564,0
4.35065,0.65052,0
4.73197,-0.07187,0
4.25192,0.82283,0
4.74626,-0.07316,0
4.74593,-0.085,0
4.75921,-0.06389,0
4.76644,-0.07435,0
4.76106,-0.06246,0
4.31295,0.72348,0
4.68186,0.07371,0
4.33571,0.68721,0
4.38988,0.58771,0
4.73493,-0.03998,0
4.74556,-0.04791,0
2.34165,-1.47995,0
4.36069,0.65989,0
4.73316,0.00062,0
2.34886,-1.48007,0
4.75769,-0.00911,0
2.32829,-1.4906,0
4.71053,0.04384,0
4.76585,-0.02825,0
4.68719,0.07851,0
4.75868,-0.04652,0
4.31038,0.74303,0
4.46612,0.47558,0
1.34186,-2.0741,0
4.74858,-0.002,0
3.48328,2.09686,0
4.52361,0.3918,0
2.2133,-1.56979,0
2.08417,-1.64919,0
4.763,-0.01123,0
2.30388,-1.51202,0
2.17295,-1.59065,0
2.18284,-1.58735,0
4.45707,0.49896,0
4.33748,0.70082,0
4.4621,0.49804,0
4.73655,0.02889,0
4.43367,0.53844,0
2.17557,-1.58693,0
4.57108,0.32701,0
1.76514,-1.86694,0
2.08358,-1.655,0
2.03703,-1.69178,0
2.19287,-1.59847,0
4.74845,0.03976,0
4.62124,0.26204,0
4.53248,0.39389,0
4.7598,0.00819,0
1.50913,-2.03507,0
4.70999,0.11339,0
2.01512,-1.71618,0
3.44114,2.124,0
4.53377,0.40316,0
1.66492,-1.93855,0
2.22112,-1.58839,0
1.80889,-1.84841,0
4.68226,0.16813,0
1.98711,-1.72055,0
4.75703,0.02974,0
1.5834,-1.98785,0
2.31794,-1.52697,0
4.56914,0.32884,0
4.69753,0.13329,0
1.86907,-1.79643,0
4.51742,0.42605,0
4.7447,0.06478,0
2.08682,-1.65693,0
2.03842,-1.68056,0
4.59316,0.30217,0
1.94173,-1.74577,0
2.33848,-1.5113,0
4.35571,0.67562,0
2.37706,-1.48168,0
4.7208,0.07552,0
4.73475,0.08073,0
2.12442,-1.63124,0
3.44846,2.12213,0
4.48419,0.48357,0
2.23251,-1.56795,0
4.2373,0.87752,0
4.74854,0.02976,0
4.38387,0.63588,0
4.66623,0.20081,0
4.68928,0.19588,0
1.78974,-1.96023,0
4.36249,0.69405,0
2.19616,-1.65844,0
1.56504,-2.16116,0
2.05035,-1.71519,0
1.80046,-1.9328,0
4.60578,0.29115,0
2.15131,-1.72393,0
4.5391,0.46402,0
3.24942,2.1478,0
1.89661,-1.84044,0
1.7839,-1.92033,0
4.70311,0.25115,0
1.52281,-2.06249,0
4.70352,0.27619,0
2.32817,-1.56987,0
2.19368,-1.69187,0
1.96101,-1.87639,0
1.66025,-2.07077,0
1.84482,-1.84538,0
1.63778,-2.07495,0
1.7698,-1.91531,0
3.26468,2.16299,0
2.07719,-1.73452,0
1.60877,-2.08946,0
4.34662,0.7374,0
2.37163,-1.54269,0
2.02066,-1.79255,0
1.97319,-1.80478,0
4.54787,0.46012,0
1.69154,-1.95501,0
1.54091,-2.11497,0
1.88197,-1.89298,0
2.2979,-1.58282,0
4.62976,0.29556,0
2.0768,-1.77622,0
2.29922,-1.62615,0
4.57116,0.37455,0
4.50684,0.4701,0
1.90286,-1.81029,0
4.50168,0.51592,0
2.07025,-1.7137,0
1.46946,-2.06314,0
1.8537,-1.94719,0
4.53167,0.50744,0
1.79117,-1.96044,0
4.6604,0.24688,0
4.56608,0.45509,0
1.6133,-2.02876,0
1.76551,-1.99117,0
1.71835,-2.04177,0
2.33531,-1.52743,0
4.45761,0.61018,0
1.9658,-1.82665,0
2.40862,-1.51195,0
1.6516,-2.03942,0
2.02987,-1.81265,0
1.61045,-2.10765,0
4.66671,0.22391,0
2.16827,-1.66385,0
1.70277,-1.95076,0
4.24168,0.88948,0
1.53855,-2.04861,0
1.58627,-2.03675,0
2.29369,-1.62844,0
2.06729,-1.70494,0
2.19488,-1.64973,0
4.47263,0.56537,0
4.46168,0.56623,0
3.25301,2.15537,0
1.66694,-2.07262,0
2.27717,-1.58551,0
1.75006,-1.9303,0
4.58201,0.37745,0
1.51428,-2.04938,0
2.21177,-1.64746,0
1.74042,-2.03046,0
1.61457,-2.10305,0
4.72932,0.23868,0
1.81966,-1.86673,0
1.82537,-1.84024,0
4.57533,0.37774,0
1.54036,-2.08184,0
4.5487,0.4164,0
4.65109,0.31119,0
4.52855,0.4277,0
1.69529,-1.99718,0
4.26746,0.83531,0
4.74295,0.21826,0
4.36652,0.68363,0
2.13991,-1.67105,0
2.07196,-1.7253,0
1.93495,-1.82816,0
2.28972,-1.56599,0
4.52382,0.52606,0
1.71274,-1.98475,0
4.62373,0.27075,0
1.86001,-1.94175,0
2.00034,-1.84773,0
1.78291,-1.95551,0
1.57796,-2.12046,0
2.22553,-1.6699,0
1.86346,-1.86955,0
1.72545,-1.97485,0
2.24129,-1.63724,0
3.13232,2.07037,0
1.83203,-1.91913,0
2.27328,-1.58936,0
4.71399,0.24725,0
4.36451,0.73049,0
2.23687,-1.62577,0
4.59135,0.39835,0
1.79791,-1.94775,0
4.59465,0.31516,0
4.65856,0.3153,0
2.02613,-1.78614,0
1.67507,-1.96927,0
1.50846,-2.03842,0
1.59483,-2.05006,0
4.63,0.2684,0
4.37533,0.70094,0
1.81827,-1.92924,0
2.23688,-1.58571,0
1.60685,-2.08306,0
2.05569,-1.78721,0
2.29614,-1.58419,0
4.72323,0.14954,0
4.49205,0.53909,0
2.20003,-1.68634,0
4.5339,0.49996,0
1.58738,-2.11341,0
4.57775,0.3557,0
4.68618,0.2364,0
4.41044,0.6701,0
2.01498,-1.7419,0
1.57394,-2.0451,0
1.87957,-1.89305,0
1.5334,-2.03054,0
2.32517,-1.61137,0
1.59445,-2.10692,0
1.62821,-2.06898,0
2.42906,-1.49837,0
1.77534,-1.90069,0
1.75382,-1.92834,0
2.32705,-1.56623,0
1.92733,-1.78477,0
4.45478,0.56883,0
2.32518,-1.5764,0
2.38581,-1.54523,0
1.69746,-1.92858,0
2.30849,-1.54998,0
2.37733,-1.51091,0
4.37987,0.70027,0
4.46768,0.59867,0
4.62479,0.2845,0
4.51773,0.44097,0
4.75291,0.16223,0
1.73328,-1.94917,0
4.60482,0.33193,0
1.66072,-2.04046,0
4.66064,0.27792,0
4.72146,0.15902,0
2.0176,-1.77617,0
1.55129,-2.10109,0
2.05121,-1.8093,0
4.64248,0.2764,0
1.65473,-1.98643,0
4.76603,0.18929,0
2.16264,-1.69871,0
1.66711,-1.9931,0
4.49994,0.50275,0
1.67351,-1.95893,0
1.85481,-1.82157,0
1.79743,-1.97668,0
4.59914,0.35244,0
4.55045,0.4036,0
1.5456,-2.1752,0
1.9252,-1.89456,0
1.54826,-2.11745,0
1.82176,-1.85574,0
2.33187,-1.60689,0
4.30602,0.77329,0
1.81173,-1.84858,0
4.5225,0.4424,0
1.63696,-2.00561,0
1.55939,-2.14388,0
2.00051,-1.79946,0
3.27518,2.16058,0
1.82667,-1.85186,0
4.49674,0.53235,0
1.8816,-1.87127,0
4.58547,0.40292,0
4.43695,0.64132,0
4.50779,0.5081,0
2.1733,-1.71787,0
1.99174,-1.76407,0
2.04964,-1.72386,0
4.37483,0.71754,0
4.35621,0.72687,0
4.59243,0.35275,0
2.09379,-1.74189,0
4.51184,0.50664,0
2.3627,-1.55988,0
1.6184,-2.0387,0
1.58227,-2.04959,0
1.93856,-1.86187,0
4.6555,0.34,0
4.2986,0.80334,0
1.66568,-2.01555,0
1.8306,-1.95149,0
1.78029,-1.93583,0
2.44499,-1.5131,0
1.86636,-1.86206,0
1.60525,-2.0948,0
1.65836,-1.972,0
2.22002,-1.6135,0
4.66953,0.25739,0
4.76233,0.19404,0
2.3961,-1.52966,0
4.53944,0.40598,0
3.27128,2.15859,0
1.80146,-1.95225,0
2.25657,-1.61915,0
2.19406,-1.64583,0
1.84629,-1.94345,0
4.52756,0.45951,0
1.91372,-1.81401,0
1.92989,-1.85641,0
1.62654,-2.05231,0
2.22068,-1.62368,0
1.52108,-2.09402,0
4.26242,0.86291,0
2.29279,-1.58398,0
1.60905,-2.09831,0
1.78863,-1.9574,0
2.04339,-1.78428,0
2.1106,-1.70639,0
4.43568,0.64334,0
4.6523,0.32978,0
4.50114,0.50486,0
1.57323,-2.07494,0
4.72801,0.16017,0
2.26387,-1.57325,0
1.96227,-1.8328,0
1.72613,-2.01156,0
1.70661,-2.02696,0
4.34569,0.72654,0
1.90958,-1.89714,0
1.64545,-2.0211,0
1.60462,-2.13382,0
1.55663,-2.09269,0
4.52087,0.45311,0
2.43335,-1.51454,0
4.41242,0.65244,0
2.03213,-1.80184,0
2.24723,-1.62921,0
1.79244,-1.90166,0
1.63907,-2.06709,0
2.04799,-1.79453,0
2.02154,-1.82006,0
1.56532,-2.1441,0
1.87395,-1.85069,0
1.88439,-1.92984,0
4.29466,0.79571,0
4.4677,0.59058,0
1.859,-1.88841,0
2.17745,-1.67921,0
1.78755,-2.00445,0
4.73297,0.16678,0
1.64749,-2.01308,0
3.23732,2.14574,0
1.81175,-1.88464,0
1.67928,-2.04815,0
4.36381,0.71756,0
2.3971,-1.54246,0
2.36014,-1.50889,0
4.46837,0.53264,0
1.70666,-2.05066,0
4.50329,0.48796,0
1.90062,-1.91452,0
1.50751,-2.06812,0
2.26826,-1.62528,0
1.71732,-1.92189,0
1.68687,-2.04149,0
2.11794,-1.71443,0
1.93507,-1.86186,0
4.35515,0.74105,0
2.07972,-1.76673,0
2.26747,-1.64873,0
1.56464,-2.02858,0
4.43326,0.59081,0
1.99631,-1.77713,0
1.53333,-2.10552,0
4.69717,0.24901,0
1.73943,-1.92053,0
2.29003,-1.58065,0
1.51132,-2.05859,0
4.46415,0.51723,0
4.72395,0.14692,0
1.63941,-1.95993,0
1.79195,-1.91596,0
1.89046,-1.79888,0
1.56116,-2.11826,0
1.60006,-2.12993,0
1.7108,-1.99236,0
4.23801,0.89398,0
1.76982,-1.9951,0
2.06356,-1.75153,0
1.60362,-2.11415,0
1.68999,-1.92766,0
2.25059,-1.58679,0
2.0925,-1.73954,0
1.9458,-1.77874,0
4.33603,0.75348,0
3.31979,2.18692,0
1.52755,-2.16197,0
3.36641,2.12348,0
1.51761,-2.14358,0
3.37283,2.11089,0
2.18871,-1.76519,0
2.4264,-1.64785,0
4.34497,0.82321,0
1.8628,-2.16123,0
2.35814,-1.59673,0
3.00416,2.13369,0
4.45147,0.65282,0
1.88779,-2.17341,0
4.42848,0.71901,0
4.40243,0.77756,0
3.00136,2.12043,0
2.20337,-1.75183,0
2.99009,2.13185,0
1.75693,-2.06151,0
4.695,0.411,0
3.02423,2.16386,0
3.16478,2.10932,0
4.46846,0.62597,0
2.01584,-1.97917,0
2.3792,-1.69546,0
2.15472,-1.79654,0
4.69724,0.429,0
2.28493,-1.64479,0
3.17333,2.12212,0
1.88049,-2.09902,0
4.51561,0.66332,0
4.58736,0.46377,0
2.14248,-1.92966,0
4.55339,0.48734,0
2.48257,-1.51377,0
4.62293,0.39809,0
2.47393,-1.63506,0
4.51373,0.64367,0
2.07471,-1.91067,0
1.92343,-2.09732,0
4.50873,0.60521,0
4.47894,0.64805,0
1.90854,-2.02763,0
1.75442,-2.21475,0
1.69057,-2.11039,0
2.0524,-1.87883,0
4.65041,0.47325,0
3.0783,2.09702,0
4.53895,0.56676,0
1.91637,-2.05203,0
4.57952,0.5519,0
3.12974,2.19828,0
3.05826,2.14145,0
2.48432,-1.55645,0
1.78774,-2.04073,0
4.33417,0.83812,0
1.99069,-2.05351,0
1.78556,-2.23423,0
2.14168,-1.88175,0
3.07834,2.10021,0
2.13535,-1.83134,0
4.47715,0.69241,0
4.67465,0.41956,0
2.26699,-1.80545,0
4.48228,0.72088,0
4.39773,0.74007,0
1.85146,-2.08785,0
1.7515,-2.11198,0
2.12114,-1.78797,0
4.64546,0.36358,0
1.9504,-2.09737,0
2.19525,-1.8354,0
1.89349,-1.9858,0
4.48363,0.71061,0
4.69369,0.43993,0
2.14231,-1.826,0
2.51298,-1.59652,0
4.68146,0.40306,0
4.5429,0.55305,0
2.16067,-1.90631,0
2.27566,-1.69426,0
2.05462,-1.8151,0
1.98766,-2.06505,0
4.27865,0.92641,0
2.40145,-1.65431,0
2.41401,-1.6463,0
1.76291,-2.06344,0
2.21444,-1.81389,0
3.15053,2.17144,0
3.11814,2.17813,0
1.89999,-2.14803,0
3.17902,2.10987,0
1.73552,-2.18371,0
2.032,-1.87311,0
2.39659,-1.59141,0
1.92599,-2.09469,0
2.06816,-1.81733,0
2.22871,-1.85164,0
2.30488,-1.723,0
3.01408,2.21744,0
3.10408,2.10104,0
1.83669,-1.96975,0
1.81769,-2.11513,0
1.92502,-2.12589,0
3.11385,2.12683,0
3.15031,2.17235,0
1.98096,-2.00636,0
1.82498,-1.99786,0
1.76384,-2.1586,0
4.24191,0.93209,0
1.85687,-2.14388,0
4.5312,0.65963,0
1.88672,-2.09985,0
4.64203,0.43198,0
4.49995,0.65812,0
3.04269,2.20017,0
4.64681,0.49064,0
3.03276,2.19757,0
1.97456,-1.98257,0
1.84694,-2.07819,0
2.1756,-1.89417,0
2.28721,-1.73823,0
2.13155,-1.91509,0
2.49669,-1.52723,0
3.12835,2.18327,0
4.45,0.64416,0
4.67077,0.48021,0
2.1787,-1.7946,0
4.40326,0.71185,0
1.86415,-2.18063,0
2.04934,-1.99125,0
1.73797,-2.12765,0
2.34867,-1.73311,0
3.09712,2.11456,0
4.61441,0.51735,0
4.31654,0.8573,0
2.40194,-1.69995,0
1.86581,-2.06617,0
2.98846,2.19364,0
1.75379,-2.08156,0
2.35612,-1.61272,0
1.9094,-1.97312,0
4.68489,0.41626,0
4.65058,0.37904,0
2.48946,-1.57722,0
3.18158,2.1185,0
2.09758,-1.97946,0
2.40552,-1.67031,0
2.30567,-1.71584,0
4.3846,0.7774,0
4.38045,0.80565,0
2.337,-1.68149,0
3.08914,2.09221,0
2.26698,-1.80904,0
2.48668,-1.54024,0
4.72222,0.43374,0
2.22479,-1.85337,0
1.67719,-2.08969,0
1.85537,-2.05971,0
2.0493,-2.02063,0
4.47646,0.71878,0
2.30435,-1.76242,0
4.54052,0.62976,0
1.67281,-2.09116,0
2.18872,-1.75648,0
2.31103,-1.64269,0
3.03712,2.15296,0
1.69406,-2.08488,0
4.60264,0.4777,0
2.00134,-1.93546,0
2.34864,-1.68258,0
2.99039,2.13098,0
2.00738,-1.98379,0
4.65183,0.43982,0
2.07538,-1.89016,0
1.91015,-1.94058,0
2.03429,-1.97996,0
4.58187,0.54689,0
2.26208,-1.76077,0
3.09968,2.07515,0
4.45538,0.68453,0
2.13819,-1.92495,0
1.67129,-2.12813,0
1.9922,-2.00453,0
4.67491,0.50512,0
1.8225,-2.00152,0
1.93354,-2.08601,0
2.00056,-1.95312,0
1.69883,-2.1173,0
4.51196,0.64982,0
1.83838,-2.20211,0
4.64626,0.53859,0
2.36312,-1.629,0
4.26451,0.88839,0
2.32452,-1.64271,0
2.50111,-1.55485,0
2.99595,2.11161,0
1.9344,-2.01159,0
1.71679,-2.13991,0
2.16227,-1.92366,0
1.80808,-2.01346,0
2.0822,-1.79258,0
4.65173,0.43414,0
4.65823,0.37026,0
1.83119,-2.03186,0
4.58103,0.45014,0
2.06753,-1.8575,0
4.44236,0.64844,0
2.1823,-1.88318,0
1.85713,-2.15863,0
2.15711,-1.86864,0
1.72765,-2.12194,0
4.70291,0.44442,0
2.07383,-1.93308,0
2.25683,-1.68841,0
4.4013,0.79047,0
3.15289,2.15203,0
3.14264,2.15058,0
3.05747,2.16288,0
1.78489,-2.16634,0
2.37098,-1.69704,0
4.69608,0.46969,0
1.73699,-2.09342,0
3.09975,2.22033,0
2.17831,-1.74419,0
2.0382,-1.95918,0
2.5323,-1.51572,0
2.11839,-1.88679,0
4.58077,0.56017,0
2.04013,-2.01011,0
1.91015,-2.06867,0
3.0045,2.11634,0
4.53055,0.51929,0
1.86004,-2.04733,0
4.30697,0.8527,0
2.19815,-1.83956,0
1.84484,-2.09938,0
4.27558,0.8987,0
2.01435,-2.04456,0
2.02543,-1.94572,0
3.03054,2.21326,0
1.84029,-2.14798,0
4.6656,0.389,0
2.02694,-2.00811,0
4.65977,0.46576,0
2.31559,-1.63111,0
2.45119,-1.60498,0
4.30802,0.84688,0
2.07623,-1.80201,0
4.50222,0.68525,0
2.0223,-1.98074,0
2.01098,-1.88916,0
1.81733,-2.11718,0
4.51701,0.57219,0
3.10488,2.11508,0
4.67924,0.46891,0
3.02342,2.19633,0
4.66187,0.3518,0
1.72007,-2.05814,0
4.66011,0.45493,0
3.0821,2.11164,0
1.81371,-1.98996,0
2.99783,2.11707,0
2.45512,-1.64218,0
2.49622,-1.55335,0
4.46377,0.63179,0
1.97061,-1.90621,0
2.54794,-1.53242,0
1.93228,-2.08542,0
4.51279,0.67145,0
4.61828,0.50998,0
2.07945,-1.94402,0
4.66795,0.486,0
1.91738,-2.09384,0
4.49039,0.66011,0
2.52141,-1.59466,0
2.2102,-1.87768,0
4.59974,0.42675,0
4.68048,0.40504,0
2.38064,-1.71012,0
3.12134,2.14582,0
3.06145,2.06778,0
4.46383,0.71741,0
2.01866,-1.92231,0
2.22054,-1.69297,0
1.9157,-1.98907,0
4.46372,0.73953,0
4.46955,0.71519,0
2.13061,-1.8672,0
2.96412,2.13097,0
4.62661,0.45324,0
2.0438,-1.82916,0
2.30471,-1.74335,0
1.86251,-2.15488,0
4.70482,0.44647,0
1.99834,-2.06513,0
2.43832,-1.57228,0
1.74521,-2.13224,0
2.40971,-1.55306,0
4.47259,0.7205,0
4.64919,0.47134,0
2.33433,-1.67157,0
2.50248,-1.51457,0
1.78352,-2.20633,0
1.73732,-2.11873,0
2.05193,-1.83538,0
1.96893,-2.07864,0
2.15568,-1.82149,0
2.28899,-1.699,0
1.85668,-2.04731,0
4.25968,0.96571,0
1.85088,-2.12316,0
1.90444,-2.12034,0
1.81506,-2.14289,0
2.17353,-1.73227,0
2.29771,-1.70633,0
2.0246,-2.04385,0
2.40531,-1.59561,0
2.94705,2.16048,0
2.18961,-1.76636,0
1.8803,-2.03933,0
4.42369,0.71397,0
3.17491,2.11308,0
1.92975,-1.91302,0
2.26249,-1.74431,0
4.37982,0.79884,0
4.61673,0.55456,0
2.34929,-1.6485,0
4.69351,0.45758,0
3.11853,2.20253,0
4.60209,0.54329,0
1.9779,-1.96756,0
2.01075,-1.9512,0
2.13507,-1.84631,0
2.0609,-1.97802,0
2.46621,-1.59104,0
4.61625,0.46375,0
3.07414,2.04506,0
1.96302,-1.97058,0
1.87585,-2.07604,0
1.79683,-2.21019,0
1.79271,-2.23609,0
2.39472,-1.69321,0
2.20226,-1.8577,0
2.23598,-1.72557,0
1.97074,-1.9742,0
2.12172,-1.87808,0
3.16881,2.10423,0
2.05389,-1.94638,0
2.06946,-1.93992,0
1.86101,-2.13994,0
2.03136,-2.00431,0
1.80105,-2.15298,0
1.79896,-2.1445,0
2.92641,2.13967,0
1.90494,-2.08189,0
4.63366,0.43894,0
4.67177,0.38108,0
2.29521,-1.76989,0
4.56985,0.51269,0
3.07359,2.15385,0
3.02593,2.08245,0
3.04873,2.26059,0
4.53153,0.61571,0
1.96266,-1.95398,0
4.30959,0.87533,0
4.65355,0.43063,0
4.23831,0.94834,0
2.10868,-1.93357,0
1.81763,-2.09859,0
2.01265,-1.9696,0
4.62036,0.39854,0
2.12258,-1.83573,0
1.87733,-1.99427,0
4.52943,0.56202,0
4.43494,0.66909,0
4.41755,0.73646,0
2.07841,-1.98102,0
1.99222,-1.89686,0
2.98311,2.16002,0
2.05294,-1.81673,0
4.5401,0.51703,0
2.00254,-1.99249,0
1.83934,-2.0933,0
1.86635,-2.12891,0
4.39672,0.7468,0
2.24582,-1.75557,0
1.78902,-2.24465,0
1.91316,-1.94576,0
2.23714,-1.68576,0
1.95515,-1.97251,0
2.34614,-1.74226,0
3.1054,2.18926,0
3.15915,2.12659,0
2.0497,-1.96759,0
2.20328,-1.82614,0
2.16034,-1.77466,0
2.14275,-1.79217,0
2.07975,-1.94505,0
2.03605,-1.99746,0
3.07269,2.16799,0
1.67902,-2.08371,0
2.32158,-1.75708,0
4.66139,0.49514,0
2.20612,-1.76268,0
2.31153,-1.63384,0
4.47437,0.61221,0
1.97317,-1.98731,0
4.58971,0.51744,0
3.0295,2.12668,0
3.11541,2.16421,0
3.13179,2.14017,0
2.43171,-1.621,0
2.53539,-1.52432,0
4.59959,0.56006,0
4.41828,0.70156,0
1.75048,-2.1093,0
4.34193,0.84738,0
4.66529,0.44567,0
3.10642,2.1938,0
4.43261,0.75392,0
2.34682,-1.64946,0
2.92383,2.13891,0
4.66225,0.49695,0
3.09352,2.13435,0
4.64389,0.37174,0
3.11138,2.10323,0
1.97426,-1.99497,0
1.99305,-2.02793,0
4.39842,0.70197,0
2.13368,-1.90299,0
2.01325,-2.05945,0
1.91147,-2.00652,0
4.54513,0.6168,0
2.4032,-1.65834,0
1.68619,-2.14283,0
4.59617,0.43095,0
1.75796,-2.19611,0
1.92191,-2.02212,0
1.675,-2.09691,0
2.0676,-1.81085,0
4.43192,0.69892,0
2.01146,-2.05598,0
2.97311,2.09468,0
1.79464,-2.1012,0
2.20451,-1.76846,0
2.535,-1.55305,0
2.30525,-1.64423,0
4.53587,0.64474,0
3.05317,2.19111,0
1.94218,-2.03336,0
1.76874,-2.09234,0
2.18648,-1.72623,0
2.47784,-1.54873,0
1.76124,-2.18862,0
2.52341,-1.54655,0
4.58385,0.5213,0
3.1192,2.10771,0
4.55598,0.61465,0
2.37914,-1.59969,0
3.01676,2.2346,0
1.77231,-2.13729,0
3.07388,2.05514,0
2.02463,-1.94843,0
4.63315,0.44653,0
4.27541,0.92602,0
1.80283,-2.09327,0
2.0807,-1.88065,0
2.31704,-1.75004,0
2.32016,-1.67403,0
1.75192,-2.14195,0
4.70119,0.40025,0
2.37827,-1.66512,0
4.34665,0.78796,0
2.2044,-1.80285,0
1.91325,-2.0528,0
3.12611,2.16338,0
2.42245,-1.55628,0
2.03853,-1.89805,0
1.7923,-2.08517,0
2.99213,2.12651,0
4.26144,0.89641,0
2.50321,-1.5298,0
4.348,0.85605,0
2.37701,-1.59065,0
4.58666,0.50896,0
4.45947,0.71962,0
4.61614,0.42147,0
4.59101,0.53015,0
1.80158,-2.02663,0
4.51196,0.65571,0
2.39159,-1.5954,0
4.38245,0.74555,0
1.91295,-1.95435,0
2.13556,-1.79121,0
2.26868,-1.81407,0
4.36704,0.772,0
1.79978,-2.04145,0
3.06171,2.26118,0
2.14222,-1.9227,0
2.47463,-1.61789,0
4.56696,0.52259,0
4.54428,0.5223,0
1.94173,-2.11007,0
3.09719,2.13367,0
3.05889,2.24643,0
2.98789,2.15356,0
1.79621,-2.05464,0
2.07383,-1.933,0
3.06895,2.0457,0
2.11713,-1.99076,0
2.97281,2.20683,0
2.25743,-1.84379,0
2.39876,-1.72899,0
2.10313,-1.98162,0
1.83197,-2.25682,0
4.65966,0.54154,0
1.86069,-2.22896,0
4.28632,0.9445,0
2.14048,-1.96704,0
1.83656,-2.2266,0
1.81642,-2.24739,0
2.45387,-1.67401,0
2.14507,-1.96084,0
2.32716,-1.79407,0
2.91684,2.16609,0
4.36342,0.85675,0
2.16806,-1.93412,0
2.10322,-2.00049,0
2.32508,-1.7888,0
4.49609,0.72115,0
4.65008,0.5468,0
4.41005,0.81291,0
4.55,0.65881,0
2.38627,-1.72027,0
4.62258,0.57631,0
1.98108,-2.1009,0
2.58747,-1.5377,0
1.85624,-2.21524,0
4.65667,0.54872,0
3.03732,2.26246,0
1.84669,-2.24308,0
2.19617,-1.89408,0
2.25823,-1.84851,0
2.5368,-1.60006,0
1.98285,-2.08763,0
4.57125,0.63959,0
4.67952,0.52318,0
2.99058,2.23625,0
2.39881,-1.71938,0
2.1675,-1.94429,0
4.27204,0.95614,0
2.92249,2.17203,0
3.02084,2.26392,0
4.72555,0.46513,0
2.24376,-1.86684,0
4.73771,0.46558,0
4.67142,0.53104,0
1.83966,-2.22699,0
2.94159,2.18275,0
2.10459,-2.00114,0
4.65397,0.55045,0
2.98565,2.22618,0
1.66364,-2.12263,0
4.69121,0.37578,0
4.6936,0.36597,0
4.69518,0.37856,0
4.68874,0.36898,0
3.19232,2.14732,0
4.74222,0.4175,0
4.746,0.42423,0
4.74918,0.42085,0
1.94216,-2.17924,0
2.23398,-1.90849,0
1.95106,-2.18221,0
2.3646,-1.78769,0
4.67862,0.54141,0
2.26639,-1.87223,0
2.34829,-1.80261,0
2.02048,-2.09268,0
4.43593,0.80348,0
2.49086,-1.6451,0
1.94702,-2.15568,0
2.23026,-1.91257,0
4.5878,0.64099,0
2.32677,-1.79699,0
2.36103,-1.78903,0
2.98585,2.24784,0
2.91384,2.18593,0
2.53176,-1.6064,0
2.15342,-1.96141,0
2.48366,-1.67066,0
2.28995,-1.83736,0
1.862,-2.25292,0
2.56647,-1.57479,0
2.06356,-2.06177,0
2.56105,-1.59816,0
2.4516,-1.6935,0
4.37138,0.86792,0
2.97584,2.23066,0
2.0355,-2.09786,0
2.06693,-2.06532,0
2.25875,-1.88142,0
2.44448,-1.69112,0
2.20165,-1.93907,0
2.35084,-1.79015,0
1.86423,-2.25433,0
4.68689,0.52197,0
2.01973,-2.10401,0
2.50993,-1.63677,0
1.89828,-2.22981,0
2.09298,-2.04825,0
2.34127,-1.80483,0
1.88282,-2.2113,0
3.00054,2.26424,0
2.07431,-2.05036,0
2.11328,-2.02095,0
2.44328,-1.688,0
1.85046,-2.27117,0
2.44912,-1.68238,0
4.45852,0.77189,0
4.7365,0.48643,0
2.31152,-1.82098,0
4.59058,0.6267,0
1.94565,-2.15616,0
2.22592,-1.9069,0
1.85231,-2.25562,0
2.95178,2.21369,0
2.9061,2.17802,0
2.03482,-2.08658,0
4.47355,0.76259,0
1.90763,-2.19923,0
4.43051,0.79716,0
2.9635,2.23314,0
4.36435,0.86839,0
2.36754,-1.76089,0
2.37437,-1.75734,0
1.98314,-2.12298,0
3.1824,2.16494,0
3.10708,2.2548,0
2.34599,-1.81806,0
4.30107,0.96104,0
2.87183,2.17129,0
4.72011,0.5411,0
1.9982,-2.17437,0
2.29754,-1.85802,0
4.31639,0.93402,0
4.25328,1.00734,0
2.45343,-1.72789,0
2.14584,-2.00188,0
2.92254,2.20873,0
4.53391,0.72789,0
1.95884,-2.21834,0
4.44694,0.80362,0
2.8993,2.19239,0
2.09846,-2.04448,0
1.91377,-2.2257,0
2.62532,-1.55609,0
2.53943,-1.62626,0
2.34519,-1.81484,0
2.25577,-1.91405,0
2.10426,-2.05569,0
2.0193,-2.14956,0
2.06261,-2.1101,0
4.3965,0.84878,0
2.24561,-1.9334,0
1.96189,-2.18565,0
2.39691,-1.78946,0
4.6482,0.59552,0
2.46127,-1.70966,0
4.63386,0.61606,0
1.92012,-2.25334,0
4.6186,0.64122,0
4.71333,0.5416,0
2.21586,-1.97436,0
2.37931,-1.81323,0
2.23749,-1.92712,0
2.3612,-1.81628,0
4.71894,0.50815,0
4.61373,0.6374,0
2.29846,-1.86995,0
1.94015,-2.24303,0
2.15249,-1.99572,0
2.61441,-1.57923,0
4.36882,0.87858,0
2.27583,-1.91045,0
2.18759,-1.98533,0
2.16435,-1.98933,0
4.53889,0.70561,0
4.44745,0.80774,0
2.21516,-1.96487,0
4.27049,0.98205,0
2.38294,-1.77962,0
2.52677,-1.63786,0
2.95348,2.25029,0
1.92612,-2.25166,0
1.88686,-2.24814,0
2.3883,-1.7898,0
2.18343,-1.97463,0
1.97493,-2.18215,0
2.37701,-1.78466,0
2.28678,-1.8702,0
2.10587,-2.04842,0
4.30988,0.93954,0
2.39754,-1.79725,0
2.47902,-1.70182,0
2.93233,2.21449,0
2.42465,-1.75977,0
4.2559,1.00243,0
4.6697,0.57141,0
2.08888,-2.06621,0
2.41317,-1.7653,0
1.90381,-2.23532,0
2.60657,-1.5685,0
2.30087,-1.8732,0
4.70309,0.53949,0
4.67414,0.56643,0
2.03015,-2.12944,0
1.91548,-2.22871,0
2.07247,-2.0992,0
2.00484,-2.17076,0
2.17885,-2.00573,0
2.52996,-1.64195,0
2.31174,-1.85001,0
2.09682,-2.04515,0
2.34445,-1.81631,0
2.28387,-1.87157,0
2.33549,-1.81783,0
4.71237,0.53171,0
1.89635,-2.27157,0
4.48629,0.77337,0
2.93286,2.22291,0
2.58659,-1.59751,0
4.50361,0.75987,0
1.90393,-2.2328,0
2.55871,-1.64071,0
4.67796,0.58652,0
2.07718,-2.11978,0
2.65237,-1.54498,0
2.50903,-1.6899,0
2.33429,-1.86616,0
2.60913,-1.59,0
2.00232,-2.1928,0
3.00332,2.28462,0
2.40767,-1.85428,0
1.94681,-2.26978,0
1.9682,-2.29092,0
2.08207,-2.12583,0
2.35345,-1.91448,0
4.57248,0.73275,0
2.02852,-2.2505,0
4.66416,0.6509,0
2.05367,-2.16702,0
2.85682,2.23431,0
2.39296,-1.82198,0
4.57439,0.69688,0
2.50724,-1.73495,0
2.42207,-1.81034,0
2.42417,-1.82174,0
1.94235,-2.27457,0
2.49991,-1.7598,0
2.86836,2.20729,0
2.13815,-2.13595,0
2.02241,-2.23138,0
2.09414,-2.11569,0
2.91161,2.27239,0
4.51981,0.76907,0
2.21127,-2.04884,0
2.80178,2.14019,0
4.46772,0.80872,0
2.84067,2.20641,0
2.0787,-2.20627,0
4.28517,1.00294,0
2.17765,-2.03474,0
2.40099,-1.81067,0
2.27034,-1.96765,0
2.87062,2.2308,0
2.89337,2.26227,0
2.2396,-1.99025,0
2.80219,2.19034,0
4.68087,0.59558,0
2.02809,-2.22908,0
2.12036,-2.14641,0
2.24423,-2.02521,0
1.99125,-2.25802,0
4.31362,0.95716,0
2.4789,-1.75458,0
2.04118,-2.19937,0
2.6033,-1.60678,0
4.32504,0.94757,0
2.27419,-1.99063,0
4.56966,0.69861,0
2.30493,-1.90872,0
2.10036,-2.09982,0
2.33721,-1.86797,0
1.98711,-2.25315,0
2.01154,-2.21058,0
2.07645,-2.1524,0
4.23604,1.04424,0
2.17955,-2.05983,0
1.98548,-2.27174,0
2.56351,-1.65109,0
4.32207,0.95982,0
2.0491,-2.17687,0
4.61365,0.65792,0
2.28356,-1.92567,0
2.84396,2.20813,0
2.83348,2.21267,0
2.45028,-1.80663,0
2.5288,-1.67683,0
2.40874,-1.8415,0
2.64524,-1.60509,0
1.99505,-2.2449,0
2.05245,-2.1868,0
2.16529,-2.10731,0
2.34398,-1.92119,0
4.3851,0.88436,0
2.04382,-2.17012,0
2.66213,-1.56137,0
2.13224,-2.13967,0
2.29032,-1.97744,0
2.43987,-1.79037,0
2.11287,-2.16665,0
2.89209,2.24754,0
4.65991,0.60897,0
2.65973,-1.58876,0
2.55078,-1.67555,0
2.14542,-2.09631,0
4.42165,0.86703,0
4.39492,0.87617,0
2.4382,-1.79123,0
2.06858,-2.17682,0
2.06109,-2.2036,0
2.62752,-1.6271,0
2.06427,-2.2002,0
2.89039,2.21915,0
2.10416,-2.16945,0
2.07526,-2.19199,0
2.26697,-1.96606,0
2.35919,-1.90835,0
4.39747,0.88075,0
2.21664,-2.05377,0
2.64599,-1.58307,0
2.89837,2.28769,0
2.18655,-2.08118,0
2.34116,-1.90295,0
1.98755,-2.28126,0
2.93588,2.26543,0
2.1948,-2.05408,0
4.58389,0.71327,0
4.33332,0.95884,0
2.00883,-2.26162,0
2.27219,-1.93015,0
4.60541,0.66253,0
2.48791,-1.7457,0
4.52788,0.75964,0
2.41738,-1.78972,0
1.97349,-2.27841,0
2.09241,-2.12802,0
2.43692,-1.77048,0
1.98259,-2.2648,0
4.41139,0.87568,0
2.47151,-1.74854,0
2.03696,-2.19346,0
4.5125,0.75842,0
2.56811,-1.67629,0
2.41074,-1.79504,0
4.44753,0.83251,0
2.918,2.26779,0
2.3518,-1.88224,0
4.61358,0.6932,0
2.35495,-1.8827,0
2.58205,-1.65353,0
2.53612,-1.69733,0
4.54415,0.74987,0
2.33286,-1.88221,0
4.42585,0.86585,0
2.33948,-1.92133,0
2.60026,-1.60414,0
4.55246,0.73023,0
2.86149,2.25365,0
2.47723,-1.72936,0
4.34319,0.96249,0
2.47669,-1.79721,0
2.23033,-2.05563,0
2.243,-2.04848,0
2.23562,-2.04354,0
4.34802,0.95315,0
2.66493,-1.59751,0
4.6143,0.70204,0
4.65111,0.66962,0
2.78454,2.19126,0
2.19929,-2.08473,0
2.18948,-2.09195,0
4.70429,0.61952,0
2.01784,-2.29493,0
2.63982,-1.62279,0
4.45031,0.85834,0
2.39362,-1.89009,0
2.25563,-2.02204,0
2.25969,-2.02175,0
2.0402,-2.26598,0
2.84436,2.23895,0
2.59214,-1.66668,0
2.09832,-2.19557,0
2.24469,-2.04679,0
2.12538,-2.17913,0
2.08848,-2.20448,0
2.79205,2.19256,0
2.1907,-2.09811,0
2.53564,-1.7435,0
2.47882,-1.7935,0
2.31586,-1.96169,0
2.19017,-2.10553,0
2.44079,-1.82919,0
2.23926,-2.05824,0
4.40867,0.90104,0
4.65638,0.66259,0
2.38431,-1.89402,0
2.56204,-1.74886,0
2.06886,-2.26709,0
2.48635,-1.8144,0
2.56278,-1.72248,0
2.44046,-1.88499,0
2.70062,-1.58436,0
2.05607,-2.27893,0
2.79781,2.23525,0
2.39004,-1.90514,0
2.47638,-1.84465,0
4.68897,0.65576,0
2.21446,-2.12674,0
2.14741,-2.17096,0
4.65333,0.69293,0
2.17952,-2.14809,0
2.54555,-1.76887,0
2.55976,-1.7376,0
2.15163,-2.18538,0
2.77454,2.20493,0
2.51324,-1.79829,0
4.58817,0.73641,0
2.21612,-2.1134,0
2.42341,-1.89004,0
2.30231,-2.03184,0
2.6171,-1.65857,0
2.44285,-1.85242,0
4.35838,0.95002,0
2.44244,-1.88287,0
2.66163,-1.64059,0
2.45109,-1.86891,0
2.46144,-1.82408,0
4.45817,0.86827,0
4.46331,0.85196,0
4.51436,0.82051,0
2.26536,-2.04217,0
2.63475,-1.65316,0
2.24082,-2.09639,0
2.85673,2.28422,0
2.45398,-1.86629,0
2.14658,-2.16588,0
4.44602,0.87819,0
2.82952,2.26564,0
2.33778,-1.96636,0
2.69449,-1.58346,0
2.50238,-1.80806,0
2.52898,-1.78055,0
4.34728,0.95922,0
2.08867,-2.25318,0
2.15423,-2.16735,0
2.29926,-2.01451,0
2.40594,-1.89996,0
2.86412,2.28136,0
4.509,0.81797,0
4.3585,0.96394,0
2.78971,2.22242,0
2.62667,-1.64858,0
2.22816,-2.0943,0
2.53471,-1.78128,0
2.18297,-2.13834,0
2.66418,-1.6319,0
2.61308,-1.67,0
2.23124,-2.07738,0
2.04514,-2.31654,0
4.5275,0.80005,0
2.82293,2.24671,0
2.65469,-1.63519,0
4.71105,0.6496,0
2.84597,2.26256,0
2.8752,2.30337,0
2.50711,-1.80418,0
2.13062,-2.20009,0
2.32597,-2.0038,0
2.31314,-1.98522,0
4.47754,0.84405,0
2.57719,-1.71123,0
4.5078,0.82726,0
2.43117,-1.8759,0
2.18008,-2.1798,0
2.55537,-1.75927,0
2.41074,-1.92434,0
2.12506,-2.23934,0
2.31831,-2.02227,0
2.26167,-2.09052,0
2.39058,-1.94165,0
2.4374,-1.89262,0
2.27439,-2.0754,0
4.26862,1.04989,0
4.44758,0.89167,0
2.31272,-2.03956,0
4.6116,0.74657,0
2.26411,-2.10723,0
2.32043,-2.04508,0
2.66136,-1.66378,0
2.64583,-1.67215,0
2.30306,-2.06828,0
2.60523,-1.71566,0
2.19426,-2.17937,0
2.8012,2.24727,0
4.41484,0.9213,0
2.31383,-2.05205,0
2.35314,-2.00112,0
4.45525,0.88327,0
4.25953,1.07131,0
2.527,-1.81121,0
4.26564,1.06199,0
4.59539,0.76975,0
2.13151,-2.23649,0
2.16657,-2.19754,0
2.12812,-2.24292,0
4.63102,0.74121,0
4.48686,0.8565,0
2.30962,-2.05709,0
4.29068,1.03561,0
4.33827,0.99914,0
4.59476,0.76953,0
2.26425,-2.10982,0
2.13421,-2.23513,0
2.42306,-1.93068,0
2.2566,-2.11243,0
2.71544,-1.59355,0
2.14878,-2.22168,0
2.44516,-1.89573,0
2.45539,-1.8967,0
2.31681,-2.03746,0
2.26766,-2.10089,0
4.70421,0.66835,0
4.52612,0.83126,0
4.72214,0.6431,0
2.87514,2.31215,0
2.28814,-2.0874,0
2.26962,-2.10843,0
4.35089,0.99371,0
2.40491,-1.97067,0
2.68126,-1.65401,0
2.29811,-2.07885,0
2.23279,-2.15189,0
2.31798,-2.06046,0
2.46861,-1.89307,0
2.63242,-1.70744,0
2.40966,-1.95876,0
4.4468,0.9109,0
4.54392,0.82636,0
2.34106,-2.03142,0
2.73258,-1.59885,0
2.81279,2.27136,0
4.70261,0.68749,0
2.6279,-1.70975,0
2.71858,-1.6078,0
4.2529,1.08193,0
2.75244,-1.56909,0
2.50378,-1.85356,0
4.72238,0.66537,0
4.59579,0.77617,0
2.17865,-2.22371,0
4.48754,0.87917,0
4.49023,0.87137,0
4.67066,0.71654,0
2.85386,2.31597,0
2.68809,-1.64967,0
2.85583,2.3151,0
2.17988,-2.22534,0
2.84134,2.30433,0
2.51711,-1.83874,0
4.71735,0.67597,0
4.35088,0.99586,0
2.12935,-2.27153,0
2.56205,-1.79136,0
2.75322,-1.5693,0
4.63539,0.74743,0
2.35542,-2.03141,0
2.14806,-2.26531,0
2.75389,2.20669,0
2.13936,-2.27628,0
4.27771,1.06884,0
2.38262,-2.00551,0
2.22572,-2.18966,0
2.67813,-1.66504,0
4.53106,0.8429,0
4.36288,0.99601,0
2.84551,2.31174,0
2.38229,-2.00424,0
2.15972,-2.25233,0
4.4219,0.94388,0
2.28631,-2.11756,0
2.13267,-2.2929,0
4.4188,0.94526,0
4.67498,0.72275,0
2.3779,-2.00722,0
2.73022,2.18359,0
2.39401,-1.98468,0
4.7247,0.67885,0
2.50955,-1.86461,0
4.59303,0.79263,0
4.38078,0.98026,0
2.76201,-1.56959,0
2.38952,-2.0028,0
2.42363,-1.96635,0
2.11348,-2.31969,0
2.68816,-1.66091,0
2.45251,-1.93339,0
4.35332,1.00876,0
2.18069,-2.28817,0
4.6588,0.74737,0
2.44189,-1.95926,0
2.60062,-1.78602,0
2.58309,-1.79674,0
4.71855,0.70666,0
2.81139,2.28237,0
2.35639,-2.07756,0
4.49992,0.88705,0
2.27699,-2.17549,0
2.59557,-1.77933,0
2.68454,-1.68562,0
2.13832,-2.3056,0
2.23111,-2.19972,0
2.65354,-1.70647,0
2.72445,-1.64163,0
2.25575,-2.16412,0
2.46615,-1.9494,0
2.17974,-2.25151,0
4.61502,0.78929,0
4.43368,0.94555,0
2.15725,-2.29002,0
2.72157,-1.63132,0
2.47688,-1.94171,0
2.24504,-2.20223,0
4.65022,0.76003,0
2.27255,-2.16512,0
4.69728,0.72406,0
2.16338,-2.26956,0
2.507,-1.88665,0
2.58482,-1.81538,0
4.31767,1.04651,0
2.29359,-2.11621,0
4.58954,0.79969,0
2.27604,-2.16969,0
2.47415,-1.9155,0
2.15805,-2.29573,0
4.71208,0.71117,0
4.63157,0.77938,0
2.19357,-2.26528,0
2.12951,-2.32337,0
2.5183,-1.87076,0
2.45134,-1.93986,0
2.22988,-2.19712,0
4.30893,1.04891,0
2.21577,-2.22521,0
4.62977,0.76436,0
2.42858,-1.96522,0
4.61824,0.77613,0
2.18183,-2.24287,0
2.60319,-1.78712,0
2.2634,-2.15013,0
4.69972,0.72564,0
4.70266,0.70561,0
2.51942,-1.88072,0
2.19113,-2.25113,0
2.18734,-2.27283,0
2.3352,-2.07881,0
2.63368,-1.72909,0
2.68923,-1.66794,0
2.18982,-2.23815,0
2.76353,-1.5877,0
2.63241,-1.76532,0
2.33851,-2.10757,0
2.46512,-1.98314,0
2.14846,-2.33153,0
2.67404,-1.71479,0
2.44668,-2.00565,0
2.19875,-2.27946,0
2.19981,-2.2747,0
2.21637,-2.25227,0
2.35346,-2.11172,0
2.7137,-1.68461,0
2.50967,-1.9083,0
2.34861,-2.10377,0
2.58527,-1.82342,0
2.63268,-1.76688,0
2.38703,-2.07637,0
2.3974,-2.05343,0
2.42585,-2.00682,0
2.26428,-2.20432,0
2.34832,-2.11959,0
2.2638,-2.20748,0
2.66238,-1.74283,0
2.38605,-2.0551,0
2.43342,-1.9964,0
2.32306,-2.13254,0
2.16159,-2.34526,0
2.74103,-1.65408,0
2.69971,-1.70307,0
2.28144,-2.18523,0
2.52857,-1.90669,0
4.7221,0.68322,0
4.73603,0.65374,0
2.68289,-1.72739,0
4.7275,0.68277,0
2.13754,-2.34598,0
4.75093,0.64565,0
2.12551,-2.33758,0
4.73932,0.62823,0
4.75128,0.59015,0
4.7169,0.57966,0
4.75545,0.60252,0
4.75269,0.59122,0
2.01905,-2.30946,0
4.75977,0.6531,0
4.76608,0.64554,0
4.77641,0.63674,0
4.75924,0.62209,0
4.77008,0.61369,0
2.08378,-2.34071,0
4.766,0.62103,0
2.43466,-2.09085,0
4.73581,0.72115,0
4.70265,0.74329,0
2.40738,-2.05754,0
4.60015,0.82297,0
4.36149,1.03226,0
2.53879,-1.94691,0
4.53493,0.87533,0
2.80088,-1.60347,0
2.32536,-2.16034,0
2.55885,-1.89961,0
4.24459,1.11685,0
2.66641,-1.77939,0
2.43978,-2.08856,0
2.84254,-1.60483,0
2.75775,-1.66374,0
2.29019,-2.24091,0
4.66688,0.78823,0
4.68743,0.76537,0
4.32055,1.05475,0
4.64113,0.78937,0
2.44115,-2.03305,0
2.68593,-1.72609,0
2.24582,-2.24896,0
4.69325,0.75496,0
2.65676,-1.80378,0
2.2451,-2.32345,0
4.28623,1.09542,0
2.56239,-1.91527,0
4.73606,0.72723,0
2.79302,-1.65746,0
2.57271,-1.87589,0
2.28332,-2.25898,0
2.21917,-2.35427,0
2.22527,-2.35202,0
2.81125,-1.63449,0
2.49479,-2.02918,0
4.5565,0.88019,0
2.50552,-1.97388,0
4.70278,0.73444,0
2.60386,-1.82624,0
2.42031,-2.09106,0
2.29814,-2.26307,0
2.75845,-1.70674,0
2.25427,-2.27093,0
2.32117,-2.20751,0
4.38754,1.00914,0
2.31393,-2.19789,0
2.23677,-2.31364,0
4.56508,0.84562,0
2.27622,-2.24574,0
2.38961,-2.09392,0
2.81961,-1.59085,0
2.50855,-1.9598,0
2.71024,-1.73375,0
2.67677,-1.78026,0
2.77323,-1.6556,0
2.30299,-2.22725,0
2.2157,-2.34717,0
2.69537,-1.77707,0
2.50364,-2.02103,0
2.67083,-1.77559,0
2.69476,-1.7428,0
4.69487,0.75694,0
2.5629,-1.94069,0
2.39821,-2.10664,0
2.56009,-1.93028,0
2.4816,-2.02152,0
2.606,-1.83976,0
4.74876,0.70985,0
2.83166,-1.61646,0
2.68667,-1.74436,0
2.36782,-2.15526,0
2.68175,-1.79669,0
4.62816,0.82191,0
2.7635,-1.68071,0
4.30431,1.06706,0
2.72769,-1.69636,0
2.33981,-2.1382,0
2.33641,-2.16923,0
2.35181,-2.16779,0
2.33028,-2.16081,0
2.47158,-2.03343,0
2.75605,-1.65385,0
2.19163,-2.32984,0
2.74863,-1.6558,0
2.59466,-1.90945,0
2.23243,-2.3033,0
4.66606,0.77234,0
2.75008,-1.71156,0
2.57929,-1.86923,0
2.27974,-2.23285,0
2.73211,-1.68865,0
4.61573,0.82596,0
2.35307,-2.14032,0
4.61065,0.82299,0
2.82313,-1.61577,0
4.27396,1.10995,0
2.61389,-1.86228,0
2.53551,-1.97638,0
2.62185,-1.83173,0
2.24869,-2.24528,0
2.2327,-2.28188,0
4.72172,0.71151,0
4.37475,1.01883,0
2.26051,-2.24699,0
4.47427,0.94033,0
4.57327,0.85022,0
2.30885,-2.25707,0
4.3974,1.00384,0
2.37849,-2.15077,0
4.52521,0.90087,0
2.57443,-1.91674,0
2.31599,-2.24642,0
2.23343,-2.30352,0
2.33845,-2.16043,0
2.36656,-2.18656,0
2.19861,-2.31551,0
4.55341,0.88169,0
4.47235,0.94551,0
4.40986,0.99075,0
4.25436,1.11799,0
2.62975,-1.84127,0
4.35367,1.04656,0
2.77151,-1.67105,0
4.3258,1.06632,0
2.1689,-2.3436,0
2.17811,-2.36213,0
4.78277,0.63529,0
4.78226,0.63066,0
4.47996,0.94596,0
2.47588,-2.05593,0
2.37088,-2.1923,0
2.44685,-2.10404,0
2.75078,-1.74468,0
2.68541,-1.82285,0
2.499,-2.04541,0
2.45963,-2.08136,0
2.23853,-2.36311,0
4.38775,1.02464,0
4.74973,0.72398,0
2.57991,-1.93777,0
2.55427,-1.98208,0
2.38049,-2.17433,0
2.34112,-2.21973,0
2.24974,-2.34203,0
2.73689,-1.76163,0
2.50175,-2.04773,0
2.39055,-2.16889,0
2.53953,-2.00259,0
4.26256,1.13066,0
2.26179,-2.33384,0
2.52382,-1.99921,0
2.67055,-1.84281,0
2.69428,-1.81274,0
4.7398,0.73288,0
2.80658,-1.67595,0
2.31146,-2.27702,0
2.40401,-2.14508,0
2.35523,-2.21541,0
2.31791,-2.25334,0
4.3728,1.03791,0
2.74509,-1.74315,0
2.34717,-2.23086,0
2.85582,-1.61457,0
2.3109,-2.26059,0
2.30718,-2.26545,0
2.70893,-1.7893,0
2.56229,-2.00714,0
2.31829,-2.2902,0
4.4496,1.00355,0
2.62107,-1.93891,0
4.71349,0.79167,0
2.42083,-2.1597,0
4.55712,0.91141,0
2.40268,-2.18587,0
2.61689,-1.90859,0
2.72813,2.23261,0
2.48351,-2.12242,0
2.7891,-1.72843,0
2.28676,-2.35834,0
2.59973,-1.96671,0
2.28586,-2.32065,0
4.71342,0.77926,0
2.47441,-2.10752,0
2.4662,-2.10741,0
2.5653,-1.97981,0
4.65585,0.83304,0
2.68361,-1.87783,0
2.44515,-2.13742,0
2.53474,-2.04835,0
2.81301,-1.71277,0
2.29286,-2.30421,0
2.79069,-1.72217,0
4.71314,0.76752,0
2.56412,-2.02984,0
2.29835,-2.29903,0
2.38821,-2.23966,0
2.30602,-2.33082,0
2.28927,-2.33267,0
4.68065,0.79639,0
4.36399,1.06969,0
4.38717,1.044,0
2.52867,-2.02912,0
4.3552,1.07133,0
2.36859,-2.27562,0
2.66347,-1.85712,0
2.69707,-1.83052,0
2.72661,-1.78022,0
2.46846,-2.11808,0
2.41467,-2.18835,0
2.79701,2.29391,0
4.54906,0.92544,0
2.64669,-1.90003,0
2.4668,-2.12663,0
4.7308,0.76302,0
2.52359,-2.05973,0
4.37709,1.05916,0
2.69256,2.18181,0
2.82122,-1.68976,0
2.34536,-2.2603,0
2.59293,-1.96657,0
2.33269,-2.2633,0
2.26551,-2.35851,0
2.44154,-2.17828,0
2.30827,-2.31835,0
2.53141,-2.06099,0
2.73578,-1.77379,0
2.46023,-2.15171,0
4.45752,0.99326,0
2.29515,-2.36436,0
2.35824,-2.27753,0
2.65068,-1.92077,0
4.56179,0.90622,0
2.72351,-1.78593,0
2.68822,-1.83427,0
4.46007,0.98518,0
2.83416,-1.65969,0
2.769,-1.75675,0
2.4063,-2.1958,0
2.5692,-2.00151,0
2.42136,-2.15453,0
2.75733,-1.75944,0
2.30329,-2.31058,0
2.72595,-1.82119,0
2.56731,-2.00071,0
4.26005,1.13937,0
2.40336,-2.18952,0
2.72417,-1.81778,0
2.64445,-1.89611,0
4.23894,1.15915,0
2.57518,-1.98369,0
4.35666,1.07224,0
2.67208,-1.87602,0
4.38677,1.04741,0
2.82267,-1.69876,0
4.5232,0.93304,0
2.67816,-1.88782,0
2.80074,-1.70834,0
4.64313,0.83231,0
2.33275,-2.29693,0
4.52741,0.92468,0
2.64876,2.12987,0
2.84436,-1.68205,0
2.52431,-2.08538,0
2.40544,-2.24396,0
2.36848,-2.28815,0
2.63465,-1.95066,0
2.45899,-2.16886,0
2.61656,-1.97357,0
4.76034,0.68527,0
4.77805,0.68574,0
4.76047,0.69619,0
2.74226,-1.8528,0
4.66873,0.86494,0
4.73925,0.80552,0
4.39205,1.06007,0
2.41029,-2.26348,0
2.48364,-2.15591,0
2.49607,-2.16337,0
2.61418,-2.0137,0
2.83183,-1.72087,0
2.5827,-2.03146,0
2.72794,-1.84605,0
2.80782,-1.73897,0
2.70501,2.25494,0
2.38694,-2.29675,0
2.45591,-2.20153,0
2.67417,-1.94281,0
2.63987,2.12882,0
2.48547,-2.19244,0
2.46855,-2.2044,0
2.46562,-2.16885,0
4.70379,0.83903,0
2.49598,-2.15015,0
2.575,-2.07725,0
2.77755,-1.77268,0
2.82303,-1.72194,0
2.56792,-2.05469,0
2.886,-1.66297,0
2.73908,-1.86094,0
2.74463,2.30402,0
4.66613,0.84915,0
2.46987,-2.18866,0
2.70101,-1.87137,0
2.79845,-1.77577,0
2.63065,2.12544,0
2.33178,-2.36936,0
2.38367,-2.27893,0
2.41187,-2.24611,0
4.36647,1.08384,0
4.54625,0.95473,0
2.50781,-2.14016,0
2.33083,-2.36932,0
4.73507,0.8,0
2.7376,-1.82734,0
4.30808,1.1241,0
4.67445,0.83925,0
2.34143,-2.35625,0
2.51086,-2.12154,0
2.5614,-2.06522,0
4.50337,0.98416,0
2.5383,-2.08579,0
2.68955,2.23509,0
2.599,-2.02857,0
4.30934,1.12125,0
2.83593,-1.72633,0
2.68217,-1.91412,0
4.56815,0.93255,0
2.36623,-2.30937,0
2.6602,2.18732,0
2.69826,-1.91223,0
4.58576,0.91356,0
4.60225,0.88735,0
2.77895,-1.77444,0
2.56228,-2.06173,0
2.458,-2.22284,0
2.34959,-2.36186,0
2.72419,2.26213,0
2.47106,-2.19295,0
2.53626,-2.07835,0
2.62742,-1.97867,0
2.66248,2.19323,0
2.48097,-2.18862,0
2.74172,-1.83703,0
2.53094,-2.10472,0
2.88332,-1.63795,0
4.43333,1.03314,0
2.65299,-1.93886,0
2.37677,-2.28533,0
2.81086,-1.74285,0
2.52669,-2.12932,0
4.52953,0.96331,0
2.6375,2.14121,0
2.51692,-2.12734,0
2.63032,2.12999,0
2.67572,2.19785,0
2.65734,-1.95886,0
2.45463,-2.1959,0
2.53064,-2.12077,0
4.39651,1.0681,0
2.61848,2.13338,0
2.71088,2.2125,0
2.55517,-2.08676,0
2.51033,-2.1577,0
4.51983,0.96117,0
4.26281,1.15724,0
2.40135,-2.2976,0
2.63574,-1.9849,0
2.58881,-2.04813,0
4.5433,0.94211,0
2.36857,-2.33117,0
4.41319,1.05268,0
4.71952,0.82796,0
4.66749,0.85502,0
2.26808,-2.37334,0
2.64007,-2.00804,0
2.6377,2.16956,0
2.46364,-2.24301,0
2.52281,-2.17043,0
4.74344,0.81474,0
2.91839,-1.62745,0
2.71282,-1.90507,0
2.49955,-2.20763,0
2.89061,-1.671,0
2.84143,-1.72957,0
2.76415,-1.82863,0
4.46684,1.02328,0
4.59937,0.9254,0
2.62742,-2.02302,0
4.27689,1.1632,0
2.75815,-1.85952,0
2.50416,-2.1998,0
2.40538,-2.33485,0
2.89063,-1.67715,0
2.6933,2.2419,0
2.58411,-2.0897,0
2.39469,-2.32795,0
2.36062,-2.37061,0
2.75461,-1.85302,0
2.46013,-2.2357,0
2.44891,-2.25353,0
2.42862,-2.30074,0
2.6397,-2.01184,0
2.64408,-2.00773,0
2.53469,-2.1519,0
2.61986,-2.03565,0
4.54632,0.9659,0
2.80057,-1.79301,0
2.52191,-2.16101,0
2.70557,2.25976,0
4.24015,1.19618,0
4.6536,0.89841,0
2.6007,2.12471,0
2.51244,-2.19166,0
4.45471,1.03513,0
2.83225,-1.7622,0
2.59159,2.18088,0
2.58968,2.13374,0
2.65995,2.20668,0
2.53396,-2.19995,0
4.65495,0.91821,0
2.66831,-2.00726,0
2.60553,2.14862,0
2.57079,-2.16072,0
2.7163,-1.94938,0
2.65324,-2.05904,0
4.7147,0.87998,0
2.42745,-2.31306,0
4.70706,0.85535,0
2.55001,-2.15247,0
2.94664,-1.62321,0
2.43102,-2.37681,0
2.48052,-2.24703,0
2.47047,-2.28486,0
2.49326,-2.26051,0
2.61498,2.17607,0
4.47967,1.01627,0
2.69338,2.29968,0
2.86,-1.73472,0
4.7168,0.87989,0
2.40851,-2.36874,0
2.48081,-2.31344,0
2.79016,-1.82526,0
2.9115,-1.68543,0
2.63712,-2.08202,0
2.67885,2.25478,0
2.46512,-2.31254,0
2.63192,2.16468,0
4.57932,0.97354,0
2.60767,2.19692,0
2.51405,-2.24149,0
4.48653,1.03256,0
2.83214,-1.777,0
4.56942,0.97028,0
2.41082,-2.33647,0
2.45241,-2.29621,0
4.51909,1.00844,0
2.51378,-2.20692,0
2.58733,2.15036,0
4.27547,1.17016,0
4.56227,0.97373,0
2.68716,-2.01074,0
2.60026,-2.1102,0
2.45014,-2.29789,0
2.73975,-1.93529,0
2.51901,-2.25652,0
2.62268,2.16687,0
4.5948,0.93179,0
2.65598,2.21024,0
2.63867,-2.06017,0
4.49924,1.03072,0
2.83783,-1.79605,0
2.48247,-2.27369,0
2.75518,-1.88271,0
2.64167,-2.05175,0
2.50423,-2.20383,0
2.46171,-2.33751,0
2.65856,2.27183,0
4.65177,0.9198,0
4.3942,1.09165,0
4.65903,0.92154,0
2.52962,-2.21891,0
2.70594,-1.95155,0
2.60492,-2.08827,0
2.6305,-2.08819,0
2.45052,-2.27689,0
2.6349,2.18279,0
4.56498,0.958,0
2.70191,-1.94537,0
2.9194,-1.65645,0
2.67074,2.21851,0
2.86314,-1.72362,0
2.65114,2.21572,0
2.83779,-1.80036,0
2.58853,2.1739,0
2.58186,-2.12409,0
4.60148,0.95662,0
4.52563,1.01025,0
2.76812,-1.8555,0
4.46786,1.04942,0
2.56885,2.14374,0
2.91741,-1.65884,0
2.44406,-2.29425,0
4.6356,0.90882,0
4.6899,0.86972,0
2.94494,-1.65579,0
2.67429,-2.00486,0
2.80473,-1.8245,0
4.63104,0.9035,0
4.65317,0.90477,0
2.83809,-1.76981,0
4.29948,1.15627,0
2.4995,-2.24666,0
2.83852,-1.8012,0
2.474,-2.3181,0
2.67794,2.25266,0
2.87856,-1.72215,0
4.62403,0.91788,0
4.48422,1.01386,0
2.55628,-2.17749,0
2.91908,-1.64497,0
2.79275,-1.85642,0
4.72764,0.83831,0
2.94007,-1.66609,0
2.6693,-2.11864,0
2.92786,-1.68287,0
2.68051,-2.07186,0
2.7014,-2.0751,0
2.94711,-1.7182,0
2.54514,2.17189,0
2.59587,-2.1764,0
4.49356,1.04261,0
2.50373,2.17377,0
2.76626,-1.93292,0
2.78726,-1.97277,0
4.52986,1.02985,0
2.57705,2.29094,0
2.47144,-2.34585,0
2.6218,-2.1683,0
4.23926,1.23316,0
2.55044,-2.34009,0
4.49706,1.05654,0
2.84671,-1.88282,0
2.61582,2.23856,0
2.69681,-2.10846,0
2.92567,-1.72847,0
2.7175,-2.04232,0
2.52269,2.15835,0
2.5231,-2.28079,0
4.61763,0.95661,0
2.61392,-2.18447,0
2.52099,-2.28375,0
2.57645,2.25471,0
2.50467,-2.36607,0
2.80025,-1.88745,0
2.84147,-1.87098,0
2.75421,-2.02627,0
2.77269,-1.93157,0
2.55849,-2.21778,0
2.55441,2.1795,0
2.54713,2.24321,0
2.97197,-1.65381,0
4.43863,1.11888,0
2.75393,-1.93696,0
2.82024,-1.86321,0
4.66604,0.93332,0
4.38093,1.16154,0
2.55119,2.22008,0
2.52213,-2.34865,0
2.55421,-2.23949,0
2.57804,-2.20752,0
2.59105,-2.27739,0
2.72752,-2.0463,0
2.60733,2.27417,0
4.64484,0.94165,0
4.49864,1.06817,0
2.92162,-1.74982,0
2.77967,-1.95965,0
2.59296,-2.21015,0
2.76135,-2.01392,0
2.5215,-2.38415,0
2.50794,-2.33335,0
2.62631,-2.20013,0
4.38491,1.11933,0
2.89301,-1.75585,0
2.54974,2.23517,0
4.31185,1.18038,0
2.55082,-2.32327,0
2.86365,-1.85435,0
2.84822,-1.81875,0
2.72127,-2.01543,0
2.60938,-2.14505,0
4.31242,1.20282,0
4.44494,1.10314,0
2.57277,-2.2956,0
2.67858,-2.0953,0
2.69356,-2.09323,0
2.56189,-2.21654,0
2.72636,-1.98822,0
2.70025,-2.05415,0
2.51294,-2.28885,0
2.7202,-2.01291,0
2.52985,2.21245,0
4.55091,1.00108,0
2.74686,-2.02842,0
4.60848,0.97555,0
2.5582,2.15625,0
2.98772,-1.65001,0
4.52235,1.07224,0
2.52521,2.17322,0
4.25257,1.22619,0
2.93813,-1.67009,0
2.666,-2.14886,0
2.82134,-1.8591,0
2.90208,-1.72505,0
2.93802,-1.72053,0
2.50346,-2.31785,0
2.55781,2.2687,0
2.4983,-2.33184,0
2.82159,-1.87639,0
2.70144,-2.07405,0
2.57531,2.29478,0
2.77504,-1.94276,0
2.66203,-2.08347,0
2.5727,-2.27247,0
4.55272,1.0105,0
4.52967,1.01412,0
2.52374,2.20232,0
2.91839,-1.71036,0
2.57811,-2.26048,0
2.92583,-1.72836,0
4.2684,1.22002,0
2.59142,2.31399,0
4.59271,1.01746,0
2.53152,-2.2945,0
4.6538,0.95545,0
2.56637,-2.21591,0
2.60032,-2.21553,0
4.40622,1.10321,0
2.55261,2.19355,0
2.55062,2.14738,0
2.69356,-2.0552,0
4.38423,1.1179,0
4.34117,1.18767,0
2.61021,-2.21769,0
4.50194,1.03806,0
2.70741,-1.9958,0
4.3834,1.15168,0
2.72188,-2.04562,0
2.75909,-2.00042,0
2.79146,-1.88825,0
2.50495,-2.35519,0
2.56688,2.2103,0
2.85732,-1.85035,0
2.66197,-2.13177,0
2.58109,-2.17786,0
2.75732,-2.01979,0
2.81588,-1.88698,0
4.60028,0.96695,0
2.62282,-2.11615,0
2.60178,-2.25408,0
4.65046,0.9688,0
2.50981,2.15485,0
4.65197,0.98906,0
2.56651,2.28058,0
4.43794,1.1038,0
2.84129,-1.88071,0
4.38829,1.13028,0
2.78767,-1.88126,0
2.52543,2.18304,0
4.24725,1.24697,0
2.51386,-2.33265,0
2.68852,-2.12144,0
2.56783,2.26905,0
2.65448,-2.09003,0
2.76064,-1.97365,0
2.52065,2.21487,0
4.27092,1.23401,0
4.37645,1.1286,0
2.68597,2.31222,0
4.7137,0.89139,0
4.69756,0.90628,0
4.69544,0.93847,0
2.7562,-2.03783,0
2.71004,-2.13141,0
2.87923,-1.8654,0
2.72223,-2.1619,0
2.80804,-2.01573,0
2.53478,2.24182,0
2.89968,-1.85343,0
2.65255,-2.186,0
2.5721,-2.32106,0
2.84991,-1.91998,0
2.84019,-1.97314,0
2.67777,-2.22817,0
2.57016,-2.36628,0
4.6084,1.02171,0
2.82375,-1.92025,0
2.71957,-2.11355,0
4.52011,1.08717,0
2.86653,-1.91879,0
2.58449,-2.29952,0
2.50857,2.24546,0
4.42094,1.15275,0
4.44027,1.13922,0
2.63045,-2.26258,0
2.67236,-2.17759,0
2.90734,-1.84304,0
2.88986,-1.83905,0
2.62494,-2.30148,0
2.90065,-1.81984,0
2.85997,-1.87308,0
2.81391,-1.95931,0
2.58115,-2.31696,0
2.77287,-2.00972,0
4.59275,1.04836,0
2.49628,2.20133,0
2.72546,-2.11389,0
2.85835,-1.8749,0
2.80664,-2.02089,0
2.92686,-1.78467,0
2.70406,-2.11586,0
2.97657,-1.73551,0
4.27557,1.2361,0
2.86487,-1.88936,0
2.83567,-1.91063,0
2.70713,-2.14248,0
4.23081,1.27763,0
2.76375,-2.01763,0
2.70787,-2.09996,0
2.74566,-2.0651,0
4.36797,1.18596,0
2.73292,-2.12267,0
2.77158,-2.07812,0
2.69679,-2.15744,0
2.77713,-2.01507,0
2.55231,2.28182,0
4.45391,1.14099,0
4.54333,1.08666,0
2.60068,-2.31062,0
2.83733,-1.93968,0
2.87737,-1.85234,0
2.50826,2.20032,0
4.29314,1.22453,0
2.69758,-2.1902,0
2.82628,-1.92408,0
2.79374,-1.98268,0
2.89749,-1.8665,0
2.87518,-1.8998,0
2.58451,-2.35734,0
2.95338,-1.74656,0
2.78507,-2.06232,0
2.72996,-2.0788,0
4.48733,1.11962,0
2.70357,-2.18015,0
2.55512,2.28669,0
2.73636,-2.06983,0
2.61188,-2.27541,0
2.80222,-1.96647,0
4.37085,1.18069,0
2.99802,-1.65095,0
3.0336,-1.65247,0
2.56619,-2.36012,0
2.87586,-1.88432,0
2.80322,-1.9983,0
4.61092,1.046,0
2.59769,-2.2961,0
2.77101,-2.06816,0
2.68491,-2.15439,0
4.54712,1.06316,0
4.60378,1.02414,0
2.95846,-1.73377,0
2.70459,-2.12727,0
2.81674,-1.9683,0
2.81416,-2.03181,0
2.93479,-1.87336,0
4.38361,1.20646,0
4.3817,1.21531,0
4.53364,1.1243,0
3.0602,-1.66921,0
2.90556,-1.93186,0
2.66208,-2.38935,0
2.76543,-2.16141,0
4.30348,1.27863,0
2.78724,-2.14375,0
2.7158,-2.18528,0
2.87751,-2.01688,0
2.70184,-2.24898,0
2.47137,2.268,0
4.61485,1.09907,0
2.88583,-1.92448,0
2.97415,-1.85089,0
4.37507,1.19727,0
3.04419,-1.70002,0
2.46361,2.23474,0
2.9219,-1.92136,0
2.82153,-2.09817,0
2.88128,-1.96341,0
4.3114,1.25382,0
4.27902,1.25868,0
2.61835,-2.33667,0
2.87258,-1.92441,0
2.41654,2.18566,0
2.4336,2.18311,0
2.95093,-1.84678,0
2.62023,-2.33529,0
2.87237,-1.93186,0
2.85213,-2.05469,0
2.44656,2.19488,0
4.36819,1.22108,0
4.54976,1.11714,0
2.87974,-1.93886,0
2.77805,-2.09778,0
2.62152,-2.33086,0
2.45085,2.17411,0
2.75161,-2.21378,0
2.72777,-2.27193,0
2.71251,-2.24765,0
2.97631,-1.7739,0
4.61479,1.10092,0
4.2338,1.31292,0
4.33294,1.24087,0
2.82167,-2.0108,0
2.9805,-1.77227,0
2.95431,-1.88696,0
4.39339,1.18223,0
2.7815,-2.09609,0
2.90685,-1.93112,0
4.50309,1.14369,0
2.99319,-1.79315,0
4.36712,1.21332,0
2.86731,-1.98953,0
2.9891,-1.73343,0
4.24601,1.2952,0
2.83451,-2.02976,0
4.32021,1.23607,0
4.4095,1.19206,0
4.64098,1.08142,0
4.58993,1.06358,0
4.28752,1.26035,0
2.86014,-1.96476,0
4.50169,1.13735,0
2.95361,-1.83402,0
2.73055,-2.23531,0
2.8416,-2.07556,0
4.19636,1.31005,0
3.06764,-1.6773,0
2.83245,-2.00471,0
4.46534,1.16417,0
2.68498,-2.29125,0
4.19307,1.34052,0
2.71958,-2.18988,0
3.03658,-1.73099,0
4.42727,1.18669,0
4.40637,1.21832,0
2.5042,2.29706,0
2.87035,-1.99314,0
2.77338,-2.08666,0
4.4205,1.20874,0
2.66137,-2.33701,0
2.45915,2.27592,0
4.4029,1.19533,0
4.41046,1.20311,0
3.02222,-1.72178,0
2.46685,2.22612,0
4.60264,1.09019,0
4.61275,1.10013,0
4.4823,1.15623,0
2.89404,-1.94746,0
2.84969,-1.98099,0
4.31894,1.25875,0
2.93851,-1.84619,0
2.66035,-2.28996,0
2.45308,2.19193,0
3.00051,-1.78772,0
4.62591,1.03861,0
2.7402,-2.13733,0
2.65626,-2.275,0
2.75156,-2.20275,0
2.39058,2.12404,0
2.47245,2.22909,0
2.46596,2.25611,0
2.71715,-2.22747,0
2.9187,-1.86977,0
3.02795,-1.68305,0
2.70549,-2.20723,0
2.74012,-2.24593,0
2.77667,-2.19289,0
2.91399,-1.93128,0
4.22684,1.29097,0
4.36383,1.23266,0
4.36886,1.23937,0
4.40175,1.18455,0
2.99284,-1.81927,0
4.38263,1.2003,0
2.72411,-2.23288,0
4.58291,1.06883,0
3.01432,-1.71015,0
2.73719,-2.17091,0
2.71864,-2.26651,0
4.41892,1.20002,0
2.41835,2.17582,0
4.50114,1.16079,0
4.36792,1.22772,0
2.85947,-2.01814,0
2.71117,-2.22542,0
2.68953,-2.32009,0
2.72004,-2.24652,0
4.4666,1.17972,0
2.45449,2.2214,0
4.58435,1.06963,0
2.98835,-1.81148,0
2.81457,-2.07489,0
4.30595,1.25673,0
2.61546,-2.36272,0
4.55185,1.12041,0
2.92478,-1.92543,0
2.67403,-2.34767,0
2.78094,-2.11775,0
2.43611,2.18789,0
2.97477,-1.83737,0
2.85467,-1.96708,0
3.02586,-1.71414,0
2.42072,2.15287,0
2.48442,2.21507,0
2.48476,2.28517,0
4.54599,1.12172,0
4.53726,1.12311,0
2.46568,2.27102,0
4.60222,1.08926,0
2.73767,-2.19124,0
2.60108,-2.38402,0
2.89947,-2.03128,0
2.87046,-2.08067,0
4.43802,1.21271,0
2.87553,-2.04449,0
2.80331,-2.19912,0
2.99365,-1.85158,0
2.43219,2.27148,0
3.05812,-1.73931,0
2.86096,-2.08486,0
4.47399,1.18707,0
4.41534,1.22061,0
4.32575,1.27558,0
4.25083,1.31018,0
2.81965,-2.12476,0
4.55969,1.14213,0
2.91893,-1.95216,0
3.04934,-1.76919,0
4.45514,1.20443,0
4.21683,1.34365,0
2.82699,-2.14962,0
3.01102,-1.81031,0
2.7616,-2.22418,0
2.83907,-2.13412,0
4.44986,1.20414,0
2.8381,-2.13754,0
2.37741,2.17585,0
2.85542,-2.07263,0
2.44095,2.27461,0
4.58667,1.1175,0
3.00471,-1.80974,0
2.87899,-2.03826,0
2.85086,-2.12547,0
2.82428,-2.17192,0
4.61638,1.11178,0
4.19596,1.34942,0
2.79985,-2.21062,0
2.96314,-1.87283,0
2.4139,2.21451,0
2.80758,-2.20484,0
4.36785,1.24286,0
4.27859,1.30816,0
2.86672,-2.06737,0
4.32633,1.2667,0
2.79351,-2.21701,0
2.71726,-2.32062,0
3.0226,-1.80021,0
4.23092,1.32751,0
2.761,-2.24948,0
2.99255,-1.8377,0
2.89999,-2.02636,0
4.34904,1.25685,0
4.24581,1.31537,0
2.72688,-2.31396,0
3.01408,-1.79216,0
2.39809,2.18572,0
2.87742,-2.07199,0
2.83442,-2.11758,0
4.57703,1.12719,0
2.43875,2.25092,0
2.85661,-2.08226,0
2.42473,2.23227,0
2.40541,2.20074,0
3.01072,-1.81086,0
2.75526,-2.27127,0
2.92307,-1.94413,0
4.51413,1.17817,0
2.82296,-2.16444,0
2.73275,-2.28636,0
2.82287,-2.12937,0
2.44973,2.27824,0
2.44199,2.27343,0
3.03159,-1.77223,0
3.10313,-1.66202,0
2.99241,-1.86619,0
3.0384,-1.80297,0
3.08442,-1.72888,0
4.17226,1.39131,0
2.73474,-2.34247,0
2.93334,-2.02197,0
2.78595,-2.27516,0
4.57222,1.16623,0
4.54026,1.18283,0
2.29705,2.09264,0
3.0452,-1.79357,0
2.99397,-1.90583,0
2.39885,2.27879,0
2.96795,-1.97334,0
3.02082,-1.82626,0
2.74816,-2.35669,0
2.29162,2.0619,0
4.47214,1.21125,0
2.34275,2.13695,0
2.29334,2.10322,0
4.60018,1.16511,0
2.35507,2.21466,0
2.77661,-2.28456,0
3.0524,-1.77668,0
4.48771,1.19748,0
4.54182,1.18872,0
2.81778,-2.26277,0
2.73801,-2.35601,0
2.4313,2.2897,0
2.94717,-2.00208,0
2.78163,-2.32489,0
2.36581,2.1884,0
2.91581,-2.03316,0
3.03536,-1.86681,0
2.74175,-2.35902,0
2.32453,2.10566,0
4.58934,1.14506,0
2.97073,-1.95106,0
3.1377,-1.66966,0
2.95027,-1.99369,0
2.81561,-2.27542,0
2.74287,-2.3528,0
2.92837,-2.01407,0
3.02976,-1.86202,0
2.81458,-2.22361,0
2.37472,2.17401,0
2.75493,-2.33765,0
2.3365,2.11561,0
3.05261,-1.827,0
4.6022,1.13887,0
3.12153,-1.67868,0
4.52577,1.19323,0
2.85803,-2.15238,0
2.9321,-2.05967,0
3.03241,-1.86709,0
2.78689,-2.32281,0
4.18165,1.38715,0
2.8185,-2.27855,0
2.77648,-2.30496,0
3.10297,-1.69758,0
2.97274,-1.98363,0
2.31237,2.1086,0
2.77519,-2.28122,0
4.16421,1.38875,0
2.7739,-2.36479,0
2.37024,2.2177,0
3.04449,-1.84658,0
3.05275,-1.81083,0
2.31797,2.09853,0
3.11913,-1.67275,0
4.44113,1.22886,0
3.0751,-1.76661,0
2.3324,2.10685,0
3.1409,-1.66066,0
2.92297,-2.01944,0
3.08834,-1.7222,0
2.9743,-1.96659,0
2.83955,-2.22583,0
2.99641,-1.88647,0
4.25888,1.33307,0
2.9183,-2.03436,0
2.76355,-2.29674,0
2.97817,-1.90544,0
2.75033,-2.31642,0
2.83727,-2.18894,0
4.18294,1.36677,0
4.54912,1.18946,0
4.46278,1.24044,0
2.40389,2.30073,0
2.91311,-2.06221,0
2.42077,2.29648,0
2.88593,-2.12744,0
3.08073,-1.73933,0
2.90562,-2.05851,0
2.779,-2.35601,0
2.4131,2.30718,0
2.84907,-2.16799,0
2.36337,2.16942,0
4.33093,1.29501,0
4.17851,1.37598,0
4.42767,1.25289,0
3.00409,-1.90778,0
4.26381,1.32659,0
2.78093,-2.35491,0
3.0468,-1.78025,0
3.0561,-1.7918,0
2.33312,2.15943,0
4.48815,1.21047,0
2.8221,-2.20987,0
2.74308,-2.36897,0
4.31668,1.29617,0
3.06005,-1.78811,0
3.05046,-1.80992,0
4.37382,1.26594,0
4.34648,1.29437,0
2.87568,-2.16095,0
3.02925,-1.86675,0
2.89328,-2.09315,0
2.35449,2.14255,0
2.87169,-2.24882,0
2.96603,-2.01729,0
4.1266,1.43622,0
2.3454,2.23599,0
3.06864,-1.91755,0
2.87745,-2.3093,0
2.23046,2.10525,0
2.86078,-2.34021,0
2.86871,-2.21766,0
2.98867,-2.05904,0
4.43868,1.30299,0
3.01245,-2.03393,0
2.30804,2.16135,0
4.39152,1.30353,0
2.27925,2.07705,0
2.81782,-2.3384,0
3.15022,-1.67311,0
2.83597,-2.32714,0
3.1108,-1.84324,0
4.30796,1.33723,0
2.79761,-2.33748,0
2.9232,-2.20013,0
2.84859,-2.31436,0
2.85544,-2.3178,0
3.12956,-1.74319,0
2.18091,1.98298,0
4.4008,1.29373,0
4.48476,1.26483,0
3.15237,-1.74319,0
2.214,2.08637,0
2.94864,-2.17191,0
3.09722,-1.87285,0
2.88093,-2.27747,0
3.15846,-1.74535,0
3.12836,-1.78258,0
2.34566,2.21265,0
2.87378,-2.25643,0
2.84748,-2.30545,0
3.10716,-1.77789,0
2.2873,2.24486,0
3.11452,-1.74953,0
2.23452,2.12644,0
2.8892,-2.28654,0
2.18689,2.02494,0
3.09095,-1.84543,0
3.15971,-1.67899,0
2.27502,2.15795,0
2.90107,-2.20078,0
3.03882,-1.97693,0
4.51523,1.24359,0
4.26482,1.36368,0
2.29717,2.18176,0
2.32118,2.188,0
3.07289,-1.88411,0
2.87263,-2.24161,0
2.29339,2.25764,0
4.31474,1.33277,0
4.27643,1.3483,0
2.26036,2.17025,0
2.8706,-2.21736,0
2.23192,2.06626,0
4.52473,1.21612,0
2.85148,-2.31979,0
3.05303,-1.87834,0
3.1756,-1.70515,0
3.0789,-1.80781,0
2.2709,2.16195,0
2.23753,2.09544,0
4.36148,1.32091,0
3.03298,-1.97889,0
3.16493,-1.67101,0
2.96773,-2.10349,0
2.85954,-2.31826,0
4.35793,1.32659,0
2.29845,2.23884,0
2.92645,-2.08657,0
3.04274,-1.97888,0
3.11408,-1.73473,0
2.22012,2.03349,0
3.13711,-1.68192,0
4.29377,1.34483,0
2.90607,-2.14508,0
2.89689,-2.21648,0
2.84293,-2.29311,0
3.18346,-1.67577,0
2.26229,2.06272,0
2.17833,2.00773,0
3.14265,-1.68239,0
2.93643,-2.15668,0
2.87326,-2.28941,0
2.99692,-2.01788,0
4.17534,1.42057,0
3.01628,-2.03763,0
2.33904,2.2945,0
2.34301,2.23437,0
2.87804,-2.24496,0
4.47091,1.25184,0
4.27034,1.36507,0
4.19246,1.39124,0
2.97525,-2.11585,0
4.17809,1.42285,0
2.9413,-2.05467,0
3.07875,-1.86916,0
3.0968,-1.81728,0
2.86385,-2.32674,0
4.44482,1.29217,0
3.07733,-1.89278,0
3.12993,-1.69606,0
2.96419,-2.03462,0
2.24871,2.0691,0
2.90338,-2.12715,0
2.30333,2.17535,0
2.224,2.1108,0
4.29136,1.36724,0
2.92531,-2.13084,0
2.20752,2.03331,0
4.4836,1.23504,0
2.82601,-2.27662,0
4.22263,1.37844,0
2.8736,-2.33812,0
4.47934,1.24214,0
2.86727,-2.33366,0
2.23647,2.08395,0
4.28182,1.3664,0
2.95607,-2.08389,0
4.19294,1.41167,0
2.89712,-2.20187,0
4.39794,1.29477,0
3.08065,-1.82952,0
2.92851,-2.16024,0
4.15036,1.41075,0
4.15698,1.43311,0
3.0154,-1.94005,0
2.94735,-2.18724,0
4.43438,1.30007,0
2.95277,-2.09538,0
2.3203,2.22647,0
2.22549,2.02441,0
4.17809,1.39966,0
2.16301,1.97396,0
2.93717,-2.14291,0
3.10322,-1.86148,0
2.32365,2.16353,0
2.90192,-2.16073,0
2.15792,1.96144,0
2.21723,2.0125,0
2.94404,-2.11131,0
2.82934,-2.28798,0
3.13892,-1.71346,0
4.45407,1.28658,0
3.0556,-1.96265,0
3.13706,-1.74706,0
3.07707,-1.8817,0
2.2691,2.20593,0
3.16023,-1.72869,0
3.07321,-1.83614,0
2.89617,-2.18745,0
2.35131,2.25728,0
2.95803,-2.15847,0
4.24878,1.37535,0
4.30322,1.35965,0
2.30042,2.26656,0
2.21996,2.04856,0
4.35322,1.32796,0
4.25732,1.34987,0
2.31622,2.16825,0
4.35548,1.33125,0
2.31235,2.23407,0
3.05462,-1.88822,0
2.84025,-2.32847,0
3.08811,-1.81325,0
4.34801,1.32287,0
2.28758,2.23456,0
2.2936,2.15968,0
3.13804,-1.70691,0
4.28613,1.37745,0
4.14482,1.40924,0
2.29123,2.12298,0
2.87482,-2.321,0
4.18652,1.40255,0
2.30156,2.16755,0
3.055,-1.9115,0
2.29007,2.19279,0
3.03428,-1.94041,0
3.09261,-1.82612,0
2.36586,2.25704,0
2.95947,-2.05966,0
2.36397,2.26865,0
2.29477,2.12106,0
3.15949,-1.69997,0
4.42544,1.26397,0
2.19796,2.00627,0
2.96311,-2.12456,0
2.98458,-2.07626,0
2.2283,2.10135,0
2.87636,-2.30972,0
4.21238,1.40589,0
2.9926,-2.09119,0
4.50674,1.25044,0
2.33197,2.18932,0
2.3698,2.28283,0
2.29387,2.24542,0
2.3751,2.26028,0
2.93078,-2.17043,0
4.25309,1.37794,0
2.84665,-2.30043,0
2.83212,-2.2581,0
2.33549,2.22543,0
2.3282,2.2506,0
2.97547,-2.1154,0
4.16266,1.43495,0
4.55165,1.2109,0
2.93174,-2.06797,0
4.18271,1.39384,0
2.89932,-2.2834,0
2.95773,-2.05576,0
2.79546,-2.34565,0
2.39596,2.31227,0
4.58215,1.18599,0
4.59933,1.19099,0
3.19425,-1.67463,0
3.14325,-1.7857,0
4.26284,1.39329,0
3.19598,-1.67335,0
4.46457,1.29848,0
2.90222,-2.31402,0
2.24903,2.18735,0
2.17251,2.02394,0
4.33811,1.35349,0
4.41775,1.32338,0
4.47661,1.28772,0
4.37148,1.33814,0
2.17555,2.03333,0
4.55392,1.25193,0
2.96849,-2.1495,0
4.34531,1.353,0
3.11972,-1.84071,0
2.9165,-2.27573,0
4.10754,1.46349,0
2.30094,2.3027,0
2.92786,-2.23638,0
2.30795,2.30277,0
2.95345,-2.19446,0
4.11932,1.46223,0
3.16336,-1.75756,0
3.06164,-1.97026,0
2.96611,-2.17729,0
3.05957,-1.95932,0
2.22459,2.13075,0
2.29684,2.28902,0
2.28171,2.24683,0
4.52017,1.26768,0
3.05892,-1.97479,0
2.15639,1.98886,0
2.28394,2.26337,0
3.00882,-2.08102,0
3.15291,-1.76697,0
2.80475,-2.36225,0
2.79956,-2.36516,0
2.82788,-2.36205,0
4.62667,1.16782,0
4.62228,1.12796,0
4.63535,1.11587,0
4.63922,1.12481,0
2.71911,-2.37533,0
4.63844,1.13564,0
4.67575,1.0769,0
2.52314,2.31599,0
2.78309,-2.38724,0
2.82107,-2.38757,0
4.68984,0.98778,0
2.63942,-2.3857,0
4.71349,1.00886,0
2.63933,-2.385,0
4.71459,0.99794,0
4.69772,1.00483,0
4.70999,0.98799,0
4.68196,0.98465,0
4.67049,0.98125,0
4.70715,0.99458,0
4.70241,0.9665,0
4.70588,1.04698,0
4.7374,0.97181,0
4.72278,0.94369,0
4.72997,0.97813,0
4.75688,0.96141,0
4.71202,0.95887,0
4.73534,0.92997,0
4.73916,1.00287,0
4.72487,0.86712,0
4.7305,0.88071,0
4.73648,0.87731,0
2.54035,-2.38338,0
4.72819,0.91145,0
4.73255,0.90809,0
4.75151,0.86931,0
4.72516,0.88798,0
4.75429,0.90462,0
4.74909,0.86124,0
4.76604,0.8864,0
4.7668,0.93755,0
4.76795,0.94252,0
4.76741,0.9356,0
4.76237,0.93962,0
4.72487,1.03257,0
4.72031,1.01712,0
4.72365,1.01848,0
4.73203,1.01795,0
4.71106,1.03133,0
4.73805,1.02446,0
4.74737,1.00514,0
4.78987,0.90186,0
4.76652,0.88396,0
4.77373,0.87555,0
4.74867,0.81261,0
4.78566,0.87232,0
4.77646,0.85456,0
4.78634,0.90341,0
4.7773,0.89413,0
4.67488,1.12248,0
4.65439,1.14044,0
4.67045,1.11553,0
4.69788,1.1103,0
4.69371,1.09627,0
2.69644,-2.39364,0
4.72946,1.0406,0
2.71125,-2.39791,0
4.74814,1.01478,0
4.72152,1.04302,0
2.97403,-2.1786,0
2.95984,-2.20385,0
3.11577,-1.8863,0
3.04313,-2.02926,0
3.03544,-2.04829,0
3.12317,-1.86576,0
3.23897,-1.65198,0
2.9184,-2.29379,0
2.93654,-2.26166,0
3.11085,-1.89516,0
3.14385,-1.8382,0
3.14117,-1.84501,0
3.13932,-1.82074,0
4.63522,1.17872,0
3.08134,-1.95165,0
3.16502,-1.79973,0
3.11192,-1.90019,0
2.96449,-2.2105,0
4.62575,1.19831,0
3.09936,-1.92805,0
2.94181,-2.26589,0
3.12892,-1.87381,0
3.15099,-1.79104,0
2.98728,-2.15423,0
3.16695,-1.81329,0
3.20559,-1.67377,0
3.14629,-1.83713,0
2.94828,-2.25482,0
2.989,-2.15919,0
2.90216,-2.3435,0
3.04675,-2.03598,0
3.13643,-1.83084,0
2.88247,-2.38275,0
4.5908,1.21647,0
3.13918,-1.84024,0
3.00902,-2.12011,0
3.02483,-2.08704,0
3.1707,-1.79146,0
4.58797,1.20716,0
3.13465,-1.86458,0
3.19758,-1.69896,0
3.18849,-1.73594,0
4.3251,1.37717,0
4.51925,1.30324,0
3.28481,-1.78661,0
4.13297,1.50321,0
4.41693,1.34167,0
3.33826,-1.65233,0
3.26931,-1.68754,0
4.1063,1.50294,0
4.25867,1.3978,0
3.34609,-1.56485,0
3.16577,-1.88133,0
3.23083,-1.73324,0
3.14932,-2.03669,0
3.01875,-2.19684,0
3.2891,-1.74586,0
2.94953,-2.28406,0
3.21984,-1.74774,0
4.54052,1.29353,0
3.35256,-1.51652,0
4.19306,1.47598,0
4.08554,1.52995,0
3.29318,-1.75282,0
3.16283,-1.86176,0
3.10638,-1.94995,0
4.39327,1.39941,0
3.12362,-2.02088,0
3.06152,-2.07799,0
3.05142,-2.17178,0
4.24731,1.4104,0
3.37545,-1.52119,0
3.22845,-1.83224,0
3.23642,-1.76313,0
3.30839,-1.68104,0
4.50201,1.35151,0
3.12372,-2.01429,0
3.03794,-2.10722,0
2.97906,-2.28201,0
3.18312,-1.91765,0
3.10906,-2.07346,0
3.37276,-1.53437,0
3.07911,-2.17126,0
3.01205,-2.18512,0
3.00292,-2.30437,0
3.27813,-1.70929,0
3.05882,-2.17727,0
3.3272,-1.65816,0
3.27339,-1.75413,0
3.03961,-2.08519,0
3.0211,-2.34282,0
3.24846,-1.79663,0
4.20119,1.46758,0
3.02657,-2.20072,0
3.06782,-2.26241,0
3.11764,-1.94672,0
4.21244,1.43331,0
4.50229,1.2968,0
2.99322,-2.19453,0
3.02133,-2.12652,0
4.44064,1.33439,0
3.07663,-2.13194,0
3.20389,-1.91931,0
3.20136,-1.95892,0
4.5337,1.30588,0
4.34425,1.38773,0
3.36213,-1.59782,0
3.20511,-1.92473,0
3.16642,-1.92421,0
4.42886,1.37541,0
3.20509,-1.78786,0
4.47239,1.34223,0
2.97904,-2.29673,0
3.11536,-2.09891,0
3.00221,-2.2063,0
3.05571,-2.05863,0
4.45461,1.3593,0
3.34168,-1.60168,0
4.26429,1.42884,0
2.94203,-2.32038,0
3.22638,-1.84236,0
3.01863,-2.11969,0
3.09279,-2.01963,0
3.03635,-2.26089,0
3.23312,-1.71045,0
3.26225,-1.7007,0
3.06146,-2.11583,0
3.04188,-2.13629,0
3.18996,-1.89997,0
3.19265,-1.83904,0
3.21944,-1.81436,0
3.18306,-1.94255,0
4.47892,1.32136,0
2.97454,-2.31702,0
3.0889,-2.21861,0
3.35898,-1.51395,0
3.23932,-1.71175,0
3.18978,-1.85491,0
3.09618,-2.14786,0
4.51569,1.34057,0
4.47022,1.34653,0
4.06978,1.51524,0
3.05807,-2.07384,0
3.31003,-1.72794,0
3.40108,-1.51364,0
3.10123,-1.97439,0
3.37875,-1.54298,0
4.28254,1.42382,0
2.98997,-2.30722,0
3.06148,-2.06607,0
3.09496,-1.99687,0
3.24387,-1.88127,0
3.1654,-2.03464,0
3.22061,-1.89945,0
3.22951,-1.8909,0
3.0617,-2.13062,0
3.14297,-1.88166,0
3.37754,-1.51481,0
2.99625,-2.23531,0
3.3474,-1.59133,0
3.0849,-2.26672,0
3.09051,-2.04577,0
3.29245,-1.77002,0
3.2427,-1.83819,0
3.19027,-1.78399,0
3.10574,-2.00878,0
3.04088,-2.33171,0
4.23337,1.43521,0
2.27707,2.26225,0
3.03467,-2.12363,0
4.30505,1.42868,0
4.45441,1.36418,0
3.35236,-1.52576,0
3.23425,-1.81003,0
2.98954,-2.18101,0
4.20407,1.45136,0
4.16666,1.48783,0
3.14106,-2.11677,0
4.1111,1.49084,0
3.16655,-1.88913,0
3.0103,-2.21084,0
3.18114,-1.87339,0
4.30881,1.38084,0
3.15083,-1.87463,0
3.21052,-1.82438,0
3.02778,-2.33229,0
3.21533,-1.72941,0
3.05944,-2.20072,0
3.26728,-1.78521,0
4.22707,1.44398,0
2.98436,-2.23796,0
3.0283,-2.24905,0
3.01412,-2.15021,0
4.38441,1.36578,0
3.08983,-2.09915,0
3.12067,-1.91826,0
3.25645,-1.85273,0
3.30044,-1.69392,0
4.10544,1.4742,0
3.15827,-1.94961,0
3.13391,-1.99685,0
3.03248,-2.32649,0
4.17696,1.48466,0
3.09644,-2.07969,0
4.20956,1.46139,0
3.14641,-1.9488,0
3.24299,-1.81642,0
4.5622,1.28238,0
3.368,-1.5784,0
3.25196,-1.76167,0
4.54046,1.27446,0
2.9312,-2.29505,0
3.21699,-1.85906,0
3.20848,-1.89075,0
4.44946,1.32783,0
3.0758,-2.23184,0
3.02116,-2.16788,0
3.00997,-2.31442,0
4.48024,1.35737,0
3.00781,-2.29706,0
4.2192,1.46754,0
4.30418,1.40681,0
3.23925,-1.87989,0
4.33247,1.3954,0
3.1816,-1.98565,0
3.05701,-2.12628,0
2.99361,-2.28263,0
3.16175,-2.06621,0
3.08735,-2.25572,0
3.29512,-1.68052,0
2.99709,-2.18185,0
3.19897,-1.79306,0
4.07101,1.53341,0
3.00227,-2.18153,0
4.10182,1.49163,0
3.2382,-1.81721,0
4.54932,1.33196,0
4.47672,1.34503,0
3.28971,-1.66164,0
3.11102,-1.94646,0
3.32588,-1.63546,0
3.33577,-1.66481,0
2.97483,-2.31715,0
2.97191,-2.21369,0
3.08642,-2.17348,0
3.16196,-1.91666,0
3.01321,-2.14131,0
2.98938,-2.27205,0
4.12416,1.50765,0
3.24265,-1.83896,0
3.14607,-1.98025,0
3.20314,-1.76704,0
3.07333,-2.26256,0
3.18561,-1.91937,0
4.22682,1.46785,0
3.14469,-2.02961,0
3.03488,-2.15264,0
2.28072,2.26709,0
2.97661,-2.32525,0
3.08861,-1.98701,0
3.14911,-2.07295,0
3.38696,-1.48496,0
2.94819,-2.28258,0
3.27607,-1.70869,0
3.09882,-2.16562,0
3.15084,-2.10493,0
3.08805,-2.19651,0
3.10191,-2.12498,0
4.34413,1.40022,0
3.04828,-2.19348,0
3.29136,-1.66592,0
4.52297,1.34616,0
3.03821,-2.20456,0
3.27317,-1.80889,0
4.56621,1.29241,0
4.23897,1.45055,0
3.02514,-2.11852,0
3.06864,-2.2456,0
3.12162,-2.08025,0
2.98081,-2.20355,0
4.4666,-0.98146,0
4.44754,-1.13444,0
4.24848,-1.26068,0
4.29688,-1.2926,0
4.57345,-0.97477,0
4.2699,-1.31257,0
4.34411,-1.31882,0
4.10508,-1.36995,0
4.4548,-1.27773,0
4.40578,-1.1454,0
4.40011,-1.31976,0
4.49843,-0.9308,0
4.36813,-1.24095,0
4.55737,-0.90635,0
4.50538,-1.17068,0
4.55105,-1.00531,0
4.51921,-0.81111,0
4.09142,-1.35259,0
4.57496,-0.87913,0
4.47167,-1.43688,0
4.43257,-1.16712,0
4.57243,-1.29544,0
4.36025,-1.24528,0
4.51505,-1.05156,0
4.31358,-1.18425,0
4.59073,-0.90216,0
4.57606,-0.99715,0
4.32359,-1.31027,0
4.23831,-1.26903,0
4.62738,-0.73877,0
4.48216,-0.92967,0
4.49292,-0.83762,0
4.31067,-1.21328,0
4.42223,-1.16272,0
4.56252,-0.71611,0
4.385,-0.97609,0
4.60037,-0.70737,0
4.58569,-0.55511,0
4.34048,-1.14452,0
4.31889,-1.37561,0
4.55124,-1.02151,0
3.99526,-1.39818,0
4.53672,-0.93296,0
4.56865,-0.82244,0
4.22226,-1.23798,0
4.16233,-1.30048,0
4.45792,-0.89291,0
4.26061,-1.26675,0
4.48909,-1.32141,0
4.52119,-0.84467,0
4.59486,-0.8564,0
4.3158,-1.25168,0
4.43105,-1.03798,0
4.65159,-0.42431,0
4.39428,-1.08242,0
4.57313,-1.07495,0
4.3311,-1.0885,0
4.48463,-1.00128,0
4.40196,-0.9565,0
4.60545,-0.57636,0
4.54222,-0.82851,0
4.41221,-1.11625,0
4.3012,-1.28614,0
4.55597,-1.36886,0
4.50629,-0.8276,0
4.61111,-0.58913,0
4.54207,-0.85515,0
4.54719,-1.43375,0
4.48313,-1.2392,0
4.35862,-1.27074,0
4.12917,-1.35526,0
4.33328,-1.20947,0
4.11695,-1.36841,0
4.34205,-1.05319,0
4.59952,-1.05991,0
4.44196,-0.95522,0
4.19628,-1.2695,0
4.30383,-1.20849,0
4.5516,-1.09918,0
4.34762,-1.2209,0
4.43228,-1.06699,0
4.44139,-1.0698,0
4.5145,-0.69626,0
4.43626,-0.9057,0
4.59449,-0.73806,0
4.51867,-0.66564,0
4.52637,-1.4421,0
4.16162,-1.29354,0
4.42648,-1.33116,0
4.47352,-1.35953,0
4.50801,-1.27491,0
4.65029,-0.47983,0
4.53328,-0.68007,0
4.46664,-0.82153,0
4.53913,-1.0219,0
4.22407,-1.27525,0
4.07331,-1.39892,0
4.5547,-0.69375,0
4.58977,-0.64248,0
4.64799,-0.44085,0
4.21888,-1.29774,0
4.45119,-0.98832,0
4.31352,-1.16123,0
4.59073,-1.27286,0
4.08243,-1.34211,0
4.49624,-0.87486,0
4.41411,-1.30089,0
4.34416,-1.05701,0
4.45717,-1.36708,0
4.18518,-1.34695,0
4.26161,-1.34906,0
4.35279,-1.03904,0
4.35597,-1.29111,0
4.48135,-0.86905,0
4.50312,-1.36084,0
4.47109,-0.84988,0
4.56006,-0.64513,0
4.55077,-0.9056,0
4.42098,-0.83234,0
4.60677,-0.76769,0
4.61861,-0.59771,0
4.30817,-1.27982,0
4.47987,-0.96458,0
4.5495,-0.72136,0
4.58391,-1.07669,0
4.42407,-1.03047,0
4.40268,-0.95075,0
4.59593,-0.79778,0
4.46926,-1.29803,0
4.34066,-1.30174,0
4.05803,-1.37905,0
4.23819,-1.36062,0
4.3803,-1.14414,0
4.56478,-0.91719,0
4.52495,-0.93352,0
4.4904,-1.03443,0
4.5296,-0.94039,0
4.49929,-0.66072,0
4.57674,-1.37721,0
4.56045,-0.88847,0
4.31825,-1.29799,0
4.25447,-1.40747,0
4.54036,-1.27867,0
4.29775,-1.30791,0
4.49793,-0.93594,0
4.46019,-1.113,0
4.3337,-1.36339,0
4.25976,-1.27221,0
4.56225,-1.32098,0
4.29157,-1.20743,0
4.15701,-1.3499,0
4.37678,-1.07419,0
4.42004,-1.37556,0
4.43705,-0.95317,0
4.59728,-1.08404,0
4.56702,-1.1739,0
4.54615,-0.64221,0
4.47007,-0.74041,0
4.14146,-1.39427,0
4.54838,-0.88684,0
4.35475,-1.32532,0
4.54689,-0.98412,0
4.29472,-1.36504,0
4.55876,-0.62705,0
4.30536,-1.16404,0
4.3526,-1.0216,0
4.46123,-1.37621,0
4.40892,-0.91881,0
4.50148,-0.8635,0
4.15484,-1.40233,0
4.53641,-0.74858,0
4.48947,-0.95848,0
4.56372,-1.25536,0
4.60669,-0.8878,0
4.48025,-1.02237,0
4.46411,-1.05769,0
4.2805,-1.34944,0
4.47901,-1.29022,0
4.34618,-1.2093,0
4.63059,-0.72584,0
4.52277,-1.2586,0
4.35746,-1.0721,0
4.60924,-0.72554,0
4.61942,-0.5415,0
4.07222,-1.31182,0
4.34566,-1.32892,0
4.55284,-1.39328,0
4.5525,-1.26561,0
4.61405,-0.55094,0
4.62191,-0.69111,0
4.48015,-1.28483,0
4.31717,-1.408,0
4.35099,-1.15846,0
4.57827,-1.00497,0
4.34607,-1.08779,0
4.44596,-0.81707,0
4.57292,-1.08516,0
4.40503,-1.14587,0
4.45732,-1.01878,0
4.54936,-0.93955,0
4.57837,-1.07862,0
4.6408,-0.63013,0
4.52452,-1.31775,0
4.49209,-0.94549,0
4.60425,-0.57098,0
4.30391,-1.15405,0
4.47626,-0.95738,0
4.5784,-1.26978,0
4.40076,-1.19726,0
4.58337,-1.13665,0
4.44186,-1.36144,0
4.56649,-0.90092,0
4.53029,-1.08004,0
4.54476,-0.66361,0
4.55367,-0.94496,0
4.35604,-1.25746,0
4.10242,-1.37918,0
4.41902,-1.20506,0
4.46973,-0.98942,0
4.41777,-1.19784,0
4.52055,-1.27412,0
4.09436,-1.30419,0
4.33246,-1.41874,0
4.32802,-1.20912,0
4.30863,-1.39084,0
4.09188,-1.40737,0
4.45269,-0.93777,0
4.53912,-1.44507,0
4.47118,-1.25286,0
4.50723,-0.98464,0
4.15381,-1.41181,0
4.26863,-1.38406,0
4.44986,-0.90623,0
4.59343,-1.00083,0
4.6146,-0.9267,0
4.40742,-1.25656,0
4.12253,-1.3156,0
4.41476,-1.3156,0
4.55376,-0.82542,0
4.53046,-0.65642,0
4.55106,-1.1546,0
4.54664,-1.42155,0
4.25773,-1.23213,0
4.33377,-1.03241,0
4.38671,-1.37991,0
4.24409,-1.3844,0
4.57835,-0.61872,0
4.61272,-0.65463,0
4.53584,-0.78718,0
4.62805,-0.65155,0
4.62475,-0.72234,0
4.51748,-1.16725,0
4.26221,-1.376,0
4.52272,-1.10447,0
4.53213,-1.28614,0
4.58796,-0.85862,0
4.43583,-1.13479,0
4.37219,-1.23117,0
4.56996,-1.08872,0
4.24038,-1.26888,0
4.10935,-1.37141,0
4.29636,-1.24986,0
4.60588,-0.81311,0
4.3145,-1.2098,0
4.47628,-1.13842,0
4.46484,-0.98102,0
4.42046,-1.00053,0
4.47409,-1.38138,0
4.69883,0.32694,0
4.57716,-1.25717,0
4.55784,-0.87129,0
4.62654,-0.6447,0
4.32372,-1.26426,0
4.20057,-1.25526,0
4.29897,-1.12474,0
4.49167,-0.84788,0
4.5376,-0.85274,0
4.54638,-1.41367,0
4.62257,-0.73363,0
4.51455,-0.95254,0
4.34468,-1.08846,0
4.59756,-1.08107,0
4.34254,-1.34394,0
4.70259,0.3309,0
4.46461,-1.37286,0
4.65362,-0.40895,0
4.44211,-1.28916,0
4.45353,-0.93875,0
4.18022,-1.35687,0
4.47022,-1.09607,0
4.43788,-0.94188,0
4.42135,-0.94685,0
4.50422,-1.17598,0
4.54555,-1.34742,0
4.31441,-1.28002,0
4.2798,-1.33156,0
4.26007,-1.33931,0
4.5648,-1.26707,0
4.07291,-1.40221,0
4.59666,-1.05284,0
4.16511,-1.36682,0
4.3697,-1.23488,0
4.48683,-0.98105,0
4.10101,-1.32433,0
3.98231,-1.39655,0
4.38237,-1.35248,0
4.42543,-0.88748,0
4.42302,-1.40462,0
4.51768,-1.43523,0
4.48393,-0.76629,0
4.33571,-1.24107,0
4.23216,-1.29534,0
4.58539,-0.87949,0
4.44926,-1.22783,0
4.56708,-1.28801,0
4.33818,-1.29444,0
4.44133,-1.29023,0
4.54962,-0.65387,0
4.5191,-1.36317,0
4.3271,-1.17963,0
4.44853,-1.11488,0
4.4713,-1.44132,0
4.49057,-1.35003,0
4.49264,-1.33652,0
4.53299,-1.40753,0
4.65765,-0.38815,0
4.24247,-1.24554,0
4.49872,-1.05231,0
4.56453,-0.66058,0
4.53196,-1.03443,0
3.96379,-1.39983,0
4.5426,-0.78442,0
4.40752,-0.97184,0
4.48793,-1.11815,0
4.38323,-1.33656,0
4.56095,-0.82597,0
4.34658,-1.22717,0
4.16762,-1.38364,0
4.20791,-1.33432,0
4.51517,-0.72166,0
4.58626,-1.0541,0
4.41458,-1.39264,0
4.2964,-1.39505,0
4.277,-1.39075,0
4.57704,-1.32879,0
4.37577,-1.21474,0
4.35429,-1.17505,0
4.20023,-1.26203,0
4.30365,-1.20343,0
4.52593,-0.89204,0
4.57274,-1.2989,0
4.52457,-0.63875,0
4.37006,-0.9975,0
4.36842,-1.24131,0
4.60075,-0.85495,0
4.61649,-0.84386,0
4.38224,-1.24705,0
4.37447,-1.30367,0
4.41983,-1.43205,0
4.25645,-1.27933,0
4.56363,-0.64662,0
4.55619,-1.22884,0
4.54642,-1.41767,0
4.07211,-1.41072,0
4.3495,-1.15639,0
4.54258,-0.93082,0
4.12346,-1.34872,0
4.32154,-1.32641,0
4.33646,-1.01513,0
4.40257,-0.92745,0
4.3748,-1.33606,0
4.52717,-1.30216,0
4.57541,-1.1053,0
4.38099,-1.14301,0
4.62235,-0.54253,0
4.43557,-0.85735,0
4.35892,-1.36964,0
4.60006,-0.6096,0
4.15004,-1.33972,0
4.55436,-0.71565,0
4.39481,-1.12179,0
4.3198,-1.16887,0
4.15043,-1.33876,0
4.4426,-0.89662,0
4.27039,-1.28141,0
4.13358,-1.29265,0
4.54717,-1.2022,0
4.30771,-1.20372,0
4.48838,-0.77269,0
4.57404,-0.85314,0
4.42976,-1.31175,0
4.57144,-0.97401,0
4.52755,-1.09832,0
4.37542,-0.94308,0
4.31149,-1.41679,0
4.46271,-1.31726,0
4.38073,-1.01554,0
4.24525,-1.3879,0
4.40522,-1.20117,0
4.39146,-1.18637,0
4.58658,-0.79364,0
4.63727,-0.45616,0
4.42865,-1.04087,0
4.28962,-1.13777,0
4.40551,-1.42467,0
4.49188,-0.81436,0
4.68582,0.32177,0
4.56991,-0.63328,0
4.24375,-1.28491,0
4.40781,-1.13757,0
4.56716,-0.67733,0
4.57714,-0.7999,0
4.54615,-1.39582,0
4.33949,-1.03887,0
4.34141,-1.16261,0
4.04604,-1.39496,0
4.17037,-1.3864,0
4.62076,-0.74653,0
4.26264,-1.17746,0
4.46219,-1.41148,0
4.48534,-1.22845,0
4.39474,-1.00368,0
4.24908,-1.29101,0
4.51581,-0.69797,0
4.20738,-1.40792,0
4.49648,-1.41458,0
4.50504,-0.81581,0
4.35845,-0.99298,0
4.45469,-0.90273,0
4.5932,-1.07163,0
4.38615,-1.22029,0
4.46293,-0.99497,0
4.61185,-0.71162,0
4.30139,-1.16839,0
4.36889,-1.17558,0
4.4158,-1.18302,0
4.17902,-1.33762,0
4.38729,-1.04438,0
4.47495,-1.11122,0
4.54804,-1.14635,0
4.24953,-1.19128,0
4.57908,-1.29302,0
4.54665,-1.02353,0
4.68979,0.30487,0
4.50151,-0.64436,0
4.60899,-0.86152,0
4.29703,-1.24415,0
4.62454,-0.55775,0
4.47809,-1.00083,0
4.30192,-1.14901,0
4.46756,-1.04125,0
4.5665,-0.65366,0
4.64366,-0.5656,0
4.33988,-1.17165,0
4.3425,-1.07656,0
4.40496,-1.21402,0
4.40536,-0.94533,0
4.48762,-1.21411,0
4.5146,-1.07597,0
4.43681,-1.20119,0
4.40452,-1.38438,0
4.18956,-1.38236,0
4.70653,0.32346,0
4.21329,-1.29623,0
4.20374,-1.31343,0
4.52374,-0.69538,0
4.35605,-1.2429,0
4.55522,-1.10915,0
4.55637,-1.38253,0
4.51015,-0.83593,0
4.46881,-1.407,0
4.40089,-1.38476,0
4.22573,-1.23257,0
4.26069,-1.31418,0
4.42788,-1.34303,0
4.10074,-1.41639,0
4.47975,-0.93749,0
4.54339,-0.92909,0
4.61123,-0.72656,0
4.32845,-1.32799,0
4.56563,-0.92837,0
4.40896,-0.96335,0
4.39002,-1.3791,0
4.25743,-1.26961,0
4.59822,-1.09983,0
4.30989,-1.41043,0
4.49643,-0.79092,0
4.60793,-0.66005,0
3.95204,-1.38724,0
4.37178,-1.38975,0
4.4639,-0.77994,0
4.54916,-0.63851,0
4.07568,-1.46442,0
4.30942,-1.54724,0
3.86103,-1.46274,0
3.48329,-1.43845,0
4.0393,-1.47626,0
4.09149,-1.45061,0
3.51912,-1.42599,0
3.64006,-1.45561,0
3.64582,-1.43127,0
4.27344,-1.55301,0
4.34362,-1.54009,0
4.36268,-1.5195,0
4.72117,0.29595,0
3.96359,-1.50318,0
4.22323,-1.44642,0
4.44371,-1.56557,0
4.33045,-1.55137,0
4.31872,-1.56023,0
4.26556,-1.43709,0
4.38691,-1.49686,0
4.04173,-1.47564,0
4.44486,-1.5214,0
4.00435,-1.47317,0
3.75425,-1.4752,0
4.38313,-1.53195,0
4.08299,-1.42008,0
4.80804,0.82724,0
4.02098,-1.42222,0
3.96006,-1.49956,0
4.12771,-1.47898,0
3.75413,-1.4802,0
4.42008,-1.48983,0
4.09688,-1.52158,0
4.22028,-1.48918,0
4.10137,-1.4515,0
4.10455,-1.47802,0
4.11687,-1.50438,0
4.39673,-1.47959,0
4.01766,-1.41522,0
4.37221,-1.51984,0
3.61543,-1.40082,0
4.04032,-1.43651,0
3.766,-1.45699,0
3.74614,-1.44103,0
4.12305,-1.49788,0
4.39586,-1.55878,0
4.32387,-1.56087,0
3.65542,-1.46101,0
4.80272,0.69147,0
4.72946,0.28284,0
4.78748,0.61309,0
4.43454,-1.507,0
3.81148,-1.46206,0
3.74067,-1.47758,0
3.61517,-1.45997,0
3.64488,-1.42414,0
3.99238,-1.43877,0
4.10433,-1.47608,0
4.21785,-1.44545,0
4.09149,-1.48857,0
3.79638,-1.44334,0
4.21168,-1.54409,0
4.03412,-1.48958,0
4.44572,-1.52567,0
3.99031,-1.49143,0
4.47049,-1.52685,0
4.72798,0.33811,0
4.20401,-1.47348,0
4.00099,-1.50958,0
4.40628,-1.47812,0
4.46524,-1.47047,0
4.00931,-1.48774,0
3.93894,-1.44736,0
3.57966,-1.42501,0
3.96722,-1.46427,0
3.54187,-1.44512,0
4.45541,-1.46055,0
4.73804,0.33159,0
3.59377,-1.39884,0
4.20354,-1.45606,0
4.76494,0.42161,0
4.04207,-1.49649,0
3.81975,-1.41254,0
3.89842,-1.45182,0
4.00374,-1.41502,0
3.73463,-1.44976,0
4.07339,-1.47719,0
3.93492,-1.47148,0
3.95624,-1.46192,0
3.77376,-1.40309,0
3.75324,-1.39673,0
4.01634,-1.45038,0
3.92915,-1.43493,0
4.1098,-1.47975,0
4.01698,-1.49187,0
3.59954,-1.40433,0
4.76052,0.51238,0
4.46366,-1.53126,0
4.1385,-1.51691,0
3.99143,-1.4849,0
4.31821,-1.56137,0
4.77,0.75769,0
4.79472,0.72416,0
3.69186,-1.4319,0
3.66401,-1.41161,0
4.75875,0.79834,0
4.46884,-1.45465,0
3.78488,-1.4057,0
3.81399,-1.40484,0
4.26044,-1.47324,0
3.8637,-1.42082,0
4.29569,-1.52748,0
4.379,-1.52795,0
3.59979,-1.4028,0
3.7175,-1.40275,0
4.78995,0.61076,0
3.92492,-1.45526,0
3.52377,-1.42874,0
4.75784,0.39171,0
3.5687,-1.39147,0
3.81362,-1.47944,0
4.34177,-1.48881,0
3.93987,-1.46394,0
4.26269,-1.51913,0
3.53767,-1.41022,0
3.6893,-1.42595,0
3.78197,-1.4671,0
4.75924,0.39658,0
3.89409,-1.45713,0
4.76617,0.5084,0
4.43052,-1.50953,0
4.24459,-1.42831,0
4.35903,-1.47941,0
4.28927,-1.46637,0
4.09292,-1.46019,0
3.77714,-1.4834,0
3.61948,-1.42458,0
4.42579,-1.49466,0
3.87172,-1.44789,0
3.92041,-1.41426,0
3.92402,-1.43967,0
4.25038,-1.54076,0
4.75965,0.39606,0
3.68314,-1.44083,0
4.82562,0.84968,0
4.79616,0.73139,0
4.45378,-1.46153,0
3.98417,-1.46372,0
4.37802,-1.55416,0
4.03935,-1.4567,0
4.4818,-1.50699,0
4.43861,-1.45278,0
4.74322,0.25705,0
4.36023,-1.55711,0
3.79652,-1.47353,0
3.84053,-1.45387,0
3.64851,-1.42002,0
4.16873,-1.42602,0
4.37518,-1.56837,0
4.39761,-1.50559,0
4.37555,-1.4644,0
4.78513,0.78556,0
4.0231,-1.45318,0
4.82132,0.84826,0
3.83125,-1.4565,0
4.29846,-1.48793,0
4.40467,-1.47711,0
4.25983,-1.54802,0
4.23752,-1.43149,0
4.02917,-1.51109,0
4.80473,0.74434,0
4.26649,-1.52065,0
3.86592,-1.46278,0
4.07382,-1.52048,0
4.15016,-1.44133,0
3.67768,-1.40379,0
4.12491,-1.4258,0
4.31039,-1.44503,0
4.33476,-1.51533,0
3.60934,-1.39325,0
4.2447,-1.42694,0
4.23417,-1.51799,0
4.7434,0.27117,0
3.97214,-1.5022,0
4.28618,-1.44625,0
4.10732,-1.44704,0
4.0655,-1.48438,0
4.29486,-1.45828,0
4.74363,0.49418,0
3.58899,-1.38791,0
4.14942,-1.46043,0
4.13617,-1.48569,0
3.98831,-1.50015,0
4.76877,0.80404,0
4.043,-1.41809,0
4.79207,0.7916,0
4.2517,-1.50429,0
4.21383,-1.51101,0
3.79146,-1.43274,0
3.67588,-1.46573,0
4.38658,-1.49612,0
4.29296,-1.45721,0
3.63542,-1.4017,0
3.48189,-1.4286,0
4.42664,-1.56441,0
3.95681,-1.43906,0
3.62758,-1.4168,0
4.12748,-1.52009,0
3.59261,-1.44657,0
3.58093,-1.41469,0
4.31088,-1.48116,0
3.65023,-1.43807,0
4.17517,-1.47848,0
4.00124,-1.41525,0
4.30426,-1.49602,0
3.71767,-1.42022,0
4.10472,-1.46166,0
4.04798,-1.45144,0
4.79844,0.72982,0
4.17676,-1.54033,0
3.89111,-1.45018,0
4.36826,-1.51772,0
4.02895,-1.4711,0
3.88888,-1.44449,0
4.10598,-1.43402,0
4.12114,-1.50922,0
4.74054,0.36942,0
4.21409,-1.45634,0
4.75296,0.46615,0
4.21039,-1.52715,0
4.76838,0.76711,0
4.08369,-1.47956,0
4.07268,-1.52019,0
3.50112,-1.418,0
4.72515,0.3242,0
4.10526,-1.49288,0
3.54433,-1.43306,0
3.95789,-1.44937,0
4.2519,-1.48549,0
4.76798,0.33848,0
4.22777,-1.60652,0
4.788,0.28458,0
3.42372,-1.48764,0
4.19724,-1.58895,0
3.97493,-1.58027,0
3.94384,-1.59242,0
4.33267,-1.67683,0
4.82158,0.49784,0
4.31804,-1.59164,0
4.33654,-1.60475,0
1.08962,1.50324,0
1.34123,1.48179,0
1.09657,1.48226,0
4.26108,-1.64671,0
4.78084,0.30669,0
4.26201,-1.64871,0
4.09017,-1.61342,0
4.09739,-1.60613,0
4.12594,-1.60972,0
3.75184,-1.49856,0
3.71673,-1.48751,0
4.06921,-1.593,0
1.25515,1.44424,0
1.23204,1.49951,0
1.13078,1.53465,0
4.2767,-1.66271,0
3.63571,-1.53133,0
4.17096,-1.64902,0
3.55701,-1.49777,0
4.18454,-1.57236,0
1.33921,1.46817,0
3.5927,-1.53063,0
1.17189,1.43645,0
1.16289,1.52763,0
3.74003,-1.53112,0
4.03736,-1.55318,0
1.17315,1.45964,0
3.7487,-1.52398,0
3.71508,-1.51072,0
3.48254,-1.47717,0
4.09157,-1.54424,0
4.37058,-1.61363,0
4.8625,0.72789,0
4.09832,-1.57359,0
4.21076,-1.60451,0
1.23065,1.42561,0
3.7873,-1.50405,0
1.34543,1.48121,0
3.60688,-1.49396,0
1.15109,1.5297,0
0.99531,1.5609,0
4.31227,-1.67824,0
1.17471,1.48619,0
3.94686,-1.59888,0
1.08263,1.50071,0
4.78257,0.34824,0
4.09298,-1.58542,0
3.56691,-1.47053,0
4.1199,-1.60915,0
3.92623,-1.55968,0
3.8811,-1.55435,0
4.27189,-1.63306,0
1.09133,1.45797,0
3.95397,-1.57248,0
4.37562,-1.6764,0
1.06762,1.50974,0
3.67969,-1.5296,0
1.19042,1.51337,0
3.79122,-1.52899,0
4.82643,0.73957,0
4.81174,0.5295,0
3.66075,-1.47042,0
4.10644,-1.62586,0
4.09027,-1.59968,0
4.85222,0.62762,0
4.20397,-1.59659,0
4.30673,-1.62368,0
1.22604,1.42756,0
4.84761,0.66033,0
1.07052,1.49203,0
1.25718,1.44561,0
4.30619,-1.6562,0
3.74565,-1.55165,0
1.0516,1.48763,0
4.78591,0.41874,0
4.28762,-1.65371,0
1.35238,1.44357,0
4.0276,-1.56279,0
4.11956,-1.61429,0
3.85999,-1.50955,0
3.84731,-1.56432,0
3.87203,-1.55773,0
4.10081,-1.61335,0
4.83413,0.65397,0
4.79698,0.46108,0
1.141,1.45776,0
4.82337,0.69776,0
4.82165,0.52207,0
3.86193,-1.54351,0
4.05541,-1.54363,0
1.0022,1.52152,0
3.65174,-1.48889,0
3.72724,-1.51364,0
4.74986,0.0842,0
1.026,1.46822,0
3.78421,-1.56923,0
4.16561,-1.54728,0
4.76813,0.36283,0
1.18147,1.47359,0
4.81167,0.47373,0
1.27616,1.43083,0
0.97907,1.54495,0
1.18657,1.45556,0
1.3788,1.46634,0
3.94967,-1.59692,0
3.84668,-1.52166,0
1.11818,1.52402,0
1.12338,1.52165,0
3.64603,-1.53376,0
3.62838,-1.49494,0
4.22273,-1.62061,0
4.16627,-1.5841,0
3.82728,-1.53491,0
3.60058,-1.52018,0
1.32017,1.40673,0
4.80424,0.60589,0
4.34405,-1.60209,0
0.99065,1.50574,0
3.74152,-1.54217,0
3.56754,-1.45511,0
4.82994,0.59622,0
1.3834,1.47128,0
3.79054,-1.5075,0
4.84855,0.73649,0
4.79189,0.51607,0
4.39129,-1.62669,0
3.91915,-1.55244,0
4.83475,0.56778,0
1.30117,1.40609,0
1.23621,1.45291,0
4.01255,-1.55131,0
3.73218,-1.5021,0
4.11692,-1.57853,0
1.12402,1.53603,0
3.89707,-1.56075,0
4.77761,0.31213,0
4.78173,0.41413,0
4.19373,-1.54828,0
1.13527,1.50266,0
1.10198,1.46148,0
4.32401,-1.63265,0
1.19585,1.48463,0
4.39143,-1.58397,0
4.11354,-1.56297,0
4.0917,-1.55757,0
1.2976,1.45424,0
4.83323,0.48937,0
1.09601,1.44593,0
4.0365,-1.52427,0
1.25709,1.49973,0
4.82512,0.58655,0
4.04785,-1.54714,0
1.15798,1.47632,0
3.64307,-1.48663,0
3.91148,-1.51478,0
4.80849,0.63036,0
3.98192,-1.59185,0
3.96887,-1.54056,0
4.76048,0.20783,0
4.20675,-1.58043,0
3.50976,-1.50036,0
4.40347,-1.5889,0
4.31433,-1.61407,0
1.00419,1.49467,0
4.79632,0.39226,0
4.26223,-1.62827,0
1.11246,1.49555,0
1.23388,1.51269,0
4.16967,-1.63152,0
3.97399,-1.53145,0
3.76674,-1.56136,0
3.95904,-1.55174,0
1.2596,1.44769,0
3.98182,-1.57175,0
4.81726,0.71603,0
4.23306,-1.55211,0
1.26354,1.40824,0
4.83291,0.74376,0
4.19335,-1.57383,0
4.14895,-1.60677,0
1.30135,1.49593,0
3.66841,-1.4992,0
3.66768,-1.51971,0
3.95846,-1.57733,0
3.79424,-1.52599,0
4.20952,-1.63598,0
1.10963,1.48483,0
3.6886,-1.54135,0
4.13853,-1.60454,0
1.38269,1.43673,0
1.23229,1.45428,0
4.75558,0.3178,0
4.79891,0.44,0
4.33888,-1.61597,0
4.35327,-1.57565,0
4.29297,-1.59334,0
1.37803,1.47358,0
1.22905,1.42954,0
4.76602,0.15341,0
3.67797,-1.48514,0
3.50058,-1.50321,0
4.87397,0.7313,0
4.81774,0.56183,0
1.33326,1.46339,0
4.18954,-1.5616,0
0.97212,1.53004,0
4.79895,0.43824,0
1.37628,1.47847,0
1.0706,1.53541,0
1.06156,1.49773,0
1.07482,1.51588,0
1.24661,1.46116,0
3.56525,-1.49253,0
3.69678,-1.52261,0
1.07345,1.46852,0
4.85035,0.57858,0
4.09395,-1.58154,0
1.23218,1.5056,0
1.35663,1.45813,0
4.84704,0.5705,0
4.77941,0.23731,0
4.18959,-1.58024,0
3.70771,-1.53052,0
3.45013,-1.49038,0
4.86723,0.73967,0
1.29584,1.42965,0
4.16923,-1.55459,0
1.33959,1.39909,0
4.34815,-1.67348,0
4.22981,-1.57659,0
4.86286,0.6541,0
3.41678,-1.48521,0
3.69322,-1.49932,0
4.14794,-1.60957,0
4.77638,0.28878,0
3.88109,-1.52091,0
3.64365,-1.52274,0
4.29343,-1.66313,0
4.31274,-1.56286,0
4.0531,-1.53678,0
3.67768,-1.47726,0
3.83358,-1.55304,0
1.23404,1.42783,0
1.0996,1.53714,0
1.23443,1.44834,0
3.56912,-1.46056,0
4.40095,-1.59321,0
1.2509,1.45169,0
3.8217,-1.51427,0
3.68516,-1.54358,0
4.03271,-1.57321,0
4.76418,0.27998,0
4.79069,0.48827,0
4.05375,-1.58641,0
4.38289,-1.59012,0
3.80207,-1.51482,0
3.83862,-1.54147,0
4.08431,-1.53791,0
1.1014,1.52058,0
4.29462,-1.62263,0
3.91299,-1.53806,0
1.23518,1.42295,0
4.82478,0.44662,0
4.03855,-1.53072,0
3.68658,-1.4802,0
3.50199,-1.49009,0
3.99162,-1.52726,0
4.23368,-1.62822,0
4.77506,0.34037,0
4.24478,-1.58878,0
3.88701,-1.57016,0
1.10897,1.52733,0
4.11632,-1.61377,0
4.79512,0.43277,0
3.81303,-1.56749,0
4.79318,0.5439,0
3.88773,-1.52144,0
4.26122,-1.62393,0
4.79258,0.34835,0
1.32034,1.44576,0
1.18731,1.44215,0
4.11324,-1.6002,0
4.37886,-1.5782,0
1.04292,1.49978,0
4.76191,0.25135,0
4.33299,-1.66276,0
1.0233,1.48575,0
1.03469,1.48269,0
3.88911,-1.54028,0
4.2561,-1.57838,0
4.66593,-0.33346,0
4.82814,0.78792,0
4.84394,0.82363,0
4.84785,0.80829,0
4.46344,-1.5846,0
4.42623,-1.60133,0
4.841,0.84254,0
4.49765,-1.50624,0
4.50528,-1.50346,0
4.50887,-1.52207,0
4.50823,-1.49185,0
4.48724,-1.5458,0
4.50837,-1.45131,0
4.51475,-1.46817,0
4.50307,-1.52734,0
4.8371,0.86555,0
4.63078,-1.04818,0
4.66027,-1.08229,0
4.66504,-0.72449,0
4.62902,-1.2424,0
4.6279,-1.04021,0
4.66677,-0.84621,0
4.60691,-1.20917,0
4.61159,-1.35228,0
4.66872,-0.6207,0
4.6621,-0.71735,0
4.60316,-1.23566,0
4.60988,-1.22277,0
4.66424,-0.49394,0
4.66522,-0.61479,0
4.6696,-0.40563,0
4.64087,-1.03369,0
4.66253,-0.65083,0
4.64394,-0.60263,0
4.65094,-0.61087,0
4.64594,-1.36758,0
4.65095,-1.36187,0
4.64134,-1.03923,0
4.63712,-1.12051,0
4.63449,-0.91864,0
4.62616,-1.32665,0
4.62313,-1.15109,0
4.64862,-1.11127,0
4.63676,-1.18224,0
4.60935,-1.30077,0
4.71714,1.12376,0
4.62226,-0.92476,0
4.67988,-0.36685,0
4.6462,-1.06596,0
4.64142,-1.00947,0
4.64468,-1.19249,0
4.6633,-1.01569,0
4.63139,-1.28868,0
4.62685,-1.29041,0
4.64286,-1.26306,0
4.64496,-1.11144,0
4.67857,-0.34673,0
4.65411,-0.51817,0
4.63472,-1.0447,0
4.64931,-0.65185,0
4.60916,-1.24097,0
4.62149,-0.92526,0
4.65484,-0.91185,0
4.66163,-0.55607,0
4.6286,-1.14157,0
4.66893,-0.78465,0
4.64403,-0.99114,0
4.64604,-0.68111,0
4.66307,-0.67965,0
4.66378,-0.85944,0
4.62227,-0.93162,0
4.66404,-0.59557,0
4.60893,-1.16746,0
4.62502,-1.26232,0
4.62263,-1.3173,0
4.61548,-1.3681,0
4.64895,-0.99124,0
4.67356,-0.45759,0
4.65996,-0.67142,0
4.64277,-1.00073,0
4.60887,-1.35859,0
4.67242,-0.59951,0
4.64434,-0.97212,0
4.63833,-1.02998,0
4.66753,-0.70105,0
4.62032,-1.295,0
4.62438,-1.33601,0
4.65094,-0.74126,0
4.64387,-1.05029,0
4.63351,-0.97487,0
4.64107,-1.1696,0
4.64906,-1.1777,0
4.61514,-1.1334,0
4.65731,-1.02226,0
4.60396,-1.24596,0
4.63161,-1.08211,0
4.62039,-0.95793,0
4.65739,-0.64909,0
4.7088,1.08249,0
4.58999,-1.36885,0
4.65598,-0.48566,0
4.67382,-0.38436,0
4.6467,-1.3184,0
4.64773,-0.62171,0
4.66565,-0.47138,0
4.65769,-0.46113,0
4.64489,-1.14805,0
4.65408,-0.875,0
4.6991,-1.13483,0
4.67969,-0.77305,0
4.71336,-0.7652,0
4.68754,-0.3145,0
4.71096,-0.7093,0
4.71527,-0.9998,0
4.72054,-1.1266,0
4.71815,-1.07607,0
4.67517,-1.11429,0
4.68844,-0.32392,0
4.68817,-0.80064,0
4.69447,-0.95987,0
4.72296,-1.10162,0
4.66559,-1.10191,0
4.67851,-0.86913,0
4.70896,-0.69856,0
4.70915,-0.96028,0
4.67847,-0.76566,0
4.73071,-1.21682,0
4.68947,-0.70667,0
4.69383,-1.21193,0
4.71563,-1.21344,0
4.71522,-1.22813,0
4.67517,-0.79388,0
4.60958,1.2472,0
4.69969,-0.31666,0
4.69076,-0.9555,0
4.69064,-0.54138,0
4.69552,-0.74574,0
4.70566,-0.64405,0
4.70142,-1.17521,0
4.69288,-0.37684,0
4.70664,-0.7429,0
4.6839,-0.54737,0
4.69072,-0.88982,0
4.68156,-1.0815,0
4.68092,-1.06616,0
4.58139,1.23518,0
4.69002,-0.56282,0
4.71982,-0.80486,0
4.70818,-1.0375,0
4.70065,-0.89103,0
4.71023,-1.23491,0
4.68175,-0.3945,0
4.72139,-0.98986,0
4.67843,-0.50534,0
4.71983,-1.19688,0
4.70784,-0.62178,0
4.6867,-1.20439,0
4.67343,-0.75376,0
4.63966,1.2352,0
4.69229,-0.56883,0
4.70521,-0.97423,0
4.70766,-0.877,0
4.6872,-1.2287,0
4.68088,-0.74369,0
4.68923,-0.39532,0
4.62933,1.21095,0
4.68266,-0.87289,0
4.69997,-1.12055,0
4.72053,-1.04723,0
4.72107,-1.15558,0
4.69561,-1.05037,0
4.58247,1.23296,0
4.72781,-1.08412,0
4.60068,1.25305,0
4.67308,-0.80548,0
4.6904,-0.57425,0
4.68575,-0.90058,0
4.63077,1.23482,0
4.69245,-1.02776,0
4.69402,-0.88478,0
4.68923,-0.80523,0
4.68578,-0.54888,0
4.71477,-1.15717,0
4.68245,-1.05503,0
4.68735,-1.17553,0
4.70241,-0.85448,0
4.67168,-0.98096,0
4.68131,-0.55959,0
4.67986,-0.77584,0
4.68312,-0.9781,0
4.70395,-0.68271,0
4.66688,-1.12639,0
4.68633,-1.10041,0
4.66975,-1.14678,0
4.67824,-0.80064,0
4.71626,-0.91376,0
4.67762,-0.88246,0
4.68592,-0.98138,0
4.68566,-0.69056,0
4.64177,1.22936,0
4.68867,-0.75162,0
4.68985,-0.65283,0
4.70597,-1.00672,0
4.71211,-0.85794,0
4.67413,-1.21971,0
4.68103,-0.76758,0
4.68384,-0.36324,0
4.71652,-0.73735,0
4.63043,1.20557,0
4.69323,-0.99606,0
4.69444,-0.44485,0
4.71773,-0.72202,0
4.7245,-0.7761,0
4.75014,-0.81063,0
4.77269,-1.06796,0
4.7726,-0.97135,0
4.72459,-0.74439,0
4.74788,-0.77077,0
4.54876,1.34994,0
4.76216,-0.88184,0
4.75545,-0.91503,0
4.7387,-0.78466,0
4.71784,-0.4478,0
4.76216,-0.74925,0
4.76166,-0.94121,0
4.73552,-1.02775,0
4.70917,-0.38379,0
4.78434,-1.02625,0
4.74162,-0.93137,0
4.74608,-1.02016,0
4.776,-1.04714,0
4.7086,-0.44982,0
4.73975,-0.73801,0
4.76767,-1.10809,0
4.74953,-0.78137,0
4.71529,-0.46411,0
4.7611,-0.97337,0
4.79173,-1.13552,0
4.74997,-1.13101,0
4.72048,-0.31369,0
4.7379,-0.85351,0
4.74153,-1.05831,0
4.76464,-1.02188,0
4.5635,1.25921,0
4.75693,-1.08082,0
4.74868,-0.76971,0
4.76318,-0.80877,0
4.74813,-0.83521,0
4.73514,-0.56985,0
4.75555,-0.99778,0
4.76754,-0.91125,0
4.72743,-0.67115,0
4.73257,-1.04246,0
4.74019,-1.06982,0
4.72711,-0.60386,0
4.72517,-0.77224,0
4.71388,-0.39946,0
4.73386,-0.75411,0
4.77317,-0.89044,0
4.72741,-0.94619,0
4.72801,-0.46271,0
4.75321,-0.81161,0
4.74242,-1.0622,0
4.71865,-0.69361,0
4.73689,-0.82193,0
4.74084,-1.0083,0
4.76519,-0.87788,0
4.74259,-0.56285,0
4.57057,1.26081,0
4.76053,-0.84358,0
4.74901,-1.1326,0
4.76828,-0.95474,0
4.73639,-0.74567,0
4.77265,-1.00258,0
4.74066,-1.07631,0
4.70839,-0.46915,0
4.7439,-0.86686,0
4.74719,-0.87204,0
4.73835,-0.61556,0
4.56826,1.34688,0
4.73156,-1.0473,0
4.72757,-0.80449,0
4.74254,-0.69479,0
4.80365,-0.68312,0
4.40638,1.54299,0
4.87535,-0.81567,0
4.7637,-0.37427,0
4.80285,-0.66275,0
4.80441,-0.75971,0
4.74946,-0.33412,0
4.32306,1.53095,0
4.32327,1.52122,0
4.75808,-0.32328,0
4.81424,-0.53183,0
4.76195,-0.46045,0
4.83659,-0.90506,0
4.33298,1.4409,0
4.34454,1.48782,0
4.2344,1.48443,0
4.42323,1.45146,0
4.76629,-0.78527,0
4.76551,-0.25892,0
4.76492,-0.39424,0
4.23126,1.48889,0
4.83238,-0.78269,0
4.79813,-0.77687,0
4.78775,-0.87826,0
4.75778,-0.23086,0
4.80578,-0.55136,0
4.28143,1.5213,0
4.83485,-0.59991,0
4.37304,1.48489,0
4.88445,-0.81151,0
4.41658,1.47212,0
4.79625,-0.58329,0
4.80035,-0.42132,0
4.8363,-0.75565,0
4.76846,-0.64816,0
4.35229,1.52214,0
4.77197,-0.78045,0
4.77882,-0.68651,0
4.82035,-0.56787,0
4.82933,-0.66382,0
4.77295,-0.80245,0
4.75997,-0.41398,0
4.77474,-0.65739,0
4.78246,-0.85842,0
4.78082,-0.45856,0
4.77835,-0.59799,0
4.83556,-0.90035,0
4.74113,-0.28273,0
4.28195,1.45716,0
4.34764,1.47015,0
4.76285,-0.57097,0
4.39118,1.52386,0
4.34233,1.4478,0
4.77139,-0.78356,0
4.75694,-0.65865,0
4.73981,-0.40049,0
4.822,-0.73471,0
4.79565,-0.8096,0
4.76827,-0.21718,0
4.82286,-0.70641,0
4.83742,-0.71902,0
4.77519,-0.59593,0
4.8134,-0.69561,0
4.2508,1.49823,0
4.80196,-0.38664,0
4.39427,1.46213,0
4.73726,-0.36075,0
4.79589,-0.64064,0
4.79489,-0.9023,0
4.27956,1.48848,0
4.85424,-0.63833,0
4.84858,-0.64914,0
4.75347,-0.61327,0
4.8002,-0.85249,0
4.76424,-0.23392,0
4.7527,-0.50716,0
4.74747,-0.52506,0
4.89199,-0.82986,0
4.38249,1.43006,0
4.74199,-0.39934,0
4.2156,1.47895,0
4.21561,1.50273,0
4.78419,-0.36924,0
4.74227,-0.35325,0
4.23909,1.4693,0
4.38144,1.52982,0
4.41724,1.48104,0
4.82668,-0.59581,0
4.75722,-0.55324,0
4.39179,1.49205,0
4.74694,-0.29012,0
4.84265,-0.79185,0
4.80242,-0.63491,0
4.86487,-0.74289,0
4.80812,-0.49738,0
4.80492,-0.65046,0
4.85266,-0.64721,0
4.80171,-0.46583,0
4.83489,-0.62695,0
4.78479,-0.46717,0
4.79671,-0.3925,0
4.20576,1.49154,0
4.82914,-0.79448,0
4.83374,-0.81336,0
4.84986,-0.7466,0
4.81307,-0.55308,0
4.379,1.53045,0
4.75715,-0.27004,0
4.83562,-0.75501,0
4.74516,-0.51212,0
4.8296,-0.64792,0
4.85792,-0.86204,0
4.74305,-0.40544,0
4.88647,-0.86752,0
4.29028,1.46676,0
4.84589,-0.78755,0
4.7861,-0.79576,0
4.38667,1.46656,0
4.29124,1.49465,0
4.77764,-0.33741,0
4.73274,-0.39235,0
4.85358,-0.75534,0
4.39333,1.43356,0
4.82942,-0.78689,0
4.8407,-0.75557,0
4.78302,-0.80095,0
4.80547,-0.50771,0
4.8483,-0.76732,0
4.78073,-0.89319,0
4.24864,1.51913,0
4.354,1.43999,0
4.7722,-0.77314,0
4.37237,1.45203,0
4.33731,1.42989,0
4.87801,-0.78071,0
4.20897,1.48369,0
4.8263,-0.56583,0
4.77267,-0.42315,0
4.79087,-0.60525,0
4.76786,-0.24581,0
4.28866,1.47596,0
4.81693,-0.75321,0
4.24811,1.52467,0
4.83195,-0.84546,0
4.78957,-0.51261,0
4.37061,1.54675,0
4.42613,1.42294,0
4.83151,-0.89193,0
4.84441,-0.82338,0
4.82643,-0.64257,0
4.81283,-0.85405,0
4.81992,-0.6422,0
4.79246,-0.63513,0
4.80933,-0.62452,0
4.7864,-0.47974,0
4.77083,-0.34804,0
4.82761,-0.89947,0
4.28655,1.50586,0
4.78651,-0.85088,0
4.824,-0.68197,0
4.81562,-0.64811,0
4.79269,-1.07733,0
4.47202,1.37103,0
4.79096,-1.01492,0
4.81041,-1.0789,0
4.50784,1.38061,0
4.80734,-1.08992,0
4.47674,1.37267,0
4.52684,1.35516,0
4.80093,-1.06635,0
4.81373,-1.03261,0
4.79203,-0.99779,0
4.48004,1.36568,0
4.79738,-1.02368,0
4.81329,-1.06468,0
4.83969,-0.99732,0
4.8423,-0.9368,0
4.45158,1.40789,0
4.82102,-0.97593,0
4.84327,-0.94212,0
4.82397,-0.98125,0
4.81943,-0.97302,0
4.84986,-0.94636,0
4.46177,1.42014,0
4.82205,-0.93201,0
4.48135,1.44638,0
4.81641,-0.92842,0
4.44901,1.41622,0
4.58641,1.31374,0
4.5748,1.3398,0
4.58853,1.28676,0
4.58391,1.2881,0
4.58872,1.31765,0
4.51347,1.38946,0
4.83349,-1.06312,0
4.53781,1.39762,0
4.51349,1.39845,0
4.8282,-1.04719,0
4.62332,-1.37857,0
4.6604,-1.35015,0
4.72288,1.07098,0
4.66117,-1.32565,0
4.62449,-1.38452,0
4.72725,1.05333,0
4.74197,1.05739,0
4.72951,1.05514,0
4.74571,1.09866,0
4.65683,-1.2733,0
4.658,-1.28309,0
4.65668,-1.38133,0
4.6639,1.18702,0
4.69001,-1.2674,0
4.66818,1.14834,0
4.67415,-1.25092,0
4.6819,1.16342,0
4.80278,0.95532,0
4.77966,0.98528,0
4.78852,0.99115,0
4.58852,-1.46272,0
4.78582,0.97951,0
4.79172,0.97614,0
4.59688,-1.45375,0
4.60264,-1.41588,0
4.58903,-1.46657,0
4.55534,-1.4599,0
4.75608,0.99948,0
4.78054,0.95554,0
4.54753,-1.46985,0
4.61464,-1.40512,0
4.79776,0.26385,0
4.76263,0.11213,0
4.8398,0.4125,0
4.83189,0.37454,0
4.84431,0.42186,0
4.8974,0.73157,0
4.78285,0.08105,0
4.79058,0.22868,0
4.77898,0.13262,0
4.43429,-1.65943,0
4.82762,0.4423,0
4.77103,0.0479,0
4.82064,0.2939,0
4.82662,0.43883,0
4.84962,0.48593,0
4.80236,0.24869,0
4.88821,0.64454,0
4.78893,0.23501,0
4.83719,0.42467,0
4.89726,0.75019,0
4.81483,0.38159,0
4.39828,-1.65043,0
4.86184,0.49997,0
4.81811,0.35897,0
4.86084,0.52816,0
4.83672,0.39924,0
4.77771,0.19458,0
4.84653,0.43125,0
4.76278,0.0768,0
4.85543,0.52003,0
4.87808,0.57574,0
4.88752,0.66179,0
4.83041,0.35247,0
4.80437,0.3244,0
4.86891,0.62357,0
4.82561,0.33232,0
4.84613,0.44,0
4.78669,0.13037,0
4.83949,0.48367,0
4.80593,0.27898,0
4.81725,0.29093,0
4.81574,0.27988,0
4.86239,0.54655,0
4.85189,0.44286,0
4.84389,0.43636,0
4.80471,0.27572,0
4.40854,-1.62402,0
4.88003,0.59059,0
4.78474,0.11677,0
4.87559,0.61718,0
4.87251,0.64642,0
4.81318,0.97356,0
4.59241,-1.49041,0
4.81413,0.95407,0
4.85014,-1.04447,0
4.54954,1.4022,0
4.85215,-1.03714,0
4.83951,-1.02458,0
4.84312,-1.02399,0
4.54627,1.40826,0
4.77461,-0.24529,0
4.84066,-0.47087,0
4.77151,-0.21249,0
4.84026,-0.51555,0
4.88337,-0.7176,0
4.83178,-0.51692,0
4.77621,-0.17134,0
4.8245,-0.4032,0
4.44973,1.50658,0
4.79595,-0.30866,0
4.91719,-0.90188,0
4.79015,-0.24816,0
4.4496,1.4868,0
4.88587,-0.92162,0
4.43414,1.5134,0
4.78034,-0.26811,0
4.45495,1.47892,0
4.90738,-0.8838,0
4.90255,-0.82244,0
4.77704,-0.20418,0
4.88803,-0.72748,0
4.77595,-0.23421,0
4.43215,1.50905,0
4.89808,-0.77085,0
4.80672,-0.31075,0
4.84773,-0.57174,0
4.8634,-0.91867,0
4.90785,-0.87425,0
4.42671,1.51591,0
4.76167,-0.14732,0
4.79154,-0.23002,0
4.90276,-0.70834,0
4.91202,-0.67718,0
4.29497,1.62247,0
4.88271,-0.54507,0
4.94091,-0.63652,0
4.0916,1.55554,0
4.78897,-0.12628,0
4.19702,1.54386,0
4.31027,1.5512,0
4.03011,1.57237,0
4.94493,-0.75196,0
4.87682,-0.45518,0
4.15947,1.61896,0
4.86341,-0.48184,0
4.32379,1.56622,0
4.82494,-0.32663,0
4.25075,1.5432,0
4.93719,-0.6569,0
4.88711,-0.65835,0
4.23042,1.60167,0
4.81833,-0.32758,0
4.2318,1.60561,0
4.8896,-0.51035,0
4.88526,-0.56376,0
4.17674,1.5422,0
4.03997,1.55642,0
4.31835,1.63146,0
4.96953,-0.71238,0
4.29428,1.6156,0
4.88112,-0.62032,0
4.87033,-0.50554,0
4.8579,-0.45507,0
4.88568,-0.5617,0
4.08659,1.58702,0
4.76905,-0.00109,0
4.88876,-0.51777,0
4.13467,1.56135,0
4.97354,-0.69713,0
4.86877,-0.55399,0
4.86229,-0.30714,0
4.78735,-0.17729,0
4.95727,-0.70846,0
4.90879,-0.76316,0
4.90449,-0.68627,0
4.04215,1.56279,0
4.79509,-0.08428,0
4.91682,-0.71358,0
4.21593,1.59782,0
4.16238,1.59917,0
4.804,-0.16044,0
4.19281,1.52179,0
4.94924,-0.6188,0
4.26753,1.54869,0
4.28621,1.53583,0
4.21659,1.57621,0
4.83304,-0.27545,0
4.31084,1.61664,0
4.27851,1.64222,0
4.8197,-0.15087,0
4.31317,1.60119,0
4.91364,-0.53897,0
4.81286,-0.25268,0
4.20562,1.56008,0
4.90188,-0.43409,0
4.85318,-0.4933,0
4.78276,-0.16206,0
4.90087,-0.5444,0
4.87242,-0.48023,0
4.94745,-0.69818,0
4.07341,1.5644,0
4.19998,1.59184,0
4.24692,1.54679,0
4.90105,-0.74065,0
4.89818,-0.70941,0
4.85622,-0.41085,0
4.32662,1.55713,0
4.78321,-0.10408,0
4.90245,-0.60161,0
4.83305,-0.18527,0
4.19069,1.61605,0
4.90429,-0.53292,0
4.90759,-0.47825,0
4.26408,1.55006,0
4.90114,-0.65101,0
4.09572,1.56894,0
4.20915,1.63473,0
4.89224,-0.69231,0
4.09801,1.57034,0
4.18016,1.58153,0
4.82875,-0.17906,0
4.89314,-0.72705,0
4.29073,1.57055,0
4.9425,-0.57596,0
4.84255,-0.34888,0
4.77806,-0.08801,0
4.87026,-0.31697,0
4.86125,-0.42188,0
4.89324,-0.62449,0
4.78863,-0.03554,0
4.9481,-0.6828,0
4.86792,-0.3598,0
4.93617,-0.6434,0
4.91162,-0.7159,0
4.79939,-0.09714,0
4.83283,-0.38594,0
4.90389,-0.57371,0
4.8141,-0.2192,0
4.06973,1.59209,0
4.86648,-0.35536,0
4.9141,-0.53537,0
4.89501,-0.71517,0
4.23379,1.57359,0
4.83619,-0.42634,0
4.84176,-0.37861,0
4.87505,-0.63121,0
4.86637,-0.40014,0
4.33601,1.57334,0
4.26328,1.54376,0
4.95496,-0.72153,0
4.90899,-0.64501,0
4.89046,-0.4849,0
4.88836,-0.38624,0
4.85405,-0.39832,0
4.9267,-0.6365,0
4.87332,-0.63562,0
4.93117,-0.63721,0
4.83707,-0.22027,0
4.05324,1.56729,0
4.10724,1.55652,0
4.23484,1.56406,0
4.86632,-0.33006,0
4.89074,-0.60183,0
4.1948,1.62529,0
4.16311,1.54615,0
4.14541,1.59024,0
4.95602,-0.65907,0
4.35325,1.56197,0
4.94007,-0.78968,0
4.9268,-0.80823,0
4.91906,-0.77799,0
4.93172,-0.76011,0
4.35496,1.54796,0
4.93747,-0.78653,0
4.37656,1.55251,0
4.35754,1.57543,0
4.93895,-0.76879,0
4.90422,-0.7903,0
4.87699,-0.9718,0
4.50596,1.42394,0
4.88779,-0.95582,0
4.88439,-0.95002,0
4.85714,-0.95097,0
4.86664,-1.00673,0
4.86551,-0.98637,0
4.88959,-0.95736,0
4.85623,-0.9419,0
4.85383,-0.9457,0
4.50495,1.40851,0
4.51185,1.46039,0
4.60244,1.33206,0
4.60401,1.26901,0
4.61164,1.27909,0
4.7549,-1.14754,0
4.77055,-1.14468,0
4.76998,-1.14852,0
4.60937,1.28723,0
4.59946,1.3348,0
4.62351,1.31353,0
4.81315,-1.13267,0
4.60493,1.29776,0
4.59674,1.25741,0
4.76637,-1.14475,0
4.81116,-1.15279,0
4.78129,-1.16089,0
4.64148,1.25155,0
4.77888,-1.15967,0
4.63003,1.31985,0
4.6388,1.2585,0
4.63627,1.30883,0
4.57739,1.35246,0
4.57585,1.3711,0
4.58079,1.37446,0
4.57911,1.36708,0
4.57093,1.38699,0
4.57765,1.3829,0
4.82888,-1.08393,0
4.58187,1.39527,0
4.4596,1.51007,0
4.92063,-0.82902,0
4.46631,1.48993,0
4.92802,-0.85725,0
4.92392,-0.83802,0
4.41957,1.53349,0
4.46155,1.5328,0
4.93327,-0.84636,0
4.92213,-0.86639,0
4.77279,1.04438,0
4.69523,-1.36949,0
4.68221,-1.31514,0
4.70092,-1.32202,0
4.73839,1.11485,0
4.76436,1.09437,0
4.77319,1.02835,0
4.76661,1.08868,0
4.7011,-1.31369,0
4.75967,1.06127,0
4.67856,-1.35711,0
4.69296,-1.31609,0
4.75806,1.12029,0
4.69005,-1.35486,0
4.74464,1.12031,0
4.70541,1.14032,0
4.72192,1.13293,0
4.75079,1.13937,0
4.73648,1.14489,0
4.7118,1.1303,0
4.62051,-1.39732,0
4.79205,1.07063,0
4.78163,1.03094,0
4.78603,1.04293,0
4.67394,-1.38,0
4.68716,-1.38631,0
4.64496,-1.39637,0
4.82153,0.24104,0
4.8059,0.14965,0
4.7967,0.08248,0
4.7957,0.10636,0
4.91207,0.71348,0
4.45708,-1.62664,0
4.88623,0.56568,0
4.81557,0.12533,0
4.85774,0.33795,0
4.86096,0.3912,0
4.86308,0.39853,0
4.90927,0.63148,0
4.82787,0.29157,0
4.91185,0.65231,0
4.8466,0.26573,0
4.46535,-1.64764,0
4.87877,0.53985,0
4.86357,0.48438,0
4.42001,-1.67991,0
4.82185,0.20528,0
4.90213,0.50054,0
4.84969,0.3934,0
4.83125,0.24149,0
4.83331,0.28075,0
4.89304,0.46455,0
4.84996,0.2708,0
4.83839,0.29575,0
4.85599,0.26749,0
4.92742,0.64656,0
4.87138,0.3679,0
4.81208,0.23007,0
4.89739,0.59307,0
4.46074,-1.64681,0
4.88324,0.45138,0
4.89682,0.60968,0
4.91387,0.74335,0
4.91739,0.65197,0
4.91177,0.73407,0
4.91661,0.72021,0
4.81908,0.24304,0
4.87873,0.53713,0
4.8641,0.45033,0
4.78012,0.01331,0
4.85913,0.34348,0
4.83529,0.21362,0
4.87152,0.44229,0
4.46317,-1.66208,0
4.92276,-0.95162,0
4.59643,-1.5027,0
4.83825,0.92408,0
4.55417,-1.49596,0
4.85164,0.90879,0
4.86624,0.85796,0
4.86151,0.87699,0
4.85266,0.93736,0
4.52572,-1.50834,0
4.81724,0.93371,0
4.86226,0.90417,0
4.58296,-1.5061,0
4.85479,0.95584,0
4.81433,0.93057,0
4.86906,0.86686,0
4.53929,-1.5219,0
4.83569,0.898,0
4.52271,-1.55993,0
4.8706,0.80475,0
4.86268,0.78664,0
4.51323,-1.56714,0
4.53948,-1.54576,0
4.90375,0.83258,0
4.50534,-1.55529,0
4.8839,0.82278,0
4.8687,0.8324,0
4.8977,0.86936,0
4.88247,0.88009,0
4.88921,0.83432,0
4.90307,0.85221,0
4.87764,0.80078,0
4.9017,0.83139,0
4.91183,0.85671,0
4.82185,1.04641,0
4.8219,1.051,0
4.80897,1.00716,0
4.66606,-1.41118,0
4.6588,-1.40851,0
4.65109,-1.43719,0
4.7486,-1.27498,0
4.71258,1.17064,0
4.70198,1.16736,0
4.72625,1.17654,0
4.73263,-1.27135,0
4.7459,-1.20576,0
4.73784,-1.17581,0
4.76113,-1.27742,0
4.694,1.17777,0
4.7596,-1.24216,0
4.76052,-1.21631,0
4.74788,-1.22097,0
4.74328,-1.29584,0
4.74315,-1.2497,0
4.74913,-1.20721,0
4.75862,-1.23106,0
4.70138,1.16175,0
4.73324,1.16474,0
4.71984,1.16243,0
4.72002,-1.35297,0
4.77092,1.12942,0
4.72105,1.2096,0
4.71399,1.19698,0
4.70091,1.21328,0
4.76633,-1.2334,0
4.76747,-1.17995,0
4.78583,1.14077,0
4.78353,1.15308,0
4.81446,1.06935,0
4.57257,-1.54389,0
4.87434,0.90001,0
4.8956,0.91286,0
4.88136,0.89122,0
4.88897,0.91855,0
4.52444,-1.60437,0
4.5212,-1.5943,0
4.91692,0.80748,0
4.50801,-1.59387,0
4.91548,0.85488,0
4.60193,-1.51502,0
4.67146,-1.44382,0
4.66969,-1.43307,0
4.67492,1.27217,0
4.67562,1.26537,0
4.67851,1.2842,0
4.65351,1.22684,0
4.68181,1.25183,0
4.64565,1.31702,0
4.68079,1.21975,0
4.65989,1.29523,0
4.66604,1.26427,0
4.67288,1.24261,0
4.66008,1.23892,0
4.66468,1.27727,0
4.66719,1.25235,0
4.54097,1.42998,0
4.86628,-1.03401,0
4.8913,-1.04295,0
4.59681,1.38411,0
4.53778,1.41059,0
4.58415,1.4289,0
4.58403,1.39969,0
4.90168,-1.01142,0
4.89711,-1.02197,0
4.88627,-1.04135,0
4.57679,1.42795,0
4.5445,1.41359,0
4.85573,-1.09073,0
4.84647,-1.13819,0
4.85371,-1.11231,0
4.6821,1.29042,0
4.69505,1.27563,0
3.36537,-1.62793,0
3.70335,-1.6772,0
3.72916,-1.57219,0
3.69741,-1.82878,0
3.29078,-2.12394,0
3.34759,-1.73572,0
3.34765,-2.00565,0
3.98254,-1.62305,0
3.23227,-2.33044,0
3.33733,-2.32318,0
3.33105,-2.08884,0
3.35255,-1.75856,0
3.5648,-1.75232,0
3.23512,-2.22009,0
3.54276,-1.56529,0
3.2428,-2.15217,0
3.32015,-2.12283,0
3.82822,-1.6892,0
3.67676,-1.83239,0
1.91614,1.8484,0
3.456,-2.12016,0
3.90869,-1.70768,0
3.41974,-2.05695,0
3.61169,-1.91042,0
3.43961,-1.53317,0
3.67567,-1.96909,0
3.63217,-1.80531,0
3.58362,-2.03017,0
3.45423,-1.60137,0
3.35467,-1.82079,0
3.11423,-2.21884,0
3.35518,-1.91057,0
3.27245,-2.33014,0
3.48778,-1.59544,0
3.38796,-1.78203,0
3.27426,-2.35204,0
3.76194,-1.58367,0
3.56109,-1.70487,0
3.77263,-1.65862,0
3.40952,-1.50247,0
3.7516,-1.7625,0
3.71484,-1.73794,0
2.09667,2.03648,0
3.84881,-1.81203,0
3.2637,-2.00624,0
3.4818,-1.53287,0
3.80799,-1.77572,0
3.30111,-2.23324,0
3.29261,-1.95106,0
3.94979,-1.61123,0
3.80074,-1.60435,0
4.95561,-0.59783,0
3.6268,-1.69828,0
3.34165,-2.1689,0
3.24763,-1.91357,0
3.42416,-1.922,0
3.25772,-1.8682,0
3.51132,-1.57174,0
3.56091,-1.95665,0
2.11321,1.95848,0
3.47334,-1.90333,0
3.27179,-1.88614,0
3.22706,-2.09447,0
3.55873,-1.66781,0
1.79129,1.73982,0
3.29869,-1.92482,0
3.54649,-1.83563,0
2.05037,1.97678,0
2.01039,1.8562,0
3.76689,-1.77326,0
3.30272,-1.96716,0
3.38677,-2.05184,0
3.90491,-1.72696,0
3.2189,-2.14985,0
3.48963,-2.09432,0
3.52023,-2.04695,0
3.18867,-2.08664,0
2.02134,1.86314,0
3.25664,-2.3827,0
2.17649,2.1009,0
2.07248,1.99268,0
3.34845,-1.72936,0
3.73061,-1.88331,0
1.94288,1.8448,0
3.49148,-1.61501,0
3.42234,-1.98591,0
3.65714,-1.86551,0
3.20662,-2.01744,0
3.26488,-2.22675,0
3.16525,-2.12331,0
3.65707,-1.59955,0
3.28703,-1.95923,0
3.73014,-1.64641,0
3.33855,-2.06123,0
4.97927,-0.59284,0
3.52942,-1.8379,0
3.28937,-2.08928,0
3.47811,-1.9464,0
3.22699,-2.20047,0
4.99247,-0.63398,0
3.53789,-1.57179,0
3.63632,-1.90285,0
3.71798,-1.73218,0
3.7087,-1.96377,0
1.77549,1.70513,0
3.65714,-1.89415,0
3.66106,-1.90197,0
3.66751,-1.55279,0
3.58826,-1.81691,0
2.14142,1.99578,0
3.58744,-1.72562,0
3.60218,-1.64684,0
3.58934,-1.90404,0
3.92594,-1.75303,0
3.42909,-2.08208,0
3.91184,-1.60777,0
1.95907,1.85274,0
3.93553,-1.6504,0
2.02605,1.88072,0
3.7483,-1.83722,0
3.36673,-1.72011,0
3.43836,-1.9456,0
3.5578,-1.62995,0
3.72118,-1.89528,0
3.35429,-2.05315,0
3.29225,-1.98063,0
1.88917,1.77547,0
3.73785,-1.75881,0
3.72819,-1.80088,0
3.2353,-2.12848,0
3.31408,-1.74464,0
3.78072,-1.86681,0
3.72809,-1.6278,0
3.60986,-1.84479,0
3.64886,-1.7398,0
3.19932,-2.21902,0
3.45142,-1.94242,0
3.60275,-1.62968,0
1.99119,1.93982,0
3.20177,-2.00853,0
3.35659,-2.20068,0
3.68188,-1.88399,0
4.94635,-0.55736,0
3.31819,-2.08683,0
1.93883,1.88819,0
3.64552,-1.59872,0
3.24237,-2.29664,0
3.11586,-2.22574,0
3.56983,-1.95608,0
4.9633,-0.61875,0
3.25452,-2.28397,0
3.66739,-1.8921,0
3.31915,-1.82973,0
3.53586,-1.91264,0
3.35257,-1.77768,0
3.33243,-2.0952,0
4.02774,-1.64318,0
3.88019,-1.70942,0
3.99234,-1.64999,0
1.89096,1.80393,0
3.83045,-1.63659,0
3.67821,-1.90135,0
3.36575,-2.08548,0
3.33655,-2.13911,0
5.0009,-0.71072,0
3.29933,-2.12823,0
3.62097,-1.72815,0
3.26585,-1.95942,0
3.56709,-1.56372,0
3.26902,-2.14089,0
3.2774,-1.95727,0
3.9177,-1.60575,0
3.49311,-1.63899,0
3.30593,-1.88875,0
3.73605,-1.90521,0
3.45031,-1.85417,0
3.66661,-1.96873,0
3.8158,-1.8132,0
3.7391,-1.89485,0
3.42836,-1.6167,0
1.77647,1.72626,0
3.84316,-1.64104,0
3.30748,-2.28847,0
3.65076,-1.54754,0
3.31189,-1.87745,0
3.45751,-2.18451,0
3.57896,-1.72258,0
3.41809,-1.97919,0
3.27995,-2.15918,0
3.78761,-1.8181,0
3.671,-1.6932,0
3.28259,-2.24254,0
3.12689,-2.1808,0
3.35912,-1.86607,0
3.64711,-1.82916,0
3.3277,-1.90341,0
1.73439,1.68984,0
2.05276,1.90692,0
3.22493,-2.17488,0
3.34034,-2.05478,0
3.29076,-1.81908,0
3.57297,-1.69962,0
3.74095,-1.80012,0
3.55126,-2.06445,0
3.64127,-1.86082,0
3.70655,-1.90159,0
3.60214,-1.87485,0
3.74953,-1.84513,0
3.60776,-1.78377,0
3.61149,-1.95819,0
3.54592,-1.67872,0
3.42972,-1.87119,0
3.32469,-1.7302,0
3.22112,-2.10044,0
3.37291,-1.73138,0
1.94494,1.87292,0
3.3824,-1.79596,0
3.456,-1.80407,0
3.81111,-1.75398,0
3.50273,-1.51533,0
3.29421,-2.2888,0
3.22665,-1.93804,0
3.37813,-1.64971,0
3.78503,-1.69393,0
3.48481,-2.14853,0
3.34229,-2.24465,0
3.64939,-1.70802,0
3.75631,-1.83859,0
3.70096,-1.94669,0
3.42753,-2.04685,0
3.34252,-1.83633,0
2.09322,1.91801,0
3.49616,-1.59824,0
3.306,-1.98842,0
3.25973,-1.9818,0
3.14184,-2.24589,0
3.41593,-1.65436,0
3.64471,-1.7446,0
3.58841,-2.00098,0
3.27781,-2.3043,0
3.95611,-1.66626,0
3.64351,-1.99827,0
3.67051,-1.89542,0
3.87498,-1.64685,0
3.4326,-2.15199,0
3.62766,-1.90985,0
3.46027,-1.81428,0
2.19316,2.10719,0
3.95661,-1.67645,0
3.4986,-2.11307,0
3.61355,-1.71179,0
3.18102,-2.04358,0
3.54377,-1.5358,0
3.65524,-1.9855,0
3.28674,-2.18424,0
3.52429,-1.63016,0
3.31949,-2.1427,0
3.46676,-2.06523,0
3.44438,-1.94597,0
3.82267,-1.78547,0
3.66419,-1.82089,0
3.75072,-1.8087,0
3.58155,-1.93388,0
3.68006,-1.66343,0
3.52576,-2.1199,0
3.18948,-2.12052,0
3.26255,-1.87774,0
3.56025,-1.8508,0
3.38506,-1.56652,0
3.60949,-1.60448,0
3.51553,-1.90294,0
3.23682,-2.14578,0
3.77928,-1.87182,0
3.56055,-1.62767,0
3.6025,-2.05439,0
3.35963,-1.95298,0
3.51622,-1.91566,0
3.25572,-1.91271,0
3.35956,-1.94006,0
3.28869,-2.2499,0
3.79351,-1.60142,0
3.19007,-2.088,0
3.52172,-1.86714,0
2.15444,2.03216,0
3.26362,-2.25103,0
3.51917,-1.52713,0
3.67393,-1.78209,0
3.23669,-2.08486,0
3.46536,-1.8339,0
3.39247,-1.9408,0
3.13616,-2.15602,0
3.52443,-1.55506,0
3.42226,-2.19365,0
3.37235,-1.62255,0
3.85747,-1.76061,0
3.69141,-1.95759,0
3.2133,-2.00855,0
3.27498,-2.21106,0
3.45759,-1.81807,0
3.15618,-2.14761,0
3.3972,-1.56039,0
3.26566,-2.00451,0
3.54658,-1.78004,0
3.37533,-1.88368,0
3.46676,-1.8748,0
3.53776,-1.93578,0
3.28392,-2.04247,0
3.6577,-1.86799,0
3.39445,-1.58998,0
3.33537,-2.12375,0
3.38563,-1.67669,0
3.31988,-2.26333,0
3.58444,-1.8378,0
3.75961,-1.70941,0
3.29098,-2.07674,0
3.56563,-1.774,0
3.4977,-1.56679,0
3.63962,-1.89353,0
3.23868,-2.19312,0
3.49753,-1.64284,0
3.54978,-1.71498,0
3.70802,-1.83823,0
3.39152,-1.63696,0
3.32446,-2.17109,0
3.64093,-1.75928,0
3.4538,-1.99472,0
3.70607,-1.82656,0
3.49213,-1.86634,0
3.25293,-2.18246,0
3.36132,-1.76362,0
3.51167,-1.74096,0
3.81426,-1.70468,0
3.36376,-2.18234,0
1.79877,1.7426,0
3.80028,-1.62633,0
3.33858,-1.6933,0
3.68885,-1.8257,0
3.83463,-1.60966,0
3.28488,-1.93027,0
3.20104,-2.28157,0
3.40157,-1.66253,0
3.6408,-1.57368,0
3.77614,-1.72874,0
3.23844,-1.98692,0
3.4035,-1.88019,0
3.39047,-2.21994,0
3.23639,-2.02504,0
3.27207,-2.01368,0
3.33883,-1.99275,0
3.78299,-1.64302,0
3.27963,-1.84482,0
3.23851,-2.3332,0
3.65493,-1.64021,0
3.35877,-2.08354,0
3.44398,-1.69919,0
3.24478,-2.05778,0
3.24971,-2.33303,0
3.31063,-1.85441,0
3.74073,-1.61353,0
3.46626,-1.5697,0
3.35394,-2.0061,0
3.21323,-2.17927,0
3.35143,-1.73319,0
3.35867,-2.12494,0
3.73225,-1.59052,0
3.23788,-2.23938,0
3.81301,-1.81666,0
3.6536,-1.93076,0
1.6597,1.60968,0
3.4591,-2.17125,0
3.2352,-1.98904,0
1.90547,1.82975,0
3.48667,-2.14878,0
3.35405,-2.24398,0
3.13445,-2.21629,0
3.42275,-1.97791,0
3.69789,-1.6194,0
3.18135,-2.27217,0
3.48469,-1.63428,0
3.22392,-2.35028,0
3.52171,-1.65244,0
3.72988,-1.7219,0
3.53859,-1.5597,0
3.54653,-1.64782,0
3.67786,-1.99266,0
3.33327,-1.74952,0
3.33184,-2.23541,0
3.36137,-1.94815,0
2.18696,2.08435,0
3.28636,-1.93323,0
3.54803,-2.00375,0
3.46485,-1.60015,0
3.26794,-1.83596,0
3.81528,-1.67068,0
3.59059,-1.88197,0
3.89682,-1.60102,0
4.98152,-0.67665,0
3.7966,-1.64983,0
2.16311,2.06095,0
3.52604,-2.00546,0
3.56225,-1.74955,0
1.91512,1.85321,0
3.38156,-1.66058,0
3.72823,-1.84112,0
3.24626,-2.08223,0
3.68917,-1.67914,0
3.38143,-2.12164,0
3.67711,-1.66809,0
3.46601,-1.672,0
1.9336,1.82207,0
3.32596,-2.22076,0
3.38236,-2.13242,0
3.97559,-1.61528,0
3.39741,-1.7992,0
3.73921,-1.74819,0
3.7111,-1.7886,0
3.23732,-2.2947,0
3.49571,-2.15988,0
3.89943,-1.66634,0
3.4321,-1.59073,0
3.8655,-1.62056,0
3.77714,-1.83748,0
3.24657,-2.18027,0
3.25468,-1.98644,0
3.3533,-2.06178,0
4.9979,-0.6776,0
3.4417,-1.66752,0
3.49601,-1.54114,0
3.39492,-1.71936,0
3.51949,-1.92303,0
3.37593,-1.86993,0
3.44288,-2.1459,0
3.54854,-2.08585,0
3.43997,-1.95644,0
3.8384,-1.7762,0
3.86956,-1.73624,0
2.1167,2.02411,0
3.59074,-2.05013,0
3.94138,-1.70841,0
1.76418,1.7028,0
3.58967,-1.97513,0
2.00684,1.89003,0
3.32012,-2.01745,0
2.07447,1.98333,0
3.4154,-1.72356,0
3.23469,-2.02383,0
2.09483,1.96691,0
3.70182,-1.92958,0
3.35646,-1.9226,0
3.22744,-2.18724,0
3.41277,-1.68297,0
2.16643,2.04598,0
3.23646,-1.99655,0
3.97755,-1.68995,0
1.93104,1.83754,0
3.38182,-1.78622,0
3.66889,-1.93056,0
3.41821,-2.20741,0
3.59269,-1.8503,0
3.57083,-2.01916,0
3.59297,-1.98153,0
3.63604,-1.84074,0
3.68399,-1.75549,0
2.03718,1.88558,0
3.6801,-1.57415,0
3.55815,-1.79386,0
2.0657,1.90399,0
3.51275,-2.14586,0
4.98918,-0.58931,0
3.66304,-1.73427,0
3.68964,-1.81066,0
3.39629,-1.62728,0
3.65337,-1.92681,0
1.83814,1.76166,0
3.25374,-1.97034,0
3.70463,-1.96639,0
3.65521,-1.6966,0
2.13513,2.0027,0
3.38989,-2.0076,0
3.26126,-2.01045,0
3.36698,-2.22308,0
3.56397,-1.9532,0
3.46746,-1.98093,0
1.99816,1.91849,0
3.98128,-1.67401,0
3.36318,-1.6913,0
3.98436,-1.65608,0
3.60741,-1.60422,0
3.46311,-1.5135,0
3.25819,-2.32297,0
3.37395,-1.98675,0
3.14051,-2.16171,0
3.98669,-1.63214,0
3.66533,-1.87558,0
3.73071,-1.73019,0
3.53132,-2.0633,0
3.39713,-1.52867,0
3.46113,-2.1299,0
3.27829,-1.84981,0
3.35887,-1.94267,0
3.31749,-1.99963,0
3.32764,-1.82374,0
3.27299,-2.27145,0
2.05576,1.90403,0
3.77746,-1.65238,0
3.61393,-1.92108,0
3.57268,-1.84903,0
3.56593,-1.57725,0
3.85328,-1.81484,0
3.34542,-2.26959,0
3.502,-1.58963,0
3.548,-2.11594,0
3.92529,-1.67597,0
3.60426,-1.54926,0
3.58492,-1.93355,0
3.60106,-1.55438,0
4.00417,-1.6426,0
3.40409,-1.89149,0
3.59158,-2.03954,0
3.55495,-1.59972,0
3.60146,-1.82248,0
3.24333,-2.17505,0
3.54349,-1.78191,0
3.49862,-2.02528,0
3.70085,-1.80631,0
3.4826,-2.15444,0
3.24859,-1.90964,0
3.46065,-2.12951,0
3.14184,-2.24083,0
3.6689,-1.78571,0
3.43319,-1.59049,0
3.68088,-1.72848,0
3.39683,-2.20529,0
4.01247,-1.62448,0
3.69783,-1.96234,0
3.14672,-2.27238,0
3.80018,-1.68308,0
3.31061,-2.03719,0
3.75618,-1.81418,0
3.35063,-2.15227,0
2.06407,1.98233,0
2.16096,2.07096,0
3.48054,-1.78316,0
3.51251,-1.79815,0
3.60677,-1.75658,0
4.9436,-0.57595,0
3.65209,-1.77966,0
3.81536,-1.63208,0
4.93605,-0.53671,0
3.33178,-1.79637,0
3.72693,-1.88426,0
1.96202,1.83646,0
3.65578,-1.791,0
3.93559,-1.69593,0
3.40542,-1.53778,0
3.64553,-1.77268,0
3.40189,-2.17909,0
3.48053,-1.98614,0
3.54114,-2.01274,0
3.15382,-2.24047,0
3.59581,-1.8643,0
3.36029,-1.91877,0
3.49788,-2.07901,0
3.87855,-1.71946,0
1.73586,1.68038,0
3.25721,-2.14012,0
3.30004,-2.17604,0
3.56555,-1.53486,0
3.51196,-1.98106,0
3.85621,-1.74183,0
3.32033,-1.94436,0
3.26688,-2.14247,0
3.69368,-1.80304,0
3.66308,-1.68373,0
3.39284,-1.81748,0
3.21524,-2.12605,0
3.42162,-2.08856,0
3.30055,-2.1243,0
3.36093,-2.29626,0
3.30605,-1.90337,0
3.51378,-1.90653,0
3.44931,-1.59298,0
3.22422,-2.20066,0
3.56325,-1.59828,0
3.70771,-1.80288,0
3.70415,-1.56029,0
3.18046,-2.24475,0
3.21836,-2.09542,0
2.12142,1.97828,0
3.49229,-2.16103,0
3.44343,-1.50205,0
3.68254,-1.7058,0
3.38122,-1.66331,0
1.81698,1.73807,0
3.53737,-2.06381,0
3.20675,-2.16488,0
3.58452,-2.05948,0
3.75844,-1.83899,0
3.4638,-1.65351,0
3.54828,-1.71614,0
5.00471,-0.68885,0
3.52573,-1.6642,0
3.36671,-1.65436,0
3.61862,-1.56613,0
3.46973,-1.92383,0
3.85458,-1.74716,0
3.23924,-2.26225,0
3.22781,-1.95593,0
3.92839,-1.61603,0
3.20561,-2.02822,0
3.1477,-2.15024,0
3.47658,-1.84654,0
3.2515,-2.04491,0
3.72415,-1.70441,0
3.39861,-2.20357,0
3.32417,-2.08364,0
3.38144,-1.98469,0
4.94705,-0.57055,0
3.16862,-2.08848,0
3.86242,-1.63361,0
4.02319,-1.65261,0
3.25557,-1.93288,0
3.2405,-2.10807,0
2.07984,1.94514,0
3.73058,-1.83864,0
3.65613,-1.77332,0
3.61865,-1.86305,0
3.64988,-1.92998,0
3.18668,-2.04382,0
5.0011,-0.66987,0
3.37942,-1.71981,0
3.32614,-1.75919,0
3.21113,-1.99588,0
3.44481,-1.84573,0
2.09639,1.92102,0
3.62852,-1.65088,0
3.74317,-1.67197,0
3.18332,-2.21915,0
3.1326,-2.20012,0
3.24696,-2.02036,0
3.71522,-1.75087,0
3.89188,-1.60597,0
3.92211,-1.71528,0
2.02678,1.87393,0
3.59075,-1.65199,0
2.12115,1.94814,0
3.55294,-1.69968,0
3.37837,-1.64847,0
3.32358,-1.92753,0
3.83899,-1.64555,0
3.34556,-2.04885,0
3.55549,-1.5577,0
3.51367,-2.051,0
3.48388,-1.85119,0
3.49602,-1.79275,0
3.53492,-2.01789,0
3.41592,-2.1531,0
3.73039,-1.56169,0
2.07829,1.92514,0
3.35707,-2.20884,0
3.69072,-1.61355,0
3.45001,-1.58028,0
3.83248,-1.74982,0
3.45302,-1.61215,0
3.44936,-1.97174,0
3.4194,-1.94786,0
3.14627,-2.24786,0
3.33085,-2.09282,0
3.48498,-1.61836,0
3.38853,-1.97879,0
3.77878,-1.7694,0
3.52842,-2.07859,0
3.32245,-2.33762,0
3.47626,-1.71623,0
1.84181,1.75767,0
3.44111,-1.99427,0
3.2963,-2.11118,0
3.22422,-2.2564,0
3.85422,-1.66388,0
3.42011,-2.06825,0
1.82079,1.75004,0
2.09673,2.04172,0
3.53659,-2.12141,0
3.87511,-1.78643,0
3.47055,-1.95443,0
3.6678,-1.8123,0
3.68438,-1.61321,0
3.36429,-2.10177,0
3.61038,-1.89029,0
3.60271,-1.90453,0
3.11842,-2.21869,0
3.49142,-2.14344,0
3.34561,-2.18389,0
3.72993,-1.8564,0
1.97183,1.89712,0
3.22288,-2.32846,0
3.23996,-2.31859,0
3.76987,-1.81636,0
3.71818,-1.57367,0
3.61246,-1.72217,0
3.27635,-2.05856,0
3.22862,-2.30876,0
1.79348,1.73369,0
4.99516,-0.62096,0
3.53837,-1.85656,0
2.10151,1.93004,0
3.41734,-1.53358,0
3.29787,-2.08076,0
3.7247,-1.65027,0
3.96059,-1.62962,0
3.21114,-2.04153,0
3.83349,-1.76774,0
3.50872,-2.02366,0
1.87923,1.83053,0
3.80018,-1.61112,0
3.76994,-1.75793,0
3.20362,-2.26417,0
3.36812,-1.79288,0
3.64748,-1.90502,0
3.52531,-2.09648,0
3.328,-1.8868,0
3.28909,-2.19571,0
2.09061,2.03146,0
3.59593,-1.55643,0
3.51044,-1.96271,0
1.74778,1.69206,0
3.5239,-1.73913,0
2.02551,1.95271,0
3.63517,-1.62664,0
3.20975,-2.30503,0
4.9606,-0.62328,0
3.28476,-2.01377,0
3.66823,-1.71425,0
3.39664,-1.79604,0
3.35193,-2.07173,0
2.17613,2.05239,0
3.3583,-1.7843,0
1.99618,1.87417,0
3.25388,-2.04272,0
1.84875,1.76437,0
3.74513,-1.65946,0
3.4896,-2.04763,0
3.2858,-2.31432,0
3.34069,-2.02964,0
3.28456,-2.20474,0
4.94759,-0.58195,0
5.00925,-0.64416,0
3.85848,-1.81966,0
3.47354,-2.1317,0
3.32041,-2.15637,0
1.83347,1.77882,0
3.36168,-1.8725,0
3.27747,-2.10036,0
3.6135,-1.89252,0
3.45903,-1.53474,0
3.50055,-1.55649,0
3.56288,-1.683,0
2.05585,1.96137,0
3.25753,-1.90861,0
3.22533,-2.32703,0
3.63846,-1.98095,0
3.28078,-2.17613,0
3.45809,-1.80797,0
3.82054,-1.62032,0
2.09383,1.95658,0
3.70161,-1.55771,0
4.98576,-0.67154,0
3.37007,-2.18169,0
2.12922,2.04641,0
3.33544,-1.76248,0
3.77033,-1.75215,0
2.16266,2.04799,0
3.42614,-1.85385,0
2.02809,1.95826,0
3.71328,-1.74083,0
3.7996,-1.67151,0
3.54258,-1.59607,0
3.29919,-1.91198,0
3.60471,-1.9025,0
3.25356,-2.24638,0
3.22523,-2.16859,0
4.99712,-0.61252,0
1.9856,1.90191,0
3.43245,-1.73691,0
3.30251,-2.07154,0
3.29298,-1.96908,0
3.30929,-1.77241,0
3.34739,-2.29048,0
1.96348,1.87456,0
3.44641,-2.03804,0
3.61808,-1.93153,0
3.40322,-1.62481,0
3.29849,-1.88967,0
3.47747,-1.78891,0
3.52374,-1.83595,0
3.72699,-1.78468,0
4.97274,-0.63545,0
3.16954,-2.27543,0
3.55221,-1.71057,0
2.06162,1.95102,0
3.40703,-2.17102,0
3.3837,-2.1356,0
3.87796,-1.68955,0
3.30234,-2.01465,0
3.42004,-1.91524,0
2.22705,2.16928,0
3.2621,-2.12758,0
3.52331,-1.66739,0
3.35887,-2.00167,0
3.3237,-2.15046,0
3.28699,-2.32361,0
3.28081,-2.22193,0
3.72803,-1.64712,0
3.22778,-2.07788,0
4.99891,-0.69904,0
3.77932,-1.64747,0
3.50083,-1.90133,0
3.69683,-1.8102,0
3.49555,-1.96695,0
3.54944,-1.62122,0
3.42436,-2.05282,0
3.49824,-1.67184,0
3.56079,-2.00911,0
3.59804,-1.94608,0
3.5756,-1.95904,0
3.47702,-1.92536,0
2.14132,1.97272,0
3.70684,-1.88125,0
3.62565,-1.66695,0
3.66635,-1.55472,0
3.53161,-1.52718,0
3.43826,-2.19616,0
3.80506,-1.7688,0
3.49852,-1.81913,0
5.01271,-0.65075,0
3.82441,-1.68798,0
3.69514,-1.90376,0
3.71071,-1.78821,0
3.39988,-1.95941,0
3.30027,-1.90251,0
1.88582,1.77041,0
3.53931,-1.8283,0
3.26214,-2.11946,0
3.94932,-1.74229,0
3.57683,-2.10447,0
3.75926,-1.91821,0
2.17219,2.13573,0
2.17368,2.16975,0
3.32737,-2.34541,0
4.91699,-0.4576,0
4.95877,-0.47448,0
3.76986,-1.91755,0
1.99562,1.97455,0
2.13038,2.07762,0
3.65445,-2.03015,0
1.98963,1.95685,0
1.94571,1.90314,0
5.03367,-0.59877,0
3.34339,-2.34181,0
3.53725,-2.13603,0
2.12866,2.09073,0
3.38225,-2.31265,0
3.50354,-2.18306,0
1.78179,1.75974,0
2.08909,2.0757,0
3.81223,-1.87764,0
2.11048,2.08716,0
4.99975,-0.53674,0
1.8906,1.84378,0
2.06978,2.0524,0
5.04016,-0.55865,0
1.6933,1.66209,0
3.53829,-2.17279,0
2.0915,2.07788,0
3.35354,-2.32639,0
3.44091,-2.24499,0
1.98851,1.95311,0
4.97179,-0.55206,0
1.74427,1.72489,0
3.39193,-2.31325,0
3.60014,-2.11112,0
1.98877,1.96117,0
3.44622,-2.26243,0
2.19182,2.1426,0
3.91356,-1.78322,0
2.11408,2.11158,0
4.97629,-0.53397,0
1.99788,1.97638,0
1.8935,1.84739,0
3.57337,-2.14054,0
3.41541,-2.30425,0
2.11377,2.0798,0
2.11036,2.05776,0
4.04708,-1.64387,0
1.97879,1.97455,0
5.06474,-0.58189,0
4.96559,-0.49841,0
3.45353,-2.25358,0
1.66514,1.62594,0
4.92465,-0.43881,0
3.54053,-2.15341,0
3.35929,-2.31051,0
1.97221,1.95897,0
3.63581,-2.05104,0
1.96888,1.94079,0
4.97199,-0.47629,0
1.826,1.79153,0
3.42803,-2.29065,0
5.07244,-0.57197,0
3.45294,-2.25564,0
3.44905,-2.21834,0
3.34047,-2.36812,0
4.93996,-0.48393,0
3.48758,-2.2171,0
3.48918,-2.22039,0
3.68469,-2.01245,0
3.33708,-2.35836,0
1.73497,1.69468,0
3.58822,-2.08641,0
1.88948,1.84411,0
1.87,1.84825,0
5.06792,-0.58242,0
2.0838,2.08385,0
3.85475,-1.82902,0
5.05031,-0.57639,0
2.01355,1.97869,0
4.90173,-0.41012,0
3.4533,-2.24102,0
3.38942,-2.3052,0
1.72722,1.68833,0
3.49184,-2.21412,0
3.97016,-1.7226,0
1.89835,1.87424,0
4.94137,-0.45664,0
3.88481,-1.81497,0
3.61193,-2.08748,0
1.98079,1.95559,0
1.62008,1.58873,0
1.8548,1.82936,0
4.96909,-0.51077,0
2.65208,-2.4525,0
4.09981,-1.63892,0
2.71945,-2.4017,0
2.68357,-2.40392,0
4.79478,-1.24087,0
2.75344,-2.39272,0
4.77246,-1.23741,0
4.78114,-1.25167,0
4.77593,-1.25965,0
4.0947,-1.6358,0
4.07054,-1.64328,0
4.05433,-1.66116,0
2.66125,-2.41126,0
4.04776,-1.67664,0
4.01158,-1.69463,0
4.81005,-1.23645,0
2.71253,-2.40874,0
2.70879,-2.41801,0
2.7317,-2.39881,0
3.11989,-2.31382,0
3.1725,-2.3926,0
3.08888,-2.31172,0
3.16846,-2.36399,0
3.17758,-2.35844,0
4.98443,-0.76215,0
4.96429,-0.75738,0
3.10182,-2.2615,0
3.16712,-2.30525,0
3.18601,-2.35647,0
3.20365,-2.37258,0
4.95214,-0.81135,0
3.0936,-2.28437,0
4.97175,-0.77321,0
3.1593,-2.30794,0
3.11662,-2.34218,0
4.97399,-0.74972,0
4.9945,-0.73771,0
3.1374,-2.31238,0
3.15391,-2.33211,0
3.12164,-2.28563,0
4.99539,-0.73976,0
3.19788,-2.37186,0
3.09896,-2.23683,0
3.12184,-2.29275,0
4.98706,-0.77578,0
3.17255,-2.37114,0
3.14282,-2.32181,0
4.959,-0.81161,0
1.93481,1.94028,0
3.6962,-2.02085,0
3.70265,-2.03623,0
1.91423,1.91588,0
3.5303,-2.20009,0
3.43986,-2.31488,0
5.05366,-0.53478,0
3.73454,-1.9776,0
3.71298,-2.02146,0
3.7137,-2.01617,0
4.96084,-0.42696,0
2.00765,2.01936,0
2.03577,2.04577,0
2.01798,2.02422,0
3.5363,-2.22555,0
3.69804,-2.04621,0
4.91733,-0.38373,0
3.42773,-2.29586,0
4.90046,-0.37411,0
3.60775,-2.12672,0
3.438,-2.2871,0
3.57039,-2.17234,0
3.70683,-2.00905,0
5.07024,-0.5529,0
2.13001,2.15121,0
5.02538,-0.51663,0
3.55779,-2.17366,0
3.98567,-1.71568,0
3.75492,-1.97129,0
4.97991,-0.45801,0
4.96423,-0.46365,0
2.05132,2.06379,0
5.05406,-0.51922,0
1.84346,1.84194,0
4.92071,-0.42539,0
4.99157,-0.4667,0
5.07127,-0.52471,0
4.98986,-0.45559,0
3.78076,-1.95854,0
3.9726,-1.7493,0
3.50141,-2.26105,0
3.83868,-1.86698,0
4.99566,-0.47698,0
3.40515,-2.35579,0
3.56879,-2.16397,0
4.95261,-0.45272,0
3.95305,-1.75045,0
1.85554,1.847,0
3.65324,-2.06444,0
3.86058,-1.87129,0
2.14944,2.1568,0
3.68331,-2.04664,0
3.91072,-1.79952,0
3.87356,-1.83859,0
2.11379,2.12023,0
3.43177,-2.30479,0
4.89105,-0.39029,0
3.87705,-1.84034,0
3.66098,-2.07315,0
4.92718,-0.39356,0
3.41058,-2.33836,0
5.06588,-0.53791,0
3.49188,-2.24515,0
4.97631,-0.45863,0
3.63538,-2.09393,0
5.02419,-0.51459,0
2.00816,2.00577,0
5.05808,-0.5187,0
3.3847,-2.36756,0
2.21497,2.17165,0
5.03453,-0.62149,0
3.3332,-2.39848,0
5.03008,-0.62388,0
3.3168,-2.36817,0
5.05661,-0.64041,0
5.07132,-0.62926,0
5.05557,-0.63812,0
3.98192,-1.74242,0
3.63807,-2.1764,0
5.06975,-0.43413,0
3.58332,-2.21167,0
3.51205,-2.33852,0
2.00589,2.03006,0
4.9528,-0.35272,0
1.89877,1.91326,0
1.86129,1.86879,0
4.90233,-0.34181,0
4.92335,-0.31027,0
2.06892,2.1308,0
3.67021,-2.11897,0
5.06742,-0.49642,0
3.54304,-2.29604,0
5.02254,-0.44214,0
3.69556,-2.1109,0
4.99049,-0.44083,0
5.05325,-0.42321,0
3.852,-1.91568,0
3.6767,-2.11119,0
3.81634,-1.93883,0
3.49089,-2.28903,0
4.01441,-1.71371,0
4.87772,-0.33542,0
4.97231,-0.38829,0
1.93503,1.9769,0
4.96349,-0.33942,0
3.71777,-2.05449,0
5.02203,-0.38009,0
4.90609,-0.28983,0
3.82922,-1.96467,0
3.81149,-1.94344,0
3.86651,-1.90249,0
5.00363,-0.37578,0
4.98257,-0.34829,0
3.63895,-2.14089,0
3.61452,-2.1772,0
4.9802,-0.3744,0
3.69825,-2.05993,0
4.9045,-0.35252,0
3.64198,-2.12447,0
1.96287,2.00604,0
3.65556,-2.1149,0
1.96677,1.9815,0
3.47909,-2.32813,0
3.7389,-2.03865,0
4.90708,-0.28643,0
3.81879,-1.95018,0
3.74098,-2.03123,0
4.0251,-1.74048,0
4.929,-0.32649,0
4.90348,-0.33729,0
3.7102,-2.09255,0
4.04609,-1.70181,0
4.89792,-0.31237,0
3.61888,-2.2057,0
5.07316,-0.47046,0
4.96686,-0.38377,0
4.87162,-0.29481,0
4.03407,-1.71895,0
3.65031,-2.14347,0
5.06235,-0.50311,0
3.76414,-1.99659,0
1.86782,1.87669,0
3.75004,-2.0645,0
3.50479,-2.3419,0
3.81158,-1.93899,0
3.55025,-2.22655,0
1.93732,1.96843,0
3.98043,-1.79281,0
5.11184,-0.46001,0
1.68961,1.67772,0
4.99067,-0.43328,0
4.93168,-0.34355,0
4.9736,-0.35877,0
1.7499,1.74692,0
4.94201,-0.37066,0
3.62818,-2.16168,0
1.90626,1.93594,0
4.85335,-0.23634,0
3.77678,-1.98875,0
3.69298,-2.08213,0
4.99337,-0.42359,0
3.71113,-2.07035,0
5.00354,-0.40498,0
3.61742,-2.19031,0
3.52761,-2.32462,0
4.98928,-0.44737,0
5.01566,-0.46063,0
3.87002,-1.90765,0
4.96799,-0.38451,0
1.59159,1.57193,0
4.93934,-0.39876,0
4.97108,-0.3474,0
3.95036,-1.79644,0
3.5833,-2.21595,0
3.98513,-1.75174,0
3.68033,-2.09759,0
5.01514,-0.38729,0
1.90808,1.9316,0
5.0122,-0.41033,0
3.97588,-1.78506,0
3.87635,-1.90646,0
4.95714,-0.366,0
4.92408,-0.35194,0
4.89371,-0.35367,0
3.49219,-2.33508,0
5.03607,-0.42316,0
3.5184,-2.28896,0
1.89236,1.90737,0
3.51717,-2.30185,0
3.88227,-1.89987,0
4.89416,-0.31993,0
1.71481,1.70658,0
5.04802,-0.44213,0
3.90935,-1.85791,0
3.92505,-1.81128,0
3.59566,-2.2237,0
3.65135,-2.15854,0
3.63098,-2.20301,0
1.97995,1.99249,0
3.71563,-2.03493,0
4.99103,-0.36297,0
3.50328,-2.32678,0
3.53158,-2.26397,0
3.74124,-2.02632,0
3.54421,-2.24715,0
3.7036,-2.23411,0
1.70889,1.762,0
5.02453,-0.20716,0
4.96945,-0.27114,0
4.99908,-0.11276,0
1.66559,1.74812,0
3.85257,-2.0823,0
3.87976,-2.02374,0
4.89895,-0.24739,0
3.79123,-2.13413,0
3.90656,-1.92942,0
1.84869,1.98403,0
1.77066,1.89197,0
3.95717,-1.85174,0
4.9946,-0.10002,0
4.92739,-0.08795,0
3.83287,-2.07781,0
3.78817,-2.09304,0
3.78867,-2.03575,0
5.05431,-0.16979,0
3.84182,-2.06009,0
4.96191,-0.23041,0
4.8313,-0.12214,0
3.8653,-1.97991,0
5.06278,-0.24864,0
4.15109,-1.64992,0
3.65338,-2.19581,0
1.83318,1.92878,0
4.94529,-0.14432,0
4.12851,-1.65568,0
5.01053,-0.2205,0
1.56483,1.64559,0
5.00608,-0.23088,0
3.83401,-2.04506,0
4.85146,-0.20378,0
4.97984,-0.32707,0
4.97384,-0.27243,0
4.90005,-0.09451,0
1.77233,1.79514,0
1.83319,1.89684,0
5.00364,-0.1952,0
3.91003,-1.99684,0
1.53869,1.55569,0
5.04063,-0.12629,0
4.97548,-0.20917,0
1.78166,1.90641,0
5.06803,-0.27814,0
5.00836,-0.24096,0
4.91822,-0.07999,0
1.8777,1.93028,0
3.68607,-2.14896,0
1.57106,1.5785,0
1.89097,1.98182,0
1.62117,1.63715,0
4.971,-0.09979,0
4.84659,-0.19361,0
3.79285,-2.10031,0
3.74971,-2.2061,0
4.91123,-0.10498,0
4.87607,-0.17646,0
5.00237,-0.10727,0
1.67008,1.67242,0
3.75688,-2.24589,0
4.06862,-1.78561,0
1.88847,1.95644,0
4.92533,-0.10392,0
1.49322,1.51361,0
3.96151,-1.84254,0
1.83895,1.95099,0
1.81333,1.97127,0
4.06896,-1.7729,0
3.76246,-2.08043,0
3.80899,-2.0654,0
1.79421,1.82537,0
4.98241,-0.13072,0
3.88373,-2.06914,0
3.6959,-2.18526,0
1.73024,1.79062,0
1.84126,1.89553,0
4.07762,-1.78132,0
5.0507,-0.21608,0
3.91732,-1.88702,0
4.83869,-0.0936,0
4.82071,-0.06602,0
3.76389,-2.20151,0
1.59228,1.64555,0
1.76642,1.90471,0
1.57488,1.6225,0
1.65743,1.72605,0
1.69198,1.76495,0
4.8846,-0.14814,0
1.71229,1.75076,0
1.63598,1.73576,0
1.52516,1.58368,0
4.98212,-0.18331,0
3.75598,-2.15085,0
1.83596,1.96412,0
4.05814,-1.72714,0
3.74294,-2.16039,0
3.66585,-2.20243,0
1.71727,1.84855,0
3.81215,-2.06344,0
5.06104,-0.2052,0
4.93958,-0.24915,0
4.82258,-0.05901,0
4.82255,-0.08621,0
4.07063,-1.78196,0
4.98365,-0.25436,0
4.14914,-1.66548,0
3.70447,-2.14159,0
3.90503,-1.89122,0
4.0468,-1.79243,0
3.99133,-1.84639,0
4.96947,-0.15292,0
1.7288,1.84117,0
4.84111,-0.20893,0
3.97953,-1.89557,0
1.5165,1.55149,0
4.96962,-0.14827,0
3.75988,-2.14284,0
5.01449,-0.35404,0
5.06181,-0.20165,0
1.771,1.81647,0
1.79965,1.82713,0
4.86981,-0.1324,0
3.96166,-1.9434,0
3.82272,-2.06827,0
1.82337,1.94937,0
3.82014,-2.06893,0
4.84591,-0.12084,0
1.74316,1.91302,0
1.73281,1.89971,0
3.68349,-2.21534,0
4.88695,-0.07285,0
1.76492,1.79876,0
1.75621,1.76693,0
3.80583,-2.097,0
3.95635,-1.92387,0
4.80315,-0.01343,0
5.00752,-0.26809,0
3.95125,-1.82967,0
3.81638,-2.08259,0
3.79888,-2.09064,0
3.78099,-2.04317,0
5.06365,-0.24462,0
4.96658,-0.26308,0
4.0525,-1.73658,0
1.70352,1.84012,0
1.56789,1.54695,0
1.73367,1.85102,0
3.87582,-2.05318,0
3.87846,-2.03932,0
1.55517,1.59515,0
3.79318,-2.20935,0
4.96971,-0.1251,0
4.82538,-0.06158,0
3.98519,-1.90526,0
3.94993,-1.86518,0
3.90314,-1.92634,0
5.11015,-0.19586,0
3.72863,-2.25374,0
1.82933,1.99977,0
1.71584,1.76535,0
1.75116,1.80823,0
1.76079,1.81444,0
5.02427,-0.37221,0
4.06088,-1.80717,0
1.79626,1.90513,0
4.84653,-0.19275,0
1.7033,1.70912,0
3.67458,-2.16369,0
5.01743,-0.28685,0
5.07064,-0.29947,0
3.91889,-1.98608,0
4.87411,-0.17365,0
3.93469,-1.94695,0
3.83489,-2.02867,0
5.01409,-0.31055,0
1.8591,1.92757,0
1.90677,1.9636,0
4.048,-1.73846,0
1.69957,1.75595,0
1.83081,1.98918,0
1.51859,1.58022,0
3.71497,-2.11212,0
4.93841,-0.25282,0
1.78448,1.83804,0
4.88721,-0.1822,0
1.69036,1.77131,0
1.55999,1.59661,0
5.00901,-0.34759,0
3.82199,-2.08041,0
3.77491,-2.16371,0
3.9988,-1.81681,0
3.89904,-2.00416,0
4.81859,-0.00884,0
5.07987,-0.26277,0
3.94223,-1.96786,0
3.94673,-1.83362,0
1.82175,2.02335,0
3.85377,-1.98564,0
3.72413,-2.2095,0
3.72494,-2.10045,0
1.68101,1.75082,0
3.92693,-1.85737,0
3.92488,-1.99767,0
5.01095,-0.16308,0
3.81706,-2.00231,0
4.01515,-1.78121,0
4.00172,-1.78314,0
4.8628,-0.16385,0
1.73669,1.77742,0
3.89643,-1.9152,0
3.80111,-2.06081,0
3.69823,-2.1913,0
3.81986,-1.9943,0
4.82004,-0.1206,0
1.51093,1.52322,0
1.85205,1.9922,0
4.02562,-1.80176,0
5.03172,-0.17015,0
4.9716,-0.15217,0
4.13124,-1.65455,0
4.86103,-0.20402,0
1.7672,1.80539,0
3.84443,-2.05453,0
4.92476,-0.14084,0
3.68513,-2.2175,0
1.67405,1.69588,0
4.85773,-0.05033,0
4.80405,-0.02642,0
1.66146,1.69565,0
1.85675,1.90152,0
3.91961,-1.92338,0
4.9527,-0.13706,0
3.8284,-2.01056,0
4.97402,-0.2283,0
4.88905,-0.22612,0
1.71932,1.85858,0
3.71708,-2.23181,0
3.90659,-1.97413,0
4.95475,-0.14733,0
3.78098,-2.12747,0
3.87589,-1.9712,0
3.9091,-1.88775,0
5.01443,-0.23138,0
1.82058,1.96949,0
4.92432,-0.06936,0
1.74825,1.82866,0
4.91813,-0.28431,0
4.97288,-0.22023,0
4.00295,-1.86732,0
4.93321,-0.21638,0
5.02527,-0.12425,0
4.02217,-1.82857,0
1.57762,1.64047,0
5.03822,-0.31945,0
3.80836,-2.01692,0
4.03498,-1.79335,0
3.91595,-1.88079,0
1.81173,1.91499,0
1.77181,1.91309,0
4.03042,-1.85369,0
3.73714,-2.20975,0
3.89122,-1.98449,0
3.98511,-1.88825,0
1.62453,1.66081,0
4.80311,-0.04974,0
1.75189,1.83281,0
5.0696,-0.19618,0
4.89495,-0.26098,0
4.80954,-0.0699,0
1.66066,1.78369,0
4.97089,-0.14114,0
1.67801,1.7718,0
4.86658,-0.05348,0
4.12993,-1.66061,0
3.74646,-2.16088,0
1.6674,1.74149,0
3.73294,-2.232,0
4.9541,-0.07724,0
4.90346,-0.09237,0
4.85261,-0.05351,0
4.06378,-1.75284,0
5.01055,-0.11744,0
3.89339,-1.99619,0
3.90653,-1.90774,0
4.83106,-0.11176,0
3.76504,-2.12865,0
5.12076,-0.2062,0
1.59673,1.67539,0
4.97895,-0.18213,0
1.58298,1.66283,0
1.83329,1.91419,0
4.10339,-1.7208,0
4.98944,-0.33144,0
4.94563,-0.14331,0
4.80171,-0.06089,0
3.90237,-1.93216,0
3.96404,-1.9514,0
3.70444,-2.16153,0
4.0393,-1.75636,0
1.71809,1.76118,0
1.72266,1.86995,0
3.83925,-2.14139,0
3.91091,-1.96831,0
3.79941,-2.11416,0
3.8556,-1.97854,0
4.15585,-1.65016,0
1.83301,1.92371,0
1.782,1.92729,0
1.79178,1.98044,0
4.92725,-0.09373,0
3.74087,-2.09927,0
5.08636,-0.16188,0
5.07709,-0.17153,0
4.90264,-0.06685,0
3.80188,-2.16718,0
4.90518,-0.12501,0
4.11325,-1.67544,0
3.76193,-2.07706,0
3.76234,-2.09659,0
1.58527,1.56946,0
4.8343,-0.01996,0
4.94645,-0.18567,0
3.70549,-2.25251,0
3.70434,-2.26286,0
1.91089,1.99071,0
1.90991,2.02958,0
1.90936,2.01174,0
3.65042,-2.21592,0
1.87612,1.9996,0
1.89286,2.02409,0
1.85168,2.01776,0
3.64085,-2.23328,0
5.07434,-0.30957,0
3.63379,-2.23121,0
3.63004,-2.22018,0
5.06738,-0.33543,0
5.03543,-0.38029,0
1.8615,2.01877,0
5.05584,-0.35451,0
3.70666,-2.24289,0
3.64322,-2.23931,0
1.90577,2.01239,0
5.07219,-0.31067,0
3.63234,-2.223,0
1.89272,1.98636,0
3.61887,-2.22251,0
3.64507,-2.24218,0
5.09133,-0.34411,0
3.63065,-2.25798,0
5.08147,-0.3505,0
1.89729,2.05593,0
5.1295,-0.26848,0
5.06232,-0.37427,0
5.05913,-0.3885,0
5.07763,-0.34494,0
1.91546,2.04122,0
5.11371,-0.30556,0
3.68251,-2.27946,0
1.90856,2.03355,0
5.079,-0.35063,0
5.0717,-0.35512,0
2.46154,-2.3756,0
2.4975,-2.40101,0
2.46368,-2.42037,0
4.15297,-1.71508,0
2.41977,-2.43903,0
2.53861,-2.39997,0
2.43279,-2.41783,0
4.64206,-1.51774,0
4.26228,-1.67547,0
4.22585,-1.66395,0
4.14626,-1.71695,0
4.55551,-1.55513,0
2.39913,-2.43122,0
4.66866,-1.51235,0
2.42661,-2.44212,0
4.16648,-1.68327,0
4.66258,-1.4891,0
4.19451,-1.67071,0
4.64882,-1.49879,0
2.50918,-2.39759,0
2.46899,-2.4174,0
4.21748,-1.66275,0
4.17292,-1.67934,0
4.20072,-1.65931,0
4.63424,-1.50671,0
4.20011,-1.67181,0
2.45541,-2.43412,0
4.63211,-1.50481,0
4.68211,-1.47606,0
2.39071,-2.40164,0
4.19113,-1.6782,0
2.50661,-2.39771,0
2.45298,-2.41251,0
4.67694,-1.45559,0
4.13164,-1.70565,0
4.65151,-1.46012,0
2.38082,-2.392,0
4.17657,-1.71029,0
2.37691,-2.39701,0
4.18079,-1.68454,0
4.17131,-1.68918,0
4.6917,-1.39562,0
2.51849,-2.45699,0
2.53733,-2.40262,0
4.7495,-1.3543,0
4.76252,-1.40212,0
2.52324,-2.4408,0
2.60088,-2.42871,0
2.52411,-2.42521,0
2.60678,-2.42367,0
2.53138,-2.43877,0
2.54041,-2.44165,0
4.71553,-1.39969,0
4.72974,-1.41703,0
2.54762,-2.41845,0
4.13948,-1.74864,0
4.64887,-1.53525,0
3.21228,2.14114,0
2.38052,-2.42116,0
4.13435,-1.73887,0
4.57618,-1.55864,0
2.36278,-2.43447,0
4.2504,-1.70078,0
3.22326,2.16885,0
4.09415,-1.76275,0
4.64125,-1.53054,0
2.38561,-2.43595,0
4.23831,-1.70997,0
4.66297,-1.52701,0
4.6633,-1.53954,0
4.67277,-1.53359,0
2.34847,-2.40754,0
2.92344,-2.39784,0
2.9052,-2.46191,0
2.94802,-2.33512,0
3.00537,-2.41389,0
2.90988,-2.43587,0
2.91467,-2.41753,0
2.91488,-2.33291,0
2.89444,-2.44656,0
4.87301,-1.10967,0
3.08078,-2.33979,0
2.90276,-2.41277,0
4.89115,-1.06319,0
4.95253,-1.04063,0
4.92526,-1.07856,0
3.08432,-2.33248,0
2.9022,-2.39693,0
2.91861,-2.46816,0
3.02628,-2.36769,0
2.93658,-2.43679,0
2.93482,-2.45135,0
4.88244,-1.07915,0
4.88366,-1.07745,0
2.97523,-2.38118,0
3.00621,-2.39402,0
3.10095,-2.33741,0
4.93525,-1.02165,0
2.91923,-2.41036,0
2.93369,-2.37853,0
4.87331,-1.0513,0
2.91798,-2.4059,0
2.94276,-2.40769,0
2.90173,-2.38341,0
3.08715,-2.33902,0
4.88901,-1.08646,0
2.88632,-2.43648,0
3.06938,-2.34163,0
2.88589,-2.43745,0
3.01771,-2.36191,0
2.88781,-2.38436,0
2.87302,-2.40292,0
4.86969,-1.05949,0
2.89926,-2.40988,0
2.91138,-2.35582,0
4.92885,-1.00527,0
3.02722,-2.39213,0
2.90493,-2.46765,0
2.90083,-2.36458,0
4.87835,-1.07416,0
2.92593,-2.41588,0
2.97942,-2.35905,0
3.27613,-2.41758,0
5.05544,-0.73462,0
5.0457,-0.69048,0
3.26798,-2.40572,0
3.27982,-2.4254,0
3.31006,-2.398,0
3.29254,-2.38676,0
5.06026,-0.73086,0
5.02146,-0.69337,0
3.31195,-2.38517,0
5.06624,-0.68842,0
3.29085,-2.39584,0
5.06429,-0.69098,0
3.26829,-2.41804,0
4.98261,-0.80266,0
2.80043,-2.42617,0
2.7743,-2.42436,0
4.81744,-1.18119,0
4.79548,-1.18987,0
4.87684,-1.21594,0
2.80581,-2.43059,0
2.73358,-2.43546,0
2.81773,-2.42276,0
2.77862,-2.43393,0
4.84218,-1.22577,0
2.83361,-2.40912,0
2.81385,-2.41673,0
2.76425,-2.44873,0
2.71967,-2.4246,0
4.80959,-1.21226,0
4.84183,-1.21979,0
4.86693,-1.17759,0
2.75029,-2.45685,0
2.77566,-2.41082,0
2.75579,-2.41733,0
2.72505,-2.43292,0
2.81472,-2.43525,0
2.81206,-2.40932,0
2.76948,-2.44917,0
2.7658,-2.45761,0
4.8635,-1.15603,0
3.05086,-2.38959,0
5.0045,-0.85845,0
3.1195,-2.36492,0
3.04173,-2.3925,0
3.07328,-2.40641,0
4.99394,-0.86245,0
3.07684,-2.38256,0
4.94597,-0.94125,0
5.00941,-0.89374,0
4.94296,-0.85661,0
3.07117,-2.41811,0
4.98571,-0.83374,0
3.11023,-2.3767,0
4.92622,-0.97425,0
3.08773,-2.45216,0
4.99286,-0.90086,0
4.94206,-0.87249,0
4.98162,-0.90808,0
4.97549,-0.90548,0
3.11957,-2.4241,0
3.09694,-2.36461,0
4.97485,-0.82286,0
3.05587,-2.41062,0
3.10736,-2.40328,0
5.00018,-0.90501,0
5.0678,-0.67681,0
5.05415,-0.65179,0
5.08935,-0.63313,0
5.07388,-0.65495,0
3.4762,-2.35198,0
3.45137,-2.3679,0
5.0745,-0.55332,0
5.10386,-0.52698,0
3.48386,-2.36595,0
5.11202,-0.51666,0
5.11049,-0.51314,0
3.6216,-2.277,0
3.66537,-2.2976,0
3.66231,-2.29862,0
3.61113,-2.26306,0
3.60021,-2.30652,0
5.08612,-0.37198,0
3.63426,-2.27018,0
3.59736,-2.30179,0
3.62749,-2.32926,0
5.08401,-0.41898,0
5.11864,-0.39246,0
5.10806,-0.35194,0
3.65669,-2.28975,0
1.94652,2.03047,0
3.61622,-2.32001,0
5.10955,-0.33178,0
3.6119,-2.27268,0
1.96809,2.04478,0
3.5858,-2.26926,0
5.05243,-0.75571,0
4.98143,-0.81641,0
3.24275,-2.41459,0
4.98849,-0.80225,0
5.04336,-0.7655,0
3.24088,-2.43696,0
5.03821,-0.78897,0
4.99568,-0.82911,0
5.02068,-0.77442,0
5.02463,-0.77201,0
3.42746,-2.35907,0
5.11478,-0.61536,0
5.13123,-0.33181,0
3.67207,-2.30658,0
5.13763,-0.32024,0
1.95661,2.06129,0
5.1267,-0.32804,0
5.13759,-0.33187,0
3.80057,-2.2151,0
4.04769,-1.84116,0
5.1428,-0.23242,0
4.08103,-1.80959,0
3.94714,-2.00627,0
4.05068,-1.83727,0
3.82,-2.17121,0
3.88018,-2.09691,0
3.74441,-2.26983,0
3.92951,-2.0164,0
4.0824,-1.80919,0
5.13175,-0.2313,0
3.99133,-1.93425,0
3.98431,-1.94545,0
5.14023,-0.26795,0
3.93798,-2.00668,0
3.9209,-2.03088,0
4.09752,-1.7755,0
3.76344,-2.26701,0
3.81919,-2.18445,0
3.82953,-2.17703,0
5.15548,-0.23146,0
3.87506,-2.1109,0
4.9483,-0.96024,0
4.94152,-0.96754,0
4.9382,-0.99748,0
3.03912,-2.43032,0
4.96362,-1.04191,0
3.04576,-2.41565,0
2.99986,-2.44396,0
4.94395,-0.99838,0
4.95798,-1.00214,0
2.99988,-2.47417,0
3.04253,-2.41465,0
4.9334,-0.97708,0
4.95939,-0.95759,0
3.02095,-2.41386,0
2.97981,-2.48315,0
4.98241,-0.9834,0
4.76155,-1.31155,0
2.6201,-2.45417,0
4.77642,-1.36985,0
2.59132,-2.44361,0
4.81313,-1.36232,0
2.59706,-2.48228,0
2.59923,-2.46835,0
4.76146,-1.3541,0
4.74587,-1.30929,0
4.81928,-1.3583,0
4.79564,-1.34986,0
4.80779,-1.33154,0
4.75687,-1.34548,0
2.61136,-2.43983,0
4.79798,-1.36294,0
4.7878,-1.30981,0
4.77326,-1.36967,0
4.90765,-1.09819,0
2.85048,-2.48643,0
2.8509,-2.4686,0
2.87457,-2.44951,0
2.82993,-2.46734,0
4.89757,-1.11774,0
2.87758,-2.46376,0
2.8493,-2.46393,0
4.92895,-1.14162,0
4.91033,-1.16534,0
4.91853,-1.13733,0
2.84205,-2.43868,0
2.85676,-2.45024,0
4.90435,-1.10775,0
2.83221,-2.4479,0
4.92234,-1.15204,0
2.90045,-2.46895,0
2.9509,-2.46303,0
4.94264,-1.09666,0
4.95125,-1.106,0
2.9449,-2.46367,0
4.95001,-1.0898,0
2.94451,-2.48382,0
2.95109,-2.48625,0
5.00795,-1.00167,0
4.97784,-0.96795,0
2.71808,-2.46418,0
4.86011,-1.24429,0
4.83248,-1.24747,0
4.82453,-1.27405,0
2.79456,-2.46829,0
4.83339,-1.25093,0
4.85671,-1.28427,0
4.83828,-1.24359,0
4.8454,-1.2731,0
2.79542,-2.45556,0
4.79483,-1.28853,0
2.72878,-2.48038,0
4.81222,-1.29672,0
2.74209,-2.49964,0
4.8004,-1.27673,0
4.88056,-1.23701,0
3.05777,-2.46718,0
3.05982,-2.47633,0
3.07515,-2.45942,0
3.15484,-2.41689,0
5.00694,-0.93574,0
5.00499,-0.9405,0
4.99319,-0.92545,0
5.02492,-0.93664,0
5.01541,-0.95356,0
5.05717,-0.8367,0
3.18263,-2.4263,0
3.21202,-2.42317,0
5.00231,-0.83927,0
5.00335,-0.82633,0
3.20039,-2.41561,0
5.06374,-0.82599,0
3.1919,-2.42476,0
5.0684,-0.82188,0
5.04661,-0.80493,0
5.03951,-0.84203,0
5.05041,-0.81977,0
5.01326,-0.84649,0
3.21184,-2.41732,0
5.06141,-0.78689,0
2.70966,-2.46549,0
3.33232,-2.40546,0
5.10402,-0.69562,0
5.09045,-0.72225,0
5.08341,-0.67972,0
3.34086,-2.43277,0
3.33736,-2.43987,0
3.31198,-2.43564,0
5.1034,-0.72038,0
3.31757,-2.40979,0
5.08736,-0.72171,0
4.67929,-1.57998,0
4.13094,-1.78181,0
4.69645,-1.55411,0
4.50464,-1.6352,0
4.13512,-1.75588,0
4.54754,-1.61572,0
4.65794,-1.57515,0
4.25046,-1.71778,0
4.67451,-1.56976,0
4.67299,-1.58194,0
4.23945,-1.72194,0
4.18662,-1.7513,0
4.70287,-1.56692,0
4.57769,-1.61963,0
4.48839,-1.63568,0
4.68722,-1.57395,0
4.30018,-1.72009,0
4.3997,-1.68692,0
4.57725,-1.61381,0
4.18035,-1.73452,0
4.66407,-1.58448,0
4.24925,-1.7267,0
4.48835,-1.62783,0
4.64864,-1.57347,0
4.18836,-1.75181,0
4.70826,-1.45374,0
4.79026,-1.41455,0
4.74857,-1.43071,0
4.69001,-1.45046,0
4.78493,-1.41149,0
4.81499,-1.37722,0
4.74296,-1.42067,0
4.71932,-1.43085,0
4.73416,-1.43984,0
4.72151,-1.48228,0
2.53008,-2.48722,0
4.77017,-1.4371,0
4.78364,-1.44034,0
2.53662,-2.47739,0
4.73817,-1.46834,0
4.76383,-1.4621,0
4.72601,-1.47127,0
4.73511,-1.4535,0
2.53008,-2.46442,0
4.70321,-1.47853,0
4.77021,-1.45426,0
4.75044,-1.47593,0
2.5339,-2.4707,0
4.76178,-1.43593,0
4.78152,-1.43619,0
4.9031,-1.2184,0
4.93313,-1.20186,0
2.79723,-2.47618,0
4.84716,-1.31185,0
4.86865,-1.29545,0
2.67191,-2.47548,0
4.91317,-1.2614,0
4.91063,-1.25917,0
4.88305,-1.32109,0
4.87343,-1.32726,0
2.84357,-2.49911,0
4.38926,-1.72244,0
4.51751,-1.66693,0
1.3538,1.49348,0
4.48361,-1.73479,0
1.35733,1.48933,0
4.47269,-1.72564,0
4.42489,-1.75786,0
1.42941,1.49392,0
4.25746,-1.81366,0
4.53908,-1.68191,0
4.30032,-1.7862,0
4.43617,-1.71131,0
4.50001,-1.67762,0
4.5084,-1.74141,0
4.52196,-1.69463,0
1.41108,1.49672,0
1.39315,1.50873,0
4.25223,-1.74653,0
4.311,-1.77626,0
4.3907,-1.74209,0
4.59066,-1.69095,0
4.35344,-1.74253,0
4.14281,-1.79975,0
4.36551,-1.72147,0
4.51,-1.7084,0
4.10374,-1.83272,0
2.26113,-2.38111,0
4.21344,-1.81146,0
4.05229,-1.86628,0
4.04873,-1.87183,0
4.53121,-1.67068,0
4.06665,-1.83897,0
4.46361,-1.7495,0
1.43754,1.50971,0
4.37811,-1.70681,0
4.47564,-1.69376,0
4.56041,-1.64472,0
4.5219,-1.65508,0
4.42283,-1.76119,0
4.24712,-1.81933,0
4.21085,-1.81784,0
1.48565,1.53566,0
4.29238,-1.73343,0
4.41872,-1.72246,0
4.49373,-1.70223,0
4.33021,-1.75445,0
4.46491,-1.71908,0
4.25369,-1.76216,0
4.37377,-1.78223,0
4.51678,-1.70461,0
4.51551,-1.66673,0
4.25795,-1.81526,0
4.19518,-1.77087,0
1.40521,1.50707,0
4.16089,-1.84274,0
2.23596,-2.3987,0
4.55746,-1.7122,0
4.42552,-1.74713,0
4.48497,-1.69292,0
1.37522,1.50494,0
4.16102,-1.82277,0
4.54691,-1.69839,0
1.46457,1.53286,0
4.28034,-1.73646,0
4.05317,-1.86551,0
4.39538,-1.76961,0
1.35488,1.48998,0
4.47381,-1.66716,0
4.0988,-1.83819,0
4.36753,-1.77427,0
1.40341,1.50925,0
4.16053,-1.82473,0
4.39998,-1.7181,0
4.08994,-1.8648,0
4.21382,-1.80906,0
4.20234,-1.81022,0
4.53921,-1.6677,0
4.14304,-1.83112,0
4.33785,-1.78791,0
4.52472,-1.70713,0
4.52361,-1.70528,0
4.17104,-1.79643,0
1.36787,1.48706,0
2.19728,-2.37904,0
1.41506,1.48816,0
4.34331,-1.78972,0
4.56331,-1.68453,0
4.18271,-1.79562,0
4.24057,-1.81061,0
4.58839,-1.69947,0
1.47234,1.51884,0
2.26451,-2.38683,0
3.9773,1.70583,0
4.04103,-1.97844,0
3.9823,-2.0174,0
3.99086,-2.05635,0
4.00042,1.63182,0
3.9846,1.69944,0
4.00461,1.73154,0
4.04927,1.81389,0
3.98371,1.82879,0
3.86332,-2.15185,0
3.98761,1.7236,0
3.94549,-2.11875,0
3.99363,1.82092,0
4.02605,1.73754,0
3.94394,-2.10593,0
4.02657,-2.02473,0
3.89856,-2.0936,0
3.99863,-2.13804,0
4.00692,1.79293,0
4.11649,1.66909,0
4.03324,1.62262,0
3.98282,-2.03843,0
4.00566,1.60404,0
4.07387,1.6435,0
3.96791,-2.09181,0
4.11283,1.75973,0
4.10577,1.73415,0
3.98381,-2.08023,0
3.9305,-2.03786,0
3.98775,-2.06531,0
3.97483,1.76071,0
4.02407,-1.98328,0
3.88906,1.81849,0
4.01818,-2.07042,0
4.06827,1.81138,0
4.03166,1.61958,0
4.02513,1.73119,0
4.07372,1.61665,0
4.01584,1.63012,0
4.03895,1.67635,0
4.05145,1.62984,0
4.03568,1.75943,0
3.95349,1.69001,0
4.11449,1.6131,0
3.93773,1.72382,0
3.91746,-2.15035,0
4.02264,1.66123,0
3.91949,-2.11041,0
4.07292,1.70118,0
3.94283,1.81066,0
3.85672,-2.15636,0
4.05276,-1.96713,0
3.98847,1.81021,0
3.99493,1.79795,0
4.00624,-2.03773,0
3.9337,1.76138,0
4.09206,1.79634,0
3.92576,1.78081,0
3.96413,-2.13014,0
3.95249,-2.14878,0
3.94842,-2.02712,0
3.87728,-2.13221,0
3.90296,-2.13971,0
3.97401,1.64205,0
4.06346,1.70214,0
3.98603,-2.01287,0
3.91745,1.79632,0
1.6633,1.83059,0
3.99152,1.67708,0
3.90132,-2.16688,0
1.63023,1.77196,0
4.0824,1.7676,0
4.05563,1.78787,0
4.02858,1.66954,0
4.00747,1.67251,0
4.07829,1.67194,0
4.02657,-2.09224,0
4.07723,1.78778,0
4.09472,1.77429,0
3.87071,1.82099,0
4.10736,1.77205,0
3.9673,1.72736,0
3.96952,-2.15962,0
4.06187,1.63238,0
3.87034,1.82452,0
3.99902,1.58246,0
3.87874,1.79799,0
3.90752,-2.06859,0
4.06641,1.72722,0
3.8816,1.82059,0
3.92765,-2.0947,0
3.9836,1.71875,0
4.0709,1.64985,0
3.93345,-2.12917,0
4.09882,1.63154,0
4.09881,1.64453,0
4.03343,-2.05651,0
3.88307,1.81794,0
4.06416,1.69907,0
4.02758,1.76223,0
4.00168,1.63491,0
4.09812,1.74198,0
3.97449,-2.03157,0
3.93967,1.82741,0
4.04643,-2.11848,0
4.0918,1.66978,0
3.96915,-2.05597,0
3.98417,1.79696,0
4.06842,1.6524,0
4.04663,-1.99803,0
3.97682,-2.03512,0
3.9886,1.59731,0
4.03319,-2.003,0
3.93827,1.71719,0
4.01517,1.81585,0
3.97758,1.76759,0
4.04559,-2.16398,0
3.95991,-2.07633,0
4.04961,1.69463,0
3.92475,1.76687,0
3.984,1.7513,0
4.10452,1.76701,0
3.93144,1.73362,0
4.02077,-2.14801,0
3.91198,-2.07137,0
4.01867,-1.9224,0
3.99799,-2.08396,0
3.94686,1.78423,0
3.91864,-2.13068,0
4.04159,-1.9466,0
4.02422,1.63311,0
4.018,-2.11612,0
4.11968,1.80692,0
3.8705,1.81373,0
4.07438,1.72981,0
3.92227,1.82914,0
3.98787,-2.0709,0
3.98578,-1.99318,0
4.01343,-2.01957,0
4.06383,1.64187,0
3.87279,1.82081,0
4.00849,-2.15661,0
3.89335,-2.09064,0
1.6663,1.85328,0
4.03262,1.73611,0
3.97972,-2.15594,0
3.88374,1.81533,0
3.95926,1.77811,0
4.22101,1.65956,0
3.79403,-2.24988,0
4.25218,1.70913,0
3.81798,-2.24411,0
4.20231,1.64118,0
4.24218,1.68351,0
3.80941,-2.24271,0
3.82009,-2.22762,0
4.27868,1.68596,0
3.81183,-2.23605,0
4.17077,1.63598,0
4.24847,1.71146,0
4.14887,1.63806,0
4.22328,1.69691,0
4.14159,1.68483,0
3.7906,-2.24012,0
4.13738,1.67058,0
3.84239,-2.22934,0
4.28014,1.67658,0
4.12013,1.63358,0
4.13552,1.62992,0
4.13452,1.64492,0
4.14588,1.62208,0
4.20792,1.65744,0
4.27256,1.66283,0
4.35006,-1.82727,0
4.31744,-1.80057,0
4.409,-1.81492,0
4.30896,-1.81548,0
2.12494,-2.36196,0
1.28517,1.50303,0
4.17493,-1.85271,0
4.48523,-1.78541,0
1.38245,1.51197,0
4.42092,-1.79476,0
1.35244,1.50624,0
4.1941,-1.86951,0
4.11781,-1.86517,0
1.43839,1.54678,0
4.44673,-1.7944,0
4.29282,-1.83598,0
4.44031,-1.76771,0
4.22994,-1.83062,0
4.31488,-1.83281,0
4.41662,-1.78382,0
4.44865,-1.81449,0
4.47376,-1.75628,0
1.44507,1.56394,0
4.11395,-1.89595,0
1.30798,1.50017,0
4.29862,-1.84277,0
1.43707,1.53327,0
1.3326,1.53093,0
4.16565,-1.85469,0
4.44898,-1.79736,0
4.33633,-1.81141,0
4.39881,-1.79595,0
4.05906,-1.90319,0
1.33373,1.54205,0
1.49095,1.57079,0
4.06405,-1.8806,0
4.3256,-1.82328,0
1.28133,1.52271,0
1.27379,1.51944,0
4.31708,-1.8446,0
1.3169,1.51468,0
4.10455,-1.87649,0
4.18456,-1.8521,0
4.25203,-1.8318,0
4.0548,-1.88308,0
4.15734,-1.87323,0
4.14616,-1.87864,0
4.30452,-1.81905,0
1.35742,1.52886,0
1.42221,1.53462,0
4.24527,-1.84227,0
4.33505,-1.81629,0
4.51389,-1.75228,0
4.1222,-1.87468,0
1.37853,1.52076,0
4.45463,-1.81338,0
4.25279,-1.83858,0
1.40069,1.52248,0
4.08842,-1.86811,0
1.36068,1.50718,0
1.43284,1.54726,0
4.21276,-1.84219,0
4.37646,-1.80034,0
4.46029,-1.79321,0
4.22955,-1.86309,0
1.41708,1.52284,0
4.21437,-1.84407,0
4.15757,-1.86548,0
4.40593,-1.78512,0
1.31396,1.53377,0
4.22708,-1.8362,0
1.47694,1.54808,0
4.37029,-1.83118,0
4.52002,-1.77055,0
1.27966,1.50573,0
4.18556,-1.83939,0
1.48986,1.64703,0
1.45331,1.61449,0
1.55301,1.67633,0
3.83682,1.91517,0
1.42696,1.67804,0
1.5127,1.66602,0
1.49994,1.6275,0
4.09064,-1.98289,0
4.17741,-1.98395,0
4.14805,-1.9627,0
4.17941,-1.9929,0
3.83896,1.8764,0
1.44849,1.62783,0
1.42829,1.62985,0
3.75994,1.9426,0
4.07259,-1.97019,0
4.07413,-1.91927,0
1.49215,1.65957,0
4.28348,-1.94372,0
1.43599,1.71225,0
3.78752,1.94016,0
4.27858,-1.86909,0
1.573,1.66574,0
1.49024,1.63868,0
1.41852,1.61914,0
3.79618,1.95426,0
4.06613,-1.91353,0
3.76698,1.94934,0
1.51471,1.63997,0
1.41366,1.57056,0
1.448,1.61409,0
4.26867,-1.93294,0
4.27025,-1.86429,0
4.25658,-2.00975,0
1.54602,1.68778,0
3.86947,1.95275,0
4.16284,-1.89775,0
3.83394,1.85687,0
4.20625,-1.99709,0
4.12542,-1.90622,0
4.23541,-1.95117,0
1.44142,1.61632,0
3.80316,1.89394,0
1.5243,1.62117,0
3.80448,1.92042,0
3.86516,1.93854,0
3.85835,1.85631,0
3.85039,1.86767,0
4.12648,-2.02887,0
1.47783,1.67697,0
4.2439,-1.97761,0
4.16377,-2.02557,0
4.11275,-2.00695,0
4.26222,-1.95406,0
3.79309,1.95475,0
1.52224,1.70679,0
4.18099,-1.96862,0
4.12316,-1.91226,0
3.83325,1.89585,0
4.1628,-1.89338,0
1.46217,1.69378,0
4.14577,-1.99778,0
1.47616,1.69872,0
4.29148,-2.0133,0
4.08975,-1.98956,0
3.84433,1.90929,0
4.2336,-1.98308,0
3.82122,1.9462,0
1.42066,1.58587,0
4.07433,-1.96044,0
4.05939,-2.01539,0
4.19886,-2.01538,0
1.59708,1.7285,0
1.49957,1.59029,0
3.78712,1.90529,0
3.80985,1.90619,0
3.84852,1.9137,0
3.78097,1.90751,0
1.49944,1.6515,0
1.51157,1.6468,0
1.49575,1.59463,0
4.15898,-1.94734,0
4.06951,-1.97517,0
3.78819,1.88679,0
1.44444,1.69692,0
4.13438,-2.00691,0
1.4409,1.67197,0
4.17113,-1.93554,0
4.10057,-1.97042,0
3.84391,1.85082,0
4.20991,-1.93916,0
1.51928,1.67344,0
3.84274,1.92047,0
4.27416,-1.90678,0
3.88411,1.89064,0
3.85612,1.84627,0
1.45073,1.66036,0
3.80247,1.87828,0
3.84841,1.89333,0
3.87212,1.93195,0
1.55221,1.66705,0
4.07529,-2.0236,0
4.08658,-1.96385,0
3.85619,1.84044,0
3.89057,1.88054,0
1.58354,1.68564,0
3.82346,1.89241,0
4.08248,-2.02243,0
4.18038,-2.00692,0
3.83737,1.91483,0
4.09255,-1.95916,0
4.09048,-1.94184,0
3.82208,1.90718,0
4.14099,-1.93756,0
1.57745,1.72669,0
1.42063,1.68647,0
4.10802,-1.94905,0
3.87548,1.95447,0
1.49122,1.58529,0
1.48339,1.71063,0
3.83195,1.85574,0
3.8191,1.94697,0
4.19806,-1.98157,0
4.11608,-2.00596,0
1.4408,1.58596,0
1.57488,1.66711,0
1.48829,1.69814,0
1.45247,1.64027,0
3.92833,1.891,0
4.09003,-2.05202,0
3.93122,1.8742,0
3.89616,1.88002,0
4.08775,-2.0465,0
3.90692,1.87033,0
3.92385,1.83725,0
1.54838,1.72791,0
4.08883,-2.05583,0
1.44608,1.72347,0
1.57088,1.74426,0
3.93939,1.85675,0
3.90796,1.92876,0
4.23631,-2.03045,0
4.20467,-2.04354,0
4.09772,-2.0515,0
3.91981,1.92688,0
4.15727,-2.04022,0
3.92994,1.88359,0
4.14913,-2.03228,0
1.54868,1.74243,0
4.1905,-2.04822,0
1.47129,1.72997,0
3.89637,1.90761,0
3.93866,1.89328,0
1.51237,1.72414,0
3.91019,1.93178,0
3.90962,1.87516,0
1.48242,1.71827,0
1.47106,1.72082,0
4.31207,-1.86395,0
3.71945,1.98727,0
4.3338,-1.8555,0
4.32493,-1.92683,0
4.32102,-1.90064,0
3.74962,1.99121,0
1.3702,1.60854,0
3.76539,1.95785,0
4.32725,-1.92277,0
4.33596,-1.84775,0
1.38467,1.66023,0
3.74895,1.95144,0
1.91211,-2.29684,0
4.33005,-1.8829,0
4.31681,-1.86657,0
3.80116,1.99812,0
4.30246,-1.88072,0
1.40816,1.59612,0
3.79194,1.97069,0
4.28964,-1.90238,0
4.32177,-1.89694,0
1.36474,1.60983,0
3.77373,1.98903,0
3.80373,1.96031,0
4.35047,-1.95608,0
4.29351,-1.8947,0
1.37703,1.56901,0
1.39969,1.62415,0
1.40461,1.61354,0
4.33551,-1.92042,0
1.36863,1.64448,0
1.35018,1.62482,0
3.79428,1.95781,0
1.39214,1.5998,0
4.30537,-1.92961,0
3.70046,1.98088,0
4.33204,-1.8803,0
4.30429,-1.93056,0
3.7902,1.9993,0
3.69788,1.98136,0
4.22283,-2.06016,0
3.94231,1.92527,0
3.9602,1.88729,0
1.58945,1.76026,0
1.59211,1.75422,0
1.47486,1.74516,0
3.94077,1.87572,0
1.49294,1.75335,0
3.95751,1.89758,0
1.46935,1.75115,0
1.54979,1.75179,0
4.07122,-2.07165,0
3.95447,1.87855,0
4.16928,-2.05849,0
4.2149,-2.06525,0
3.90333,1.94266,0
4.11152,-2.10124,0
4.0017,1.8638,0
1.6142,1.79691,0
3.98831,1.83269,0
1.58961,1.77299,0
4.07862,-2.10772,0
3.98675,1.85156,0
4.02941,1.88232,0
1.61833,1.80976,0
1.59255,1.80206,0
1.56765,1.79827,0
1.54548,1.7998,0
4.03439,1.84983,0
1.59486,1.78226,0
4.10887,-2.08701,0
3.97186,1.87881,0
1.56951,1.80888,0
4.13127,-2.09377,0
4.08982,-2.10796,0
1.55691,1.7964,0
1.60837,1.79083,0
4.0763,-2.08016,0
1.66299,-2.15268,0
4.05305,1.85788,0
1.5825,1.81929,0
1.6103,1.8168,0
4.14486,1.77401,0
4.12555,1.77137,0
3.99964,-2.17299,0
4.129,1.72697,0
4.0518,-2.14508,0
3.97114,-2.17037,0
4.12425,1.82158,0
4.13059,1.78366,0
4.14597,1.78791,0
4.13324,1.72788,0
4.06421,-2.1449,0
4.14291,1.75117,0
4.16894,1.76125,0
3.87406,-2.20729,0
3.92377,-2.198,0
3.96405,-2.18496,0
3.91818,-2.19217,0
4.15468,1.72613,0
3.97424,-2.20902,0
3.98437,-2.17789,0
3.92613,-2.21159,0
3.88404,-2.20272,0
4.15304,1.80212,0
1.62925,-2.13276,0
4.09645,-2.14049,0
4.11073,-2.13982,0
4.06124,1.84947,0
1.64994,-2.13645,0
1.62375,-2.1393,0
1.61461,1.82401,0
4.00477,-2.20074,0
1.71166,1.89685,0
4.30849,1.68407,0
3.87729,-2.22283,0
3.87427,-2.258,0
4.29546,1.6916,0
4.26692,1.71396,0
4.34855,1.62947,0
3.78694,-2.27858,0
3.78166,-2.26753,0
3.8283,-2.2856,0
4.32902,1.66147,0
3.80262,-2.26489,0
4.3538,1.65089,0
3.76679,-2.28969,0
3.81207,-2.29853,0
4.37887,1.60229,0
3.80209,-2.29155,0
4.37505,1.65176,0
3.90167,-2.25038,0
4.22541,1.72776,0
3.92595,-2.21341,0
3.91058,-2.241,0
3.90949,-2.2479,0
3.92693,-2.21321,0
4.2177,1.73974,0
4.25053,1.73703,0
4.30578,1.72015,0
4.24437,1.75835,0
4.07096,-2.15848,0
4.06386,1.88377,0
4.06023,1.87276,0
4.04492,1.8869,0
4.17551,-2.10037,0
1.64162,-2.15348,0
4.1208,-2.14269,0
4.10941,-2.14862,0
3.90123,-2.26142,0
3.6407,-2.33357,0
3.56383,-2.29949,0
4.42146,1.56551,0
3.68378,-2.33739,0
3.71901,-2.31362,0
3.60467,-2.32794,0
3.69884,-2.33117,0
3.6759,-2.32883,0
4.38811,1.59107,0
4.40256,1.57073,0
3.58521,-2.31254,0
4.40767,1.57113,0
4.46637,1.5766,0
4.43921,1.54924,0
3.68108,-2.30114,0
4.43881,1.55367,0
4.46832,1.53652,0
3.5623,-2.30035,0
3.5319,-2.35314,0
3.49484,-2.39493,0
4.55602,1.45297,0
3.51273,-2.38574,0
3.53214,-2.36116,0
3.50408,-2.36717,0
4.53887,1.43476,0
3.55087,-2.37761,0
3.53945,-2.34749,0
3.54333,-2.37241,0
3.53987,-2.36142,0
4.52762,1.45884,0
3.54264,-2.32462,0
4.54441,1.45651,0
4.57481,1.45505,0
3.53587,-2.36055,0
3.50446,-2.37007,0
3.50409,-2.39927,0
3.41782,-2.39141,0
4.61363,1.40766,0
4.61955,1.3907,0
4.61277,1.39887,0
3.47485,-2.4021,0
3.42016,-2.38454,0
4.6173,1.38922,0
4.62372,1.42644,0
3.43404,-2.40312,0
3.41766,-2.42144,0
4.66203,1.35112,0
3.43792,-2.41949,0
4.62019,1.34805,0
3.1537,-2.42611,0
4.71972,1.21472,0
4.71456,1.2274,0
3.27645,-2.43503,0
3.23921,-2.4552,0
3.27473,-2.45789,0
4.71439,1.22059,0
4.76852,1.19425,0
4.75406,1.22773,0
3.2831,-2.4436,0
4.76067,1.18064,0
4.75978,1.22871,0
3.56397,-2.39602,0
4.53652,1.46843,0
3.57554,-2.38337,0
3.58728,-2.32794,0
4.71002,1.28153,0
4.70971,1.27761,0
4.74366,1.25654,0
4.74811,1.25988,0
3.30122,-2.42778,0
4.7384,1.2731,0
4.80424,1.16023,0
3.19984,-2.45498,0
3.17608,-2.4459,0
4.77637,1.16172,0
4.79123,1.12487,0
3.0995,-2.47649,0
3.13854,-2.44772,0
4.84047,1.08024,0
3.10799,-2.47519,0
4.83368,1.07565,0
3.09451,-2.48576,0
4.83493,1.05838,0
4.80593,1.09817,0
3.11397,-2.46092,0
4.81556,1.12182,0
4.84587,1.04507,0
4.83448,1.07708,0
3.13186,-2.46442,0
3.19349,-2.46957,0
3.1465,-2.47311,0
4.8175,1.13259,0
3.18249,-2.47486,0
3.16545,-2.48204,0
4.84639,1.11884,0
3.15769,-2.47358,0
4.84997,1.12698,0
4.87619,1.04937,0
4.87559,1.03098,0
4.86414,1.03339,0
3.07775,-2.49097,0
4.87264,1.04506,0
4.85552,0.98629,0
3.06845,-2.48979,0
4.8754,1.09672,0
3.15877,-2.49753,0
4.83023,1.1535,0
4.84143,1.15028,0
3.22022,-2.48834,0
4.81636,1.18677,0
4.89162,0.97276,0
4.90346,0.9948,0
4.87668,0.99386,0
4.9045,0.9764,0
4.88652,1.00162,0
4.90539,0.97724,0
4.88553,1.01253,0
4.92452,0.96529,0
4.87895,0.96448,0
4.90352,0.9076,0
4.90027,0.90713,0
4.91082,0.90329,0
4.94754,0.94185,0
2.93263,-2.49951,0
4.94629,0.86889,0
4.97233,0.9101,0
4.95734,0.9197,0
4.9248,0.88831,0
4.97141,0.92496,0
4.95428,0.91663,0
4.96631,0.89867,0
4.94805,0.86877,0
2.9669,-2.49197,0
2.96602,-2.50308,0
4.92431,0.80701,0
4.97856,0.89083,0
4.92528,0.77762,0
2.87909,-2.49701,0
4.97027,0.84939,0
4.99902,0.87906,0
4.99519,0.86478,0
4.96843,0.80747,0
4.97483,0.82118,0
4.93193,0.83186,0
4.9483,0.81595,0
4.9741,0.8356,0
4.95118,0.85157,0
4.9415,0.84819,0
4.94839,0.79793,0
4.94194,0.79597,0
4.98035,0.90941,0
5.02784,0.83323,0
4.97638,0.80017,0
4.99249,0.82904,0
4.97311,0.78308,0
4.99615,0.78231,0
5.03281,0.83544,0
4.99,0.76321,0
3.04289,-2.49805,0
4.9722,0.97517,0
4.95676,0.96211,0
4.99305,0.90135,0
5.0254,0.85929,0
5.01829,0.85871,0
2.89455,-2.50866,0
5.05207,0.65561,0
5.07469,0.69411,0
5.03093,0.74321,0
4.95363,0.55456,0
4.91703,0.55363,0
5.07241,0.71699,0
4.92397,0.57898,0
4.98303,0.56691,0
4.96001,0.54995,0
4.9742,0.58756,0
5.05436,0.66472,0
4.95532,0.62623,0
4.93378,0.55144,0
4.94189,0.64323,0
4.97368,0.54846,0
4.95284,0.60892,0
4.95035,0.63185,0
4.96652,0.65309,0
5.01743,0.64967,0
5.03653,0.73231,0
5.05228,0.66775,0
4.98156,0.56565,0
5.04628,0.74016,0
5.05928,0.74028,0
5.03417,0.70366,0
4.95938,0.55493,0
4.97052,0.63188,0
4.97536,0.55609,0
4.98404,0.71955,0
5.05642,0.70033,0
4.97097,0.70192,0
4.91607,0.46466,0
5.02312,0.74272,0
5.07,0.73973,0
5.06461,0.74129,0
5.00943,0.69305,0
4.94112,0.63544,0
5.04419,0.7042,0
4.94095,0.64648,0
4.91507,0.5004,0
5.02439,0.68889,0
5.03501,0.65656,0
5.0055,0.7478,0
4.89704,0.46729,0
5.01378,0.64388,0
5.05231,0.65702,0
4.9911,0.65551,0
2.75805,-2.50823,0
4.92129,0.58542,0
4.96647,0.60805,0
5.09725,0.68526,0
5.05982,0.61376,0
4.96255,0.52083,0
2.66243,-2.46996,0
5.04131,0.5919,0
5.01637,0.57562,0
4.89494,0.43308,0
5.04427,0.59335,0
4.9088,0.42132,0
4.89561,0.43078,0
5.06517,0.65762,0
5.01394,0.54695,0
4.96028,0.49847,0
5.0474,0.59054,0
5.04486,0.59288,0
4.88168,0.38843,0
5.08096,0.67832,0
5.07556,0.67393,0
5.00714,0.53654,0
4.97934,0.52199,0
4.98651,0.553,0
4.92572,0.44518,0
4.89231,0.41065,0
5.0976,0.70358,0
4.84115,0.06599,0
4.94298,0.42405,0
3.40236,2.1296,0
4.89577,0.24689,0
5.01822,0.36389,0
5.05793,0.49,0
5.10227,0.34936,0
4.94634,0.40485,0
4.85257,0.23622,0
4.88806,0.08465,0
4.98953,0.39189,0
4.98359,0.21168,0
5.11293,0.46057,0
5.1413,0.40339,0
4.84515,0.21068,0
4.85135,0.19491,0
4.86775,0.2557,0
4.99835,0.24975,0
5.15159,0.34892,0
4.91496,0.30371,0
4.99234,0.21779,0
5.07378,0.40585,0
4.97368,0.20644,0
4.9846,0.41257,0
5.07415,0.53011,0
4.95561,0.20984,0
5.02556,0.44445,0
5.16051,0.39403,0
4.8862,0.35621,0
4.99192,0.19155,0
5.07863,0.29638,0
4.87683,0.12213,0
4.98201,0.22767,0
5.14909,0.42928,0
5.15646,0.40204,0
4.93594,0.25066,0
5.12569,0.3742,0
5.00809,0.46393,0
4.9476,0.38267,0
5.01601,0.36181,0
5.1354,0.46114,0
4.90536,0.38589,0
4.8388,0.04914,0
4.92179,0.20283,0
4.94718,0.16629,0
5.1484,0.38863,0
5.05223,0.25065,0
5.0809,0.39082,0
5.00501,0.20413,0
4.84696,0.12044,0
4.91727,0.20693,0
5.08057,0.35445,0
5.08497,0.41999,0
4.96718,0.41742,0
4.92716,0.16053,0
4.89672,0.36408,0
4.86898,0.17442,0
4.9892,0.42775,0
5.16988,0.36922,0
4.98554,0.47304,0
4.87773,0.17789,0
4.9247,0.22333,0
4.97129,0.43011,0
4.99388,0.22186,0
4.84222,0.09646,0
4.94628,0.39395,0
5.02426,0.47292,0
4.91919,0.13089,0
4.95381,0.33095,0
5.13524,0.41072,0
5.11582,0.41486,0
5.02792,0.36912,0
5.0149,0.34051,0
4.92862,0.35765,0
5.04571,0.34783,0
4.87952,0.11779,0
4.8247,0.05293,0
5.08027,0.29301,0
4.85676,0.09794,0
5.07774,0.29957,0
4.91717,0.31184,0
4.95002,0.19999,0
4.87908,0.32896,0
4.87477,0.20457,0
5.05174,0.37583,0
5.00998,0.35046,0
4.85053,0.21127,0
5.0986,0.35715,0
5.02863,0.26481,0
2.45101,-2.4395,0
4.92371,0.34335,0
5.19656,0.41187,0
4.90373,0.14889,0
5.08883,0.33821,0
5.0614,0.27505,0
4.92196,0.29397,0
4.92782,0.42067,0
5.033,0.47942,0
4.94361,0.34574,0
4.84965,0.10096,0
5.09354,0.50721,0
5.03164,0.5286,0
5.07056,0.40419,0
5.11364,0.33757,0
5.17612,0.43272,0
5.02043,0.41768,0
4.90471,0.35969,0
5.07074,0.31756,0
4.92905,0.12488,0
5.00074,0.41853,0
4.9311,0.34884,0
4.95191,0.30643,0
5.04139,0.28405,0
4.9319,0.16668,0
5.11145,0.41748,0
5.14157,0.36689,0
4.86546,0.10756,0
4.88192,0.29047,0
4.95741,0.45611,0
5.12473,0.32935,0
5.0576,0.30525,0
5.00857,0.43394,0
4.97705,0.30059,0
4.90888,0.36171,0
4.98862,0.34887,0
5.10067,0.33014,0
4.86553,0.23106,0
5.1355,0.46713,0
4.92014,0.40851,0
5.02518,0.2685,0
4.82841,0.11788,0
4.92731,0.33288,0
4.99852,0.43832,0
4.98574,0.26731,0
5.04485,0.32099,0
5.07971,0.48484,0
5.0426,0.27672,0
4.90976,0.14816,0
4.86924,0.21366,0
5.04064,0.30598,0
4.87453,0.30984,0
4.86173,0.15877,0
4.91635,0.1702,0
4.96397,0.46211,0
5.08102,0.43372,0
4.95741,0.33577,0
4.92164,0.11179,0
5.07243,0.43542,0
4.88467,0.27238,0
4.84699,0.11832,0
4.89801,0.22833,0
5.04134,0.46897,0
5.18872,0.40839,0
4.99847,0.34695,0
5.08771,0.28702,0
5.09995,0.32699,0
5.16916,0.36907,0
5.01082,0.21593,0
5.06899,0.38285,0
4.95468,0.38016,0
4.84776,0.20519,0
5.00952,0.33999,0
4.96821,0.39281,0
2.43962,-2.44986,0
5.08547,0.30825,0
4.90445,0.25576,0
4.94108,0.14749,0
5.04416,0.41362,0
5.12616,0.40817,0
2.48049,-2.46456,0
3.38124,2.12055,0
5.13749,0.48564,0
2.49503,-2.46054,0
5.0523,0.56625,0
2.49841,-2.4679,0
5.17118,0.46015,0
5.15834,0.47632,0
3.36884,2.12902,0
5.07278,0.53665,0
5.04515,0.57614,0
5.14412,0.47757,0
5.08651,0.5433,0
5.16638,0.47694,0
5.07315,0.54117,0
4.90294,0.08944,0
4.96714,0.15133,0
4.87027,0.05131,0
4.87113,0.04965,0
4.90431,0.09131,0
4.89555,0.08221,0
4.84867,0.03368,0
5.17986,0.30254,0
4.98159,0.11064,0
4.97683,0.10726,0
5.20528,0.35264,0
5.03136,0.1913,0
5.19005,0.37278,0
5.00421,0.14265,0
5.05694,0.23239,0
4.84353,0.01378,0
5.0477,0.18341,0
4.92029,0.05137,0
4.9166,0.08102,0
4.94605,0.09429,0
5.08565,0.25038,0
4.97938,0.14357,0
5.01512,0.16448,0
4.86945,0.02401,0
4.93253,0.08845,0
5.17295,0.30238,0
4.97578,0.10827,0
5.18433,0.36099,0
4.90714,0.05264,0
5.1175,0.30071,0
5.17973,0.35275,0
4.97108,0.13406,0
5.02192,0.19545,0
5.01107,0.17891,0
4.92933,0.08375,0
5.00377,0.1333,0
5.02856,0.20532,0
2.33884,-2.39567,0
2.33064,-2.39974,0
5.09962,0.24573,0
4.94901,0.08568,0
4.87571,0.05327,0
4.85306,0.02466,0
2.34254,-2.42266,0
4.89973,0.04511,0
5.13588,0.28872,0
4.97041,0.13112,0
5.0066,0.15641,0
5.03701,0.18271,0
2.33245,-2.39144,0
4.91754,0.08795,0
4.9191,0.06039,0
2.34638,-2.42677,0
5.0041,0.13082,0
4.91558,0.05527,0
2.38898,-2.4591,0
5.17775,0.4758,0
5.07896,0.57713,0
5.17702,0.47735,0
5.12446,0.53189,0
5.07467,0.58673,0
3.38798,2.12392,0
2.45446,-2.46194,0
2.45576,-2.46021,0
3.38145,2.13354,0
5.20853,0.41409,0
4.92691,0.04649,0
4.87766,-0.00726,0
5.10121,0.21572,0
4.91044,0.03468,0
4.97158,0.08922,0
4.89518,0.02042,0
5.05741,0.16541,0
4.94777,0.06294,0
5.06703,0.18594,0
4.94604,0.06521,0
5.18355,0.29687,0
4.98544,0.09451,0
5.21481,0.28578,0
4.91847,0.0244,0
5.22269,0.22772,0
5.23381,0.24262,0
5.1296,0.15702,0
4.96636,-0.00987,0
4.9227,0.01491,0
5.02583,0.03891,0
5.18914,0.25244,0
4.90616,-0.03258,0
5.12912,0.16806,0
5.13604,0.20241,0
4.98194,0.0603,0
5.09261,0.09655,0
3.62038,2.0548,0
5.127,0.22485,0
5.13989,0.146,0
5.00167,0.03708,0
4.90765,-0.01695,0
5.18693,0.24216,0
4.92505,-0.02891,0
5.16653,0.16343,0
5.17445,0.22741,0
4.99632,0.06567,0
5.14493,0.15297,0
5.01653,0.06251,0
5.08802,0.10552,0
4.94007,-0.0428,0
5.15296,0.23857,0
5.0172,0.12191,0
5.11313,0.13189,0
5.18162,0.19342,0
5.00234,0.02146,0
4.94302,0.03861,0
5.1444,0.22604,0
5.02402,0.06438,0
5.11496,0.18776,0
5.09398,0.15629,0
5.2363,0.22479,0
5.18751,0.23455,0
4.96344,0.04259,0
5.04198,0.13647,0
4.98358,0.05705,0
5.07129,0.09265,0
3.61846,2.04499,0
5.13484,0.15938,0
5.15082,0.21974,0
5.05359,0.07631,0
2.28408,-2.42168,0
5.02795,0.12433,0
5.22013,0.23615,0
5.01541,0.10523,0
5.05857,0.13876,0
5.22467,0.27285,0
5.18857,0.23189,0
4.95694,0.02345,0
5.19962,0.20288,0
5.03267,0.12453,0
5.16637,0.20626,0
5.24235,0.26091,0
3.51113,2.11461,0
3.51938,2.11825,0
5.08904,0.07956,0
5.01103,-0.03973,0
4.99059,-0.03003,0
5.14258,0.1175,0
5.16429,0.11873,0
5.21074,0.14388,0
5.03366,-0.04274,0
5.03167,-0.02144,0
5.17284,0.13907,0
3.68661,2.05714,0
4.9578,-0.05234,0
5.1942,0.09372,0
3.66169,2.04568,0
5.08565,0.06873,0
5.18107,0.09897,0
5.14382,0.06424,0
5.09332,0.08205,0
5.23606,0.17812,0
5.0963,0.04399,0
5.15634,0.10789,0
5.129,0.03861,0
5.07522,0.07122,0
5.21545,0.11179,0
5.05988,-0.01912,0
3.71827,1.98979,0
5.05165,0.04017,0
5.24702,0.1907,0
5.05652,0.00825,0
4.98076,-0.08275,0
5.18548,0.15747,0
5.13972,0.11333,0
5.13699,0.07589,0
5.08215,0.01447,0
5.13145,0.11405,0
4.96651,-0.03073,0
5.10289,0.05488,0
5.23985,0.17408,0
3.65837,2.05442,0
3.66017,2.04543,0
2.18052,-2.3684,0
4.93624,-0.05181,0
5.12696,0.08587,0
5.01401,-0.01095,0
4.95568,-0.03706,0
5.18105,0.09613,0
4.99013,-0.05424,0
3.68296,2.00897,0
5.19144,0.15055,0
5.10564,0.07288,0
5.20906,0.17924,0
5.02904,-0.03685,0
5.05544,-0.02327,0
5.16969,0.14745,0
3.6869,2.04061,0
4.9501,-0.06362,0
4.95316,-0.032,0
5.26261,0.16905,0
5.13519,0.12989,0
5.1865,0.14746,0
5.12025,0.05906,0
5.00912,-0.03627,0
5.18047,0.1696,0
3.63281,2.05186,0
3.66825,2.07825,0
5.2206,0.29234,0
3.64029,2.0667,0
5.25162,0.21782,0
5.0997,-0.02182,0
5.09156,-0.01193,0
5.14016,0.01172,0
3.7579,2.01409,0
3.73447,2.02408,0
5.03781,-0.06875,0
5.06074,-0.07203,0
5.04099,-0.08124,0
5.15348,0.01623,0
5.05417,-0.06076,0
5.1425,0.0014,0
5.00601,-0.07504,0
5.04327,-0.05531,0
5.14117,0.00667,0
3.72266,2.0458,0
5.13207,0.03526,0
5.15071,0.01927,0
5.06067,-0.0693,0
5.13495,0.02051,0
5.23063,0.11307,0
5.28762,0.11648,0
5.25836,0.10854,0
5.17912,0.03159,0
5.17792,0.07327,0
5.26637,0.14525,0
5.15707,0.05083,0
5.06631,-0.04881,0
5.27888,0.11275,0
3.74112,2.01334,0
5.24757,0.08834,0
5.23007,0.05141,0
3.86595,1.976,0
5.22006,-0.01873,0
5.11715,-0.09274,0
5.21808,0.02272,0
5.23937,-0.02568,0
5.24538,-0.00714,0
5.1791,-0.0448,0
5.06237,-0.08178,0
5.05253,-0.11224,0
5.1559,-0.06983,0
5.1792,0.02056,0
5.21987,0.02743,0
5.26288,0.04934,0
2.06383,-2.33734,0
2.07934,-2.33928,0
5.24376,0.03064,0
5.128,-0.02897,0
5.14233,-0.08803,0
5.15794,-0.02485,0
5.18877,-0.03343,0
2.07626,-2.33864,0
5.25178,0.00502,0
5.19231,-0.07256,0
5.30097,0.00969,0
5.21942,0.02004,0
5.21251,0.01053,0
5.15658,-0.09485,0
5.2375,0.05627,0
5.26665,0.02819,0
5.11473,-0.04424,0
2.07311,-2.34781,0
5.18357,-0.04716,0
5.25694,-0.02754,0
5.24439,0.07031,0
3.8148,2.00523,0
5.14876,-0.08552,0
5.20041,-0.0508,0
5.07831,-0.11272,0
5.24583,-0.01953,0
5.1608,-0.07527,0
5.13364,-0.07886,0
5.20503,-0.05014,0
5.17656,-0.02022,0
3.84118,1.97034,0
5.18445,-0.02144,0
5.26485,0.01156,0
5.14871,-0.03038,0
3.84569,1.99382,0
5.09579,-0.05697,0
5.13826,-0.03844,0
5.19759,-0.06746,0
5.20466,-0.03085,0
5.09891,-0.12902,0
5.1623,-0.00073,0
3.86529,1.97874,0
5.19249,0.03108,0
5.21354,-0.02998,0
5.27431,-0.00866,0
5.13026,-0.02175,0
5.25492,0.00858,0
2.0801,-2.34847,0
3.83981,2.01967,0
5.25648,0.0792,0
5.27004,-0.12671,0
5.25424,-0.07078,0
5.22954,-0.06771,0
5.24478,-0.13986,0
5.20646,-0.12146,0
5.14909,-0.14447,0
5.18878,-0.17259,0
3.95814,1.94536,0
5.23933,-0.13818,0
3.92212,1.96186,0
5.11457,-0.15921,0
5.10257,-0.16154,0
5.12271,-0.15539,0
5.15871,-0.18911,0
5.27218,-0.09613,0
5.18744,-0.11935,0
5.21276,-0.1522,0
5.14406,-0.20356,0
5.2432,-0.13103,0
5.21395,-0.06979,0
5.16575,-0.18937,0
5.28883,-0.11345,0
5.26644,-0.02672,0
5.16966,-0.14944,0
5.24332,-0.07044,0
5.29597,-0.07899,0
5.20038,-0.12019,0
5.28532,-0.11917,0
5.27347,-0.0654,0
5.2431,-0.15118,0
5.20968,-0.13009,0
5.27525,-0.07712,0
5.29038,-0.0953,0
5.16186,-0.14187,0
5.22398,-0.10867,0
5.23881,-0.05633,0
5.20137,-0.09848,0
5.27358,-0.07126,0
5.14485,-0.18063,0
5.28027,-0.05685,0
5.20519,-0.17775,0
5.24243,-0.15255,0
5.18553,-0.19095,0
5.25198,-0.1461,0
5.26976,-0.13631,0
5.19815,-0.18629,0
5.20436,-0.18678,0
5.17423,-0.235,0
5.1697,-0.25216,0
5.25086,-0.18711,0
3.97545,1.92854,0
5.30885,-0.171,0
3.97952,1.91663,0
5.26408,-0.18046,0
5.22811,-0.18836,0
5.16963,-0.2058,0
5.17829,-0.21635,0
5.19389,-0.2004,0
5.16574,-0.22828,0
5.29483,-0.1873,0
5.23253,-0.17387,0
5.22413,-0.21539,0
5.20297,-0.20923,0
4.00933,1.93358,0
5.21921,-0.23292,0
5.29003,-0.16227,0
5.19151,-0.22128,0
3.99803,1.93858,0
5.28568,-0.1917,0
5.18145,-0.20231,0
5.29381,-0.15493,0
4.10905,1.8619,0
5.14941,-0.29592,0
5.26717,-0.28172,0
5.25715,-0.25367,0
5.20563,-0.36278,0
4.12883,1.85083,0
5.19295,-0.3583,0
5.21274,-0.28769,0
5.20353,-0.34184,0
5.1818,-0.32245,0
5.2224,-0.30077,0
5.15761,-0.39016,0
5.22243,-0.35222,0
5.19711,-0.2921,0
5.18251,-0.2731,0
5.17512,-0.36737,0
5.15904,-0.30734,0
5.23047,-0.30086,0
5.20181,-0.25298,0
5.27087,-0.32067,0
5.17001,-0.3124,0
5.2574,-0.2228,0
5.2173,-0.25565,0
5.22651,-0.29719,0
5.25587,-0.3237,0
4.11602,1.85039,0
5.30297,-0.28403,0
5.16246,-0.3654,0
5.17059,-0.34022,0
5.18158,-0.33366,0
5.15662,-0.28106,0
5.16762,-0.32324,0
5.17718,-0.30613,0
5.28671,-0.28588,0
4.11748,1.87604,0
5.16566,-0.27488,0
5.25311,-0.27974,0
5.29494,-0.31299,0
5.27453,-0.22245,0
5.2925,-0.22123,0
4.06666,1.88352,0
4.04674,1.90861,0
5.30352,-0.21027,0
4.03892,1.89952,0
5.30833,-0.18559,0
5.31594,-0.20003,0
5.29926,-0.13762,0
5.30586,-0.1381,0
4.16653,1.818,0
4.18016,1.79558,0
5.33344,-0.27258,0
4.15975,1.80867,0
4.13575,1.87589,0
4.17968,1.8029,0
4.16702,1.82439,0
5.19072,-0.41629,0
5.27576,-0.34219,0
5.23877,-0.40753,0
4.18311,1.81355,0
5.30205,-0.32797,0
5.1155,-0.46545,0
5.10412,-0.43527,0
5.25825,-0.38681,0
5.21674,-0.42819,0
5.16197,-0.41486,0
5.12947,-0.45218,0
5.2757,-0.35597,0
5.12729,-0.40861,0
5.17028,-0.38881,0
5.11706,-0.41915,0
5.13462,-0.46219,0
4.20649,1.82408,0
5.32732,-0.36758,0
5.25954,-0.34444,0
5.14543,-0.46368,0
5.21909,-0.42031,0
5.29455,-0.35759,0
5.21985,-0.40052,0
5.19595,-0.39155,0
5.31133,-0.37878,0
5.12205,-0.43492,0
4.20723,1.80361,0
5.27245,-0.38861,0
4.18429,1.84265,0
4.25103,1.76321,0
5.30081,-0.3382,0
4.25472,1.75078,0
5.30772,-0.36852,0
4.20884,1.83789,0
4.18537,1.8035,0
5.28575,-0.328,0
5.12181,-0.42787,0
5.18015,-0.38098,0
4.16247,1.85573,0
5.34387,-0.30113,0
4.17938,1.85081,0
4.30462,1.78461,0
5.21115,-0.44915,0
5.22898,-0.49331,0
5.11412,-0.54546,0
5.111,-0.56447,0
5.21095,-0.45143,0
5.31415,-0.46265,0
5.25233,-0.45105,0
5.2707,-0.46402,0
5.33013,-0.44372,0
5.15845,-0.46855,0
5.11829,-0.51049,0
5.26135,-0.4108,0
4.27586,1.79715,0
5.13121,-0.48367,0
5.17923,-0.49328,0
5.13074,-0.52445,0
5.23251,-0.44233,0
5.12279,-0.49021,0
5.17109,-0.52177,0
5.11897,-0.48597,0
5.30967,-0.43584,0
5.17001,-0.47819,0
5.26327,-0.43099,0
5.18738,-0.52466,0
5.29397,-0.43519,0
4.25904,1.78653,0
5.19367,-0.5087,0
5.25726,-0.4626,0
5.26337,-0.43475,0
5.18883,-0.46552,0
5.30723,-0.40762,0
5.31072,-0.40633,0
5.18574,-0.48422,0
4.30199,1.78389,0
5.1159,-0.50566,0
5.18261,-0.45088,0
5.13953,-0.49423,0
5.18016,-0.48801,0
5.25694,-0.4298,0
5.16725,-0.4963,0
4.29434,1.7765,0
5.23697,-0.42158,0
5.19144,-0.52142,0
5.23938,-0.44938,0
5.28245,-0.4566,0
5.20026,-0.59367,0
5.25517,-0.57115,0
5.15901,-0.5679,0
5.17703,-0.60343,0
5.14352,-0.5535,0
5.19727,-0.57702,0
5.29864,-0.53099,0
5.27178,-0.53614,0
4.36646,1.70706,0
4.40273,1.67903,0
4.40559,1.67401,0
5.24898,-0.58271,0
5.22405,-0.54499,0
5.25274,-0.57283,0
4.36203,1.69472,0
4.35534,1.68198,0
5.19166,-0.54646,0
5.18885,-0.58457,0
5.2612,-0.52351,0
4.35851,1.68219,0
5.12734,-0.56126,0
4.40007,1.66264,0
5.29958,-0.50674,0
5.32317,-0.53743,0
5.14313,-0.58977,0
5.31224,-0.54471,0
5.30064,-0.53715,0
5.28523,-0.56295,0
5.19507,-0.55445,0
5.29566,-0.55305,0
5.12575,-0.62742,0
5.25569,-0.52132,0
5.22658,-0.51818,0
5.16937,-0.61518,0
4.47954,1.49387,0
5.26286,-0.52577,0
4.33647,1.76002,0
5.33714,-0.48875,0
4.32593,1.7455,0
5.31061,-0.50033,0
5.2679,-0.60966,0
5.12191,-0.6922,0
4.44675,1.6253,0
5.23433,-0.67933,0
5.15844,-0.68624,0
5.18587,-0.66528,0
5.25605,-0.63584,0
4.46412,1.64643,0
4.44572,1.68524,0
5.18145,-0.67655,0
4.46006,1.67771,0
4.46103,1.65104,0
4.50328,1.51871,0
5.20014,-0.68572,0
5.23399,-0.63373,0
5.23628,-0.61429,0
4.50411,1.55938,0
5.1223,-0.68875,0
4.47528,1.65057,0
4.44518,1.66212,0
5.12979,-0.64391,0
5.10188,-0.68418,0
4.4848,1.54959,0
5.13163,-0.6439,0
5.29387,-0.61982,0
5.3066,-0.64435,0
5.27681,-0.65074,0
5.12283,-0.70653,0
5.26,-0.62469,0
4.50101,1.53655,0
5.15965,-0.62242,0
5.23469,-0.60347,0
4.50439,1.54031,0
5.23146,-0.64229,0
4.49989,1.58691,0
5.31464,-0.64406,0
5.18686,-0.67887,0
4.5242,1.52222,0
5.19769,-0.6364,0
5.27331,-0.60447,0
5.14405,-0.67025,0
4.41661,1.66879,0
5.22922,-0.61438,0
4.47437,1.66195,0
4.52442,1.53082,0
5.13648,-0.66018,0
4.4282,1.67063,0
5.26748,-0.59747,0
5.26973,-0.66449,0
4.5113,1.51696,0
5.29437,-0.62049,0
4.45389,1.59049,0
5.15596,-0.66551,0
5.24818,-0.59983,0
5.2601,-0.59893,0
5.30552,-0.61475,0
5.30928,-0.63762,0
4.60209,1.44847,0
4.5965,1.46389,0
4.63378,1.50301,0
5.16613,-0.83219,0
4.60726,1.481,0
5.18613,-0.80944,0
5.11965,-0.83625,0
4.60876,1.47174,0
4.64917,1.50252,0
5.03662,-0.88244,0
5.16429,-0.78888,0
5.19885,-0.84651,0
5.16441,-0.878,0
5.21134,-0.74767,0
5.1258,-0.7837,0
4.57773,1.52745,0
4.65886,1.39552,0
5.10421,-0.77608,0
5.04189,-0.89189,0
4.69356,1.33007,0
4.59787,1.49497,0
4.67168,1.42256,0
5.23503,-0.82428,0
5.12779,-0.88069,0
4.6349,1.51319,0
4.59534,1.46889,0
4.67956,1.38507,0
4.6607,1.45061,0
5.24792,-0.81406,0
5.09721,-0.89584,0
5.13349,-0.82438,0
5.11642,-0.90054,0
5.09784,-0.81649,0
5.02458,-0.91928,0
5.17829,-0.83649,0
4.65354,1.46831,0
4.65157,1.45508,0
5.22802,-0.81286,0
4.55853,1.48602,0
5.25441,-0.85033,0
4.56871,1.53252,0
4.67529,1.32491,0
4.5656,1.52354,0
5.23285,-0.74846,0
5.22828,-0.75991,0
5.20012,-0.81832,0
5.08619,-0.75436,0
5.13045,-0.73568,0
5.09588,-0.84627,0
4.65346,1.39197,0
4.63813,1.43315,0
4.63604,1.49381,0
4.59808,1.47597,0
5.14574,-0.76698,0
5.10237,-0.79028,0
5.19256,-0.70693,0
5.22043,-0.8715,0
5.17447,-0.82354,0
4.5985,1.48309,0
4.66754,1.41287,0
5.06603,-0.88586,0
5.07784,-0.91235,0
5.15588,-0.71356,0
5.07943,-0.86396,0
5.12533,-0.75126,0
5.21872,-0.85338,0
5.14508,-0.8462,0
5.05206,-0.87449,0
5.1834,-0.77338,0
5.17722,-0.80125,0
5.15068,-0.76012,0
5.14414,-0.82652,0
5.19327,-0.7173,0
5.19019,-0.72934,0
5.15396,-0.84846,0
5.14633,-0.84953,0
5.20048,-0.76855,0
5.20419,-0.72383,0
5.11297,-0.76919,0
5.16951,-0.88997,0
5.1583,-0.89162,0
5.18258,-0.72235,0
5.11323,-0.78748,0
5.12524,-0.79659,0
5.20343,-0.80292,0
5.17537,-0.79361,0
5.20916,-0.77874,0
5.23555,-0.84457,0
5.19879,-0.9384,0
5.09966,-1.01766,0
4.75306,1.36738,0
4.76387,1.29902,0
5.03147,-0.9438,0
4.72036,1.37322,0
4.69801,1.3412,0
5.15105,-0.95858,0
5.03328,-0.99093,0
4.70942,1.35559,0
5.09366,-1.00476,0
5.19906,-0.96291,0
4.98187,-1.03453,0
4.71977,1.31631,0
5.07202,-1.03969,0
5.12146,-0.98854,0
5.16008,-0.99007,0
5.09177,-0.94012,0
4.75009,1.36849,0
5.00317,-1.04516,0
4.71875,1.3093,0
5.00809,-0.98382,0
4.67562,1.41583,0
5.13956,-0.91127,0
5.12722,-0.94823,0
4.68065,1.39912,0
5.17005,-0.98954,0
4.75899,1.27101,0
5.07189,-1.03869,0
4.7105,1.40565,0
5.18803,-0.97337,0
5.12257,-1.01721,0
5.06153,-0.98154,0
4.76505,1.27837,0
5.20482,-1.00534,0
4.76114,1.25605,0
4.73181,1.34998,0
4.7453,1.43233,0
4.69316,1.34488,0
5.19966,-0.99288,0
5.09763,-0.97219,0
4.71148,1.31748,0
5.07485,-0.95597,0
5.01775,-1.01543,0
5.08849,-1.02046,0
5.11651,-0.97898,0
5.04621,-1.02229,0
4.75915,1.34479,0
5.11089,-1.03177,0
4.77552,1.2356,0
4.77873,1.23997,0
5.07249,-1.02771,0
4.77926,1.26082,0
5.10841,-1.03029,0
4.6805,1.42308,0
4.77133,1.31758,0
4.79749,1.21331,0
4.98546,-1.06118,0
5.19259,-1.02955,0
5.14265,-1.03236,0
4.98703,-1.06936,0
5.2076,-1.05268,0
4.79696,1.34629,0
4.77921,1.34553,0
4.78368,1.26808,0
5.08359,-1.05029,0
5.18396,-1.02962,0
4.79986,1.2688,0
4.8069,1.28087,0
4.77473,1.29938,0
5.05195,-1.05384,0
5.05553,-1.07211,0
5.18895,-1.05614,0
5.10464,-1.03779,0
5.11575,-1.0364,0
5.19809,-1.04206,0
5.08994,-1.0452,0
5.17783,-1.03776,0
4.7868,1.35778,0
4.80509,1.26878,0
5.17671,-1.0293,0
5.06502,-1.0567,0
4.78726,1.25036,0
4.76532,1.35278,0
4.79514,1.27721,0
5.24206,-0.90751,0
5.21646,-0.93101,0
4.6861,1.43268,0
5.19953,-0.90395,0
4.69601,1.48178,0
5.24482,-0.94435,0
4.67019,1.46655,0
4.72101,1.44034,0
5.20667,-0.88736,0
5.23837,-0.88168,0
5.23247,-0.89183,0
4.71619,1.47152,0
4.68496,1.48187,0
5.22442,-0.89604,0
4.66736,1.44512,0
4.72619,1.45086,0
5.23882,-0.96345,0
4.73324,1.46022,0
5.21946,-0.96617,0
4.7544,1.41337,0
5.23563,-0.96938,0
5.21705,-0.97898,0
5.26922,-0.90561,0
5.25498,-0.82338,0
5.26031,-0.8409,0
4.6825,1.48774,0
5.2412,-0.75225,0
5.26732,-0.91153,0
5.26825,-0.86989,0
5.26279,-0.8332,0
4.70464,1.49782,0
5.05359,-1.1237,0
4.82434,1.26963,0
4.82121,1.31276,0
5.05725,-1.13817,0
5.03903,-1.13907,0
4.98237,-1.12527,0
4.88796,1.10483,0
5.1793,-1.06743,0
5.19992,-1.08506,0
5.098,-1.13198,0
4.88031,1.10245,0
4.84233,1.28641,0
4.83021,1.34217,0
4.82959,1.25025,0
5.11564,-1.08918,0
5.1381,-1.0951,0
4.84875,1.28817,0
4.98363,-1.11924,0
5.16975,-1.07673,0
4.86205,1.15672,0
4.8393,1.17381,0
5.03984,-1.09795,0
4.84878,1.33253,0
5.07193,-1.08786,0
4.86631,1.13682,0
4.82877,1.21977,0
4.81946,1.28771,0
4.85406,1.32177,0
5.08538,-1.10554,0
5.17011,-1.11378,0
5.04776,-1.09342,0
4.86354,1.14977,0
5.11131,-1.09822,0
4.80851,1.32871,0
4.86364,1.13275,0
4.89516,1.066,0
4.85318,1.14656,0
4.98697,-1.10585,0
4.96534,-1.12432,0
5.05263,-1.13001,0
4.9691,-1.12766,0
4.84612,1.23767,0
5.05888,-1.10073,0
5.11258,-1.09849,0
4.85565,1.23192,0
4.86692,1.22976,0
5.00316,-1.11744,0
5.08914,-1.08308,0
5.10182,-1.11793,0
5.12114,-1.08888,0
5.10827,-1.11938,0
5.20848,-1.07494,0
4.81824,1.35832,0
5.21924,-1.02571,0
5.20407,-1.06361,0
4.82088,1.35367,0
4.79885,1.36664,0
5.28136,-0.9341,0
4.90471,1.08172,0
4.88008,1.22199,0
5.20346,-1.1246,0
5.02722,-1.15001,0
4.90907,1.05608,0
4.90587,1.08546,0
4.89919,1.12175,0
5.1145,-1.13873,0
4.88627,1.13835,0
5.21318,-1.10358,0
4.89607,1.13964,0
4.88954,1.11142,0
5.15189,-1.12687,0
5.20551,-1.12033,0
4.86947,1.32143,0
4.87245,1.26544,0
4.86147,1.32126,0
4.86558,1.34111,0
5.2161,-1.09127,0
4.87445,1.32067,0
5.21461,-1.07864,0
4.94789,1.05572,0
4.89681,1.28662,0
4.92463,1.06942,0
4.93074,1.1769,0
4.93393,1.07918,0
5.01342,-1.19223,0
4.90577,1.17566,0
5.06877,-1.18267,0
4.92586,1.10614,0
5.11585,-1.17347,0
4.92895,1.21122,0
4.95192,1.0149,0
4.91747,1.1776,0
4.9319,1.17416,0
5.08391,-1.18897,0
4.92423,1.25694,0
5.14712,-1.18432,0
5.03068,-1.18815,0
4.95862,-1.17096,0
4.92946,1.14887,0
4.92727,1.20266,0
4.94384,1.04192,0
4.9682,-1.1919,0
4.93758,1.14287,0
4.92168,1.14273,0
4.95466,-1.1966,0
5.10165,-1.16809,0
5.04493,-1.18394,0
4.92388,1.14579,0
4.96375,-1.17976,0
5.044,-1.18915,0
4.91205,1.23946,0
4.88909,1.23728,0
5.09143,-1.15789,0
4.90383,1.27615,0
5.12093,-1.16847,0
4.90488,1.19424,0
5.06705,-1.18159,0
4.92271,1.27689,0
4.98545,-1.18668,0
5.03997,-1.17485,0
4.91546,1.21224,0
4.93532,1.10092,0
5.09611,-1.15826,0
4.93284,1.10702,0
4.93806,1.02142,0
5.16948,-1.16629,0
4.91141,1.25188,0
5.10571,-1.18423,0
4.95504,-1.20709,0
5.10603,-1.20568,0
5.18839,-1.13468,0
5.20408,-1.13707,0
4.88734,1.3178,0
4.96428,1.08471,0
5.12911,-1.22182,0
4.95141,-1.22603,0
5.1404,-1.21931,0
4.96269,-1.22878,0
5.05306,-1.22382,0
4.9676,-1.22568,0
4.93506,1.25959,0
4.95423,-1.22394,0
5.09456,-1.21911,0
5.05069,-1.22142,0
4.96701,-1.23089,0
5.07702,-1.20896,0
4.96254,1.02844,0
5.08335,-1.21334,0
5.05732,-1.22781,0
4.95832,0.99801,0
4.94196,1.25238,0
4.95964,1.05697,0
4.94511,1.24179,0
5.03178,0.982,0
4.98653,1.11119,0
4.96978,-1.29045,0
4.99731,1.12734,0
5.01694,1.06083,0
4.94273,-1.30704,0
4.99466,0.92,0
4.98618,1.09461,0
5.01294,1.03664,0
4.97383,1.10399,0
5.00166,-1.23662,0
4.98014,0.95362,0
5.03038,-1.29736,0
5.0082,-1.34313,0
4.93245,-1.28183,0
4.8655,-1.33485,0
5.0087,1.11006,0
5.04198,-1.27133,0
5.00033,-1.34423,0
5.04563,-1.24436,0
5.01075,1.02641,0
4.9843,-1.26646,0
4.98681,1.04934,0
5.08212,-1.3205,0
4.99889,1.13828,0
5.07079,-1.33403,0
4.97866,-1.27728,0
5.08005,-1.32773,0
4.91616,-1.33824,0
4.99287,0.91515,0
5.01157,1.09456,0
4.99826,1.00792,0
4.91796,-1.31846,0
5.01075,1.12458,0
5.01953,1.01299,0
5.05736,-1.26467,0
5.00184,-1.33687,0
5.1031,-1.23611,0
5.10664,-1.24177,0
5.01135,1.01874,0
4.98213,-1.33248,0
5.10842,-1.29141,0
5.11435,-1.28137,0
5.01497,0.87724,0
5.01021,1.04168,0
5.03322,1.00643,0
5.01852,-1.33411,0
4.96922,-1.28302,0
4.89681,-1.34658,0
4.99326,0.94266,0
4.97941,0.96728,0
4.985,1.05684,0
5.08433,-1.2561,0
5.00674,1.06394,0
4.96342,-1.2959,0
4.91787,-1.24384,0
5.02258,1.10094,0
5.00538,-1.24036,0
4.89183,-1.32925,0
5.10372,-1.2488,0
4.89119,-1.34839,0
4.9903,1.14082,0
5.03192,1.01394,0
4.89826,-1.29853,0
5.02687,-1.23507,0
5.00846,-1.25652,0
5.0258,0.98647,0
4.98684,-1.33348,0
4.99566,-1.33077,0
4.96094,-1.29112,0
5.11036,-1.24983,0
4.994,1.1259,0
5.1054,-1.25267,0
5.10058,-1.25578,0
4.91785,-1.24494,0
5.03415,0.87422,0
5.04422,0.88779,0
5.05034,0.94135,0
4.97432,-1.3786,0
4.90586,-1.37548,0
4.96183,-1.3675,0
5.0352,-1.37402,0
5.03826,1.06131,0
5.04667,-1.35034,0
4.86348,-1.37434,0
4.98054,-1.34834,0
5.09545,-1.37264,0
5.05493,0.90608,0
5.04541,0.88068,0
5.09103,-1.35224,0
5.05768,0.83762,0
4.85541,-1.36752,0
4.86228,-1.37665,0
5.05379,1.02551,0
4.95302,-1.366,0
4.98555,-1.36898,0
5.07996,-1.38024,0
4.92909,-1.35972,0
5.06018,-1.34493,0
4.88081,-1.38062,0
5.05756,-1.3732,0
4.85069,-1.37096,0
5.06111,0.86308,0
5.05882,1.07973,0
4.86788,-1.38599,0
5.05648,1.02105,0
4.88461,-1.39848,0
5.06229,0.84194,0
4.85124,-1.39347,0
5.07047,0.82211,0
4.85238,-1.40064,0
5.0747,0.88863,0
5.00597,-1.40851,0
4.97269,-1.40048,0
4.83126,-1.3972,0
5.06374,0.99959,0
5.07453,0.88137,0
4.94518,-1.39487,0
4.94757,-1.3886,0
5.07177,0.75195,0
5.03896,-1.3851,0
5.06401,0.8917,0
5.05791,1.0571,0
5.07465,0.81134,0
5.07792,0.88878,0
5.07109,-1.40299,0
5.0774,0.73997,0
5.05953,0.92805,0
5.0059,-1.38829,0
5.09673,0.73324,0
5.11063,0.71267,0
4.96108,-1.45897,0
4.81217,-1.48565,0
4.79804,-1.47045,0
5.08315,0.60421,0
5.12247,0.79221,0
4.98775,-1.49642,0
4.92547,-1.44065,0
5.09565,0.85661,0
4.91324,-1.45585,0
5.11965,0.81885,0
5.09696,0.88878,0
4.92773,-1.47492,0
5.11128,0.67153,0
4.9483,-1.49414,0
4.93191,-1.47647,0
4.81862,-1.45834,0
4.9432,-1.45655,0
4.97544,-1.44761,0
5.10408,0.87321,0
5.11222,0.70134,0
4.78792,-1.475,0
4.93971,-1.455,0
5.1237,0.93764,0
5.12117,0.75403,0
5.0792,0.62837,0
5.02561,-1.42094,0
4.8649,-1.4275,0
5.11386,0.91482,0
4.99022,-1.42907,0
4.87253,-1.445,0
5.10475,0.65327,0
4.96472,-1.48704,0
5.1134,0.8275,0
5.09139,0.90496,0
4.75803,-1.48283,0
4.79984,-1.42346,0
4.79841,-1.4869,0
4.90606,-1.42778,0
5.12603,0.97303,0
5.10768,0.9038,0
4.74387,-1.48665,0
5.08959,0.79399,0
4.83024,-1.47196,0
4.82532,-1.47483,0
4.87193,-1.44828,0
5.10969,0.72843,0
5.10927,0.66347,0
5.11247,0.58149,0
5.11244,0.84368,0
5.11518,0.7092,0
4.84239,-1.47698,0
4.9006,-1.47483,0
4.80409,-1.45276,0
4.79359,-1.47174,0
5.09106,0.89103,0
5.09908,0.89791,0
4.96338,-1.47663,0
5.09614,0.80333,0
4.98516,-1.48317,0
4.84782,-1.46374,0
5.02603,-1.479,0
5.11937,0.55931,0
5.12608,0.99805,0
5.02922,-1.44709,0
5.0267,-1.42324,0
5.0385,-1.45996,0
5.08906,1.0228,0
5.10062,1.03597,0
5.11972,1.0356,0
5.10912,1.006,0
5.08317,-1.38253,0
5.05695,-1.4167,0
5.10063,1.06853,0
5.12322,1.0052,0
5.12084,1.01841,0
5.13812,0.67396,0
5.13174,0.66195,0
5.14918,0.80954,0
5.13506,0.6856,0
5.15017,0.99281,0
5.15547,0.9658,0
5.13176,0.61712,0
5.12822,0.60717,0
5.14918,0.82147,0
5.1451,0.82858,0
5.14549,0.88249,0
5.13602,0.74888,0
5.12737,0.55498,0
5.13029,0.55879,0
5.14972,0.88787,0
5.13094,0.7063,0
5.1276,0.60964,0
4.79294,-1.50912,0
5.00577,-1.53262,0
4.9998,-1.50374,0
4.90611,-1.53547,0
4.7879,-1.5143,0
4.99125,-1.53006,0
4.76706,-1.49453,0
4.72995,-1.50563,0
5.18193,0.8599,0
5.16322,0.88801,0
4.92997,-1.5041,0
4.97641,-1.51865,0
4.78917,-1.53831,0
5.15837,0.81246,0
5.1476,0.68728,0
4.88739,-1.51457,0
5.00817,-1.53046,0
4.88337,-1.54423,0
5.15347,0.59555,0
5.14398,0.65406,0
4.75869,-1.53636,0
5.17954,0.91359,0
4.79333,-1.51106,0
4.91451,-1.49969,0
5.14969,0.60038,0
4.80337,-1.50232,0
5.16009,0.88755,0
5.1759,0.84945,0
5.1739,0.8005,0
5.17409,0.89978,0
4.80767,-1.51564,0
5.18045,0.82778,0
5.1552,0.60221,0
4.98932,-1.53857,0
4.80807,-1.51549,0
4.7731,-1.50865,0
4.92592,-1.51544,0
5.17946,0.87631,0
4.89827,-1.50254,0
4.95365,-1.51442,0
4.87065,-1.54604,0
5.1574,0.53234,0
4.78551,-1.51685,0
4.69727,-1.50916,0
4.96946,-1.54273,0
4.91716,-1.51145,0
4.87427,-1.51576,0
5.16605,0.68974,0
5.15775,0.72227,0
5.14711,0.62043,0
5.14634,0.56289,0
5.16962,0.88044,0
4.90219,-1.51478,0
4.99703,-1.55259,0
4.76225,-1.56121,0
4.91537,-1.5656,0
5.19295,0.77592,0
5.19556,0.84506,0
4.82123,-1.58721,0
5.21833,0.84693,0
5.21136,0.85455,0
4.86818,-1.56313,0
5.20778,0.83825,0
5.17388,0.64683,0
4.71942,-1.57417,0
4.95983,-1.56995,0
5.19863,0.64616,0
5.20391,0.75578,0
5.20492,0.64931,0
5.1824,0.6572,0
4.74247,-1.54033,0
5.1747,0.66522,0
4.72554,-1.54073,0
5.19065,0.79328,0
4.71591,-1.55574,0
5.18586,0.72472,0
4.89785,-1.56711,0
5.18954,0.69319,0
4.77527,-1.54047,0
5.19317,0.80094,0
4.91029,-1.59036,0
4.89034,-1.55801,0
5.18463,0.61524,0
5.19419,0.8138,0
5.19635,0.83863,0
5.20584,0.66455,0
4.9171,-1.60524,0
4.95322,-1.5999,0
4.8774,-1.57645,0
4.96471,-1.60402,0
5.18565,0.51083,0
4.75991,-1.58482,0
5.18811,0.68832,0
5.16803,0.58036,0
4.76235,-1.58072,0
4.9082,-1.55177,0
4.79689,-1.5746,0
5.19012,0.76934,0
4.94081,-1.56715,0
4.80264,-1.56586,0
4.93274,-1.56004,0
5.17075,0.53678,0
4.82239,-1.58403,0
4.78063,-1.56638,0
4.75231,-1.5494,0
4.81853,-1.5585,0
5.18718,0.53992,0
4.82559,-1.57885,0
4.94334,-1.55267,0
5.18854,0.50928,0
5.2187,0.81962,0
4.84482,-1.57364,0
4.79805,-1.57369,0
5.20319,0.81188,0
5.1743,0.5519,0
5.21974,0.85462,0
4.91169,-1.56404,0
4.88227,-1.57082,0
4.79997,-1.64632,0
4.60211,-1.61743,0
5.24023,0.457,0
4.62738,-1.67305,0
4.86741,-1.70419,0
5.27441,0.72091,0
5.23685,0.63126,0
4.63853,-1.64206,0
5.22176,0.68715,0
4.65095,-1.62764,0
4.68794,-1.60564,0
5.21939,0.7147,0
4.59753,-1.67295,0
4.70689,-1.58834,0
5.24006,0.46248,0
5.23716,0.70813,0
5.22607,0.71794,0
4.72089,-1.61766,0
4.71541,-1.60821,0
4.74219,-1.6428,0
4.88379,-1.71254,0
5.26414,0.63649,0
5.21727,0.40953,0
5.21667,0.73751,0
4.72055,-1.6122,0
4.77802,-1.69101,0
4.88431,-1.70952,0
4.64199,-1.6104,0
5.22775,0.67128,0
4.71629,-1.64459,0
4.61794,-1.65032,0
5.22029,0.44345,0
4.87286,-1.65679,0
4.60028,-1.65328,0
4.64672,-1.67186,0
5.21244,0.65613,0
4.78995,-1.64446,0
5.19535,0.5324,0
4.79808,-1.64512,0
5.23626,0.43684,0
4.80531,-1.66093,0
5.25358,0.63011,0
4.83413,-1.64465,0
4.73867,-1.62847,0
5.20583,0.50067,0
4.6646,-1.59612,0
4.80924,-1.66057,0
4.70153,-1.66505,0
5.22574,0.43817,0
5.28231,0.70951,0
5.23813,0.68059,0
5.25029,0.63558,0
5.20043,0.59026,0
5.2137,0.61373,0
4.88699,-1.63765,0
4.66805,-1.60735,0
4.87132,-1.7113,0
5.22683,0.56779,0
5.24813,0.61408,0
5.20959,0.38302,0
4.73414,-1.65489,0
4.86606,-1.62046,0
5.25789,0.66079,0
5.21632,0.68159,0
5.28101,0.72539,0
4.79818,-1.7074,0
5.22292,0.55979,0
4.64708,-1.66066,0
4.80405,-1.65152,0
4.72262,-1.59567,0
5.2612,0.69927,0
5.26553,0.61785,0
4.8337,-1.70845,0
5.23817,0.75235,0
5.25406,0.59167,0
4.63687,-1.66602,0
5.20561,0.48026,0
4.74743,-1.67424,0
4.68487,-1.66641,0
5.2618,0.65132,0
5.20475,0.59028,0
5.21581,0.44327,0
5.23123,0.4269,0
4.65278,-1.70589,0
5.28019,0.54399,0
4.58769,-1.73425,0
5.24249,0.28918,0
4.80547,-1.72379,0
4.60274,-1.70441,0
5.29093,0.58715,0
5.27282,0.64447,0
5.27533,0.39841,0
4.79321,-1.76482,0
4.67669,-1.71858,0
4.63351,-1.72713,0
4.73386,-1.75097,0
4.66829,-1.7232,0
5.2838,0.62107,0
4.61484,-1.76651,0
4.62735,-1.74038,0
4.75971,-1.75154,0
4.72381,-1.79344,0
4.75398,-1.7836,0
5.29884,0.62233,0
5.27918,0.46661,0
5.2389,0.3625,0
5.28558,0.44583,0
5.24315,0.4641,0
4.71612,-1.76938,0
4.70149,-1.73878,0
5.27118,0.52241,0
5.25156,0.48448,0
4.74563,-1.7405,0
5.30804,0.5337,0
4.63753,-1.71005,0
5.25155,0.29152,0
4.72155,-1.70008,0
4.60426,-1.708,0
5.28639,0.62124,0
4.62412,-1.73682,0
5.2484,0.35106,0
5.25989,0.30596,0
5.2557,0.38838,0
4.78178,-1.71751,0
4.71668,-1.76592,0
4.70482,-1.70885,0
4.78994,-1.78159,0
4.70646,-1.73847,0
4.61003,-1.68951,0
4.77366,-1.73015,0
4.61552,-1.70708,0
5.2943,0.47831,0
4.73628,-1.74975,0
4.73448,-1.70234,0
4.57147,-1.74822,0
4.63593,-1.71166,0
4.72421,-1.73159,0
4.62482,-1.72358,0
4.55165,-1.73591,0
5.2447,0.34028,0
4.79654,-1.79082,0
5.24083,0.4464,0
4.63206,-1.69211,0
5.26105,0.34041,0
4.7113,-1.77734,0
4.7673,-1.77813,0
4.76196,-1.72275,0
4.6609,-1.70804,0
5.28682,0.65744,0
4.82209,-1.73031,0
4.83588,-1.75257,0
4.83224,-1.71991,0
4.8259,-1.75748,0
4.81524,-1.78742,0
5.25118,0.22666,0
5.32603,0.56921,0
5.27177,0.30774,0
5.26491,0.26203,0
4.7442,-1.80136,0
4.64747,-1.77865,0
5.33715,0.61485,0
5.31745,0.50482,0
5.26129,0.25166,0
5.25389,0.27041,0
5.30482,0.44844,0
4.85224,-1.72775,0
5.32203,0.66091,0
5.34174,0.51437,0
4.76251,-1.84059,0
5.35343,0.53245,0
5.30232,0.34442,0
5.28758,0.35933,0
4.62426,-1.83348,0
5.32414,0.51963,0
5.2816,0.29387,0
5.27049,0.22295,0
5.31937,0.39217,0
5.29499,0.33935,0
4.58286,-1.78995,0
4.70504,-1.80259,0
4.58702,-1.81782,0
5.33764,0.53841,0
5.28765,0.23851,0
4.76115,-1.84292,0
5.31777,0.49455,0
5.3068,0.40295,0
5.27149,0.20395,0
5.29483,0.38878,0
5.33009,0.44307,0
4.75055,-1.83807,0
5.35179,0.52815,0
5.28758,0.30162,0
4.67409,-1.80535,0
4.5948,-1.81826,0
4.60557,-1.81348,0
5.3341,0.48814,0
5.28792,0.30221,0
4.56771,-1.79605,0
5.29422,0.29418,0
4.58371,-1.79531,0
5.33864,0.47529,0
4.5412,-1.80067,0
5.31555,0.42679,0
4.69482,-1.84922,0
5.28754,0.33313,0
5.34341,0.48119,0
5.31576,0.46373,0
5.31996,0.49287,0
4.71295,-1.81304,0
4.53835,-1.7938,0
4.5721,-1.789,0
4.75387,-1.85143,0
5.29044,0.31989,0
4.58009,-1.79759,0
4.64845,-1.82703,0
5.28774,0.27472,0
4.58229,-1.81744,0
5.29204,0.37649,0
5.27762,0.24915,0
5.35683,0.5714,0
5.3539,0.57254,0
4.79248,-1.82924,0
4.80174,-1.82874,0
5.29749,0.26571,0
5.28986,0.2197,0
5.27234,0.16438,0
5.36221,0.48261,0
4.6224,-1.84713,0
4.64584,-1.85024,0
5.28834,0.14749,0
5.30926,0.2384,0
4.59918,-1.84925,0
4.52302,-1.81398,0
5.37706,0.4958,0
5.2876,0.15535,0
5.32374,0.31071,0
4.75098,-1.87534,0
5.31892,0.31037,0
4.52489,-1.82359,0
4.6585,-1.84598,0
4.5906,-1.84145,0
4.51046,-1.80952,0
5.32815,0.33412,0
5.30561,0.2348,0
5.35907,0.4856,0
4.68052,-1.85197,0
5.34114,0.3528,0
4.64586,-1.86596,0
5.26681,0.07891,0
4.58715,-1.84907,0
5.38068,0.51812,0
4.62287,-1.84844,0
5.37723,0.51419,0
5.35126,0.47183,0
4.65817,-1.8507,0
4.66673,-1.84998,0
4.73982,-1.87832,0
5.29105,0.22243,0
4.49997,-1.81874,0
5.34871,0.45022,0
4.65103,-1.87627,0
4.62288,-1.86298,0
5.34267,0.3377,0
5.28035,0.07925,0
4.62277,-1.86738,0
5.27586,0.07203,0
4.50789,-1.83799,0
5.31694,0.24565,0
4.49828,-1.8316,0
5.38747,0.50428,0
4.62752,-1.87073,0
4.56202,-1.84493,0
5.386,0.46249,0
5.35535,0.38919,0
5.38412,0.47962,0
4.58436,-1.86408,0
5.30632,0.14294,0
5.39499,0.4272,0
4.50295,-1.86263,0
4.67487,-1.9065,0
4.45861,-1.85047,0
5.29832,0.10833,0
5.30722,0.15807,0
4.52092,-1.85405,0
5.30301,0.11356,0
4.4786,-1.84697,0
4.49072,-1.85009,0
5.37906,0.40316,0
5.28206,0.0473,0
4.54075,-1.87115,0
5.37334,0.35142,0
4.46688,-1.83942,0
4.6826,-1.8932,0
5.28843,0.05128,0
4.51827,-1.86396,0
5.33068,0.2403,0
5.31197,0.14865,0
4.67228,-1.90369,0
4.63142,-1.88131,0
4.46362,-1.84274,0
5.32873,0.20218,0
5.30319,0.1055,0
5.38041,0.38388,0
4.62234,-1.87805,0
5.28984,0.04455,0
4.61217,-1.90355,0
4.71064,-1.92978,0
5.35018,0.24713,0
4.63993,-1.91144,0
5.36605,0.31615,0
5.4061,0.43701,0
5.35896,0.28379,0
4.48469,-1.87422,0
5.34936,0.21845,0
4.55342,-1.89128,0
5.32765,0.16249,0
5.29782,0.05983,0
4.45743,-1.86783,0
4.6935,-1.93506,0
4.65562,-1.9259,0
5.37842,0.3355,0
5.37454,0.32525,0
5.32755,0.15594,0
5.29499,0.03229,0
5.36992,0.28676,0
4.53422,-1.88615,0
5.34106,0.1989,0
5.31733,0.11157,0
4.48058,-1.87178,0
4.53573,-1.89004,0
5.362,0.27325,0
5.38751,0.35575,0
4.48287,-1.88221,0
4.40618,-1.86196,0
4.55652,-1.91462,0
4.63448,-1.93624,0
4.36965,-1.8553,0
4.69228,-1.95678,0
5.39434,0.35384,0
5.3741,0.26887,0
5.38292,0.31102,0
4.37065,-1.852,0
5.38951,0.31604,0
4.57236,-1.90953,0
5.34794,0.18808,0
4.70113,-1.95086,0
4.45376,-1.87504,0
4.47723,-1.87976,0
4.59416,-1.92385,0
4.66242,-1.93926,0
5.39716,0.36409,0
4.36907,-1.85123,0
4.6535,-1.97709,0
5.32618,0.08232,0
5.387,0.22503,0
4.59738,-1.93998,0
5.32723,0.03976,0
5.36734,0.20209,0
4.62624,-1.9986,0
4.45733,-1.93126,0
4.47603,-1.94209,0
5.43697,0.33266,0
5.4199,0.35691,0
4.49936,-1.95486,0
4.52173,-1.94135,0
4.4524,-1.93248,0
5.37266,0.18212,0
5.35617,0.09904,0
4.59225,-1.9539,0
4.43013,-1.89215,0
5.41047,0.2856,0
5.38544,0.20908,0
4.42332,-1.87871,0
5.416,0.31078,0
4.56713,-1.97283,0
4.46342,-1.93051,0
4.60346,-1.97341,0
5.31363,-0.02877,0
4.49907,-1.93581,0
5.39236,0.20563,0
4.51591,-1.93956,0
4.37238,-1.88597,0
4.38484,-1.87865,0
5.33665,0.07293,0
5.38741,0.28389,0
4.62535,-1.98815,0
5.35035,0.11571,0
4.60883,-1.95499,0
5.34566,0.12347,0
5.42601,0.32792,0
4.48954,-1.9432,0
4.45206,-1.89632,0
5.30737,-0.0361,0
4.48487,-1.93003,0
4.63536,-1.98466,0
4.64052,-1.98444,0
5.37665,0.18991,0
4.57589,-1.94576,0
5.38443,0.17961,0
4.5437,-1.94533,0
4.40325,-1.8939,0
4.47838,-1.93593,0
4.63957,-1.98632,0
4.65067,-1.98539,0
5.37138,0.16218,0
4.40155,-1.86969,0
4.45008,-1.90288,0
4.53703,-1.96811,0
5.37849,0.16297,0
4.47324,-1.90803,0
5.43859,0.34452,0
4.36571,-1.8756,0
4.62861,-1.99566,0
4.5117,-1.98339,0
5.35552,0.06901,0
4.39491,-1.93042,0
5.42701,0.28421,0
5.42292,0.21292,0
4.486,-1.97432,0
5.41287,0.20042,0
4.49678,-1.97145,0
4.38347,-1.94434,0
5.38677,0.13246,0
5.38162,0.10835,0
5.42428,0.262,0
5.39004,0.12031,0
5.40155,0.21039,0
5.36688,0.09745,0
5.31034,-0.06981,0
5.43395,0.27787,0
5.41958,0.23507,0
5.39967,0.19697,0
5.38356,0.13003,0
5.37427,0.08586,0
4.50902,-1.96723,0
4.50091,-1.96961,0
4.56235,-1.99759,0
4.56648,-1.99943,0
5.44842,0.30598,0
5.36134,0.10027,0
5.3974,0.14917,0
4.504,-1.99649,0
4.37919,-1.94373,0
4.56116,-2.00343,0
5.34558,0.0266,0
5.38099,0.1479,0
4.40153,-1.93067,0
4.44179,-1.95171,0
4.47571,-1.98724,0
5.39946,0.11788,0
5.38774,0.08148,0
5.42481,0.20821,0
5.33631,-0.03877,0
5.41977,0.17335,0
4.48973,-1.99576,0
4.52758,-2.01586,0
4.48448,-1.99094,0
5.37443,0.07316,0
5.41598,0.17104,0
5.42678,0.18181,0
4.47325,-1.99862,0
5.38339,0.08852,0
5.39345,0.08922,0
5.40154,0.14825,0
4.56858,-2.02392,0
4.65875,-1.97976,0
4.49224,-2.04338,0
4.55508,-2.03729,0
5.41351,0.06705,0
4.45137,-2.07309,0
5.36343,-0.01519,0
4.34973,-1.96485,0
5.4228,0.06515,0
5.43614,0.1793,0
4.44818,-2.06254,0
4.41805,-2.00766,0
5.46084,0.1499,0
4.32182,-2.0128,0
4.53002,-2.02777,0
4.36276,-2.02906,0
4.51719,-2.0831,0
5.43066,0.12628,0
5.45924,0.12052,0
5.44489,0.09844,0
4.38529,-2.00409,0
5.37339,-0.03696,0
5.39732,0.05563,0
5.33708,-0.11447,0
4.52184,-2.10251,0
4.51491,-2.04389,0
5.34269,-0.08659,0
5.42216,0.05225,0
4.38514,-2.01681,0
4.54656,-2.04969,0
5.32811,-0.13748,0
4.37756,-2.02668,0
5.3381,-0.06719,0
5.39471,0.00053,0
4.44447,-2.05781,0
5.41753,0.06323,0
4.47483,-2.0064,0
4.5087,-2.04007,0
5.47859,0.19205,0
5.44897,0.16902,0
5.38446,0.02944,0
5.34412,-0.12683,0
5.36033,-0.07105,0
4.30079,-1.99039,0
5.47569,0.16101,0
5.47787,0.17844,0
4.32344,-2.00386,0
4.43782,-2.03773,0
4.44183,-2.05108,0
4.5049,-2.04017,0
5.42921,0.08369,0
4.47173,-2.07477,0
5.31656,-0.14782,0
5.41801,0.04218,0
5.34349,-0.12485,0
5.35929,-0.02743,0
5.40199,0.04209,0
4.54298,-2.03464,0
4.44873,-2.01438,0
4.50462,-2.02539,0
4.4076,-2.03202,0
4.3269,-2.028,0
4.42347,-2.11606,0
4.38731,-2.08312,0
4.29861,-2.04123,0
4.39605,-2.08207,0
4.35703,-2.06287,0
5.34627,-0.15584,0
5.39628,-0.08068,0
5.4529,0.06107,0
4.45565,-2.11465,0
4.39004,-2.0779,0
4.26311,-2.04645,0
5.48313,0.1362,0
5.39599,-0.07684,0
4.49576,-2.10679,0
4.2743,-2.02333,0
5.43904,0.00488,0
5.38166,-0.10708,0
4.32177,-2.03862,0
5.34915,-0.19057,0
5.4013,-0.03465,0
4.40948,-2.08566,0
4.28178,-2.0506,0
4.30938,-2.04031,0
4.3385,-2.03298,0
5.46012,0.09577,0
4.27327,-2.02809,0
5.41983,-0.03408,0
4.37229,-2.10174,0
5.4892,0.11947,0
4.36517,-2.09271,0
5.47783,0.09426,0
4.38244,-2.05784,0
4.46065,-2.08967,0
5.41677,-0.01515,0
4.33528,-2.04391,0
5.46656,0.12851,0
4.34503,-2.05228,0
4.49487,-2.11253,0
5.45378,0.05421,0
4.33816,-2.06189,0
4.27377,-2.05432,0
4.47193,-2.11023,0
4.29123,-2.03181,0
4.38531,-2.08236,0
4.46314,-2.08436,0
4.26489,-2.04628,0
4.33187,-2.04063,0
4.41029,-2.10127,0
5.36085,-0.16691,0
5.47318,0.10136,0
4.3096,-2.08468,0
5.43175,-0.05782,0
4.30698,-2.0799,0
5.47103,0.0491,0
5.46814,0.04999,0
4.36,-2.11632,0
4.40093,-2.11819,0
4.30654,-2.07993,0
4.41977,-2.14664,0
5.41756,-0.09193,0
5.43987,-0.01654,0
5.41792,-0.07264,0
5.45211,-0.00583,0
4.28542,-2.07333,0
5.4384,-0.01384,0
5.44599,-0.0308,0
4.45336,-2.16134,0
5.48585,0.08663,0
4.3158,-2.08637,0
4.26121,-2.11083,0
4.3577,-2.13677,0
5.41422,-0.10351,0
5.37816,-0.1845,0
4.4252,-2.15795,0
5.36876,-0.21799,0
5.47785,0.02895,0
5.48901,0.02104,0
4.36231,-2.15014,0
4.33283,-2.12171,0
5.32568,-0.31873,0
5.46161,-0.06066,0
5.41488,-0.12935,0
4.28878,-2.11698,0
4.41145,-2.17245,0
5.48644,-0.00072,0
5.46004,-0.06197,0
4.30702,-2.12199,0
4.21741,-2.10749,0
5.42912,-0.09324,0
5.44065,-0.05487,0
5.48452,-0.01983,0
5.37343,-0.20732,0
5.37676,-0.18342,0
4.34666,-2.14313,0
4.40504,-2.19697,0
4.28342,-2.10812,0
4.27977,-2.10159,0
4.29081,-2.11358,0
4.26747,-2.08956,0
5.4731,0.02452,0
5.49658,0.01788,0
4.30121,-2.14509,0
5.47828,0.03219,0
4.32697,-2.11818,0
5.37774,-0.18108,0
4.25532,-2.07539,0
4.26208,-2.08017,0
5.3768,-0.22726,0
5.49133,0.02479,0
4.40643,-2.19326,0
5.476,-0.02498,0
4.41255,-2.16772,0
4.36146,-2.15406,0
4.41271,-2.18346,0
4.19139,-2.07729,0
5.36992,-0.24409,0
5.40422,-0.16589,0
5.36943,-0.20059,0
5.36157,-0.26455,0
5.35309,-0.31794,0
5.51082,-0.03511,0
4.17394,-2.14366,0
4.2021,-2.15718,0
5.36692,-0.28733,0
4.19601,-2.13539,0
4.31243,-2.19037,0
5.43853,-0.17127,0
4.20652,-2.1339,0
4.17785,-2.11934,0
5.4083,-0.19714,0
5.51899,-0.03751,0
5.46811,-0.08775,0
5.35563,-0.28968,0
4.31977,-2.18714,0
5.44419,-0.14707,0
4.34172,-2.22539,0
5.36321,-0.31475,0
5.52089,-0.03513,0
5.43267,-0.13366,0
5.37783,-0.26949,0
5.49954,-0.02348,0
5.35703,-0.35142,0
4.35517,-2.21579,0
5.39932,-0.20508,0
5.46963,-0.10368,0
5.48376,-0.03087,0
5.48015,-0.11962,0
4.2432,-2.1806,0
4.17075,-2.13865,0
5.43111,-0.20661,0
5.42158,-0.22639,0
5.45239,-0.13416,0
4.22353,-2.13854,0
5.50528,-0.0576,0
4.27615,-2.18697,0
5.40979,-0.18027,0
5.36242,-0.30989,0
5.41615,-0.19279,0
4.33684,-2.18588,0
4.36405,-2.21887,0
4.26315,-2.16629,0
5.43108,-0.21082,0
4.23209,-2.12533,0
5.42383,-0.14869,0
4.21117,-2.16139,0
4.33491,-2.18707,0
4.33797,-2.20142,0
5.48171,-0.03317,0
4.23425,-2.16183,0
4.31989,-2.16447,0
4.3389,-2.19692,0
4.30732,-2.23726,0
4.3481,-2.25689,0
4.27625,-2.21568,0
4.17349,-2.16603,0
4.37062,-2.22025,0
4.29055,-2.21229,0
5.45073,-0.27456,0
4.09878,-2.27065,0
5.34033,-0.39815,0
5.41533,-0.25366,0
4.25161,-2.334,0
5.36701,-0.47023,0
4.1425,-2.15854,0
4.10394,-2.17524,0
4.26759,-2.32995,0
4.25389,-2.30186,0
4.08539,-2.17841,0
5.41228,-0.3523,0
4.10379,-2.26218,0
5.42097,-0.32975,0
5.44291,-0.34084,0
4.27886,-2.23733,0
4.23228,-2.33226,0
4.14623,-2.25024,0
4.1446,-2.20749,0
4.12272,-2.18078,0
5.43405,-0.31531,0
5.32744,-0.53431,0
4.25148,-2.36459,0
5.36614,-0.36296,0
4.26267,-2.33092,0
4.18152,-2.32104,0
5.43852,-0.32116,0
4.01655,-2.21385,0
5.42555,-0.34985,0
4.23312,-2.288,0
5.35727,-0.42255,0
5.34914,-0.50802,0
5.40615,-0.41362,0
5.49704,-0.24295,0
5.40817,-0.41607,0
4.1756,-2.18331,0
4.23525,-2.26648,0
4.02191,-2.23173,0
5.44392,-0.31979,0
4.11891,-2.21974,0
4.13582,-2.15739,0
4.12111,-2.16733,0
5.30368,-0.56637,0
4.13052,-2.18422,0
4.17379,-2.18389,0
4.08805,-2.25204,0
4.17406,-2.3159,0
4.13206,-2.22792,0
5.42347,-0.36884,0
4.23747,-2.20989,0
4.04149,-2.24861,0
4.27604,-2.33336,0
4.17888,-2.21692,0
4.08841,-2.1807,0
4.05377,-2.23878,0
5.47756,-0.23052,0
4.21122,-2.21511,0
4.12299,-2.20878,0
4.17738,-2.21495,0
4.22599,-2.31685,0
5.23393,-0.69782,0
4.18164,-2.3012,0
5.46033,-0.33658,0
4.14944,-2.24662,0
5.33412,-0.474,0
5.30464,-0.56291,0
4.03636,-2.24017,0
4.13755,-2.2751,0
5.36254,-0.49862,0
5.47098,-0.23287,0
4.10738,-2.28002,0
4.10751,-2.22207,0
4.20101,-2.29075,0
5.22975,-0.68762,0
4.20412,-2.25469,0
4.25356,-2.30606,0
4.10838,-2.1993,0
4.17205,-2.22822,0
4.14041,-2.2445,0
5.44751,-0.30989,0
4.25804,-2.31307,0
5.42455,-0.37916,0
4.27914,-2.27653,0
5.39708,-0.38343,0
4.2386,-2.33731,0
4.11472,-2.20845,0
4.07663,-2.16717,0
4.11413,-2.27818,0
4.07785,-2.19519,0
5.43956,-0.30303,0
5.31762,-0.55877,0
4.17526,-2.30967,0
5.34996,-0.51402,0
4.06096,-2.22533,0
4.14472,-2.30226,0
5.40284,-0.3412,0
4.04699,-2.22199,0
4.18829,-2.27972,0
5.40257,-0.40347,0
5.41693,-0.26187,0
4.24535,-2.26899,0
4.15344,-2.16355,0
5.35264,-0.50739,0
4.05898,-2.24413,0
5.34426,-0.49374,0
4.2107,-2.24312,0
4.08944,-2.24157,0
5.39885,-0.27839,0
5.41454,-0.37617,0
4.20175,-2.24207,0
5.35722,-0.49746,0
4.04904,-2.23333,0
4.05438,-2.1818,0
4.16897,-2.17719,0
3.99992,-2.23164,0
5.34064,-0.44797,0
5.33165,-0.41032,0
4.08392,-2.16287,0
4.09113,-2.27748,0
5.34985,-0.40254,0
5.43531,-0.23847,0
4.09599,-2.25923,0
5.40383,-0.37733,0
5.39585,-0.32997,0
4.25418,-2.25783,0
5.41398,-0.49462,0
4.05063,-2.32153,0
3.98084,-2.24099,0
5.42479,-0.47811,0
5.41717,-0.44543,0
3.96523,-2.2656,0
4.20003,-2.41565,0
4.02344,-2.26571,0
4.05408,-2.27391,0
5.46179,-0.371,0
5.45495,-0.40712,0
4.20032,-2.38868,0
5.45687,-0.38445,0
4.11502,-2.33255,0
4.12665,-2.36822,0
4.101,-2.31313,0
4.18807,-2.37061,0
4.07747,-2.29232,0
5.23975,-0.71343,0
4.10066,-2.32036,0
5.31642,-0.59942,0
4.16087,-2.36699,0
4.21133,-2.38608,0
5.41632,-0.4911,0
4.09467,-2.34229,0
4.08205,-2.28557,0
5.3565,-0.52001,0
5.24283,-0.72856,0
5.48837,-0.29115,0
4.07732,-2.33322,0
5.32929,-0.61057,0
5.49468,-0.35646,0
4.066,-2.27296,0
5.35554,-0.5145,0
5.44191,-0.44394,0
3.96609,-2.27781,0
5.37773,-0.53515,0
4.01224,-2.27159,0
5.43118,-0.4429,0
4.02569,-2.26694,0
4.09501,-2.29081,0
4.00052,-2.28998,0
4.14055,-2.34836,0
5.48115,-0.36023,0
4.06968,-2.29807,0
4.15404,-2.33894,0
5.36919,-0.50707,0
5.24008,-0.71208,0
3.94377,-2.23915,0
4.17251,-2.34234,0
5.37257,-0.52824,0
5.42737,-0.39897,0
5.26037,-0.68296,0
5.24995,-0.70808,0
4.15358,-2.34728,0
3.99963,-2.27436,0
4.20483,-2.36251,0
4.08854,-2.34942,0
5.36576,-0.54499,0
4.18679,-2.38325,0
5.36123,-0.52234,0
4.08884,-2.34318,0
4.02255,-2.31436,0
4.0454,-2.32652,0
5.38178,-0.53233,0
5.30029,-0.67598,0
4.01857,-2.30692,0
5.38102,-0.54925,0
5.36173,-0.57097,0
4.12748,-2.32567,0
5.32553,-0.56791,0
5.45888,-0.37862,0
4.05309,-2.30787,0
5.45454,-0.41344,0
4.07879,-2.31301,0
5.43328,-0.4506,0
4.18809,-2.41541,0
4.19513,-2.39603,0
5.41153,-0.45543,0
4.07786,-2.30843,0
4.27778,-2.36637,0
4.26181,-2.36888,0
4.34032,-2.27316,0
4.30334,-2.329,0
4.27691,-2.35987,0
5.52085,-0.29027,0
4.10346,-2.37453,0
5.4782,-0.45225,0
4.15883,-2.42211,0
5.34998,-0.61504,0
5.51575,-0.34706,0
5.52759,-0.34304,0
3.93949,-2.26566,0
5.40919,-0.50638,0
4.15249,-2.40501,0
3.9576,-2.27912,0
5.43567,-0.46779,0
5.30877,-0.67842,0
4.04471,-2.33317,0
5.31069,-0.69051,0
5.34014,-0.62009,0
4.1022,-2.38366,0
5.5199,-0.33357,0
5.37044,-0.62093,0
5.49216,-0.39433,0
5.43883,-0.51264,0
5.2902,-0.72439,0
5.52163,-0.37821,0
5.47436,-0.44853,0
5.48056,-0.41628,0
5.44286,-0.5017,0
5.42709,-0.49487,0
5.49112,-0.42261,0
5.45568,-0.48359,0
5.26506,-0.77222,0
5.27797,-0.71817,0
5.49344,-0.37292,0
3.92065,-2.25889,0
5.39437,-0.57273,0
5.50935,-0.36717,0
5.47047,-0.43689,0
5.52803,-0.36515,0
5.4376,-0.53631,0
5.4585,-0.51121,0
3.99747,-2.34153,0
4.06721,-2.3741,0
4.12513,-2.4312,0
5.47457,-0.47573,0
3.9126,-2.28384,0
5.41849,-0.56237,0
5.45356,-0.49764,0
5.52855,-0.39097,0
5.42418,-0.56108,0
3.92814,-2.29613,0
5.3977,-0.58645,0
5.34776,-0.66298,0
4.13228,-2.41212,0
3.99226,-2.32157,0
4.094,-2.3954,0
3.99135,-2.33575,0
4.0937,-2.38866,0
5.41777,-0.55313,0
5.52032,-0.41826,0
4.00842,-2.34371,0
5.51824,-0.40615,0
4.08004,-2.39295,0
3.91651,-2.2754,0
5.53531,-0.39716,0
5.50749,-0.4398,0
5.53167,-0.33657,0
3.97752,-2.35749,0
5.40591,-0.67886,0
3.98472,-2.3524,0
5.47263,-0.57458,0
3.93352,-2.34892,0
5.40952,-0.62056,0
5.49407,-0.56254,0
5.46595,-0.52968,0
5.51868,-0.52288,0
4.11339,-2.49856,0
5.40102,-0.70631,0
5.28995,-0.76554,0
5.46641,-0.56781,0
4.01264,-2.36258,0
4.10674,-2.43548,0
4.05766,-2.40487,0
5.53787,-0.49491,0
3.88713,-2.2881,0
5.46209,-0.51873,0
5.31852,-0.7996,0
5.31725,-0.82471,0
5.2911,-0.81147,0
4.1169,-2.44017,0
5.41173,-0.61979,0
3.85395,-2.30242,0
3.94386,-2.36858,0
5.48192,-0.52187,0
5.28285,-0.87485,0
5.29808,-0.7878,0
5.34386,-0.78239,0
5.28802,-0.83055,0
5.36729,-0.7133,0
4.09709,-2.43596,0
4.05539,-2.41756,0
3.88888,-2.32765,0
5.3521,-0.73281,0
4.09919,-2.46043,0
5.41329,-0.67816,0
3.87533,-2.32208,0
4.12775,-2.46138,0
5.50971,-0.55304,0
5.38063,-0.63164,0
5.30519,-0.76533,0
5.34521,-0.70769,0
3.94066,-2.36463,0
5.39641,-0.71783,0
5.43415,-0.55795,0
3.90571,-2.30758,0
5.32985,-0.78113,0
3.90939,-2.34138,0
5.34784,-0.68654,0
5.50655,-0.49617,0
5.40721,-0.63177,0
3.92587,-2.30514,0
5.48026,-0.54156,0
5.31332,-0.79133,0
4.06226,-2.39599,0
5.2832,-0.80332,0
4.03407,-2.41634,0
3.87554,-2.30566,0
5.40757,-0.66445,0
5.27558,-0.86995,0
5.4781,-0.50683,0
5.48384,-0.56213,0
5.35264,-0.70223,0
5.37014,-0.74563,0
5.47581,-0.6041,0
5.45767,-0.55402,0
3.89171,-2.29013,0
5.40559,-0.70003,0
5.32938,-0.77499,0
5.30698,-0.74745,0
3.95552,-2.3625,0
3.96542,-2.33879,0
4.10711,-2.49423,0
5.28156,-0.8748,0
5.3201,-0.76884,0
5.35127,-0.77727,0
5.36605,-0.66945,0
5.37729,-0.65475,0
5.36255,-0.68216,0
4.05041,-2.41553,0
5.50758,-0.45719,0
5.35959,-0.69352,0
5.32769,-0.76961,0
5.41765,-0.68009,0
3.86714,-2.32525,0
3.89398,-2.3495,0
5.44247,-0.57163,0
5.50585,-0.51819,0
5.37435,-0.72134,0
5.40102,-0.59884,0
4.04698,-2.40748,0
3.87012,-2.29863,0
3.9114,-2.30171,0
4.03171,-2.44311,0
4.03262,-2.38915,0
5.27053,-0.80837,0
5.28937,-0.86188,0
3.98091,-2.35967,0
5.38609,-0.7072,0
5.42848,-0.62046,0
5.49876,-0.54895,0
5.29198,-0.86079,0
5.52807,-0.44393,0
4.03372,-2.45724,0
5.53854,-0.59452,0
4.23657,-2.38234,0
5.47722,-0.66869,0
5.42972,-0.74297,0
4.1424,-2.50159,0
5.3448,-0.85709,0
5.49009,-0.60933,0
5.48789,-0.66744,0
5.3143,-0.90636,0
5.53684,-0.58564,0
5.56352,-0.4922,0
5.54873,-0.52423,0
3.97435,-2.41632,0
5.31279,-0.88144,0
5.4183,-0.75148,0
5.28599,-0.90809,0
5.39199,-0.77662,0
5.54557,-0.55169,0
5.46226,-0.63215,0
5.56013,-0.51917,0
5.28162,-0.89104,0
3.89171,-2.36467,0
4.15265,-2.47123,0
3.80633,-2.29918,0
5.55689,-0.56282,0
4.05558,-2.48251,0
5.56874,-0.55555,0
4.14622,-2.48087,0
5.58685,-0.5292,0
5.35382,-0.82697,0
5.47434,-0.63198,0
5.55974,-0.55031,0
3.82074,-2.30854,0
4.0241,-2.44731,0
5.46548,-0.69955,0
5.4717,-0.62602,0
5.46752,-0.64282,0
5.31719,-0.84267,0
5.35997,-0.82084,0
4.05988,-2.47333,0
5.33437,-0.86112,0
3.9172,-2.37567,0
5.49262,-0.66232,0
4.12581,-2.52857,0
5.42235,-0.74133,0
4.01689,-2.45384,0
5.38228,-0.77419,0
3.88959,-2.35424,0
5.45013,-0.70383,0
5.49985,-0.62907,0
5.36115,-0.81966,0
5.38498,-0.78873,0
5.37998,-0.76251,0
3.96779,-2.42591,0
4.08242,-2.51146,0
4.10653,-2.52589,0
4.22576,-2.48324,0
5.23195,-1.04174,0
5.30589,-0.94228,0
4.24372,-2.41883,0
5.61187,-0.5241,0
4.33255,-2.31114,0
4.28422,-2.37896,0
5.33509,-0.89583,0
4.37859,-2.2621,0
4.17919,-2.52933,0
4.37539,-2.23453,0
4.37021,-2.26414,0
4.21417,-2.42505,0
5.30915,-0.96768,0
4.35035,-2.30308,0
5.24532,-1.01357,0
5.59781,-0.50463,0
5.52319,-0.6492,0
4.24681,-2.45339,0
5.52398,-0.64108,0
4.32981,-2.3088,0
5.50924,-0.66725,0
4.26305,-2.39695,0
5.56857,-0.58279,0
4.37098,-2.24443,0
5.3335,-0.90661,0
5.36399,-0.84314,0
4.18264,-2.53111,0
5.39875,-0.81667,0
4.22021,-2.41206,0
5.4215,-0.78772,0
5.24498,-1.03542,0
5.28553,-1.00007,0
5.558,-0.6127,0
4.1785,-2.51975,0
4.15976,-2.49319,0
5.57276,-0.58472,0
4.40742,-2.22905,0
5.63307,-0.51018,0
4.19759,-2.47512,0
5.37136,-0.85412,0
5.26431,-0.98703,0
4.32025,-2.32068,0
5.47733,-0.69263,0
5.55324,-0.60071,0
4.24222,-2.41655,0
5.62719,-0.51248,0
5.59893,-0.55961,0
5.50364,-0.66509,0
5.30968,-0.92489,0
4.05097,-2.50207,0
4.0187,-2.47581,0
4.02111,-2.46919,0
3.79982,-2.30639,0
4.05585,-2.50065,0
5.54919,-0.64549,0
5.52782,-0.67498,0
3.87963,-2.36683,0
3.89516,-2.38865,0
4.07316,-2.51979,0
4.10436,-2.54433,0
5.49913,-0.71171,0
3.88074,-2.37642,0
5.6042,-0.56414,0
4.07045,-2.5089,0
5.43158,-0.8048,0
3.93598,-2.41056,0
5.41461,-0.82413,0
3.92784,-2.40806,0
5.56013,-0.63715,0
3.94207,-2.42385,0
4.0958,-2.54729,0
5.44389,-0.79356,0
5.408,-0.8363,0
3.90792,-2.43004,0
5.25875,-1.04658,0
5.50015,-0.75486,0
3.93236,-2.45167,0
3.72695,-2.31582,0
5.59112,-0.64852,0
3.86981,-2.43011,0
3.83695,-2.41661,0
5.40375,-0.88076,0
5.57724,-0.62438,0
3.82309,-2.35282,0
3.96336,-2.48046,0
5.49498,-0.75112,0
3.90092,-2.47287,0
3.94706,-2.43852,0
5.22622,-1.0886,0
5.55525,-0.6843,0
5.35872,-0.93394,0
3.73042,-2.30121,0
5.31012,-0.98298,0
3.86583,-2.41879,0
5.51233,-0.72572,0
5.52794,-0.69665,0
3.80843,-2.36446,0
4.01758,-2.50299,0
3.80125,-2.37896,0
5.4655,-0.80282,0
3.77721,-2.35694,0
5.36692,-0.91259,0
4.03237,-2.52522,0
5.29737,-0.9912,0
5.36459,-0.91451,0
3.8816,-2.4095,0
3.8064,-2.34958,0
3.73149,-2.3332,0
3.79104,-2.34736,0
5.3764,-0.89871,0
5.39912,-0.87332,0
5.49461,-0.74012,0
3.89377,-2.44032,0
5.48809,-0.76858,0
5.3171,-0.96458,0
5.42992,-0.82753,0
3.91951,-2.41578,0
5.32647,-0.95222,0
5.42221,-0.83152,0
3.81591,-2.33791,0
3.74784,-2.34734,0
3.86383,-2.44122,0
3.88278,-2.41269,0
3.86213,-2.43823,0
3.7246,-2.32857,0
5.28782,-1.00561,0
5.49715,-0.76272,0
5.39146,-0.90486,0
3.80924,-2.3405,0
5.37608,-0.89487,0
5.4361,-0.84749,0
5.38415,-0.9102,0
3.78607,-2.37564,0
3.75815,-2.32122,0
5.55131,-0.67987,0
5.45186,-0.80917,0
5.53219,-0.72907,0
3.97959,-2.52033,0
3.80223,-2.38578,0
3.92596,-2.46917,0
5.57711,-0.63409,0
3.94682,-2.45013,0
3.94895,-2.45603,0
5.30237,-0.98278,0
3.95144,-2.50917,0
3.79346,-2.34131,0
4.05131,-2.53223,0
5.31849,-1.03574,0
5.38524,-0.91406,0
3.8331,-2.45567,0
3.9687,-2.54937,0
5.20529,-1.15262,0
3.78086,-2.40337,0
3.87687,-2.47499,0
5.55211,-0.74975,0
5.11734,-1.27202,0
5.25305,-1.09226,0
5.12372,-1.25527,0
5.40634,-0.92498,0
5.41661,-0.89687,0
5.28078,-1.06212,0
5.56046,-0.71083,0
5.56371,-0.71397,0
3.86688,-2.46983,0
5.61405,-0.6937,0
5.51398,-0.80473,0
3.8034,-2.4294,0
5.56774,-0.71272,0
5.24255,-1.11342,0
3.77713,-2.374,0
5.5389,-0.72997,0
5.24196,-1.11252,0
5.25092,-1.07763,0
5.23993,-1.09153,0
3.76848,-2.37438,0
5.36943,-0.93691,0
3.93736,-2.52181,0
5.32377,-0.9942,0
5.14162,-1.24218,0
5.12642,-1.23974,0
5.51821,-0.79043,0
3.72693,-2.35371,0
5.45871,-0.84407,0
5.59731,-0.69516,0
3.87649,-2.46596,0
5.26979,-1.08949,0
5.40681,-0.90687,0
5.53057,-0.77755,0
5.41724,-0.90652,0
5.31079,-1.00825,0
5.27028,-1.09482,0
3.886,-2.48535,0
5.26107,-1.10616,0
5.54938,-0.72097,0
5.37531,-0.94338,0
3.75063,-2.36451,0
5.38728,-0.94073,0
5.59293,-0.69445,0
5.36882,-0.97546,0
5.23985,-1.09343,0
3.94763,-2.53472,0
3.93018,-2.53569,0
5.46318,-0.84456,0
3.74694,-2.38163,0
3.86852,-2.47437,0
5.51583,-0.80817,0
5.43727,-0.86541,0
5.27533,-1.05121,0
5.54313,-0.75235,0
3.92327,-2.50971,0
5.14065,-1.22459,0
5.51206,-0.81131,0
3.99849,-2.56654,0
5.26475,-1.08545,0
3.94483,-2.57375,0
3.6945,-2.34921,0
3.81699,-2.44355,0
3.85763,-2.47991,0
5.39148,-0.9642,0
3.8928,-2.51987,0
3.92416,-2.55609,0
3.74148,-2.39821,0
5.58696,-0.74713,0
5.47413,-0.86754,0
5.46705,-0.87861,0
3.76783,-2.42837,0
3.76502,-2.42814,0
5.4946,-0.83449,0
5.42926,-0.91392,0
5.32356,-1.04112,0
3.93902,-2.55739,0
3.81473,-2.46539,0
3.84385,-2.48167,0
5.45277,-0.89904,0
3.73921,-2.37799,0
3.86802,-2.5271,0
5.21777,-1.16053,0
3.81938,-2.48107,0
3.95241,-2.55769,0
3.71225,-2.38339,0
3.74016,-2.39587,0
3.95375,-2.59069,0
3.88584,-2.52112,0
3.95487,-2.58667,0
3.9345,-2.56779,0
3.80037,-2.46583,0
5.48062,-0.85124,0
5.56165,-0.75547,0
3.78493,-2.44401,0
5.27208,-1.09591,0
5.56759,-0.76357,0
5.52418,-0.81122,0
5.49689,-0.84568,0
5.24346,-1.13665,0
5.39306,-0.96828,0
5.28323,-1.0883,0
5.55349,-0.77272,0
3.8426,-2.50167,0
3.85835,-2.51174,0
5.54667,-0.7976,0
5.24031,-1.14384,0
5.47314,-0.88567,0
3.81306,-2.49875,0
5.56212,-0.77943,0
3.8013,-2.48634,0
5.55812,-0.7943,0
5.28281,-1.10414,0
3.87605,-2.55095,0
3.72583,-2.41407,0
5.50397,-0.86295,0
5.59759,-0.74619,0
5.486,-0.86528,0
3.68233,-2.36565,0
5.2885,-1.10359,0
3.7791,-2.45807,0
3.79505,-2.47304,0
5.54217,-0.81084,0
5.49306,-0.85997,0
3.7066,-2.4492,0
5.43894,-1.02831,0
3.73732,-2.48628,0
3.77768,-2.62423,0
3.74148,-2.49382,0
3.83845,-2.53215,0
5.50552,-0.91911,0
5.18678,-1.26887,0
5.46644,-0.91731,0
5.28237,-1.1471,0
3.6956,-2.51748,0
5.46385,-0.96762,0
3.62342,-2.41716,0
5.15994,-1.28618,0
5.55813,-0.89859,0
3.72452,-2.51336,0
3.85375,-2.56185,0
5.25846,-1.17252,0
3.782,-2.62036,0
3.7805,-2.49801,0
3.57431,-2.40261,0
5.29569,-1.10758,0
5.45571,-0.96414,0
3.77239,-2.54577,0
3.73062,-2.42743,0
3.68236,-2.40183,0
3.62352,-2.36888,0
5.38173,-1.08334,0
3.73145,-2.45496,0
3.64046,-2.48208,0
3.65716,-2.46853,0
5.42299,-1.02674,0
5.17762,-1.2278,0
5.2184,-1.2191,0
5.20505,-1.24752,0
5.46593,-0.93999,0
5.51452,-0.93098,0
3.72514,-2.56889,0
3.59519,-2.41468,0
3.78908,-2.59366,0
3.79285,-2.49679,0
5.4455,-0.98028,0
5.13823,-1.29517,0
3.69898,-2.41651,0
5.47007,-0.99123,0
3.6085,-2.41779,0
5.28666,-1.14096,0
3.62872,-2.36745,0
5.47247,-1.00401,0
5.49316,-0.88641,0
3.78172,-2.5299,0
5.24485,-1.20548,0
5.35284,-1.07685,0
5.27792,-1.12988,0
3.6934,-2.47043,0
3.76798,-2.54716,0
3.71676,-2.42647,0
5.50967,-0.92427,0
5.18826,-1.25297,0
5.1585,-1.26448,0
3.59745,-2.37044,0
3.63597,-2.35274,0
3.64678,-2.39397,0
3.6202,-2.46522,0
3.72479,-2.46813,0
3.73863,-2.50762,0
5.50099,-0.91294,0
5.45728,-0.96715,0
3.82616,-2.55927,0
5.42287,-1.03353,0
5.56256,-0.89923,0
3.78888,-2.60708,0
5.48615,-0.96318,0
5.26075,-1.15884,0
3.72764,-2.55709,0
3.70269,-2.42285,0
5.15801,-1.25528,0
5.2368,-1.19776,0
5.51636,-0.88122,0
5.50897,-0.90738,0
5.22138,-1.21097,0
3.6648,-2.47938,0
5.43902,-0.97058,0
5.52593,-0.90661,0
3.59681,-2.35118,0
5.49146,-0.95797,0
5.37007,-1.0374,0
3.84543,-2.57896,0
3.74894,-2.45039,0
5.18459,-1.23892,0
3.66804,-2.43667,0
5.35033,-1.11905,0
5.20906,-1.20361,0
3.68992,-2.41848,0
5.43551,-0.97083,0
5.19191,-1.22191,0
3.62398,-2.3587,0
3.71486,-2.48324,0
5.45972,-0.96811,0
3.70322,-2.47111,0
5.42132,-1.03229,0
5.50974,-0.93898,0
3.66291,-2.41098,0
5.20337,-1.23254,0
3.7965,-2.56405,0
3.64653,-2.37175,0
3.75364,-2.54307,0
3.77597,-2.58146,0
3.72979,-2.47497,0
3.75132,-2.54438,0
5.4122,-0.97137,0
3.57136,-2.41429,0
3.80171,-2.53501,0
5.29876,-1.16394,0
5.43528,-1.01177,0
3.68884,-2.51336,0
3.78617,-2.62487,0
5.1561,-1.27965,0
5.37588,-1.08689,0
5.17657,-1.26112,0
5.40812,-1.04843,0
5.54931,-0.89063,0
3.84248,-2.55808,0
5.38398,-1.02045,0
3.81591,-2.57869,0
5.44229,-0.95307,0
5.24223,-1.17312,0
3.7333,-2.4571,0
3.60223,-2.43388,0
5.49247,-0.95651,0
5.15954,-1.259,0
3.59019,-2.41656,0
5.51452,-0.86529,0
5.51283,-0.87389,0
3.70619,-2.45725,0
3.77256,-2.60859,0
5.47652,-0.95659,0
5.18684,-1.22199,0
3.60516,-2.41508,0
3.7596,-2.569,0
5.32662,-1.12047,0
5.42342,-1.03184,0
3.72687,-2.43852,0
5.34319,-1.11183,0
3.62396,-2.45059,0
3.66953,-2.37857,0
3.69618,-2.4213,0
5.33501,-1.11933,0
5.41292,-1.05005,0
3.83094,-2.5611,0
3.72101,-2.45719,0
3.71372,-2.5321,0
5.36183,-1.0853,0
5.52508,-0.92449,0
5.35287,-1.05928,0
3.61966,-2.48552,0
3.46498,-2.44032,0
3.64615,-2.56248,0
3.71081,-2.58107,0
5.2235,-1.25785,0
5.3236,-1.21437,0
5.12338,-1.35738,0
3.66613,-2.62897,0
5.23264,-1.26605,0
3.46033,-2.43527,0
5.18328,-1.30392,0
5.48234,-1.01155,0
3.52006,-2.44407,0
5.52503,-1.01759,0
5.49681,-1.02347,0
5.22508,-1.28602,0
3.54171,-2.52444,0
3.49373,-2.46327,0
3.5047,-2.48095,0
3.56649,-2.46177,0
5.41246,-1.09085,0
5.43403,-1.08706,0
3.625,-2.61467,0
5.20753,-1.2703,0
3.52519,-2.47399,0
5.29107,-1.21602,0
5.11439,-1.38414,0
3.55862,-2.53975,0
3.60602,-2.50121,0
3.55344,-2.48689,0
3.59594,-2.55082,0
5.46562,-1.02612,0
3.54415,-2.44256,0
3.65138,-2.52629,0
3.47134,-2.43271,0
5.09694,-1.39209,0
3.6134,-2.59646,0
5.28996,-1.22551,0
5.1307,-1.3604,0
5.37698,-1.09787,0
3.5144,-2.49061,0
5.2713,-1.26168,0
5.18012,-1.29569,0
5.39601,-1.11832,0
5.33115,-1.18723,0
5.32938,-1.19882,0
3.56421,-2.46386,0
5.34654,-1.13211,0
3.59509,-2.49335,0
3.66753,-2.52612,0
3.62249,-2.60546,0
3.63849,-2.61653,0
5.46103,-1.02566,0
5.18974,-1.28902,0
5.25252,-1.22014,0
5.40556,-1.14191,0
3.65216,-2.53956,0
3.63476,-2.61412,0
3.69593,-2.57754,0
3.56649,-2.44828,0
5.31305,-1.18965,0
5.10217,-1.36687,0
3.52006,-2.50053,0
3.57495,-2.4592,0
3.66961,-2.56509,0
3.49753,-2.43798,0
5.44056,-1.11472,0
5.31545,-1.18661,0
5.06869,-1.42996,0
5.50291,-1.00731,0
5.32313,-1.20323,0
5.28125,-1.21757,0
3.60227,-2.48778,0
3.51325,-2.43824,0
5.44792,-1.07657,0
3.52309,-2.50968,0
5.10333,-1.39799,0
5.30466,-1.1997,0
5.18068,-1.28894,0
3.57816,-2.46356,0
5.26076,-1.21518,0
5.38832,-1.0861,0
5.35456,-1.12119,0
3.6669,-2.57089,0
3.57383,-2.48506,0
5.25766,-1.27142,0
3.52182,-2.43226,0
3.6186,-2.55911,0
5.45758,-1.09416,0
3.64064,-2.58976,0
3.63011,-2.60748,0
5.43084,-1.11171,0
3.57249,-2.5164,0
3.49942,-2.4814,0
5.09159,-1.40913,0
5.4761,-1.07872,0
5.18542,-1.31706,0
5.15997,-1.35053,0
5.54153,-0.95488,0
5.53417,-0.95056,0
3.72228,-2.59947,0
3.75044,-2.62989,0
5.56105,-0.81134,0
5.54228,-0.83902,0
5.56341,-0.80899,0
5.53421,-0.83952,0
3.89416,-2.57651,0
3.86349,-2.59196,0
3.85421,-2.59847,0
5.56473,-0.87368,0
3.86402,-2.59565,0
5.58744,-0.83488,0
5.5566,-0.86225,0
5.58012,-0.84683,0
3.8568,-2.58622,0
5.56734,-0.83968,0
5.57084,-0.87014,0
5.58182,-0.89981,0
5.58409,-0.91403,0
3.81543,-2.62321,0
5.58094,-0.93474,0
5.14308,-1.37955,0
5.36068,-1.18938,0
5.55238,-1.01196,0
5.54438,-0.97483,0
5.1336,-1.40264,0
5.55091,-0.99642,0
5.07617,-1.44936,0
5.16406,-1.36806,0
3.82406,-2.63385,0
5.35319,-1.19775,0
5.10905,-1.41564,0
5.21388,-1.31649,0
5.33939,-1.21221,0
5.12734,-1.40271,0
5.16952,-1.35351,0
5.3361,-1.20859,0
5.59924,-0.93854,0
5.60875,-0.95647,0
5.32301,-1.22968,0
5.52949,-0.99695,0
5.14683,-1.38569,0
5.5532,-0.97349,0
5.60319,-0.96364,0
5.23152,-1.30438,0
5.10953,-1.4201,0
5.53602,-1.02341,0
5.36863,-1.18442,0
5.0562,-1.46986,0
5.32397,-1.22688,0
5.56209,-0.95333,0
5.22445,-1.31092,0
3.81208,-2.65273,0
5.58816,-0.97879,0
5.071,-1.46727,0
5.11324,-1.40655,0
5.23046,-1.31597,0
5.58156,-0.95198,0
5.43638,-1.1285,0
5.18873,-1.35843,0
5.2398,-1.32577,0
3.71497,-2.6492,0
3.72406,-2.6582,0
5.21275,-1.33581,0
5.54577,-1.02295,0
5.10037,-1.46395,0
5.40759,-1.18743,0
5.27788,-1.27889,0
5.24562,-1.31076,0
5.48241,-1.08295,0
5.57363,-1.01734,0
5.57304,-1.03708,0
5.31244,-1.27302,0
5.58715,-1.01649,0
3.72057,-2.66715,0
5.12972,-1.41504,0
5.06878,-1.47674,0
5.51971,-1.06755,0
3.71785,-2.62862,0
5.08239,-1.46316,0
3.71685,-2.65978,0
5.54657,-1.02463,0
5.34257,-1.24232,0
5.5025,-1.06708,0
5.21389,-1.35378,0
5.52366,-1.06637,0
5.51642,-1.07871,0
5.42659,-1.13443,0
5.55729,-1.01654,0
5.33564,-1.23857,0
5.49479,-1.10644,0
3.75299,-2.64006,0
5.54606,-1.03897,0
3.72532,-2.65217,0
5.44494,-1.1504,0
5.52431,-1.06825,0
5.37269,-1.19235,0
5.44784,-1.14479,0
5.52412,-1.05302,0
5.39244,-1.20413,0
5.11852,-1.44916,0
5.12844,-1.43083,0
5.32832,-1.24615,0
3.68798,-2.62809,0
5.02975,-1.50942,0
5.52421,-1.08619,0
3.71955,-2.63544,0
5.03456,-1.52359,0
5.29389,-1.29603,0
5.17993,-1.52264,0
5.07909,-1.575,0
5.38044,-1.36182,0
3.28385,-2.50766,0
5.36256,-1.27059,0
5.27415,-1.39219,0
5.27735,-1.35232,0
3.46986,-2.57029,0
5.15381,-1.4608,0
3.47237,-2.48285,0
5.15523,-1.44772,0
5.19626,-1.50544,0
5.01782,-1.60449,0
5.23961,-1.42102,0
3.25836,-2.48109,0
3.27521,-2.47952,0
5.24612,-1.371,0
5.20427,-1.40918,0
5.30075,-1.41843,0
3.39299,-2.5047,0
5.17563,-1.52822,0
3.31881,-2.51975,0
3.29752,-2.4615,0
3.43446,-2.60271,0
4.93851,-1.68777,0
5.299,-1.42108,0
5.33473,-1.31865,0
5.35056,-1.38312,0
5.17896,-1.45135,0
5.10491,-1.50005,0
5.06581,-1.53413,0
3.30837,-2.50308,0
5.3331,-1.31662,0
5.15807,-1.46212,0
5.37771,-1.34014,0
3.29943,-2.50501,0
5.42119,-1.36996,0
5.13645,-1.52046,0
5.27232,-1.41476,0
3.42911,-2.6344,0
5.34144,-1.43077,0
4.93849,-1.63595,0
4.86468,-1.74298,0
5.11606,-1.46046,0
5.08604,-1.54294,0
3.36232,-2.65412,0
5.16366,-1.54435,0
5.29484,-1.38453,0
5.37956,-1.36231,0
5.33041,-1.38309,0
3.49374,-2.50065,0
5.1569,-1.495,0
5.25096,-1.47884,0
5.11979,-1.5557,0
3.53285,-2.5911,0
3.46745,-2.47008,0
5.32356,-1.44653,0
3.39923,-2.57734,0
5.1942,-1.44804,0
3.41793,-2.56884,0
3.35021,-2.53134,0
3.43505,-2.46014,0
5.32103,-1.33896,0
3.34715,-2.57807,0
5.20004,-1.40603,0
5.01939,-1.61012,0
3.40879,-2.45766,0
3.48738,-2.51636,0
3.4825,-2.57028,0
3.30466,-2.46054,0
5.42218,-1.3546,0
4.98857,-1.65741,0
5.17975,-1.53465,0
3.43747,-2.45585,0
3.31979,-2.48785,0
3.40777,-2.4757,0
3.36641,-2.55929,0
5.39774,-1.26636,0
3.30387,-2.47622,0
3.36732,-2.49691,0
3.41223,-2.64298,0
5.37564,-1.3602,0
3.36803,-2.42144,0
4.95858,-1.66188,0
5.35018,-1.41809,0
3.46689,-2.53851,0
5.24165,-1.36156,0
3.44913,-2.48554,0
5.3137,-1.35595,0
3.37442,-2.66968,0
5.0505,-1.6162,0
5.33609,-1.35748,0
5.25915,-1.4594,0
5.21992,-1.44781,0
5.17922,-1.41558,0
5.075,-1.50938,0
5.22221,-1.47005,0
3.36036,-2.5533,0
3.32847,-2.52525,0
5.26617,-1.37254,0
5.07893,-1.49842,0
3.38428,-2.66291,0
5.16739,-1.4206,0
3.41046,-2.43941,0
3.45452,-2.52943,0
3.26637,-2.47713,0
3.31604,-2.51354,0
5.1915,-1.48507,0
5.38012,-1.38288,0
5.17713,-1.45007,0
4.94448,-1.64331,0
5.15072,-1.53081,0
5.34398,-1.40267,0
5.21181,-1.42083,0
5.19547,-1.4013,0
3.35979,-2.51688,0
3.27263,-2.47581,0
5.12625,-1.53125,0
3.42464,-2.47321,0
5.2376,-1.36967,0
5.15317,-1.52532,0
3.51687,-2.59611,0
3.47135,-2.48072,0
3.52569,-2.58866,0
3.37084,-2.43309,0
4.91239,-1.67999,0
5.39768,-1.39116,0
3.32965,-2.56883,0
3.36335,-2.57612,0
3.46093,-2.53736,0
4.96077,-1.66587,0
5.10084,-1.51665,0
3.31877,-2.49323,0
5.10811,-1.56264,0
5.24547,-1.47709,0
5.22184,-1.41329,0
5.17353,-1.50634,0
5.41518,-1.32348,0
5.06215,-1.50658,0
5.34202,-1.39158,0
5.18353,-1.52013,0
5.0553,-1.51219,0
5.03692,-1.61528,0
3.40947,-2.67713,0
5.37505,-1.25078,0
3.4831,-2.57227,0
5.19705,-1.43866,0
3.45823,-2.46953,0
3.45374,-2.56633,0
3.46203,-2.46212,0
5.31269,-1.33288,0
4.93002,-1.6566,0
3.25158,-2.47413,0
3.38616,-2.67382,0
4.90257,-1.67514,0
3.44499,-2.46041,0
4.91612,-1.67064,0
5.14401,-1.47527,0
3.31039,-2.46368,0
5.10531,-1.50282,0
4.9748,-1.64814,0
5.34544,-1.35548,0
5.34651,-1.39216,0
3.32248,-2.52481,0
3.34908,-2.52028,0
5.30272,-1.44636,0
4.93755,-1.66445,0
3.32165,-2.57272,0
3.51117,-2.51922,0
3.37544,-2.65307,0
3.47924,-2.58577,0
3.43236,-2.6144,0
4.86538,-1.72746,0
5.2721,-1.35832,0
3.41745,-2.591,0
3.42094,-2.66772,0
5.40527,-1.28772,0
3.38785,-2.42899,0
3.359,-2.47836,0
5.18732,-1.42857,0
4.97114,-1.59346,0
5.37426,-1.26088,0
5.05101,-1.59139,0
3.35654,-2.51113,0
5.17735,-1.44555,0
5.32997,-1.38916,0
5.28548,-1.41655,0
3.3976,-2.50164,0
5.18125,-1.46485,0
5.41932,-1.37947,0
5.0416,-1.57971,0
5.16702,-1.46533,0
5.29267,-1.4038,0
3.51825,-2.59446,0
3.47236,-2.50735,0
4.95221,-1.66335,0
5.44303,-1.36421,0
5.36556,-1.25768,0
3.33946,-2.59717,0
3.29484,-2.4863,0
5.2089,-1.44224,0
5.07471,-1.57414,0
3.33312,-2.54394,0
5.17717,-1.50073,0
5.26523,-1.35512,0
3.45694,-2.60418,0
4.90947,-1.68643,0
5.37921,-1.24868,0
5.13675,-1.46414,0
5.23435,-1.38138,0
5.37656,-1.31003,0
5.26666,-1.47919,0
5.29605,-1.39604,0
5.41093,-1.2944,0
3.37032,-2.41464,0
3.28942,-2.548,0
3.50845,-2.55743,0
5.03211,-1.63487,0
5.19726,-1.41977,0
3.35303,-2.6285,0
3.2515,-2.47789,0
4.93392,-1.66239,0
3.38149,-2.6246,0
3.44657,-2.5929,0
5.53192,-1.17347,0
3.57776,-2.60645,0
5.41648,-1.2095,0
5.51643,-1.15053,0
3.56703,-2.62999,0
3.57592,-2.6322,0
5.42681,-1.22884,0
5.49652,-1.16862,0
5.49743,-1.18653,0
5.49867,-1.1192,0
5.43149,-1.19886,0
5.42505,-1.25042,0
5.53708,-1.15028,0
5.47415,-1.16931,0
5.45582,-1.18552,0
5.40564,-1.21148,0
5.4968,-1.13573,0
5.44897,-1.24045,0
3.62075,-2.63677,0
5.42958,-1.24314,0
5.54312,-1.13166,0
5.45208,-1.20685,0
5.44095,-1.19203,0
5.44483,-1.17531,0
3.58275,-2.66727,0
5.54359,-1.16164,0
5.42291,-1.20463,0
5.53225,-1.18439,0
5.52892,-1.09516,0
5.53763,-1.12214,0
5.54389,-1.11144,0
3.53384,-2.62334,0
5.50478,-1.23128,0
5.5153,-1.25609,0
3.49974,-2.66214,0
5.49445,-1.22376,0
3.51341,-2.66483,0
3.50512,-2.6598,0
5.50317,-1.22016,0
5.49273,-1.2463,0
5.47822,-1.27205,0
5.46351,-1.24398,0
5.25997,-1.53004,0
5.2821,-1.51709,0
5.2688,-1.5154,0
5.10555,-1.62162,0
4.91032,-1.72294,0
5.40876,-1.45331,0
5.3814,-1.46565,0
3.30457,-2.65239,0
4.86491,-1.75015,0
3.19679,-2.54399,0
5.1614,-1.57976,0
5.37133,-1.46408,0
4.99546,-1.67583,0
3.28576,-2.61941,0
5.21022,-1.56372,0
5.22686,-1.54365,0
3.30145,-2.60044,0
3.24887,-2.57848,0
4.99939,-1.67108,0
5.0312,-1.65703,0
3.28925,-2.61624,0
5.34322,-1.48617,0
5.30393,-1.46062,0
5.38252,-1.43185,0
5.14232,-1.59105,0
3.2713,-2.66642,0
5.39968,-1.40246,0
5.42418,-1.41893,0
5.33741,-1.47275,0
5.43103,-1.42784,0
3.24871,-2.50846,0
5.25201,-1.53861,0
3.27391,-2.65292,0
3.18888,-2.50952,0
5.10262,-1.61962,0
3.29057,-2.57926,0
5.07246,-1.63721,0
5.21887,-1.5331,0
5.14548,-1.59681,0
3.28094,-2.54255,0
3.24259,-2.59164,0
5.40155,-1.43304,0
4.97498,-1.67388,0
3.25423,-2.52499,0
3.28299,-2.63867,0
5.27746,-1.51198,0
5.33454,-1.44459,0
4.96078,-1.68403,0
5.13483,-1.60212,0
5.33416,-1.48043,0
3.2552,-2.63524,0
5.36332,-1.47511,0
5.42107,-1.40423,0
5.39469,-1.44392,0
5.01931,-1.6626,0
5.238,-1.50535,0
4.87757,-1.74095,0
4.92874,-1.7184,0
3.24,-2.54314,0
3.26316,-2.54914,0
5.00604,-1.67532,0
3.23434,-2.53255,0
4.87377,-1.75467,0
4.91653,-1.71565,0
5.38479,-1.46152,0
3.26726,-2.56669,0
5.22073,-1.56029,0
3.23582,-2.50512,0
3.26708,-2.64514,0
3.30327,-2.64949,0
3.27431,-2.61243,0
3.26725,-2.54143,0
3.20561,-2.49401,0
3.2357,-2.53208,0
3.24149,-2.60333,0
5.34748,-1.47354,0
5.21352,-1.54614,0
3.26129,-2.55986,0
5.40304,-1.39601,0
5.33665,-1.45704,0
3.29542,-2.61293,0
5.25289,-1.50591,0
5.26132,-1.52008,0
5.16085,-1.59352,0
3.28547,-2.60212,0
3.25829,-2.6113,0
3.13064,-2.58166,0
3.18873,-2.54577,0
3.20706,-2.5952,0
3.19161,-2.62883,0
5.04582,-1.69272,0
3.22922,-2.64393,0
3.16313,-2.60898,0
5.38199,-1.52796,0
5.36572,-1.525,0
3.15793,-2.53133,0
5.02226,-1.69529,0
3.15573,-2.56178,0
3.14449,-2.61685,0
5.2972,-1.57621,0
3.14556,-2.55203,0
4.99517,-1.70899,0
3.17356,-2.53556,0
3.20934,-2.61886,0
3.14721,-2.56637,0
3.20731,-2.59505,0
5.03897,-1.70084,0
3.24046,-2.63111,0
3.13531,-2.55342,0
5.09869,-1.66418,0
5.16796,-1.61586,0
5.04563,-1.68148,0
3.12901,-2.58493,0
4.93089,-1.7494,0
5.09917,-1.66338,0
4.99648,-1.72505,0
5.33586,-1.51404,0
5.27423,-1.54977,0
5.07379,-1.68592,0
5.35817,-1.53944,0
3.12855,-2.50794,0
3.19451,-2.61918,0
5.09018,-1.6624,0
5.36287,-1.52349,0
5.32754,-1.54142,0
3.18286,-2.63951,0
5.12344,-1.65112,0
4.8456,-1.81068,0
5.26284,-1.55819,0
4.89281,-1.76778,0
5.36684,-1.54011,0
5.38819,-1.5221,0
3.16149,-2.61751,0
4.84038,-1.81302,0
4.94219,-1.7429,0
5.0939,-1.6685,0
5.1508,-1.62833,0
4.89324,-1.76659,0
5.12725,-1.62085,0
5.38379,-1.52407,0
5.05752,-1.69185,0
3.15878,-2.64767,0
5.26285,-1.57414,0
5.16184,-1.64871,0
5.38944,-1.5289,0
4.89064,-1.77216,0
3.22101,-2.64955,0
5.09257,-1.66523,0
3.19556,-2.57696,0
3.1654,-2.62353,0
3.15628,-2.57642,0
4.90595,-1.75727,0
3.109,-2.55291,0
5.13751,-1.62214,0
5.19621,-1.60607,0
3.15913,-2.53706,0
5.32753,-1.52031,0
5.03281,-1.70436,0
5.10063,-1.64173,0
3.19677,-2.5637,0
4.89488,-1.78776,0
5.2404,-1.59755,0
5.30035,-1.60367,0
3.09557,-2.58068,0
3.11048,-2.61032,0
5.20441,-1.6696,0
5.25499,-1.64063,0
3.11414,-2.64109,0
5.1021,-1.68693,0
4.98922,-1.77791,0
4.97433,-1.75066,0
5.21893,-1.65163,0
5.0776,-1.72491,0
4.88845,-1.80406,0
5.0069,-1.74845,0
3.06157,-2.51403,0
5.20108,-1.65953,0
5.30711,-1.5885,0
5.01992,-1.72791,0
4.96224,-1.76583,0
3.09403,-2.58647,0
4.99611,-1.77398,0
3.08218,-2.58655,0
5.2753,-1.62506,0
4.98078,-1.76591,0
5.14519,-1.69273,0
5.28045,-1.61898,0
3.09243,-2.66212,0
3.09198,-2.55186,0
5.1713,-1.66312,0
3.11514,-2.60886,0
5.05439,-1.73423,0
5.09595,-1.68898,0
5.30624,-1.6203,0
3.12671,-2.60752,0
5.31273,-1.60306,0
5.2612,-1.63164,0
3.10702,-2.58287,0
3.05031,-2.5492,0
3.06824,-2.55301,0
4.92617,-1.7947,0
3.10424,-2.66077,0
3.05114,-2.56976,0
5.1881,-1.68225,0
5.16695,-1.68394,0
3.09154,-2.53716,0
5.24135,-1.64897,0
5.05905,-1.70691,0
3.09029,-2.56782,0
5.24203,-1.63159,0
5.27707,-1.60125,0
5.10869,-1.71813,0
3.05968,-2.57383,0
5.17758,-1.71427,0
3.03686,-2.5611,0
3.03056,-2.56149,0
3.06307,-2.62,0
5.29423,-1.65466,0
3.07265,-2.63894,0
5.22724,-1.67924,0
3.03449,-2.56425,0
5.24284,-1.67069,0
5.12838,-1.72441,0
3.00066,-2.51701,0
5.21884,-1.68712,0
5.04733,-1.76233,0
4.93255,-1.81434,0
5.11659,-1.72847,0
3.05353,-2.60604,0
3.03995,-2.61682,0
5.2576,-1.66066,0
5.17294,-1.71188,0
4.88472,-1.84423,0
4.83036,-1.86835,0
3.00732,-2.50912,0
5.21343,-1.69,0
5.30903,-1.63349,0
4.88848,-1.83246,0
5.48817,-1.29441,0
3.45497,-2.66152,0
3.46917,-2.66448,0
5.51169,-1.28763,0
3.46704,-2.65842,0
3.4174,-2.68138,0
5.48118,-1.33628,0
3.26438,-2.68849,0
3.2673,-2.6681,0
5.39261,-1.47509,0
5.42351,-1.46193,0
3.25697,-2.65979,0
3.26054,-2.67618,0
5.40251,-1.48012,0
5.37875,-1.4934,0
5.37536,-1.48742,0
5.41519,-1.46073,0
5.4111,-1.49002,0
5.42717,-1.45767,0
3.16188,-2.65862,0
5.34188,-1.56194,0
3.22394,-2.66339,0
5.3704,-1.59449,0
4.88329,-1.85033,0
4.88164,-1.85323,0
5.15001,-1.73045,0
5.07761,-1.76196,0
5.2203,-1.70115,0
5.0923,-1.75554,0
4.91729,-1.84355,0
4.84774,-1.87268,0
4.93054,-1.83419,0
5.28353,-1.68238,0
4.78918,-1.89938,0
4.76854,-1.90818,0
5.1565,-1.73018,0
5.32713,-1.65513,0
5.08971,-1.76099,0
5.24279,-1.70073,0
5.00273,-1.80752,0
4.73783,-1.92222,0
5.0306,-1.79724,0
4.97187,-1.82311,0
5.07532,-1.78128,0
3.03088,-2.62716,0
5.28971,-1.6866,0
5.32443,-1.66644,0
5.05205,-1.78962,0
4.77922,-1.90912,0
5.0946,-1.76879,0
4.98951,-1.82371,0
5.25036,-1.71159,0
4.75947,-1.92097,0
4.94603,-1.84511,0
5.03958,-1.7995,0
3.02249,-2.66083,0
4.94508,-1.8438,0
4.96288,-1.84085,0
5.17201,-1.74374,0
5.15948,-1.75521,0
5.25094,-1.71488,0
4.91527,-1.85463,0
3.03564,-2.65565,0
4.74345,-1.92876,0
4.80948,-1.90586,0
5.21094,-1.73174,0
4.91565,-1.85323,0
4.93445,-1.84999,0
2.98594,-2.58217,0
2.97884,-2.58278,0
2.96378,-2.55482,0
5.11606,-1.78789,0
4.76228,-1.93554,0
2.99759,-2.61505,0
2.96384,-2.53424,0
2.96467,-2.56498,0
2.99826,-2.66112,0
2.95621,-2.54415,0
4.85607,-1.89299,0
3.00257,-2.64677,0
5.07793,-1.79372,0
2.96165,-2.54128,0
5.27848,-1.708,0
5.2154,-1.74608,0
2.97698,-2.59873,0
4.8503,-1.89863,0
2.99771,-2.64645,0
4.85591,-1.89489,0
4.91937,-1.86512,0
4.71686,-1.94811,0
2.9933,-2.60309,0
3.08788,-2.67274,0
4.84671,-1.91579,0
2.94874,-2.54204,0
5.15457,-1.79874,0
5.21939,-1.76977,0
2.95822,-2.61621,0
5.17519,-1.78707,0
5.22815,-1.75562,0
4.70419,-1.96982,0
4.90335,-1.89177,0
2.9315,-2.55072,0
5.17926,-1.7712,0
4.95012,-1.87566,0
2.92814,-2.56037,0
4.76488,-1.93825,0
5.13066,-1.78326,0
4.81269,-1.92637,0
2.94992,-2.54612,0
4.92808,-1.86978,0
5.18558,-1.76933,0
2.95514,-2.59043,0
2.94702,-2.5752,0
2.93289,-2.53484,0
4.97111,-1.85557,0
4.8865,-1.88791,0
5.26134,-1.75046,0
4.88503,-1.89231,0
4.68267,-1.97467,0
2.96873,-2.63646,0
5.03209,-1.84085,0
5.2382,-1.73893,0
4.66463,-1.98944,0
4.84386,-1.92732,0
2.89803,-2.51988,0
4.73246,-1.9709,0
5.23596,-1.7783,0
5.11219,-1.82575,0
5.26345,-1.77514,0
5.21603,-1.78705,0
2.91485,-2.59491,0
2.90609,-2.53328,0
2.8961,-2.52587,0
4.77527,-1.95565,0
5.07976,-1.84276,0
5.25853,-1.76883,0
4.78047,-1.95361,0
2.90674,-2.58366,0
5.08107,-1.83222,0
2.90276,-2.55405,0
2.91679,-2.57028,0
2.9377,-2.60234,0
4.80174,-1.9409,0
2.92565,-2.63588,0
2.88985,-2.5473,0
5.05777,1.12093,0
4.97572,1.17398,0
5.08742,1.17901,0
5.04792,1.19892,0
5.08743,1.23384,0
5.11574,1.17211,0
5.10398,1.18513,0
5.14741,0.99996,0
4.97413,1.21118,0
5.10974,1.12009,0
5.09863,1.1099,0
4.96498,1.17155,0
5.09289,1.19075,0
4.98257,1.17462,0
5.118,1.04176,0
5.10922,1.18775,0
5.04377,1.17945,0
5.02494,1.16899,0
5.05873,1.15026,0
5.11508,1.10735,0
5.56163,-1.17834,0
5.08288,1.11874,0
5.10278,1.19996,0
5.5424,-1.08343,0
5.11852,1.1055,0
4.95652,1.17484,0
5.1306,1.05661,0
5.04794,1.18982,0
5.05822,1.15878,0
5.09037,1.14621,0
5.06441,1.19398,0
5.06311,1.20275,0
5.13863,1.04789,0
5.04763,1.19969,0
5.54111,-1.19968,0
5.10375,1.24621,0
5.10605,1.13312,0
5.07243,1.1598,0
5.56078,-1.17433,0
5.06268,1.20017,0
5.08601,1.18629,0
5.53463,-1.20364,0
5.06125,1.22971,0
5.05589,1.13676,0
5.11601,1.13511,0
5.016,1.20116,0
5.03567,1.22415,0
5.12516,1.03983,0
4.97556,1.20583,0
5.12749,1.09925,0
5.55793,-1.0874,0
5.1706,1.08144,0
5.17573,0.94312,0
5.12678,1.19436,0
5.15945,1.1198,0
5.1506,1.02709,0
5.16131,1.14302,0
5.1995,0.88947,0
5.14486,1.06858,0
5.22533,0.75992,0
5.15383,1.15954,0
5.16902,1.0502,0
5.53591,-1.26612,0
5.16055,0.98834,0
5.17273,0.96451,0
5.19136,0.94498,0
5.14563,1.09118,0
5.54458,-1.23477,0
5.53193,-1.23185,0
5.29861,0.91508,0
5.33519,0.88744,0
5.25324,0.93333,0
5.29481,0.69183,0
5.2931,0.9157,0
5.33898,0.88595,0
5.3247,0.83095,0
5.312,0.73668,0
5.27646,0.88967,0
5.25488,0.92213,0
5.30206,0.93329,0
5.34557,0.73198,0
5.31851,0.84933,0
5.24952,0.78284,0
5.33481,0.87341,0
5.2909,0.82902,0
5.3329,0.86501,0
5.24814,0.79113,0
5.26045,0.85755,0
5.34626,0.86566,0
5.26951,0.91029,0
5.33925,0.9123,0
5.35728,0.67452,0
5.33485,0.72128,0
5.33421,0.84398,0
5.19937,0.93278,0
5.31227,0.83619,0
5.31541,0.77208,0
5.29122,0.80456,0
5.35621,0.67557,0
5.35925,0.59078,0
5.2106,0.91854,0
5.31,0.81077,0
5.24535,0.79505,0
5.33293,0.89712,0
5.28473,0.8115,0
5.3023,0.85875,0
5.33702,0.67599,0
5.26715,0.84699,0
5.33554,0.90685,0
5.23248,0.76959,0
5.34958,0.7881,0
5.26881,0.83976,0
5.40557,-1.54255,0
5.29875,0.69685,0
5.27093,0.81208,0
5.22979,0.86944,0
5.27073,0.89762,0
5.24773,0.77455,0
5.33727,0.91178,0
5.31996,0.75798,0
5.23548,0.89683,0
5.3559,0.79922,0
5.259,0.84461,0
5.3336,0.70146,0
5.28068,0.78674,0
5.25276,0.75885,0
5.32963,0.69204,0
5.33709,0.8539,0
5.27942,0.87826,0
5.35046,0.81137,0
5.20865,0.99964,0
5.50231,-1.35691,0
5.20429,1.06439,0
5.21617,1.03039,0
5.2125,0.99428,0
5.21109,1.04404,0
5.196,0.99257,0
5.23818,1.00638,0
5.20069,1.01576,0
5.2084,0.95679,0
5.18205,1.04756,0
5.23416,0.97026,0
5.22099,1.07268,0
5.21999,0.99677,0
5.19003,1.05267,0
5.48568,-1.36158,0
5.21873,1.11103,0
5.2226,1.04247,0
5.21233,0.9385,0
5.19761,0.99873,0
5.4476,-1.38833,0
5.24045,1.04979,0
5.24154,1.03607,0
5.44372,-1.40421,0
5.24387,1.04779,0
5.24854,0.96902,0
5.47892,-1.38325,0
5.24718,1.05577,0
5.24845,0.93752,0
5.43636,-1.38529,0
5.24316,0.99693,0
5.26029,0.99146,0
5.44722,-1.38551,0
5.52734,-1.28691,0
5.53343,-1.28975,0
5.53922,-1.27369,0
5.176,1.12481,0
5.23003,1.10491,0
5.23245,1.07905,0
5.23717,1.0772,0
5.44144,-1.44962,0
5.27935,0.96369,0
5.45905,-1.43454,0
5.44785,-1.44152,0
5.28062,1.01478,0
5.27341,0.96209,0
5.2978,0.95193,0
5.13035,1.19982,0
5.5605,-1.21973,0
5.57627,-1.23742,0
5.58289,-1.23089,0
5.55002,-1.21013,0
4.98077,1.32809,0
5.60826,-0.83246,0
4.9526,1.33336,0
4.98403,1.25511,0
4.89502,1.34088,0
4.98526,1.23405,0
4.95112,1.37763,0
4.96351,1.32143,0
5.63575,-0.90752,0
4.98606,1.2529,0
4.94997,1.37123,0
4.95352,1.25376,0
5.60529,-0.83953,0
4.98154,1.25315,0
4.97504,1.36067,0
5.62603,-0.89082,0
4.96642,1.33521,0
4.93262,1.3351,0
5.62124,-0.99465,0
5.66074,-0.99803,0
4.97332,1.25678,0
4.89677,1.31222,0
5.61728,-0.92875,0
4.98486,1.27664,0
4.95641,1.22644,0
4.94012,1.29101,0
5.61863,-1.02504,0
4.9428,1.32045,0
4.96297,1.25326,0
5.60696,-0.92712,0
5.54294,-1.26964,0
5.67296,-0.88311,0
4.89284,1.41126,0
4.8461,1.41376,0
4.85143,1.37561,0
5.6227,-0.84299,0
5.64947,-0.87831,0
5.64465,-0.80266,0
4.85257,1.37172,0
4.85838,1.3824,0
5.65783,-0.80351,0
5.60521,-0.7239,0
4.8186,1.42798,0
4.77773,1.42532,0
4.91143,1.37526,0
4.8091,1.4101,0
4.82182,1.39574,0
4.81161,1.42453,0
5.64566,-0.83459,0
4.8957,1.42255,0
4.91097,1.3773,0
5.63286,-0.76209,0
4.86166,1.39143,0
4.88543,1.38918,0
5.6617,-0.80921,0
4.87886,1.37887,0
4.83155,1.44496,0
5.65415,-0.81493,0
4.77377,1.42022,0
5.63531,-0.84082,0
5.67593,-0.87864,0
5.64628,-0.78186,0
4.84236,1.392,0
4.84584,1.39244,0
5.6489,-0.90195,0
5.63442,-0.79569,0
5.63556,-0.89796,0
5.66281,-0.85788,0
5.68192,-0.897,0
4.88356,1.41353,0
5.6282,-0.75171,0
5.6306,-0.73663,0
4.81905,1.48295,0
5.46275,-0.18422,0
5.54975,-0.43926,0
4.81741,1.48228,0
5.67661,-0.8194,0
5.6689,-0.70853,0
4.8312,1.45147,0
5.61014,-0.55829,0
5.68912,-0.76717,0
4.77977,1.47531,0
5.65624,-0.78491,0
5.6348,-0.63189,0
5.68514,-0.76933,0
5.54123,-0.42827,0
5.66298,-0.71842,0
5.68071,-0.80342,0
5.65548,-0.6881,0
5.61721,-0.6131,0
5.63405,-0.67816,0
4.75861,1.47025,0
5.66599,-0.70459,0
4.79612,1.48622,0
5.65707,-0.76229,0
5.69864,-0.81153,0
5.55893,-0.42719,0
5.67942,-0.78748,0
5.68518,-0.77079,0
4.78876,1.49025,0
5.62228,-0.6394,0
4.79156,1.47042,0
5.65929,-0.74392,0
5.61536,-0.59105,0
4.82187,1.51294,0
4.82402,1.46797,0
5.653,-0.68094,0
5.63618,-0.68554,0
4.98515,1.36307,0
4.99274,1.31559,0
5.61664,-1.04191,0
5.00975,1.27024,0
5.6484,-0.9238,0
4.89889,1.42556,0
5.65093,-0.92691,0
4.9169,1.39544,0
5.66643,-0.96394,0
5.55854,-0.21027,0
5.46313,-0.16681,0
5.54654,-0.16229,0
5.6133,-0.29774,0
5.5774,-0.28264,0
5.71708,-0.4927,0
4.53263,1.58811,0
4.58951,1.63002,0
4.56569,1.55746,0
5.52617,-0.12425,0
5.6622,-0.58066,0
4.58992,1.64164,0
5.53547,-0.153,0
5.60899,-0.33962,0
5.54962,-0.30595,0
5.49785,-0.20549,0
5.53193,-0.20108,0
5.6814,-0.4256,0
5.61888,-0.36935,0
5.7044,-0.49822,0
5.55188,-0.31954,0
5.68651,-0.47177,0
5.58896,-0.27227,0
5.64836,-0.55676,0
5.60586,-0.28988,0
5.69284,-0.50168,0
5.60297,-0.35249,0
4.55834,1.54871,0
5.56252,-0.35775,0
5.51251,-0.17875,0
5.55272,-0.19952,0
5.48998,-0.15313,0
5.66882,-0.55232,0
5.50862,-0.10866,0
5.67515,-0.40849,0
4.54342,1.61078,0
5.51261,-0.19024,0
5.59783,-0.41099,0
5.486,-0.11525,0
5.52241,-0.21519,0
5.54947,-0.33546,0
5.50311,-0.14186,0
5.64814,-0.56862,0
5.7081,-0.52593,0
5.54964,-0.36594,0
5.60146,-0.38812,0
5.58318,-0.416,0
5.57924,-0.24627,0
4.50293,1.60487,0
4.59369,1.60871,0
5.57022,-0.39051,0
5.60221,-0.33393,0
5.6792,-0.51187,0
4.50592,1.59418,0
5.51943,-0.16024,0
5.51258,-0.19236,0
5.63247,-0.52447,0
5.61088,-0.42754,0
5.69113,-0.51927,0
5.66684,-0.43546,0
5.58237,-0.22364,0
5.55979,-0.32768,0
5.65097,-0.56524,0
4.63042,1.55666,0
5.62241,-0.47595,0
5.68697,-0.50269,0
4.54419,1.55865,0
4.56308,1.56478,0
5.59658,-0.38208,0
5.65612,-0.49995,0
5.61129,-0.32404,0
5.54844,-0.32329,0
5.61116,-0.4039,0
5.65793,-0.53526,0
5.56378,-0.29672,0
5.47147,-0.17176,0
5.63726,-0.36566,0
4.52996,1.62019,0
5.6595,-0.46063,0
5.54237,-0.28558,0
5.67332,-0.55297,0
5.62836,-0.45475,0
5.50811,-0.16266,0
4.56013,1.57536,0
5.68662,-0.47034,0
5.67751,-0.45959,0
5.58928,-0.26617,0
5.72219,-0.53309,0
5.61825,-0.39618,0
5.6637,-0.53453,0
5.49541,-0.14461,0
5.60232,-0.37681,0
5.666,-0.44855,0
5.59949,-0.31972,0
5.70819,-0.51476,0
5.51548,-0.19422,0
5.56885,-0.30039,0
5.46918,-0.17267,0
5.58776,-0.2728,0
5.6414,-0.54622,0
4.53958,1.55132,0
5.64039,-0.44269,0
5.51659,-0.10498,0
5.71309,-0.54134,0
5.52122,-0.13059,0
5.59849,-0.39393,0
5.62508,-0.35797,0
5.47791,-0.19029,0
5.69392,-0.5536,0
5.65967,-0.48242,0
5.64366,-0.39009,0
5.58297,-0.34405,0
4.56528,1.66243,0
5.55923,-0.21772,0
5.61572,-0.49209,0
4.5344,1.60888,0
5.59783,-0.26749,0
5.69591,-0.46398,0
5.58234,-0.35147,0
5.63696,-0.36531,0
4.54601,1.57918,0
5.60477,-0.27649,0
4.64805,1.52577,0
5.59333,-0.2698,0
5.57966,-0.38492,0
5.49864,-0.09274,0
5.63637,-0.38453,0
5.5775,-0.41128,0
5.708,-0.53464,0
4.53775,1.59514,0
5.54597,-0.2173,0
5.64289,-0.52214,0
4.59633,1.60342,0
5.42572,0.67582,0
5.45285,0.69163,0
5.43855,0.54507,0
3.37694,-2.71497,0
5.44909,0.65101,0
5.40935,0.64295,0
5.37358,0.6416,0
5.39325,0.72536,0
5.47441,0.58355,0
5.40207,0.63581,0
5.36516,0.6894,0
5.38815,0.65286,0
5.38775,0.59624,0
5.37878,0.61599,0
5.50708,0.65043,0
5.45307,0.59682,0
5.50188,0.60609,0
5.4224,0.64514,0
5.45862,0.56088,0
5.4801,0.61042,0
5.39386,0.71255,0
5.4734,0.62509,0
3.40756,-2.70142,0
5.43541,0.66845,0
3.41577,-2.7017,0
5.38483,0.70185,0
5.4847,0.60952,0
5.4277,0.67539,0
5.51451,0.65439,0
5.40386,0.52253,0
3.40516,-2.72095,0
5.39788,0.65603,0
5.40932,0.56751,0
5.41476,0.61299,0
5.40802,0.58664,0
5.4033,0.50806,0
5.45996,0.54723,0
5.45803,0.65937,0
5.40351,0.69161,0
5.48205,0.64927,0
5.42091,0.63997,0
5.3855,0.61801,0
5.5106,0.64992,0
5.44898,0.66942,0
5.37316,0.65368,0
5.39735,0.55427,0
5.45281,0.68873,0
5.46902,0.5908,0
5.39848,0.56428,0
5.42636,0.5157,0
5.45903,0.67046,0
3.36457,-2.6828,0
5.46184,0.6575,0
5.4572,0.61672,0
5.46638,0.67813,0
5.41547,0.49557,0
5.45365,0.55125,0
5.39967,0.70853,0
5.38921,0.71216,0
5.40517,0.49509,0
5.39671,0.48422,0
5.49605,0.11101,0
5.56106,0.21341,0
5.59122,0.07913,0
2.80865,-2.53743,0
5.50464,0.32443,0
5.5207,0.00785,0
5.56266,0.21567,0
5.54396,0.11973,0
2.7855,-2.56014,0
5.54153,0.28348,0
5.58067,0.1298,0
5.5461,0.20491,0
5.49371,0.15048,0
2.78205,-2.57312,0
5.60605,0.14056,0
5.58243,0.26467,0
5.46021,0.23501,0
5.54396,0.29899,0
5.44571,0.39308,0
5.48931,0.28803,0
5.52275,0.03998,0
5.55345,0.22592,0
5.53941,0.24305,0
5.4668,0.30141,0
5.52319,-0.01243,0
5.47428,0.14667,0
5.51034,0.25731,0
5.57288,0.01732,0
5.5793,0.20989,0
2.76371,-2.55092,0
5.54323,0.06959,0
5.53544,0.08873,0
5.64252,0.09005,0
5.50828,0.28019,0
5.61703,0.08276,0
5.55205,0.07433,0
5.54491,0.16664,0
2.87887,-2.64094,0
5.53885,0.14601,0
5.52129,0.02368,0
2.76477,-2.54212,0
5.64017,0.10666,0
5.51456,0.21795,0
5.57351,0.15095,0
5.60545,0.1586,0
5.43257,0.37755,0
5.60706,0.09904,0
5.67844,0.14332,0
5.60199,0.2381,0
5.52821,0.00134,0
5.65838,0.13999,0
5.4731,0.22181,0
5.53814,0.22166,0
5.65213,0.1599,0
2.78845,-2.52455,0
5.49198,0.26744,0
5.55799,0.18064,0
2.73198,-2.5131,0
2.87265,-2.61325,0
5.64551,0.18737,0
5.52697,0.26382,0
5.56002,0.12193,0
2.88116,-2.57165,0
5.64862,0.09627,0
2.78684,-2.57358,0
5.47653,0.15972,0
5.66269,0.12802,0
5.48258,0.21495,0
5.59915,0.15373,0
5.46602,0.25593,0
2.82746,-2.58319,0
5.52446,0.13848,0
5.57407,0.18826,0
2.77993,-2.4987,0
2.83718,-2.60872,0
5.68845,0.14054,0
5.48812,0.29393,0
2.81778,-2.56479,0
5.62528,0.17833,0
5.5623,0.02579,0
5.51678,0.24757,0
5.61173,0.13384,0
5.4995,0.30673,0
2.85169,-2.646,0
5.53821,0.08162,0
5.58171,0.24524,0
5.56016,0.21336,0
2.83858,-2.61258,0
5.48403,0.26905,0
5.50765,0.07007,0
5.51522,0.0992,0
5.57469,0.05177,0
5.49165,0.14298,0
5.4929,-0.00964,0
2.78538,-2.5331,0
5.47812,0.15232,0
2.87361,-2.60961,0
5.57522,0.26657,0
2.88096,-2.55442,0
5.49072,0.20924,0
5.58781,0.12209,0
5.52571,0.04926,0
5.5821,0.26518,0
5.5155,0.19688,0
5.55648,0.0063,0
5.61358,0.19061,0
2.72922,-2.51639,0
5.63104,0.19097,0
5.50774,0.13499,0
5.53438,0.25557,0
5.53681,0.17003,0
5.51948,0.16708,0
5.58762,0.11992,0
2.81932,-2.59931,0
5.64845,0.16291,0
5.48649,0.29418,0
5.50681,0.17153,0
2.82355,-2.53358,0
2.90154,-2.61537,0
5.57096,0.22275,0
5.60425,0.15913,0
5.52776,-0.0131,0
2.86427,-2.67108,0
2.82774,-2.55642,0
5.59148,0.0593,0
5.5383,0.07174,0
5.52065,0.04885,0
5.52722,0.17686,0
5.46983,0.37013,0
5.48178,0.26344,0
5.597,0.3353,0
5.57434,0.34153,0
5.58073,0.32805,0
5.48768,0.40397,0
5.46053,0.48033,0
5.54825,0.36029,0
5.50227,0.40017,0
5.54574,0.37995,0
5.60529,0.3824,0
5.52998,0.42291,0
5.61754,0.34155,0
5.53443,0.38511,0
5.43044,0.46593,0
5.64069,0.35156,0
5.58091,0.36819,0
5.45182,0.43251,0
5.57761,0.32095,0
5.61893,0.36728,0
5.53308,0.44218,0
5.54019,0.39634,0
5.60909,0.35222,0
5.50227,0.37055,0
5.42201,0.46745,0
5.57581,0.37061,0
5.54244,0.33283,0
3.06289,-2.68606,0
5.49151,0.4683,0
3.03701,-2.6669,0
3.06512,-2.68016,0
5.56252,0.32765,0
5.56949,0.34419,0
5.45591,0.41605,0
5.43881,0.43079,0
5.42679,0.48051,0
3.06544,-2.68728,0
3.01669,-2.6591,0
5.61456,0.3778,0
5.43171,0.46414,0
5.54026,0.3487,0
3.7579,-2.66413,0
3.68302,-2.63901,0
5.31298,0.99202,0
3.74697,-2.6819,0
5.30503,0.94803,0
3.72842,-2.67733,0
3.78646,-2.68268,0
3.67339,-2.63894,0
5.3018,0.94438,0
3.77186,-2.67582,0
3.79745,-2.66467,0
3.76657,-2.65262,0
3.77689,-2.6562,0
5.30704,0.9519,0
3.16893,-2.70426,0
5.5882,0.46151,0
3.15713,-2.69517,0
3.15121,-2.70066,0
5.52345,0.46433,0
5.58016,0.44203,0
3.19724,-2.70682,0
5.50497,0.51121,0
3.1653,-2.68445,0
3.13794,-2.69311,0
3.14292,-2.68585,0
3.19834,-2.69638,0
5.52479,0.51301,0
5.47044,0.53227,0
5.53755,0.50173,0
5.54351,0.4906,0
5.50677,0.49833,0
3.1724,-2.7026,0
5.52819,0.46375,0
5.57556,0.45874,0
3.17138,-2.6908,0
5.53106,0.49483,0
5.5352,0.45236,0
5.5281,0.46682,0
5.42976,0.72857,0
5.47094,0.72028,0
3.48326,-2.68334,0
5.41838,0.74361,0
5.46496,0.6926,0
3.50033,-2.69034,0
3.48607,-2.69497,0
3.44057,-2.70658,0
5.40488,0.76176,0
5.38118,0.77419,0
5.45864,0.70063,0
5.38781,0.75718,0
5.40978,0.74128,0
5.39505,0.76749,0
5.62218,0.29543,0
2.95423,-2.66339,0
5.63161,0.28892,0
5.61198,0.24607,0
5.65632,0.27342,0
2.92254,-2.65285,0
5.64084,0.22663,0
2.90901,-2.67016,0
5.67282,0.17937,0
2.8896,-2.65549,0
5.67209,0.18284,0
5.65394,0.1973,0
5.6601,0.19139,0
2.90937,-2.66754,0
3.12521,-2.71401,0
3.11472,-2.70823,0
3.10643,-2.70989,0
3.10314,-2.70527,0
3.12334,-2.7072,0
3.99147,-2.60881,0
3.88907,-2.61955,0
3.97042,-2.59307,0
3.96617,-2.66261,0
3.98715,-2.60982,0
3.90225,-2.63661,0
3.89993,-2.60466,0
3.88875,-2.62935,0
3.9582,-2.64658,0
3.92055,-2.62788,0
4.02862,-2.58279,0
4.01288,-2.62031,0
4.03679,-2.55664,0
4.00297,-2.63278,0
4.01175,-2.594,0
4.24771,-2.46345,0
4.3254,-2.45849,0
4.30841,-2.54041,0
4.22627,-2.50055,0
4.31885,-2.48364,0
4.32103,-2.37741,0
4.29882,-2.47418,0
4.22354,-2.50644,0
4.23848,-2.49316,0
4.21845,-2.51791,0
4.29961,-2.4746,0
4.28722,-2.45214,0
4.22642,-2.52739,0
4.34595,-2.32315,0
4.26342,-2.52768,0
4.31674,-2.37947,0
4.29397,-2.47941,0
4.19841,-2.53412,0
4.30562,-2.52214,0
4.33927,-2.42996,0
4.27321,-2.47689,0
4.31614,-2.46606,0
4.29492,-2.49234,0
4.22178,-2.50815,0
4.30214,-2.46746,0
4.2763,-2.53985,0
4.3349,-2.36628,0
4.31005,-2.51008,0
4.31871,-2.48525,0
5.03876,1.30567,0
4.1206,-2.55365,0
4.20726,-2.53852,0
5.03935,1.28991,0
4.21347,-2.58255,0
4.22439,-2.54518,0
4.12839,-2.54091,0
4.05062,-2.54614,0
5.04498,1.27957,0
4.14034,-2.55007,0
5.04319,1.26518,0
5.04722,1.30181,0
4.18722,-2.58055,0
5.00224,1.33364,0
5.03034,1.33051,0
4.23027,-2.55474,0
5.08324,1.2558,0
4.11341,-2.62083,0
4.09347,-2.58425,0
4.07973,-2.59677,0
5.08013,1.25543,0
4.07334,-2.61317,0
4.07535,-2.56962,0
4.08906,-2.57939,0
4.06845,-2.60544,0
5.07822,1.2573,0
4.12452,-2.57839,0
4.12244,-2.59127,0
4.06272,-2.59274,0
4.14568,-2.58753,0
5.04604,1.26684,0
4.37153,-2.28955,0
4.37327,-2.49122,0
4.35676,-2.51113,0
4.34138,-2.43454,0
4.37616,-2.38154,0
4.388,-2.2693,0
4.37129,-2.37181,0
4.37411,-2.43259,0
4.3681,-2.29851,0
4.33306,-2.48215,0
4.3893,-2.29287,0
4.34421,-2.52282,0
4.37288,-2.38832,0
4.34991,-2.39495,0
4.3478,-2.46923,0
4.91924,1.4048,0
5.41497,0.81713,0
5.35988,0.8274,0
3.57983,-2.68143,0
5.41876,0.81343,0
5.39884,0.82807,0
5.37889,0.84026,0
3.62629,-2.66601,0
3.55977,-2.68356,0
5.42023,0.80792,0
3.55507,-2.66051,0
5.421,0.81644,0
5.42166,0.79019,0
5.42015,0.79916,0
3.60525,-2.72125,0
5.40571,0.84282,0
3.52241,-2.67169,0
5.36451,0.83804,0
5.40595,0.83342,0
5.41525,0.8062,0
5.37194,0.84531,0
5.37085,0.82904,0
5.3616,0.86921,0
5.32557,0.94073,0
3.69195,-2.67844,0
3.70066,-2.68183,0
3.71735,-2.6927,0
3.64557,-2.66188,0
3.90833,-2.66251,0
3.85914,-2.66473,0
3.9001,-2.67636,0
3.85172,-2.65278,0
5.26522,1.03938,0
3.90109,-2.66623,0
5.66177,-0.05202,0
2.58792,-2.49804,0
2.6447,-2.46867,0
5.55594,-0.01476,0
5.70813,-0.10415,0
5.66084,-0.01113,0
5.65274,-0.05891,0
5.71853,-0.1613,0
5.60241,-0.05551,0
5.52788,-0.1066,0
5.72851,-0.12634,0
5.59636,-0.20566,0
2.60642,-2.55927,0
2.59204,-2.49296,0
2.56154,-2.47604,0
5.71039,-0.10264,0
5.61513,-0.00737,0
5.52964,-0.10826,0
5.56326,-0.07936,0
5.6163,-0.12948,0
2.66996,-2.52545,0
2.62846,-2.54385,0
2.67471,-2.51223,0
5.6525,-0.02615,0
2.66395,-2.54051,0
2.63538,-2.55441,0
5.62381,-0.08028,0
5.60971,-0.15923,0
5.6747,-0.08602,0
5.65891,-0.15939,0
5.54835,-0.08743,0
2.63498,-2.49182,0
5.62443,-0.04602,0
5.63927,0.02426,0
2.61597,-2.50804,0
5.63185,-0.16095,0
5.59227,-0.1515,0
5.56118,-0.04188,0
5.67515,-0.09139,0
5.63504,-0.06095,0
2.63185,-2.54557,0
5.63149,-0.16888,0
5.55484,-0.03904,0
5.70493,-0.16591,0
5.55816,-0.039,0
5.65091,-0.10528,0
2.65463,-2.53913,0
2.61901,-2.54155,0
5.60276,-0.15825,0
5.6432,-0.14546,0
5.6393,-0.10348,0
2.56155,-2.52611,0
5.66708,-0.06327,0
5.67195,-0.03375,0
2.56512,-2.50983,0
5.59271,0.01387,0
2.63891,-2.49366,0
5.6716,-0.11348,0
5.66799,-0.04765,0
5.63249,-0.13809,0
5.63319,-0.19342,0
2.63517,-2.55271,0
5.68771,-0.14678,0
5.51944,-0.07952,0
5.64218,-0.184,0
5.71246,-0.17446,0
5.67745,-0.02502,0
2.56223,-2.50519,0
5.60643,-0.25719,0
5.53127,-0.12253,0
5.65205,-0.099,0
2.60172,-2.53412,0
5.57996,0.0128,0
5.67166,-0.19017,0
5.7059,-0.08875,0
5.73029,-0.10447,0
5.55695,-0.07533,0
5.53389,-0.04012,0
5.65889,-0.0025,0
5.59295,-0.00056,0
5.59868,-0.06276,0
2.65594,-2.49014,0
5.6175,-0.22741,0
5.65897,-0.07777,0
5.61798,-0.19561,0
5.61317,-0.11611,0
5.65506,-0.17976,0
5.53358,-0.12733,0
5.60141,-0.04532,0
5.60012,-0.07402,0
5.53841,-0.07126,0
3.03335,-2.69161,0
3.02534,-2.69121,0
5.63762,0.30282,0
5.6587,0.31147,0
3.0223,-2.67623,0
5.65804,0.29254,0
5.63066,0.06995,0
5.62352,0.06295,0
5.67826,0.11102,0
5.68064,0.10685,0
5.64132,0.04,0
5.63194,0.04409,0
5.69417,0.13204,0
5.65325,0.0647,0
5.69088,0.09289,0
5.68159,0.10308,0
5.64188,0.04833,0
5.65409,0.08656,0
5.704,0.10096,0
5.67285,0.07176,0
5.64542,0.07998,0
5.67567,0.10945,0
2.80836,-2.63263,0
2.8181,-2.63618,0
5.69439,0.04985,0
2.8181,-2.64426,0
5.65372,0.02216,0
5.67101,0.05475,0
2.81199,-2.63414,0
2.74304,-2.55935,0
2.79632,-2.60762,0
5.72021,0.07734,0
2.71989,-2.5326,0
5.66186,0.02911,0
5.68872,0.06971,0
2.78987,-2.59873,0
2.7269,-2.54603,0
5.70493,0.14704,0
5.6886,0.22711,0
5.68029,0.19366,0
5.64762,0.24177,0
2.93513,-2.66515,0
5.68282,0.21284,0
2.77389,-2.60166,0
2.73748,-2.56554,0
2.69781,-2.52625,0
2.69125,-2.54573,0
5.73563,0.03419,0
2.77363,-2.6204,0
2.72117,-2.57363,0
2.76548,-2.60105,0
5.69852,0.01244,0
2.69976,-2.56742,0
2.76346,-2.61516,0
5.70491,0.01342,0
2.75805,-2.62864,0
2.74698,-2.59654,0
5.67949,0.02826,0
2.71376,-2.58296,0
2.70133,-2.53325,0
2.70949,-2.55014,0
5.67912,-0.00898,0
5.71471,-0.01948,0
2.69252,-2.57724,0
5.7172,-0.01611,0
5.70564,-0.04533,0
5.70898,-0.04506,0
5.7166,-0.02314,0
5.70948,-0.04831,0
2.70189,-2.59411,0
5.71342,-0.05414,0
2.66796,-2.56802,0
2.70084,-2.6074,0
2.68212,-2.58936,0
5.72872,-0.06909,0
5.72437,-0.07079,0
2.63951,-2.56263,0
2.77989,-2.62959,0
2.73978,-2.62334,0
2.67791,-2.6118,0
2.67834,-2.60578,0
2.67988,-2.61142,0
5.74293,0.03086,0
2.56112,-2.54867,0
5.68676,-0.20415,0
5.75431,-0.15126,0
5.73507,-0.21098,0
4.2663,1.80304,0
5.74643,-0.15674,0
2.56284,-2.55744,0
5.63047,-0.2485,0
5.6235,-0.27576,0
2.55327,-2.53286,0
4.28526,1.81753,0
5.72083,-0.17854,0
5.66791,-0.24897,0
5.62928,-0.28073,0
2.55872,-2.53711,0
2.53194,-2.51365,0
5.67284,-0.21618,0
5.68468,-0.23122,0
2.56823,-2.56547,0
5.7304,-0.20499,0
5.6293,-0.25835,0
4.45982,1.69759,0
5.67964,-0.37222,0
2.46397,-2.47808,0
5.72831,-0.33727,0
4.41972,1.72222,0
5.70592,-0.36328,0
4.43837,1.7039,0
4.45184,1.71108,0
4.43886,1.7369,0
5.75705,-0.31322,0
5.65189,-0.27824,0
5.7023,-0.38488,0
5.70402,-0.26419,0
5.76042,-0.35054,0
5.75925,-0.31774,0
5.6609,-0.30672,0
5.6981,-0.28965,0
5.71641,-0.27578,0
5.74372,-0.2859,0
5.67044,-0.33448,0
5.70396,-0.26312,0
5.68763,-0.36355,0
5.71262,-0.29767,0
5.69953,-0.31149,0
5.69846,-0.37354,0
5.701,-0.36991,0
5.76129,-0.33715,0
5.70223,-0.28773,0
5.69637,-0.39278,0
4.49742,1.65415,0
5.66662,-0.32071,0
5.68723,-0.31707,0
5.6708,-0.32759,0
4.5044,1.64265,0
5.7516,-0.31703,0
4.43691,1.73702,0
5.69733,-0.28955,0
5.72266,-0.30118,0
5.68068,-0.26988,0
5.71621,-0.28744,0
5.76439,-0.28107,0
5.72501,-0.23537,0
2.5071,-2.50279,0
2.47526,-2.51322,0
2.51627,-2.50504,0
5.76835,-0.28175,0
5.73819,-0.26009,0
4.37663,1.76258,0
2.45878,-2.49087,0
5.76254,-0.28523,0
4.3833,1.75979,0
2.50291,-2.50697,0
5.77872,-0.28494,0
4.31443,1.78481,0
5.76013,-0.19751,0
5.74991,-0.22178,0
4.27368,1.81609,0
2.58452,-2.56452,0
5.7664,-0.24,0
5.76727,-0.22019,0
5.76896,-0.21599,0
2.51011,-2.53106,0
4.35112,1.79607,0
5.77403,-0.31157,0
5.77003,-0.31497,0
4.39066,1.77464,0
5.78501,-0.33191,0
4.46651,1.71321,0
4.4996,1.65432,0
4.50556,1.69968,0
5.74689,-0.37187,0
5.73602,-0.38788,0
4.50824,1.64965,0
4.50574,1.71188,0
5.73746,-0.42364,0
5.70768,-0.41326,0
5.71675,-0.42307,0
5.77362,-0.40781,0
4.50576,1.68992,0
4.47794,1.69989,0
5.73496,-0.45034,0
5.79076,-0.42384,0
5.76897,-0.41731,0
5.72427,-0.40777,0
5.72248,-0.45604,0
5.73295,-0.37982,0
5.7722,-0.42413,0
5.77079,-0.38688,0
5.75838,-0.41642,0
5.76292,-0.39107,0
5.78149,-0.42365,0
5.70563,-0.42177,0
4.65452,1.54609,0
4.63982,1.55456,0
4.67794,1.50769,0
4.62404,1.60463,0
4.6392,1.56219,0
5.76727,-0.46726,0
5.74964,-0.46134,0
4.61798,1.61156,0
4.4979,1.7198,0
5.78449,-0.38834,0
5.76634,-0.37197,0
5.76749,-0.37804,0
5.7925,-0.40793,0
4.46153,1.74024,0
4.46334,1.72732,0
4.45467,1.75475,0
5.78631,-0.34345,0
4.64538,1.57895,0
5.75379,-0.50931,0
4.59473,1.66841,0
5.75771,-0.50517,0
4.62334,1.61806,0
4.63175,1.60135,0
4.71214,1.50344,0
5.76085,-0.581,0
5.73851,-0.56241,0
5.6673,-0.59646,0
5.74571,-0.55807,0
5.72691,-0.56243,0
5.68396,-0.63597,0
5.67318,-0.58005,0
5.69265,-0.63857,0
5.65642,-0.59453,0
5.67227,-0.62062,0
4.66744,1.59941,0
4.63452,1.61208,0
5.69938,-0.56578,0
4.68311,1.53236,0
5.74029,-0.59821,0
4.72124,1.49648,0
5.68954,-0.5704,0
4.73551,1.56209,0
4.70415,1.57452,0
5.71138,-0.647,0
4.73996,1.54955,0
5.72466,-0.63976,0
5.74128,-0.62365,0
5.72709,-0.64188,0
4.74644,1.54061,0
4.7284,1.54409,0
4.7346,1.51228,0
4.73788,1.54066,0
5.66773,-0.66249,0
5.70859,-0.66325,0
4.72013,1.59891,0
4.70791,1.60848,0
4.72208,1.60026,0
5.75102,-0.63143,0
4.72555,1.56776,0
5.69114,-0.67231,0
4.71221,1.5779,0
5.70308,-0.65728,0
5.73989,-0.64914,0
5.73484,-0.63776,0
4.69012,1.60311,0
4.69231,1.61052,0
4.76059,1.51962,0
4.74136,1.56466,0
5.69232,-0.69263,0
5.74648,-0.66984,0
5.70593,-0.68573,0
5.68631,-0.70541,0
5.72874,-0.68242,0
5.73655,-0.6893,0
5.73195,-0.68945,0
5.72412,-0.71541,0
5.74408,-0.69328,0
5.71419,-0.73772,0
4.80356,1.52679,0
5.68479,-0.74551,0
5.73657,-0.73784,0
5.69937,-0.78282,0
4.80896,1.53473,0
5.71225,-0.74912,0
4.78973,1.541,0
5.74664,-0.73938,0
4.86746,1.49551,0
5.70524,-0.82494,0
5.69938,-0.8427,0
4.85862,1.47931,0
4.86436,1.46994,0
4.87103,1.48663,0
4.86284,1.48257,0
5.74605,-0.79052,0
4.80286,1.54582,0
5.74884,-0.74648,0
5.76239,-0.68391,0
4.78337,1.56829,0
5.75219,-0.76426,0
5.78841,-0.37096,0
5.7094,0.19775,0
5.70469,0.18967,0
5.71195,0.18771,0
5.76919,-0.09473,0
5.75771,-0.09302,0
5.57211,0.48729,0
5.50483,0.54202,0
3.22208,-2.68915,0
5.54161,0.51176,0
5.62118,0.43435,0
5.50918,0.55369,0
5.61359,0.4503,0
5.57405,0.48533,0
5.61551,0.43041,0
5.6162,0.43808,0
5.53089,0.51867,0
3.23802,-2.67427,0
3.22725,-2.68764,0
5.60059,0.47485,0
5.49357,0.57444,0
5.51039,0.66051,0
5.52471,0.62262,0
5.54468,0.66004,0
5.49942,0.58871,0
5.5092,0.60355,0
5.52155,0.61795,0
3.22694,-2.69782,0
5.57401,0.54774,0
5.49996,0.56293,0
5.56423,0.55771,0
5.58738,0.50007,0
3.24903,-2.68897,0
5.51182,0.55455,0
3.28862,-2.69784,0
3.32828,-2.71197,0
5.53244,0.58461,0
3.35479,-2.71904,0
5.54741,0.60512,0
5.52858,0.61954,0
5.54312,0.60819,0
5.52353,0.59273,0
3.3532,-2.721,0
3.31609,-2.72877,0
3.31617,-2.71092,0
5.59519,0.49342,0
3.23278,-2.71732,0
3.23067,-2.71634,0
5.62378,0.38177,0
5.64198,0.36406,0
3.03375,-2.70238,0
3.01791,-2.68963,0
3.14551,-2.7084,0
3.156,-2.71468,0
3.14806,-2.71157,0
3.7473,-2.69322,0
5.34283,0.94188,0
5.33843,0.95533,0
3.72859,-2.67873,0
3.61097,-2.72099,0
5.43972,0.82996,0
5.42112,0.83963,0
5.5345,0.62962,0
5.54815,0.62134,0
3.71942,-2.69638,0
3.75101,-2.70473,0
3.71408,-2.71725,0
3.71217,-2.71455,0
3.72473,-2.70517,0
3.8347,-2.68484,0
3.81695,-2.69409,0
3.29811,-2.74536,0
3.94015,-2.69292,0
3.95371,-2.6707,0
3.923,-2.68479,0
3.97381,-2.67224,0
3.66046,-2.71536,0
3.55164,-2.705,0
3.62187,-2.73405,0
5.43368,0.76581,0
3.51651,-2.72943,0
3.50721,-2.69326,0
5.47054,0.74007,0
3.56081,-2.73586,0
3.5571,-2.74432,0
5.46386,0.73722,0
3.67934,-2.71201,0
3.66785,-2.74425,0
3.67497,-2.71339,0
3.80125,-2.71837,0
3.87017,-2.68067,0
3.87124,-2.7072,0
3.86479,-2.68379,0
3.89043,-2.69058,0
3.88241,-2.70313,0
4.02186,-2.65755,0
4.04394,-2.66699,0
4.01443,-2.65331,0
4.05827,-2.65211,0
4.02478,-2.65375,0
4.04473,-2.65764,0
4.00917,-2.657,0
4.27809,-2.57681,0
4.3189,-2.56018,0
4.3585,-2.5417,0
4.35527,-2.53874,0
4.39444,-2.36884,0
4.06491,-2.67825,0
3.70563,-2.72341,0
3.715,-2.7304,0
3.74154,-2.73079,0
4.21442,-2.6027,0
4.17692,-2.60948,0
4.19881,-2.59961,0
4.22403,-2.59865,0
4.16211,-2.59124,0
4.16861,-2.60001,0
5.06663,1.26818,0
4.14598,-2.60308,0
4.23614,-2.62224,0
4.42409,-2.3669,0
4.39302,-2.51749,0
4.4263,-2.41455,0
4.43263,-2.37669,0
4.42367,-2.47704,0
4.4148,-2.37416,0
4.43181,-2.46614,0
4.38944,-2.44667,0
4.42581,-2.27264,0
4.44272,-2.39551,0
4.39809,-2.38354,0
4.40808,-2.54936,0
4.39799,-2.50551,0
4.46057,-2.22017,0
4.39277,-2.4684,0
4.44615,-2.2755,0
4.44315,-2.22148,0
4.40821,-2.31775,0
4.42059,-2.22601,0
4.44654,-2.31086,0
4.3921,-2.47828,0
4.43222,-2.43868,0
4.4239,-2.21616,0
4.4057,-2.38328,0
4.4283,-2.50501,0
4.41064,-2.4412,0
4.41654,-2.42679,0
4.42029,-2.29689,0
4.4291,-2.38457,0
4.43861,-2.26692,0
4.42136,-2.24401,0
4.39517,-2.56333,0
4.4698,-2.44541,0
4.52657,-2.30427,0
4.50016,-2.39815,0
4.47416,-2.15321,0
4.46071,-2.48518,0
4.44491,-2.47443,0
4.47537,-2.3127,0
4.54823,-2.36141,0
4.48069,-2.18494,0
4.51913,-2.14822,0
4.51006,-2.2569,0
4.48913,-2.37343,0
4.48007,-2.17223,0
4.54414,-2.3185,0
4.5498,-2.32468,0
4.50101,-2.154,0
4.52351,-2.48488,0
4.52758,-2.35666,0
4.51675,-2.39612,0
4.52361,-2.10936,0
4.52809,-2.45682,0
4.51802,-2.32853,0
4.47963,-2.45376,0
4.51329,-2.20239,0
4.45491,-2.38106,0
4.53012,-2.25042,0
4.51317,-2.2667,0
4.45125,-2.41026,0
4.49646,-2.29731,0
4.47663,-2.17826,0
4.44876,-2.41496,0
4.48578,-2.25865,0
4.54375,-2.14967,0
4.56694,-2.05112,0
4.50398,-2.3588,0
4.4692,-2.48829,0
4.52743,-2.29889,0
4.54785,-2.19371,0
4.54769,-2.22231,0
4.49759,-2.36382,0
4.46683,-2.45197,0
4.55514,-2.08997,0
4.46367,-2.46594,0
4.52834,-2.15357,0
4.46412,-2.46645,0
4.5056,-2.3357,0
4.53089,-2.25381,0
4.46367,-2.32501,0
4.52795,-2.1872,0
4.49307,-2.48822,0
4.47934,-2.20097,0
4.44409,-2.41534,0
4.49953,-2.28545,0
4.4683,-2.19759,0
4.51589,-2.16542,0
4.54636,-2.15215,0
4.54373,-2.24608,0
4.49033,-2.24955,0
4.5218,-2.34935,0
4.50509,-2.25566,0
4.47614,-2.22377,0
4.54927,-2.17173,0
4.5507,-2.28985,0
4.54182,-2.31735,0
4.54835,-2.08508,0
4.52596,-2.14011,0
4.50426,-2.13471,0
4.25784,-2.60325,0
4.16548,-2.63422,0
4.16902,-2.63284,0
4.16285,-2.63476,0
4.09698,-2.68062,0
4.34303,-2.5968,0
4.31755,-2.59894,0
5.43203,0.76784,0
3.5871,-2.76659,0
3.6064,-2.77206,0
3.58332,-2.76391,0
3.60335,-2.77573,0
3.56784,-2.73597,0
3.61045,-2.76859,0
3.61165,-2.74901,0
3.593,-2.74668,0
3.60594,-2.74306,0
3.57882,-2.73418,0
3.12556,-2.724,0
3.196,-2.75449,0
3.18169,-2.74194,0
3.13428,-2.71782,0
3.13663,-2.73391,0
3.20174,-2.74587,0
3.21038,-2.7427,0
3.18561,-2.7552,0
3.16057,-2.7517,0
3.14674,-2.73371,0
3.04958,-2.70869,0
3.0351,-2.71344,0
2.64193,-2.63087,0
2.60079,-2.59366,0
2.84705,-2.68158,0
2.82035,-2.68195,0
2.79309,-2.66132,0
2.80142,-2.66925,0
2.84107,-2.66886,0
2.84469,-2.67968,0
2.79823,-2.64645,0
3.12313,-2.76044,0
3.13219,-2.73918,0
3.14738,-2.75547,0
3.1383,-2.75133,0
5.6625,0.32297,0
2.88846,-2.69599,0
2.60571,-2.62792,0
2.60059,-2.61925,0
2.53836,-2.5556,0
2.59382,-2.59182,0
2.60174,-2.61792,0
3.01238,-2.72635,0
3.03118,-2.73837,0
2.97604,-2.69508,0
2.94877,-2.71159,0
2.97953,-2.70622,0
2.96146,-2.72178,0
5.70917,0.17395,0
5.73592,0.11369,0
5.68443,-0.86868,0
5.75024,-0.79078,0
5.73125,-0.85232,0
5.39403,0.87828,0
5.40057,0.88053,0
3.77282,-2.73557,0
3.74697,-2.7379,0
3.79963,-2.73722,0
3.7812,-2.73501,0
5.39404,0.89086,0
5.42638,0.84871,0
5.47836,0.75339,0
5.45072,0.79007,0
3.63136,-2.75665,0
5.4764,0.74641,0
5.45111,0.80435,0
3.68581,-2.76309,0
3.82025,-2.76462,0
3.78302,-2.75298,0
3.83344,-2.73803,0
3.82811,-2.71198,0
5.46089,0.82628,0
3.91023,-2.69334,0
3.84294,-2.7358,0
3.87435,-2.7238,0
3.89509,-2.74246,0
3.88506,-2.72384,0
3.87864,-2.71914,0
3.91538,-2.68959,0
3.84344,-2.74532,0
3.87057,-2.73539,0
5.37385,0.93664,0
3.90165,-2.72575,0
5.37419,0.93668,0
5.27929,1.03003,0
4.00339,-2.72496,0
3.98762,-2.70917,0
3.93613,-2.70556,0
4.01377,-2.71156,0
5.30188,1.0158,0
3.98931,-2.71924,0
4.01516,-2.70559,0
3.91806,-2.71432,0
5.26922,1.03227,0
3.98734,-2.70206,0
3.63992,-2.77636,0
3.64158,-2.77996,0
3.4961,-2.78927,0
3.4984,-2.7588,0
3.48838,-2.74814,0
3.52993,-2.7542,0
3.45291,-2.72543,0
3.43735,-2.75613,0
3.45008,-2.75024,0
3.48439,-2.78168,0
3.46271,-2.74397,0
3.45963,-2.74294,0
3.44808,-2.7705,0
3.50685,-2.77584,0
3.44723,-2.739,0
3.48182,-2.78746,0
3.45203,-2.77333,0
3.40186,-2.76915,0
3.38029,-2.75951,0
3.4221,-2.79484,0
5.5995,0.538,0
3.41217,-2.7772,0
3.41159,-2.75349,0
3.33863,-2.72841,0
3.35924,-2.76721,0
3.39844,-2.78753,0
3.41018,-2.76395,0
3.32185,-2.74134,0
3.35276,-2.76229,0
5.57125,0.61731,0
3.55557,-2.7865,0
5.50536,0.69443,0
3.58575,-2.78704,0
5.51559,0.69985,0
3.56787,-2.80422,0
5.54766,0.66376,0
3.57127,-2.80545,0
3.61763,-2.79018,0
5.53617,0.70269,0
3.62821,-2.79461,0
3.68747,-2.78043,0
3.72203,-2.79537,0
3.67561,-2.79865,0
3.52693,-2.80149,0
3.63078,-2.79497,0
5.52164,0.71568,0
3.65764,-2.80977,0
3.65433,-2.80992,0
3.63692,-2.78955,0
3.55439,-2.80505,0
5.58864,0.59464,0
5.58793,0.57527,0
5.58284,0.58348,0
3.46747,-2.78677,0
3.2764,-2.79346,0
3.26409,-2.74183,0
3.32547,-2.77363,0
5.6406,0.41696,0
5.68117,0.3743,0
3.24692,-2.74193,0
3.33794,-2.75814,0
5.66565,0.3475,0
3.27181,-2.77341,0
3.33503,-2.75728,0
5.6539,0.42005,0
3.25513,-2.76648,0
5.67323,0.38067,0
3.29881,-2.77555,0
3.25507,-2.7498,0
3.29769,-2.76083,0
5.57634,0.6341,0
5.5619,0.65206,0
3.57821,-2.81328,0
3.35709,-2.77942,0
5.61454,0.50589,0
3.40471,-2.80186,0
5.64354,0.46819,0
5.62378,0.49744,0
5.61844,0.50415,0
5.63935,0.49801,0
3.76323,-2.78918,0
3.77501,-2.78373,0
3.76803,-2.76854,0
3.78088,-2.78964,0
3.80162,-2.77497,0
3.83944,-2.76651,0
3.93021,-2.72083,0
3.89426,-2.7762,0
3.91778,-2.75519,0
