"Points:0","Points:1","Points:2"
0.67985,0.73382,0
2.1652,-0.07816,0
0.70449,-0.66057,0
4.29729,0.75073,0
2.51231,-0.51921,0
2.51795,-0.70517,0
0.64762,-0.05679,0
3.65843,-1.01535,0
2.58522,0.73509,0
3.21877,1.04161,0
3.72264,-0.47151,0
3.71146,0.49367,0
3.91362,-1.06987,0
1.50385,-0.46968,0
3.84609,1.21254,0
1.84378,0.69891,0
4.34502,-0.76879,0
0.63547,0.23501,0
4.34251,-0.68244,0
1.84608,-0.44854,0
0.57324,0.7233,0
0.7478,0.36796,0
1.30267,-1.17105,0
4.3423,0.36717,0
1.88447,-1.23303,0
3.50286,1.24557,0
1.6832,-1.23617,0
1.5224,-0.71646,0
2.15305,-0.49234,0
2.56536,0.75155,0
3.21382,1.02229,0
4.36747,0.04546,0
2.37825,-0.33321,0
2.01274,-0.59557,0
0.52961,-0.58299,0
3.09377,-0.78724,0
2.23692,-0.47969,0
1.86499,0.91093,0
1.06633,-1.07139,0
3.1716,0.40191,0
0.84658,-0.09832,0
1.69393,0.90104,0
3.97159,-0.69192,0
2.59507,1.05139,0
1.44505,-0.1954,0
3.13258,-0.06802,0
3.20362,-0.32992,0
2.77539,0.10879,0
4.47204,0.79151,0
3.24944,0.20775,0
2.20883,-0.29106,0
4.36291,0.69094,0
4.08604,-0.43803,0
3.96759,0.09595,0
2.32183,0.35787,0
3.04696,-0.49577,0
2.34488,-0.56431,0
3.4074,0.9429,0
1.0947,0.24689,0
3.35868,0.42617,0
2.86929,1.11341,0
3.98671,-0.30564,0
4.02036,0.9539,0
1.57736,0.58481,0
2.46706,0.23943,0
3.57667,-0.97434,0
4.28686,0.33572,0
2.91308,0.41996,0
0.95989,0.8767,0
2.86841,0.4433,0
4.43797,-0.34464,0
1.09787,-0.66625,0
3.14911,-1.20813,0
3.20198,0.91527,0
2.8734,0.51332,0
1.55756,0.11972,0
1.5059,0.56028,0
3.24661,0.82226,0
3.8389,0.65341,0
1.14182,0.95114,0
2.34897,-0.77414,0
1.1065,-0.19379,0
3.20201,-1.0199,0
2.83666,0.39183,0
0.95333,-0.15917,0
2.88621,-0.87975,0
1.38638,0.95139,0
3.92131,0.29867,0
1.01539,1.19394,0
4.32362,-0.87178,0
1.45993,0.29457,0
2.11069,0.10544,0
1.79026,-0.23876,0
3.7732,0.58149,0
0.73152,0.558,0
1.21722,-1.02176,0
2.5941,-0.7939,0
2.76041,0.42757,0
2.40165,0.87992,0
1.58403,-0.36486,0
3.08896,0.77259,0
2.26499,0.10505,0
3.00776,0.07905,0
2.68333,-0.4692,0
1.09594,0.30703,0
1.17177,-1.15624,0
2.94007,1.12841,0
1.65894,0.95769,0
1.45051,-0.99183,0
3.27744,-0.21454,0
2.59071,1.12054,0
4.03401,0.41483,0
2.13295,0.91997,0
2.77868,-1.0022,0
2.13277,0.6282,0
3.6819,0.94509,0
4.31303,-0.6009,0
1.58568,-0.95802,0
3.2121,0.76845,0
3.14266,0.27169,0
2.15628,-0.41332,0
0.89239,-0.88766,0
3.36083,-0.93064,0
2.00894,0.38246,0
2.05968,0.17986,0
3.27824,-0.9487,0
2.44257,0.62512,0
3.74938,0.94156,0
2.96571,0.04391,0
2.90711,0.80346,0
3.86056,0.34808,0
3.87592,-0.2577,0
3.92053,-0.07025,0
0.72683,-0.37559,0
3.35723,-1.21733,0
4.41808,1.2368,0
1.66003,0.96215,0
1.33876,0.40592,0
2.96188,0.53039,0
1.85846,-1.13734,0
1.74768,0.60961,0
1.09065,0.0226,0
4.31793,-0.4975,0
3.27997,-0.44691,0
3.93539,0.27891,0
3.62443,1.23849,0
4.48832,-0.53822,0
4.48386,-1.19398,0
2.32423,1.11833,0
2.67303,-0.06384,0
0.99193,-0.51516,0
2.93367,0.78708,0
3.66064,0.92937,0
1.84549,0.22307,0
1.10985,1.19719,0
3.43285,-0.53023,0
3.54924,-0.31668,0
2.06548,-0.04834,0
1.59808,1.16824,0
1.78332,-0.72952,0
3.6909,-0.01838,0
3.98949,0.44197,0
2.80067,-0.48083,0
3.77445,-0.18613,0
0.78175,0.87156,0
2.04127,-1.09145,0
3.2797,1.21175,0
1.83881,0.3536,0
2.43714,0.03357,0
0.73235,-1.07799,0
1.27965,-0.7817,0
0.58727,0.00805,0
1.45213,-0.91597,0
1.8508,0.34683,0
1.23374,0.83566,0
0.9458,0.49728,0
0.60195,-0.01626,0
1.17356,0.08225,0
3.03092,-0.27839,0
2.71406,0.24543,0
3.45374,-0.92915,0
3.03401,1.04329,0
1.17789,-0.77697,0
4.43788,-0.22452,0
0.79712,0.5208,0
2.59326,0.6581,0
1.24939,-0.17693,0
2.69876,-1.01117,0
3.72199,0.46422,0
1.17889,-0.79518,0
0.88248,-0.82575,0
1.74292,0.18328,0
2.11595,0.38531,0
2.5082,-0.75528,0
1.1699,-0.35065,0
4.23906,0.16623,0
2.87878,1.14132,0
2.58539,-0.74086,0
3.56788,-0.10676,0
2.6476,-0.96644,0
4.10113,-0.50117,0
2.20358,0.22535,0
3.59132,0.73579,0
3.98518,-0.47886,0
1.63914,0.0138,0
2.88879,0.93946,0
2.13336,0.04857,0
1.09723,0.58109,0
3.7838,-0.4708,0
2.64321,0.81178,0
1.30721,0.33422,0
4.27915,0.37062,0
4.4401,-0.29732,0
4.49928,1.10546,0
1.92036,-0.41352,0
0.54686,-0.19681,0
1.50259,1.12489,0
3.44307,1.01147,0
2.20118,-0.67014,0
3.29485,-0.29565,0
1.62896,0.30574,0
2.51204,-0.12517,0
2.5744,-0.80437,0
3.14747,-0.32516,0
2.66,0.65043,0
0.66328,0.29224,0
2.62141,0.60014,0
3.30943,0.79235,0
4.35089,-0.90555,0
1.77246,0.21273,0
1.37465,-0.93997,0
2.37967,-0.45077,0
3.98464,0.73493,0
3.98188,0.09183,0
1.77988,0.41797,0
4.1791,-0.21226,0
1.77239,-0.06425,0
0.86962,0.33119,0
3.73506,-0.33197,0
2.68724,-0.84439,0
2.65705,0.14133,0
3.6287,0.54231,0
4.06451,-0.5558,0
2.7609,-0.18874,0
3.01065,-0.18164,0
4.1024,0.56582,0
1.95228,0.61806,0
3.9732,-0.20808,0
2.30148,-0.29613,0
1.35545,-1.12935,0
3.4797,-0.04866,0
1.05769,0.73153,0
1.6793,-0.59239,0
3.27732,0.87653,0
1.25728,0.75525,0
2.19656,-1.13818,0
3.82789,-0.11549,0
0.95504,1.09936,0
1.30431,-1.08884,0
2.39176,0.18013,0
1.83588,0.8516,0
3.35791,-1.16572,0
4.15442,-0.49149,0
2.16681,1.10934,0
0.67567,-0.04267,0
0.88499,-0.01201,0
2.39858,0.94193,0
1.13865,-0.47952,0
1.93201,0.57337,0
4.4391,1.21593,0
3.525,-0.58061,0
1.66801,0.75273,0
2.64795,-0.65785,0
1.85711,-0.18749,0
3.84456,-0.75034,0
1.31669,0.98091,0
2.56868,0.94808,0
2.18124,0.76313,0
4.41057,0.84936,0
2.55716,-0.12362,0
2.27101,0.83736,0
4.29059,0.18068,0
2.98468,1.02323,0
0.88204,0.16141,0
3.43217,-0.08481,0
0.59743,-0.58764,0
3.64682,-0.25968,0
3.84044,0.48797,0
2.13432,0.08451,0
3.55185,0.51189,0
1.82839,-1.12401,0
3.3789,-0.32407,0
3.58135,-0.58648,0
1.29942,-0.2636,0
0.8037,-0.90415,0
0.67839,0.02762,0
0.64702,0.14955,0
4.26072,-1.21468,0
1.57152,0.50531,0
3.08004,-0.72416,0
1.348,-0.2666,0
0.70995,0.43773,0
1.84548,0.6459,0
2.63719,0.89668,0
2.85123,0.10814,0
1.57837,1.01086,0
1.98301,0.0889,0
1.18483,0.16138,0
1.17273,0.15776,0
2.36244,-0.53937,0
4.49313,1.23906,0
2.58305,-0.76676,0
3.15104,-0.06823,0
3.26825,-0.8081,0
1.38248,0.87319,0
1.90596,-1.05138,0
2.17194,-0.33696,0
0.94527,-0.89664,0
4.04708,-0.28427,0
1.17365,-1.17541,0
1.77861,-0.65334,0
1.92461,-0.07235,0
1.3134,-1.11944,0
2.97186,-0.98866,0
1.52779,0.18914,0
0.51688,1.2044,0
2.98681,-0.6718,0
2.75663,0.47583,0
4.38114,-0.51632,0
4.23096,-1.00706,0
4.27464,-0.73074,0
2.26029,0.57443,0
0.97201,1.24843,0
1.84279,-0.85148,0
3.71773,-0.61712,0
4.20501,-0.49903,0
2.53565,-0.28455,0
2.34622,-0.36418,0
1.86764,0.22519,0
1.27076,-0.87566,0
1.96347,-0.34255,0
0.80514,-0.54389,0
2.49057,-0.4471,0
1.19624,0.48017,0
1.80074,-1.17646,0
2.78341,0.99968,0
0.85869,0.4604,0
4.42051,-1.15482,0
4.49401,-0.66078,0
3.44117,1.01692,0
3.80025,-0.72824,0
3.20255,0.85227,0
3.53202,1.01489,0
3.8987,0.23672,0
1.00482,-0.63427,0
3.01991,-0.31302,0
3.23418,1.17732,0
1.45915,-0.72223,0
4.35098,0.63226,0
4.47558,0.21444,0
2.46851,0.7806,0
2.13414,-0.09916,0
2.48896,-1.05841,0
2.70199,0.64681,0
1.44761,-1.16713,0
0.80979,-1.11673,0
3.42436,-0.78921,0
1.65136,-0.16155,0
2.63512,1.12077,0
3.91178,-0.30786,0
1.37085,0.88493,0
3.44669,-1.13003,0
3.70969,-0.4862,0
0.89503,0.25276,0
2.35802,-0.36481,0
2.94042,-0.11967,0
2.90078,-0.76318,0
1.24267,-0.25739,0
2.47652,-0.80882,0
2.13125,0.91749,0
1.0827,-0.82952,0
0.83254,0.62505,0
1.67694,-1.23427,0
3.21534,0.12926,0
3.57936,1.17545,0
2.9529,0.18751,0
2.9453,0.80042,0
1.59347,0.57278,0
1.65796,0.26252,0
2.92301,1.24347,0
2.94084,0.17445,0
1.3419,-0.52929,0
2.65531,-0.88647,0
1.74288,0.9644,0
1.25389,-0.48351,0
1.66173,-0.63503,0
3.75994,-0.15451,0
1.54263,-0.40501,0
0.61178,1.02627,0
1.21001,-0.41157,0
3.10857,-0.76638,0
0.79325,-0.6038,0
3.68416,0.8215,0
2.97184,-1.1642,0
2.58533,-0.75524,0
1.13954,0.9081,0
1.3435,-1.19101,0
2.63868,0.98064,0
3.8027,-0.47056,0
1.60283,1.1741,0
4.20421,-0.14176,0
0.73127,-1.23028,0
3.71721,1.06897,0
1.10392,-0.68441,0
2.41701,0.08399,0
1.5473,0.62701,0
1.46157,-0.35254,0
4.0568,-1.17232,0
4.22795,-0.95864,0
2.36206,-0.62802,0
4.15693,-0.11572,0
0.5673,1.09748,0
1.55383,-0.91041,0
4.122,0.42169,0
2.30145,-0.06844,0
3.82497,0.91149,0
3.8093,-1.17934,0
4.42364,-0.52673,0
3.08214,-0.25736,0
1.14554,-0.66512,0
1.7948,0.70312,0
2.01741,-1.06953,0
1.56297,-0.64698,0
0.67237,1.15514,0
4.36938,-0.08251,0
3.04557,-1.19966,0
0.66507,-0.4525,0
3.31902,0.72309,0
2.93827,1.14872,0
3.41039,0.42579,0
2.14152,0.69194,0
4.48397,0.13262,0
3.97567,0.20181,0
3.8048,-0.71697,0
1.30813,-0.0967,0
1.53682,0.23751,0
1.32485,0.58298,0
3.67226,1.17501,0
3.41805,0.67708,0
3.18316,0.60935,0
1.22613,0.82292,0
3.18923,0.17925,0
3.23699,-0.82636,0
2.07444,0.47057,0
2.53989,-0.08967,0
0.52249,-0.32716,0
2.92084,-0.25434,0
0.6167,0.62882,0
2.86493,1.23455,0
2.0602,0.14598,0
2.96283,-0.29648,0
3.89638,-0.13655,0
3.10476,0.42936,0
3.85183,-0.74586,0
2.52548,1.23265,0
1.44253,0.66856,0
3.4373,0.47875,0
4.42648,0.49905,0
1.14202,1.1979,0
1.40308,0.50805,0
4.37743,-0.87643,0
3.73551,0.20769,0
3.35382,0.94416,0
2.84782,-0.78415,0
2.90978,0.06404,0
3.67985,-0.16066,0
0.74168,1.18677,0
3.10685,-1.08771,0
0.72788,-0.71792,0
0.61805,-0.5442,0
1.27412,-1.09963,0
1.72489,0.28023,0
3.49816,-0.64369,0
4.12685,0.62208,0
1.8074,-0.93444,0
1.49109,-0.02631,0
4.15665,-1.22341,0
3.60242,-0.40124,0
4.11954,0.84702,0
3.73554,0.82146,0
0.90358,-0.89995,0
1.30404,0.97978,0
3.83191,-0.17669,0
1.8527,0.38155,0
1.86164,1.13934,0
3.03467,0.11034,0
4.36394,0.95341,0
0.9625,-0.78999,0
2.38023,0.9807,0
1.75782,0.77796,0
3.19623,-0.56825,0
0.94861,1.09193,0
2.98332,0.86183,0
2.87203,0.30889,0
1.92949,-1.03354,0
1.9319,-1.10354,0
1.68162,-0.98818,0
1.52065,0.56326,0
4.44858,0.21391,0
1.84631,-0.23898,0
1.3282,0.47682,0
0.5899,-1.09281,0
1.59225,1.06698,0
3.14815,-0.91635,0
0.77475,0.99528,0
2.62641,-1.10268,0
2.57763,-1.1115,0
2.69736,0.89202,0
1.52003,0.62066,0
2.87079,-0.27722,0
2.09167,0.617,0
2.50988,-0.50795,0
3.25927,-0.45294,0
1.66729,-0.16817,0
1.50785,-0.94287,0
1.43292,-1.00227,0
3.35885,-0.44021,0
1.37518,0.80416,0
0.81327,-0.70074,0
2.12432,0.59831,0
1.16071,0.84202,0
2.29614,-0.46106,0
4.004,0.21242,0
0.89458,0.74615,0
2.21467,0.92721,0
3.84519,0.28927,0
2.91707,0.3197,0
4.29254,-0.89646,0
4.2036,1.09285,0
0.79791,-1.09194,0
3.44089,-0.1289,0
0.92611,0.85074,0
1.29824,0.33136,0
1.53711,1.10359,0
2.40569,0.60369,0
3.3214,1.05818,0
3.47255,0.82027,0
1.97178,-0.93267,0
2.51186,-0.72003,0
1.90618,-0.72432,0
1.78264,0.06287,0
1.42602,-0.0474,0
4.16825,1.0642,0
1.42041,1.20951,0
2.78243,0.57696,0
3.3682,0.5758,0
3.26402,-0.65093,0
2.00537,0.76272,0
3.46696,-0.99329,0
1.34418,0.35161,0
1.78389,-0.44066,0
2.55844,-0.39546,0
3.16758,0.09511,0
1.06755,0.07677,0
1.7335,-1.19058,0
0.76468,-1.24302,0
3.7081,-0.9561,0
4.4624,0.85709,0
0.54717,0.6234,0
3.49673,1.2061,0
2.01689,0.00173,0
0.59597,0.1888,0
4.38435,0.80527,0
3.3519,-0.55799,0
2.49512,0.46781,0
0.97136,0.9851,0
2.51953,-1.10248,0
2.55476,-0.99688,0
0.6904,-1.22601,0
3.7536,0.96331,0
1.63702,-0.13525,0
2.24475,-1.11289,0
0.7177,0.91477,0
0.67831,0.34879,0
4.33778,0.1817,0
3.29378,-0.36209,0
1.24863,1.06421,0
2.96025,1.08748,0
0.92127,-0.39194,0
3.32195,0.94339,0
3.10719,-1.15023,0
3.68333,0.53801,0
4.23488,-0.67038,0
3.95963,-1.15012,0
4.21037,0.28364,0
1.68049,1.16474,0
4.09459,0.07266,0
2.95593,-0.31506,0
0.70271,0.84285,0
2.33939,0.76897,0
0.60394,0.64606,0
4.43237,0.71494,0
1.63818,0.60834,0
3.3082,-0.5363,0
2.1871,0.9511,0
0.60849,0.26812,0
4.48246,0.59074,0
2.05853,1.10625,0
2.87032,-0.43147,0
2.89278,0.24959,0
3.64527,-1.18714,0
3.68907,0.99236,0
2.31768,0.11762,0
2.26322,1.15569,0
1.95655,-0.35792,0
2.58158,-1.08902,0
3.36795,0.13917,0
2.18055,-1.03595,0
3.56973,1.02739,0
1.99545,0.91929,0
4.37961,0.31704,0
2.80275,0.78178,0
0.78003,0.74768,0
1.72687,1.22707,0
4.32776,-0.55902,0
0.7241,0.75167,0
4.17002,-1.04604,0
4.34232,0.55776,0
1.9441,0.05685,0
2.34797,0.30413,0
3.69972,0.88597,0
0.57476,-0.67739,0
1.93396,0.58252,0
1.97073,-0.16627,0
1.38155,-0.51599,0
2.62127,1.24576,0
4.36432,-0.13467,0
0.50795,-1.11071,0
1.89115,1.12389,0
2.32328,-0.04129,0
4.31111,-0.62543,0
3.87714,-1.19397,0
2.40345,1.15659,0
1.98183,-0.9856,0
1.02738,-1.09227,0
3.16427,0.80813,0
3.89768,0.86581,0
3.89923,1.19238,0
3.3995,-0.15852,0
0.68548,0.71949,0
1.42335,-1.21231,0
0.83366,0.58594,0
2.41146,0.95607,0
2.02507,0.04509,0
4.1666,-0.17946,0
0.72377,0.4763,0
4.44472,-0.38548,0
1.18224,-0.63607,0
1.64883,-0.17965,0
2.56175,-0.70837,0
4.28019,0.95888,0
1.17874,-1.21141,0
1.4344,-0.34714,0
2.13019,-1.01154,0
4.46554,0.37396,0
1.34198,0.59414,0
3.07698,-1.02097,0
4.10594,-0.69556,0
0.50926,-0.03428,0
4.27819,1.03509,0
1.00403,-0.28779,0
2.80515,-0.22988,0
4.41993,-0.27878,0
3.50618,-0.77572,0
3.58074,-0.00971,0
1.07565,-0.82027,0
4.06024,-0.14946,0
2.64699,-0.35835,0
3.6273,-0.78387,0
2.28531,-0.18967,0
0.86781,1.09433,0
2.29882,-0.06255,0
1.91212,-0.96644,0
0.7321,-0.8025,0
4.40598,0.87949,0
0.94501,-0.15918,0
1.85062,-1.18384,0
1.64822,0.60724,0
1.90881,0.16862,0
0.72646,-1.16375,0
3.9871,-0.05796,0
3.0821,0.25481,0
2.21044,0.03935,0
4.35354,0.35853,0
4.29674,1.19853,0
2.15198,1.05012,0
1.14614,0.14173,0
2.34468,-0.73399,0
3.10752,-0.23899,0
4.00353,-0.86265,0
1.79062,0.24724,0
4.0749,0.23405,0
3.979,-0.23894,0
0.79343,0.62074,0
3.45023,0.04868,0
3.48449,-0.2923,0
4.09279,-1.02389,0
2.40409,-0.14986,0
2.9778,1.11069,0
3.61473,-0.42327,0
1.11446,0.70168,0
4.26663,0.66915,0
3.8687,0.84812,0
1.55599,-0.2881,0
2.0809,-1.17038,0
1.4105,-0.36586,0
1.56801,1.08337,0
2.82911,1.10227,0
2.76124,0.65305,0
1.43578,0.05608,0
2.13213,-0.16929,0
4.40057,-0.98625,0
0.83718,1.08863,0
3.61035,0.56763,0
4.11871,1.04769,0
2.10462,-1.10737,0
1.98604,-0.03321,0
2.05705,-1.0566,0
3.47464,-0.82966,0
3.28458,0.47375,0
3.22716,0.09461,0
1.92597,1.04183,0
4.38762,0.03422,0
3.97404,1.05396,0
4.1518,0.1327,0
1.28964,0.11129,0
0.76335,0.96,0
1.04215,1.20088,0
2.19472,-0.85065,0
1.98574,-0.97963,0
4.10731,-0.08133,0
2.86472,0.18768,0
2.18734,1.05975,0
4.20023,0.93198,0
4.03394,1.17949,0
1.32414,0.20165,0
2.35482,0.73884,0
3.47256,-0.07902,0
3.70252,0.69095,0
3.62596,-1.23732,0
2.09919,-0.02956,0
1.06391,-0.03633,0
2.13288,-0.42217,0
4.2702,-1.12565,0
1.86598,-0.8166,0
2.56046,0.71747,0
1.30451,-1.20532,0
2.61185,0.37501,0
3.59945,0.28763,0
2.26101,-1.11821,0
3.5357,0.74474,0
4.01618,-0.89118,0
1.91816,0.42966,0
2.13587,0.52358,0
1.24618,0.89038,0
1.12706,0.92407,0
0.95603,-0.20635,0
4.48524,0.55473,0
0.82828,0.56847,0
2.92494,-0.92426,0
3.59533,0.83421,0
1.63175,-0.55047,0
1.44188,-0.79548,0
2.92408,0.46898,0
3.18683,1.2303,0
0.58922,1.11122,0
1.48963,0.31721,0
1.52235,-0.69555,0
1.52941,-0.04527,0
0.58487,-0.16385,0
3.68712,-0.2431,0
1.91067,-1.03908,0
3.95225,-0.02427,0
3.66682,-0.05255,0
1.69384,-0.90001,0
3.90663,-1.16357,0
1.29676,0.23027,0
2.95724,0.81169,0
1.87355,0.71194,0
0.75034,-0.15557,0
3.28826,0.32791,0
1.25311,0.41712,0
0.53228,0.32404,0
0.82257,1.18287,0
4.48229,-0.66101,0
0.96531,0.38043,0
0.8336,1.17964,0
3.47585,-0.56821,0
1.54971,-1.06257,0
1.69665,-0.55828,0
2.04923,0.18029,0
3.61561,0.0273,0
2.06739,1.23481,0
3.22689,0.8755,0
1.88126,-0.74546,0
0.71591,0.21052,0
3.87679,-0.86922,0
3.64306,1.03634,0
3.48752,-1.02716,0
1.7616,-0.12181,0
2.1014,0.09052,0
3.13892,0.79028,0
2.33682,-0.20994,0
3.60768,-1.03218,0
0.53138,0.83106,0
1.55767,-0.52514,0
2.46757,-0.40043,0
3.7993,-0.03379,0
0.71183,-0.61741,0
2.36594,0.51237,0
3.58035,0.99084,0
3.82811,0.69963,0
1.88269,0.44136,0
3.02405,-0.45265,0
3.45436,-0.89038,0
2.44094,-0.66799,0
2.00358,-0.30803,0
4.20872,0.11842,0
1.1849,-0.14928,0
1.61255,-0.0145,0
4.15974,0.02784,0
3.50298,-1.0181,0
2.42915,-0.50791,0
3.47919,1.15398,0
2.93077,0.74288,0
1.31972,0.60069,0
1.8885,1.08153,0
0.71411,0.37342,0
2.84352,0.65861,0
2.14019,0.57547,0
1.75105,-0.64556,0
0.51101,0.50226,0
3.3704,-0.75732,0
0.56725,-0.85587,0
0.73264,-0.87568,0
0.87188,-1.22807,0
2.0652,0.11738,0
1.37927,0.29753,0
1.34639,-0.97398,0
2.5913,-0.29274,0
1.78331,-0.17608,0
0.54404,-0.66881,0
3.46794,0.15902,0
2.13068,0.19714,0
3.41021,0.08826,0
3.17594,0.6319,0
2.87606,0.21277,0
1.64804,-1.03669,0
3.16389,0.4801,0
2.38151,0.21833,0
2.00508,-0.74496,0
2.99254,-0.28513,0
3.19325,-0.18732,0
0.77355,0.5505,0
2.2974,-0.77878,0
1.7246,0.59015,0
3.31347,0.89821,0
2.32735,-0.03598,0
2.6295,0.46561,0
3.63672,-0.79022,0
1.29085,1.01628,0
3.65431,-1.09553,0
1.08584,-0.87716,0
3.97152,0.43937,0
2.77336,0.2426,0
3.18499,-0.35013,0
1.52776,-0.30381,0
0.55082,0.18022,0
2.80794,-1.08954,0
2.52584,-0.75208,0
4.05262,1.04415,0
1.23811,-0.23267,0
1.28987,1.1066,0
0.5808,-0.98129,0
0.74204,0.55785,0
4.38136,1.06613,0
1.63083,1.03084,0
3.53728,-0.66049,0
3.7565,-0.48593,0
1.31074,0.78032,0
2.30527,0.29918,0
4.00968,0.69281,0
4.15926,0.21221,0
1.74309,0.4574,0
1.04004,-0.32835,0
3.87806,0.27865,0
1.50733,0.08142,0
2.6119,-0.51664,0
1.00343,-0.67785,0
0.90366,-0.27181,0
2.1791,-0.95926,0
1.00004,-0.86819,0
4.49578,-0.66271,0
0.73899,-1.18123,0
2.02056,0.37315,0
2.107,0.98341,0
1.92796,-0.1115,0
2.80023,1.1818,0
4.09835,-1.00716,0
1.43121,-0.34547,0
1.25446,-0.01936,0
3.68856,0.49207,0
0.80913,-0.90877,0
2.62111,0.7825,0
2.33927,0.81213,0
1.31933,1.02646,0
2.95199,-0.54368,0
2.3227,0.26624,0
3.29201,-0.92727,0
4.09263,0.68816,0
0.92172,0.27135,0
4.20806,-0.22503,0
1.88257,1.12589,0
1.64013,0.93182,0
1.10253,0.61691,0
1.04636,0.15382,0
0.66011,0.47872,0
1.31679,0.48009,0
1.08479,-0.73189,0
1.33805,-0.5855,0
1.92357,-0.88355,0
0.76974,0.46675,0
4.03301,0.59015,0
4.12042,0.52964,0
0.62397,-1.16515,0
1.34525,-0.03783,0
3.42263,0.27908,0
1.96518,1.05998,0
2.36274,0.82563,0
3.35657,-0.96708,0
1.64949,0.88622,0
2.06514,-0.83488,0
2.72616,-1.06018,0
2.25767,-0.68572,0
3.97595,-1.21846,0
2.30827,-0.99534,0
1.81623,-0.18026,0
2.32558,0.59768,0
1.44031,-0.89997,0
3.5741,-0.18942,0
1.85293,1.00347,0
3.16193,-0.78648,0
4.44681,1.16943,0
0.75755,-0.32275,0
2.8104,-0.30628,0
1.14299,0.25725,0
0.90962,-0.8962,0
3.54338,-0.01634,0
2.92059,0.1866,0
3.48687,0.48418,0
3.05348,0.13316,0
2.63023,1.03859,0
3.53688,0.89944,0
4.02244,0.16776,0
0.73555,0.93796,0
0.69001,0.56074,0
0.88312,-0.50705,0
1.71388,0.97959,0
2.68096,1.0193,0
0.98029,1.04833,0
2.32997,-0.67572,0
3.51691,0.7998,0
3.85513,0.75116,0
4.23859,1.14923,0
1.13909,-0.65753,0
1.5515,-0.66777,0
4.15845,-0.72261,0
3.13779,0.4764,0
4.40813,0.64083,0
0.96966,-1.10784,0
2.58833,0.03374,0
1.41366,0.56865,0
3.32334,0.77923,0
4.062,-0.85832,0
0.93368,0.66447,0
2.9258,-1.10749,0
4.14106,-0.79596,0
0.94033,0.11648,0
2.8362,0.58521,0
2.70736,-0.40836,0
4.22225,-0.29624,0
0.82459,-0.82773,0
2.8582,0.3866,0
4.1893,-0.17302,0
0.89739,-0.25049,0
3.76104,-0.08997,0
0.66451,0.56572,0
0.99562,-1.04104,0
1.88531,-1.15277,0
0.7553,-1.13981,0
4.36058,1.02716,0
2.79966,-0.94897,0
2.62065,0.2705,0
2.31432,0.6284,0
3.07363,0.47367,0
1.98355,1.0972,0
3.6321,-0.06557,0
1.70639,1.07662,0
0.55928,-0.3674,0
2.36422,0.5117,0
2.90473,-0.74335,0
2.59182,-0.15594,0
1.98949,0.74091,0
3.12812,-0.60537,0
1.50135,1.13169,0
3.06486,1.00219,0
0.77585,1.09753,0
0.85707,0.62149,0
1.88641,0.02411,0
2.0834,0.51794,0
3.93622,-0.10869,0
3.94325,-0.58909,0
3.5285,0.60229,0
1.36277,1.01996,0
3.89147,-0.76004,0
4.35408,0.78102,0
3.90031,-0.86039,0
2.16823,-0.35093,0
1.71874,0.20347,0
3.14484,-0.85354,0
3.1375,-0.64306,0
3.47211,-0.33935,0
3.86747,0.10513,0
3.26174,0.59835,0
4.4456,-0.73622,0
0.61944,0.33116,0
0.72264,-0.05995,0
1.65234,0.19763,0
2.80801,0.34067,0
1.90636,-0.31001,0
2.9828,0.6292,0
0.5105,-0.6129,0
2.74277,0.165,0
1.43026,0.08491,0
1.30259,-0.56309,0
2.95687,0.28026,0
0.98392,-0.80592,0
3.38949,-0.81655,0
1.65832,-1.12222,0
3.06399,-0.24164,0
0.5528,-0.11121,0
1.67664,0.62026,0
1.76096,0.68582,0
1.52228,-0.88302,0
3.64361,-0.55271,0
2.2633,-0.93807,0
1.58666,0.72095,0
1.88121,-0.65104,0
4.26193,-0.01773,0
0.51781,0.71666,0
1.10281,0.76027,0
3.44714,-0.79735,0
1.28008,0.39113,0
3.94534,-0.93187,0
2.33072,0.59925,0
1.61013,-0.14902,0
4.1611,0.47396,0
1.82429,-0.98928,0
0.83962,-0.69847,0
1.64005,-0.81214,0
1.38636,-0.02362,0
2.82633,0.15147,0
1.88355,-0.0839,0
3.95469,-0.0452,0
3.49621,-1.12638,0
2.21254,0.16224,0
1.43527,1.18178,0
3.94515,0.62906,0
4.42311,-1.11805,0
2.86587,-0.30816,0
4.07739,-1.22438,0
1.18769,-0.36119,0
4.14586,-0.08965,0
1.15935,1.20968,0
2.33509,0.35351,0
2.24176,-0.50124,0
4.04863,0.83797,0
3.32524,0.02742,0
2.72488,-0.20156,0
3.56986,-0.92101,0
1.83959,-0.45405,0
0.57998,-1.09341,0
2.02411,-0.89005,0
1.69339,1.02871,0
0.51333,-0.59009,0
2.72702,-1.21705,0
4.16457,-0.27244,0
1.97709,0.22457,0
3.74447,-0.72615,0
3.2092,0.64301,0
4.17738,1.10116,0
0.96893,-0.80717,0
2.29874,0.76662,0
2.64621,-0.37798,0
3.65365,0.76568,0
0.83615,-0.60715,0
2.03,-1.02798,0
0.94433,-1.11961,0
4.03554,0.94883,0
0.74648,1.19901,0
0.75475,-0.30253,0
3.3999,-0.59068,0
0.69013,0.96398,0
4.3907,0.17599,0
3.07665,-1.04295,0
2.88696,-0.07253,0
1.22683,0.007,0
3.74034,1.01993,0
1.59063,-0.45883,0
3.34144,0.31996,0
2.36229,-0.405,0
2.39392,-0.07047,0
3.82919,0.52518,0
3.61312,1.20406,0
0.56632,-0.78335,0
2.95171,0.09911,0
4.38128,0.31979,0
1.62809,0.86409,0
2.84472,0.9552,0
4.19011,-0.86913,0
3.58128,-0.69426,0
3.78878,-1.08891,0
1.05071,0.68726,0
4.45745,-0.71773,0
1.75254,-0.56832,0
0.80895,-1.09081,0
4.44191,0.05142,0
1.32052,-0.04405,0
4.32092,0.72889,0
2.76763,0.87303,0
2.78724,-0.54788,0
3.29334,-1.24582,0
2.32278,-0.63895,0
4.10153,1.13733,0
1.23855,-0.71666,0
1.61693,-1.01808,0
0.73472,-0.59715,0
2.97533,0.27309,0
4.29154,-0.73292,0
3.26862,0.36518,0
4.17313,-0.77693,0
3.92907,-1.00814,0
2.15546,-0.74129,0
2.61719,-0.06175,0
2.79046,0.68802,0
2.40057,0.44689,0
3.74054,1.11109,0
4.43278,0.69307,0
4.29286,-0.60239,0
4.38057,1.01992,0
3.50253,1.17064,0
3.66996,0.2039,0
2.26996,0.19996,0
3.27016,0.49835,0
4.35216,0.50502,0
4.01484,0.4065,0
0.77564,1.24319,0
0.63499,-0.3174,0
2.74529,0.11375,0
0.52852,0.11047,0
3.53982,0.43059,0
3.17316,-0.07556,0
1.62533,0.74361,0
3.09668,-1.1794,0
2.11164,0.74533,0
1.78322,-0.17167,0
3.92682,-0.43523,0
3.35936,-0.43959,0
1.57739,0.10597,0
4.07439,-0.13967,0
4.40251,-0.60713,0
1.82322,0.35741,0
3.23061,1.03537,0
2.11254,-0.75449,0
0.70359,-0.37085,0
4.37526,0.23749,0
4.46975,-0.32102,0
1.64675,1.2469,0
4.20185,1.06276,0
3.00059,0.89075,0
3.08552,0.7499,0
3.88253,-0.46963,0
2.55155,-0.8512,0
3.33042,-0.54921,0
3.16362,0.65005,0
1.78219,-0.31958,0
0.62504,-0.48245,0
1.81235,0.16107,0
2.62214,-0.8433,0
3.35199,-0.59042,0
4.45516,0.98226,0
1.67115,-1.05191,0
1.97152,-0.77984,0
2.47165,0.37171,0
2.11219,0.08625,0
1.84624,0.3532,0
1.13342,-0.21864,0
2.6932,-0.66614,0
3.15422,-0.8375,0
2.99456,-0.48527,0
3.48861,0.83203,0
1.26721,-0.90002,0
0.63703,1.05897,0
2.21812,0.79178,0
3.53291,-0.81634,0
2.0332,-0.23805,0
3.37006,0.25708,0
3.34753,-0.75033,0
4.01738,-0.15211,0
3.46834,0.12269,0
3.44262,0.8448,0
2.62502,0.52698,0
1.63005,1.20197,0
1.93687,0.08708,0
3.41829,-0.91272,0
2.40563,0.04884,0
0.59401,0.53066,0
2.91082,-0.31682,0
1.64584,0.68059,0
1.9211,-0.36808,0
4.12504,0.95439,0
1.26121,0.36878,0
1.83831,-0.70441,0
3.17392,-0.0423,0
3.03648,-0.67484,0
1.80213,0.47915,0
4.48219,-0.51147,0
1.98671,1.1332,0
1.39519,1.01865,0
4.05519,-0.14986,0
4.35549,-1.06409,0
2.31511,-0.75825,0
1.50455,0.73404,0
1.6573,-1.05747,0
1.80209,-1.23791,0
3.13588,-0.63625,0
0.88677,-0.04375,0
4.31752,-1.13271,0
2.58548,-0.43969,0
3.26096,0.51142,0
4.23646,0.17427,0
4.20407,0.92477,0
1.25231,0.25779,0
4.1334,-0.61066,0
1.03799,-0.50815,0
3.06613,0.83263,0
3.04514,-0.57664,0
0.66631,0.59356,0
0.70406,-1.14524,0
2.65,-0.49181,0
1.21268,0.21672,0
2.7179,1.21925,0
4.48418,-0.1718,0
2.5288,1.17494,0
2.21895,-1.18199,0
1.96263,-0.32873,0
2.37603,-1.02704,0
0.82582,-0.73243,0
3.90146,0.42008,0
2.05054,-0.40596,0
4.11402,0.4236,0
2.2697,-1.13274,0
0.66193,0.51967,0
1.42571,-0.96103,0
1.2949,-0.64628,0
2.14229,-0.99438,0
2.39402,-0.92845,0
2.09319,0.04367,0
3.3645,-1.15635,0
1.14603,-0.00889,0
2.60917,0.45037,0
1.61982,0.40674,0
1.79517,0.2648,0
1.43926,0.26229,0
0.66507,0.0711,0
3.0738,0.60289,0
3.33195,0.81494,0
0.68925,0.22742,0
1.6774,-0.69341,0
2.0012,-0.69292,0
2.99862,1.09804,0
3.48626,-0.62634,0
3.11704,-0.71119,0
3.58267,0.2953,0
4.34983,0.08575,0
3.95563,-0.57839,0
4.45918,0.36966,0
4.19345,0.70024,0
0.75421,1.13633,0
1.42391,0.90094,0
0.93375,-0.71825,0
1.68166,-0.67427,0
3.61272,-0.64754,0
1.70782,0.97689,0
2.49871,-0.41839,0
1.65331,-0.55541,0
2.67481,-0.04369,0
2.45031,-0.28604,0
0.72161,1.14027,0
3.21155,-0.08456,0
1.97601,-0.68701,0
2.12435,0.13652,0
1.09801,0.66234,0
2.78448,0.9466,0
1.18069,-0.95737,0
1.01299,0.05536,0
3.73447,-0.4994,0
2.84496,1.00601,0
2.35408,0.78723,0
3.43033,0.81685,0
2.43234,-0.57936,0
3.88221,-1.00558,0
1.16836,1.15923,0
2.62385,-0.10033,0
3.83942,0.74266,0
0.87451,0.4215,0
1.60546,-0.87549,0
3.55285,0.13123,0
0.76641,0.01245,0
0.70289,-0.95342,0
4.43712,0.86722,0
2.33769,0.78777,0
1.82679,0.15962,0
3.59231,-1.19813,0
1.12274,-0.96463,0
3.78901,0.90067,0
0.99791,0.60905,0
4.47352,0.9059,0
0.79033,0.30268,0
2.69202,0.57821,0
2.00991,-0.68319,0
2.72743,-0.05002,0
3.17269,0.92252,0
1.62545,-0.81678,0
2.14349,-0.02339,0
1.36652,-0.07258,0
1.47244,-0.39062,0
3.30313,1.12168,0
2.28927,1.23002,0
3.41664,0.15706,0
3.87339,0.92149,0
4.49593,-0.06248,0
2.11225,-0.00304,0
3.31787,0.79934,0
0.68565,-0.39614,0
3.03786,-0.14687,0
4.36846,-0.55383,0
0.82944,-0.13465,0
2.16776,-0.93651,0
2.28281,0.14488,0
1.06078,-1.04888,0
4.32472,0.34405,0
1.38734,-0.19109,0
3.13858,-0.52082,0
1.39676,0.86492,0
3.02322,0.29638,0
3.99775,-0.8105,0
1.77308,-0.31388,0
0.88056,0.78267,0
3.4882,-0.43415,0
4.19992,-1.17504,0
2.8623,-0.55593,0
3.80647,-0.15549,0
3.76895,0.63646,0
1.45404,1.23875,0
4.39099,-1.0699,0
0.57392,-0.93633,0
1.44134,0.47799,0
2.85758,0.07441,0
3.76759,0.88421,0
2.92221,0.21842,0
1.59476,1.19183,0
2.28201,1.1044,0
1.78732,-0.93565,0
4.15354,0.95533,0
1.74028,-0.87437,0
2.46383,1.13723,0
4.06276,-0.38555,0
2.35383,-1.05403,0
1.67113,0.68737,0
1.17934,-0.9019,0
2.38022,-1.14136,0
1.51864,-0.00299,0
4.1896,-0.96504,0
2.25743,-1.04094,0
3.66949,0.47622,0
0.93086,0.10879,0
4.28225,0.89844,0
3.66325,-0.94268,0
2.01796,1.16155,0
3.23358,0.66128,0
3.7648,0.86673,0
2.4565,-0.92356,0
3.64125,0.38618,0
1.78089,1.15397,0
2.87091,0.7505,0
4.03192,0.4658,0
3.11563,0.71435,0
4.27508,-0.64342,0
0.96529,0.46213,0
2.99736,-0.14482,0
0.62904,0.337,0
2.58963,0.76583,0
0.63918,0.05595,0
1.08866,-0.94575,0
1.56891,-0.27554,0
2.18851,-0.46891,0
1.39203,0.62882,0
1.70498,-0.2957,0
3.93119,-0.03634,0
3.2231,0.71594,0
0.90807,0.74613,0
3.47391,0.04763,0
0.81129,-1.19914,0
3.66732,-0.57108,0
3.79497,0.35121,0
0.52997,0.16992,0
3.92148,0.53647,0
3.91347,0.05322,0
1.52962,0.38091,0
1.61487,0.08364,0
2.09552,-0.50091,0
2.50126,-0.90078,0
4.2027,0.54714,0
3.18591,0.61797,0
4.36813,0.49858,0
4.03436,-0.93011,0
1.11945,0.70907,0
0.88262,-0.24208,0
1.05004,0.12007,0
1.8273,0.897,0
3.76525,-0.7309,0
2.30879,0.14634,0
0.54309,-0.6757,0
3.47093,0.7333,0
1.68087,0.765,0
1.66597,0.54676,0
2.8623,-0.29657,0
2.36627,-1.05152,0
2.74393,-1.17768,0
1.41106,0.54158,0
3.80599,0.99192,0
1.1288,0.7417,0
1.28508,-1.02768,0
4.32549,-0.43257,0
4.33598,0.54795,0
2.47026,-0.72312,0
1.56615,1.00946,0
0.56894,0.87678,0
1.55641,0.31625,0
1.85397,1.05477,0
3.64751,0.78593,0
2.13062,0.76994,0
4.3573,-1.23014,0
0.94001,0.95559,0
4.45566,-0.44652,0
4.05822,-0.08426,0
4.4476,-1.16786,0
1.46435,0.19048,0
0.57888,-0.58102,0
1.94494,0.8227,0
3.73629,1.22642,0
1.02206,0.15663,0
3.49456,0.06649,0
1.42346,0.0738,0
2.07534,-0.37466,0
2.34262,0.95974,0
3.89173,0.82395,0
3.35554,-0.64828,0
0.51551,1.1715,0
2.24553,0.47197,0
1.13257,0.39558,0
1.49058,-0.9675,0
2.0744,0.8977,0
1.97952,0.35222,0
1.01306,-0.11723,0
4.08328,-0.99906,0
1.80327,0.7098,0
1.8302,-0.68492,0
2.96148,0.51503,0
3.41687,0.35191,0
4.32188,-1.2021,0
2.27919,0.48265,0
0.6088,0.83698,0
3.1591,-0.6616,0
1.67576,0.4419,0
1.29495,0.14959,0
2.70288,-0.10616,0
3.6424,-0.31661,0
3.62731,0.29919,0
1.11237,-0.69702,0
3.87915,0.0727,0
1.96979,0.96387,0
3.13015,0.64765,0
2.2939,-0.22398,0
1.06869,0.54141,0
1.39678,-0.61472,0
4.09678,0.66035,0
2.25992,1.0371,0
0.89405,-0.19173,0
2.62177,-0.07914,0
3.15796,-1.11523,0
3.14521,-0.69226,0
3.49701,-0.50843,0
1.80643,0.4499,0
2.86211,1.03529,0
4.34143,-0.11063,0
2.41587,0.87282,0
3.80938,-1.02161,0
1.71588,-1.1004,0
3.15908,-0.84256,0
1.32028,0.8901,0
1.11229,1.24089,0
3.68312,0.66624,0
4.26149,0.96297,0
3.31253,-0.32977,0
2.61767,-0.53345,0
2.19558,0.74991,0
3.63306,0.29987,0
1.57536,0.05139,0
3.76006,-0.31432,0
3.68596,-0.41298,0
2.15216,-0.75742,0
1.97948,0.64749,0
3.80322,-0.40651,0
1.53437,-0.3562,0
2.26615,-1.10021,0
3.2105,-0.26337,0
1.60893,-1.21329,0
1.91149,-0.47704,0
1.81712,-0.17806,0
2.84071,-0.82511,0
3.5467,0.26585,0
3.77787,-1.19391,0
1.87742,0.44584,0
4.19978,0.74703,0
3.30754,0.13587,0
0.77255,-0.20083,0
3.49268,0.29781,0
3.78579,-0.75728,0
0.79115,0.23278,0
4.13677,0.11257,0
2.87709,0.48713,0
0.50766,-1.07432,0
1.16492,-0.64658,0
3.44661,0.26832,0
3.15501,-0.65915,0
3.22259,-0.35588,0
1.835,1.05109,0
2.21539,-1.22015,0
4.37033,-0.82779,0
3.09231,-1.23141,0
2.39361,1.13447,0
2.6546,-1.1463,0
2.62877,-1.16524,0
1.37852,0.4383,0
1.77478,-0.20039,0
1.29853,1.18127,0
4.0519,-0.69727,0
2.66634,0.35076,0
2.06721,-0.07826,0
1.74243,0.52715,0
0.93481,-0.73074,0
2.16838,0.99476,0
2.04292,1.15013,0
1.75293,-0.12501,0
3.29183,-0.95493,0
2.13151,-1.10084,0
1.54743,-0.14995,0
1.37523,-0.30309,0
0.67813,0.94969,0
2.02725,0.43759,0
3.03288,-0.60949,0
2.5641,-0.89224,0
3.03081,-1.14358,0
4.05386,-0.15634,0
2.46979,-0.01681,0
3.312,-0.59768,0
3.69951,-0.68491,0
1.62873,0.87028,0
1.1541,-0.36738,0
2.83209,0.85129,0
1.0267,-0.74334,0
4.12798,0.14964,0
3.91844,-0.70566,0
4.17028,0.04309,0
1.99673,-0.18805,0
4.43016,-0.66539,0
1.41228,0.3749,0
1.87637,-1.15173,0
3.87489,-0.71062,0
2.0625,0.88853,0
0.55987,-1.17374,0
3.87781,0.13563,0
3.178,-0.35514,0
4.34267,0.153,0
0.89776,0.98386,0
3.96289,0.13932,0
3.02196,-0.68939,0
3.61521,-0.41589,0
2.72641,0.08981,0
2.46896,-0.98627,0
3.44177,-0.35898,0
3.7684,-1.06842,0
0.74004,-0.36039,0
3.22592,-1.08153,0
2.77377,0.82233,0
3.11013,-0.32671,0
1.92573,-0.15417,0
0.76788,-0.43194,0
1.68909,-0.21246,0
2.70903,-0.18093,0
1.76365,-0.52368,0
3.44698,-1.11582,0
2.12577,-1.01019,0
0.64122,-0.90429,0
4.3263,-0.49116,0
2.75298,-0.44499,0
1.51376,0.18087,0
0.99685,-0.79235,0
3.99603,-0.9066,0
2.05292,-0.80406,0
3.92227,-0.16713,0
3.38119,-0.26101,0
0.74556,-0.2445,0
2.91122,0.79465,0
0.75281,0.88989,0
3.30668,-0.34297,0
3.35941,-1.09345,0
3.15388,-0.33285,0
1.89699,1.01408,0
2.07454,0.75082,0
4.47783,0.71509,0
1.90622,-0.39415,0
4.05413,0.75308,0
2.90411,-0.91368,0
1.88897,0.08166,0
2.19613,0.40684,0
2.50873,1.018,0
3.83402,1.02309,0
3.9901,-0.92463,0
1.36164,-0.40259,0
1.58649,-0.99734,0
0.5261,0.21245,0
0.59179,-0.38378,0
1.55102,1.00255,0
2.62439,0.80259,0
4.01906,1.03435,0
3.56244,1.17933,0
2.07385,-0.78399,0
4.22339,0.36654,0
1.44104,1.15091,0
2.35747,0.15384,0
1.26479,-0.97427,0
3.01488,-0.56197,0
1.37274,-0.98712,0
2.32017,0.36683,0
3.1162,0.44607,0
0.64608,0.39838,0
1.55773,1.24004,0
1.42096,-0.68201,0
2.85986,-1.01961,0
1.38524,0.88255,0
0.79667,0.45789,0
1.92167,-0.12657,0
3.74043,-0.64068,0
4.07928,-0.98425,0
3.74512,-0.05282,0
1.27494,-0.19733,0
2.09092,-0.47386,0
1.45844,-0.56263,0
1.60698,-0.00425,0
2.95741,-0.15023,0
4.40003,0.71215,0
2.86874,-0.267,0
2.8636,0.07989,0
3.12043,-0.61321,0
3.08341,0.70091,0
4.09363,0.89726,0
3.02337,-0.13804,0
1.47524,-0.69959,0
2.48643,-0.58636,0
2.65644,0.49217,0
2.06149,0.14298,0
3.82679,0.13602,0
4.32124,-0.41106,0
1.2765,0.33062,0
1.7583,-0.77749,0
3.41273,-0.67099,0
1.66493,-0.77409,0
4.02037,0.43335,0
2.71261,0.26595,0
1.33558,0.93498,0
2.79358,0.12424,0
2.11357,0.22804,0
2.89359,-0.84306,0
3.06321,0.37127,0
4.13736,0.5516,0
1.55971,1.05772,0
3.69897,-0.15764,0
2.43395,0.58101,0
3.3222,0.54977,0
2.85728,-0.81929,0
4.35183,0.99227,0
0.55438,0.0995,0
1.95835,0.51556,0
2.27047,-0.3664,0
1.99588,0.87123,0
2.60534,-1.11601,0
2.95873,-1.22522,0
1.34787,0.12332,0
1.79908,0.58333,0
4.1282,-0.22839,0
4.47598,0.75165,0
2.30294,-0.30184,0
2.0419,-1.13993,0
2.84405,1.17439,0
2.18615,0.18323,0
2.53855,0.47162,0
0.55615,1.2222,0
3.34182,0.1946,0
3.14102,-0.66874,0
2.85604,-1.0814,0
1.30809,-0.09472,0
0.58169,0.99932,0
3.86319,0.13653,0
3.76936,0.39207,0
4.10222,-0.35981,0
3.94127,1.21417,0
1.98167,0.49314,0
2.11678,0.92236,0
4.08705,-0.13318,0
0.63612,-0.47907,0
0.99499,-0.35972,0
3.72945,-0.11661,0
3.41091,0.28795,0
2.43299,0.63282,0
1.08087,-1.0209,0
0.94394,-0.9001,0
3.59792,0.1378,0
3.43867,-0.93726,0
2.6156,-0.55235,0
3.31154,0.08487,0
4.18243,0.08885,0
2.31571,0.25577,0
0.77849,-0.69395,0
4.07315,0.20841,0
0.87577,1.14322,0
1.43434,-0.64568,0
4.43357,0.54007,0
2.93184,-0.46984,0
3.53457,0.8564,0
0.53381,0.72024,0
1.16768,1.00032,0
1.66508,-0.65709,0
0.60136,0.45415,0
0.71645,-1.16496,0
0.51514,0.54426,0
3.82942,0.53392,0
1.25295,-0.66924,0
4.47784,-0.29184,0
2.97846,-0.6031,0
2.93847,1.06893,0
4.01091,-0.20725,0
3.83924,-1.23541,0
4.44348,0.49205,0
1.16179,-0.54127,0
2.29773,-0.65877,0
1.53351,-1.15874,0
3.13557,0.87455,0
0.5933,-0.26609,0
2.46855,0.0027,0
1.12074,0.17618,0
4.44679,0.739,0
2.57728,0.54697,0
4.11145,1.08183,0
3.64822,-0.80254,0
2.84353,0.72114,0
4.00906,0.71252,0
3.0551,1.02,0
3.63989,-0.54962,0
3.66822,1.08842,0
4.36072,0.97187,0
2.46227,-1.19627,0
0.91716,-0.32611,0
1.46356,1.00536,0
1.60035,0.71151,0
1.72801,-1.20707,0
1.38678,0.28246,0
4.32726,-0.91258,0
1.79805,0.10057,0
2.04123,-0.8435,0
3.65688,0.50748,0
1.04979,-0.43116,0
2.03694,0.76282,0
2.0479,-1.18855,0
1.52476,0.9265,0
1.46021,0.38,0
0.94389,-0.49323,0
2.78219,1.0016,0
3.68192,0.37611,0
1.90421,-0.98825,0
2.66645,0.71883,0
3.86222,-0.17964,0
3.57746,0.53352,0
2.32648,0.61835,0
0.90663,-0.64321,0
0.82343,-0.1142,0
3.09638,-0.70275,0
3.43963,0.4818,0
4.20194,0.66792,0
3.39686,-0.85015,0
3.40288,0.6179,0
2.34757,0.76615,0
4.40086,-0.23269,0
3.31853,-0.73025,0
2.16459,-0.12658,0
2.80218,0.46982,0
2.6453,-1.08336,0
3.47672,-0.42279,0
4.46037,-0.72423,0
2.12252,0.31956,0
4.04164,0.04904,0
2.6418,-1.24918,0
1.33125,1.23922,0
2.88502,0.921,0
2.64541,-1.05711,0
2.72272,-0.19309,0
1.23978,-0.69393,0
1.1243,0.15567,0
2.08388,0.69577,0
0.75347,0.42556,0
2.95949,-0.86701,0
1.84286,0.05111,0
3.59357,-1.01648,0
2.25134,0.11201,0
1.79633,0.77971,0
2.58567,0.12703,0
4.225,-0.27571,0
0.57742,-1.02008,0
3.5668,-0.1256,0
2.77053,-0.91862,0
1.50898,-0.40466,0
1.40532,-0.201,0
1.62356,-0.6249,0
2.40574,0.05262,0
0.90113,-0.33835,0
1.3512,-0.89352,0
0.75179,-0.03913,0
2.99343,-0.34075,0
3.77279,-0.60943,0
2.28435,-0.32506,0
0.62439,0.27214,0
1.22561,-0.89079,0
1.23028,0.29392,0
1.18621,0.10439,0
3.38443,0.45229,0
2.36251,-0.12998,0
1.87868,-0.04035,0
0.98349,0.32209,0
2.49018,-0.72161,0
0.73284,-0.98468,0
1.53333,-0.77214,0
1.71203,0.44732,0
0.83071,1.12387,0
1.85228,-1.17268,0
3.2067,0.49521,0
2.34811,1.18892,0
0.74868,1.18281,0
1.11316,0.04329,0
3.27085,0.9516,0
2.96841,-0.29901,0
3.54614,0.19509,0
4.16673,-0.42621,0
4.13869,1.14826,0
1.37346,-0.35853,0
3.13368,1.06719,0
1.07976,-0.47146,0
3.98324,-0.99542,0
1.17764,0.18111,0
0.88131,-0.17911,0
2.22146,0.47724,0
2.79107,-0.86595,0
2.66184,-0.54407,0
4.3429,0.86106,0
0.70789,-0.63193,0
2.44482,-0.87216,0
0.76224,1.19548,0
1.11333,-1.18622,0
0.62294,-1.09781,0
3.10406,-0.58427,0
3.50965,-1.06839,0
3.23417,1.18386,0
1.87463,0.81917,0
3.12068,0.21865,0
3.81255,1.11592,0
1.07032,0.02504,0
1.80075,-1.23215,0
3.15503,-0.06521,0
4.25638,1.15505,0
3.9982,-0.05047,0
3.0702,-0.96016,0
3.49873,0.09309,0
3.64134,0.34011,0
4.15511,0.29814,0
1.90827,0.89348,0
1.25214,-1.0752,0
2.95932,1.1,0
3.54081,-1.00094,0
3.08293,0.01184,0
4.36171,0.404,0
3.75909,-0.73831,0
2.25846,1.0034,0
4.40419,-0.09503,0
1.95014,0.70448,0
2.63308,-0.62211,0
1.49092,1.13891,0
1.0749,0.5879,0
3.80145,0.81243,0
2.45827,-0.69842,0
2.26632,-0.42989,0
2.59774,-0.23603,0
1.79585,-0.07398,0
2.82119,0.10178,0
3.07069,0.43278,0
3.49709,0.27997,0
0.57056,-1.1583,0
1.117,0.28396,0
4.36008,0.01023,0
0.82167,-0.01892,0
0.67757,-0.69418,0
1.9162,-0.33943,0
4.45914,-0.83057,0
3.13449,-0.98595,0
4.11914,-0.05315,0
3.74392,-0.07944,0
4.04894,0.31451,0
3.60009,-1.08815,0
2.07889,-0.02723,0
1.31753,-0.42489,0
4.4385,0.711,0
2.01021,-0.86886,0
1.71156,-0.88161,0
3.88935,0.79478,0
0.78274,-0.67204,0
4.05457,-0.60774,0
1.40844,-1.05996,0
0.77086,-0.67707,0
2.27594,-1.1704,0
1.53108,-0.88831,0
3.86664,0.33015,0
0.70091,0.61815,0
1.0286,1.06669,0
2.48928,-0.16755,0
4.04013,-0.54751,0
2.13676,-0.66556,0
4.47284,-1.11146,0
2.47868,-0.0035,0
4.32964,-0.07561,0
0.88986,-0.47521,0
4.39151,-0.74856,0
1.82642,0.34509,0
0.68153,0.34276,0
3.40859,0.72874,0
0.67973,0.02343,0
3.64952,-0.74093,0
4.22942,0.23485,0
4.05738,0.21031,0
3.57055,0.75212,0
0.66873,1.17845,0
0.75446,-0.03591,0
1.85008,0.4415,0
1.44383,0.05373,0
2.77728,0.56358,0
1.65045,0.12398,0
1.11296,-0.40349,0
3.60231,-0.27355,0
1.30092,0.38978,0
1.95734,-0.94571,0
3.66869,-0.81947,0
3.97786,-0.12845,0
3.51146,-1.11232,0
3.62296,-0.42161,0
4.2255,0.62044,0
1.66141,-1.00971,0
0.92461,-0.68735,0
3.437,0.02014,0
0.75106,0.85193,0
2.60641,-0.31599,0
2.5498,0.51751,0
4.45992,-0.15769,0
2.72966,0.3409,0
0.54376,-0.74633,0
0.59374,0.00832,0
3.07645,1.09359,0
1.94444,-1.0599,0
1.78992,-0.71592,0
2.2062,-1.12106,0
3.78594,-0.70526,0
0.58444,-0.09862,0
1.34199,-1.07101,0
3.69319,-0.97159,0
4.36217,-0.02025,0
1.38425,-0.87723,0
1.15381,-0.42353,0
1.8571,-0.79741,0
1.2684,1.16581,0
3.16725,1.20248,0
0.55607,-0.0381,0
2.71083,0.42244,0
2.94858,-0.34828,0
0.90384,-0.86247,0
1.64785,-0.92897,0
3.28295,1.09556,0
0.86278,-0.73125,0
1.55664,-0.06742,0
1.47823,-0.3326,0
1.19486,0.92304,0
3.98439,-0.00151,0
2.80936,-0.60568,0
3.69378,-0.95409,0
3.77562,-0.1957,0
1.63127,-0.58759,0
1.24914,0.30875,0
1.79577,0.59551,0
2.0592,-1.2286,0
3.80201,0.07747,0
1.0277,-1.22845,0
2.49807,-0.92339,0
3.82811,0.74681,0
4.42139,-0.89863,0
1.89105,0.23315,0
0.96147,0.24016,0
1.50722,-1.03057,0
2.45202,0.2579,0
2.40495,-0.39171,0
3.89149,0.9546,0
4.39983,0.85048,0
1.44318,0.48654,0
2.63814,0.22369,0
3.13023,-0.0156,0
1.9518,0.65245,0
1.53643,0.74441,0
2.90488,0.72379,0
2.43261,-0.78353,0
4.39635,0.86732,0
0.92984,-0.74781,0
2.65927,0.32821,0
1.2506,0.82651,0
2.57572,0.66558,0
3.70503,0.7013,0
1.60664,-1.00592,0
3.73766,-1.13005,0
2.7654,1.18756,0
2.29223,-0.903,0
3.44134,0.19786,0
4.02468,0.21716,0
0.51326,-0.02121,0
3.90027,0.31585,0
3.98838,0.16806,0
3.60315,0.76526,0
1.37382,-0.72259,0
4.2968,0.41618,0
3.48978,-0.05942,0
2.4622,0.79977,0
1.94276,0.4844,0
4.07178,-1.22399,0
4.28453,-0.94299,0
1.99568,-0.68432,0
4.14111,0.59872,0
1.78003,1.07512,0
4.18643,-0.45521,0
3.34646,-0.72183,0
4.10084,-0.90106,0
2.0128,0.07688,0
2.80569,0.78651,0
4.0104,0.22654,0
1.07839,-1.16483,0
4.1492,-0.5509,0
2.18252,-0.91246,0
0.82654,1.01517,0
2.42211,-0.36947,0
3.31988,0.02805,0
0.97415,-0.4453,0
1.97495,-0.30903,0
0.96636,-1.18817,0
2.99851,0.06819,0
3.11522,0.73722,0
0.89476,-0.41526,0
2.67249,0.55312,0
2.08016,-0.04097,0
3.34389,1.18156,0
2.07426,-0.16467,0
3.94535,-1.09133,0
1.85213,-0.9547,0
0.76653,0.03429,0
3.73366,0.35145,0
3.08169,0.57816,0
0.7158,1.24508,0
1.32358,0.50816,0
2.81646,-1.11069,0
1.65787,-0.5348,0
3.1938,-0.60222,0
3.26054,0.11401,0
3.98396,-0.41108,0
0.53598,-1.17406,0
1.05344,-0.03914,0
4.18471,0.86506,0
3.4178,-0.23723,0
2.07388,0.15152,0
1.27615,-0.09391,0
1.71085,0.97611,0
1.87147,-1.21678,0
0.62629,0.60482,0
1.16848,0.09572,0
1.82148,-0.97532,0
1.87674,-0.90796,0
2.47061,0.63703,0
1.39145,0.36605,0
1.55252,0.24191,0
0.78924,0.94926,0
2.39142,0.03506,0
3.97326,-0.00888,0
0.85596,0.05268,0
1.34994,-0.92555,0
1.23028,1.18793,0
1.56771,-1.03321,0
0.65342,0.75254,0
1.05476,0.50028,0
2.44665,1.21586,0
2.26764,-0.55761,0
4.14122,0.86519,0
2.18987,-0.56694,0
3.9574,0.21215,0
0.88389,-0.76162,0
3.78526,-0.40516,0
2.05674,-1.08639,0
0.91189,0.3872,0
0.81401,-1.0435,0
1.96145,0.87312,0
0.61834,-1.05241,0
1.18629,0.76775,0
1.52068,-0.64795,0
4.03173,-0.94878,0
1.85304,0.41616,0
2.09403,-0.16705,0
0.6753,-0.82014,0
3.14154,0.88178,0
1.98354,-0.84058,0
1.75922,0.66746,0
1.68743,0.66822,0
3.16744,-0.00375,0
1.81075,0.02256,0
1.19421,-0.58692,0
1.42497,0.86694,0
3.91374,0.67552,0
2.59841,1.03533,0
2.68829,-0.78325,0
2.2108,0.81977,0
1.37767,1.1507,0
1.96552,0.80247,0
2.37102,-0.84205,0
1.48159,1.23279,0
4.04525,-1.11565,0
1.87863,0.04859,0
3.16755,0.04537,0
3.81836,-0.14169,0
0.96697,-0.14391,0
0.89293,-0.80714,0
2.52039,-0.31126,0
3.73784,1.23536,0
3.16455,-0.16871,0
3.64075,1.11416,0
4.44142,0.69791,0
2.01897,-0.75816,0
3.48678,-1.05242,0
1.29448,0.09102,0
2.19542,0.26883,0
2.0497,-0.40652,0
4.17333,0.64748,0
3.48914,-0.20655,0
4.49615,-0.92363,0
4.38631,-1.00251,0
2.55878,-1.12915,0
3.49784,-1.07905,0
1.15437,0.98982,0
2.36697,0.82369,0
3.58747,-0.30849,0
3.98492,0.23654,0
4.0033,-0.2,0
4.45577,0.71219,0
0.51259,-0.14515,0
1.27531,-1.1884,0
4.49036,1.12916,0
2.5363,0.42958,0
4.30416,-0.01364,0
1.74863,-0.98248,0
4.23774,-0.24176,0
1.30656,0.20994,0
1.59496,0.72866,0
1.36624,0.75845,0
4.10585,1.0244,0
3.33805,0.38184,0
3.18881,0.25426,0
3.91784,-0.80034,0
2.74953,0.83109,0
0.57361,0.80152,0
1.68037,-0.65523,0
2.68271,-0.61823,0
3.51798,-0.51074,0
1.08,0.31195,0
0.71357,1.12506,0
1.60368,1.14777,0
4.32236,-0.29253,0
1.51233,-1.0855,0
1.9539,1.19111,0
1.77927,0.01224,0
4.10645,-1.0771,0
1.52522,1.02207,0
2.56585,-0.24539,0
2.72414,0.39231,0
1.54577,-1.07666,0
1.36207,-0.28332,0
3.23057,-0.04498,0
0.98657,-0.15097,0
1.5183,-0.77895,0
2.72163,1.04996,0
0.8928,0.81304,0
1.54222,0.17332,0
2.51186,-0.78455,0
3.69497,-0.43676,0
1.21971,1.14594,0
1.01035,-0.12108,0
1.73937,0.45191,0
4.20716,0.45696,0
2.63985,-0.40077,0
0.53143,0.63361,0
2.59862,-0.75258,0
1.83003,-0.31252,0
3.69817,0.19877,0
3.11899,-0.56534,0
0.51126,-0.58714,0
3.70601,0.43068,0
3.90648,-0.34075,0
2.23127,1.1745,0
1.13671,-0.12912,0
1.80035,0.40066,0
2.31582,0.73868,0
3.51303,-1.15035,0
1.92521,0.5398,0
3.29182,-0.43097,0
1.16025,-0.02527,0
0.52474,0.84541,0
2.387,0.28886,0
2.30459,0.20668,0
2.76983,-0.66488,0
2.35245,-0.7352,0
1.40744,1.0208,0
1.13778,0.53909,0
0.60909,0.61109,0
1.03317,-0.4337,0
1.66372,-1.09452,0
1.49511,-0.50335,0
3.04573,-0.42803,0
4.19651,0.2506,0
3.15332,0.58066,0
4.40718,-0.12396,0
2.41718,-0.63897,0
3.86204,1.24015,0
0.51386,-0.31245,0
0.58018,-0.7484,0
1.52586,-0.68112,0
2.62749,0.32869,0
2.25739,0.34377,0
2.1492,1.17341,0
3.36535,-0.48963,0
2.4563,1.15281,0
1.08083,0.69136,0
0.85357,-0.45648,0
4.08293,-0.71213,0
1.15681,0.49487,0
3.93681,0.14555,0
4.03331,1.12027,0
1.55587,-0.46724,0
4.00408,-0.83346,0
0.54213,0.87529,0
2.98061,-0.8676,0
1.08078,-0.64421,0
4.1985,0.10543,0
2.92889,-0.43872,0
0.82965,-1.18679,0
1.5235,1.04459,0
3.19144,-1.09423,0
1.11564,-0.08651,0
0.999,-0.26495,0
3.15847,0.57111,0
2.61401,-0.84332,0
4.48637,0.48593,0
2.69076,0.58133,0
0.99674,-0.99117,0
2.39647,-0.18461,0
3.34905,-0.73276,0
4.00652,0.09094,0
2.32487,0.11778,0
1.3174,0.31401,0
2.62944,0.61497,0
1.16596,0.48797,0
1.95585,0.04037,0
0.96655,-0.31743,0
3.4136,0.66358,0
2.68826,0.58918,0
4.0944,-0.41945,0
2.22765,-0.81599,0
2.99036,-0.98358,0
3.36403,0.802,0
2.90725,-1.08641,0
1.90922,-0.65357,0
0.66271,1.22961,0
4.24907,0.08237,0
3.69071,-1.15385,0
1.83791,0.88781,0
4.19404,0.01594,0
4.15282,0.81055,0
1.3569,0.10585,0
3.53757,0.44578,0
4.19991,1.14703,0
2.76881,0.57522,0
0.60149,-0.34737,0
3.66988,-0.86633,0
0.52454,0.48753,0
0.70163,0.65256,0
1.8357,-0.28511,0
1.1182,-0.61853,0
2.38623,-0.8783,0
2.12188,-0.00032,0
3.79729,0.50748,0
1.69122,-0.87287,0
2.73331,1.15731,0
2.22368,-0.4658,0
2.02757,1.10351,0
3.877,1.14309,0
2.91743,-0.98936,0
1.3968,-0.97689,0
2.2476,-0.0465,0
1.86014,-1.17719,0
1.62727,-1.04071,0
2.93265,-0.66755,0
0.82478,1.24267,0
1.3075,0.97158,0
0.81861,-0.83555,0
3.55067,-0.52012,0
3.47449,0.61715,0
0.74807,0.57355,0
1.28933,-0.11533,0
0.6233,0.68151,0
2.91436,0.71125,0
3.24523,1.14602,0
4.27505,0.98309,0
2.23423,-0.95458,0
2.2341,-0.06572,0
1.71571,0.87039,0
0.99787,0.2531,0
3.98694,-0.07914,0
2.89262,0.90922,0
0.92629,-0.66035,0
4.46038,0.91854,0
2.01453,0.92362,0
1.27215,-0.78822,0
0.74057,1.15927,0
1.08571,0.54085,0
1.19212,0.09381,0
1.63605,-0.52109,0
2.60029,1.08438,0
3.06967,0.59246,0
0.509,-1.21372,0
3.59191,0.25232,0
1.25439,1.07589,0
3.73132,0.05703,0
0.55195,-0.18704,0
3.9745,-0.26402,0
1.72819,-0.27533,0
2.06067,-0.75828,0
0.87328,1.13819,0
1.45744,-1.12493,0
4.37187,1.24728,0
2.74042,0.01569,0
1.61683,0.26404,0
4.33054,-0.99919,0
2.25975,-0.71011,0
0.76434,0.05331,0
1.86234,-0.35856,0
4.07639,-0.80956,0
3.4148,-0.97134,0
1.68673,1.1299,0
3.07115,-0.0009,0
1.89209,0.93021,0
4.07153,-0.08292,0
3.13419,-0.94257,0
1.33895,1.18709,0
3.37165,1.24039,0
1.93617,0.1113,0
3.27092,0.02601,0
2.57209,0.69868,0
4.06307,0.73281,0
0.8797,-0.62008,0
0.5807,0.97805,0
2.45643,-0.62427,0
4.05784,-0.87016,0
1.21347,-0.13197,0
0.86865,0.27121,0
2.86825,1.22758,0
4.37012,1.00594,0
2.85392,-0.06714,0
1.81911,0.01043,0
4.36534,-0.55587,0
3.52585,-0.2937,0
2.92551,0.35285,0
2.76634,-0.30776,0
1.58307,0.18802,0
1.75436,-0.15055,0
1.71527,-0.90537,0
2.05834,0.24213,0
4.31865,-0.65099,0
4.30908,0.52731,0
2.01542,-0.28668,0
2.26015,-0.77885,0
2.70898,0.44571,0
2.98782,1.21979,0
1.02271,1.22207,0
4.14148,-0.26426,0
3.93196,-1.11565,0
3.65019,-0.73032,0
1.65975,1.18558,0
2.03834,1.1838,0
2.94929,-0.8257,0
0.73182,1.20766,0
2.37666,0.95717,0
1.647,-0.12448,0
1.94355,-1.09076,0
1.68359,-1.03111,0
3.77542,0.0504,0
3.7296,-0.86096,0
3.02912,0.89192,0
2.82273,-0.9127,0
3.89195,-0.83684,0
3.09288,-0.28882,0
4.17748,-0.20215,0
3.41393,0.79704,0
1.64744,0.86907,0
0.72272,-0.42698,0
4.38266,0.20928,0
1.00707,0.36808,0
3.97031,-1.05101,0
0.71356,-0.20096,0
1.04609,-0.14149,0
4.46723,0.80945,0
4.34013,-0.93875,0
4.04427,0.04643,0
2.98572,0.77423,0
3.8626,-0.50063,0
2.81396,-1.1002,0
2.11615,-0.16511,0
4.48068,0.02764,0
4.18791,0.05113,0
1.47051,1.03577,0
2.07257,0.91072,0
2.73558,1.127,0
0.52506,-0.97103,0
3.40309,0.76154,0
1.19486,0.02536,0
1.29366,0.23284,0
0.86399,1.16096,0
2.45238,-1.21434,0
3.0696,0.15843,0
2.6015,-0.77066,0
1.98454,-1.04047,0
3.45672,0.80242,0
1.61177,-0.44087,0
0.50456,0.17676,0
0.64787,0.72147,0
2.99945,-1.02744,0
2.27829,-0.8245,0
1.36704,1.08635,0
0.94885,-0.87026,0
3.30465,0.37664,0
3.54619,0.81377,0
4.35486,-0.54905,0
2.23626,0.40858,0
2.97982,-0.06936,0
0.55776,-1.17264,0
3.15858,-0.03586,0
0.89246,-0.58039,0
2.82213,-0.13166,0
2.43025,0.86756,0
1.19504,0.48667,0
4.19571,0.41672,0
3.34117,-0.26783,0
1.65545,0.81154,0
0.87772,0.32402,0
3.91521,0.51219,0
1.98735,-1.16583,0
2.53089,-0.48191,0
4.27624,-0.98929,0
2.47011,-0.42609,0
2.32341,-0.32971,0
2.08019,-0.0534,0
3.98136,-1.1176,0
3.44422,-1.15508,0
3.03516,0.01116,0
3.73983,-0.37452,0
3.48979,0.45433,0
4.25551,1.05776,0
1.26241,0.85169,0
2.36301,0.11892,0
0.96794,0.90245,0
2.8852,-0.18057,0
1.09107,-1.1904,0
0.71121,-0.25072,0
2.14976,-0.14458,0
2.55427,0.68516,0
1.2064,1.04209,0
3.32186,-0.87474,0
1.01441,1.18285,0
1.56132,-0.75922,0
3.91896,0.58497,0
3.88245,-0.89018,0
0.59883,-0.76499,0
4.40355,-1.21917,0
3.94621,0.85283,0
1.62248,1.17775,0
3.77851,-1.0389,0
1.4964,-1.24282,0
1.62613,-0.89697,0
3.98068,-0.00893,0
1.34311,-0.39992,0
1.28712,-0.6997,0
2.10005,-0.48719,0
2.10271,-0.594,0
3.55818,-0.65387,0
1.31614,-0.25567,0
2.72662,0.10555,0
3.33813,-0.5668,0
2.62325,-0.11654,0
1.11463,-0.88035,0
1.04007,-1.14581,0
4.24663,-1.06884,0
1.42119,0.20558,0
3.244,0.32529,0
0.84488,-0.72802,0
4.3866,0.48517,0
1.5418,0.84766,0
4.28981,-1.11814,0
0.85,0.43433,0
3.50182,-0.64155,0
3.18963,0.02326,0
1.31939,1.22626,0
0.82342,-1.18877,0
1.75068,-1.00853,0
0.60899,0.78364,0
2.99001,-0.50081,0
1.04101,0.20044,0
3.2792,-1.15881,0
2.58239,-0.8365,0
1.52662,-0.04573,0
3.25658,0.2082,0
2.33793,0.08671,0
4.24465,-0.77884,0
1.19146,-0.6921,0
2.53028,0.355,0
1.96732,-0.82882,0
1.47678,0.11508,0
2.29407,0.61659,0
3.48906,-0.5662,0
0.90535,1.02357,0
0.60712,-0.19474,0
2.60635,1.02214,0
4.06629,0.2884,0
3.89554,0.65268,0
4.31726,-0.96771,0
3.68064,-0.11293,0
1.01069,0.13103,0
1.08115,-0.49654,0
1.77771,0.05878,0
2.70666,-0.30629,0
1.57612,0.74084,0
4.0453,-0.68337,0
1.38776,-0.07891,0
3.51467,-0.74966,0
3.66776,0.04126,0
4.37822,-0.37571,0
1.93099,0.40136,0
2.62906,-0.0485,0
2.55886,-0.85902,0
1.79802,-0.56616,0
3.3995,-0.42571,0
2.4592,0.46822,0
0.86851,1.02103,0
1.96176,-0.27877,0
0.96714,0.50874,0
3.16971,-0.93247,0
1.06332,-0.03776,0
3.19882,1.09738,0
0.70757,1.0996,0
3.15072,0.95132,0
3.68398,-0.05053,0
3.34753,0.45491,0
1.41781,-0.41278,0
1.48318,0.5211,0
1.47243,-1.24187,0
2.47235,0.32959,0
1.68202,0.0854,0
0.83524,0.53678,0
1.07955,-0.08827,0
1.93712,0.85488,0
3.32917,-0.68146,0
1.82293,1.14352,0
3.7125,0.36343,0
1.37046,0.39491,0
0.81001,0.24825,0
3.89913,0.60347,0
3.0984,0.56357,0
1.84514,0.29847,0
0.67215,0.30468,0
1.26981,-0.99514,0
4.29892,-0.54302,0
0.64165,0.49375,0
1.63823,0.24741,0
0.77504,1.17374,0
3.90142,-0.01882,0
1.55873,0.54569,0
1.8444,0.54813,0
2.6921,0.30933,0
4.14908,-1.1666,0
2.36706,-0.42678,0
2.62099,0.85964,0
4.32793,0.31309,0
2.13269,-0.07136,0
1.64217,-0.98105,0
3.24673,0.05584,0
2.98173,0.60474,0
1.91726,-0.56857,0
3.74312,-0.70747,0
2.40657,0.46104,0
1.49646,-1.22976,0
1.55785,-1.20311,0
1.93239,-0.61986,0
2.3957,-0.81862,0
3.39139,-1.21525,0
2.33028,-0.9127,0
1.99038,-0.24259,0
1.85143,-0.51544,0
3.20003,-0.22158,0
1.22507,0.2146,0
2.55739,-1.00413,0
3.62857,0.13601,0
0.78496,1.167,0
3.00934,-1.00283,0
2.52831,0.78775,0
1.78338,0.21867,0
1.61169,0.76284,0
2.30583,-0.8599,0
1.55474,-0.58423,0
0.8165,0.65371,0
0.56996,1.05148,0
2.30173,0.33147,0
3.32744,0.24898,0
2.19312,0.95657,0
4.31312,0.37105,0
3.76754,0.89272,0
1.67812,0.88306,0
0.62658,-1.16721,0
3.81773,1.21824,0
3.45098,-0.05635,0
1.47859,-0.065,0
0.93604,-0.34099,0
1.00969,-0.41011,0
2.00607,0.53283,0
4.34587,1.04941,0
4.38493,0.89997,0
4.06295,0.67751,0
1.41187,-0.47512,0
1.08978,0.07483,0
1.18246,-0.03282,0
1.71916,-0.55555,0
1.08413,-0.36278,0
3.39261,-0.42405,0
4.33795,-0.26192,0
1.2572,-0.82947,0
2.61642,0.74145,0
1.48639,-0.1646,0
2.6877,-0.94263,0
3.84215,0.18619,0
2.28765,-0.50806,0
4.08868,-0.89523,0
3.43745,-1.20409,0
0.66282,0.2236,0
4.33449,-0.8436,0
1.04346,0.10004,0
4.15788,-0.30317,0
4.22569,-0.08864,0
2.90574,-0.36015,0
4.29233,0.16944,0
0.53482,0.74208,0
3.00713,-0.65063,0
4.05006,-0.9403,0
3.68068,0.77832,0
0.50163,0.72144,0
0.7044,-1.05479,0
1.74229,-0.64618,0
2.97149,0.05753,0
4.44499,-1.03866,0
4.42262,0.83584,0
3.94176,-0.40571,0
1.75393,0.73894,0
0.8256,-1.1239,0
1.5874,0.61746,0
2.26716,0.35138,0
2.32769,1.03297,0
3.57101,-0.44485,0
3.98285,-0.2175,0
4.18585,-0.71513,0
0.55836,-0.97342,0
1.88068,0.52503,0
1.51901,0.08855,0
3.36553,-0.18876,0
2.03141,-0.45876,0
0.79994,-1.10881,0
1.04647,-1.23206,0
2.89042,-0.34793,0
2.16197,-0.2816,0
2.03616,-0.66278,0
2.5629,0.87803,0
3.86808,-1.21136,0
3.41932,0.65187,0
1.79986,0.65595,0
2.23783,-0.54267,0
2.21082,-0.55115,0
3.02665,0.90586,0
4.21557,-0.29054,0
3.23838,0.50321,0
2.35972,0.67652,0
2.62016,0.04568,0
2.37293,0.81878,0
1.27168,-0.46602,0
0.73272,1.10173,0
2.85922,0.9927,0
4.29187,0.41688,0
2.68627,0.74038,0
3.93067,-0.21452,0
1.53051,-0.08801,0
0.50193,-1.18784,0
1.23134,-0.99527,0
3.97312,1.12914,0
0.86471,-0.546,0
2.81096,0.82484,0
1.40561,0.07093,0
3.53697,-1.19527,0
2.89282,-0.88051,0
2.3068,0.97769,0
1.43771,0.83978,0
2.71478,0.90881,0
1.195,0.34661,0
3.65358,-0.56613,0
0.53312,0.0439,0
4.2469,0.49017,0
4.34894,-1.05564,0
3.14161,0.06931,0
2.22275,0.01381,0
1.65349,0.84481,0
3.36932,0.3805,0
2.66138,-1.0112,0
4.07417,0.44881,0
1.11009,0.17605,0
1.37636,-0.37898,0
1.82975,-0.35819,0
1.82822,-1.08949,0
3.42443,-0.43251,0
1.52131,-0.33029,0
3.827,0.36367,0
4.43421,-0.17263,0
3.68814,1.03211,0
4.3057,-0.14036,0
4.49323,0.37443,0
3.3435,0.4872,0
1.75711,-0.53691,0
3.80731,-1.11227,0
1.23725,0.1053,0
3.66685,-0.4498,0
2.49021,0.61137,0
3.04969,0.76283,0
1.85542,-1.19981,0
3.62613,0.20888,0
3.45835,1.18768,0
0.9906,0.31372,0
1.40401,-0.24358,0
3.71156,0.44002,0
1.92518,-0.24314,0
2.24776,0.96528,0
3.09982,-0.62875,0
3.97195,-0.02638,0
4.4526,-1.13832,0
0.77301,0.53829,0
3.34766,-0.65453,0
2.63713,0.02064,0
4.3443,0.6227,0
2.44773,-0.48666,0
4.29954,0.3619,0
4.09255,0.89265,0
3.70653,0.19564,0
0.93998,0.49876,0
0.99614,-0.73114,0
1.99819,-0.30902,0
2.32465,0.84962,0
4.16527,-0.09757,0
2.2067,0.10642,0
3.73524,0.04309,0
3.74557,-0.71081,0
2.47011,-1.01027,0
1.28058,0.45016,0
3.64239,0.72025,0
2.39649,-0.24057,0
2.49834,-0.69517,0
3.92027,1.18226,0
1.39421,1.11622,0
0.93107,1.23023,0
0.80574,-0.94473,0
0.97915,1.1547,0
4.44019,-0.30442,0
3.84104,0.19801,0
2.58086,-0.03379,0
1.36831,0.71531,0
4.39503,0.18788,0
1.48951,-0.61471,0
4.26557,0.33799,0
0.99416,-0.89012,0
3.13897,-0.74207,0
0.55272,0.86414,0
0.90383,-0.37305,0
1.14147,-1.22151,0
2.46386,-1.14197,0
1.67117,0.62271,0
2.75942,0.73961,0
2.03238,-0.22828,0
0.55967,0.87431,0
2.17835,0.53986,0
1.29512,1.22342,0
2.91359,0.23904,0
3.71507,-1.09245,0
3.15737,1.0948,0
3.98177,-1.22076,0
4.2575,0.93167,0
0.60441,-0.86481,0
4.45359,-0.01317,0
2.21875,-0.04768,0
2.47854,0.22859,0
3.50669,0.79398,0
1.91974,1.13788,0
2.69324,0.28417,0
3.87705,0.6648,0
2.61844,-0.98778,0
2.64874,0.12264,0
2.41849,0.69767,0
2.26276,0.21351,0
1.57163,-0.87793,0
1.00028,-0.63278,0
4.10205,-0.9118,0
1.82452,0.24996,0
2.12211,-0.93123,0
3.49915,0.47769,0
2.86555,1.03959,0
2.4647,-0.95987,0
0.92185,0.49045,0
2.17652,1.19168,0
3.18447,0.75792,0
1.54602,-0.15502,0
1.15033,-0.98991,0
3.7139,-1.24805,0
1.01486,0.26681,0
0.55573,0.66137,0
1.15016,0.44995,0
3.68676,-1.20566,0
3.11212,-0.21813,0
1.77264,-0.75498,0
1.73984,-0.73894,0
2.67666,0.13716,0
4.18325,-0.94582,0
2.18867,1.0333,0
2.15625,0.48533,0
3.34776,-0.86562,0
3.95421,0.53346,0
2.64332,0.62839,0
3.90986,1.13869,0
4.00424,0.30452,0
0.86542,0.65892,0
2.53785,-0.72321,0
1.02494,-0.25311,0
2.35193,-0.73016,0
4.11411,0.87419,0
2.0418,-0.52909,0
2.14933,0.53553,0
3.66907,-0.97931,0
2.49015,0.02894,0
2.06033,-0.63809,0
0.51288,-1.12006,0
0.69844,0.50928,0
1.57393,0.69482,0
1.29172,-0.82321,0
3.42668,0.40348,0
1.62312,-1.14486,0
1.63805,-1.17937,0
0.82755,0.78022,0
4.12022,-0.97578,0
2.13705,-0.90561,0
0.6498,0.67729,0
2.96305,-0.25899,0
1.17982,0.63259,0
1.58248,0.36124,0
3.31223,1.17189,0
0.66009,0.79155,0
1.02694,0.79034,0
0.66268,-0.62853,0
0.53182,-0.08168,0
2.37958,-0.87956,0
2.51786,-0.20526,0
1.47773,0.69198,0
2.7207,-0.24555,0
0.80998,-0.25835,0
3.99294,0.72975,0
3.75083,0.60146,0
0.84882,-0.72888,0
3.01652,-0.97492,0
0.89823,0.22534,0
2.08833,0.21817,0
3.22029,-0.08557,0
4.28937,0.94154,0
1.24053,-0.53396,0
3.30961,0.74322,0
2.06008,1.1265,0
4.02341,0.50753,0
3.9452,0.61475,0
2.67313,0.23921,0
3.03589,1.19153,0
2.50448,-1.19303,0
1.85122,0.67241,0
4.04911,0.88424,0
3.01443,0.24225,0
3.98531,0.26962,0
1.45883,-0.98454,0
3.3177,0.80454,0
4.0218,0.66098,0
1.50652,0.51138,0
3.86498,0.67459,0
2.71268,0.47753,0
1.6044,-0.74142,0
2.16855,-0.5356,0
2.76697,-0.33058,0
3.90406,1.02428,0
3.11825,0.53212,0
1.84571,-0.06556,0
2.22323,-0.31049,0
3.39949,0.87545,0
1.68224,1.24756,0
0.6807,-0.30124,0
2.49777,-0.81547,0
3.36205,-0.48082,0
1.27494,-0.45053,0
4.39713,-0.86905,0
3.28638,-0.32492,0
0.66861,-0.73557,0
1.4441,0.66046,0
4.44029,-0.8715,0
3.57445,0.57837,0
2.66123,-0.31046,0
2.49938,0.93145,0
2.69684,0.48181,0
3.89551,0.2863,0
3.8856,0.31922,0
1.27935,-0.74438,0
3.50108,0.00973,0
3.51537,-0.11191,0
3.47471,-0.68918,0
3.35847,0.41267,0
1.43331,0.6388,0
2.24586,0.90529,0
4.1378,0.70907,0
1.82296,-1.06284,0
4.18014,-0.44776,0
2.06969,-1.06247,0
2.211,-0.37459,0
3.22987,0.56599,0
3.16423,0.59022,0
1.57915,1.11468,0
3.56907,-1.17594,0
2.48116,0.29274,0
2.50198,-0.65595,0
4.46228,1.10857,0
1.45012,0.99617,0
1.36874,-0.62973,0
3.51091,-0.31247,0
1.77733,0.42641,0
2.8102,-0.90579,0
1.01535,-0.56411,0
2.65011,1.00392,0
3.66393,0.93783,0
3.78391,-0.25782,0
2.8871,-0.23968,0
3.14556,0.53307,0
2.69998,0.28564,0
3.57918,-0.02625,0
4.01017,-1.04649,0
3.37822,-0.64738,0
3.01458,0.73575,0
1.95819,0.83939,0
1.09374,1.15928,0
2.30433,0.06139,0
2.8749,-1.01068,0
3.5556,-0.13843,0
2.66528,-0.02276,0
2.32217,-1.15044,0
2.25407,-0.80436,0
4.08401,-0.51053,0
2.2286,0.14887,0
2.62966,0.85663,0
3.98172,0.71685,0
4.4237,-0.61425,0
2.84906,-1.18819,0
0.82177,-0.66324,0
4.28332,0.8121,0
1.6815,1.11714,0
0.60261,0.41006,0
2.57143,1.11361,0
4.48178,0.13221,0
3.70877,0.19315,0
2.04228,0.95352,0
2.42107,0.16267,0
1.18998,-0.36292,0
2.67227,-0.34265,0
1.05434,-0.26449,0
4.12149,-0.79043,0
2.34184,-0.88782,0
3.84568,-1.03093,0
3.57961,0.34528,0
1.89453,0.6991,0
3.17646,0.77132,0
2.11529,0.06027,0
2.88059,0.491,0
0.55015,1.04084,0
3.64768,1.24663,0
2.07547,1.10905,0
2.09211,1.20216,0
2.00141,0.61964,0
2.30028,-1.12062,0
3.83605,-1.12919,0
4.08854,-0.78755,0
1.48472,0.48912,0
1.49727,1.05642,0
3.98832,-0.84885,0
4.48826,-1.04831,0
2.31587,-1.10924,0
1.87252,0.46316,0
2.13959,0.17396,0
3.65839,0.55749,0
3.13592,0.52306,0
2.34076,-1.00649,0
1.30644,-0.4801,0
0.73764,0.90307,0
2.7666,-0.59394,0
2.74193,-1.0184,0
3.61373,-0.41706,0
1.99238,-0.20528,0
2.15043,0.96695,0
0.51352,0.10788,0
3.53835,1.10604,0
0.69567,0.02944,0
0.89312,1.17577,0
1.13401,0.62648,0
3.39601,0.28577,0
0.79807,0.51403,0
0.52455,-0.35582,0
3.4883,1.1673,0
1.05219,0.19961,0
0.5813,-0.80685,0
1.36731,1.19969,0
3.25491,0.42092,0
4.08445,-0.77115,0
3.08365,-0.57471,0
2.02542,0.66346,0
1.78286,-0.38602,0
0.87595,-0.17919,0
3.32048,-0.21047,0
1.78425,-0.99745,0
1.05288,-1.13046,0
2.29952,0.03357,0
0.80648,-0.37923,0
2.83247,-0.18551,0
3.8102,1.21071,0
1.06814,0.79847,0
1.10598,0.10954,0
3.33095,-0.94613,0
0.77185,1.14723,0
3.32968,0.38057,0
1.82268,-0.69677,0
0.98405,-0.38995,0
4.46239,0.42777,0
3.98022,-0.07032,0
3.41355,1.14016,0
0.9943,0.12946,0
0.51063,-0.29366,0
0.65682,-0.42169,0
3.15873,0.14162,0
1.87225,1.23952,0
4.48349,1.24513,0
0.66214,0.33007,0
1.3345,-1.03097,0
2.21365,-0.67242,0
2.90859,-0.4238,0
1.69367,1.11372,0
1.35817,0.62635,0
3.8191,-0.68534,0
1.12475,-0.4922,0
2.29093,0.8485,0
3.83627,0.41473,0
2.29781,-0.02036,0
3.92944,-0.99315,0
2.35781,0.24225,0
4.12037,-0.76619,0
3.33807,0.0705,0
4.40063,-0.6445,0
4.03977,0.02836,0
3.17193,0.10683,0
1.8094,0.31939,0
1.92767,0.61428,0
3.93685,-0.34,0
4.28335,0.41038,0
2.54874,0.18961,0
3.75379,-0.216,0
0.95593,-1.15137,0
4.19484,0.49685,0
4.17219,-0.07591,0
2.14634,0.07645,0
0.74481,0.578,0
3.03154,1.14816,0
2.78035,-0.93616,0
1.82016,-0.96325,0
3.92589,1.11948,0
2.67115,-1.07256,0
0.83431,0.8595,0
1.74897,-0.85995,0
3.02041,-1.154,0
0.6623,1.20632,0
4.12599,1.07769,0
3.67019,-1.11723,0
4.31711,-0.13571,0
1.32456,0.62421,0
0.95921,0.99059,0
0.89615,-0.18305,0
4.04041,0.07693,0
2.52027,-0.02051,0
2.03349,0.70991,0
0.65045,0.97043,0
0.80265,0.03222,0
4.30179,0.85989,0
1.0409,-0.39221,0
1.40728,0.68644,0
4.25256,0.41958,0
4.36183,-0.31046,0
2.69011,0.5102,0
1.51993,-0.15803,0
2.344,-0.06589,0
3.39212,-1.04131,0
1.08664,0.46453,0
2.26128,1.0046,0
3.80535,0.33928,0
4.40043,0.92525,0
4.1889,0.8668,0
1.90352,0.68279,0
0.99356,0.62398,0
1.11487,-0.91633,0
1.67618,0.06912,0
1.93855,0.55456,0
3.9873,-0.83694,0
1.01929,0.63096,0
0.59033,-1.21717,0
1.40909,-0.99411,0
3.0438,0.09934,0
0.82779,-0.97006,0
3.89608,0.21117,0
3.80213,1.14336,0
2.42944,0.88653,0
1.29322,0.3312,0
2.16477,-0.58521,0
0.79327,0.53618,0
1.17321,-0.60274,0
3.74109,0.08049,0
2.82753,1.05386,0
1.7273,0.15551,0
3.99938,-0.76592,0
1.36191,0.14565,0
2.34523,0.17428,0
3.82198,1.03029,0
0.80531,-1.19795,0
1.28471,-1.08967,0
0.65071,0.38958,0
2.859,-0.40685,0
4.00263,0.21421,0
1.50259,-0.59195,0
2.88521,0.20087,0
1.9469,0.20165,0
0.75943,-0.64819,0
1.35656,1.11009,0
0.52503,1.18788,0
0.9967,-0.97266,0
2.94235,-0.2774,0
4.40645,-1.08784,0
1.5265,-0.47583,0
1.55261,0.19552,0
3.5313,0.07361,0
2.10105,0.90875,0
1.59461,-0.78888,0
1.59457,0.49008,0
1.82784,1.2384,0
2.60592,-0.11815,0
3.93208,0.24893,0
1.44455,0.76401,0
2.318,-1.124,0
0.61691,-0.95267,0
1.77767,0.70294,0
2.56258,-0.54216,0
0.69575,-0.02853,0
1.2069,-0.37473,0
1.43778,-0.25291,0
2.11672,-0.72202,0
4.32215,-0.69839,0
3.21634,0.9997,0
1.25766,-0.51868,0
2.55545,0.88275,0
4.37455,-0.98869,0
3.49493,-0.9141,0
1.07335,-0.48943,0
2.75857,-0.20044,0
1.159,0.60429,0
2.80318,0.07227,0
0.65748,-1.12877,0
4.34196,0.72717,0
0.50505,0.52897,0
1.77151,0.12788,0
0.98899,-0.91868,0
4.4742,-0.53625,0
3.41653,-0.55913,0
0.78758,0.85447,0
1.06737,0.69807,0
2.94945,-0.68655,0
3.57098,-0.64329,0
0.95948,0.21969,0
1.99094,-1.06972,0
0.58058,-0.7396,0
0.66254,0.56829,0
3.92384,1.13073,0
4.16542,-1.10508,0
3.64384,-0.48269,0
1.98103,0.2018,0
2.82633,-1.14094,0
4.03113,-0.01861,0
3.33463,-0.0845,0
0.70204,-0.48284,0
3.75809,-0.0976,0
4.30464,-0.28987,0
3.37238,0.69187,0
1.15079,0.95564,0
1.00809,-0.03733,0
4.11411,-0.78399,0
3.84208,0.93551,0
3.01522,0.5041,0
0.92312,1.20547,0
2.54319,-0.92214,0
3.62202,0.63535,0
1.50918,0.86002,0
2.35849,-0.07486,0
3.61449,0.55104,0
1.81085,0.28801,0
0.64639,0.98596,0
1.80753,-0.83697,0
3.94408,1.1522,0
3.67739,0.18729,0
2.66338,0.97491,0
4.28417,-0.42665,0
0.84468,0.47336,0
0.89576,-0.10446,0
3.67922,-0.1778,0
1.47714,-0.74419,0
2.6817,0.603,0
2.83255,0.89354,0
1.97951,0.14235,0
1.17603,1.08891,0
2.76722,-1.09484,0
1.41779,-1.02477,0
1.41211,1.20635,0
2.43592,1.10783,0
0.66738,-0.54313,0
0.86442,-0.53767,0
2.79925,1.20359,0
0.68719,-0.68047,0
4.3408,0.98071,0
4.25827,-0.51833,0
1.15664,0.79683,0
2.67475,1.01497,0
1.53746,0.74881,0
3.42087,-0.93317,0
0.53021,-0.90734,0
4.31522,0.29766,0
4.24052,0.52594,0
2.67049,-0.62393,0
3.17467,-0.66964,0
4.43495,0.14372,0
2.08782,-0.53812,0
0.86704,0.83579,0
2.49627,0.40008,0
1.63466,0.92443,0
0.88312,-0.50599,0
1.45341,-0.88786,0
2.04252,-0.50785,0
3.35026,-0.30631,0
1.12807,0.02624,0
2.8029,-0.66887,0
1.43288,0.085,0
0.51956,0.89077,0
3.86868,-0.89015,0
4.36651,0.01434,0
1.83267,0.35386,0
3.44967,1.2426,0
4.26825,0.37323,0
2.17113,0.96618,0
3.58097,0.04466,0
2.85963,0.90079,0
1.95524,1.08806,0
2.69233,-0.52249,0
3.35238,0.77097,0
2.30223,0.17523,0
2.43166,-0.84573,0
2.12573,1.13906,0
3.87384,0.12863,0
1.41296,1.11215,0
2.36867,-0.64802,0
3.2527,-0.39261,0
3.70548,0.93858,0
1.21974,-0.8286,0
2.3532,-1.24412,0
1.2213,0.37969,0
3.32835,0.77419,0
3.61486,0.73559,0
3.10813,0.29561,0
4.25517,-0.8998,0
2.914,1.02307,0
4.2566,0.85067,0
3.90351,0.82658,0
0.96337,1.04073,0
2.56356,-0.85461,0
3.60198,-0.34995,0
4.03947,-0.02438,0
2.02505,-0.33617,0
1.75268,-1.07153,0
2.41373,0.84069,0
1.25802,0.8262,0
3.32738,1.1147,0
0.88049,-0.96256,0
2.10539,0.99747,0
1.21288,0.40204,0
1.90023,0.79691,0
2.74551,-1.02622,0
0.85345,-0.74621,0
4.02332,-0.01899,0
3.53675,0.30438,0
1.2038,-0.67387,0
4.44222,-1.17417,0
3.36479,-0.85262,0
3.47966,0.58418,0
2.56784,-1.11033,0
3.24978,0.65681,0
1.20998,-0.24821,0
1.09402,-0.74351,0
3.61034,-0.2893,0
2.24719,-1.01109,0
2.16312,0.29089,0
3.46278,-0.1263,0
3.51072,-1.11709,0
0.56151,-0.31386,0
1.98898,1.23486,0
1.94667,1.07401,0
1.018,-0.95711,0
4.19632,-0.81985,0
3.86002,1.15097,0
2.60723,0.0713,0
3.60482,-0.89126,0
2.40581,0.262,0
1.93579,-0.98441,0
4.40524,-1.08611,0
0.89374,0.82611,0
3.66632,-0.00959,0
3.73331,0.93549,0
1.8247,-0.16118,0
3.87742,1.1687,0
2.19551,-0.63709,0
2.49854,0.11512,0
1.04714,-0.35479,0
2.46499,-1.12861,0
0.74929,-0.50748,0
3.52003,-0.79485,0
4.11782,-0.8845,0
3.51907,0.30932,0
1.80405,0.99289,0
2.70964,-0.72597,0
2.35456,0.16405,0
1.64613,-0.60025,0
1.17884,0.92935,0
2.70244,0.7605,0
3.76908,-0.17458,0
4.00653,-0.26673,0
3.85681,-0.09993,0
1.56,-1.10787,0
3.97738,-0.96754,0
1.35786,0.6012,0
3.25975,-0.73951,0
3.94093,1.07632,0
0.93781,-0.21985,0
1.37087,0.51318,0
1.54557,-0.28952,0
4.35996,-0.44676,0
2.54728,-0.04123,0
2.11506,0.86088,0
0.54613,-0.31301,0
1.44442,-0.67449,0
2.68063,0.85167,0
1.62419,-0.81205,0
4.44824,0.75712,0
4.49744,1.20755,0
3.0101,-0.94107,0
1.87939,1.20647,0
1.71177,0.63467,0
3.45563,0.57229,0
3.84488,-1.01116,0
4.09319,-0.32822,0
0.54376,0.60687,0
1.73153,-0.35818,0
2.72418,-0.96365,0
1.5381,0.94625,0
4.11578,0.55905,0
3.53949,0.3974,0
2.02945,-1.08241,0
0.5096,-0.99412,0
2.92343,-0.12184,0
2.40533,0.03548,0
2.53091,0.01279,0
3.01634,-1.00977,0
4.00577,1.23006,0
2.312,-0.34485,0
0.92667,-0.45611,0
2.83275,-0.76481,0
1.47674,-0.73696,0
3.68231,1.20385,0
3.56613,-0.01295,0
2.46649,-1.24882,0
3.13198,1.10446,0
3.02792,0.92298,0
2.66175,0.81434,0
1.1248,-0.14048,0
2.27225,-0.83891,0
1.36078,-0.22931,0
3.1008,-1.17927,0
0.77703,0.74912,0
2.4359,0.16371,0
2.18889,0.18935,0
4.40254,1.19459,0
2.41479,-0.44001,0
4.40532,-0.73483,0
3.08699,-0.52892,0
3.12753,-0.051,0
0.5669,-0.43702,0
3.65491,-0.10524,0
3.59558,-1.17031,0
1.81794,-0.05018,0
4.16096,-0.73043,0
1.94218,-0.1576,0
3.0903,0.12486,0
3.03867,0.13096,0
3.7865,1.04624,0
1.90385,0.42668,0
3.76685,-1.0903,0
1.54722,0.8629,0
3.86305,0.19506,0
1.82823,0.09849,0
3.13161,-0.09187,0
1.24363,-0.74213,0
2.33785,0.71996,0
1.75988,-1.16183,0
3.8831,0.04371,0
3.0536,0.24173,0
4.37938,0.40308,0
3.02291,1.0083,0
1.02339,0.4238,0
1.18088,-1.03633,0
3.88848,0.02125,0
2.95746,0.09041,0
3.32362,0.68211,0
3.07941,0.26252,0
2.92378,0.81479,0
4.19468,0.69983,0
2.72784,-1.14284,0
3.01437,0.96911,0
1.62821,-0.90871,0
1.04809,0.75786,0
0.50456,0.35348,0
4.46495,1.05174,0
1.64934,0.69203,0
3.59495,-0.97819,0
4.3219,-1.03382,0
4.15848,0.72843,0
2.7847,-0.2385,0
1.14979,-0.38614,0
1.36357,-0.44448,0
1.92557,-0.24726,0
2.99845,0.19422,0
1.20844,1.17965,0
0.98397,1.11612,0
3.71472,-0.72299,0
2.7061,0.54467,0
3.9577,0.78357,0
1.03921,-0.69854,0
0.80902,0.45554,0
1.39263,-1.07143,0
3.90529,0.32978,0
1.34173,1.01863,0
4.49061,-0.83465,0
0.63159,-0.71807,0
1.68418,0.02552,0
1.58317,1.00318,0
3.32492,-1.01285,0
0.58539,1.11086,0
3.19071,-0.25271,0
1.95796,-0.77675,0
2.78355,0.2436,0
3.71246,-0.12461,0
1.56382,1.11782,0
1.43039,-0.79,0
1.01735,0.5014,0
2.525,1.1076,0
3.85136,0.27437,0
2.01817,0.03936,0
1.69664,0.9643,0
3.2507,0.94811,0
1.53547,-0.14219,0
1.60206,0.83765,0
1.74644,0.464,0
1.07923,0.80652,0
2.86642,-0.59906,0
0.55172,0.32016,0
2.20204,1.19764,0
1.51014,1.09589,0
4.16407,-1.02401,0
4.34073,0.56061,0
3.89713,0.2101,0
3.3055,0.11924,0
3.94354,-0.43572,0
0.77288,-0.91353,0
4.464,-0.22904,0
2.55196,0.93184,0
2.89115,0.85113,0
1.53232,0.26037,0
1.38428,1.08012,0
3.90129,-0.41481,0
3.91154,-1.1771,0
1.49814,0.91158,0
1.19266,-0.77912,0
1.16122,0.39896,0
3.16951,0.55955,0
4.31594,-0.4779,0
3.39343,-0.22611,0
0.60806,-1.12994,0
1.94679,-0.89346,0
4.17938,-0.27684,0
4.01449,-0.45829,0
0.58422,0.94786,0
1.27009,-0.27054,0
1.50742,0.79434,0
2.26966,0.89313,0
4.02646,-0.29761,0
1.10923,-0.38354,0
4.3967,-0.20156,0
1.80992,-0.14132,0
3.76237,0.56326,0
1.1862,-0.0221,0
1.74979,0.20857,0
3.80714,0.54453,0
4.26984,-1.005,0
3.61949,-0.37906,0
3.89189,0.82839,0
0.9741,0.84692,0
2.14539,0.43557,0
0.72161,0.11299,0
4.26365,1.03187,0
2.57463,0.03126,0
4.07362,-0.71856,0
3.49993,-0.00306,0
3.29974,-0.5915,0
3.40916,-1.08636,0
3.77215,-1.12545,0
3.01719,-0.81608,0
3.88227,0.62431,0
1.24587,0.62479,0
1.9543,0.46311,0
0.74528,0.84512,0
0.64305,-0.29171,0
1.51678,-0.94739,0
2.02627,0.60518,0
1.08991,-0.87727,0
1.52941,1.01786,0
2.42714,0.34289,0
0.73141,-0.46049,0
4.20283,0.01818,0
4.33766,-0.98491,0
3.81763,0.6273,0
3.71947,-0.53066,0
3.18219,1.02668,0
1.01056,-0.28997,0
1.88044,-0.72819,0
3.58657,0.78108,0
3.76546,0.21676,0
1.92163,0.8265,0
0.88873,0.71275,0
4.17845,-1.23864,0
2.70564,0.83238,0
1.97181,-0.81716,0
2.41385,-0.99715,0
2.03877,0.01122,0
2.10195,-1.00976,0
3.61491,0.70696,0
0.57032,0.11091,0
1.02965,0.13681,0
3.43432,0.6717,0
2.97031,0.6837,0
3.50421,0.25825,0
3.7772,-0.73124,0
3.79451,-1.02333,0
3.20428,1.03058,0
3.29082,0.92128,0
3.54509,-0.50045,0
4.20552,0.57904,0
4.31604,0.80201,0
4.39886,-0.44576,0
1.23078,1.22661,0
3.94794,0.02305,0
4.08905,0.34457,0
3.18265,0.69415,0
3.6919,0.97299,0
2.8295,-0.69246,0
3.06844,0.61659,0
2.24799,0.26332,0
0.79976,-1.05942,0
4.11415,-0.17154,0
1.78435,1.2033,0
3.03994,0.94579,0
2.74917,0.62621,0
2.6947,-0.18736,0
4.49903,0.7011,0
2.03959,1.12395,0
3.23596,0.38973,0
3.44759,-0.93695,0
1.31475,-1.16374,0
1.48006,-0.97037,0
1.97255,0.87451,0
2.38753,0.68448,0
2.43831,1.19282,0
3.92408,0.55562,0
2.47034,-0.05746,0
1.43794,-0.64161,0
2.4857,0.42169,0
1.3858,0.56966,0
2.32302,-0.34858,0
3.05522,-0.82444,0
2.1543,0.32863,0
4.46527,-0.54793,0
0.60948,0.58801,0
2.54316,-0.65482,0
2.4984,-0.57866,0
0.71154,0.20829,0
3.6222,1.01675,0
3.36909,0.02347,0
0.73481,-0.705,0
3.14533,0.1005,0
1.52695,-1.0396,0
2.13496,-0.0727,0
2.1268,-0.77944,0
0.52122,-1.23308,0
2.59199,0.95012,0
1.77256,0.87568,0
0.747,0.34203,0
3.74268,-0.12166,0
3.76282,0.20761,0
2.29808,0.96254,0
0.79422,-0.57819,0
1.9867,1.21552,0
3.41367,0.3876,0
3.3602,1.0389,0
4.01973,-0.87501,0
1.24803,-0.48707,0
1.69801,0.7716,0
3.40172,-0.9944,0
3.06597,0.1573,0
0.9192,0.68808,0
4.4894,-0.14774,0
2.58214,-0.92059,0
4.31802,-0.15566,0
1.09292,-0.7778,0
2.18588,1.02786,0
0.86279,-0.5196,0
4.15243,-0.81468,0
3.6966,1.17391,0
1.41237,-1.23788,0
4.21782,-0.10329,0
3.25009,0.30921,0
3.6283,-1.24907,0
0.66837,0.30178,0
1.53975,0.48035,0
4.17535,-0.78388,0
2.63264,-0.03594,0
3.55369,0.4385,0
3.87503,-0.81295,0
4.21433,0.57231,0
1.10268,-0.50205,0
3.3193,0.71301,0
3.61612,-0.32962,0
0.85761,0.41373,0
3.45603,0.97694,0
2.57199,-0.46811,0
1.66886,0.76956,0
1.44677,0.10387,0
0.89673,-0.14778,0
2.71491,0.85912,0
0.80542,0.63018,0
2.14615,-0.82559,0
3.25642,-0.99725,0
3.75568,-0.84913,0
0.9517,-0.07148,0
2.80605,1.22578,0
3.03034,-0.58677,0
2.28376,0.77949,0
0.58307,1.02196,0
2.02538,0.05904,0
2.82887,-0.59328,0
1.71962,-0.61721,0
1.00769,1.00725,0
3.79588,0.47987,0
2.47666,-0.22355,0
1.38162,-1.20876,0
4.19205,1.1695,0
3.86787,0.5097,0
3.95724,0.25054,0
2.19162,-0.98469,0
3.39637,1.06554,0
1.84355,-0.8099,0
1.49467,-0.84065,0
3.43776,-1.04858,0
4.13542,-1.00972,0
0.82974,0.75659,0
3.10354,0.71064,0
0.77337,-0.36862,0
3.5225,1.09664,0
2.02017,0.17671,0
2.05653,0.16058,0
1.88562,0.90714,0
1.72974,-0.74797,0
3.09883,-0.15055,0
0.79446,0.68538,0
3.65155,0.73654,0
1.84835,0.8106,0
3.66899,-0.81808,0
1.66716,1.21674,0
4.24685,0.47128,0
0.52451,-0.79344,0
4.47211,0.22288,0
4.04443,-0.58872,0
2.96867,0.60949,0
3.29492,-0.08307,0
0.65121,0.13357,0
2.29237,-0.25756,0
2.91388,-1.24991,0
0.88693,0.23373,0
3.24809,0.43806,0
1.19583,-0.50344,0
0.5966,0.61061,0
2.29047,-0.22654,0
1.63059,-0.22737,0
0.59223,0.97111,0
2.02263,0.49008,0
3.18034,-0.92986,0
3.00801,-0.3121,0
1.01846,0.38395,0
4.07154,-0.85673,0
1.70991,0.08113,0
1.56453,-0.45178,0
2.94059,-1.19494,0
4.1784,-0.92636,0
2.28305,0.79633,0
2.45579,0.01948,0
4.01466,0.64547,0
3.46538,0.2579,0
2.68313,1.08512,0
1.64168,1.09786,0
2.88283,-0.02724,0
3.81601,-1.04065,0
2.32514,0.15409,0
1.63347,-0.48015,0
4.37685,-0.93528,0
4.33065,0.66192,0
1.5224,-0.1826,0
0.79656,-0.17973,0
1.79726,-1.08356,0
1.22418,0.81416,0
3.62178,1.15059,0
3.94235,0.7829,0
2.1497,-0.80662,0
1.56991,-0.88795,0
1.12937,-0.08853,0
1.75832,-0.18562,0
2.83346,0.35635,0
4.45352,1.20138,0
2.09346,-0.33768,0
3.18012,0.60263,0
2.11298,-0.27827,0
2.54947,0.8541,0
1.97278,-0.60441,0
1.48922,-1.09247,0
3.86898,1.08874,0
3.56599,0.66202,0
1.73602,0.96844,0
3.49718,-0.89147,0
3.33949,0.252,0
4.10439,-0.15873,0
3.23149,0.11243,0
2.77648,0.74538,0
0.6791,0.58809,0
1.61314,0.72839,0
2.22958,-0.16988,0
1.97963,0.20703,0
2.52752,1.13425,0
4.35223,1.07206,0
0.9748,1.15361,0
1.22553,-0.06876,0
3.15947,0.06134,0
3.7574,0.96856,0
3.33906,-0.64575,0
1.7753,-1.08569,0
2.09793,0.37987,0
3.48925,-0.2235,0
2.03948,-0.22354,0
0.77521,-0.01394,0
2.57384,-0.43307,0
0.91959,1.12252,0
1.99478,-1.09602,0
1.3425,-0.20848,0
1.59083,0.23206,0
2.52342,-1.01723,0
3.22726,0.40075,0
3.35664,-0.34146,0
4.04367,-0.15798,0
4.4135,-0.29904,0
2.04849,-1.10123,0
2.03645,1.06772,0
0.62081,-1.11125,0
2.83299,-0.3622,0
0.53887,0.67525,0
3.84628,1.03831,0
1.74684,0.77133,0
0.59866,-0.7823,0
3.52454,-1.10007,0
1.63989,-0.51312,0
1.77368,0.84868,0
0.53959,-0.73346,0
1.06454,-1.08606,0
3.15,1.18852,0
2.44329,-1.154,0
1.11286,-0.06699,0
2.66027,0.12327,0
2.02347,0.00386,0
0.64167,0.51874,0
4.33134,-1.12179,0
4.04974,-1.16972,0
2.64923,0.57192,0
2.56808,-0.25864,0
3.69731,-1.13004,0
1.87585,-0.14064,0
3.11289,-0.20674,0
3.96874,0.83385,0
1.70562,-0.14944,0
4.41361,-1.20097,0
3.93684,0.12983,0
2.36603,-1.13806,0
2.2132,-0.94114,0
1.43013,-1.19011,0
1.8983,-1.10262,0
1.07213,0.91852,0
2.61042,-0.31174,0
0.50461,-0.46234,0
1.1008,-1.08634,0
4.06737,0.55658,0
2.94001,-0.13387,0
2.02934,1.09811,0
4.3536,-0.96905,0
3.78914,-0.31152,0
3.06321,1.17057,0
2.35394,1.13967,0
3.06076,-0.4921,0
2.10326,-0.59861,0
3.88479,-0.67842,0
3.90331,1.21795,0
1.64827,0.41349,0
0.9282,-1.15957,0
4.22955,0.02372,0
1.44682,-0.13245,0
3.68006,0.30772,0
2.97789,0.05992,0
3.32847,-0.72885,0
1.66156,1.15648,0
2.06068,-0.99499,0
4.21896,0.82876,0
0.615,0.4287,0
1.88381,0.36554,0
0.50584,0.04246,0
4.07706,0.9835,0
2.65569,-0.78348,0
1.42761,-0.00853,0
4.41646,-0.10232,0
1.51185,-0.87991,0
2.56116,-0.7494,0
3.30614,-0.92236,0
2.79421,1.13006,0
1.67921,0.78639,0
3.51675,-0.86568,0
0.89501,0.71706,0
0.51625,-1.00348,0
0.79099,-0.86645,0
2.47524,-1.06719,0
3.82688,0.34628,0
2.91197,-0.21051,0
3.83899,-0.71533,0
1.68642,0.01779,0
1.28579,-0.61072,0
2.91962,-1.23494,0
0.77839,-0.8476,0
4.44843,-0.32829,0
4.24303,1.01136,0
1.86658,-0.73372,0
0.95337,1.08465,0
1.53768,0.93143,0
0.76235,1.05009,0
1.15396,0.00209,0
2.19789,-0.34045,0
3.08064,-1.20031,0
2.21716,0.30679,0
1.27174,-0.5337,0
0.92249,-0.61378,0
3.57706,0.40398,0
1.05244,0.17375,0
2.52158,-1.23788,0
1.9387,0.33989,0
2.40704,-0.63886,0
3.5546,0.58636,0
2.86374,-0.74554,0
3.78481,-0.61421,0
0.74103,1.09635,0
3.75515,0.08163,0
4.32747,1.17906,0
2.28048,0.99114,0
2.42798,0.16042,0
1.50702,1.19969,0
0.88555,-0.96593,0
1.57222,-0.01346,0
2.93986,0.02267,0
4.06255,0.13479,0
2.06426,0.17173,0
0.99307,0.73626,0
3.17216,-1.0728,0
1.69861,-0.8074,0
1.70758,1.19035,0
3.52573,-0.87626,0
4.04029,-0.72413,0
2.44694,0.20548,0
0.50622,-0.1171,0
1.66824,-0.82844,0
1.47055,-0.54051,0
2.36473,-0.75033,0
4.01387,1.19049,0
1.02694,-0.36259,0
1.42234,-1.07854,0
3.93209,1.1375,0
2.2384,-0.39683,0
4.41693,-0.75946,0
3.99131,0.93615,0
1.78496,0.78484,0
0.65953,0.95144,0
2.23525,-0.14038,0
3.61019,-0.33712,0
3.67271,-1.08291,0
1.53715,-0.37432,0
0.5744,-1.05998,0
2.63902,0.46626,0
0.76799,0.87077,0
1.72947,1.12315,0
1.30033,0.94671,0
4.03336,0.81228,0
3.70408,0.17797,0
1.37733,-0.19132,0
3.6646,-0.97009,0
1.23414,1.03815,0
3.86698,0.12558,0
2.65132,0.04689,0
3.18472,0.95425,0
2.87942,-0.98249,0
1.07081,1.05737,0
2.97881,0.52728,0
4.39708,-0.56378,0
1.94074,-1.15631,0
2.30541,0.04363,0
3.51305,-0.96454,0
3.44865,0.65602,0
1.45202,-0.10757,0
3.10573,-0.94377,0
4.06506,-0.82071,0
1.50773,-0.98509,0
1.39321,-1.23642,0
4.16712,-0.06843,0
1.92477,-1.14356,0
2.18186,-0.76088,0
1.92336,0.65724,0
4.41593,-0.11931,0
3.65229,0.43889,0
4.3398,0.00798,0
1.65471,-1.01802,0
2.13241,0.70911,0
2.74729,0.02648,0
0.7058,-0.11172,0
1.82254,-0.76098,0
1.41272,0.62116,0
2.32988,-0.99029,0
2.0133,0.05893,0
3.64247,0.40115,0
1.60162,-1.24119,0
1.98984,-0.17592,0
2.53859,0.19361,0
3.31437,-0.18067,0
3.08837,0.4282,0
3.01938,-1.19407,0
1.59942,-0.33513,0
3.05442,0.01782,0
3.24809,-0.29027,0
3.97532,-0.84597,0
3.33631,0.14629,0
4.30189,1.24346,0
2.02222,0.10984,0
1.58703,0.42092,0
2.01528,-0.14534,0
3.12531,-0.17782,0
1.13714,-0.39626,0
0.57863,-0.93178,0
4.1678,-1.1247,0
1.56695,0.81332,0
3.27548,-1.09183,0
0.63053,-0.38742,0
3.13259,0.61618,0
2.42324,-0.61718,0
2.9002,0.33235,0
2.47288,-0.76391,0
2.18932,1.20459,0
3.14591,-1.23888,0
4.42781,-0.5436,0
3.11792,0.05288,0
1.6829,0.76046,0
2.2432,0.49026,0
1.7374,1.0674,0
2.50194,0.97377,0
3.4477,-0.68091,0
2.14446,-1.03655,0
3.83822,0.26937,0
2.93467,1.21409,0
1.43334,0.53548,0
3.85311,0.45544,0
4.23616,-0.61257,0
1.84891,-0.13099,0
0.54626,-0.51619,0
3.59955,-0.84788,0
1.29198,0.76365,0
4.00836,0.47379,0
2.57261,-0.10095,0
3.48462,-0.15891,0
4.36981,-1.08508,0
4.37177,0.30267,0
4.28882,-0.94899,0
1.96654,-0.2325,0
1.27899,-0.66706,0
1.48821,0.69163,0
2.45098,0.07869,0
0.9921,0.94956,0
1.9701,-1.20712,0
3.10069,-0.14317,0
1.40834,0.78335,0
3.56627,-0.79268,0
0.55959,0.91999,0
0.63468,0.26779,0
3.22338,0.99304,0
1.59831,1.18068,0
3.61873,-0.09566,0
4.40172,0.63529,0
1.35731,0.25564,0
3.17455,0.49819,0
1.49916,0.16079,0
1.22922,-1.06996,0
2.64052,-1.00014,0
1.20963,-0.71671,0
3.47562,1.05373,0
0.99206,0.83486,0
3.29542,1.08393,0
4.28656,0.0171,0
4.32775,-0.14609,0
3.86332,0.59634,0
3.84306,1.04976,0
1.28751,-0.76875,0
2.18096,-0.16946,0
0.79265,0.60667,0
3.79159,-0.23939,0
1.90325,-0.94747,0
3.38726,-0.56371,0
3.55075,-1.21161,0
0.87149,0.72249,0
1.93136,-0.47347,0
2.99396,-1.13359,0
2.0727,0.82456,0
0.79387,0.8006,0
1.39908,-0.49939,0
3.98641,0.46451,0
3.4783,0.73249,0
2.49041,0.82608,0
2.74213,-0.54097,0
3.28377,1.1542,0
1.68393,-0.76846,0
1.7631,-0.26693,0
4.2599,0.5174,0
2.51509,-0.24952,0
2.18661,1.05939,0
1.61326,0.43642,0
2.88095,-0.65362,0
3.25052,0.13813,0
1.4894,-1.24872,0
3.86808,0.28788,0
4.05439,0.76535,0
3.77947,0.82361,0
2.03435,-0.32047,0
1.64433,1.09275,0
2.75183,-0.13351,0
1.15487,-1.1409,0
1.9174,-1.16657,0
4.27117,0.41906,0
0.89707,-0.36308,0
1.8737,0.58479,0
2.13754,0.45532,0
2.69505,0.55926,0
1.44795,-0.70952,0
3.45701,-1.02868,0
3.04132,-1.03372,0
4.29708,1.04271,0
1.4488,0.42878,0
2.88967,-0.0273,0
1.44566,0.84171,0
0.97088,0.90476,0
0.87973,-1.11085,0
1.66686,-0.57662,0
0.82077,-0.49147,0
1.31562,-0.5554,0
2.00779,-0.94898,0
3.8467,-1.19784,0
3.55204,0.85623,0
1.36888,0.47911,0
1.70586,0.93181,0
3.53797,-0.22567,0
4.29787,0.56426,0
2.19057,0.1873,0
4.04086,-0.48258,0
2.58177,1.16663,0
1.48231,0.10839,0
1.10883,-1.10997,0
4.01232,-0.96971,0
1.61784,1.14539,0
1.25296,0.19465,0
0.58639,0.35698,0
4.23834,-0.4585,0
1.92286,-0.0092,0
2.19431,-0.47625,0
1.27799,-0.50577,0
3.47689,0.93593,0
3.07939,-0.03626,0
0.85553,0.33235,0
2.81865,-1.06316,0
2.3278,0.5882,0
0.91496,-0.00736,0
3.67328,-0.29097,0
4.43285,0.82744,0
0.7569,0.76189,0
4.15887,-0.95299,0
0.76695,-0.78232,0
2.9566,-0.18986,0
2.5867,1.22766,0
0.87405,0.12092,0
1.82197,0.27822,0
2.50232,-0.56797,0
1.88481,-0.79591,0
4.35462,1.0992,0
0.90451,0.84403,0
2.08895,0.25792,0
0.60888,-0.48952,0
0.7531,0.7904,0
1.89568,0.0638,0
2.73499,0.01202,0
2.1254,-0.39256,0
1.83906,0.65977,0
1.37358,0.77903,0
2.81361,-0.3428,0
2.22293,0.1718,0
3.28334,0.05799,0
2.89563,0.78992,0
3.31148,-0.95034,0
3.04519,0.89376,0
1.75333,0.66811,0
4.15272,0.59201,0
1.67549,0.849,0
2.47386,-1.12929,0
4.01257,0.63549,0
1.38387,-0.51006,0
3.74984,-0.54535,0
4.41786,0.48318,0
2.00476,-1.12132,0
0.5282,1.09379,0
4.0361,0.08981,0
0.83983,-0.16997,0
2.35983,0.63639,0
1.22877,0.79367,0
3.51742,-1.09133,0
2.39375,-0.88878,0
1.37329,-1.08987,0
3.0572,-0.66525,0
3.80008,-0.97448,0
1.19879,0.48892,0
1.89972,-0.78272,0
0.72286,-0.93924,0
4.19175,0.3992,0
3.06124,1.00888,0
1.38654,0.36741,0
4.47685,1.17716,0
1.48901,0.6467,0
3.85835,0.70418,0
1.99891,-0.18312,0
4.34616,0.26102,0
0.94347,0.84138,0
1.76516,0.4962,0
3.25777,-0.67197,0
0.55125,0.8486,0
0.97952,0.5378,0
3.94525,-0.3884,0
0.76102,-0.82298,0
2.78418,-0.46493,0
1.84557,-0.43503,0
2.90203,-1.22696,0
1.31791,0.57152,0
3.80832,-0.41493,0
1.6321,0.96973,0
2.22054,0.10099,0
2.61886,-1.21692,0
3.92909,0.4908,0
3.93367,-0.59797,0
2.19965,0.81581,0
3.93407,0.16526,0
0.98431,1.01038,0
0.59586,1.11355,0
0.69042,-1.02358,0
4.14208,0.46805,0
0.79404,0.85935,0
1.50647,-0.16554,0
1.53072,1.10004,0
3.65376,0.07922,0
3.71582,-0.40263,0
1.37301,0.36345,0
1.64679,0.98519,0
2.86023,-1.06678,0
2.71143,-0.0657,0
4.48578,-0.76899,0
0.89244,-0.89517,0
1.83997,-0.13529,0
3.27419,-0.40627,0
2.00467,0.55812,0
3.9263,-0.15306,0
3.42964,0.18305,0
0.59949,0.01522,0
4.32317,-0.12829,0
0.70111,0.1316,0
2.82676,0.56896,0
1.35325,0.98182,0
1.33089,0.81493,0
2.27157,-0.57865,0
1.7238,0.25335,0
2.31856,-1.24209,0
1.72266,-0.74879,0
1.18843,-1.06779,0
3.18101,0.76334,0
1.00308,0.98809,0
4.48717,1.20978,0
4.10624,0.7054,0
3.1936,0.83514,0
2.09298,0.10575,0
1.11082,-0.78496,0
4.49946,-0.87624,0
3.07203,1.16058,0
1.11022,0.96049,0
0.60361,0.17691,0
1.43428,-0.15501,0
3.34235,0.73679,0
2.66747,-0.12163,0
1.5133,1.01381,0
0.68812,-0.727,0
0.67637,1.12616,0
2.75592,-0.13988,0
1.58095,0.62745,0
3.00391,0.1463,0
3.80331,-0.96746,0
3.45376,0.61482,0
0.60737,0.97781,0
1.6467,1.12831,0
3.18058,-0.66515,0
3.2132,-0.34905,0
1.14998,0.57735,0
3.06705,0.74578,0
4.36976,0.23479,0
1.75134,-1.14073,0
2.05899,-1.22607,0
1.13329,-0.52362,0
3.89656,-0.08445,0
1.85193,-0.37132,0
2.91499,-0.35307,0
3.49952,-1.10216,0
3.48942,0.28073,0
2.19494,0.23006,0
0.60385,-0.96344,0
1.9949,-1.12287,0
0.74587,-0.25109,0
3.67172,0.36184,0
3.69453,0.61276,0
1.66838,0.22883,0
1.24178,0.43172,0
0.77015,1.1848,0
1.82243,0.72432,0
4.47975,-0.02133,0
3.10738,0.09352,0
1.77109,-0.72869,0
1.63564,0.65371,0
2.26921,0.29439,0
0.57651,-0.34129,0
2.69224,0.38823,0
2.75876,-0.75112,0
1.64019,0.88867,0
0.60202,-0.36653,0
4.22896,1.23937,0
3.98859,-0.23923,0
3.89648,-1.23432,0
4.37976,-0.83862,0
2.51296,-0.70636,0
1.02788,0.54051,0
0.64476,-0.78329,0
3.84742,-0.73159,0
2.4502,-0.96363,0
3.98498,0.10907,0
1.5887,0.01125,0
2.70075,-1.07108,0
4.10654,-0.02481,0
1.96662,0.54009,0
4.43403,-1.00899,0
2.57674,-0.26808,0
2.07943,0.2633,0
2.7014,-0.01158,0
4.44898,-1.14637,0
3.03513,-0.36931,0
3.85342,-0.21152,0
1.8452,-0.67661,0
3.46673,-0.10481,0
2.27083,-0.27484,0
2.35709,0.27522,0
4.02709,-0.67087,0
1.80246,0.94171,0
2.06908,0.30088,0
0.78319,-0.94777,0
1.41802,0.88798,0
1.06318,0.77829,0
0.78646,-1.18612,0
1.41716,-0.44709,0
4.20774,-0.02789,0
3.60321,-0.27849,0
3.25667,-0.02785,0
2.45823,1.08698,0
0.61356,1.22053,0
1.76548,-0.47633,0
2.52301,0.23867,0
2.7632,0.85834,0
3.33179,0.13627,0
3.24147,-0.90028,0
2.38898,0.43843,0
2.46112,0.09156,0
2.65181,-0.05301,0
1.0138,0.74909,0
0.74106,-0.49709,0
1.9956,-0.75467,0
1.59574,0.42507,0
1.05347,0.51995,0
2.03986,1.24552,0
1.94859,-0.11291,0
1.79023,-0.94544,0
3.07186,0.2804,0
2.78207,-0.69284,0
2.79214,0.42727,0
1.0152,0.17039,0
1.62059,1.16217,0
1.66317,-1.21211,0
2.36697,-0.02167,0
3.42539,-0.4935,0
1.42905,0.81695,0
4.40391,-0.17089,0
1.15351,-0.40517,0
2.80639,0.06534,0
1.94167,-0.59493,0
1.90411,-0.55349,0
3.01333,0.89833,0
3.4151,0.0509,0
0.57487,-0.91761,0
2.33228,0.1905,0
0.78897,0.54892,0
4.21753,0.81372,0
2.87697,-0.11106,0
2.0814,-0.9671,0
1.06866,0.71488,0
4.17995,-0.1859,0
2.45937,-0.5092,0
3.92494,0.12456,0
4.15863,-1.22268,0
2.17111,-1.00557,0
2.88719,0.51806,0
2.37825,-0.50901,0
4.32213,-0.58017,0
2.62513,0.87511,0
2.52976,0.40235,0
2.49306,0.04712,0
1.15105,-0.60295,0
0.92379,-0.53405,0
0.67589,0.12809,0
1.03831,1.21843,0
3.96341,0.99872,0
1.75358,-0.80695,0
2.15572,0.80381,0
1.94624,0.12129,0
1.86492,0.54363,0
0.69502,-0.17193,0
4.10982,0.29629,0
1.06234,-0.74083,0
1.13125,0.90865,0
2.66151,-1.11219,0
3.63833,0.85948,0
2.21511,0.35706,0
3.17138,-0.81479,0
1.26718,0.70164,0
1.31065,0.69059,0
3.20567,0.53094,0
0.97484,0.93121,0
2.44305,0.57947,0
0.5589,-0.41833,0
1.02636,0.83367,0
3.38838,0.90244,0
3.85432,-0.5999,0
3.62787,0.51766,0
0.52906,1.2351,0
0.6879,-1.19157,0
2.60732,-0.27065,0
1.4931,0.1666,0
1.7867,-0.04679,0
3.00232,-1.23409,0
3.09334,0.12854,0
3.1737,0.90325,0
4.42711,0.53522,0
4.15906,-0.77113,0
1.54651,-0.59227,0
2.65469,-0.703,0
2.75899,-0.71611,0
2.30786,0.57354,0
3.9677,-0.29356,0
2.39797,0.91816,0
1.432,-0.70294,0
1.46363,0.09986,0
2.49351,-0.27783,0
2.67605,-0.71616,0
2.35898,-0.25114,0
3.07263,0.09656,0
1.9728,-1.04967,0
1.81899,1.17424,0
2.90021,0.18504,0
1.29354,-1.07005,0
1.62754,0.24331,0
2.82715,-0.79252,0
1.57473,-0.04448,0
2.97647,0.72058,0
2.17691,-0.34657,0
1.05343,-0.23643,0
1.24158,-0.62555,0
1.45467,-0.21857,0
1.24902,-0.67295,0
2.68925,-0.74258,0
2.51393,-0.47469,0
3.52275,1.1522,0
3.07985,-0.0026,0
3.66607,-0.08631,0
2.41569,0.32727,0
2.07994,-0.64887,0
4.48644,0.52181,0
2.45605,0.17029,0
4.38951,0.39125,0
3.70603,-0.61666,0
3.6119,0.82682,0
3.70247,-0.96551,0
1.18228,-0.4463,0
2.16822,0.13758,0
3.45107,-0.2453,0
3.52043,-1.09403,0
0.76857,1.06854,0
2.76564,0.39637,0
2.18499,0.03513,0
0.92279,1.11427,0
3.30388,-1.17834,0
2.94478,1.13258,0
1.68653,0.30553,0
3.76228,-0.5998,0
1.08748,-0.6596,0
1.07007,-1.08892,0
4.32352,-1.10103,0
1.68235,0.5395,0
2.3624,-0.06275,0
1.1592,-0.78131,0
1.72802,-0.63393,0
2.36987,-0.99872,0
1.38803,0.58178,0
1.99578,-1.10326,0
3.13071,0.6837,0
2.30657,0.42579,0
4.32939,0.84712,0
2.13926,-0.31872,0
3.12908,-1.1118,0
3.51783,0.75195,0
1.61718,-0.39485,0
2.28212,-0.10191,0
3.31913,-0.64213,0
3.69918,-0.36658,0
0.7466,-1.07555,0
2.84768,-0.05739,0
3.43742,-0.82754,0
3.768,0.03445,0
3.30266,1.01959,0
2.61152,-0.92511,0
1.07374,0.74573,0
3.1362,-0.17819,0
2.02741,-0.5817,0
1.22097,0.55125,0
0.7823,-0.99644,0
1.36584,0.25328,0
1.66027,0.95177,0
3.39531,0.2136,0
1.46631,0.3166,0
1.05934,-0.4156,0
1.17758,1.11042,0
2.93111,1.13404,0
3.5072,1.19388,0
4.23977,-0.07822,0
1.09092,-1.02808,0
3.0497,1.23687,0
2.8306,0.49689,0
3.69395,-0.01134,0
1.87505,0.33277,0
2.10232,-0.43554,0
4.0436,-0.5477,0
0.5569,-0.57801,0
3.43348,-0.18341,0
3.37983,0.1458,0
0.85981,0.12473,0
2.94282,0.50525,0
2.65947,0.67919,0
3.01024,-1.09917,0
1.88779,0.21938,0
3.23531,1.00465,0
2.84502,-0.51783,0
2.33255,0.86826,0
2.77163,-0.12688,0
1.45598,-0.84852,0
2.95387,-1.01379,0
3.89373,-1.06555,0
3.04048,0.518,0
4.33476,0.87648,0
0.89455,-0.3707,0
0.93602,-0.26216,0
2.58829,-0.82428,0
3.37963,1.24553,0
2.19675,-0.14552,0
1.39236,0.81262,0
0.69523,-0.90743,0
0.70045,1.17187,0
3.62773,1.17252,0
3.07156,-0.38112,0
0.96345,-1.11872,0
4.29379,0.79343,0
0.69886,-0.41924,0
2.22627,-1.21793,0
2.36183,0.99907,0
2.10101,0.57346,0
3.0686,-0.89855,0
2.2383,-0.96461,0
3.18138,1.00668,0
0.64896,-0.21342,0
3.37971,0.22399,0
4.39547,0.41813,0
4.34298,-0.53747,0
3.29035,0.87821,0
3.01053,-0.44943,0
0.71251,-0.4822,0
4.29873,0.75217,0
3.72994,-1.02058,0
2.58138,-1.0851,0
2.1427,1.15382,0
3.52161,-0.52229,0
4.02197,0.52166,0
2.72559,-0.78578,0
1.65078,-0.68002,0
1.4406,0.98667,0
0.60093,0.48878,0
2.84329,-1.17029,0
4.27595,0.94582,0
2.7256,1.1597,0
3.17709,-1.21704,0
2.26219,0.30111,0
3.06895,-0.24893,0
1.50959,-1.13915,0
4.21275,0.26653,0
4.07332,0.29081,0
1.43837,0.73863,0
3.26868,0.35686,0
2.9812,0.84092,0
1.09552,0.10463,0
4.11458,-0.74758,0
1.70901,-0.31872,0
2.54339,-0.2864,0
4.24076,-0.42391,0
3.05642,1.13277,0
2.94998,-1.12847,0
1.69761,1.07211,0
3.67438,-0.92058,0
1.76395,-0.10629,0
3.43724,0.26571,0
0.79465,-0.43174,0
2.4813,-1.22079,0
2.41512,-0.60156,0
4.34374,0.15353,0
3.16326,-1.1278,0
1.94976,0.59764,0
3.86811,0.72362,0
3.2527,0.0668,0
1.29279,-0.29428,0
0.72567,0.7002,0
1.25574,1.20011,0
1.92286,-0.2152,0
2.28063,0.16759,0
1.98873,0.1238,0
3.42497,0.71828,0
1.01701,0.65962,0
2.75779,-0.08089,0
0.66112,-0.91872,0
2.75545,-0.05054,0
2.67193,0.86091,0
4.1983,-0.57224,0
0.97357,-1.22149,0
2.23832,0.18097,0
3.03927,1.08594,0
3.86831,0.50702,0
1.04752,-0.28627,0
1.07224,-0.73643,0
4.29781,0.18488,0
1.11087,-0.9996,0
2.30882,0.85976,0
0.70843,0.3659,0
2.41753,-0.44217,0
1.87009,1.1766,0
3.54341,-0.60703,0
3.8629,-0.27099,0
4.25484,-0.8484,0
1.52332,0.76755,0
2.09365,-0.59799,0
1.17485,-1.10319,0
1.75051,0.60501,0
3.93264,-0.35334,0
0.79768,0.90883,0
2.60213,-0.55997,0
4.32697,0.38673,0
0.88729,0.06646,0
4.17933,0.80913,0
3.83698,0.49512,0
0.97823,-1.18996,0
2.44559,0.15576,0
4.13069,0.30117,0
0.53752,-0.78914,0
4.06663,-0.53342,0
3.19795,0.01247,0
4.43773,-1.21578,0
2.92765,1.22263,0
4.01423,-0.38058,0
4.22985,-0.59774,0
0.54994,0.95435,0
3.97072,-0.96258,0
2.01972,1.00764,0
2.90706,0.8824,0
2.44378,-0.84322,0
2.83289,-1.03642,0
1.59744,0.3786,0
3.56674,1.17574,0
2.54569,0.21934,0
2.95655,0.37424,0
3.28291,0.71622,0
3.58718,0.76431,0
1.7452,-0.0822,0
1.45803,0.74917,0
4.08282,-0.15195,0
3.1508,-0.71682,0
2.49937,-0.50519,0
0.87692,-0.47204,0
3.09512,-0.47946,0
2.97224,-0.62505,0
4.37402,-0.82812,0
3.01432,-0.27634,0
2.40557,1.18744,0
2.9836,0.61045,0
4.42758,-0.60535,0
1.6327,-0.44285,0
3.00724,-0.35012,0
3.95671,-0.41067,0
4.31521,-0.61745,0
2.63021,1.223,0
1.9796,-1.05392,0
1.23928,-0.29622,0
2.19088,0.24599,0
2.80588,-0.44192,0
1.96345,-0.49118,0
3.96966,0.64905,0
2.40398,0.47626,0
1.8603,-0.94926,0
3.22868,-0.59121,0
4.01227,-0.13311,0
0.76687,-0.90173,0
3.58565,-0.59174,0
1.17692,0.96562,0
1.53912,0.81512,0
2.38538,-1.12625,0
4.33218,0.37604,0
4.25818,-0.10348,0
2.80684,-0.88422,0
0.9541,-0.70163,0
1.79943,0.49625,0
1.22765,0.19095,0
0.92451,-0.28868,0
3.4981,0.44697,0
2.05254,-0.08142,0
3.0717,-0.26311,0
0.69448,-0.84353,0
4.02383,0.66972,0
3.1723,-0.05177,0
1.26215,0.05872,0
1.88156,-0.17116,0
1.1207,0.92493,0
0.897,-0.57531,0
2.39195,-0.99411,0
4.35725,0.71113,0
2.03295,-0.59438,0
1.13669,-0.27371,0
2.65734,-0.82522,0
2.09115,0.24937,0
1.98823,-0.61179,0
0.68117,-0.25079,0
4.15833,-0.90459,0
2.24192,-0.86554,0
2.24124,0.7584,0
3.52748,0.73268,0
1.13401,-0.56547,0
3.166,0.92663,0
4.44052,-0.61983,0
2.77437,0.5253,0
0.92597,0.84488,0
0.85956,-0.30621,0
1.65912,-1.12254,0
0.90498,-0.76376,0
3.36349,-0.27353,0
3.44663,1.08096,0
1.58574,-0.74306,0
1.88485,-0.07501,0
0.64451,-1.0402,0
3.18372,0.65646,0
1.85222,0.57544,0
3.26543,0.51011,0
3.97201,0.14456,0
1.94983,-0.62708,0
3.73524,0.14204,0
3.24384,-1.18189,0
2.0542,-0.27068,0
0.59703,-0.1922,0
1.62345,0.16876,0
3.6132,0.56871,0
4.03076,-0.66555,0
3.52777,0.07007,0
2.11161,-0.64337,0
1.26019,0.89374,0
4.11047,-0.90449,0
3.0379,0.66823,0
3.29441,0.43215,0
3.74654,-0.76862,0
1.56426,-0.62105,0
3.60617,-0.96949,0
4.11476,-0.8379,0
3.73762,-0.63291,0
0.95766,0.2906,0
4.41961,1.22467,0
2.18834,0.97459,0
3.84946,0.12123,0
2.07742,1.06856,0
1.04369,0.05763,0
2.15827,0.26912,0
2.81327,-1.14516,0
2.1569,0.52447,0
3.49766,0.11164,0
4.3717,0.09975,0
0.54963,-1.11454,0
0.87351,-1.02994,0
1.69866,0.54764,0
2.44394,1.22958,0
3.74353,0.39322,0
2.87957,0.70194,0
2.14386,-1.17461,0
3.57419,-0.85132,0
3.56349,0.57969,0
2.20781,-0.91738,0
1.77445,0.00137,0
2.17926,0.54297,0
2.95203,0.19939,0
1.19017,0.02153,0
1.08284,0.8039,0
2.89968,-1.1394,0
1.74736,0.78591,0
3.37583,0.39259,0
0.88569,0.73705,0
0.53793,-0.25864,0
1.40549,0.5175,0
1.5924,-0.60573,0
1.43017,1.06376,0
3.50394,0.99059,0
2.41675,-0.592,0
1.72987,0.32218,0
3.38314,0.82861,0
1.21795,-0.05888,0
2.91859,-0.04343,0
3.65515,0.38449,0
1.071,1.05448,0
3.62203,-0.67209,0
3.10293,-1.22655,0
2.59881,1.03765,0
2.19394,0.58281,0
3.15329,0.84771,0
0.94213,0.89492,0
4.21461,0.54059,0
3.28597,0.11281,0
2.2435,1.0904,0
1.37884,-0.72553,0
1.51732,0.9183,0
3.95908,1.06388,0
1.53387,-0.11439,0
2.36289,-0.93133,0
0.65818,-0.99827,0
2.5225,-0.50114,0
1.89411,-0.50091,0
2.82886,0.62108,0
1.53904,-0.83248,0
2.46744,0.66565,0
2.82984,0.86869,0
2.7027,0.09998,0
3.23718,-1.20765,0
0.62769,-0.80849,0
2.81531,0.55698,0
3.5522,0.77372,0
4.03925,1.17402,0
1.85224,0.76567,0
1.9317,0.17009,0
3.12303,1.18407,0
0.63261,-0.25725,0
2.67447,0.82353,0
2.66269,0.12854,0
0.65524,0.56128,0
2.38194,-0.55543,0
1.49711,-0.5407,0
4.02319,-0.48923,0
2.99051,0.68914,0
3.85466,0.33639,0
2.64592,0.18091,0
3.8562,-1.17995,0
3.86221,0.8315,0
1.67425,-0.94179,0
4.43156,-0.61059,0
2.97684,0.48483,0
2.31723,0.85237,0
3.517,-0.40335,0
3.57386,-0.54146,0
4.21344,-0.47759,0
1.36438,1.09028,0
2.78023,-0.36874,0
0.98016,1.24244,0
1.82577,-0.14337,0
1.82087,0.91965,0
4.32839,0.3726,0
1.89416,0.68644,0
2.23044,1.20654,0
1.07572,-0.21024,0
2.96511,0.79981,0
0.68994,1.09302,0
3.76598,-1.02355,0
3.34082,1.0512,0
1.46769,-0.99706,0
2.04121,-0.10519,0
2.67158,-0.09567,0
1.34565,-0.66819,0
2.09647,-0.79107,0
3.89418,-0.40286,0
2.22525,-0.42481,0
3.03665,-0.34673,0
1.28037,1.16084,0
1.65552,0.29079,0
2.58291,-0.28966,0
1.95557,0.77886,0
2.5203,-0.67937,0
2.91737,1.21344,0
1.30985,0.44047,0
2.97907,0.56699,0
0.92024,-0.60726,0
3.11037,-0.68993,0
3.00295,0.43652,0
4.21826,0.88963,0
2.40406,0.23162,0
4.37119,0.03089,0
1.57219,-0.7738,0
3.1127,0.51685,0
0.70859,-0.72598,0
4.31204,0.15588,0
1.0161,0.14153,0
1.29885,-0.51062,0
3.58919,0.69944,0
3.3056,0.20128,0
3.90697,-0.64416,0
3.07953,1.13663,0
2.18243,-0.89888,0
4.06382,-0.43719,0
2.87934,1.12332,0
2.51861,-0.36168,0
3.84874,-1.11047,0
4.18241,0.89808,0
3.27287,1.17544,0
2.48313,1.13381,0
2.17881,-0.90837,0
2.10592,-0.05094,0
2.03943,0.0726,0
0.9149,-1.2463,0
3.18488,0.86075,0
2.14931,-0.13985,0
2.34813,-0.2096,0
2.06554,-0.42437,0
3.33435,0.338,0
4.3904,-0.49435,0
3.5198,-0.39536,0
2.83811,-0.28822,0
0.97273,0.56372,0
3.24366,-0.51502,0
4.06382,1.18549,0
3.2082,1.17261,0
4.2665,-0.29722,0
3.36974,-0.08957,0
2.95707,-0.76667,0
1.61302,-1.23427,0
2.68047,-0.45277,0
1.26665,1.08646,0
1.87751,0.54756,0
4.41652,0.11079,0
3.52544,1.07649,0
1.40774,-0.12005,0
1.79336,-0.94188,0
3.87874,-0.7613,0
3.09766,0.46242,0
2.08439,-1.05718,0
2.69001,-0.05157,0
3.76475,-0.62084,0
1.58658,1.15998,0
2.8874,1.09132,0
3.3288,0.38155,0
2.02512,1.03945,0
1.57611,0.78687,0
3.44462,0.88126,0
2.52543,0.45869,0
2.78105,1.10252,0
3.7889,0.27836,0
4.13751,-0.17622,0
2.01201,-0.10622,0
4.19299,-0.17739,0
0.55022,-0.74804,0
3.47653,1.10194,0
4.49054,0.15433,0
4.1487,-1.04313,0
2.08264,-0.94675,0
2.58244,0.26047,0
1.51283,0.30101,0
2.49483,-0.88603,0
2.09829,1.07402,0
3.70504,-0.50777,0
4.13899,0.26512,0
2.21411,0.76807,0
3.31282,-0.92842,0
4.15827,0.03285,0
3.87554,0.12099,0
4.28031,0.67176,0
2.43392,0.04079,0
2.04271,0.13711,0
0.89992,-0.96745,0
2.60122,-0.42438,0
2.96259,-0.34625,0
4.32939,-1.12528,0
1.12903,-0.92315,0
3.91561,0.61447,0
2.06034,-0.3681,0
3.58152,-0.84713,0
2.22719,-0.64467,0
1.03121,-0.09038,0
3.715,1.1492,0
4.27366,0.60441,0
1.47148,-0.45238,0
0.59446,-0.78399,0
1.86097,-0.00884,0
3.39807,0.21086,0
2.69415,-1.11187,0
2.46939,0.70713,0
2.19823,0.31379,0
0.66128,-0.57271,0
2.48917,-0.70896,0
2.12349,0.47845,0
0.73336,0.09287,0
0.63166,-0.36679,0
1.94087,1.23379,0
3.9694,-0.70283,0
1.86431,-0.16936,0
1.85028,-0.96722,0
2.99124,0.62502,0
4.37614,0.85085,0
3.65503,1.09444,0
4.12004,0.34281,0
2.65147,-0.92701,0
2.32828,-1.21,0
0.70087,0.58721,0
4.47659,0.06571,0
0.64991,-1.21078,0
1.42244,-0.49285,0
3.84698,0.1397,0
2.56512,-1.20708,0
0.76143,0.64737,0
3.73891,0.74336,0
3.23087,-0.77279,0
4.23662,-0.52715,0
2.27461,-0.37563,0
1.59676,0.14092,0
3.98923,0.42172,0
2.8484,1.21131,0
2.79379,-1.02436,0
1.60072,1.06784,0
3.12589,-0.34669,0
2.29138,-0.34641,0
2.94489,-0.77613,0
2.26545,0.86562,0
0.74824,-0.64562,0
1.82377,-1.11545,0
2.83216,0.35235,0
3.00258,0.89721,0
1.91524,0.3587,0
3.49802,0.33086,0
0.71292,0.88091,0
1.55733,0.85433,0
4.42334,-0.99779,0
1.90541,-0.41442,0
2.09075,-0.50205,0
1.83548,-1.13871,0
1.81062,1.06507,0
3.32974,-1.19717,0
1.54695,0.57728,0
1.17964,1.22313,0
2.76042,0.12148,0
3.81173,0.92724,0
3.65469,-1.22119,0
3.70972,0.37787,0
3.66953,-0.24835,0
0.6493,1.20422,0
2.70806,-0.94645,0
4.42722,-1.1343,0
2.09135,-0.49316,0
2.19993,1.10398,0
1.22545,-0.19404,0
2.30473,-0.78241,0
2.85236,1.15663,0
1.39765,-0.05425,0
1.00217,-0.59958,0
1.86965,-0.75553,0
1.92008,1.10728,0
3.41126,-0.9276,0
3.39017,-0.34647,0
0.51546,-0.72907,0
2.28605,0.52822,0
0.7607,0.59422,0
2.57483,-1.19976,0
3.36096,1.08905,0
4.13481,-1.2433,0
2.05362,-0.04161,0
3.70315,-0.78647,0
2.082,-0.96565,0
3.8629,0.13836,0
2.3391,0.26416,0
2.68762,0.4593,0
1.12516,1.19644,0
3.7991,-0.92014,0
3.74164,0.43418,0
2.88805,-1.21735,0
4.01011,-0.52121,0
2.06788,0.14762,0
4.46921,0.29328,0
4.16933,-0.47091,0
3.4933,-0.50567,0
2.88943,-1.15242,0
0.89642,0.09766,0
2.39558,0.27581,0
3.68536,0.04497,0
2.4473,-0.19191,0
3.3601,0.49673,0
3.45382,-0.4649,0
4.0851,-0.5029,0
2.47312,0.08389,0
2.50503,-0.13749,0
0.8268,0.58894,0
3.1419,0.07348,0
4.06678,-0.30721,0
2.74446,-0.75859,0
1.40225,-0.16372,0
2.54236,0.78047,0
1.3538,0.97551,0
2.05945,0.12882,0
3.26909,-0.12734,0
1.11676,0.1125,0
0.87283,0.62829,0
2.89538,0.20435,0
0.73681,-0.31825,0
3.01128,0.58591,0
1.18628,-1.0711,0
2.70804,0.02066,0
2.1512,-1.02841,0
1.74864,0.44358,0
1.67339,0.09134,0
3.36332,-1.22602,0
0.9446,-0.99488,0
1.75531,-0.06882,0
1.88748,-0.37456,0
4.12076,1.24665,0
4.45172,-1.24293,0
0.75513,0.43583,0
1.90903,0.71548,0
4.28925,0.62197,0
1.86202,0.44869,0
0.68671,-0.52357,0
2.31611,0.52603,0
1.43665,0.40069,0
2.01731,0.13662,0
3.55817,-0.17775,0
2.39966,0.05492,0
2.21244,-0.22853,0
1.53381,0.08285,0
2.9337,-0.08327,0
2.53605,-1.07077,0
0.57494,0.71723,0
4.24593,-0.76564,0
3.06982,-0.51541,0
3.9215,0.13836,0
3.87563,-1.07547,0
1.48635,0.74337,0
3.42016,-0.80894,0
2.79266,0.92126,0
2.50102,0.40373,0
3.09177,0.38467,0
3.17138,-1.17547,0
3.09038,1.10044,0
1.65371,-0.75953,0
1.15292,1.05587,0
3.75886,-0.2143,0
0.95433,-0.84988,0
2.78201,-0.68272,0
3.93182,-0.90392,0
3.94629,0.56956,0
1.18983,-0.50078,0
3.45742,-0.78839,0
3.53174,0.61883,0
3.09411,0.78161,0
3.47527,0.3945,0
1.34767,1.09027,0
3.05237,-0.29549,0
3.78474,0.20054,0
4.0213,1.15631,0
1.83733,-0.04324,0
4.09459,-0.33959,0
4.27126,-1.15927,0
3.93133,0.12631,0
1.93108,0.45332,0
1.64023,1.20946,0
1.76249,0.08191,0
3.02432,0.78548,0
1.01378,1.10065,0
2.19493,-0.44048,0
0.74531,0.9119,0
1.86507,-0.32285,0
2.13366,0.89379,0
2.14126,1.13508,0
2.7512,-0.074,0
4.3477,0.12187,0
3.913,-0.68365,0
3.90732,-0.904,0
2.17113,0.35955,0
0.6308,-0.22482,0
3.42109,0.39062,0
0.69692,-0.57092,0
1.35679,-0.57603,0
3.1426,-0.7305,0
2.7642,-1.07085,0
2.51226,-0.84822,0
1.90638,0.36397,0
1.4666,-0.1279,0
3.06693,-0.43531,0
1.37199,-0.25928,0
3.41223,0.7322,0
0.6075,-0.70236,0
0.84564,-0.91299,0
4.18907,1.11694,0
2.85454,-0.19146,0
1.13969,1.0767,0
4.35864,0.82202,0
1.10295,0.38429,0
2.21328,0.70363,0
2.64222,1.23011,0
1.59931,-0.00223,0
2.69785,0.33855,0
2.36633,-0.75616,0
4.16359,0.97337,0
1.7478,1.15473,0
4.05287,0.99024,0
2.40179,-1.19004,0
2.80252,-1.09582,0
1.75784,0.27571,0
2.97178,-0.3974,0
1.96082,0.21291,0
1.6086,-0.01203,0
4.46507,0.87909,0
0.65256,-0.99832,0
4.19356,1.14492,0
0.70519,-0.28327,0
1.55588,-0.90888,0
4.05322,0.85334,0
3.95383,0.69025,0
0.6669,-0.26715,0
2.83206,0.45553,0
4.41334,-1.12473,0
1.78836,-0.01224,0
1.58027,0.54824,0
1.37397,0.74185,0
4.14876,-0.80269,0
1.49591,-0.18885,0
0.56117,0.44203,0
3.11773,0.2843,0
3.53482,0.49182,0
1.93396,0.93701,0
3.61968,-0.7508,0
2.8618,0.25171,0
3.83614,0.92198,0
1.22773,-0.20257,0
4.34015,-1.23393,0
2.38168,0.34827,0
1.43286,1.06715,0
1.16299,1.22225,0
1.00604,0.92084,0
4.14723,0.49403,0
4.4979,0.12124,0
1.82073,-0.26038,0
4.17059,-1.11038,0
3.65169,-0.58394,0
2.55636,0.61112,0
1.74862,-0.1918,0
1.01024,0.98881,0
2.3834,0.407,0
3.45922,-0.89173,0
2.20337,0.05846,0
2.67712,0.49407,0
3.79375,-0.41326,0
1.81471,0.34477,0
2.65413,0.43208,0
2.2469,1.06063,0
1.07321,0.11475,0
0.53297,-1.005,0
2.88407,-1.15268,0
1.25376,-0.01209,0
4.25599,0.24445,0
4.26128,0.32602,0
0.93173,-1.24475,0
2.90054,0.58582,0
4.32168,-0.48009,0
0.65603,-0.8355,0
1.35065,-0.97375,0
1.38934,-0.967,0
0.99474,0.07341,0
0.50719,0.64936,0
1.51349,0.48185,0
4.42338,-0.95895,0
2.41873,-0.66584,0
2.31545,1.12655,0
1.84099,-0.9553,0
1.43521,-0.41334,0
1.81062,0.98263,0
3.40406,0.72572,0
4.46821,-0.01907,0
4.03412,1.19633,0
3.66329,0.81084,0
2.38821,0.62227,0
0.69317,-0.65103,0
2.11247,0.39983,0
3.76541,0.8001,0
4.41744,-0.04317,0
0.86436,-0.05643,0
2.20722,-0.30177,0
1.81231,0.61194,0
3.37229,0.19455,0
3.93041,0.86099,0
1.40762,-0.43316,0
3.52818,0.14382,0
1.03361,0.69054,0
4.40822,-0.59121,0
3.07256,0.81998,0
3.35022,-0.22712,0
0.93094,-0.9294,0
4.41578,0.78969,0
0.79896,1.02522,0
1.98449,1.12168,0
1.34432,-0.79911,0
1.54547,1.20189,0
1.37627,-1.15187,0
0.53204,-1.2009,0
3.23359,-1.15637,0
1.95076,0.34767,0
3.2162,0.48116,0
4.01658,-0.93317,0
4.44375,0.18191,0
0.80264,-0.81475,0
3.60763,-1.11764,0
1.64639,1.21575,0
1.61606,0.8806,0
1.87073,0.42965,0
2.78334,0.48561,0
1.92635,1.10595,0
0.8888,-0.56772,0
3.39476,0.1936,0
3.72372,1.14473,0
0.70191,0.86255,0
1.39406,0.92098,0
3.063,0.73779,0
2.59832,-1.00987,0
4.3381,0.21782,0
3.64123,-0.64034,0
3.22673,-0.97746,0
2.80934,-0.04779,0
2.29138,0.51944,0
0.8835,-0.29939,0
2.6549,-0.9111,0
0.57927,-0.14145,0
3.66691,-0.13241,0
2.74687,-0.24392,0
4.28804,0.52872,0
3.05189,-0.8554,0
4.229,-0.9064,0
2.4983,0.82298,0
3.00746,-1.02817,0
3.47621,-1.00333,0
3.48668,0.84348,0
4.42864,-1.13095,0
2.6755,-0.75911,0
1.9023,1.14825,0
0.98394,-0.54783,0
2.29254,0.52487,0
1.78771,-0.12232,0
3.60477,1.22047,0
2.14185,0.71809,0
2.70819,0.80168,0
3.05626,-0.08116,0
4.00928,-0.37492,0
2.50835,-0.09952,0
2.8375,0.60458,0
2.20824,-0.59994,0
3.18335,-1.10222,0
3.19874,-1.19598,0
3.02516,0.8737,0
2.11383,-0.95081,0
2.9771,-0.08821,0
3.15388,1.16354,0
4.09306,0.86495,0
2.74517,0.42127,0
0.6683,-0.57049,0
4.34084,0.90137,0
2.73878,0.17229,0
4.31557,0.29815,0
3.66193,-1.14018,0
0.94673,-0.69068,0
1.99763,0.43054,0
1.58599,-0.21837,0
3.69171,-1.19238,0
2.638,-0.70053,0
2.62786,-0.90933,0
4.49791,0.13443,0
4.28714,-0.52633,0
4.04485,0.20057,0
2.12755,-0.67068,0
2.03997,-0.43757,0
3.84419,-0.443,0
2.84443,1.14985,0
0.61353,-0.70547,0
3.24103,1.08888,0
0.60712,-0.51638,0
3.26594,-0.27398,0
1.92247,-0.73115,0
2.8447,-0.6903,0
0.73287,0.79288,0
2.26112,0.93014,0
3.46745,-0.82533,0
3.09852,-1.21234,0
2.84022,0.29168,0
1.93544,0.52075,0
1.75672,-0.36961,0
2.67267,-0.569,0
3.12711,-0.85258,0
4.10902,0.58277,0
4.40834,-0.20585,0
2.9045,0.19779,0
3.31089,0.79526,0
1.96562,1.02164,0
2.88088,-0.23998,0
1.54061,-0.69962,0
3.39427,0.85269,0
3.06467,-0.93129,0
1.52853,-1.10759,0
1.08428,-0.09778,0
2.63666,1.14458,0
1.35947,0.78438,0
1.22167,1.05808,0
3.26548,0.41932,0
1.0084,-0.73809,0
1.90455,-0.38239,0
1.50704,-0.00866,0
2.07132,-1.12493,0
1.93549,0.62816,0
2.357,1.2429,0
1.6185,-1.20043,0
2.70466,-0.28755,0
2.17456,-0.7852,0
1.96629,-0.15296,0
1.71655,-0.22357,0
3.98949,-0.69576,0
3.63063,0.83587,0
1.67488,1.22214,0
3.43773,-0.14428,0
2.67526,-1.21981,0
3.57614,-1.21803,0
2.63781,0.58817,0
2.15415,1.01598,0
0.63595,-0.16687,0
4.42825,0.85601,0
3.28916,0.50008,0
1.71671,0.39776,0
4.01527,-1.10773,0
1.67632,-0.42643,0
3.98024,0.68404,0
1.01155,0.89623,0
3.84086,-1.19107,0
2.64141,1.09135,0
0.98248,1.12822,0
1.87843,0.94548,0
1.24392,-0.43044,0
2.19908,-0.21004,0
1.58422,1.03951,0
2.298,-0.66328,0
4.43837,0.26292,0
2.08029,-1.21076,0
3.92604,0.08133,0
1.32356,0.54388,0
2.36069,-0.53482,0
2.08846,-0.32939,0
2.52768,0.02669,0
0.81174,-0.73554,0
2.39494,-0.87408,0
2.08105,-0.05352,0
1.09089,-0.28308,0
2.47243,-0.32664,0
2.25434,0.1695,0
3.96419,0.39424,0
3.84593,1.03555,0
4.34989,-0.26849,0
1.41326,0.03289,0
1.73061,-1.11342,0
0.60386,-0.11796,0
0.94148,0.25375,0
4.12949,0.23078,0
0.88562,-1.18473,0
2.88054,0.78544,0
1.03245,-0.35948,0
1.69874,-0.2917,0
0.55377,-0.76022,0
3.93992,0.34341,0
3.22946,0.51295,0
3.86824,0.51477,0
2.21548,-0.38978,0
1.78157,-0.93461,0
2.63189,0.52492,0
3.47179,0.04529,0
0.86521,-0.59626,0
2.99293,0.11561,0
3.94629,-0.78955,0
2.4883,0.69212,0
1.38219,0.18775,0
3.76428,0.30185,0
2.53376,0.97211,0
4.08492,-0.95419,0
0.94527,-0.58324,0
4.27402,-0.3272,0
0.77436,-0.87343,0
0.73582,1.09654,0
1.12013,-0.92589,0
2.02636,-0.09176,0
3.0727,-1.16963,0
2.16628,-0.81826,0
2.96422,1.15194,0
2.86026,-1.0677,0
4.44392,-1.15678,0
3.6087,-0.17342,0
2.91967,0.06113,0
0.63118,0.00474,0
1.17815,1.04723,0
2.30926,-0.14258,0
0.5567,0.29899,0
2.11093,0.65159,0
0.65775,-0.09819,0
2.82649,-0.96242,0
0.92692,1.00878,0
0.99855,0.24229,0
2.0069,-1.22827,0
0.56642,-1.21489,0
1.55508,-0.03058,0
1.69896,-0.81086,0
0.82623,0.51191,0
4.15332,0.55023,0
0.92636,0.78787,0
4.44756,-0.788,0
2.0931,-0.11705,0
3.08857,0.07624,0
3.71667,-1.20716,0
3.40389,1.02773,0
0.84256,-0.42968,0
0.92958,0.00806,0
3.05921,-0.34529,0
3.61874,0.82879,0
2.72009,0.64,0
2.12271,-0.68744,0
2.71295,0.96731,0
1.24935,1.05349,0
2.28113,-0.19688,0
1.03891,0.43555,0
4.31041,0.61842,0
2.21499,-0.62791,0
1.34274,-1.18409,0
0.61747,-0.68113,0
0.69046,0.28482,0
4.25276,0.83362,0
3.48222,-0.14293,0
3.28973,-0.37876,0
3.85089,0.53415,0
1.97724,0.92565,0
2.3198,-0.8404,0
0.92519,0.57363,0
1.92335,1.01325,0
4.12824,-0.46239,0
3.76842,-0.28603,0
3.46636,0.30461,0
3.85838,-0.02698,0
1.42284,0.20876,0
2.32895,-0.00594,0
3.90481,-1.23428,0
1.01668,0.83642,0
2.35082,0.69822,0
2.26117,-1.00642,0
1.25528,0.13852,0
3.42753,-0.57781,0
3.67012,1.2478,0
0.81262,-0.12049,0
0.65468,0.27071,0
3.73785,-0.23175,0
0.63293,0.60596,0
3.11927,-0.75386,0
0.99806,0.50081,0
0.87891,-0.70183,0
3.52929,1.09267,0
3.48485,-0.08563,0
1.59096,0.57341,0
3.41829,1.17311,0
2.82037,0.24519,0
0.55332,0.89092,0
4.02249,0.9847,0
2.59876,0.12782,0
1.20097,-0.27092,0
1.77363,-0.71565,0
2.69368,-1.11294,0
1.58241,1.09014,0
2.07507,-0.91472,0
0.64177,0.88798,0
0.57703,0.40174,0
1.88168,0.03444,0
3.76968,-1.21364,0
2.47125,0.36441,0
1.16252,1.04052,0
1.40429,0.93021,0
3.68999,0.07127,0
2.45657,-0.88228,0
0.50494,-0.30526,0
3.99406,0.1667,0
4.34151,-1.07499,0
1.81212,0.60378,0
1.71803,-1.08375,0
3.18632,0.38791,0
2.36934,0.82041,0
1.95763,-0.49038,0
2.7886,0.2962,0
3.92916,0.59088,0
3.41203,0.16648,0
3.35084,-0.30236,0
1.1633,0.99028,0
3.15957,-0.55417,0
1.09765,-0.12645,0
1.62582,-0.87164,0
3.16391,0.30731,0
3.67554,1.01396,0
2.27433,0.19904,0
2.57106,-0.63824,0
4.10463,0.80238,0
2.41738,-0.08372,0
4.22839,-0.83845,0
1.40945,0.30722,0
3.8511,-0.67371,0
2.46109,0.45935,0
1.70127,0.58818,0
3.55983,0.54059,0
0.6022,-0.38176,0
4.32831,-0.38787,0
0.70382,0.65543,0
1.53819,0.67687,0
2.31651,0.99486,0
4.11718,0.49736,0
0.58187,0.86216,0
1.60987,-0.66967,0
0.56349,0.97951,0
3.5668,-0.73395,0
3.35589,-0.48979,0
3.54475,-0.31029,0
4.39609,0.60034,0
3.89154,0.42395,0
0.95101,-0.85311,0
0.80006,-0.79608,0
3.07943,-0.63199,0
1.61761,-0.90449,0
0.61794,0.33744,0
3.2349,-0.88565,0
4.41104,-0.7756,0
1.34606,0.36217,0
3.17556,1.20478,0
1.91906,-0.62466,0
3.26636,-0.93104,0
1.49285,0.02979,0
3.13554,-0.31621,0
4.34907,0.91491,0
3.4953,0.37156,0
0.73645,-1.24142,0
3.21857,-1.03777,0
3.95753,0.01614,0
0.5466,-1.13162,0
3.1705,0.6489,0
1.98337,0.05795,0
0.8561,1.03565,0
4.02711,0.21263,0
2.05701,-1.10404,0
4.26356,0.34218,0
2.12433,-0.01727,0
2.53629,0.11867,0
3.09834,-0.81805,0
3.42972,0.33565,0
3.3769,0.42835,0
3.60998,0.18386,0
2.14142,1.06887,0
2.35215,0.58579,0
1.49881,0.24766,0
4.23327,0.77944,0
1.57405,1.1063,0
3.65619,0.79452,0
2.26939,-0.79615,0
2.69252,0.51244,0
1.80006,0.78183,0
2.8039,-0.72948,0
3.15468,-0.40943,0
1.46607,-0.51944,0
3.41904,1.04321,0
2.16732,-0.99625,0
4.01328,-0.48789,0
1.54255,-0.75012,0
4.22534,0.52276,0
2.85249,-0.93739,0
2.32521,0.10142,0
2.50146,-0.83375,0
1.56833,-0.76556,0
1.76923,0.97706,0
4.40202,-0.1846,0
1.95346,-0.09399,0
3.96964,0.86036,0
3.18743,-0.37822,0
1.22231,-0.64407,0
0.6414,0.11408,0
2.07421,-1.17484,0
1.92609,0.87862,0
1.93057,-0.09938,0
3.82134,1.10029,0
1.58505,-0.81135,0
1.94406,-0.05391,0
3.63604,-0.74572,0
2.13742,-0.35731,0
3.53508,0.97553,0
1.671,1.13828,0
2.53396,0.39925,0
1.3388,0.68581,0
3.06684,-1.02352,0
2.57644,1.19375,0
3.85251,-0.48945,0
3.68928,0.65811,0
2.15777,0.10577,0
4.10816,1.03508,0
3.46363,-1.21404,0
4.47336,0.96016,0
2.95113,-1.09688,0
2.92007,0.93236,0
2.20874,-0.80048,0
3.67075,0.86395,0
3.56734,-0.69606,0
2.33496,-0.12174,0
1.92969,-0.66556,0
0.98917,0.2216,0
3.76439,-0.8393,0
1.71549,1.04226,0
4.14866,1.22786,0
3.44363,-0.84062,0
2.12987,-0.74292,0
3.5235,-0.05167,0
0.65754,-0.57995,0
4.46843,1.11274,0
2.93008,-1.09891,0
0.95338,0.97715,0
1.25019,-0.68052,0
3.36772,0.17778,0
1.83775,-0.58829,0
2.32685,0.72133,0
4.38132,0.84983,0
2.28642,0.43131,0
4.2885,0.33185,0
3.0366,-0.64569,0
1.90149,-1.06838,0
1.0486,-1.1005,0
4.49233,0.29917,0
3.41261,1.18232,0
3.41607,1.18466,0
1.73442,0.45459,0
3.35879,1.13498,0
3.85774,0.00256,0
2.29099,1.0999,0
2.87968,0.59277,0
2.26525,-0.82875,0
1.92891,0.22402,0
1.65176,-0.84919,0
3.79718,-0.20665,0
2.01901,0.58775,0
2.36093,0.15474,0
3.70985,0.01367,0
2.41676,-1.22927,0
2.16042,0.57282,0
1.34357,0.58737,0
1.12557,1.0128,0
4.24728,0.86362,0
1.54538,0.67589,0
1.37915,-0.18118,0
1.66459,0.4492,0
2.67945,-0.53418,0
1.40965,0.58416,0
1.78186,-0.45917,0
1.93165,-0.53512,0
2.69046,-1.20198,0
2.15433,0.11077,0
3.1522,-1.17899,0
1.18564,0.11182,0
1.96925,-0.92038,0
3.44415,1.21118,0
0.86449,1.05844,0
3.22402,-1.20896,0
2.45427,0.77243,0
1.7323,0.97205,0
0.85894,0.24274,0
2.48588,0.95347,0
0.91295,0.22714,0
1.23325,-0.89313,0
4.15543,-0.14447,0
1.44675,0.56348,0
3.88867,0.17131,0
2.76848,-0.28082,0
2.21922,-0.05581,0
1.25149,0.90841,0
1.25562,1.04984,0
2.61855,-0.57811,0
2.65788,0.68587,0
3.02084,0.54874,0
1.01413,-0.24486,0
3.71326,0.73189,0
2.85422,-1.23829,0
1.76568,0.62618,0
3.2859,-0.06572,0
3.84201,-0.28267,0
2.34772,-0.24307,0
2.47601,1.13787,0
3.2775,-0.29122,0
2.26094,-1.10309,0
2.29466,-0.12641,0
1.80697,-0.60363,0
2.50103,-0.83968,0
1.86019,0.14187,0
2.59719,0.00678,0
2.29237,-1.0374,0
4.12291,-0.09453,0
2.96664,0.79441,0
3.97538,1.00821,0
4.18868,-1.19512,0
1.91062,0.91424,0
2.80188,-0.34276,0
2.30645,0.60247,0
1.33213,-0.55105,0
1.31813,0.07544,0
0.70389,-0.10275,0
0.96712,-0.06238,0
1.19406,0.73288,0
2.84098,0.26175,0
3.29342,0.40989,0
3.78321,0.08128,0
4.13304,1.00491,0
2.56294,0.6507,0
3.98862,-0.28728,0
2.20508,0.85199,0
4.04949,-1.02991,0
4.04577,0.37676,0
3.83864,0.49882,0
2.9849,1.1202,0
4.34606,-0.65768,0
2.79003,0.2517,0
4.34296,0.14915,0
3.93222,0.03874,0
0.7182,-0.24347,0
1.27206,0.12582,0
2.43129,-0.23056,0
3.36026,-0.51867,0
0.76178,-0.9396,0
1.31033,1.14882,0
1.26351,0.86255,0
1.5654,0.96975,0
2.0549,-1.00618,0
1.05262,-0.5328,0
1.47782,0.63743,0
0.86522,0.94384,0
2.10477,-0.72694,0
2.71161,-1.18319,0
4.22156,0.06569,0
1.21174,-0.90047,0
1.83458,0.41977,0
4.14781,0.19622,0
3.21534,-0.86804,0
0.96806,0.84976,0
3.96902,-0.03885,0
1.48021,1.05102,0
1.82219,1.17532,0
0.98271,0.47008,0
4.10791,0.82261,0
2.28183,1.08605,0
2.49395,-0.46868,0
1.37694,-0.10101,0
1.99638,-1.14101,0
3.36716,0.49508,0
1.62415,-0.44457,0
2.77371,0.62142,0
1.50767,0.15198,0
1.59252,1.09146,0
3.49307,-0.50596,0
1.6102,0.85088,0
2.33985,1.16649,0
0.78699,0.79249,0
1.56161,0.27781,0
3.2215,-0.88036,0
1.81788,-0.63884,0
3.85709,-0.49296,0
3.86002,-0.52271,0
0.91961,-0.59689,0
1.49659,0.52897,0
3.73518,-0.59941,0
3.53487,-0.45498,0
2.11035,1.08854,0
3.7087,-0.26728,0
1.63775,-0.78544,0
1.91166,-0.22544,0
1.65313,-0.17189,0
0.75945,-1.21816,0
0.75495,-1.09361,0
1.21601,-0.09773,0
3.20101,0.63535,0
2.91262,1.23741,0
2.53365,1.08998,0
1.31318,-0.5697,0
1.37913,0.56189,0
0.87932,-0.09744,0
3.45505,-0.60845,0
3.15959,0.56744,0
3.93629,0.81925,0
2.864,0.9844,0
3.56377,0.9073,0
3.5102,-0.45062,0
3.01422,-0.21488,0
1.01722,0.6091,0
1.00755,0.32301,0
2.54063,-0.06051,0
1.86291,0.82468,0
3.15426,-0.42461,0
4.29767,0.35383,0
0.80628,-1.03294,0
2.82997,-0.79993,0
0.65129,-0.50877,0
4.25539,-1.17837,0
2.93655,1.05888,0
1.74531,0.47495,0
2.38922,0.702,0
1.03707,0.45166,0
1.14585,-0.77894,0
2.46622,-0.03517,0
0.6386,-0.03969,0
1.98531,-0.10713,0
4.32461,1.17344,0
1.3008,-1.13417,0
1.9856,0.65387,0
2.41851,-0.71876,0
2.20902,0.81388,0
3.93015,-0.44698,0
1.70104,-0.67832,0
3.19011,0.50039,0
4.03732,0.90028,0
1.71139,-1.20489,0
2.59511,-0.70385,0
0.9582,-0.35289,0
2.81104,-1.12207,0
1.46863,-0.40073,0
2.31326,-0.29127,0
1.32154,0.05751,0
0.95435,0.38855,0
1.80164,-0.31462,0
2.73827,0.22323,0
1.45409,1.00052,0
2.53665,-0.3191,0
2.51725,-0.02078,0
0.76922,0.37519,0
3.45728,-0.81667,0
2.44358,-0.20058,0
2.33219,0.07479,0
4.08815,-0.1414,0
2.89714,0.82462,0
4.32445,-1.10634,0
2.88099,0.15856,0
1.66518,-0.40757,0
2.27917,-1.19439,0
2.84903,-1.05422,0
1.28071,-1.20691,0
2.71972,-0.42489,0
3.48249,-0.78601,0
0.67943,-0.70415,0
3.89348,0.41966,0
4.43415,0.86843,0
4.41317,-1.16239,0
4.08825,-0.87861,0
4.39101,-0.42966,0
3.77296,-0.28663,0
3.08401,0.93334,0
1.07144,0.96283,0
3.82271,1.23585,0
1.75291,-1.06263,0
1.54431,-0.09359,0
4.19814,0.16707,0
2.87119,-0.34116,0
2.00483,1.15131,0
3.06452,0.43887,0
2.15449,0.85162,0
3.70072,-0.33479,0
1.6076,0.30915,0
1.64524,0.87494,0
0.94982,-0.84371,0
2.24592,1.13692,0
2.50053,-1.08545,0
0.97253,-0.58738,0
2.93802,0.29463,0
3.65143,-0.07145,0
2.4501,0.5785,0
1.67564,-0.82426,0
1.75063,-0.52841,0
1.50041,0.00049,0
1.10104,0.26931,0
0.50828,0.05991,0
2.68333,0.14937,0
3.85127,0.27641,0
3.49488,-0.78488,0
4.19667,-1.18449,0
1.69739,-0.95177,0
2.16102,0.76486,0
2.63605,0.48158,0
4.6439,-0.69903,0
4.12839,1.30722,0
0.42755,0.62294,0
0.78971,-1.41322,0
1.34543,-1.2758,0
3.62608,1.31564,0
1.03123,-1.31999,0
3.23143,1.30582,0
4.19596,1.32579,0
1.36133,-1.32244,0
4.51217,-0.94337,0
3.83893,1.4528,0
4.06347,1.29896,0
1.38617,-1.38296,0
0.96118,-1.29027,0
1.02266,-1.30791,0
1.39188,-1.2708,0
1.26075,-1.38169,0
0.49883,0.69354,0
3.34113,1.32136,0
1.13234,-1.3289,0
4.21211,1.49864,0
4.19658,1.48497,0
3.99049,1.40259,0
3.21035,1.35789,0
1.68448,-1.35847,0
1.77184,-1.26385,0
3.25076,1.29972,0
1.42071,-1.37036,0
1.17393,-1.44235,0
3.4237,1.35229,0
0.4459,0.76613,0
1.71918,-1.33736,0
2.83328,1.28484,0
1.488,-1.35055,0
4.25246,1.25115,0
3.54127,1.3992,0
4.18429,1.41751,0
4.50325,-0.55323,0
0.8192,-1.36375,0
2.63245,1.28615,0
1.58134,-1.37302,0
4.50728,0.08305,0
0.43309,0.92871,0
3.97,1.40561,0
4.53948,-0.77046,0
3.17341,1.27173,0
4.60548,-0.84248,0
4.14825,1.25162,0
4.27572,1.25702,0
1.59735,-1.26644,0
0.47543,0.82184,0
2.93006,1.25667,0
1.02618,-1.34396,0
1.39536,-1.4079,0
0.49155,0.28106,0
4.67339,-0.83678,0
3.49108,1.35603,0
4.52094,0.22145,0
3.54899,1.35954,0
4.14233,1.27617,0
4.62276,-0.49694,0
3.94177,1.40987,0
3.97597,1.29786,0
4.09846,1.29744,0
1.33868,-1.31967,0
4.58701,-0.40827,0
3.43167,1.35023,0
0.81344,-1.47124,0
3.75596,1.44313,0
2.19407,-1.27616,0
4.6424,-0.63291,0
4.5337,-0.74549,0
4.18526,1.30543,0
1.88735,-1.2974,0
1.76981,-1.2856,0
1.92613,-1.26784,0
1.02861,-1.29343,0
1.56509,-1.29547,0
1.39372,-1.32591,0
4.32367,1.41109,0
3.14851,1.34001,0
3.58141,1.26389,0
3.22648,1.29084,0
3.94666,1.26022,0
3.12953,1.2685,0
3.77144,1.30163,0
4.59318,-0.41397,0
2.28747,-1.2533,0
4.23697,1.32047,0
4.58753,-0.36683,0
4.08022,1.29395,0
3.76575,1.34486,0
3.20036,1.31194,0
3.64914,1.40316,0
2.63488,1.28239,0
4.27225,1.51278,0
1.72398,-1.34399,0
3.86881,1.45003,0
3.38363,1.28808,0
1.52653,-1.3075,0
3.52924,1.38051,0
3.38105,1.31732,0
3.97302,1.37003,0
1.11648,-1.33669,0
4.5471,-0.17121,0
0.90214,-1.25009,0
1.94871,-1.27752,0
2.29861,-1.26277,0
2.88569,1.32866,0
4.55971,-0.82182,0
3.93821,1.34281,0
4.34313,1.40468,0
3.59987,1.25351,0
1.22312,-1.27873,0
3.28643,1.33488,0
3.10992,1.29344,0
4.64185,-0.78483,0
0.49688,0.19919,0
1.49084,-1.26127,0
4.62099,-0.82743,0
4.62985,-0.60076,0
0.84527,-1.29927,0
0.97118,-1.45098,0
3.60492,1.41938,0
3.04246,1.2911,0
4.5791,-0.21806,0
0.80278,-1.49314,0
1.20632,-1.35454,0
3.60616,1.37504,0
4.09877,1.38307,0
2.41473,-1.2598,0
3.95312,1.3395,0
2.17753,-1.26983,0
4.59757,-0.39376,0
4.58953,-0.75184,0
3.69341,1.29438,0
3.46233,1.32237,0
3.89568,1.3717,0
4.26744,1.33451,0
0.45074,0.96545,0
3.46353,1.32779,0
0.91433,-1.37693,0
2.88718,1.32403,0
1.14879,-1.40029,0
4.16128,1.34246,0
1.13072,-1.40232,0
1.60316,-1.36032,0
4.28766,1.2599,0
4.60041,-0.68602,0
4.08807,1.29687,0
0.43807,0.52802,0
0.83511,-1.43891,0
4.23372,1.39908,0
1.64081,-1.2706,0
1.20508,-1.30785,0
3.47776,1.36165,0
4.28436,1.40233,0
4.28206,1.38641,0
4.53417,-0.33828,0
1.33208,-1.38847,0
4.08696,1.42644,0
1.4295,-1.36717,0
0.40243,0.88199,0
1.50907,-1.31001,0
4.66959,-0.93121,0
3.13658,1.27234,0
4.57331,-0.47011,0
4.12181,1.3917,0
4.53693,-0.21655,0
3.41549,1.25211,0
2.93481,1.29066,0
3.69331,1.30919,0
4.56938,-0.13735,0
1.3718,-1.34101,0
0.47898,0.53239,0
1.23641,-1.28449,0
1.95752,-1.26987,0
3.90004,1.31056,0
3.97128,1.40406,0
1.35883,-1.35609,0
4.58667,-0.42668,0
0.90014,-1.33217,0
1.09439,-1.41927,0
4.27163,1.40566,0
3.31219,1.29511,0
3.89276,1.43042,0
4.07247,1.361,0
4.29957,1.5283,0
0.71981,-1.35486,0
1.97811,-1.32371,0
4.10808,1.38553,0
1.47778,-1.32581,0
3.08666,1.3422,0
2.63772,1.28819,0
3.93471,1.4248,0
0.75951,-1.37045,0
0.76191,-1.32247,0
0.77162,-1.30706,0
4.52601,-0.8127,0
4.54409,0.04901,0
1.78367,-1.3329,0
3.08042,1.33737,0
4.57913,-0.34265,0
1.07414,-1.25282,0
1.19807,-1.33482,0
4.12528,1.34801,0
3.67254,1.34733,0
4.50691,-0.5805,0
1.97023,-1.31032,0
4.55616,-0.52892,0
0.7433,-1.38399,0
3.83123,1.43557,0
3.0595,1.3383,0
4.50398,0.31177,0
1.14499,-1.43462,0
3.28604,1.26133,0
3.89817,1.36288,0
0.9113,-1.33641,0
0.81471,-1.38237,0
4.57707,-0.16424,0
1.2486,-1.25368,0
1.54509,-1.38631,0
4.19108,1.27665,0
1.08035,-1.38565,0
3.66086,1.42736,0
4.52735,-0.06797,0
1.1974,-1.3205,0
0.99026,-1.39513,0
4.19407,1.47142,0
3.9067,1.37079,0
4.54176,-0.36468,0
3.13344,1.33846,0
3.17835,1.26311,0
3.6781,1.35447,0
4.16839,1.39279,0
3.89794,1.26213,0
3.37632,1.27855,0
1.46264,-1.31556,0
4.67763,-0.92639,0
4.5299,-0.74617,0
1.00517,-1.28779,0
4.1151,1.28974,0
4.08071,1.49344,0
0.98248,-1.2911,0
3.61882,1.35967,0
1.07416,-1.41048,0
1.80288,-1.25835,0
1.20175,-1.30414,0
3.97373,1.30853,0
4.2217,1.27881,0
0.92304,-1.39148,0
2.31119,-1.2693,0
3.508,1.29591,0
1.33024,-1.40092,0
4.50068,0.28462,0
1.28765,-1.31833,0
1.69518,-1.27016,0
4.50645,-0.5185,0
3.53999,1.37707,0
3.67188,1.2959,0
4.5477,-0.73922,0
3.98486,1.48586,0
3.01191,1.27275,0
0.48474,0.79135,0
2.84853,1.29601,0
4.62269,-0.90465,0
2.84574,1.25947,0
4.51475,-0.70531,0
1.44441,-1.26537,0
3.97828,1.33935,0
4.54836,-0.37041,0
4.34162,1.36209,0
4.22905,1.35273,0
1.45782,-1.27042,0
0.44841,0.52657,0
4.55292,-0.50007,0
1.32438,-1.35985,0
3.49734,1.34643,0
3.94078,1.41716,0
1.68505,-1.30807,0
2.67225,1.29487,0
4.00227,1.39193,0
1.49158,-1.25024,0
2.13444,-1.27007,0
4.31482,1.38545,0
3.38092,1.39755,0
3.68692,1.38816,0
1.02785,-1.32688,0
0.47331,0.80161,0
2.98853,1.33375,0
0.47427,0.278,0
0.44403,0.89039,0
3.67674,1.43772,0
4.1143,1.2649,0
4.21011,1.27272,0
0.44189,0.6767,0
4.23041,1.43607,0
1.55732,-1.27884,0
3.73327,1.41382,0
0.90886,-1.31231,0
1.33564,-1.25213,0
3.52895,1.35189,0
0.83065,-1.4873,0
2.46905,-1.25279,0
4.0858,1.38959,0
3.26271,1.33384,0
4.22713,1.48178,0
1.50355,-1.37543,0
4.10495,1.42224,0
0.44096,0.94022,0
1.22738,-1.35082,0
4.36481,1.25937,0
4.5116,-0.93538,0
0.81939,-1.41637,0
4.01287,1.35484,0
0.48093,0.78574,0
3.94717,1.36642,0
3.78965,1.28283,0
3.86995,1.41614,0
1.26935,-1.4063,0
0.94074,-1.34277,0
3.37503,1.38952,0
0.99044,-1.3985,0
3.80158,1.43253,0
0.4485,0.69509,0
4.11381,1.49258,0
3.44899,1.39205,0
3.20152,1.32682,0
3.84014,1.32232,0
4.26346,1.4029,0
4.3463,1.26508,0
4.30343,1.42127,0
4.06857,1.27288,0
4.57503,-0.72839,0
1.56711,-1.25293,0
3.63612,1.30356,0
4.08588,1.34981,0
4.18067,1.32979,0
3.53542,1.30453,0
3.49778,1.41233,0
4.00045,1.44614,0
0.87176,-1.35371,0
0.93939,-1.44416,0
0.90586,-1.30256,0
4.52196,-0.50905,0
0.73297,-1.48055,0
0.88645,-1.25333,0
3.34922,1.3139,0
4.54967,-0.56219,0
0.42041,0.95096,0
4.55657,-0.24851,0
4.26829,1.31172,0
3.33813,1.38953,0
3.51674,1.37501,0
3.98498,1.29387,0
4.17491,1.48065,0
1.19069,-1.35541,0
1.55775,-1.36666,0
3.76886,1.41703,0
3.01327,1.29952,0
1.2452,-1.26023,0
0.46728,0.9683,0
3.72509,1.36294,0
4.28913,1.2654,0
4.56644,-0.15543,0
4.20969,1.36163,0
2.6126,1.25138,0
2.01336,-1.25883,0
4.56118,-0.9223,0
2.7672,1.28061,0
1.6329,-1.28225,0
3.60512,1.26196,0
0.44621,0.84276,0
1.83247,-1.27415,0
3.96752,1.26757,0
1.18861,-1.29807,0
3.95464,1.39378,0
3.51618,1.26178,0
0.74221,-1.36699,0
4.55905,-0.6252,0
2.13687,-1.28241,0
4.52618,-0.59879,0
3.37533,1.29819,0
4.14134,1.42004,0
3.63878,1.34253,0
3.63787,1.26276,0
1.16931,-1.33814,0
4.51226,0.23893,0
4.5447,-0.75927,0
4.55762,-0.16544,0
4.11029,1.25109,0
3.35221,1.25913,0
2.58309,1.26167,0
3.81591,1.43501,0
0.77737,-1.42033,0
4.5659,-0.51853,0
3.41266,1.38281,0
4.14769,1.27478,0
3.76214,1.25609,0
0.48008,0.95819,0
0.88593,-1.33825,0
4.06244,1.26079,0
4.53055,0.15562,0
4.58844,-0.68176,0
3.71156,1.3324,0
1.60634,-1.31328,0
3.40736,1.32738,0
1.08915,-1.30794,0
1.38458,-1.36353,0
4.54903,-0.79634,0
0.89053,-1.25508,0
4.51639,-0.32512,0
1.44568,-1.26626,0
3.46507,1.35962,0
1.2491,-1.37741,0
4.00626,1.48096,0
4.20365,1.40159,0
0.43976,0.72857,0
4.62787,-0.62022,0
4.5245,-0.31476,0
0.49186,0.7411,0
0.47187,0.64672,0
3.64656,1.38216,0
1.60721,-1.36264,0
3.34199,1.30471,0
4.55452,-0.8712,0
4.33156,1.48925,0
1.14001,-1.44723,0
1.36376,-1.30699,0
1.25581,-1.42995,0
3.79021,1.39669,0
0.89879,-1.25039,0
3.42073,1.40514,0
0.8355,-1.45868,0
4.54899,-0.01547,0
4.54193,-0.37736,0
4.56257,-0.86019,0
4.29473,1.52776,0
4.5258,-0.3729,0
4.5339,-0.90584,0
4.63337,-0.81909,0
1.4203,-1.35456,0
0.80396,-1.44309,0
1.75108,-1.33141,0
0.94285,-1.41124,0
4.61023,-0.28272,0
4.58079,-0.12715,0
4.71738,-0.63505,0
4.68159,-0.42721,0
0.42051,0.57723,0
3.93252,1.54341,0
4.66859,-0.3764,0
1.92849,-1.36274,0
3.05323,1.38336,0
2.03568,-1.36128,0
3.33956,1.45025,0
3.58905,1.4925,0
3.92697,1.5446,0
1.5754,-1.43672,0
0.84711,-1.51791,0
1.4607,-1.46067,0
3.86205,1.57012,0
4.00854,1.59511,0
1.09572,-1.58174,0
3.2014,1.39331,0
0.39699,0.43967,0
4.74423,-0.77154,0
3.55363,1.45652,0
3.62139,1.51056,0
4.58061,-0.06722,0
3.90515,1.52632,0
4.62803,-0.48069,0
0.42938,0.42504,0
1.40672,-1.44303,0
0.98743,-1.57909,0
1.0996,-1.49288,0
0.47213,0.19269,0
0.43478,0.36254,0
3.48932,1.42741,0
1.74789,-1.40078,0
0.36399,0.58041,0
3.99926,1.52969,0
1.31568,-1.45301,0
3.83646,1.56198,0
0.37761,0.56054,0
3.60218,1.50408,0
0.39967,0.63336,0
4.66417,-0.51696,0
3.85561,1.58097,0
2.33637,-1.27646,0
0.41865,0.39896,0
2.39063,-1.27985,0
0.38679,0.75676,0
1.38784,-1.48601,0
3.13269,1.42026,0
4.60479,-0.26457,0
3.5697,1.46326,0
2.56314,1.29225,0
3.77812,1.49389,0
3.85082,1.55184,0
3.26905,1.42155,0
0.3387,0.69108,0
4.63379,-0.49259,0
2.6958,1.31395,0
4.63918,-0.53203,0
4.60455,-0.21956,0
1.54797,-1.46944,0
0.41133,0.4528,0
1.20887,-1.49168,0
1.97692,-1.34005,0
0.45789,0.29645,0
0.39683,0.43922,0
4.12656,1.63698,0
3.45482,1.45092,0
1.85958,-1.35136,0
4.17496,1.51858,0
3.58313,1.46384,0
2.64848,1.30836,0
1.37479,-1.42532,0
3.19234,1.38515,0
4.68585,-0.65316,0
4.13411,1.5125,0
2.83226,1.33031,0
3.80501,1.48993,0
1.97725,-1.33912,0
2.42356,-1.27802,0
4.63934,-0.48758,0
4.66725,-0.40681,0
2.34862,-1.30258,0
4.74353,-0.73209,0
1.32368,-1.47327,0
4.20202,1.60062,0
3.73256,1.4641,0
3.12094,1.3633,0
3.04161,1.36778,0
4.62716,-0.24743,0
4.66555,-0.53021,0
1.50297,-1.46067,0
3.33742,1.42606,0
0.35179,0.6277,0
0.84629,-1.55308,0
4.58482,-0.14052,0
2.02091,-1.35437,0
3.46109,1.45068,0
0.48541,0.1233,0
0.39662,0.77877,0
4.69677,-0.49098,0
3.42527,1.40858,0
3.38909,1.42636,0
3.78884,1.46422,0
4.6374,-0.54375,0
3.0744,1.4112,0
1.11399,-1.54077,0
4.62551,-0.30872,0
4.68302,-0.61239,0
3.89844,1.50778,0
1.19343,-1.48549,0
1.31558,-1.44632,0
4.71685,-0.75148,0
2.4885,1.27631,0
2.74397,1.33272,0
1.71837,-1.44858,0
3.65903,1.49452,0
4.67684,-0.76251,0
1.66068,-1.42223,0
1.27752,-1.48216,0
3.20762,1.38542,0
0.323,0.79706,0
4.0552,1.55649,0
1.3289,-1.53595,0
1.01169,-1.48596,0
2.29429,-1.29127,0
2.55827,1.29232,0
0.94888,-1.56174,0
3.4266,1.47707,0
2.16965,-1.32173,0
2.79256,1.34567,0
4.65296,-0.4108,0
0.88864,-1.57769,0
4.61912,-0.41074,0
4.52872,0.24528,0
3.47581,1.42911,0
2.70825,1.323,0
1.88579,-1.3408,0
3.81653,1.52668,0
1.56056,-1.43525,0
3.7703,1.50988,0
1.03893,-1.4926,0
1.25085,-1.46392,0
0.37123,0.73289,0
3.7352,1.46042,0
3.96928,1.53959,0
0.94547,-1.48677,0
1.26261,-1.44274,0
1.44806,-1.50102,0
4.62752,-0.20889,0
3.5135,1.49233,0
3.63441,1.52583,0
4.75679,-0.76395,0
4.70637,-0.72491,0
0.36528,0.74444,0
0.35013,0.74757,0
0.3441,0.68338,0
3.54042,1.47104,0
4.68732,-0.50058,0
1.79102,-1.35996,0
4.16094,1.65264,0
4.6013,-0.15952,0
3.03072,1.36884,0
2.19505,-1.34426,0
4.52717,0.27538,0
0.38744,0.75394,0
4.51685,0.25652,0
0.4393,0.50509,0
3.90249,1.48856,0
4.06759,1.56158,0
1.89287,-1.37418,0
4.64724,-0.45336,0
2.59518,1.28914,0
4.6473,-0.30714,0
1.25013,-1.51994,0
4.11773,1.57427,0
2.74011,1.31401,0
0.42332,0.49573,0
0.88181,-1.61362,0
0.43762,0.25306,0
1.38173,-1.46819,0
0.9624,-1.55107,0
1.50061,-1.46486,0
3.85108,1.4916,0
4.6378,-0.48073,0
4.65148,-0.40785,0
3.20695,1.39835,0
0.85519,-1.50615,0
3.22118,1.42417,0
3.52951,1.5074,0
3.92693,1.59538,0
0.41029,0.4095,0
3.72865,1.51386,0
2.45885,-1.27157,0
4.18385,1.5274,0
4.69128,-0.76371,0
0.86053,-1.50667,0
1.92507,-1.36416,0
3.04994,1.36671,0
3.46994,1.46482,0
0.91579,-1.56466,0
3.76629,1.55752,0
3.86236,1.56589,0
0.90185,-1.50639,0
2.52619,1.28345,0
3.94609,1.52875,0
4.07057,1.60875,0
3.95984,1.59812,0
2.22567,-1.33247,0
3.37656,1.42366,0
3.86292,1.55588,0
0.39611,0.798,0
4.59364,-0.23537,0
2.46588,-1.26238,0
0.3966,0.71243,0
4.71707,-0.71328,0
3.44556,1.47912,0
3.36842,1.45504,0
3.92101,1.611,0
1.30231,-1.54707,0
1.07681,-1.60468,0
1.49952,-1.50919,0
0.31275,0.77968,0
2.04215,-1.38555,0
4.75933,-0.72814,0
2.29101,-1.32624,0
4.00163,1.61831,0
3.15601,1.43478,0
3.3641,1.48056,0
4.10315,1.65245,0
3.07072,1.4152,0
4.6096,-0.06485,0
2.46547,-1.28571,0
1.2236,-1.56813,0
1.03246,-1.60483,0
3.08166,1.41608,0
3.77529,1.57629,0
2.07941,-1.37265,0
3.30943,1.46561,0
0.33983,0.66104,0
0.37932,0.496,0
1.89682,-1.41946,0
2.88377,1.37225,0
4.75993,-0.73537,0
4.75061,-0.67896,0
3.64322,1.53917,0
4.6491,-0.26512,0
1.32229,-1.59334,0
1.00042,-1.66186,0
1.51425,-1.51891,0
1.78646,-1.45158,0
0.37727,0.38603,0
1.20682,-1.66916,0
3.91828,1.61879,0
1.14504,-1.68035,0
1.30225,-1.64029,0
1.1925,-1.62245,0
2.2808,-1.33571,0
1.66217,-1.54279,0
3.25929,1.48536,0
3.34857,1.51964,0
1.11148,-1.64401,0
1.75371,-1.47009,0
0.4704,0.0546,0
3.52167,1.58358,0
2.84476,1.36808,0
2.06491,-1.41422,0
4.74976,-0.52586,0
2.37747,-1.32695,0
0.4728,-0.01685,0
3.83001,1.68032,0
2.08732,-1.40626,0
3.77618,1.62066,0
3.91848,1.65217,0
3.87172,1.68348,0
1.29226,-1.62817,0
0.34538,0.52886,0
3.13052,1.44345,0
1.32268,-1.56614,0
3.71257,1.60017,0
1.03952,-1.68677,0
4.03933,1.65007,0
0.34607,0.49531,0
3.78595,1.59635,0
1.47517,-1.6095,0
3.94696,1.67422,0
0.39515,0.2358,0
4.77026,-0.57957,0
3.83302,1.66165,0
0.97339,-1.70721,0
4.09831,1.76241,0
1.59362,-1.56061,0
4.72518,-0.39786,0
3.39509,1.5449,0
4.53859,0.30947,0
3.13387,1.43764,0
2.31902,-1.32555,0
1.48168,-1.57761,0
1.99116,-1.40587,0
1.10395,-1.62665,0
1.57605,-1.54796,0
2.46617,-1.3058,0
4.57529,0.16022,0
0.39581,0.27426,0
2.27198,-1.33569,0
3.74635,1.61028,0
1.81448,-1.4756,0
0.30843,0.58502,0
3.21914,1.49334,0
1.64011,-1.50614,0
0.33642,0.55457,0
3.86627,1.67007,0
4.76782,-0.5109,0
4.71148,-0.42041,0
1.09251,-1.65574,0
3.941,1.61584,0
1.27099,-1.61965,0
4.71561,-0.30597,0
0.95263,-1.65318,0
3.8651,1.60343,0
2.09801,-1.42693,0
1.91062,-1.4544,0
0.34849,0.41655,0
3.19061,1.4793,0
2.19999,-1.37145,0
3.36926,1.52761,0
3.69583,1.57539,0
3.4343,1.56776,0
1.89784,-1.47286,0
2.93509,1.40737,0
3.46269,1.54599,0
1.6453,-1.49785,0
4.76796,-0.56776,0
1.82257,-1.46418,0
3.91471,1.66423,0
0.43074,0.19396,0
1.81089,-1.44553,0
1.92689,-1.43148,0
4.03947,1.66798,0
2.00107,-1.42866,0
1.34259,-1.57681,0
3.61143,1.59145,0
3.48315,1.54289,0
2.45454,1.28031,0
1.54072,-1.5785,0
3.09595,1.46099,0
1.87248,-1.47318,0
0.39632,0.28221,0
2.16749,-1.3704,0
4.65996,-0.12741,0
1.36108,-1.64247,0
4.11559,1.7215,0
1.09557,-1.67932,0
0.34561,0.531,0
2.6442,-1.25889,0
2.22235,-1.35799,0
3.96292,1.65848,0
1.44669,-1.61604,0
2.20362,-1.37063,0
3.2976,1.48193,0
3.89866,1.69416,0
1.36351,-1.60047,0
2.0735,-1.40647,0
1.30835,-1.57795,0
3.50622,1.5466,0
1.13883,-1.62355,0
1.04261,-1.73145,0
2.38664,-1.33094,0
2.05223,-1.43197,0
3.45444,1.54261,0
3.43245,1.56092,0
1.70683,-1.51231,0
1.84153,-1.4965,0
4.01377,1.72635,0
4.79197,-0.61468,0
1.68965,-1.49871,0
1.28138,-1.639,0
2.41223,-1.32193,0
4.00214,1.66011,0
4.07569,1.68281,0
1.1372,-1.67268,0
3.05445,1.43203,0
1.15654,-1.65266,0
3.90041,1.61126,0
4.74872,-0.46605,0
0.32602,0.56994,0
1.65792,-1.55328,0
3.77026,1.60522,0
3.99971,1.6678,0
3.74756,1.65488,0
2.44748,-1.3239,0
3.43358,1.56639,0
1.25687,-1.63226,0
1.43345,-1.59857,0
2.87483,1.37627,0
0.45975,0.02299,0
3.28994,1.50015,0
3.6803,1.5766,0
0.31275,0.69349,0
0.94022,-1.64181,0
4.77143,-0.65356,0
0.30134,0.70488,0
1.3022,-1.68504,0
2.2098,-1.40158,0
3.49954,1.59623,0
2.95718,1.43193,0
3.42306,1.5781,0
1.43334,-1.62515,0
4.7991,-0.57596,0
1.64771,-1.57856,0
1.22811,-1.6877,0
1.45886,-1.63031,0
1.98745,-1.46201,0
3.90038,1.70977,0
1.43382,-1.63834,0
1.08689,-1.72632,0
4.77931,-0.49594,0
2.5139,-1.31072,0
4.51306,0.39995,0
4.78202,-0.48937,0
1.96732,-1.46766,0
3.9543,1.7303,0
1.99678,-1.46077,0
0.37693,0.27656,0
0.28576,0.59164,0
3.06551,1.46626,0
1.65993,-1.56434,0
4.78401,-0.5154,0
3.91569,1.72554,0
1.05365,-1.75044,0
1.81384,-1.52882,0
0.49713,-0.12512,0
1.25374,-1.69302,0
0.47503,-0.04944,0
4.00818,1.74178,0
0.41784,0.1363,0
3.52098,1.59924,0
4.77423,-0.47966,0
4.80501,-0.55258,0
1.50974,-1.6068,0
4.62824,0.01354,0
3.9882,1.74576,0
1.13382,-1.71913,0
4.25764,1.55064,0
4.6975,-0.78971,0
4.74095,-0.79289,0
4.36342,1.32165,0
4.6817,-0.83967,0
4.67499,-0.82039,0
4.69149,-0.83998,0
0.82762,-1.52982,0
4.73262,-0.83719,0
4.26334,1.61063,0
4.2669,1.58753,0
4.27995,1.5421,0
4.64994,-0.9824,0
4.38658,1.33898,0
4.69615,-0.96595,0
4.50728,0.47044,0
4.68634,-0.96033,0
4.53142,-0.97894,0
4.62207,-0.99044,0
4.51123,-0.99955,0
4.52284,-1.00268,0
4.39429,1.27594,0
4.537,1.07461,0
4.51204,1.01379,0
4.5376,0.99572,0
4.52605,1.21139,0
4.54557,-1.08448,0
4.5119,-1.16298,0
4.53695,-1.02106,0
4.53569,1.15912,0
4.53198,0.43303,0
4.50069,0.83492,0
4.5094,0.85393,0
4.49426,1.25218,0
4.51826,0.8672,0
4.54835,-1.18675,0
4.50706,0.81484,0
4.5531,0.59915,0
4.52504,0.56058,0
4.50897,1.14686,0
4.53335,1.2499,0
4.51547,0.88397,0
4.55318,-1.19476,0
4.55405,0.52966,0
4.55463,0.45292,0
4.5289,0.63573,0
4.5236,0.67605,0
4.51233,0.95224,0
4.54722,0.41991,0
4.51905,-1.02731,0
4.50232,0.5426,0
4.52854,-1.07378,0
4.52986,1.13937,0
4.51953,0.94034,0
4.55059,0.70584,0
4.52169,1.06431,0
4.53405,1.09253,0
4.50442,0.54952,0
4.51053,0.74975,0
4.53336,-1.00599,0
4.52522,0.62679,0
4.66459,0.66382,0
3.95077,-1.42384,0
1.28366,1.47897,0
3.67299,-1.47559,0
1.70604,1.33386,0
1.06192,1.2641,0
4.58105,0.65976,0
1.0599,1.30238,0
1.15347,1.37742,0
3.47539,-1.30062,0
0.44709,-0.82585,0
2.12244,1.28205,0
0.92625,1.42752,0
4.68345,0.48045,0
1.7304,1.37672,0
2.00699,1.33401,0
0.48242,-0.512,0
3.99703,-1.31502,0
4.34078,-1.33017,0
1.40066,1.47977,0
3.78235,-1.38288,0
1.14047,1.43155,0
4.62701,0.83985,0
3.0267,-1.34362,0
3.96924,-1.36561,0
4.06368,-1.48629,0
3.67885,-1.46572,0
1.61192,1.27957,0
4.26593,-1.46869,0
3.65288,-1.41867,0
4.02448,-1.45975,0
1.74006,1.35304,0
0.95155,1.47862,0
3.60076,-1.40711,0
4.16134,-1.27341,0
4.57268,0.59752,0
3.68947,-1.47731,0
1.02154,1.54598,0
3.75772,-1.26335,0
1.39983,1.32025,0
1.91734,1.31963,0
4.07956,-1.48627,0
1.13418,1.26438,0
3.89103,-1.27891,0
2.72479,-1.25984,0
3.64496,-1.40988,0
0.46045,-0.62818,0
4.58443,0.57653,0
1.83781,1.2573,0
0.45141,-0.80428,0
4.06325,-1.3015,0
1.57625,1.4431,0
3.30797,-1.31385,0
1.68309,1.33339,0
0.47817,-0.449,0
4.20373,-1.32782,0
1.52269,1.44898,0
0.8749,1.57875,0
4.56941,0.78361,0
1.00334,1.49062,0
1.6069,1.38127,0
1.90105,1.3316,0
1.50779,1.44359,0
3.92243,-1.43881,0
4.62526,0.25057,0
4.26209,-1.39625,0
3.38857,-1.30899,0
1.86512,1.31935,0
2.00674,1.25157,0
3.49735,-1.2975,0
4.56915,0.24622,0
3.41388,-1.3191,0
1.74293,1.34031,0
2.01857,1.29889,0
3.79695,-1.30931,0
4.04722,-1.2811,0
3.83954,-1.40697,0
1.86633,1.38964,0
2.14305,1.29523,0
1.72679,1.37754,0
4.15593,-1.5216,0
1.86755,1.28751,0
0.92117,1.40942,0
3.98476,-1.43766,0
4.67069,0.85411,0
0.45183,-0.48034,0
0.77126,1.25428,0
0.86745,1.42549,0
3.71723,-1.37723,0
3.50164,-1.31809,0
4.34954,-1.29953,0
4.60617,0.88444,0
1.45229,1.25231,0
1.26306,1.38709,0
3.06203,-1.27562,0
4.62283,0.6062,0
0.89452,1.35442,0
3.12434,-1.37674,0
2.0302,1.36476,0
1.15096,1.40523,0
1.42644,1.34612,0
2.11895,1.34046,0
1.59774,1.43477,0
1.63032,1.29146,0
4.20794,-1.46081,0
3.99345,-1.40606,0
3.18981,-1.27056,0
4.27108,-1.56214,0
3.06032,-1.26029,0
3.95811,-1.41348,0
4.11434,-1.32183,0
4.31875,-1.31792,0
3.28818,-1.4012,0
4.13283,-1.4031,0
1.48735,1.30478,0
4.59535,0.80433,0
0.96852,1.48722,0
1.1637,1.38144,0
4.15716,-1.39801,0
1.29073,1.45324,0
1.41677,1.294,0
1.50388,1.36034,0
0.47311,-0.36418,0
3.95755,-1.42145,0
1.60085,1.38238,0
0.49375,-0.73715,0
3.95793,-1.51995,0
4.2144,-1.27328,0
1.71464,1.32803,0
4.24944,-1.33481,0
3.82267,-1.33967,0
1.43093,1.36247,0
3.81769,-1.3212,0
3.03342,-1.34414,0
1.803,1.36845,0
1.21457,1.46776,0
0.92514,1.52902,0
2.96445,-1.33918,0
1.16772,1.35994,0
3.31176,-1.37877,0
1.0968,1.41235,0
4.70156,0.7057,0
1.7118,1.28033,0
2.15866,1.29508,0
3.54403,-1.42003,0
3.63054,-1.32452,0
2.85152,-1.32956,0
2.19568,1.31117,0
3.53983,-1.28412,0
2.97652,-1.31257,0
0.86214,1.47764,0
0.46594,-0.65275,0
1.59826,1.33145,0
1.03403,1.35517,0
3.75647,-1.28304,0
3.80136,-1.47908,0
1.68078,1.25919,0
3.71756,-1.28525,0
0.45861,-0.67658,0
4.6405,0.65106,0
4.27459,-1.44507,0
4.61459,0.77449,0
3.23772,-1.27206,0
4.7334,0.76503,0
3.52472,-1.43113,0
0.79247,1.3545,0
4.19123,-1.41483,0
0.86105,1.51886,0
0.89132,1.27439,0
0.93983,1.44674,0
1.33543,1.26749,0
4.02884,-1.45202,0
3.81481,-1.32536,0
3.99731,-1.39258,0
4.14188,-1.3904,0
0.44915,-0.83428,0
3.3932,-1.40538,0
4.66722,0.64572,0
4.73014,0.82409,0
1.27709,1.26107,0
3.39057,-1.2665,0
4.32575,-1.44822,0
3.82941,-1.47001,0
4.57294,0.31363,0
1.8542,1.36863,0
4.59448,0.7492,0
0.3959,-0.85218,0
4.3305,-1.27647,0
0.49115,-0.26125,0
1.42869,1.37858,0
1.10566,1.3395,0
4.33161,-1.40079,0
4.25914,-1.52565,0
3.52614,-1.41681,0
4.62902,0.86643,0
4.64084,0.66476,0
4.13888,-1.30102,0
3.69258,-1.2844,0
3.49946,-1.39005,0
4.61337,0.16938,0
2.26579,1.2543,0
1.07805,1.28917,0
0.80093,1.35309,0
3.16345,-1.30666,0
4.66162,0.43326,0
3.90118,-1.33222,0
4.65512,0.86465,0
2.10803,1.34181,0
1.72522,1.32454,0
4.19904,-1.39706,0
2.2829,1.25923,0
3.93417,-1.51918,0
0.96604,1.54377,0
4.30832,-1.54829,0
1.35584,1.46949,0
4.15014,-1.37207,0
4.29548,-1.30655,0
1.21606,1.4112,0
3.73563,-1.3953,0
3.97212,-1.44901,0
4.65148,0.31778,0
3.72283,-1.38161,0
3.62727,-1.41159,0
4.59078,0.26324,0
1.28308,1.45537,0
4.02899,-1.4493,0
3.76411,-1.40772,0
0.7996,1.28045,0
2.96725,-1.31382,0
2.80471,-1.30242,0
1.31869,1.32309,0
0.86297,1.46366,0
0.42863,-0.8216,0
4.63474,0.4681,0
1.88955,1.26151,0
4.25135,-1.26825,0
4.1521,-1.51141,0
1.38747,1.43902,0
1.18554,1.29993,0
4.15942,-1.44779,0
0.80659,1.25954,0
4.5809,0.8779,0
0.39755,-0.77873,0
4.59089,0.35478,0
4.26551,-1.48633,0
1.4562,1.3395,0
0.96141,1.42448,0
1.28066,1.49876,0
3.48274,-1.36892,0
1.40001,1.44626,0
2.6358,-1.2816,0
3.93277,-1.29364,0
0.90353,1.2793,0
1.57106,1.44827,0
0.85569,1.36502,0
1.28637,1.41022,0
1.11334,1.4409,0
1.18826,1.45464,0
1.11346,1.38739,0
3.624,-1.37629,0
4.03401,-1.36354,0
1.86803,1.29761,0
4.0262,-1.44741,0
3.84742,-1.28838,0
0.46649,-0.53501,0
4.19765,-1.57317,0
3.934,-1.51543,0
2.98168,-1.29599,0
1.19232,1.41505,0
3.42634,-1.34951,0
1.24976,1.40963,0
3.34193,-1.31211,0
2.9639,-1.27233,0
1.60881,1.39356,0
2.00631,1.34984,0
3.79511,-1.3421,0
0.94791,1.33277,0
4.6636,0.86939,0
0.47072,-0.53281,0
3.72939,-1.44739,0
3.39527,-1.36892,0
1.91586,1.33804,0
3.40829,-1.26163,0
1.99086,1.34559,0
3.94951,-1.40157,0
1.39735,1.29417,0
4.72074,0.69035,0
3.12037,-1.28081,0
3.26905,-1.32105,0
3.0452,-1.34974,0
0.99736,1.28477,0
3.9196,-1.35682,0
0.80248,1.32357,0
3.42199,-1.28561,0
0.43158,-0.69055,0
4.65376,0.874,0
4.58569,0.809,0
1.41196,1.34281,0
0.87869,1.27965,0
1.41679,1.26334,0
1.37537,1.43828,0
3.81425,-1.48815,0
3.91849,-1.39695,0
0.49004,-0.58154,0
0.45508,-0.83639,0
0.98036,1.53607,0
4.66157,0.50149,0
3.70748,-1.28539,0
1.84268,1.33233,0
4.66567,0.46312,0
4.72344,0.79091,0
1.37061,1.25366,0
3.70844,-1.25722,0
0.48608,-0.85053,0
0.49903,-0.43877,0
4.04272,-1.29915,0
3.85021,-1.42392,0
4.01357,-1.32069,0
3.97617,-1.29772,0
4.01887,-1.5158,0
4.3049,-1.41762,0
4.13752,-1.31353,0
3.17047,-1.33801,0
3.86411,-1.35405,0
0.91209,1.28829,0
0.93285,1.34564,0
4.59156,0.82355,0
4.00474,-1.26634,0
4.21234,-1.26096,0
1.87074,1.29928,0
1.11326,1.27128,0
1.87961,1.30431,0
1.08902,1.39228,0
3.175,-1.33974,0
3.13012,-1.32162,0
1.53142,1.39823,0
4.07505,-1.46722,0
1.36897,1.32559,0
3.96087,-1.44328,0
3.66208,-1.40079,0
4.58225,0.71242,0
3.85682,-1.27576,0
4.6072,0.79864,0
1.33338,1.45021,0
1.45972,1.28568,0
1.01481,1.4558,0
3.61389,-1.33058,0
1.17812,1.41705,0
0.93899,1.28181,0
4.11039,-1.28476,0
4.65125,0.79906,0
0.85071,1.48032,0
0.91898,1.50937,0
1.29913,1.30961,0
1.41221,1.29511,0
4.02885,-1.38853,0
3.12318,-1.37202,0
1.21959,1.29223,0
0.9104,1.44272,0
4.60578,0.69254,0
4.63923,0.86478,0
3.55154,-1.36295,0
4.74683,0.83875,0
4.08901,-1.31171,0
4.01486,-1.32532,0
0.48124,-0.44494,0
4.59616,0.86524,0
0.49831,-0.21474,0
1.77292,1.26508,0
0.93407,1.37939,0
3.71932,-1.34077,0
4.25321,-1.57892,0
2.97069,-1.26623,0
3.63897,-1.4372,0
1.75017,1.35832,0
1.47463,1.36614,0
3.35639,-1.40294,0
4.65207,0.44976,0
4.15132,-1.34941,0
1.18821,1.42376,0
0.3873,-0.87159,0
2.28325,1.26061,0
3.76663,-1.43886,0
3.57874,-1.32258,0
3.69201,-1.39903,0
4.6264,0.60022,0
4.58208,0.20795,0
0.49435,-0.79369,0
2.10896,1.3112,0
4.0596,-1.49894,0
4.06475,-1.3809,0
3.99103,-1.32935,0
3.97408,-1.35284,0
0.88164,1.30702,0
3.86379,-1.47664,0
0.83878,1.51486,0
4.01553,-1.25671,0
0.95372,1.457,0
3.81541,-1.4549,0
2.24639,1.26801,0
3.9054,-1.33842,0
4.57825,0.25309,0
0.4996,-0.56072,0
0.95397,1.39385,0
0.97129,1.46231,0
3.71214,-1.27405,0
3.72936,-1.42773,0
4.58054,0.23821,0
4.1237,-1.52368,0
3.79307,-1.30311,0
3.39185,-1.30958,0
3.23082,-1.3539,0
1.7648,1.32458,0
0.82353,1.27181,0
3.42953,-1.41683,0
3.927,-1.3875,0
1.37002,1.4861,0
1.05073,1.41587,0
4.7154,0.84501,0
3.85363,-1.28356,0
3.79929,-1.29376,0
4.58401,0.84112,0
4.23281,-1.2905,0
2.07915,1.28945,0
0.44883,-0.46735,0
1.12691,1.37782,0
3.93351,-1.27605,0
1.90516,1.2809,0
1.14108,1.25995,0
4.58038,0.36317,0
3.40234,-1.28395,0
4.15246,-1.30181,0
3.84053,-1.31778,0
3.72946,-1.26634,0
1.02725,1.43339,0
1.15413,1.49466,0
4.65049,0.45864,0
0.81338,1.33359,0
3.77842,-1.28337,0
1.48839,1.39052,0
2.22844,1.28281,0
1.93852,1.35143,0
4.18997,-1.52026,0
0.49881,-0.48602,0
3.64472,-1.42528,0
1.32171,1.46106,0
4.62087,0.45271,0
0.81907,1.42443,0
3.29076,-1.28221,0
3.96305,-1.39562,0
1.54982,1.40358,0
2.30213,1.28976,0
4.64985,0.50096,0
3.56382,-1.34931,0
1.01962,1.53337,0
3.7896,-1.32602,0
4.05567,-1.39743,0
0.90025,1.29421,0
0.48767,-0.24236,0
3.93199,-1.33806,0
1.40935,1.29194,0
3.11982,-1.28114,0
3.16705,-1.31714,0
1.2182,1.49009,0
4.0682,-1.4061,0
4.64588,0.83942,0
0.46178,-0.42744,0
3.54189,-1.39566,0
0.46826,-0.76906,0
3.77494,-1.37425,0
1.8752,1.33855,0
4.1675,-1.47763,0
3.13721,-1.38147,0
0.99622,1.30779,0
1.36517,1.47099,0
1.26925,1.32955,0
4.04626,-1.44863,0
4.18408,-1.56031,0
2.83729,-1.30125,0
1.48043,1.34068,0
4.71018,0.82344,0
0.88137,1.55649,0
1.20778,1.43549,0
1.10414,1.26691,0
2.20951,1.28265,0
3.7575,-1.4769,0
1.47107,1.33689,0
1.1405,1.32614,0
4.0307,-1.48097,0
1.39007,1.50061,0
4.24506,-1.59627,0
0.37805,-0.76951,0
1.25083,1.52919,0
2.82191,-1.33613,0
1.07362,1.55009,0
4.68225,0.43873,0
1.95544,1.38311,0
1.70318,1.43291,0
3.45027,-1.455,0
3.61868,-1.47671,0
3.54336,-1.47668,0
4.71113,0.52669,0
0.87967,1.60291,0
2.63118,-1.29464,0
0.45689,-0.37138,0
0.38704,-0.73173,0
2.80269,-1.3309,0
0.44451,-0.45868,0
4.71678,0.56438,0
4.06456,-1.57381,0
2.71867,-1.30745,0
3.99848,-1.54343,0
1.0546,1.55361,0
2.73347,-1.3175,0
3.65939,-1.49984,0
0.45288,-0.38726,0
4.17451,-1.59026,0
3.23344,-1.41237,0
0.42087,-0.53904,0
1.0993,1.54836,0
3.18964,-1.40614,0
3.68419,-1.49345,0
1.7793,1.41926,0
0.37079,-0.81307,0
1.47774,1.472,0
0.42936,-0.52146,0
4.02174,-1.55024,0
2.72118,-1.30616,0
1.33253,1.50416,0
1.11479,1.55293,0
4.60614,-1.03484,0
4.42163,1.30846,0
4.49885,1.29072,0
4.58632,-1.11714,0
4.5789,-1.00957,0
4.59493,-1.07223,0
4.61222,-1.08578,0
4.57302,-1.01492,0
0.64061,-1.29,0
4.63216,-1.11768,0
0.64475,-1.35927,0
4.60236,-1.12455,0
4.62376,-1.09528,0
4.59858,-1.14837,0
4.41918,1.31863,0
0.65838,-1.31213,0
4.4248,1.30466,0
4.71992,-0.93617,0
4.69465,-1.00413,0
4.38534,1.43061,0
4.3911,1.38789,0
4.72826,-0.97246,0
4.72554,-1.03821,0
4.67926,-1.03633,0
4.6864,-1.01838,0
4.66349,-1.06057,0
4.46275,1.37915,0
1.5525,-1.73406,0
1.67247,-1.7335,0
4.6565,0.12931,0
1.7186,-1.69283,0
3.73569,1.70609,0
1.89647,-1.50979,0
1.65696,-1.61735,0
2.43567,-1.35322,0
0.33312,0.30693,0
1.54536,-1.79618,0
1.68007,-1.62724,0
1.48415,-1.67038,0
1.37347,-1.88319,0
2.30801,-1.44602,0
4.81823,-0.18767,0
4.73039,-0.09568,0
4.77761,-0.26394,0
1.7128,-1.6433,0
4.71201,-0.12208,0
2.6267,-1.33265,0
4.64739,0.0856,0
4.84216,-0.4836,0
3.57568,1.63457,0
3.74621,1.69053,0
2.09796,-1.52196,0
2.44847,-1.40036,0
4.8698,-0.4789,0
2.74959,-1.347,0
1.434,-1.85764,0
1.2561,-1.91802,0
1.33765,-1.79829,0
4.82283,-0.41664,0
1.89664,-1.51232,0
2.34242,-1.45933,0
1.72146,-1.68685,0
1.62479,-1.79116,0
1.65108,-1.73404,0
3.6943,1.70013,0
3.6448,1.66038,0
1.68584,-1.62185,0
1.93965,-1.64728,0
1.86104,-1.54866,0
4.74084,0.01849,0
0.47468,-0.05852,0
2.12422,-1.57019,0
3.689,1.6739,0
1.50831,-1.71101,0
4.82522,-0.46541,0
2.45104,-1.36096,0
2.1044,-1.49556,0
1.37042,-1.80247,0
1.94079,-1.66273,0
3.75228,1.68828,0
1.55215,-1.76407,0
0.33265,0.35925,0
4.79407,-0.36779,0
4.04025,1.7884,0
2.65993,-1.38136,0
1.21458,-1.90081,0
1.22169,-1.90871,0
1.3177,-1.85123,0
2.47339,-1.44602,0
2.30335,-1.38066,0
1.45739,-1.72389,0
1.58665,-1.77311,0
2.1897,-1.51446,0
2.29857,-1.45976,0
1.5739,-1.72639,0
4.84924,-0.50334,0
1.58679,-1.75856,0
1.8916,-1.57289,0
2.39497,-1.3585,0
2.19868,-1.51878,0
1.30381,-1.82675,0
4.88302,-0.4253,0
4.86028,-0.49921,0
1.21586,-1.85477,0
1.91179,-1.5945,0
1.94919,-1.53893,0
1.7769,-1.7261,0
1.44216,-1.86332,0
4.68164,-0.02525,0
1.26961,-1.91517,0
2.71274,-1.31668,0
1.20792,-1.8695,0
1.3221,-1.87987,0
4.87993,-0.35376,0
1.48068,-1.76366,0
3.95003,1.77974,0
1.90255,-1.54122,0
1.50284,-1.74146,0
4.71642,-0.23796,0
1.79672,-1.70332,0
3.59222,1.65785,0
2.66458,-1.31866,0
4.86481,-0.4472,0
2.32028,-1.50589,0
1.77352,-1.709,0
4.83071,-0.24857,0
3.68612,1.68521,0
2.25338,-1.4393,0
2.70184,-1.35163,0
0.32928,0.34849,0
2.24731,-1.48754,0
1.29688,-1.90205,0
4.84306,-0.24987,0
1.86847,-1.68782,0
1.28524,-1.71545,0
1.68545,-1.61223,0
3.6541,1.66719,0
2.21601,-1.54649,0
1.68371,-1.59379,0
1.49026,-1.80979,0
2.11081,-1.59967,0
4.76605,-0.2509,0
4.80908,-0.39977,0
0.3061,0.36443,0
4.71927,0.02769,0
3.85027,1.76988,0
4.80717,-0.50715,0
1.94156,-1.55537,0
4.80365,-0.13948,0
1.40295,-1.7915,0
2.60316,-1.36481,0
3.89097,1.78249,0
2.6656,-1.37327,0
1.62274,-1.67859,0
4.02708,1.78976,0
1.97753,-1.64372,0
2.5913,-1.40654,0
2.70947,-1.36277,0
1.31581,-1.74609,0
2.68003,-1.33038,0
4.73587,-0.22987,0
1.31494,-1.90875,0
3.7238,1.67211,0
1.86184,-1.57029,0
1.31375,-1.70123,0
1.72244,-1.71335,0
4.85901,-0.31178,0
1.62724,-1.71788,0
1.50151,-1.83879,0
2.50226,-1.37175,0
2.32845,-1.40634,0
1.94358,-1.52867,0
3.78058,1.72175,0
1.25651,-1.79855,0
1.24536,-1.74152,0
1.62346,-1.7421,0
2.01762,-1.53858,0
3.76926,1.72378,0
1.62315,-1.77353,0
4.85247,-0.45149,0
1.65343,-1.70809,0
1.6049,-1.7408,0
3.71615,1.69974,0
3.8774,1.7611,0
4.78764,-0.25117,0
2.47775,-1.38927,0
1.60923,-1.69466,0
1.27798,-1.76213,0
4.83336,-0.49365,0
3.94395,1.80521,0
1.76262,-1.65608,0
1.22587,-1.90041,0
2.4136,-1.44732,0
2.04999,-1.46277,0
1.51858,-1.62377,0
4.72832,-0.02898,0
2.33691,-1.39597,0
1.88261,-1.60138,0
1.36249,-1.79812,0
2.42349,-1.46574,0
4.84383,-0.37973,0
2.23012,-1.54112,0
2.26796,-1.47755,0
1.92635,-1.61685,0
2.37398,-1.35801,0
2.20985,-1.54863,0
1.27102,-1.85668,0
2.24901,-1.54136,0
1.34036,-1.82943,0
1.19447,-1.83121,0
3.9927,1.78162,0
1.82895,-1.53557,0
2.53906,-1.41016,0
3.81854,1.73702,0
4.9251,-0.47531,0
3.84878,1.71238,0
1.4713,-1.74674,0
1.7301,-1.59032,0
1.94259,-1.64682,0
4.76894,-0.12243,0
2.36812,-1.49648,0
1.19681,-1.80437,0
2.086,-1.55155,0
1.53261,-1.78504,0
1.26051,-1.74171,0
1.72929,-1.55658,0
1.59756,-1.78693,0
2.28221,-1.39541,0
1.52506,-1.79321,0
4.76718,-0.19445,0
1.48684,-1.75071,0
3.90291,1.79011,0
3.59096,1.66759,0
4.79364,-0.48141,0
4.72631,-0.15632,0
3.3164,1.55687,0
1.92638,-1.56373,0
4.76558,-0.05361,0
3.91151,1.73702,0
1.81906,-1.70802,0
1.6457,-1.62323,0
1.68257,-1.71177,0
0.32756,0.33409,0
1.55734,-1.66559,0
2.64651,-1.34843,0
2.44992,-1.33698,0
1.25305,-1.93598,0
0.37936,0.19487,0
1.72562,-1.7833,0
1.52902,-1.91142,0
4.67074,0.21761,0
0.38424,0.1205,0
1.90017,-1.68667,0
4.97335,-0.35432,0
1.52117,-1.8866,0
4.85379,-0.11202,0
1.68,-1.81211,0
0.39374,0.13033,0
3.0645,1.49437,0
1.50544,-1.89871,0
0.49023,-0.11912,0
3.53517,1.69881,0
0.32859,0.21916,0
1.5649,-1.88401,0
3.01111,1.46702,0
1.34947,-1.97807,0
3.90247,1.8138,0
0.48899,-0.16732,0
0.43124,-0.00117,0
0.35128,0.17655,0
1.93216,-1.70362,0
2.23629,-1.58951,0
2.94609,1.43367,0
1.62872,-1.84578,0
2.94781,1.4363,0
4.84784,-0.10464,0
2.13868,-1.65172,0
3.23315,1.55857,0
2.49054,-1.47824,0
3.12345,1.50268,0
1.87309,-1.7413,0
1.43586,-1.92707,0
2.08316,-1.68187,0
1.35996,-1.90134,0
3.49018,1.66171,0
4.91675,-0.25545,0
0.3253,0.24657,0
3.78012,1.81894,0
0.34041,0.25824,0
2.70002,-1.39752,0
3.05648,1.49591,0
3.87674,1.89074,0
4.72644,0.16399,0
1.62008,-1.86636,0
2.52216,-1.46715,0
4.75309,0.06681,0
1.8836,-1.71826,0
4.81098,-0.11204,0
1.79885,-1.76802,0
1.51369,-1.92947,0
1.41817,-1.90263,0
0.30806,0.22376,0
1.86452,-1.74285,0
2.58689,-1.43077,0
1.61208,-1.86829,0
1.75629,-1.83336,0
2.25046,-1.60562,0
0.33986,0.16899,0
1.83923,-1.72582,0
3.53114,1.64883,0
2.02765,-1.71003,0
3.72884,1.78944,0
3.71211,1.79572,0
3.91648,1.88008,0
2.03623,-1.64956,0
4.70616,0.19838,0
1.61886,-1.81944,0
3.47195,1.6962,0
3.7987,1.76909,0
3.4643,1.64258,0
3.67746,1.717,0
3.65327,1.76472,0
3.95684,1.84052,0
3.82569,1.8228,0
2.05242,-1.69526,0
4.89787,-0.31333,0
3.78002,1.81892,0
4.85256,-0.1795,0
4.79958,-0.09357,0
2.73058,-1.37743,0
3.54487,1.66263,0
3.86315,1.79656,0
4.82182,-0.11478,0
3.81731,1.79023,0
3.09984,1.52934,0
3.73466,1.80546,0
2.28769,-1.55458,0
2.30423,-1.53227,0
2.44932,-1.50099,0
4.80841,0.00106,0
2.33671,-1.56127,0
3.2337,1.58103,0
3.31014,1.57324,0
2.21441,-1.61655,0
3.86381,1.87797,0
3.22409,1.5592,0
3.63203,1.69312,0
3.78053,1.8112,0
1.35752,-1.91381,0
4.71969,0.10894,0
2.29686,-1.56719,0
4.81476,-0.07567,0
1.33494,-1.98674,0
2.62111,-1.40382,0
0.42243,-0.03293,0
4.90387,-0.20767,0
3.64647,1.7763,0
0.36801,0.18659,0
3.82713,1.80735,0
1.43602,-1.98381,0
2.30754,-1.57883,0
2.14487,-1.64881,0
3.43902,1.62878,0
1.50706,-1.91869,0
2.77871,-1.34488,0
4.66229,0.26337,0
1.52035,-1.86375,0
2.60595,-1.41348,0
2.0911,-1.67331,0
2.41692,-1.51894,0
2.11044,-1.64962,0
4.90396,-0.28071,0
1.79177,-1.76877,0
1.48507,-1.93853,0
3.49613,1.6437,0
1.92748,-1.73892,0
3.26325,1.55453,0
2.58951,-1.44703,0
2.44186,-1.47825,0
3.06025,1.47974,0
2.2216,-1.59481,0
3.71741,1.73043,0
1.5476,-1.90084,0
3.49872,1.70126,0
1.31055,-1.95184,0
3.6713,1.72491,0
3.56411,1.70099,0
2.32574,-1.56807,0
3.91276,1.86454,0
2.35872,-1.54794,0
3.62054,1.73037,0
3.72087,1.79875,0
4.87793,-0.17684,0
0.39854,0.06992,0
3.73123,1.75562,0
2.48933,-1.47415,0
1.4053,-1.93279,0
2.26409,-1.57952,0
0.36618,0.0999,0
3.41042,1.61428,0
1.9308,-1.68991,0
3.27793,1.55408,0
4.68684,0.17815,0
0.49028,-0.15051,0
4.92165,-0.36022,0
3.54011,1.66952,0
2.02704,-1.69269,0
0.47899,-0.0821,0
4.79114,0.2835,0
0.39484,-0.22889,0
2.63242,-1.49063,0
4.75394,0.14306,0
2.64851,-1.47899,0
2.92253,1.56805,0
2.37187,-1.7146,0
3.51715,1.92774,0
2.41934,-1.58065,0
4.96559,-0.00463,0
3.15966,1.70885,0
2.81388,1.50023,0
2.52539,-1.50767,0
1.70396,-1.97586,0
4.7327,0.21736,0
4.7334,0.32021,0
3.49108,1.94012,0
2.33109,-1.69826,0
4.9134,0.05324,0
2.1999,-1.71089,0
1.88849,-2.0378,0
4.95747,0.01165,0
3.06126,1.56125,0
4.78701,0.29813,0
3.22134,1.62872,0
3.43235,1.93481,0
2.0571,-1.73995,0
2.1144,-1.6797,0
1.76043,-2.00731,0
1.85355,-2.02532,0
3.0924,1.56697,0
4.82552,0.1108,0
3.25719,1.69382,0
4.83887,-0.01993,0
2.70137,1.41568,0
4.75219,0.26893,0
0.38846,-0.15893,0
1.73148,-2.02912,0
3.17217,1.63902,0
2.86011,1.52473,0
2.26441,-1.69924,0
4.84096,0.08769,0
3.23292,1.7238,0
0.33818,-0.06465,0
2.44843,1.30447,0
2.32558,-1.7464,0
3.54055,1.82018,0
3.17621,1.73498,0
2.89736,1.5297,0
1.94152,-1.76615,0
3.43772,1.77786,0
3.42266,1.84669,0
0.3917,-0.07661,0
2.39988,-1.59619,0
3.75445,1.85105,0
3.7109,1.98363,0
2.78574,1.40567,0
2.16286,-1.80201,0
2.08249,-1.76375,0
2.09011,-1.84223,0
1.98344,-1.84182,0
1.75755,-1.91759,0
4.8032,0.07188,0
2.32313,-1.6905,0
2.52664,-1.5985,0
2.14405,-1.82851,0
1.99048,-1.92125,0
0.3363,-0.0907,0
4.75152,0.22242,0
4.89317,-0.00082,0
0.41366,-0.10772,0
3.06227,1.57457,0
2.39388,-1.61531,0
3.34734,1.77921,0
0.43737,-0.13381,0
2.22049,-1.68553,0
3.41757,1.79718,0
3.17156,1.70911,0
3.60137,1.99862,0
3.6609,1.98015,0
1.62824,-2.07821,0
4.84436,0.23279,0
3.16378,1.68037,0
4.78612,0.13433,0
3.00477,1.58384,0
3.32368,1.871,0
3.16223,1.67081,0
1.75906,-1.96767,0
2.8833,-1.37671,0
2.52494,-1.61039,0
3.13206,1.64184,0
1.62807,-2.03187,0
0.42098,-0.14524,0
2.24416,-1.71841,0
3.17553,1.65483,0
3.17627,1.72712,0
1.95851,-1.85187,0
1.60895,-2.09229,0
4.74292,0.3024,0
3.39659,1.88614,0
1.80322,-1.96357,0
3.37826,1.69369,0
2.70487,-1.44661,0
4.75696,0.15349,0
1.91153,-1.81651,0
3.55006,1.97666,0
3.28522,1.82211,0
1.76865,-1.87089,0
1.54105,-2.00505,0
4.85223,0.05128,0
2.06381,-1.88548,0
1.84251,-1.90388,0
4.72459,0.39486,0
2.11916,-1.71593,0
1.69024,-2.15239,0
1.95963,-1.85131,0
2.64005,1.40365,0
1.92856,-1.86479,0
2.61228,1.38791,0
3.20557,1.70154,0
3.66276,1.86593,0
2.26317,-1.60947,0
4.84468,0.03583,0
0.47368,-0.17447,0
2.60977,1.33683,0
0.41702,-0.13179,0
3.68445,2.01987,0
3.57133,2.01705,0
2.88236,-1.35247,0
2.58896,1.33863,0
4.89995,-0.03608,0
2.16591,-1.74792,0
1.98169,-1.80317,0
3.59174,2.04136,0
1.97521,-1.7917,0
4.97688,-0.02636,0
4.70207,0.43765,0
3.76303,1.90051,0
2.13536,-1.86608,0
2.96481,1.55318,0
2.01654,-1.837,0
3.03258,1.5963,0
2.20325,-1.72727,0
2.15499,-1.84991,0
3.68822,1.89242,0
4.86222,-0.0486,0
2.15768,-1.65484,0
1.71786,-2.08376,0
3.23236,1.75493,0
1.59333,-1.93978,0
2.38016,-1.57565,0
2.70847,-1.45006,0
2.30692,-1.60797,0
1.82436,-1.95564,0
1.90917,-1.97844,0
3.74118,1.85222,0
3.43286,1.80065,0
0.41344,-0.04097,0
1.96257,-1.79652,0
2.69844,1.37767,0
4.8275,0.10554,0
3.17811,1.678,0
4.79838,0.10806,0
2.72763,1.3889,0
1.66522,-1.99065,0
2.0941,-1.85813,0
2.0033,-1.77495,0
4.88776,-0.04937,0
2.88617,-1.38649,0
2.02516,-1.80039,0
3.59528,1.8649,0
2.90376,1.50215,0
2.96926,1.53982,0
1.86692,-1.90477,0
3.02337,1.53447,0
2.56886,-1.55018,0
4.84921,0.04968,0
3.67018,1.89029,0
3.21257,1.70066,0
2.26299,-1.75011,0
1.86172,-1.89476,0
3.66056,1.81181,0
3.11534,1.54976,0
2.83355,-1.37754,0
3.679,1.94841,0
4.81527,0.19209,0
3.60059,2.03213,0
4.71124,0.25271,0
1.6793,-1.95109,0
1.87152,-1.83041,0
2.14894,-1.75762,0
1.88869,-1.9054,0
2.90601,1.54664,0
3.41434,1.87752,0
0.30357,-0.08747,0
3.3392,1.82171,0
2.36641,-1.6827,0
1.67905,-2.1049,0
4.79853,0.27091,0
2.71309,-1.43679,0
2.86664,-1.38491,0
4.86482,-0.02472,0
1.72367,-2.00591,0
3.5118,1.80016,0
3.50093,1.78129,0
2.63734,-1.44151,0
2.24682,-1.63078,0
2.50815,-1.49663,0
3.48489,1.9432,0
2.75049,1.38916,0
0.37079,-0.12762,0
3.6599,1.85061,0
3.18984,1.62235,0
2.2802,-1.77231,0
3.59105,1.7612,0
2.65952,1.39394,0
2.19956,-1.69346,0
3.19719,1.6619,0
3.44708,1.75886,0
2.68609,-1.49214,0
2.43341,-1.59965,0
3.22375,1.72292,0
1.92236,-1.9358,0
4.84189,0.16914,0
3.38767,1.75896,0
4.866,0.07835,0
1.68357,-2.0313,0
3.7047,1.93207,0
2.35923,-1.65825,0
2.17839,-1.70264,0
2.25027,-1.78396,0
3.36941,1.69039,0
2.13957,-1.68468,0
3.58439,1.86767,0
4.75207,0.36706,0
1.65789,-2.13704,0
3.19858,1.74429,0
1.58984,-2.0837,0
2.40037,-1.54309,0
0.32782,-0.13086,0
4.84416,-0.05711,0
2.20731,-1.81975,0
2.41229,-1.55372,0
3.1282,1.73125,0
2.07163,-1.70553,0
2.9338,1.61174,0
1.58813,-1.91775,0
4.82997,0.1155,0
1.69598,-2.05595,0
1.70861,-1.89634,0
4.83483,0.11024,0
3.5167,1.93398,0
2.57049,-1.54651,0
2.92459,1.56823,0
2.81035,1.42145,0
1.90264,-1.95057,0
3.2224,1.70494,0
1.73197,-1.99389,0
2.30858,-1.66738,0
3.42829,1.89717,0
3.71098,1.97098,0
4.7,0.28322,0
1.79099,-2.04257,0
2.38245,-1.70316,0
0.4129,-0.03673,0
0.31119,-0.09893,0
2.62727,1.3882,0
0.42429,-0.18925,0
2.37413,-1.69378,0
1.76994,-2.02514,0
4.84296,-0.04876,0
1.78627,-2.09453,0
2.06025,-1.81796,0
4.81531,0.1855,0
0.41937,-0.16732,0
2.76922,1.44976,0
2.46278,-1.53372,0
2.50999,1.30746,0
3.16137,1.70506,0
2.67367,1.43467,0
2.34374,-1.6374,0
3.15665,1.74259,0
2.80445,1.40212,0
2.14012,-1.73512,0
0.44737,-0.19219,0
2.52622,-1.52106,0
3.06183,1.69368,0
4.86176,0.05798,0
4.77622,0.27442,0
4.79357,0.12235,0
1.72818,-2.03112,0
4.91139,0.06488,0
1.60744,-2.08698,0
1.85777,-1.92575,0
0.45157,-0.30998,0
2.91027,1.46634,0
3.41144,1.82451,0
0.45156,-0.32122,0
2.07751,-1.70203,0
2.99836,1.65449,0
4.94044,-0.02933,0
1.80169,-1.8613,0
3.63933,1.82593,0
3.30616,1.72084,0
4.85948,0.11258,0
3.26133,1.68211,0
3.19076,1.60173,0
3.16885,1.71709,0
2.10016,-1.77785,0
3.38268,1.85011,0
4.84775,0.03259,0
2.55179,-1.49356,0
3.57826,1.9791,0
2.80425,1.50823,0
2.06089,-1.77949,0
3.52941,1.96204,0
2.73375,1.48538,0
0.37254,-0.06873,0
2.68348,1.37506,0
2.84494,1.51619,0
3.5093,1.93869,0
3.08531,1.69742,0
1.72907,-1.91094,0
1.83651,-1.87215,0
2.06911,-1.74529,0
2.06226,-1.82489,0
1.8977,-1.90666,0
2.56715,1.38974,0
2.07811,-1.92579,0
3.04269,1.6979,0
2.39085,-1.74058,0
2.23438,-1.81695,0
2.50375,-1.64489,0
2.17223,-1.87635,0
1.80655,-2.12316,0
2.47626,-1.66845,0
2.40871,-1.70613,0
2.62108,1.42916,0
4.71808,0.48314,0
4.95126,0.10426,0
3.57083,2.04792,0
2.3936,-1.71896,0
1.74037,-2.14365,0
3.58541,2.07661,0
3.13583,1.75323,0
4.83661,0.29895,0
3.38667,1.92927,0
4.99275,0.03317,0
2.59171,-1.60119,0
2.99538,1.66225,0
2.85297,-1.41888,0
3.24187,1.82245,0
2.91492,1.61262,0
5.00364,0.02528,0
4.98254,0.05022,0
2.21858,-1.82477,0
4.76058,0.37335,0
1.80599,-2.12473,0
2.0236,-1.98504,0
2.13919,-1.90445,0
3.54925,2.03039,0
1.73661,-2.15753,0
4.98113,0.05454,0
4.9138,0.17325,0
2.11588,-1.90951,0
2.49604,-1.65275,0
4.7288,0.44238,0
3.44266,1.96614,0
1.86974,-2.09557,0
3.31628,1.89791,0
2.31202,-1.7687,0
3.30854,1.88122,0
3.17064,1.78971,0
3.53367,2.02064,0
4.73345,0.4287,0
3.30235,1.88431,0
2.31732,-1.76132,0
4.97934,0.05142,0
3.37992,1.92914,0
2.97332,1.65165,0
3.13023,1.84998,0
4.82979,0.32967,0
1.90661,-2.12847,0
4.74284,0.51337,0
2.6092,1.47525,0
4.8101,0.45695,0
1.80647,-2.14883,0
3.19256,1.88822,0
1.84188,-2.13927,0
3.31336,2.01725,0
3.00006,1.73364,0
2.05329,-2.01092,0
1.92523,-2.11848,0
3.10729,1.82509,0
2.16473,-1.91381,0
2.50384,-1.67753,0
4.74326,0.46689,0
4.9332,0.2901,0
3.32041,1.96585,0
4.76402,0.52162,0
2.54555,1.4222,0
2.74457,-1.51948,0
2.32529,-1.87348,0
1.93457,-2.17892,0
2.8767,-1.42605,0
2.64063,-1.66327,0
2.56379,1.41719,0
4.87939,0.2583,0
3.40154,1.99059,0
4.91769,0.23296,0
2.05346,-2.06039,0
2.79339,1.59857,0
3.08013,1.80603,0
2.30594,-1.8576,0
2.30003,-1.87411,0
3.39422,2.0814,0
4.82059,0.42432,0
2.82644,-1.4766,0
3.06194,1.72937,0
2.80831,1.5856,0
4.85035,0.34935,0
3.41044,1.9745,0
2.93669,-1.37957,0
2.22835,-1.93276,0
1.88657,-2.11015,0
2.75549,-1.5821,0
3.48881,2.1196,0
2.51901,-1.71514,0
4.96664,0.24008,0
2.63282,-1.68188,0
3.20667,1.95274,0
2.28285,-1.83796,0
4.84371,0.41465,0
1.88245,-2.20252,0
2.49018,-1.72513,0
2.61339,-1.68933,0
1.9735,-2.04227,0
0.39533,-0.37593,0
3.18897,1.85308,0
3.28344,1.88999,0
2.31702,-1.81594,0
4.93325,0.26237,0
4.81268,0.37966,0
3.04446,1.79909,0
2.63137,1.43816,0
3.1366,1.88161,0
1.84455,-2.151,0
3.33753,2.03216,0
2.52505,1.40051,0
2.61717,-1.63833,0
2.06691,-2.08137,0
1.87736,-2.15982,0
3.35956,2.02212,0
4.81227,0.46227,0
3.32686,1.94352,0
4.79792,0.48565,0
3.32656,1.96275,0
2.70899,-1.55342,0
2.6404,-1.61813,0
2.66405,-1.59817,0
2.80593,-1.47613,0
3.1956,1.92802,0
2.9537,-1.37147,0
2.10858,-2.08301,0
4.92009,0.22656,0
2.8545,1.64784,0
3.42755,1.99993,0
0.43846,-0.39269,0
2.03091,-2.15334,0
3.26125,1.97713,0
3.18879,1.88422,0
2.72132,-1.53583,0
2.78411,1.57438,0
3.01253,1.80214,0
3.15134,1.7962,0
2.72909,-1.56416,0
2.19308,-2.00956,0
2.79366,1.55577,0
2.76481,-1.50471,0
3.48709,2.05565,0
2.40741,-1.74894,0
3.34197,2.06025,0
0.36685,-0.34516,0
2.0794,-1.97147,0
3.46725,2.08675,0
2.77158,-1.54469,0
2.03589,-2.02899,0
2.49957,-1.70581,0
4.7264,0.50825,0
2.73497,-1.55184,0
2.96829,1.6837,0
1.91574,-2.19388,0
3.43814,2.11952,0
2.62318,1.47597,0
4.94593,0.17021,0
3.40292,1.9778,0
2.1296,-1.98334,0
1.99967,-2.01162,0
3.22202,1.95232,0
3.29888,1.98458,0
2.60415,-1.69623,0
2.98193,1.77747,0
4.77762,0.41473,0
3.3695,1.98387,0
2.16745,-2.01244,0
4.88706,0.25205,0
2.04222,-1.98775,0
2.33347,-1.85223,0
3.29169,2.00117,0
3.27362,2.00422,0
3.10311,1.79168,0
3.02397,1.7276,0
1.89696,-2.1157,0
2.60395,1.43224,0
2.81954,-1.46575,0
2.76365,-1.52714,0
2.90851,1.71484,0
3.38247,2.0522,0
4.82879,0.34075,0
2.19146,-1.93301,0
1.9784,-2.18239,0
3.13333,1.83855,0
3.17734,1.87309,0
4.88905,0.27089,0
2.18387,-1.93521,0
4.90608,0.35185,0
1.84429,-2.14827,0
3.38717,2.08618,0
2.87324,1.61382,0
2.5435,-1.68088,0
3.30018,1.97726,0
4.79667,0.37972,0
2.83293,-1.50173,0
3.3569,2.01572,0
1.98924,-2.13765,0
2.1485,-1.96041,0
3.36227,2.06212,0
1.91269,-2.10152,0
4.90381,0.33551,0
2.61554,1.46432,0
2.52908,1.39077,0
3.21583,1.90428,0
4.83057,0.34119,0
2.45867,-1.6996,0
2.43146,-1.78913,0
2.67503,-1.63299,0
1.91681,-2.24583,0
3.2418,1.90237,0
2.50103,-1.78094,0
2.85416,1.597,0
2.97742,1.72699,0
2.46329,-1.77899,0
0.39931,-0.28637,0
1.83958,-2.20414,0
2.97981,1.71973,0
2.38985,-1.82494,0
3.25422,1.87251,0
2.02166,-2.01554,0
0.4043,-0.29729,0
2.44653,1.33299,0
3.43855,2.04483,0
2.70981,1.5499,0
3.28338,2.01406,0
3.21536,1.91348,0
4.85553,0.37576,0
2.18502,-2.0167,0
3.17905,1.92374,0
2.38594,-1.81045,0
2.00684,-2.01189,0
2.68349,1.48785,0
4.78601,0.43801,0
3.23589,1.90535,0
2.19104,-2.02692,0
0.36735,-0.28536,0
4.9417,0.31645,0
5.01774,0.19608,0
4.94819,0.3059,0
2.72594,-1.61003,0
4.92525,0.3393,0
3.53769,2.10814,0
4.98608,0.16037,0
3.54766,2.13812,0
4.99819,0.12912,0
3.56196,2.11431,0
5.02472,0.17137,0
4.96136,0.30409,0
1.9294,-2.25519,0
4.8103,0.50741,0
4.73668,0.61646,0
2.5603,-1.75392,0
2.91262,-1.47786,0
5.05248,0.21305,0
2.12166,-2.10401,0
4.95209,0.32647,0
4.91139,0.38197,0
4.74582,0.60432,0
5.00665,0.2586,0
4.87349,0.41175,0
2.69778,-1.63685,0
2.41347,-1.86066,0
2.53762,-1.76899,0
2.4183,-1.85968,0
4.43426,-1.26298,0
1.45341,1.51517,0
4.31704,-1.59071,0
4.25738,-1.65144,0
3.53038,-1.504,0
4.19982,-1.63294,0
4.96995,0.608,0
4.28422,-1.67102,0
4.30764,-1.72686,0
3.32036,-1.4558,0
3.42125,-1.49304,0
3.42471,-1.47613,0
4.17738,-1.68833,0
4.89321,0.45058,0
4.75206,0.67153,0
4.852,0.54949,0
4.13528,-1.60401,0
3.68695,-1.52038,0
3.82002,-1.54846,0
1.33266,1.52455,0
4.87705,0.61591,0
1.69193,1.44772,0
4.43142,-1.48947,0
4.35232,-1.58897,0
1.44559,1.53892,0
3.87541,-1.58471,0
1.75252,1.42906,0
4.39036,-1.2816,0
4.3793,-1.4828,0
4.01861,-1.5993,0
1.18762,1.54396,0
4.39566,-1.51767,0
4.86366,0.64474,0
1.56326,1.49759,0
1.42353,1.50251,0
4.40618,-1.60139,0
4.85642,0.68483,0
3.57098,-1.54509,0
4.46639,-1.2715,0
1.12435,1.59751,0
4.39182,-1.48812,0
4.37138,-1.34488,0
1.6976,1.4569,0
4.81232,0.64703,0
3.15638,-1.44282,0
4.30629,-1.73355,0
4.91564,0.6451,0
4.90209,0.61067,0
4.07469,-1.66596,0
3.45333,-1.53157,0
4.42637,-1.46075,0
4.23167,-1.64089,0
4.22945,-1.66393,0
3.98878,-1.65487,0
2.21934,1.34744,0
3.20683,-1.46947,0
4.31177,-1.63306,0
3.05274,-1.40233,0
4.48078,-1.27109,0
4.47306,-1.31848,0
4.86613,0.58201,0
3.60849,-1.52473,0
3.34073,-1.49626,0
1.93103,1.40025,0
4.26484,-1.67665,0
4.90736,0.45059,0
4.84788,0.64165,0
4.12275,-1.66361,0
4.41559,-1.31712,0
3.23856,-1.43212,0
4.39725,-1.55506,0
4.04774,-1.66481,0
4.14994,-1.70473,0
4.18897,-1.71126,0
4.36738,-1.71174,0
4.32424,-1.70465,0
4.34073,-1.74135,0
3.86641,-1.5933,0
4.50086,-1.26267,0
1.45892,1.5055,0
3.40052,-1.52177,0
4.36941,-1.44081,0
3.67069,-1.58281,0
4.89808,0.52492,0
4.8276,0.54812,0
4.21628,-1.62096,0
4.08108,-1.61773,0
4.1673,-1.64807,0
1.99252,1.40342,0
4.14575,-1.61094,0
3.01089,-1.41836,0
3.74684,-1.59686,0
1.3815,1.55445,0
4.829,0.62896,0
4.14208,-1.6668,0
1.13409,1.59902,0
3.8367,-1.54042,0
1.31797,1.54914,0
1.50793,1.47776,0
4.44957,-1.3878,0
4.81943,0.60912,0
3.60636,-1.54127,0
4.8772,0.62158,0
3.97757,-1.6111,0
4.95936,0.57297,0
4.33186,-1.49609,0
1.21084,1.58224,0
1.35056,1.54624,0
3.75408,-1.57593,0
4.91815,0.42635,0
4.39307,-1.25135,0
4.82359,0.54651,0
4.31819,-1.67323,0
4.94743,0.54348,0
1.43902,1.50435,0
3.48391,-1.51155,0
4.77229,0.63775,0
4.31318,-1.60459,0
4.18694,-1.67324,0
4.30183,-1.73785,0
4.35618,-1.66119,0
3.44673,-1.49094,0
1.20397,1.58614,0
3.35715,-1.44635,0
4.88192,0.68272,0
4.4541,-1.39215,0
3.96737,-1.63939,0
4.37505,-1.46728,0
4.75286,0.69555,0
3.72607,-1.57354,0
4.13162,-1.60729,0
4.84825,0.649,0
1.6987,1.45535,0
4.03962,-1.67835,0
4.74499,0.64831,0
3.45149,-1.48203,0
1.66052,1.45189,0
4.35577,-1.31628,0
1.36983,1.55686,0
1.47566,1.5332,0
4.34023,-1.62179,0
4.03075,-1.67527,0
4.3692,-1.50571,0
3.38661,-1.51375,0
3.77281,-1.56535,0
3.51347,-1.51858,0
4.03285,-1.59814,0
4.83477,0.58198,0
4.21077,-1.6317,0
3.80697,-1.60996,0
3.55784,-1.50715,0
4.28858,-1.65533,0
4.51633,-1.34743,0
4.88258,0.72437,0
4.44259,-1.52089,0
4.42527,-1.72082,0
4.48154,-1.40471,0
4.89481,0.69422,0
4.50276,-1.38165,0
4.44546,-1.58467,0
4.42212,-1.68497,0
4.46593,-1.4154,0
4.44169,-1.67915,0
4.45403,-1.51234,0
4.8369,0.70757,0
4.47751,-1.36718,0
4.4456,-1.61564,0
4.4976,-1.28406,0
4.46314,-1.55992,0
4.82416,0.70964,0
4.88332,0.7006,0
4.90144,0.6921,0
4.64632,-1.24566,0
4.79594,0.96613,0
4.84769,0.87183,0
4.73074,0.93093,0
4.64315,-1.19412,0
4.74054,0.86915,0
4.58973,-1.20732,0
4.60173,-1.23516,0
4.62549,-1.5082,0
4.50513,-1.41972,0
4.5742,-1.32545,0
4.59952,0.9021,0
4.68174,0.90238,0
4.53016,-1.3067,0
4.59771,-1.27294,0
4.59804,-1.30403,0
4.56552,-1.50009,0
4.62137,-1.36997,0
4.73543,0.9625,0
4.77923,0.77994,0
4.84209,0.96506,0
4.61627,-1.26916,0
4.60372,0.95016,0
4.63347,-1.30022,0
4.84219,0.77895,0
4.86673,0.97413,0
4.61964,-1.41662,0
4.53265,-1.39208,0
4.68312,0.93605,0
4.82268,0.86171,0
4.63461,-1.25087,0
4.64268,-1.28526,0
4.5161,-1.40744,0
4.76936,0.77168,0
4.82621,0.94617,0
4.85217,0.8442,0
4.7712,0.84734,0
4.69702,0.9218,0
4.80325,0.77754,0
4.66796,-1.12209,0
4.68164,0.96913,0
4.72401,0.94412,0
4.65277,-1.23249,0
4.54994,-1.36119,0
4.58189,-1.30888,0
4.723,0.98429,0
4.70765,0.93355,0
4.81825,0.88659,0
4.64612,0.96526,0
4.62153,-1.47606,0
4.82577,0.90024,0
4.86344,0.84215,0
4.65864,0.88779,0
4.58379,-1.37931,0
4.66181,-1.24131,0
4.71234,-1.16939,0
4.67095,-1.40702,0
4.67803,1.03522,0
4.663,-1.18973,0
4.77901,1.01239,0
4.67157,1.01227,0
4.67814,-1.23363,0
4.72828,-0.86944,0
4.69541,-1.30257,0
4.6994,-1.17369,0
4.67547,-1.10964,0
4.80236,1.04111,0
4.70007,-1.17153,0
4.68328,1.0012,0
4.70794,-1.34527,0
4.69713,-1.37462,0
4.6007,1.00439,0
4.55352,1.00905,0
4.71807,1.03662,0
4.83285,1.03422,0
4.78345,1.03983,0
4.71272,-1.31906,0
4.7251,-1.16354,0
4.66314,1.08587,0
4.74533,-1.01365,0
4.77354,-1.0778,0
4.78086,-1.1448,0
4.73152,-1.19258,0
4.70509,1.21787,0
4.68647,1.12587,0
4.75418,-1.15068,0
4.62159,1.16307,0
4.73245,1.19185,0
4.79698,-1.12474,0
4.61849,1.19541,0
4.78092,-0.72155,0
4.55912,1.21565,0
4.78414,-1.18131,0
4.63413,1.13065,0
4.7462,-1.18577,0
4.63001,1.12277,0
4.77112,-0.97917,0
4.774,-1.16064,0
4.5775,1.15384,0
4.75249,-1.13249,0
4.77352,-0.77472,0
4.68883,1.10927,0
4.7764,-0.99915,0
4.76007,-1.24986,0
4.58314,1.21929,0
4.77793,-1.26278,0
4.73815,1.21303,0
4.80825,-1.18497,0
4.69382,1.09255,0
4.59414,1.2013,0
4.78258,-1.15794,0
4.5819,1.19086,0
4.60396,1.13048,0
4.64338,1.18303,0
4.73124,1.19733,0
4.62345,1.14323,0
4.59529,1.19277,0
4.61174,1.16481,0
4.5792,1.12548,0
4.76518,-1.16162,0
4.61792,1.12734,0
4.79457,-1.00279,0
4.81005,-0.82066,0
4.82356,-1.1368,0
4.81369,-1.07503,0
4.81682,-1.17773,0
4.65191,1.23189,0
4.81552,-1.03956,0
4.8094,-0.84478,0
4.80792,-0.83064,0
4.81336,-0.75582,0
4.81199,-1.12198,0
4.79504,1.17042,0
4.80232,1.0965,0
4.84634,1.02019,0
4.85257,1.06612,0
4.8285,-0.54988,0
4.84317,-0.94887,0
4.84048,-1.13964,0
4.83465,-0.83391,0
4.77145,1.20222,0
4.82478,-0.56498,0
4.83933,-0.86573,0
4.81999,-0.82975,0
4.84468,-1.0792,0
4.84123,-0.7288,0
4.83936,-0.99,0
4.76907,1.25421,0
4.83189,-1.18374,0
4.58183,1.2547,0
4.82055,-0.69259,0
4.84311,-1.11903,0
4.81722,-0.65321,0
4.89822,0.86096,0
4.86808,1.0204,0
4.8755,0.91102,0
4.87931,0.81312,0
4.9039,0.92582,0
4.887,0.77215,0
4.8897,0.90859,0
4.86736,1.0473,0
4.91009,0.99583,0
4.90291,0.84656,0
4.88512,0.99594,0
4.71451,-1.41676,0
4.87124,0.74122,0
4.8698,0.79094,0
4.94879,0.97162,0
4.92531,0.91812,0
4.92742,0.73156,0
4.93219,0.75864,0
4.91871,0.98002,0
4.94666,0.95688,0
4.92427,0.94781,0
4.70247,-1.43639,0
4.91989,0.84586,0
4.92024,0.79163,0
4.94184,0.97484,0
4.94035,0.94121,0
4.91357,0.83379,0
4.76036,-1.35668,0
4.78454,-1.35736,0
4.78303,-1.38552,0
4.88304,-0.12108,0
4.86877,-0.55643,0
4.8426,-0.69989,0
4.84478,-0.75847,0
4.88224,-0.15067,0
4.9462,0.85036,0
4.868,-0.52942,0
4.82628,-1.37531,0
5.01783,-0.57001,0
4.95059,-0.94618,0
4.91818,-0.81952,0
4.58196,1.39328,0
4.99639,-0.50479,0
4.8749,-0.64114,0
4.51414,1.37587,0
4.63297,1.39585,0
4.92033,-0.84925,0
4.61105,1.28196,0
4.64516,1.49521,0
5.01149,-0.48721,0
4.54001,1.35159,0
4.92714,-0.44954,0
4.62333,1.27244,0
4.58583,1.45902,0
4.89843,-0.87539,0
4.94838,-0.52968,0
4.89227,-0.57174,0
4.47432,1.47942,0
4.60401,1.28691,0
4.92651,-0.61373,0
4.86122,-0.85425,0
4.93545,-0.52126,0
4.89377,-0.91519,0
4.95739,-0.59328,0
4.51753,1.32633,0
4.93087,-0.11279,0
4.94012,-0.85749,0
4.66992,1.51548,0
4.54855,1.41885,0
4.96376,-0.81579,0
5.04033,-0.82721,0
4.95658,-0.61678,0
4.94756,-0.07481,0
5.0122,-0.61457,0
4.61872,1.49068,0
4.68322,1.42639,0
4.95187,-0.88036,0
5.0077,-0.44347,0
4.94278,-0.09247,0
4.9345,-0.67324,0
4.53457,1.46024,0
5.01062,-0.68833,0
4.41262,1.45751,0
5.00525,-0.85826,0
4.86131,-0.9075,0
5.02807,-0.72724,0
4.57721,1.42181,0
4.87,-0.72374,0
4.86366,-0.73297,0
4.91447,-0.71786,0
4.63067,1.49576,0
4.60368,1.32033,0
5.01124,-0.76955,0
4.68008,1.32623,0
4.72063,1.30993,0
4.96792,-0.28648,0
5.01375,-0.80612,0
4.56766,1.44203,0
4.93511,-0.39058,0
4.86796,-0.63699,0
4.56537,1.27817,0
4.41893,1.46709,0
4.92316,-0.74224,0
5.01137,-0.88635,0
4.50873,1.3842,0
4.95414,-0.37793,0
4.6221,1.29193,0
4.69541,1.41542,0
4.96601,-0.71639,0
4.65157,1.34642,0
4.59807,1.28842,0
4.58916,1.43471,0
4.53226,1.27859,0
5.01351,-0.66461,0
4.94621,-0.56841,0
4.69761,1.29496,0
4.95202,-0.2052,0
4.97776,-0.28822,0
4.94827,-0.65712,0
4.92742,-0.07867,0
4.90655,-0.94057,0
4.88874,-0.67036,0
4.6374,1.51713,0
4.98861,-0.69071,0
4.92006,-0.8168,0
4.98732,-0.49122,0
4.67153,1.38948,0
4.48574,1.36922,0
4.54909,1.39051,0
4.57143,1.31908,0
4.98302,-0.49391,0
4.61393,1.26554,0
4.88794,-0.67304,0
4.9167,-0.14394,0
4.61326,1.48474,0
4.70117,1.34346,0
4.53037,1.41517,0
4.9712,-0.50095,0
4.94191,-0.63641,0
5.07062,-0.86723,0
4.44898,1.47403,0
4.60576,1.50594,0
4.97736,-0.89992,0
4.54084,1.40497,0
5.02515,-0.91994,0
4.64777,1.26145,0
4.86369,-0.84602,0
4.98326,-0.8509,0
4.91494,-0.50296,0
4.94315,-0.62895,0
4.52628,1.36416,0
4.98341,-0.31041,0
4.88453,-0.90064,0
4.65788,1.42644,0
5.01987,-0.92793,0
4.92017,-0.21535,0
4.93093,-0.79917,0
4.55545,1.25602,0
4.93346,-0.78874,0
4.86608,-0.87114,0
4.65275,1.50427,0
4.97575,-0.3396,0
4.58799,1.32032,0
4.99969,-0.51474,0
4.61353,1.29228,0
4.59908,1.28748,0
4.8928,-0.79988,0
4.52329,1.32625,0
4.94927,-0.43188,0
4.94365,-0.48277,0
4.67255,1.2795,0
4.87669,-1.05784,0
4.91679,-1.00494,0
4.89303,-1.00386,0
4.78164,1.32438,0
4.8936,-0.99061,0
5.04715,-1.04263,0
4.87399,-0.99645,0
4.76487,1.32357,0
4.79121,1.37693,0
4.80692,1.26636,0
4.97814,-0.96324,0
4.80611,1.22007,0
4.78445,1.29653,0
4.76064,1.32177,0
4.96339,-0.96752,0
4.80339,1.23515,0
4.98211,-1.00166,0
4.97131,-1.06711,0
5.00737,-1.01494,0
4.80561,1.32274,0
4.79857,1.38588,0
4.91988,-1.03684,0
4.88491,-1.00023,0
4.76691,1.38454,0
4.73841,1.26751,0
4.85919,-1.07897,0
5.03042,-1.06599,0
4.77525,1.29416,0
5.00958,-0.97232,0
5.03439,-0.97464,0
4.9601,-1.02695,0
4.79753,1.31899,0
4.91872,-1.03065,0
4.97111,0.92639,0
5.00653,1.078,0
5.00544,0.88271,0
4.96936,0.59825,0
4.88518,-1.27836,0
4.85313,-1.27595,0
4.97998,0.72759,0
4.97948,0.48178,0
4.87376,-1.36578,0
4.86657,-1.37325,0
4.95854,0.91137,0
4.94201,0.43378,0
4.96804,0.81326,0
4.95252,0.49274,0
4.86418,-1.19292,0
4.99115,0.79095,0
4.89624,-1.23144,0
4.89405,1.12546,0
4.88637,-1.08566,0
4.97089,0.9121,0
4.85265,-1.35574,0
4.97394,1.08993,0
4.95971,0.72761,0
4.97887,0.82075,0
5.00101,0.99078,0
4.85426,-1.16909,0
4.93891,1.11485,0
4.89493,-1.20718,0
4.87533,-1.27086,0
4.95732,0.88572,0
4.95052,0.80456,0
4.8306,-1.35472,0
4.94419,0.37165,0
4.97779,0.42124,0
4.95396,-0.0531,0
4.2448,-1.73972,0
3.55142,-1.65074,0
3.45891,-1.78704,0
4.16129,-1.80712,0
3.76774,-1.93576,0
3.9962,-2.04912,0
2.02102,1.79312,0
1.84815,1.58079,0
3.30224,-1.62647,0
3.60706,-1.99045,0
2.20478,1.81435,0
5.18857,-0.36641,0
2.44241,1.73744,0
5.18149,-0.08943,0
3.99404,-1.81344,0
1.90915,1.64528,0
1.8545,1.63356,0
5.223,-0.23666,0
2.24424,1.96978,0
2.35101,1.50626,0
1.86182,1.66497,0
3.38034,-1.53586,0
2.4728,1.62007,0
4.9685,-0.17911,0
3.77955,-1.90599,0
1.98957,1.69051,0
5.11221,-0.25018,0
5.13393,-0.47904,0
4.05563,-1.87082,0
2.40827,1.59916,0
2.09433,1.46503,0
2.50427,1.55086,0
3.7117,-2.00803,0
1.76225,1.57093,0
5.12643,-0.35672,0
3.83475,-1.89249,0
2.61557,1.60113,0
3.90718,-2.04165,0
5.09538,-0.33695,0
5.05099,-0.60626,0
4.12807,-1.91453,0
3.58782,-1.9849,0
3.03257,-1.58846,0
1.90799,1.53017,0
4.05506,-1.8764,0
2.14954,1.76363,0
3.76395,-1.79605,0
4.13435,-1.83901,0
3.78543,-1.96926,0
1.69462,1.52415,0
3.61484,-1.81357,0
2.44547,1.53851,0
2.55751,1.57393,0
3.74663,-1.67436,0
3.98344,-1.83099,0
3.64444,-1.93547,0
3.91473,-1.78955,0
3.20084,-1.66783,0
2.20418,1.63755,0
2.97915,-1.514,0
3.57927,-1.72381,0
3.09868,-1.47198,0
2.19557,1.89247,0
2.05671,1.86646,0
2.72895,1.61925,0
2.15844,1.68529,0
3.82347,-2.11938,0
3.49024,-1.87824,0
2.03428,1.9742,0
1.70134,1.50469,0
1.97429,1.76596,0
2.1895,1.92226,0
2.50206,1.65554,0
2.14106,1.53694,0
3.93038,-1.82664,0
2.05401,1.559,0
3.92454,-1.71547,0
2.25128,1.79071,0
2.35243,1.81898,0
2.27916,1.46876,0
3.22944,-1.68472,0
3.56409,-1.88993,0
5.19945,-0.13217,0
3.6363,-1.60016,0
2.37431,1.51658,0
1.79749,1.68511,0
3.73434,-1.71589,0
5.05011,-0.00533,0
1.86879,1.61319,0
3.93525,-1.77629,0
5.03409,-0.46877,0
3.95788,-1.90541,0
3.24336,-1.75979,0
1.78949,1.6365,0
3.66889,-1.74113,0
2.53525,1.608,0
5.08194,-0.4282,0
3.93649,-1.68165,0
5.17913,-0.30911,0
3.50039,-1.8121,0
5.18678,-0.10315,0
2.35202,1.40045,0
4.10788,-1.85691,0
3.39167,-1.60404,0
2.35006,1.46998,0
5.07079,-0.3359,0
5.02538,-0.36985,0
2.34841,1.75746,0
2.45707,1.5264,0
3.58291,-1.57946,0
3.30712,-1.81802,0
5.25199,-0.16652,0
5.17518,-0.2825,0
2.69722,1.5909,0
2.4755,1.70159,0
2.51335,1.78225,0
2.68466,1.6267,0
3.73071,-1.66868,0
2.05452,1.52181,0
2.02512,1.99723,0
3.79694,-1.69944,0
3.52936,-1.57382,0
5.09143,-0.47885,0
2.12211,1.62198,0
2.91567,-1.51623,0
5.00682,-0.26182,0
3.86393,-1.85075,0
2.16536,1.98344,0
2.72545,1.64992,0
2.14599,1.44384,0
2.14781,1.62392,0
2.3819,1.64017,0
1.95001,1.59875,0
2.41122,1.75865,0
3.62558,-1.77986,0
3.48793,-1.82123,0
3.52126,-1.58148,0
2.15293,1.68446,0
1.9897,1.52066,0
3.43421,-1.63212,0
3.69716,-2.02417,0
2.09841,1.53805,0
3.5325,-1.95543,0
3.873,-2.08197,0
3.51893,-1.581,0
3.3873,-1.78412,0
3.95228,-1.96165,0
1.94657,1.75285,0
3.62548,-1.74539,0
4.00605,-2.05909,0
2.22623,1.89759,0
5.17456,-0.29026,0
3.05738,-1.49431,0
2.33577,1.36603,0
2.36858,1.54218,0
3.74731,-1.83049,0
2.48855,1.71499,0
2.21447,1.431,0
2.07688,1.38935,0
1.78622,1.64533,0
5.23895,-0.31422,0
3.36932,-1.72203,0
1.99006,1.64022,0
1.97827,1.87561,0
3.52301,-1.9009,0
3.7413,-1.89369,0
2.36956,1.5536,0
3.64673,-1.94028,0
3.61543,-1.94434,0
3.95209,-2.01028,0
2.34777,1.32696,0
2.3178,1.85832,0
3.68731,-1.6529,0
3.31195,-1.51259,0
1.99389,1.51757,0
3.50413,-1.90389,0
3.77288,-1.67153,0
3.73622,-1.82195,0
2.10138,1.51757,0
5.13273,-0.33177,0
2.10783,2.04619,0
2.30964,1.73971,0
2.10512,1.7622,0
5.01207,-0.19446,0
2.59925,1.51372,0
2.04344,1.91313,0
5.10335,-0.20933,0
2.36165,1.47016,0
3.08637,-1.52759,0
3.29692,-1.67671,0
3.51397,-1.84776,0
2.1927,1.47066,0
3.9605,-1.8517,0
3.06145,-1.59056,0
5.11894,-0.30399,0
5.20979,-0.28896,0
5.06022,-0.45019,0
1.89226,1.56624,0
3.63517,-1.71163,0
1.99791,1.84875,0
1.81898,1.71126,0
2.22295,1.7259,0
5.19095,-0.26168,0
5.10978,-0.48699,0
2.30503,1.42732,0
1.97444,1.9155,0
2.41607,1.53036,0
1.84662,1.62276,0
3.87674,-2.06669,0
3.07264,-1.60005,0
2.17552,2.00108,0
2.51158,1.66659,0
5.09162,-0.22539,0
5.26015,-0.16375,0
2.52792,1.50747,0
3.96733,-2.06906,0
5.24313,-0.21379,0
2.46448,1.60952,0
5.1918,-0.25538,0
2.24238,1.4167,0
3.61696,-1.91346,0
4.00725,-1.81556,0
1.94099,1.54018,0
1.83586,1.58189,0
2.12244,1.84866,0
3.23945,-1.71238,0
2.42423,1.49479,0
2.331,1.86907,0
1.97853,1.65432,0
2.34134,1.69113,0
5.05672,-0.57092,0
3.28972,-1.78416,0
2.24686,1.73836,0
2.12181,2.06128,0
3.04768,-1.55168,0
3.7468,-2.04828,0
3.69784,-1.95191,0
2.38496,1.44862,0
2.21163,1.4113,0
2.17429,1.45761,0
3.75396,-1.7537,0
2.31724,1.80196,0
3.53838,-1.78518,0
2.39064,1.5872,0
1.89075,1.74282,0
2.02071,2.01186,0
3.87201,-1.78865,0
3.01838,-1.55787,0
5.26183,-0.19309,0
2.07877,1.91135,0
3.49074,-1.92904,0
2.21248,1.88765,0
2.00099,1.86744,0
1.97137,1.68334,0
3.48409,-1.89891,0
3.41586,-1.89458,0
4.01449,-1.87504,0
2.51086,1.71176,0
3.55933,-1.82241,0
2.17152,1.87805,0
2.26457,1.94004,0
5.17616,-0.0822,0
1.91744,1.72795,0
2.29443,1.89197,0
3.85741,-1.94575,0
5.05519,-0.24867,0
3.55752,-1.9422,0
3.86421,-1.80088,0
1.99667,1.40844,0
4.0444,-1.77528,0
2.52239,1.75157,0
2.34709,1.79416,0
1.96564,1.67339,0
3.52809,-1.68406,0
3.7942,-2.06222,0
3.49424,-1.61528,0
3.16851,-1.70459,0
3.84441,-1.71522,0
2.0898,2.05318,0
1.82956,1.71831,0
2.65701,1.58178,0
3.38981,-1.68891,0
3.39723,-1.63483,0
2.34665,1.54866,0
3.97098,-2.01005,0
3.16785,-1.64675,0
3.65491,-2.05177,0
3.60889,-1.61121,0
3.30002,-1.56511,0
2.37281,1.83333,0
3.93921,-1.99932,0
1.8316,1.5277,0
2.39168,1.48892,0
3.57709,-1.6889,0
2.11299,1.7539,0
2.12201,1.66516,0
2.18779,1.75141,0
3.56596,-1.97239,0
2.57606,1.65963,0
4.10307,-1.93394,0
5.08505,-0.45434,0
3.60558,-1.5916,0
2.15573,1.83498,0
3.98493,-1.89097,0
3.23308,-1.56003,0
3.04385,-1.62241,0
1.82217,1.51162,0
3.20273,-1.53392,0
1.8753,1.63049,0
3.07048,-1.58179,0
2.0904,1.9378,0
2.44831,1.72148,0
5.07457,-0.1621,0
5.13323,-0.44789,0
3.97953,-2.08544,0
2.07566,1.50291,0
5.21219,-0.2921,0
3.54763,-1.745,0
3.60769,-2.02053,0
3.96219,-1.75535,0
3.82927,-1.71539,0
2.43483,1.35992,0
2.25797,1.89982,0
3.86209,-2.02914,0
5.24718,-0.27328,0
2.30406,1.88598,0
2.50199,1.57101,0
3.46981,-1.80256,0
1.73884,1.48853,0
4.04703,-1.79551,0
2.60187,1.68609,0
5.1601,-0.44958,0
3.18421,-1.72979,0
2.08644,1.92786,0
5.25609,-0.31591,0
3.45474,-1.64855,0
2.13303,1.87516,0
1.94913,1.43862,0
2.02443,1.67129,0
5.06592,-0.30321,0
1.79315,1.58274,0
5.11486,-0.33144,0
3.6773,-1.62937,0
2.54395,1.67649,0
4.14481,-1.75354,0
2.41655,1.87467,0
2.13359,1.84198,0
3.74424,-1.66019,0
1.99826,1.81074,0
3.49943,-1.80358,0
3.42654,-1.75285,0
3.50495,-1.64824,0
4.14235,-1.77434,0
3.89409,-1.73033,0
5.07896,-0.38086,0
4.00117,-1.73755,0
3.18912,-1.47054,0
3.71774,-2.10247,0
3.45795,-1.92296,0
3.65224,-1.86244,0
3.4794,-1.65362,0
3.18033,-1.68718,0
3.17881,-1.60232,0
2.37823,1.87135,0
3.33184,-1.63255,0
2.13264,1.86564,0
2.40691,1.40754,0
1.96216,1.65749,0
2.36679,1.59365,0
2.23712,1.97312,0
2.32592,1.45607,0
3.43909,-1.81627,0
2.51452,1.61558,0
2.20477,1.95734,0
4.04158,-1.92479,0
3.3463,-1.71863,0
3.9422,-1.7511,0
2.6972,1.60876,0
2.36544,1.90272,0
1.94107,1.5718,0
3.77822,-2.02486,0
5.19202,-0.28157,0
3.85151,-1.92472,0
3.02902,-1.56902,0
3.68713,-1.60726,0
2.3499,1.90419,0
2.31473,1.9104,0
5.07157,-0.52784,0
2.42383,1.58443,0
3.93613,-1.8802,0
2.54693,1.49326,0
5.07507,-0.33048,0
2.52136,1.52069,0
2.03783,1.62369,0
3.6254,-1.92526,0
3.88595,-2.01022,0
3.90466,-2.13981,0
3.11629,-1.48801,0
5.01466,-0.10685,0
1.82305,1.48593,0
4.00092,-2.083,0
3.28112,-1.70524,0
2.0783,1.58869,0
2.0434,1.62966,0
2.29356,1.54381,0
3.16159,-1.61814,0
3.71814,-1.89012,0
2.47479,1.45006,0
2.93157,-1.48128,0
3.3869,-1.55774,0
5.02988,-0.50792,0
4.05988,-1.74481,0
5.03646,-0.42072,0
2.6603,1.67892,0
1.84297,1.45328,0
4.09186,-1.87814,0
3.27288,-1.5056,0
3.88418,-1.66467,0
5.10756,-0.26818,0
2.33234,1.72663,0
5.01613,-0.29773,0
5.16264,-0.37256,0
2.07857,1.72311,0
4.02316,-1.84057,0
2.31261,1.40498,0
2.07894,1.83681,0
5.1853,-0.1897,0
3.96124,-2.11285,0
2.1562,1.88712,0
1.85313,1.76376,0
3.18452,-1.50085,0
1.96965,1.60033,0
2.43765,1.7553,0
2.41091,1.75361,0
3.84881,-2.08211,0
3.94351,-2.06544,0
5.0022,-0.35899,0
2.02932,1.77078,0
3.1138,-1.49341,0
2.20006,1.35718,0
3.81018,-1.68106,0
2.49424,1.80615,0
2.33362,1.70991,0
2.47177,1.60224,0
3.60618,-1.97522,0
3.61834,-1.60757,0
3.55321,-1.82826,0
1.89434,1.67984,0
2.65179,1.58157,0
5.03954,-0.39483,0
3.17806,-1.62466,0
3.77571,-1.82114,0
3.92666,-1.66101,0
3.50845,-1.86419,0
2.0535,1.92288,0
2.62752,1.56274,0
1.98547,1.81059,0
3.41437,-1.84829,0
2.56381,1.5037,0
2.9532,-1.54999,0
3.44036,-1.70173,0
3.30777,-1.58703,0
2.25253,1.8639,0
3.92278,-1.92863,0
2.37103,1.32801,0
5.12546,-0.0457,0
3.32157,-1.59491,0
3.25149,-1.54436,0
2.99872,-1.48873,0
3.18632,-1.66913,0
2.35711,1.74159,0
3.33865,-1.61061,0
1.85535,1.5969,0
4.06839,-1.88581,0
2.16171,1.87052,0
3.89322,-2.22981,0
5.12953,-0.21782,0
5.17834,-0.4267,0
2.16051,1.47138,0
3.14225,-1.66363,0
3.74014,-1.79684,0
2.25844,1.34499,0
3.8753,-1.87361,0
2.30351,1.86256,0
3.22803,-1.71181,0
5.05006,-0.34783,0
2.64175,1.65698,0
5.05677,-0.07524,0
3.41119,-1.80904,0
3.013,-1.42935,0
1.90969,1.55777,0
2.42127,1.48457,0
3.58507,-2.01284,0
2.12867,1.40378,0
3.03405,-1.44304,0
3.77853,-2.08013,0
3.59727,-1.73299,0
1.99769,1.50813,0
4.1086,-1.87304,0
2.50973,1.47129,0
2.35998,1.58037,0
3.68206,-2.02203,0
2.34378,1.56914,0
3.74879,-1.82231,0
3.55356,-1.59632,0
1.95036,1.56739,0
3.14106,-1.54605,0
3.92714,-1.68124,0
2.21725,1.45206,0
2.38913,1.4257,0
2.05634,1.66123,0
2.29535,1.82925,0
1.86804,1.50493,0
3.74276,-1.70535,0
5.09656,-0.55659,0
2.06875,1.5851,0
2.40944,1.796,0
3.64393,-1.79409,0
2.08889,1.68794,0
1.79575,1.70003,0
5.31435,-0.20797,0
1.88521,1.72848,0
2.5234,1.4572,0
5.17447,-0.1903,0
3.68852,-1.96746,0
3.7054,-1.90768,0
3.48804,-1.59547,0
3.14773,-1.56401,0
4.03861,-1.7402,0
4.07271,-1.70845,0
1.86566,1.79045,0
2.07868,1.46529,0
2.06341,2.04128,0
2.17819,1.68142,0
5.01954,-0.06436,0
3.4611,-1.7084,0
3.91831,-1.68371,0
2.23404,1.87496,0
3.56902,-1.62751,0
5.18999,-0.25493,0
5.08846,-0.53379,0
3.65693,-1.69816,0
5.03188,-0.38234,0
3.47834,-1.7203,0
2.04495,1.42139,0
2.43772,1.67675,0
3.62295,-1.82301,0
5.03861,-0.43333,0
2.20341,1.77109,0
2.49082,1.42961,0
5.24524,-0.21563,0
3.82275,-1.94158,0
2.33352,1.51705,0
2.38505,1.77723,0
5.23901,-0.24916,0
2.33562,1.65415,0
3.82223,-1.98029,0
3.04549,-1.48456,0
2.66997,1.64895,0
1.95237,1.81359,0
3.16778,-1.71767,0
1.94564,1.59881,0
2.46033,1.78756,0
3.07625,-1.56135,0
1.98952,1.47196,0
1.86252,1.65959,0
2.18635,1.51812,0
3.32386,-1.62405,0
1.97154,1.49132,0
1.77563,1.51416,0
4.02689,-1.82712,0
5.08263,-0.29148,0
2.53911,1.66006,0
1.95328,1.6759,0
3.99025,-1.88692,0
3.10457,-1.64183,0
2.48963,1.67494,0
3.19375,-1.63341,0
2.57032,1.50434,0
1.90864,1.54418,0
2.47018,1.5279,0
3.39344,-1.7305,0
2.0932,2.08506,0
5.0328,-0.58132,0
3.86593,-2.02912,0
2.65849,1.68962,0
2.75611,1.61328,0
3.54938,-1.84735,0
2.15159,1.72611,0
3.88744,-2.02381,0
4.0554,-1.78825,0
2.23189,1.89308,0
1.73915,1.51863,0
2.70935,1.63712,0
3.67026,-1.90228,0
2.34372,1.89076,0
3.80443,-2.13781,0
3.77873,-1.71043,0
3.90038,-1.66318,0
5.20118,-0.37421,0
4.08568,-1.83654,0
2.19894,1.81558,0
1.98336,1.91614,0
2.97809,-1.56085,0
2.13066,1.95612,0
5.01012,-0.26861,0
2.21729,1.42744,0
3.15855,-1.6678,0
5.10202,-0.1266,0
5.09892,-0.50124,0
5.06739,-0.21839,0
3.80626,-2.14212,0
2.44365,1.58629,0
5.02171,-0.00962,0
2.15796,2.03062,0
3.94854,-1.79395,0
1.85609,1.7208,0
2.14748,1.66575,0
5.32428,-0.3429,0
5.24915,-0.39471,0
5.30409,-0.37429,0
2.44824,1.88124,0
2.78085,1.65278,0
2.26004,2.0759,0
2.69505,1.77574,0
2.40428,1.95926,0
3.61964,-2.07231,0
2.33966,2.00043,0
2.34353,1.98998,0
3.2393,-1.81486,0
2.76974,1.71648,0
5.07879,-0.65049,0
2.97463,-1.58716,0
3.26421,-1.81292,0
2.39893,1.9647,0
3.72626,-2.1686,0
2.75113,1.73212,0
5.30434,-0.37067,0
3.20839,-1.77747,0
3.32998,-1.85238,0
3.75172,-2.18573,0
3.42969,-1.94935,0
3.32196,-1.84126,0
2.34819,2.02758,0
2.50379,1.86875,0
5.22074,-0.47134,0
3.29485,-1.85875,0
2.67963,1.78426,0
5.29984,-0.33245,0
2.77599,1.66094,0
3.41259,-1.89456,0
2.17377,2.06804,0
2.98202,-1.59652,0
3.4902,-1.99046,0
3.5873,-2.03615,0
5.32408,-0.29783,0
5.22584,-0.46367,0
3.79701,-2.23491,0
3.48927,-1.95878,0
3.26276,-1.80846,0
2.34082,2.00748,0
2.70236,1.73031,0
3.29032,-1.84459,0
5.23498,-0.44536,0
3.40178,-1.88877,0
3.77676,-2.20216,0
5.07264,-0.62359,0
2.64739,1.74106,0
3.2482,-1.78717,0
2.23708,2.03214,0
2.5294,1.88313,0
2.73151,1.72237,0
3.61501,-2.09052,0
2.58036,1.79317,0
2.60852,1.82625,0
2.54695,1.8702,0
5.29019,-0.32441,0
3.61635,-2.08384,0
3.08254,-1.6758,0
2.30726,2.02803,0
2.52709,1.89768,0
2.18472,2.04886,0
3.62921,-2.09408,0
2.25265,2.04868,0
2.90303,-1.53858,0
2.51533,1.81136,0
2.31456,1.99894,0
5.16072,-0.52283,0
2.3624,1.92029,0
2.24439,2.06731,0
2.29038,2.04374,0
2.44072,1.96028,0
2.61406,1.804,0
3.03454,-1.64948,0
3.53048,-1.9794,0
3.78438,-2.18254,0
3.73821,-2.20634,0
5.10879,-0.59423,0
2.67952,1.71659,0
3.45084,-1.95099,0
3.15401,-1.74273,0
3.56399,-2.03202,0
2.32696,2.0097,0
3.64095,-2.06198,0
5.27605,-0.32119,0
5.21686,-0.39993,0
5.24556,-0.37863,0
5.27603,-0.40394,0
5.091,-0.6438,0
5.1854,-0.46222,0
2.9523,-1.57924,0
2.81676,1.65856,0
3.73553,-2.17268,0
2.65916,1.76483,0
2.23868,2.01821,0
2.38889,1.9695,0
2.72602,1.75119,0
5.21701,-0.42936,0
5.32055,-0.27824,0
2.40815,2.01528,0
3.77314,-2.16323,0
2.76295,1.7324,0
2.29102,2.01153,0
2.60019,1.77961,0
3.40119,-1.9201,0
2.5174,1.87363,0
2.5151,1.86262,0
2.74134,1.72444,0
3.79828,-2.17745,0
2.76156,1.7869,0
2.39174,2.1934,0
3.53986,-2.0997,0
2.396,2.09706,0
2.72301,1.92878,0
3.42052,-2.02973,0
3.31884,-1.93873,0
2.65446,1.88541,0
2.46798,1.99587,0
2.85121,1.71737,0
2.54099,1.97716,0
2.40308,2.07027,0
2.4511,2.04697,0
5.11671,-0.63869,0
3.41746,-2.04548,0
5.25589,-0.49793,0
2.99688,-1.66264,0
2.63153,1.9276,0
5.1846,-0.57924,0
2.44215,2.03277,0
3.42696,-2.07936,0
5.2563,-0.45047,0
2.90112,1.75929,0
5.13409,-0.70865,0
3.52762,-2.10039,0
5.13482,-0.66947,0
2.48788,2.05619,0
2.64886,1.92695,0
2.50664,1.93903,0
2.46375,2.06338,0
2.83711,1.71659,0
2.43614,2.14181,0
2.5045,2.08167,0
2.76374,1.74658,0
5.0653,-0.72103,0
3.27382,-1.91976,0
2.75306,1.77592,0
2.66143,1.92463,0
3.31976,-1.92843,0
2.75001,1.87459,0
2.78671,1.86263,0
2.83176,1.68953,0
3.7138,-2.21995,0
2.60987,2.02292,0
2.80449,1.82848,0
2.5928,1.89295,0
3.49535,-2.02765,0
3.70879,-2.25747,0
2.82463,1.78125,0
2.63284,2.00339,0
3.48695,-2.03187,0
3.01496,-1.69575,0
2.69393,1.84342,0
2.53284,2.09378,0
3.16849,-1.81984,0
2.49866,2.0939,0
3.71705,-2.22429,0
5.05358,-0.71606,0
3.57355,-2.14979,0
5.16733,-0.64419,0
5.18182,-0.60218,0
2.49571,2.01711,0
5.21017,-0.51802,0
2.84058,1.81384,0
5.21178,-0.5195,0
3.12099,-1.75776,0
2.64351,1.95959,0
2.81805,1.80025,0
2.51915,1.98233,0
2.74975,1.7857,0
3.49786,-2.12235,0
2.9866,-1.6627,0
5.10619,-0.64303,0
3.56884,-2.2167,0
2.51334,2.05652,0
3.36274,-1.98788,0
3.59899,-2.13933,0
2.63164,1.97675,0
3.42821,-1.96795,0
3.57772,-2.10586,0
5.30785,-0.52205,0
2.71974,1.8994,0
3.62393,-2.25678,0
5.29403,-0.47014,0
3.27435,-1.84572,0
3.22023,-1.8015,0
2.56153,1.94178,0
2.98215,-1.61724,0
2.63518,1.97675,0
5.34655,-0.47934,0
2.67614,1.8909,0
2.43194,2.02709,0
3.06172,-1.74263,0
3.37372,-1.96592,0
2.88037,1.72411,0
5.21601,-0.59169,0
2.69366,1.85562,0
2.50971,2.11342,0
3.38387,-2.03264,0
3.5846,-2.12766,0
3.4335,-1.99893,0
3.71964,-2.26111,0
3.21583,-1.83193,0
2.6123,1.97124,0
3.55481,-2.07833,0
2.48307,2.02079,0
2.72888,1.81213,0
5.13226,-0.70632,0
3.72944,-2.22604,0
2.76536,1.77998,0
2.87989,-1.56503,0
3.34303,-2.00329,0
5.16686,-0.64782,0
2.6765,-1.80217,0
3.10049,1.87362,0
2.59655,-1.79449,0
3.00414,-1.94476,0
3.01154,-2.09725,0
3.08293,-1.95522,0
3.15542,2.13973,0
3.32073,-2.14304,0
2.99901,-2.26245,0
3.01432,-2.23291,0
3.08959,1.95639,0
2.68753,-1.96879,0
3.08978,2.0256,0
2.91612,2.03641,0
3.24139,-2.13331,0
2.87962,-1.92311,0
3.20987,2.00696,0
3.04104,-1.76971,0
3.07569,2.06256,0
2.77589,-1.62548,0
2.73475,-1.65528,0
2.94479,1.84573,0
2.9206,-1.82661,0
2.99647,1.99559,0
2.88041,-2.21864,0
2.84995,1.97913,0
2.97297,1.78845,0
2.90413,-1.75955,0
2.92715,-2.30915,0
2.89549,-1.73245,0
3.28708,2.07196,0
2.95314,1.80345,0
2.99927,-1.80255,0
2.6775,-1.8397,0
4.92751,-1.31093,0
3.0098,-1.8364,0
2.87879,-1.88711,0
2.96057,1.76379,0
2.75153,1.93215,0
3.07129,2.15465,0
3.11307,-2.00652,0
2.95502,-2.03774,0
3.16251,2.06706,0
3.29613,-2.08073,0
2.99755,-2.11675,0
3.28582,2.1388,0
2.99119,-1.84387,0
3.26198,2.23961,0
2.77211,-1.7491,0
2.91906,-1.72978,0
3.3595,-2.08113,0
2.91467,2.01569,0
3.38245,-2.059,0
4.98517,-1.2605,0
3.20138,2.02897,0
2.81137,-1.764,0
2.98766,1.91171,0
2.80077,-2.04537,0
2.6997,-2.03724,0
3.01219,-2.2421,0
3.01907,-2.1405,0
3.23708,2.16191,0
3.12079,-2.06206,0
2.91113,-1.97383,0
2.75871,-2.12762,0
3.25349,2.17881,0
2.67624,-1.98954,0
2.9538,1.88737,0
4.94925,-1.1135,0
3.3526,-2.12603,0
2.81366,-2.11093,0
2.76524,-2.0885,0
3.05218,1.95251,0
3.08705,-1.89208,0
3.21737,-1.91214,0
2.86451,-2.29021,0
2.56714,-1.80745,0
3.00999,-2.09061,0
2.753,2.02698,0
3.00526,1.83528,0
2.83457,1.96139,0
3.04383,-1.77166,0
2.93997,1.77962,0
3.02559,2.06447,0
3.19702,2.03972,0
2.7594,-1.60543,0
2.94442,2.01882,0
2.91826,1.82323,0
3.06749,2.03148,0
4.50969,-1.55079,0
2.94325,-2.00931,0
2.96895,-2.05976,0
2.85814,-2.16405,0
2.5449,-1.81194,0
3.25601,-2.13383,0
2.85866,-2.27045,0
2.9278,1.99144,0
2.80862,-1.97536,0
2.78567,-1.74752,0
2.92948,-1.87523,0
2.95717,2.08531,0
2.67893,-1.6741,0
2.7093,1.99157,0
2.8642,-1.74198,0
2.93129,-1.80037,0
2.69845,-1.68798,0
2.90622,-1.67572,0
3.02554,-1.87148,0
2.65655,-1.89868,0
2.92428,-1.91999,0
3.27519,-1.97275,0
2.89602,2.06582,0
2.98271,1.86878,0
2.78513,-2.14666,0
2.76208,-2.14096,0
4.97965,-1.11835,0
2.70576,-1.95749,0
2.93894,-1.92007,0
2.93946,-1.99259,0
2.8872,1.92146,0
3.18432,-2.0242,0
3.21186,-2.09716,0
2.98065,-2.30159,0
3.30859,-2.0896,0
2.9926,-2.03561,0
4.72649,-1.45512,0
4.54116,-1.51867,0
2.72609,1.94767,0
3.28987,2.1243,0
2.95548,2.08034,0
2.86589,-2.10706,0
2.85714,-2.17636,0
2.67631,-1.97686,0
3.20239,2.0847,0
2.84899,-2.34186,0
2.91421,-2.22229,0
2.89852,-2.26334,0
3.21707,-1.95479,0
3.33757,-2.12573,0
3.06366,-2.16245,0
3.25829,-1.98264,0
2.67277,-1.81746,0
2.68188,1.97557,0
2.9315,-1.92136,0
4.47291,-1.58116,0
2.89412,-1.63188,0
2.97402,1.92447,0
2.73247,-1.79385,0
2.81202,-1.64757,0
2.95532,2.06914,0
3.17782,2.23334,0
3.13629,1.94196,0
3.20604,2.07104,0
2.86373,-2.2192,0
3.00956,-1.87736,0
3.03398,2.01841,0
2.86143,-1.59861,0
3.26708,-2.05789,0
2.97169,-1.92775,0
2.88741,1.92193,0
3.1606,-1.8799,0
2.783,-1.96565,0
2.70662,-2.14651,0
2.96542,-1.91986,0
3.32966,2.24744,0
3.00205,-2.0815,0
3.22374,2.02724,0
2.75098,-1.98306,0
3.18639,2.04007,0
3.2228,2.23014,0
2.93384,-1.97517,0
2.8385,-2.25263,0
3.02016,1.89108,0
3.16941,-2.13982,0
3.06424,-2.13142,0
3.19128,-2.19161,0
2.99463,-2.26907,0
2.92925,-1.68215,0
2.97488,-2.04814,0
2.75341,-1.93303,0
3.15287,-1.95782,0
2.59951,-1.86722,0
2.97852,-2.30179,0
2.93817,2.00113,0
3.31406,2.13999,0
3.34361,2.14106,0
2.94889,-2.11889,0
2.81771,-1.70051,0
2.87366,1.92287,0
2.63666,-1.77489,0
3.19903,-2.1699,0
4.98422,-1.22997,0
2.94964,-1.66522,0
2.76217,-1.77845,0
3.20854,2.03561,0
3.176,-2.00103,0
2.94122,1.83671,0
3.20188,2.20693,0
2.86881,-1.91989,0
2.78172,-2.06732,0
4.95669,-1.1181,0
2.58098,-1.74697,0
2.81811,-2.31071,0
3.01555,2.11763,0
2.85019,1.81856,0
2.82219,-1.79084,0
3.07193,-2.02913,0
3.00356,2.00988,0
3.00871,-1.90616,0
2.9424,-2.16881,0
2.92283,1.88364,0
2.72222,-2.00388,0
3.0359,1.89542,0
2.79805,-1.84192,0
2.70767,-1.88924,0
2.64645,-1.89348,0
3.24558,2.12431,0
2.66856,-1.82918,0
2.9659,-2.07017,0
3.08861,-1.89712,0
4.97949,-1.14637,0
2.89696,-1.73992,0
3.07617,-2.2491,0
3.09713,2.15984,0
2.84394,-2.22951,0
2.8799,-2.22883,0
3.1464,1.9921,0
2.71343,-1.68618,0
2.97767,-1.70707,0
3.28539,2.14335,0
2.78299,-1.84795,0
2.84905,-2.26778,0
2.77029,-1.82422,0
3.36694,2.17263,0
2.80161,-2.05638,0
2.82477,-1.73064,0
2.8025,-2.17382,0
3.00344,1.99529,0
3.22445,-2.06223,0
2.98775,-2.22064,0
4.9953,-1.25291,0
2.98701,-2.25888,0
2.91297,-2.07451,0
2.84667,-1.58983,0
2.86956,-1.97143,0
2.95484,-2.11139,0
3.05816,2.08623,0
3.01487,2.00045,0
3.10593,-2.02566,0
3.20036,2.2049,0
4.94176,-1.33278,0
3.28154,-2.09467,0
2.93346,-2.06766,0
3.05745,-1.81841,0
2.92336,-1.68726,0
3.27761,2.13837,0
2.90049,-1.92594,0
3.19783,-1.91502,0
3.02407,-2.14107,0
2.76558,1.96376,0
2.8011,-1.95694,0
2.98001,-2.10412,0
3.10906,-2.21754,0
2.7842,2.01285,0
2.97459,1.80263,0
2.62258,-1.93465,0
3.24012,2.10648,0
2.99101,-1.76307,0
3.09936,-2.17459,0
4.95269,-1.1478,0
3.36036,-2.02977,0
3.01026,-2.05244,0
3.19133,-2.05928,0
2.84157,1.97568,0
2.80456,2.01533,0
3.2947,2.07449,0
2.73319,-2.08826,0
3.145,-2.22475,0
2.84924,-1.59525,0
2.94678,1.79158,0
2.91158,-1.68627,0
2.92174,-2.28464,0
2.90798,-1.83134,0
2.78665,-1.72174,0
3.14597,-1.84389,0
3.29847,2.18688,0
3.13828,2.17272,0
3.09985,-1.92714,0
3.17067,-1.91134,0
3.12202,-1.89964,0
2.95482,2.00749,0
5.03716,-1.28514,0
3.02229,1.82941,0
3.10347,2.00241,0
2.72157,-1.68496,0
2.91221,-1.78151,0
3.01982,-1.88766,0
3.28079,-2.13152,0
2.76453,-1.6906,0
2.88895,-1.73402,0
2.99865,1.83247,0
2.74346,-2.20882,0
2.97474,-2.13223,0
3.26646,2.02184,0
4.68688,-1.44282,0
2.5581,-1.8397,0
3.0693,-2.20016,0
4.74185,-1.45124,0
3.19074,1.96298,0
3.01609,-1.87726,0
4.96514,-1.16715,0
2.86692,1.9525,0
3.04368,-2.17841,0
3.21813,1.96961,0
3.11741,-1.82087,0
2.78616,1.88821,0
2.80128,-2.29736,0
2.93902,1.91445,0
2.92533,-1.74255,0
2.87468,-2.3368,0
3.21953,2.1965,0
3.10526,-2.05866,0
3.11422,2.05624,0
2.80938,-2.21485,0
2.85385,-1.58259,0
2.97067,-1.86896,0
2.71162,-1.75502,0
3.12321,1.8928,0
3.03985,-2.00094,0
3.06051,1.93235,0
4.95945,-1.0768,0
2.66169,-2.05134,0
2.77635,-1.84734,0
2.7999,-2.05852,0
3.01098,-2.19936,0
2.60396,-1.80524,0
3.1145,-2.22855,0
3.11186,-2.12303,0
3.27637,2.05994,0
2.77909,-1.65984,0
3.11039,-2.22522,0
2.75206,-1.92968,0
3.03105,2.16253,0
4.94978,-1.25564,0
2.72024,1.93576,0
2.64176,-1.71658,0
2.75645,1.90087,0
3.1147,2.11625,0
3.01479,-2.14188,0
3.08042,-2.10072,0
2.86897,-1.70611,0
3.29538,-2.1437,0
3.04459,-2.06503,0
2.91761,-2.26205,0
3.04098,2.08167,0
2.80707,-2.02022,0
2.97033,1.92424,0
2.98632,-2.23681,0
3.22886,-1.98056,0
2.97949,1.82729,0
4.99932,-1.26889,0
2.94741,-2.26415,0
2.92766,1.89516,0
3.06717,-1.98747,0
2.97436,-1.96471,0
4.5556,-1.63568,0
1.55258,1.56317,0
2.58142,-1.98995,0
2.44867,-2.21829,0
3.76652,1.99138,0
4.71891,-1.54816,0
4.51026,-1.67959,0
4.77442,-1.44902,0
2.5402,-1.81265,0
2.55444,-1.85729,0
2.45857,-2.27997,0
2.66678,-2.24952,0
3.81192,1.89499,0
2.66476,-2.07407,0
4.51725,-1.63479,0
4.68613,-1.56838,0
2.67214,-2.12593,0
3.72899,2.08441,0
2.50676,-2.21297,0
4.75064,-1.53772,0
4.49173,-1.70506,0
2.41081,-2.06368,0
3.70734,2.17399,0
3.72285,1.96952,0
4.61359,-1.62608,0
2.6829,-2.10164,0
4.54043,-1.64657,0
1.55532,1.5538,0
1.56015,1.5296,0
4.58076,-1.68458,0
4.67398,-1.48735,0
2.35823,-1.96737,0
4.4997,-1.65978,0
2.51625,-2.26005,0
4.58549,-1.65244,0
2.45499,-2.14486,0
2.50691,-2.16204,0
4.77749,-1.59471,0
2.57139,-1.95767,0
2.46221,-1.95407,0
3.73127,2.01166,0
4.59565,-1.56691,0
2.63525,-2.18537,0
3.58081,2.10494,0
1.53602,1.58193,0
1.47354,1.54226,0
1.5542,1.53497,0
4.71004,-1.64648,0
3.71981,1.99698,0
2.71399,-2.16441,0
2.49577,-2.22638,0
2.50053,-1.9404,0
2.39758,-2.00199,0
4.75218,-1.61545,0
3.71505,2.00551,0
4.80443,-1.46017,0
4.61659,-1.52437,0
2.6024,-2.01673,0
4.70043,-1.51689,0
3.68844,2.17559,0
1.47517,1.55958,0
4.6427,-1.60768,0
3.74222,2.05928,0
2.54434,-1.93464,0
2.46137,-1.90709,0
2.41778,-1.91894,0
4.69841,-1.55272,0
2.42473,-2.15955,0
2.50546,-1.98467,0
3.7577,2.00146,0
3.58912,2.1454,0
3.75127,2.13395,0
3.73913,2.06965,0
2.59747,-2.19772,0
2.59557,-2.16568,0
4.76578,-1.63183,0
4.56701,-1.65767,0
2.40393,-1.96603,0
4.49193,-1.58529,0
4.68358,-1.57961,0
2.55773,-2.11115,0
2.58063,-2.17729,0
4.72413,-1.51142,0
2.70829,-2.20736,0
2.43723,-1.92754,0
1.58152,1.58424,0
2.55652,-1.88621,0
4.50728,-1.64325,0
3.76197,2.07503,0
3.68708,2.15652,0
2.52083,-2.0103,0
1.64262,1.52286,0
3.60705,2.18113,0
2.62185,-2.06692,0
3.78471,2.02686,0
1.68746,1.57998,0
4.61033,-1.67988,0
2.68601,-2.15258,0
4.76678,-1.51743,0
3.6345,2.16324,0
1.73832,1.63194,0
3.56874,2.15427,0
3.75335,2.10491,0
2.61664,-2.0234,0
2.6498,-2.15316,0
2.70236,-2.17356,0
4.79597,-1.44975,0
2.60041,-2.17952,0
4.78495,-1.46963,0
1.52713,1.54098,0
2.49021,-2.08143,0
4.68415,-1.5801,0
4.57425,-1.56717,0
4.53659,-1.64296,0
4.4084,-1.7313,0
2.60508,-2.17474,0
3.6471,2.10127,0
1.60987,1.54569,0
4.55957,-1.65524,0
2.50107,-1.92968,0
2.54978,-1.8355,0
2.59861,-1.93357,0
3.59693,2.13816,0
2.51682,-1.97667,0
4.50588,-1.66097,0
3.75103,1.9902,0
2.59392,-2.03328,0
2.50664,-2.19432,0
3.75303,2.10846,0
4.54432,-1.60544,0
4.24428,-1.7638,0
4.57931,-1.56398,0
3.70436,2.17921,0
4.22616,-1.7866,0
4.5768,-1.6255,0
2.46652,-2.06263,0
2.42275,-1.93099,0
4.60179,-1.53738,0
1.57354,1.51408,0
2.6157,-2.21967,0
4.60593,-1.5743,0
3.71543,1.99017,0
3.53062,2.16504,0
2.71977,-2.22772,0
2.66685,-2.07187,0
2.43928,-1.88684,0
4.66103,-1.51768,0
2.45781,-2.21335,0
4.69733,-1.63794,0
2.37781,-1.96378,0
1.74402,1.77783,0
4.42616,-1.82033,0
2.35955,-2.03332,0
4.05319,1.97794,0
4.21406,-1.89977,0
2.28307,-2.01931,0
4.56414,-1.73523,0
4.30318,-1.88344,0
2.2307,-2.03201,0
1.77317,1.67327,0
4.54581,-1.82302,0
1.81453,1.73435,0
3.95603,2.03239,0
2.36808,-2.04915,0
4.24209,-1.89016,0
4.18058,-1.89376,0
4.05162,2.05446,0
2.26884,-2.14163,0
2.25797,-2.0962,0
2.29867,-1.98302,0
3.85425,1.9135,0
3.92997,1.96357,0
4.2844,-1.85834,0
4.48686,-1.74712,0
4.08184,1.83929,0
4.24581,-1.82118,0
3.97535,2.00869,0
4.462,-1.84451,0
4.38075,-1.85049,0
2.34702,-2.16203,0
1.77474,1.74098,0
2.33864,-2.08928,0
1.61523,1.7606,0
4.39392,-1.81892,0
3.98205,1.90979,0
4.03418,1.89589,0
1.60891,1.64316,0
1.7337,1.72702,0
1.72733,1.68108,0
3.95182,1.97888,0
4.3636,-1.78787,0
3.98827,2.10311,0
4.0874,1.79473,0
4.00155,1.86787,0
4.02793,2.1097,0
4.03941,1.81099,0
4.59432,-1.70607,0
1.73511,1.74905,0
2.21483,-2.10221,0
1.72858,1.66867,0
1.7348,1.74618,0
4.3446,-1.79102,0
4.53671,-1.72408,0
1.64544,1.67879,0
2.33477,-2.05044,0
4.27429,-1.78898,0
2.30982,-2.03067,0
1.70834,1.72318,0
4.4281,-1.83576,0
2.34504,-1.99423,0
4.35883,-1.82534,0
4.33933,-1.77908,0
2.32282,-2.06642,0
2.1781,-2.18418,0
1.79723,1.72566,0
1.65504,1.7199,0
4.07371,1.92967,0
1.69104,1.63516,0
4.5912,-1.83647,0
4.50546,-1.84,0
3.86224,1.98535,0
2.31386,-1.96425,0
4.24128,-1.80139,0
1.72347,1.69571,0
3.97495,1.9831,0
1.67725,1.67556,0
2.22455,-2.11746,0
4.55871,-1.74943,0
4.19523,-1.87361,0
1.77871,1.77303,0
4.06665,2.07632,0
2.33557,-2.11355,0
3.9541,1.98246,0
2.16716,-2.11591,0
3.88485,2.05285,0
4.07864,1.88499,0
4.50265,-1.73598,0
4.59723,-1.75207,0
4.0574,2.0834,0
2.24342,-2.03207,0
4.50858,-1.71621,0
4.34271,-1.84638,0
1.62089,1.67249,0
4.3638,-1.8604,0
2.18743,-2.12017,0
4.57938,-1.8378,0
4.03423,1.82357,0
4.25526,-1.7933,0
2.183,-2.13856,0
4.044,2.03451,0
3.82944,2.08262,0
2.33101,-2.15243,0
2.19794,-2.15241,0
4.07352,1.88492,0
4.44249,-1.74817,0
3.9665,1.87464,0
1.71096,1.76007,0
4.16537,-1.90396,0
4.4548,-1.73714,0
3.85735,2.02347,0
2.30012,-2.16891,0
3.98265,1.85381,0
4.03676,1.85468,0
2.31322,-2.08857,0
4.42364,-1.81988,0
4.55986,-1.78836,0
3.89739,2.02959,0
4.06631,1.86994,0
4.38939,-1.81105,0
2.24574,-2.15937,0
4.30653,-1.8156,0
3.99562,1.87145,0
1.63809,1.68663,0
3.89767,1.98118,0
2.25972,-2.04126,0
4.51056,-1.73835,0
4.15271,-1.9531,0
4.22445,1.82034,0
4.2877,-1.9175,0
4.20481,1.74962,0
4.20553,1.72488,0
4.14092,1.98072,0
4.37976,-1.96361,0
4.2444,1.8982,0
4.12127,1.76575,0
4.28089,1.70908,0
4.22196,1.75918,0
1.88245,1.83772,0
4.19205,1.99241,0
1.8522,1.81844,0
4.17216,1.94671,0
1.93095,1.92733,0
4.16339,2.02803,0
4.18941,1.83668,0
4.43063,-1.95169,0
4.24496,1.64466,0
4.25895,1.89511,0
4.43545,-1.91885,0
1.88287,1.92539,0
4.22638,1.94717,0
4.24047,1.63733,0
4.11296,1.85417,0
4.20217,1.97581,0
4.18801,1.81757,0
4.21184,1.92321,0
4.26347,1.72435,0
4.26109,1.97133,0
4.11997,2.01409,0
4.23082,1.94205,0
1.85433,1.91524,0
4.2485,1.97884,0
4.21899,-1.92513,0
4.25025,1.89806,0
4.17628,1.82409,0
4.17364,1.85705,0
4.2506,1.61394,0
1.81646,1.83336,0
4.19757,1.70783,0
4.11115,1.79785,0
4.26373,-1.9618,0
4.18016,1.77249,0
1.85298,1.89069,0
1.83221,1.91239,0
4.2268,1.71357,0
4.17762,2.01572,0
4.28358,1.68171,0
4.37199,-1.93345,0
4.18606,1.88989,0
4.18431,1.9319,0
4.16096,1.92686,0
4.18996,1.7336,0
4.22127,1.83444,0
4.19576,1.94432,0
4.33597,-1.91451,0
4.229,1.80021,0
4.13676,-1.94459,0
4.12239,1.80285,0
4.24206,1.90001,0
4.19095,1.72776,0
4.39824,-1.88884,0
4.17993,1.99189,0
4.1035,-1.96249,0
2.81869,2.10979,0
3.22291,-2.21514,0
4.9831,1.26313,0
3.31016,-2.24521,0
3.22611,-2.19459,0
3.36817,-2.34581,0
4.73851,1.41993,0
4.94137,1.12709,0
4.8456,1.32115,0
4.96574,1.20087,0
4.87248,1.19642,0
2.93329,2.26327,0
2.87023,2.23431,0
3.41458,-2.17743,0
3.41335,-2.20544,0
3.00028,2.22734,0
4.98619,1.20179,0
4.40782,1.51473,0
3.37089,-2.29085,0
2.90203,2.279,0
2.7981,2.05243,0
4.94367,1.28112,0
3.40903,-2.20191,0
2.85835,2.23284,0
4.52251,1.51578,0
4.47969,1.53899,0
2.91669,2.14113,0
3.39742,-2.27874,0
4.35798,1.60485,0
4.81609,1.34118,0
2.92221,2.24304,0
4.89141,1.18106,0
4.83161,1.33807,0
2.89057,2.20558,0
5.05124,1.18071,0
4.84991,1.29286,0
3.28427,-2.17126,0
4.80917,1.34297,0
2.78284,2.14102,0
5.07599,1.24033,0
2.88563,2.10321,0
3.19317,-2.20996,0
4.39328,1.53865,0
4.81301,1.29712,0
4.41296,1.5798,0
4.82383,1.32794,0
3.15178,-2.23744,0
3.4054,-2.23123,0
2.85545,2.08266,0
3.32928,-2.30439,0
3.46231,-2.12925,0
3.46671,-2.15331,0
4.99336,1.24519,0
2.90488,2.25725,0
4.81667,1.26601,0
2.86647,2.1565,0
2.88886,2.19675,0
2.75679,2.05288,0
3.37877,-2.35292,0
2.92521,2.23646,0
4.82827,1.18325,0
3.36495,-2.1698,0
4.83172,1.35181,0
3.21329,-2.27342,0
2.82569,2.07743,0
2.74472,2.09064,0
2.91918,2.14125,0
4.53382,1.52133,0
2.96118,2.19651,0
4.92154,1.28248,0
4.91215,1.32364,0
3.19482,-2.23637,0
4.71561,1.43202,0
4.94026,1.30616,0
2.76418,2.1425,0
2.85574,2.19548,0
3.39399,-2.26533,0
4.42401,1.54862,0
2.95237,2.20445,0
5.01214,1.1901,0
5.07759,1.22061,0
3.25716,-2.28004,0
2.86638,2.08906,0
2.9926,2.20935,0
4.91824,1.29254,0
2.83507,2.14971,0
4.99662,1.25704,0
2.89114,2.18254,0
4.40239,1.55648,0
3.05463,2.22462,0
2.89278,2.11555,0
4.47597,1.52384,0
2.80628,2.0794,0
3.32009,-2.17503,0
4.91521,1.20543,0
3.27962,-2.23501,0
2.9315,2.27047,0
3.00493,2.16987,0
4.91645,1.18177,0
2.84579,2.28859,0
4.96602,1.21696,0
3.2777,-2.27641,0
5.01143,1.12715,0
3.44348,-2.12633,0
2.77218,2.13677,0
4.92209,1.15931,0
2.89928,2.22268,0
2.78663,2.15517,0
2.99635,2.14832,0
4.4181,1.55217,0
3.35512,-2.1424,0
3.07404,2.22039,0
5.06447,1.19966,0
5.01563,1.20581,0
4.41292,1.52013,0
4.31519,1.57085,0
2.90911,2.17471,0
3.35057,-2.27294,0
4.38935,1.59865,0
3.48672,-2.21199,0
4.89018,1.36444,0
3.44952,-2.28633,0
3.46598,-2.1976,0
4.84532,1.39376,0
2.73475,2.09358,0
4.77255,1.42355,0
2.68584,2.00001,0
4.98953,1.32349,0
3.48434,-2.18725,0
2.78747,2.23133,0
3.45872,-2.25293,0
4.97174,1.33267,0
2.6756,2.01202,0
2.71233,2.09074,0
3.45222,-2.24251,0
3.47733,-2.2257,0
5.04899,1.30304,0
3.48584,-2.1562,0
3.50006,-2.16747,0
2.69066,2.01257,0
5.0809,0.9914,0
5.10784,0.74815,0
5.20592,0.78791,0
4.98898,0.49309,0
5.07084,0.81505,0
5.13286,0.73936,0
5.10883,0.68725,0
5.01788,1.01163,0
5.04528,0.84897,0
5.26231,0.854,0
5.02378,0.87821,0
2.98615,-2.31898,0
5.02706,0.6004,0
3.37484,2.25117,0
3.40113,2.16882,0
5.13453,0.85551,0
5.27629,0.89443,0
3.40727,2.13985,0
5.04952,0.57459,0
5.05394,0.69506,0
2.98032,-2.34181,0
5.14493,0.81865,0
4.99579,0.49097,0
5.03452,1.00129,0
5.21465,0.78918,0
5.05117,0.84874,0
5.10235,0.67953,0
5.04814,0.62886,0
3.45191,2.1842,0
5.25989,0.93533,0
3.37099,2.20756,0
3.01759,-2.30428,0
5.10124,0.6479,0
5.10908,0.98858,0
3.41518,2.22965,0
5.03995,0.82745,0
3.42245,2.21703,0
3.02883,-2.32388,0
5.01069,0.7418,0
5.07532,0.9467,0
5.11888,0.79482,0
5.04758,1.06175,0
5.08166,0.79672,0
5.22124,0.87153,0
3.45816,2.16756,0
5.01806,0.88214,0
5.08977,0.83034,0
5.00413,0.77332,0
5.02827,0.85435,0
3.46472,2.19272,0
3.43941,2.16853,0
5.26157,0.85368,0
3.01164,-2.34367,0
5.01402,0.85344,0
5.04947,0.55608,0
5.15641,0.96801,0
5.25589,0.92137,0
5.13152,0.97951,0
3.28174,2.30466,0
5.01709,0.50181,0
5.03419,0.96448,0
3.26335,2.28277,0
5.11917,0.84623,0
5.15793,0.81721,0
5.1494,0.95335,0
5.10945,0.84718,0
5.12774,0.7465,0
5.08486,0.79339,0
3.15987,2.22795,0
3.17485,2.24296,0
5.21934,0.97959,0
5.08084,0.53871,0
5.08668,0.49911,0
5.1363,0.46634,0
5.2046,0.66557,0
5.10972,0.44631,0
5.02737,0.32959,0
5.19313,0.59986,0
3.43885,2.27799,0
5.11245,0.59568,0
4.98597,0.30875,0
5.09437,0.5223,0
3.56722,2.1811,0
5.14959,0.60227,0
5.20261,0.70029,0
3.59494,2.18705,0
5.13674,0.61083,0
5.17601,0.59776,0
5.18059,0.72651,0
5.0975,0.50382,0
5.3398,0.73473,0
5.11677,0.45866,0
2.72795,-2.23393,0
5.09724,0.59841,0
5.09345,0.48902,0
5.23215,0.61838,0
5.09671,0.53811,0
5.28486,0.6493,0
5.27091,0.65455,0
2.71882,-2.24016,0
5.21596,0.57393,0
5.34257,0.72083,0
5.15909,0.65927,0
4.98394,0.30702,0
3.55603,2.18714,0
5.10063,0.43771,0
5.20971,0.70587,0
5.18637,0.53945,0
3.48749,2.27969,0
5.27229,0.68089,0
5.18047,0.70805,0
4.9962,0.34745,0
5.3605,0.74463,0
3.39657,2.27139,0
3.42761,2.27802,0
5.25821,0.78034,0
3.49368,2.28039,0
5.10834,0.48154,0
4.99179,0.32844,0
5.01683,0.28976,0
5.16741,0.4617,0
5.11924,0.34195,0
5.06211,0.32945,0
5.14625,0.3711,0
5.20263,0.49986,0
3.62997,2.21527,0
5.28706,0.56579,0
3.57625,2.24101,0
3.57131,2.244,0
5.27171,0.57982,0
5.16891,0.40818,0
5.22218,0.5124,0
5.08005,0.34777,0
3.58663,2.26727,0
5.12685,0.34446,0
5.33988,0.58843,0
5.34629,0.70962,0
5.25224,0.55582,0
5.30912,0.65696,0
5.18317,0.415,0
5.27127,0.51897,0
5.19629,0.52241,0
5.32349,0.67985,0
2.71932,-2.25633,0
5.18974,0.41675,0
5.41933,0.4546,0
3.79325,2.17373,0
5.39492,0.49544,0
5.08257,0.24916,0
5.1504,0.35903,0
5.00806,0.09144,0
3.86521,2.09003,0
5.02907,0.07466,0
5.33086,0.36648,0
5.18192,0.38622,0
5.2139,0.2898,0
5.0384,0.07987,0
3.82992,2.15666,0
5.34908,0.40849,0
4.32527,1.6594,0
5.20413,0.34839,0
3.71224,2.22535,0
5.08088,0.12029,0
4.32568,1.64572,0
5.34439,0.45921,0
5.29676,0.43144,0
5.33012,0.51834,0
5.11472,0.22264,0
5.36421,0.46266,0
5.05115,0.15702,0
5.20672,0.34047,0
5.0767,0.14549,0
5.35423,0.57698,0
5.06612,0.15483,0
5.22029,0.37763,0
5.1448,0.1848,0
2.60887,-2.28358,0
5.27922,0.50442,0
5.04984,0.08701,0
5.11384,0.17319,0
5.19983,0.39979,0
2.61635,-2.27468,0
5.15626,0.28401,0
5.28177,0.34129,0
5.25604,0.33943,0
5.12094,0.17114,0
5.14412,0.31771,0
5.43553,0.50368,0
5.1442,0.30934,0
5.28171,0.37241,0
5.10468,0.28136,0
5.1445,0.19917,0
5.2462,0.36984,0
3.85398,2.123,0
5.16849,0.33297,0
4.1986,2.04516,0
5.08937,0.08351,0
5.46894,-0.00432,0
5.2685,0.23217,0
4.45441,1.70168,0
5.24495,-0.03575,0
5.31337,0.00439,0
4.35631,1.8228,0
5.2542,0.05866,0
5.09178,0.03976,0
5.17655,0.16739,0
4.28731,1.72098,0
5.32158,0.11539,0
5.26743,0.1448,0
4.34533,1.75936,0
5.20207,-0.02359,0
5.38712,0.10262,0
5.35554,0.0872,0
5.37751,0.1822,0
5.20563,-0.05478,0
5.44199,0.07578,0
5.48743,0.00551,0
5.40401,-0.02562,0
5.18843,0.0139,0
5.25961,-0.02874,0
5.4425,0.16437,0
5.20783,0.21932,0
4.37853,1.76393,0
5.26375,0.11304,0
5.48644,-0.02758,0
5.24952,0.12439,0
4.32358,1.76746,0
5.24806,0.16021,0
4.45815,1.68024,0
5.34749,0.02881,0
5.47034,0.03403,0
5.24451,-0.03302,0
5.2234,0.13899,0
5.33373,0.33371,0
4.10157,2.03338,0
5.33429,-0.12203,0
5.35173,0.18473,0
5.26642,0.27735,0
5.25383,0.16394,0
5.39476,-0.03911,0
4.28584,1.94388,0
5.28507,-0.05331,0
5.48127,0.1125,0
4.33431,1.80772,0
4.49079,1.64808,0
4.36103,1.73313,0
4.4284,1.65462,0
5.37594,0.18287,0
4.35691,1.81792,0
5.28173,0.18393,0
5.29529,0.00101,0
5.12583,0.04683,0
4.37561,1.81127,0
5.31897,0.01938,0
5.31432,0.25446,0
5.30147,0.17579,0
4.31168,1.78922,0
4.19011,2.04755,0
5.26247,0.27666,0
5.06029,0.06195,0
4.40658,1.62354,0
5.39018,0.24007,0
5.15401,0.01388,0
4.44877,1.6546,0
5.26993,0.27162,0
5.31483,0.0223,0
5.08714,-0.00248,0
4.16657,2.07307,0
5.11315,0.0814,0
5.4275,0.10926,0
5.28299,-0.08805,0
5.19901,-0.01496,0
4.43975,1.6678,0
5.42297,0.18234,0
5.35179,0.20931,0
5.34748,0.07608,0
5.30311,0.30887,0
5.27525,0.06881,0
4.42387,1.73211,0
5.18819,-0.04495,0
5.32261,0.18262,0
5.1708,0.04046,0
5.40964,0.04234,0
5.29061,-0.06275,0
5.23983,0.19748,0
5.45339,0.09912,0
5.32118,0.07261,0
5.47267,0.12981,0
5.26271,0.18414,0
5.36401,0.20889,0
5.40417,0.13899,0
5.18196,-0.02197,0
5.33896,0.27576,0
5.29225,-0.06836,0
5.30025,-0.08445,0
4.29862,1.88818,0
5.2038,-0.07962,0
5.23894,-0.01684,0
5.46389,0.00786,0
5.2346,0.12537,0
5.41883,-0.06241,0
5.26702,-0.0705,0
4.778,1.67253,0
4.73055,1.63707,0
5.4525,-0.6017,0
4.80806,1.61396,0
5.24548,-0.61612,0
4.84676,1.60536,0
5.42292,-0.52943,0
5.36549,-0.2,0
5.36185,-0.44793,0
4.8918,1.40774,0
4.86573,1.41974,0
4.74043,1.5023,0
5.4556,-0.61743,0
4.71393,1.63206,0
5.41389,-0.55844,0
4.7509,1.45561,0
4.59538,1.51633,0
4.75181,1.67236,0
4.85808,1.49027,0
4.69644,1.59021,0
4.79667,1.59518,0
5.21068,-0.64657,0
4.60985,1.60001,0
4.62798,1.63507,0
4.53451,1.6071,0
5.33746,-0.53054,0
5.27522,-0.57731,0
5.42976,-0.50873,0
4.77988,1.57915,0
4.74014,1.62175,0
5.24441,-0.62155,0
5.45212,-0.57545,0
5.34403,-0.52622,0
5.12519,-0.75274,0
4.64514,1.52574,0
5.40885,-0.50311,0
5.23709,-0.74561,0
5.31832,-0.61232,0
4.86113,1.46645,0
5.33208,-0.67441,0
5.36034,-0.21247,0
4.77001,1.43495,0
4.8077,1.58376,0
5.31907,-0.7279,0
5.37946,-0.70059,0
5.26256,-0.68553,0
5.20634,-0.71919,0
5.3311,-0.23542,0
5.3147,-0.25854,0
5.42804,-0.53553,0
5.3143,-0.53376,0
5.26963,-0.64738,0
5.39019,-0.60623,0
5.41892,-0.44877,0
4.56743,1.61313,0
4.80456,1.60173,0
4.60179,1.64659,0
5.20181,-0.66587,0
5.36695,-0.66951,0
5.36246,-0.32245,0
5.44958,-0.63951,0
4.73221,1.60425,0
5.39568,-0.35702,0
4.84102,1.5169,0
5.37091,-0.46258,0
4.83618,1.4075,0
5.40104,-0.46112,0
5.35063,-0.29515,0
4.61568,1.54809,0
4.5514,1.59734,0
5.38973,-0.31381,0
5.33191,-0.15209,0
5.3199,-0.37722,0
4.69304,1.61799,0
5.30676,-0.16916,0
5.25454,-0.63081,0
5.20846,-0.72607,0
5.39848,-0.52542,0
5.38706,-0.30789,0
4.64557,1.60022,0
5.30104,-0.60171,0
5.4598,-0.63637,0
4.61474,1.58417,0
5.43117,-0.49848,0
5.15985,-0.72192,0
5.38467,-0.57506,0
4.76995,1.46981,0
5.25259,-0.66867,0
4.85309,1.39499,0
5.363,-0.33749,0
4.65723,1.601,0
4.78168,1.64496,0
4.74422,1.5263,0
5.33548,-0.55753,0
5.38736,-0.60465,0
4.54714,1.58732,0
5.46932,-0.67203,0
4.8753,1.50725,0
5.32727,-0.71586,0
5.33311,-0.25065,0
5.48721,-0.63951,0
4.80432,1.5069,0
4.89608,1.42331,0
4.80949,1.67606,0
5.48249,-0.686,0
5.46186,-0.67763,0
5.35324,-0.66776,0
4.62198,1.64648,0
5.23569,-0.88543,0
5.08948,-0.83177,0
5.1183,1.22313,0
5.09937,1.37519,0
5.24305,-0.84494,0
5.01534,1.33261,0
5.34724,-0.76066,0
5.27116,-1.02472,0
4.9685,1.39288,0
5.27907,-0.83945,0
5.18347,-0.78882,0
5.08354,1.07592,0
5.26161,-1.05015,0
4.9896,-1.07861,0
5.16349,-0.82287,0
5.10511,-0.90337,0
5.35786,-0.817,0
5.1645,-0.83672,0
5.15813,-1.02036,0
5.12229,-1.08252,0
5.0803,1.33983,0
5.39144,-1.06176,0
5.2245,-0.83099,0
5.27628,-0.82774,0
5.28225,-0.93903,0
5.09897,-0.97528,0
5.09785,-0.96526,0
5.13119,1.31498,0
5.34129,-0.76664,0
5.27156,-0.89724,0
5.2085,-1.03862,0
5.26265,-0.86574,0
5.09748,1.20116,0
5.20594,-0.92304,0
5.19871,-0.80129,0
5.14357,1.11813,0
5.0826,-0.84122,0
5.07954,-0.88994,0
5.10983,-0.84865,0
5.33599,-0.81287,0
5.16299,-0.98987,0
5.12307,1.2764,0
5.22281,-0.94782,0
5.06878,-1.04532,0
5.21095,-0.91183,0
5.1613,-0.89278,0
5.2043,-0.99238,0
5.38714,-1.04777,0
5.0972,-0.85713,0
5.07897,-0.85865,0
4.95619,1.40135,0
5.2228,-0.83417,0
5.23865,-0.77217,0
5.15126,-0.84691,0
5.26887,-0.99308,0
5.13226,1.10564,0
5.0718,-1.06452,0
5.14473,-0.91601,0
5.09459,1.18687,0
5.10126,-1.03783,0
5.28796,-0.84878,0
5.15352,-0.94439,0
5.24093,-0.82056,0
5.1492,-0.82241,0
5.21833,-1.0542,0
5.21391,-0.82904,0
5.27175,-0.80132,0
5.38448,-0.99042,0
5.06922,1.14308,0
5.12719,1.1501,0
5.227,-0.97875,0
5.28546,-0.83517,0
5.12781,1.18456,0
5.25378,-0.82437,0
5.30443,-0.82342,0
5.14594,-1.19659,0
5.11814,-1.22794,0
5.19458,-1.10636,0
5.23755,0.99655,0
5.05805,-1.11027,0
5.12923,-1.13784,0
5.19444,-1.09951,0
5.2083,1.08532,0
5.2636,1.18327,0
5.15966,1.21343,0
5.11483,-1.12367,0
5.14127,-1.22732,0
5.149,-1.14025,0
5.25266,1.20886,0
5.08493,-1.2391,0
5.22739,-1.17432,0
5.15728,-1.1681,0
5.24663,1.00203,0
5.24124,-1.17115,0
5.03039,-1.19169,0
5.18372,1.21033,0
5.17842,-1.13221,0
5.28689,-1.22151,0
5.20364,-1.13346,0
5.29556,-1.08121,0
5.23582,-1.20172,0
5.30472,-1.18572,0
5.23718,-1.08591,0
5.1365,-1.18471,0
5.23986,0.96984,0
5.1755,-1.10009,0
5.30007,-1.1432,0
5.0929,-1.17695,0
5.22894,1.06759,0
5.11165,-1.21158,0
5.29516,-1.18738,0
5.20411,1.06462,0
5.02597,-1.1211,0
5.26672,-1.20385,0
5.17113,1.19247,0
5.10499,-1.20691,0
5.12668,-1.17919,0
5.14671,1.19976,0
5.13801,-1.22733,0
5.16817,-1.19615,0
5.21141,1.20504,0
5.1571,-1.14991,0
5.21177,1.16146,0
5.22671,1.03885,0
5.20705,1.11552,0
5.14781,1.20335,0
5.21351,1.14194,0
5.183,-1.10436,0
5.23984,1.00617,0
5.07262,-1.14904,0
5.09361,-1.40817,0
4.93496,-1.46596,0
5.0976,-1.31784,0
4.95277,-1.45361,0
5.31183,0.80527,0
5.38291,0.95815,0
5.32227,0.9662,0
5.35614,0.922,0
5.09321,-1.46398,0
4.93954,-1.37299,0
5.1107,-1.39397,0
5.05998,-1.31836,0
5.32746,0.84556,0
5.00484,-1.50117,0
5.13018,-1.35665,0
4.82692,-1.45781,0
4.99219,-1.36327,0
5.13975,-1.31322,0
5.31002,0.95702,0
5.14404,-1.47458,0
5.02233,-1.35049,0
4.97845,-1.42896,0
5.0271,-1.32264,0
5.13376,-1.32149,0
4.89877,-1.4581,0
5.16399,-1.43733,0
4.97198,-1.44908,0
4.87752,-1.41372,0
5.17012,-1.39102,0
4.91699,-1.42495,0
5.27739,0.85416,0
5.12488,-1.31977,0
5.38887,0.76659,0
4.83203,-1.4748,0
4.81149,-1.43976,0
5.13672,-1.3833,0
5.39429,0.69402,0
5.39585,0.63596,0
5.37725,0.38175,0
5.19687,-1.38392,0
5.41594,0.96816,0
5.18284,-1.46285,0
5.38338,0.97929,0
5.42115,0.93107,0
5.19193,-1.31388,0
5.41037,0.9093,0
5.39005,0.62653,0
5.42333,0.88849,0
5.17097,-1.4847,0
5.41823,0.75165,0
5.21763,-1.47288,0
5.21935,-1.50148,0
5.21634,-1.35629,0
5.33124,1.0012,0
5.28491,1.00259,0
5.22941,-1.4677,0
5.41776,0.2225,0
4.83289,-1.50366,0
4.96692,-1.59556,0
5.41101,0.3396,0
5.36123,-0.16532,0
4.98941,-1.50593,0
5.03721,-1.55438,0
5.4982,0.7853,0
5.14868,-1.56642,0
5.47347,0.75986,0
5.05956,-1.54449,0
5.4302,0.29039,0
5.01874,-1.52944,0
5.05495,-1.61106,0
4.98524,-1.58873,0
5.42335,0.39075,0
5.40346,0.29674,0
5.04087,-1.60085,0
5.41859,0.62448,0
5.42839,0.41801,0
4.87901,-1.49791,0
4.96391,-1.50019,0
5.42878,0.81917,0
5.14186,-1.60846,0
5.40308,0.26101,0
5.14029,-1.5933,0
5.47987,0.67633,0
5.08346,-1.56852,0
4.99958,-1.52732,0
5.151,-1.61151,0
5.45126,0.67656,0
5.41331,0.62776,0
4.89966,-1.54943,0
5.42266,0.3343,0
5.01331,-1.60654,0
5.46567,0.76822,0
5.48576,0.711,0
5.44024,0.61204,0
4.83714,-1.55622,0
4.88504,-1.53603,0
5.18785,-1.54306,0
5.21619,-1.50885,0
5.19365,-1.55191,0
5.4495,0.8951,0
5.47667,0.85034,0
5.44169,0.89041,0
5.49912,0.50791,0
5.54385,0.74182,0
5.38871,-0.22272,0
5.45886,0.29969,0
5.48818,0.38139,0
5.47876,0.51534,0
5.40823,-0.16178,0
4.90998,-1.63776,0
5.47074,0.23067,0
5.47049,0.32493,0
4.84791,-1.6385,0
5.0598,-1.63376,0
5.50096,0.66404,0
4.93546,-1.65314,0
5.45716,0.18833,0
5.02602,-1.64156,0
5.52876,0.53224,0
5.57596,0.72997,0
5.47997,0.32989,0
5.4662,0.51026,0
5.55039,0.74156,0
5.52109,0.58831,0
4.89418,-1.6404,0
5.38042,-0.23149,0
5.45754,0.25791,0
5.46141,0.15692,0
5.39206,-0.14994,0
5.49881,0.74685,0
5.05665,-1.6283,0
5.47471,0.50385,0
5.39896,-0.09759,0
4.9053,-1.64999,0
5.39179,-0.12941,0
5.46839,0.30297,0
5.38775,-0.18511,0
5.52032,0.76284,0
5.49121,0.59562,0
5.05797,-1.63748,0
4.84711,-1.62083,0
5.47571,0.25856,0
5.03147,-1.65772,0
5.56177,0.74023,0
5.54458,0.8359,0
5.5138,0.86025,0
5.52,0.82731,0
5.52787,0.78556,0
5.5456,0.8606,0
5.21884,-1.52854,0
5.19557,-1.58924,0
5.4139,-0.17303,0
5.57664,0.79856,0
5.55257,0.77138,0
5.40648,-0.20451,0
5.41663,-0.1401,0
5.13338,-1.62951,0
5.16954,-1.60155,0
5.07771,-1.70013,0
5.55527,0.55605,0
5.4937,0.15266,0
5.55578,0.56652,0
5.51127,0.33176,0
5.58777,0.57574,0
5.59718,0.66187,0
5.50612,0.19101,0
5.53676,0.46324,0
5.1017,-1.69239,0
5.51146,0.26207,0
5.59319,0.69006,0
5.54932,0.48702,0
5.58357,0.70045,0
5.53264,0.36239,0
5.47163,0.14422,0
5.60502,0.71894,0
5.53219,0.33166,0
5.52096,0.36548,0
5.08576,-1.68905,0
4.99254,-1.74261,0
5.63573,0.58286,0
5.62872,0.63814,0
5.60804,0.56313,0
5.56575,0.37467,0
5.57327,0.41388,0
5.59375,0.50618,0
5.45763,-0.09923,0
5.45843,-0.09946,0
5.54708,0.27211,0
5.61981,0.58569,0
4.86354,-1.67262,0
5.55647,0.31498,0
4.85775,-1.68155,0
4.854,-1.66741,0
4.73602,-1.67526,0
5.51218,0.0946,0
5.55425,0.32537,0
5.53828,0.24789,0
5.43568,-0.17453,0
4.79401,-1.68963,0
5.52468,0.19213,0
4.8446,-1.70039,0
5.57909,0.38363,0
5.57437,0.41217,0
5.55658,0.27467,0
5.52636,0.17515,0
5.59892,0.58053,0
4.81871,-1.68234,0
5.51524,0.19007,0
5.5688,0.44866,0
5.61167,0.47713,0
5.62954,0.54578,0
5.49009,-0.04902,0
5.59105,0.38278,0
5.46446,-0.14244,0
4.8822,-1.72155,0
5.00313,-1.7612,0
5.43016,-0.28781,0
5.02287,-1.76628,0
5.44388,-0.23128,0
5.5139,-0.02525,0
4.94801,-1.76326,0
5.53156,0.0561,0
4.75214,-1.71454,0
5.65275,0.48612,0
4.89036,-1.76793,0
5.59115,0.30475,0
5.5738,0.21359,0
4.62019,-1.6839,0
4.83914,-1.74307,0
5.65402,0.54827,0
4.90769,-1.77204,0
4.85721,-1.74746,0
4.88924,-1.76369,0
4.91945,-1.80908,0
4.90826,-1.82843,0
4.66144,-1.71776,0
4.95405,-1.8038,0
4.79564,-1.76547,0
4.66159,-1.75422,0
5.6695,0.51727,0
5.49405,-0.1269,0
5.62435,0.29522,0
4.81918,-1.75633,0
4.86122,-1.77091,0
4.96003,-1.81505,0
4.82564,-1.75267,0
5.66128,0.50633,0
4.64349,-1.71575,0
4.63953,-1.70935,0
5.46766,-0.27713,0
5.69594,0.52383,0
5.64119,0.43042,0
5.65424,0.40519,0
4.7842,-1.76496,0
4.67811,-1.76425,0
5.63235,0.25854,0
4.95587,-1.80721,0
5.69063,0.50114,0
4.97953,-1.83136,0
5.68449,0.45919,0
4.79815,-1.80108,0
5.63868,0.31596,0
5.45745,-0.27487,0
4.94897,-1.81608,0
5.45589,-0.26781,0
4.6202,-1.70066,0
5.61236,0.32966,0
5.57359,0.17743,0
5.57783,0.08181,0
5.51313,-0.06558,0
4.78547,-1.79441,0
4.62062,-1.72627,0
4.88165,-1.82366,0
5.47775,-0.18671,0
4.97508,-1.81369,0
5.62401,0.37151,0
5.58874,0.17228,0
5.68971,0.53078,0
5.6092,0.01905,0
5.56894,-0.05382,0
4.60538,-1.85366,0
4.74214,-1.82585,0
4.78959,-1.8941,0
5.59193,0.00229,0
5.4958,-0.25155,0
4.65577,-1.878,0
5.69504,0.33863,0
4.65239,-1.79696,0
5.43724,-0.39853,0
4.62241,-1.89678,0
5.59477,0.0223,0
5.62689,0.1907,0
5.63165,0.02865,0
5.69937,0.19223,0
5.69614,0.19636,0
4.6765,-1.807,0
4.6802,-1.86175,0
4.55328,-1.86333,0
5.73148,0.28991,0
5.55365,-0.1481,0
5.72975,0.28322,0
4.6307,-1.89462,0
4.7716,-1.85338,0
4.71222,-1.91145,0
4.82784,-1.83358,0
4.71597,-1.82034,0
5.64861,0.27318,0
5.57083,-0.0123,0
4.62795,-1.89506,0
5.47576,-0.36971,0
5.55804,-0.04422,0
5.5608,-0.08457,0
4.66215,-1.84162,0
5.45418,-0.41868,0
4.68257,-1.83815,0
4.72282,-1.8873,0
4.65686,-1.83388,0
5.53136,-0.16503,0
4.79353,-1.96748,0
5.70543,0.26269,0
5.64585,0.05809,0
4.80499,-1.81807,0
5.73276,0.32655,0
5.66683,0.31876,0
5.6833,0.17476,0
5.66733,0.33801,0
5.58722,-0.0062,0
4.70216,-1.79688,0
5.73134,0.19668,0
5.64981,0.03204,0
5.62795,-0.02508,0
4.53776,-1.88471,0
5.5542,-0.21672,0
5.72286,0.22638,0
5.67148,0.0777,0
5.60974,-0.04843,0
5.68048,0.10947,0
5.73493,0.19826,0
5.45049,-0.45751,0
4.54227,-1.87867,0
5.71943,0.16388,0
5.66198,0.04583,0
4.72577,-1.95513,0
5.50506,-0.30774,0
4.79924,-1.98946,0
5.63736,0.0225,0
5.65784,0.02518,0
5.50859,-0.29601,0
4.52639,-1.89954,0
4.57164,-2.03098,0
5.62075,-0.11935,0
5.49013,-0.44507,0
5.69032,-0.05184,0
5.53853,-0.28036,0
4.60678,-1.99338,0
4.50272,-2.0158,0
5.74464,-0.00459,0
5.77619,0.02268,0
5.76591,0.02776,0
4.60007,-1.97856,0
5.59495,-0.23041,0
5.73203,-0.00523,0
5.57965,-0.34187,0
5.71034,-0.08813,0
4.64384,-2.03439,0
5.60195,-0.17339,0
4.64329,-1.96143,0
4.49816,-1.97367,0
4.61737,-2.01098,0
4.57419,-1.93264,0
5.66809,-0.00853,0
5.69287,-0.05178,0
5.56694,-0.36407,0
4.53159,-2.01478,0
4.47111,-1.93898,0
4.50546,-1.93816,0
5.66448,-0.14591,0
5.55828,-0.24042,0
4.51755,-2.01633,0
4.53992,-1.9616,0
5.67161,0.00912,0
4.50823,-1.89792,0
5.5178,-0.43067,0
5.76252,0.10163,0
4.60398,-2.09653,0
5.60501,-0.17942,0
5.70257,0.05489,0
5.54171,-0.35623,0
5.47129,-0.54601,0
5.73964,0.01785,0
5.53789,-0.31283,0
5.58479,-0.31195,0
4.55043,-2.0551,0
4.6331,-2.08624,0
4.51695,-1.96137,0
5.66784,-0.1425,0
4.39138,-1.96906,0
5.71471,-0.06479,0
5.6999,-0.11806,0
4.38354,-2.15863,0
4.42685,-2.0971,0
5.73071,-0.15825,0
4.47031,-2.05896,0
2.61554,2.1018,0
4.19406,-2.08604,0
4.46481,-2.1042,0
4.18562,-2.0897,0
5.73532,-0.32808,0
4.41258,-2.06994,0
5.42714,-0.74682,0
4.15884,-1.98276,0
5.66007,-0.41528,0
5.50948,-0.65407,0
5.65079,-0.34069,0
5.72328,-0.15714,0
4.37055,-2.15747,0
4.30333,-2.11771,0
4.34193,-2.08995,0
5.617,-0.4954,0
5.72599,-0.26845,0
2.60198,2.06012,0
4.35753,-2.03512,0
4.32936,-1.9878,0
4.26419,-2.04003,0
5.64771,-0.33678,0
5.70217,-0.32478,0
4.45912,-2.03351,0
4.35358,-2.199,0
5.67805,-0.32103,0
5.64102,-0.47625,0
5.60879,-0.30022,0
5.818,-0.21748,0
4.38653,-2.21169,0
5.38651,-0.74114,0
4.34229,-2.20483,0
2.59587,2.11445,0
4.4359,-2.12275,0
5.60522,-0.41172,0
5.70122,-0.24817,0
4.38498,-2.03566,0
4.44097,-2.11883,0
4.39869,-2.16973,0
4.22861,-2.06003,0
2.65752,2.03413,0
4.23707,-2.10582,0
4.37643,-2.14245,0
4.33279,-2.01697,0
5.48416,-0.59133,0
4.41738,-2.03725,0
5.38036,-0.75112,0
2.66194,2.01282,0
4.48957,-2.07345,0
4.2387,-2.12257,0
5.36363,-0.78994,0
4.12249,-2.05347,0
4.33353,-2.15061,0
2.58702,2.10894,0
4.49056,-2.06177,0
5.38246,-0.82655,0
4.39804,-2.06279,0
5.59978,-0.47514,0
5.50513,-0.56205,0
4.33881,-2.21198,0
5.59464,-0.42489,0
5.69524,-0.15059,0
5.71477,-0.12695,0
5.78883,-0.23345,0
5.63009,-0.32705,0
4.15723,-2.05368,0
4.18453,-2.08561,0
4.15319,-1.99319,0
4.29811,-2.12586,0
4.32015,-2.08291,0
4.45509,-2.03004,0
2.64178,2.00941,0
4.2227,-1.97547,0
5.66887,-0.4298,0
5.49598,-0.55573,0
5.51943,-0.64745,0
4.52069,-2.07312,0
4.5062,-2.06586,0
5.74861,-0.09884,0
5.8393,-0.11985,0
5.78947,-0.11174,0
4.49817,-2.06753,0
4.57315,-2.10032,0
5.79233,-0.04734,0
5.81335,-0.03163,0
5.79691,-0.04816,0
5.82818,-0.07759,0
5.82525,-0.18771,0
5.42365,-0.79291,0
5.69528,0.38279,0
5.79862,0.44745,0
5.74271,0.48581,0
5.02382,-1.80429,0
4.99028,-1.89273,0
5.77739,0.36614,0
4.88907,-1.84518,0
4.99428,-1.85963,0
4.99113,-1.88533,0
5.70864,0.45051,0
5.78691,0.45527,0
4.92833,-1.86237,0
5.78662,0.36389,0
5.74291,0.19857,0
5.81133,0.46543,0
4.9762,-1.88831,0
5.56981,-0.87419,0
5.59351,-0.54888,0
4.94993,1.48578,0
5.62522,-0.9197,0
5.23145,1.48458,0
5.66972,-0.57376,0
5.67496,-0.80716,0
5.18376,1.52152,0
5.67263,-0.665,0
5.51531,-0.75409,0
5.60266,-0.72324,0
5.4848,-0.83618,0
5.20769,1.2472,0
5.68133,-0.80453,0
5.42462,-0.94895,0
5.29697,1.27366,0
5.56071,-0.64823,0
5.25106,1.50843,0
5.25061,1.51139,0
5.15984,1.26434,0
5.32564,1.25763,0
5.18752,1.35374,0
5.14781,1.28395,0
5.6627,-0.69148,0
5.63694,-0.61264,0
5.39647,-0.84066,0
5.15325,1.50039,0
5.23712,1.50928,0
5.2523,1.30219,0
5.4503,-0.83288,0
5.60723,-0.75568,0
5.59804,-0.70079,0
5.54871,-0.84846,0
5.57262,-0.66961,0
5.70294,-0.71285,0
5.07903,1.45463,0
4.96072,1.45817,0
5.24539,1.29276,0
5.69292,-0.81968,0
5.48596,-0.94262,0
5.17183,1.29307,0
5.13373,1.35125,0
5.49232,-0.79449,0
5.29514,1.23029,0
5.46354,-0.91556,0
5.59152,-0.70836,0
5.53558,-0.82775,0
5.65556,-0.563,0
5.49412,-0.70934,0
4.9067,1.45288,0
5.01249,1.4741,0
5.34208,1.11898,0
5.63437,-0.6598,0
5.08911,1.50733,0
5.46006,-0.87725,0
5.62131,-0.55209,0
5.1374,1.33839,0
5.49973,-0.78604,0
5.71795,-0.7937,0
5.1437,1.46956,0
5.31964,1.1721,0
5.30276,1.22815,0
5.72371,-0.88269,0
5.16372,1.47476,0
5.49888,-0.7034,0
5.2921,1.29274,0
5.2407,1.44653,0
5.58735,-0.93633,0
5.02716,1.46269,0
5.40889,-0.82373,0
5.47251,-0.85767,0
5.13914,1.3592,0
5.54016,-0.77346,0
5.39708,-0.88169,0
5.16581,1.38011,0
5.1511,1.28499,0
5.09753,1.46846,0
5.59591,-0.55337,0
5.22259,1.46064,0
5.1935,1.31699,0
5.33265,1.11072,0
5.60269,-0.78606,0
5.67783,-0.75434,0
5.58318,-0.85304,0
5.55241,-0.70467,0
5.23309,1.47231,0
5.09501,1.50812,0
5.2341,1.25409,0
5.53255,-0.91169,0
5.18501,1.32221,0
5.18113,1.51541,0
5.33446,1.18984,0
5.34497,1.13649,0
5.55459,-0.86923,0
5.55079,-0.61252,0
5.63731,-0.85529,0
5.52109,-0.83623,0
5.3938,-0.94478,0
5.6158,-0.5937,0
5.19286,1.44882,0
5.21228,1.33596,0
5.14048,1.36846,0
5.59893,-0.88648,0
5.29923,1.33165,0
5.13366,1.32124,0
5.20814,1.43588,0
5.64676,-0.77758,0
5.65552,-0.59781,0
5.17319,1.26669,0
5.13743,1.46955,0
4.91948,1.44441,0
5.34557,1.18393,0
5.17293,1.36935,0
5.29325,1.48379,0
5.61861,-0.80149,0
5.33202,1.14009,0
5.67728,-0.81539,0
5.76272,-0.56899,0
5.71268,-0.40121,0
5.73138,-0.39338,0
5.72194,-0.66821,0
5.7178,-0.5076,0
5.02521,1.56073,0
4.95122,1.58936,0
5.69365,-0.61288,0
4.94523,1.60268,0
5.00177,1.56104,0
5.12908,1.61451,0
5.76987,-0.71355,0
5.00789,1.5646,0
5.72331,-0.46103,0
5.00418,1.62797,0
5.72243,-0.55388,0
5.77627,-0.7042,0
5.0114,1.51856,0
4.97488,1.6452,0
4.90966,1.52399,0
4.92069,1.56724,0
5.00971,1.5981,0
4.96546,1.56335,0
5.77383,-0.60267,0
5.1861,1.5397,0
4.92426,1.60416,0
5.73836,-0.49583,0
4.99441,1.53552,0
4.96871,1.55472,0
5.13137,1.63628,0
5.02947,1.55408,0
5.15606,1.60963,0
5.69645,-0.55346,0
5.78839,-0.68326,0
4.94791,1.53666,0
5.10558,1.63467,0
5.67889,-0.53341,0
5.73125,-0.41794,0
4.96245,1.64148,0
5.04599,1.62095,0
5.68605,-0.57139,0
5.73006,-0.57539,0
4.98027,1.7304,0
4.99353,1.70398,0
5.72766,-0.37359,0
5.81292,-0.57991,0
4.97499,1.66262,0
4.9734,1.65621,0
4.99258,1.67091,0
4.86873,1.66195,0
5.79454,-0.52601,0
4.93658,1.69563,0
4.93812,1.65362,0
5.78883,-0.53409,0
5.003,1.72604,0
5.77684,-0.44891,0
4.51049,1.84907,0
4.79394,1.70829,0
4.63586,1.91117,0
4.60951,1.77525,0
5.83286,-0.22772,0
4.83889,1.73603,0
4.59534,1.73423,0
4.79974,1.78219,0
4.44776,1.76732,0
4.83069,1.86592,0
5.8788,-0.2022,0
4.49145,1.8242,0
4.48755,1.82676,0
4.81967,1.9142,0
4.48042,1.76716,0
4.71559,1.78129,0
4.7888,1.84737,0
4.47708,1.73468,0
5.73031,0.13982,0
4.79443,1.98182,0
4.47203,1.69277,0
4.5269,1.74747,0
4.51697,1.73246,0
4.75527,1.96737,0
4.56598,1.85975,0
5.91581,-0.22578,0
4.61535,1.68314,0
4.81846,1.72203,0
4.62223,1.70282,0
4.79519,1.87069,0
4.78158,1.72919,0
5.84356,-0.12951,0
4.64001,1.89819,0
4.51364,1.73903,0
4.53099,1.75646,0
4.88173,1.72587,0
4.70071,1.80327,0
5.8468,-0.24717,0
4.47952,1.69661,0
4.66925,1.70983,0
4.72527,1.95033,0
4.65373,1.77447,0
4.72604,1.94381,0
4.68815,1.71846,0
4.75229,1.88962,0
4.83611,1.78523,0
4.50961,1.65629,0
4.60449,1.85048,0
4.74153,1.84811,0
4.60234,1.81823,0
4.8226,1.89082,0
4.63891,1.77311,0
4.76707,1.777,0
4.85219,1.81495,0
4.89584,1.73107,0
4.75948,1.85194,0
5.82566,-0.23615,0
4.61901,1.77602,0
4.73172,1.79015,0
4.6147,1.72488,0
4.66098,1.70338,0
4.73027,1.95557,0
5.85235,-0.0503,0
4.65055,1.93773,0
4.89393,1.79912,0
4.57125,1.89495,0
5.83262,-0.01492,0
4.71859,1.96641,0
5.85325,-0.05199,0
4.41395,1.81519,0
5.87792,-0.1143,0
4.5107,1.86424,0
5.79783,0.03647,0
5.90857,-0.20139,0
4.59452,1.91348,0
4.63379,1.95145,0
5.8236,0.04865,0
4.75015,2.04061,0
4.71366,2.02104,0
4.68079,1.96492,0
4.70291,1.987,0
5.76282,0.14899,0
4.5652,1.91742,0
4.40906,1.82607,0
5.81644,0.06279,0
4.58611,1.91659,0
5.83638,0.08183,0
4.3777,1.90903,0
5.85913,0.12769,0
4.66713,2.00213,0
5.86395,0.09787,0
4.53561,1.95784,0
4.64252,1.98625,0
4.66882,2.00201,0
4.46695,1.98626,0
5.85725,0.03984,0
4.61543,2.00533,0
5.78619,0.15271,0
4.64119,2.07746,0
5.86995,0.04685,0
4.52179,1.93224,0
5.86356,0.00682,0
4.49497,2.00459,0
4.3894,1.92087,0
5.77038,0.19502,0
5.83591,0.15006,0
5.80968,0.1007,0
4.65001,2.01765,0
4.64908,2.04784,0
4.56414,1.95861,0
4.55661,1.9497,0
5.9066,-0.05763,0
5.9033,0.02568,0
4.38898,1.91535,0
4.39636,1.90922,0
5.83729,-0.41551,0
5.84692,-0.41802,0
5.03029,1.78164,0
5.81291,-0.43831,0
5.00635,1.74955,0
5.82684,-0.42137,0
5.84664,-0.33601,0
5.85208,-0.3449,0
5.84062,-0.34817,0
5.81242,-0.4249,0
5.01989,1.80959,0
5.82216,-0.34798,0
5.85686,-0.41685,0
5.884,-0.48526,0
4.95391,1.73591,0
5.8433,-0.37844,0
3.22192,-2.30794,0
5.68447,0.61543,0
5.45544,0.92291,0
5.67492,0.83033,0
3.97246,2.24993,0
4.00392,2.22118,0
5.78345,0.64908,0
5.72759,0.5785,0
5.43954,0.91459,0
5.68125,0.66552,0
4.11011,2.15871,0
5.38171,1.09475,0
5.72176,0.74268,0
5.67824,0.56584,0
3.92479,2.27185,0
5.48709,0.91009,0
5.45072,1.01819,0
3.91797,2.1351,0
3.90276,2.14459,0
5.69035,0.73577,0
5.53132,0.91052,0
5.61993,0.81768,0
3.99551,2.23447,0
5.4306,1.01238,0
5.62776,0.81353,0
3.26165,-2.30949,0
4.28427,2.00663,0
5.69014,0.75711,0
5.72143,0.66483,0
4.28556,1.98271,0
3.90467,2.16393,0
5.65361,0.73562,0
4.32034,1.93569,0
4.30142,1.94914,0
4.07648,2.17169,0
5.57599,0.9075,0
3.95085,2.26556,0
4.28475,2.01096,0
5.68493,0.82735,0
5.66671,0.84408,0
5.69164,0.81363,0
5.60949,0.83213,0
3.9599,2.15058,0
5.62847,0.71935,0
3.9375,2.10239,0
4.07258,2.15408,0
4.01723,2.2089,0
3.88448,2.21287,0
5.83639,0.71152,0
5.66117,0.61996,0
5.78386,0.75359,0
5.61526,0.79049,0
5.66103,0.81838,0
5.73897,0.74814,0
5.71494,0.61597,0
4.00338,2.21853,0
3.88271,2.20862,0
5.65282,0.70036,0
5.65937,0.73891,0
5.67222,0.73668,0
4.01352,2.17017,0
5.36923,1.10287,0
5.78706,0.73474,0
5.42562,1.12127,0
5.40764,1.09523,0
3.68106,2.24246,0
3.64018,2.27812,0
3.63659,2.25241,0
3.59494,-2.29026,0
5.35761,1.19113,0
5.66975,0.97066,0
5.4534,1.15517,0
5.65779,0.98051,0
3.67266,-2.32147,0
5.38179,1.19725,0
3.64736,-2.32728,0
5.37538,1.19192,0
5.5078,1.07926,0
3.62523,-2.26996,0
5.52389,1.1547,0
5.50806,1.11301,0
5.63903,0.99367,0
5.49049,1.11559,0
5.51164,1.12069,0
5.62679,0.89968,0
5.64712,1.06506,0
5.41214,1.19455,0
5.37408,1.18536,0
5.42326,1.11917,0
5.36775,1.14801,0
5.43754,1.13835,0
5.58905,0.99031,0
5.53071,0.99717,0
3.53791,-2.23014,0
3.58964,-2.25647,0
5.54454,1.03567,0
3.66389,2.25215,0
5.38579,1.18457,0
3.53942,-2.27633,0
3.61639,-2.2721,0
5.38988,1.15929,0
3.52867,-2.27898,0
3.48666,-2.26082,0
5.39803,1.15119,0
3.81361,2.20855,0
5.70003,0.94304,0
5.70596,0.96455,0
3.78993,2.22943,0
5.65405,0.92134,0
3.49578,-2.30916,0
5.69231,0.9233,0
3.79582,2.22676,0
3.76657,2.27378,0
5.74191,0.887,0
5.67984,0.92622,0
5.66867,0.86948,0
3.53039,-2.36105,0
5.6514,0.89358,0
5.6853,0.95128,0
5.75227,0.91221,0
5.72439,0.90367,0
3.82061,2.18849,0
3.77661,2.25659,0
5.71144,0.93133,0
5.70831,0.90488,0
3.46282,-2.32326,0
5.72034,0.92736,0
3.81047,2.22995,0
3.79053,2.22595,0
5.72206,0.95145,0
5.7571,0.92123,0
3.71801,2.30615,0
3.78936,-2.32501,0
3.78462,-2.34959,0
3.78481,-2.37956,0
3.83579,-2.33619,0
3.78699,-2.34966,0
5.41172,1.25684,0
4.02818,-2.06924,0
4.02835,-2.07015,0
5.50356,1.18193,0
3.88605,-2.27679,0
3.79145,-2.2873,0
3.74287,-2.32908,0
3.86049,-2.34265,0
5.64908,1.14396,0
5.43038,1.26249,0
5.42266,1.25291,0
5.46204,1.254,0
3.8566,-2.39572,0
3.8453,-2.24975,0
5.47743,1.23912,0
5.50864,1.17844,0
3.84807,-2.2661,0
3.97119,-2.16553,0
5.33498,1.3078,0
5.59653,1.15734,0
3.79487,-2.36333,0
3.76113,-2.25893,0
3.91026,-2.2718,0
5.51208,1.20452,0
4.22445,-2.15099,0
4.16183,-2.15562,0
4.251,-2.25757,0
5.19836,1.59019,0
5.20082,1.58392,0
4.09301,-2.19913,0
4.33477,-2.21492,0
4.0759,-2.11454,0
5.35126,1.5711,0
5.33983,1.43755,0
4.24538,-2.26148,0
5.19091,1.57972,0
4.21492,-2.1442,0
4.27909,-2.18693,0
4.40064,-2.21494,0
5.3359,1.52175,0
5.22036,1.55344,0
4.27837,-2.22198,0
4.20623,-2.13248,0
5.19803,1.60519,0
4.07477,-2.05238,0
5.24033,1.6016,0
4.1351,-2.18615,0
4.09418,-2.07156,0
4.12565,-2.20951,0
5.33382,1.50939,0
4.28217,-2.25104,0
4.34594,-2.29493,0
5.35078,1.57141,0
4.00851,-2.20418,0
5.32481,1.50519,0
4.29632,-2.20722,0
4.20955,-2.16613,0
4.36843,-2.29255,0
5.19788,1.54514,0
4.03361,-2.13061,0
4.32225,-2.21795,0
4.211,-2.15854,0
4.18063,-2.22907,0
4.29586,-2.28856,0
4.25465,-2.29307,0
5.37253,1.43253,0
5.35633,1.45978,0
4.02838,-2.22858,0
5.38761,1.41457,0
5.35692,1.48636,0
5.40367,1.50912,0
5.38515,1.43237,0
4.17155,-2.26758,0
5.28485,1.59379,0
5.30997,1.62228,0
4.4582,-2.20234,0
4.50336,-2.17774,0
5.27626,1.60658,0
4.47127,-2.22972,0
4.45007,-2.22031,0
4.4902,-2.25784,0
4.69501,-2.06802,0
4.57477,-2.15053,0
5.12868,1.70972,0
5.12316,1.73837,0
5.11894,1.70429,0
4.68322,-2.02958,0
5.19143,1.65619,0
4.65156,-2.19126,0
5.17489,1.69679,0
4.62215,-2.14562,0
5.10782,1.71,0
4.55098,-2.16268,0
5.1413,1.70828,0
4.65351,-2.17253,0
4.71669,-2.15231,0
4.73898,-2.14036,0
5.17483,1.77782,0
5.10638,1.79515,0
4.69479,-2.14355,0
4.75945,-2.01711,0
5.11308,1.78835,0
4.91312,1.82483,0
5.2691,1.73201,0
5.22372,1.6551,0
4.84514,-1.97806,0
5.10617,1.85968,0
4.82107,-2.04065,0
5.00063,1.89611,0
4.80009,-1.99707,0
5.04096,1.87769,0
5.03841,1.89539,0
4.97663,1.86895,0
5.08221,1.86989,0
4.87297,-1.97336,0
4.85523,-2.09722,0
5.11225,1.88307,0
5.00796,1.89306,0
4.86213,-1.97169,0
4.77682,-2.01149,0
5.06422,1.8955,0
4.85476,-2.02157,0
4.90704,-1.87958,0
4.36461,1.95075,0
4.87211,1.92688,0
4.82621,1.93092,0
4.90738,-2.00611,0
4.90567,-1.93434,0
4.89803,-1.97864,0
4.92924,-1.88694,0
5.03737,1.946,0
4.39429,1.94686,0
4.98164,1.90333,0
4.91286,1.93255,0
4.96532,-1.92707,0
4.4273,1.9697,0
4.96895,2.01104,0
4.83482,2.01393,0
5.06015,-1.92081,0
5.01724,-1.90015,0
5.03692,-1.91561,0
4.96552,2.01041,0
4.49465,2.01019,0
5.06328,-1.82647,0
4.97175,1.98362,0
4.98299,-1.89373,0
4.3273,2.01987,0
4.86869,1.98144,0
4.93783,2.02756,0
4.42769,2.01509,0
5.04045,-1.87266,0
5.00808,-1.93175,0
4.94957,2.02317,0
4.94519,1.98379,0
4.88877,1.98889,0
5.05637,-1.8029,0
4.83986,1.97696,0
5.0669,-1.78485,0
4.97501,-1.8954,0
5.06785,-1.85926,0
4.86734,2.03488,0
4.46078,2.02874,0
4.35009,2.04639,0
5.12348,-1.86892,0
4.30487,2.03366,0
4.51564,2.0437,0
4.38298,2.04168,0
4.71207,2.04798,0
4.86196,2.03704,0
4.41795,2.0351,0
5.11142,-1.76051,0
5.12552,-1.90066,0
5.11517,-1.83315,0
5.08732,-1.88888,0
4.49709,2.04524,0
4.90875,2.07168,0
4.45297,2.04605,0
5.14417,-1.79241,0
4.47872,2.0588,0
5.17042,-1.66076,0
5.15565,-1.68455,0
5.13473,-1.69549,0
4.57402,2.09148,0
4.84413,2.07732,0
4.72399,2.09156,0
4.36583,2.06574,0
5.13989,-1.86605,0
4.74196,2.10078,0
5.1645,-1.76996,0
5.15296,-1.8547,0
5.133,-1.76907,0
5.13115,-1.82793,0
4.52173,2.0883,0
5.12915,-1.73629,0
5.19905,-1.78516,0
5.17878,-1.80214,0
4.56277,2.06764,0
4.29312,2.07601,0
4.95105,2.07271,0
4.34389,2.08326,0
4.49646,2.10481,0
5.27356,-1.52827,0
4.82593,2.15657,0
4.22695,2.07737,0
5.27131,-1.48648,0
5.24187,-1.73862,0
5.22122,-1.803,0
4.52676,2.13102,0
5.29655,-1.73301,0
4.79115,2.1537,0
4.60078,2.11655,0
4.71777,2.1332,0
4.67494,2.13755,0
4.86981,2.15241,0
5.21781,-1.65204,0
4.27303,2.09395,0
5.23582,-1.60243,0
4.87386,2.12725,0
5.22629,-1.70005,0
4.32836,2.09346,0
4.86052,2.14455,0
5.27632,-1.72036,0
5.2032,-1.70983,0
4.71907,2.14197,0
4.50212,2.09729,0
5.25542,-1.79652,0
4.60028,2.1148,0
4.27272,2.09792,0
5.21046,-1.81015,0
4.66667,2.12661,0
5.20125,-1.76621,0
5.26632,-1.6912,0
5.27616,-1.64529,0
5.29896,-1.76152,0
5.23936,-1.73366,0
5.2678,-1.63213,0
5.22413,-1.72618,0
5.24935,-1.597,0
4.8834,2.14071,0
5.28483,-1.56942,0
5.21333,-1.59086,0
5.20674,-1.81034,0
4.81701,2.11821,0
4.84753,2.16423,0
4.57521,2.14204,0
4.25122,2.11733,0
5.29965,-1.52154,0
5.31679,-1.69957,0
5.29236,-1.47662,0
4.41581,2.14027,0
4.69907,2.16303,0
4.35342,2.14225,0
4.31298,2.12686,0
4.29237,2.11483,0
4.68363,2.1745,0
4.39978,2.12898,0
5.31699,-1.71744,0
4.79239,2.18852,0
4.81541,2.17395,0
4.8526,2.19562,0
4.51088,2.15802,0
4.69132,2.17921,0
4.39493,2.14813,0
4.27507,2.11891,0
4.19099,2.11879,0
5.29321,-1.568,0
5.32297,-1.68407,0
4.31334,2.13181,0
5.2896,-1.35249,0
4.78628,2.20365,0
4.17287,2.13727,0
5.31976,-1.64974,0
5.30737,-1.47495,0
4.69645,2.19987,0
4.65381,2.18566,0
4.6403,2.20459,0
4.50786,2.18644,0
5.30906,-1.51853,0
4.41209,2.15508,0
5.35492,-1.65987,0
4.20495,2.13319,0
4.47964,2.18351,0
4.27719,2.15402,0
4.59574,2.19749,0
5.34354,-1.69691,0
4.34732,2.16376,0
4.78243,2.20449,0
5.30608,-1.30733,0
5.32672,-1.70909,0
4.50877,2.18766,0
4.40978,2.17662,0
4.27155,2.18176,0
5.41648,-1.47918,0
5.40632,-1.36433,0
4.36191,2.18953,0
5.38137,-1.59533,0
5.34089,-1.48865,0
4.13907,2.15175,0
5.36516,-1.15138,0
4.33864,2.20673,0
5.43198,-1.5402,0
5.40238,-1.34033,0
5.34355,-1.40637,0
5.34383,-1.12408,0
5.44694,-1.54867,0
5.40997,-1.54995,0
5.38908,-1.31443,0
4.35938,2.20748,0
5.44979,-1.58192,0
4.17533,2.16716,0
5.43977,-1.54244,0
4.65725,2.26581,0
5.32706,-1.25536,0
4.62947,2.24442,0
5.37996,-1.36929,0
5.37378,-1.64828,0
4.35447,2.17954,0
5.38078,-1.43116,0
5.36697,-1.36453,0
5.45731,-1.59996,0
5.34432,-1.4535,0
4.49721,2.21227,0
4.65781,2.22328,0
5.4126,-1.55474,0
4.50468,2.19361,0
4.44175,2.18336,0
5.37508,-1.59677,0
5.33802,-1.1802,0
4.48485,2.18596,0
5.35536,-1.1544,0
5.33546,-1.1002,0
4.14224,2.14055,0
5.35169,-1.25131,0
4.59819,2.21999,0
5.38528,-1.52736,0
4.42371,2.20489,0
5.3389,-1.27658,0
5.46139,-1.5755,0
5.47883,-1.42243,0
5.46037,-1.54125,0
4.41661,2.2532,0
4.33035,2.22074,0
4.52878,2.28586,0
5.42436,-1.13489,0
5.46417,-1.53613,0
5.41837,-1.30191,0
5.43031,-1.23919,0
5.48219,-1.41055,0
4.28143,2.23339,0
4.46466,2.26632,0
5.48621,-1.51674,0
5.40621,-1.21028,0
5.37791,-1.12712,0
5.48518,-1.40398,0
4.42632,2.2368,0
5.38805,-1.21024,0
5.37899,-1.08521,0
5.42301,-1.17211,0
5.49081,-1.47082,0
4.52419,2.27993,0
4.57061,2.26617,0
5.41629,-1.17004,0
5.41508,-1.20341,0
5.4987,-1.52165,0
5.46883,-1.33015,0
5.48971,-1.5367,0
5.4852,-1.51231,0
4.38623,2.25335,0
5.47577,-1.53679,0
5.49927,-1.55194,0
5.39893,-1.06676,0
5.44358,-1.40309,0
4.4997,2.29188,0
5.42996,-1.1264,0
5.40916,-1.02094,0
5.53316,-1.53161,0
5.48646,-1.36563,0
5.42314,-1.11619,0
5.42876,-1.13423,0
4.49981,2.29764,0
5.4982,-1.43136,0
5.52686,-1.538,0
5.44814,-1.17939,0
5.48295,-1.31081,0
4.15,2.24131,0
5.44642,-1.06213,0
5.53354,-1.23538,0
5.51593,-1.28919,0
4.34586,2.30548,0
5.46544,-0.98364,0
5.53804,-1.28143,0
5.55383,-1.28945,0
5.56542,-1.45389,0
4.2627,2.24967,0
5.49806,-1.28215,0
4.3147,2.30555,0
5.50145,-1.36964,0
5.47875,-1.26302,0
4.15648,2.2564,0
4.24379,2.25461,0
4.43525,2.30867,0
5.45138,-1.13943,0
4.11205,2.22631,0
5.54464,-1.23988,0
5.57672,-1.36082,0
5.49104,-1.10553,0
5.50707,-1.33221,0
5.4583,-1.02547,0
5.54221,-1.39967,0
4.17574,2.26292,0
5.4304,-1.08335,0
5.49727,-1.04594,0
5.47691,-1.01012,0
5.43587,-1.04697,0
4.14489,2.25179,0
5.44473,-1.12644,0
5.4725,-1.03059,0
5.48572,-1.25964,0
5.51614,-1.33938,0
5.4868,-1.2821,0
5.56398,-1.38057,0
5.51047,-1.2271,0
5.53262,-1.21699,0
5.5158,-1.3604,0
5.42146,-1.05457,0
5.58132,-1.30864,0
5.46552,-1.02404,0
4.18225,2.22249,0
5.52577,-1.40227,0
4.07944,2.23091,0
5.60587,-1.42765,0
4.3309,2.30688,0
5.52367,-1.40331,0
5.53559,-1.33818,0
5.51998,-1.39293,0
5.50556,-1.24082,0
5.61842,-1.30209,0
4.1434,2.2914,0
5.63115,-1.33399,0
4.11855,2.27462,0
5.64538,-1.25854,0
5.62752,-1.20365,0
5.59609,-1.20464,0
5.59375,-1.23939,0
5.57517,-1.24668,0
5.62049,-1.39107,0
4.19273,2.29133,0
5.53775,-1.02235,0
4.29602,2.32259,0
5.69777,-1.38804,0
5.61726,-1.21395,0
5.63815,-1.32588,0
5.63777,-1.38274,0
4.23577,2.30113,0
5.59478,-1.2856,0
5.632,-1.37845,0
5.58371,-1.17738,0
4.03199,2.25391,0
5.63644,-1.38562,0
4.16002,2.27422,0
5.61967,-1.21439,0
5.59078,-1.0742,0
4.23761,2.30523,0
4.34525,2.35729,0
5.65566,-1.2833,0
5.56285,-1.12453,0
5.63668,-1.41276,0
5.53537,-1.5855,0
5.86502,-1.03077,0
5.63474,-1.03182,0
5.71065,-0.94986,0
5.75388,-1.0577,0
5.63416,-1.16201,0
3.97607,2.27415,0
5.80182,-0.98118,0
5.66968,-1.22163,0
5.79254,-0.9492,0
3.92834,2.31077,0
5.81636,-1.09403,0
5.81825,-1.05228,0
5.76903,-0.91562,0
5.83558,-1.09373,0
5.61318,-0.99176,0
5.71193,-1.19124,0
5.79043,-1.11906,0
5.81026,-1.11802,0
5.68421,-1.03279,0
5.74371,-1.06394,0
5.66586,-0.94388,0
4.04959,2.39933,0
5.7369,-1.12642,0
5.62543,-1.11394,0
5.71384,-1.12516,0
5.76552,-1.12908,0
5.69107,-1.02261,0
5.78478,-1.18332,0
5.76254,-1.09719,0
5.72589,-0.95269,0
5.59081,-0.99347,0
5.69059,-1.10859,0
5.58142,-0.97875,0
5.66401,-1.07533,0
5.64503,-1.00611,0
5.8344,-1.00798,0
5.7622,-1.17512,0
3.96882,2.3475,0
5.78604,-0.99199,0
5.75383,-1.14067,0
5.69649,-0.95809,0
5.84585,-0.99754,0
5.59652,-1.02325,0
5.75138,-0.96435,0
4.03689,2.35903,0
5.71692,-1.22273,0
3.82353,2.27934,0
5.68306,-0.9355,0
3.9928,2.26629,0
5.69325,-1.14904,0
3.85855,2.29963,0
5.78684,-1.00512,0
5.6423,-1.05469,0
5.8926,-1.10408,0
5.78225,-1.06611,0
5.77393,-1.19016,0
3.92975,2.32609,0
5.83587,0.77589,0
5.78151,0.84188,0
5.92717,0.81623,0
6.052,0.66166,0
5.97852,0.80752,0
5.98811,0.56856,0
5.97695,0.63998,0
5.78319,0.48647,0
5.78266,0.51684,0
5.78038,0.96887,0
6.05171,0.6576,0
5.94964,0.75261,0
5.87201,0.62812,0
5.98048,0.7853,0
5.91178,0.64456,0
5.87525,0.70727,0
5.80517,0.54543,0
5.82611,0.75644,0
5.79281,0.56333,0
6.06616,0.76596,0
5.76472,0.88162,0
5.94597,0.81037,0
5.8773,0.67006,0
5.89934,0.76403,0
5.807,0.57341,0
5.77749,0.85755,0
5.82337,0.35397,0
5.83579,0.77652,0
5.86466,0.68427,0
6.01285,0.62153,0
6.05319,0.62966,0
5.88782,0.61162,0
6.09229,0.69382,0
5.82972,0.81015,0
5.75463,0.82076,0
5.87472,0.47155,0
5.92818,0.49404,0
5.79149,0.49455,0
5.79079,0.84014,0
5.9799,0.75918,0
5.79066,0.97031,0
6.00688,0.71992,0
5.86144,0.47156,0
5.42314,1.29228,0
5.92107,0.89134,0
5.97384,0.66142,0
6.01502,0.77189,0
5.88876,0.66215,0
5.76996,0.87971,0
5.96906,0.51498,0
5.79979,0.86745,0
5.84769,0.93155,0
5.83979,0.96228,0
6.03369,0.66427,0
6.0298,0.69132,0
5.8371,0.44266,0
5.89175,0.67826,0
6.0429,0.78646,0
6.03192,0.69132,0
5.83679,0.64489,0
5.79212,0.99305,0
5.40999,1.33614,0
5.84632,0.85289,0
5.89898,0.84106,0
5.92846,0.56021,0
5.88776,0.91942,0
6.06735,0.74745,0
5.97671,0.7158,0
5.76643,0.53407,0
5.85458,0.40104,0
5.91479,0.71082,0
5.84198,0.88667,0
6.01737,0.64874,0
5.8707,0.54262,0
5.72473,0.50955,0
5.40818,1.30956,0
5.85708,0.82957,0
5.92881,0.32721,0
6.09298,-0.23762,0
5.92982,0.07908,0
5.96899,-0.29059,0
6.01891,0.05053,0
6.12605,-0.26727,0
5.16528,1.82225,0
6.03125,0.12989,0
5.96202,0.15222,0
6.02339,0.17431,0
5.92756,0.28433,0
5.85297,-0.28099,0
5.87762,0.25825,0
5.84406,0.22709,0
5.8443,-0.30457,0
6.11257,-0.19191,0
6.07945,-0.1873,0
5.16915,1.86657,0
5.99361,0.22844,0
6.0297,0.15742,0
5.86435,0.26081,0
5.14239,1.85511,0
6.21035,-0.2473,0
5.98569,0.22624,0
5.17499,1.86382,0
5.97039,0.27428,0
6.02645,-0.33253,0
5.27971,1.65614,0
5.15542,1.96383,0
5.86234,0.13033,0
5.90078,0.3828,0
5.94299,0.02104,0
5.8991,0.11467,0
6.13228,-0.10323,0
5.44176,1.35223,0
5.98722,-0.31626,0
5.21977,1.7919,0
5.29978,1.64885,0
5.94471,-0.26217,0
6.04742,-0.09301,0
5.89452,0.28826,0
5.99964,0.21549,0
5.91716,0.30155,0
5.27539,1.75541,0
5.91399,0.12867,0
5.17809,1.95891,0
5.95449,0.01761,0
5.95867,-0.01063,0
5.95501,0.31705,0
5.92581,-0.30167,0
6.09267,-0.19873,0
5.9691,0.19121,0
5.92515,0.30957,0
5.80361,0.24789,0
6.05338,0.00473,0
5.94588,0.25818,0
5.18971,1.80473,0
5.10281,1.95332,0
6.08168,0.03364,0
5.94848,0.23043,0
5.43672,1.39528,0
6.06563,-0.12948,0
5.97872,-0.2015,0
5.94781,-0.09021,0
6.02553,-0.05067,0
5.16505,1.82707,0
5.95679,0.25362,0
5.27267,1.66072,0
5.8996,0.36683,0
5.12574,1.87241,0
6.08446,-0.07568,0
5.86937,0.22902,0
6.0051,0.09378,0
5.91232,-0.39087,0
5.89257,0.16672,0
6.21637,-0.23225,0
5.89287,-0.31173,0
5.94621,0.00041,0
6.13885,-0.25288,0
6.02092,-0.20825,0
5.92092,0.27057,0
5.93451,-0.33384,0
5.87612,-0.33714,0
6.04926,-0.32307,0
5.99918,-0.33597,0
5.92523,0.03394,0
5.38367,1.37523,0
5.8741,0.39511,0
5.95201,-0.38425,0
5.1139,1.9003,0
6.05291,-0.17202,0
5.92188,-0.33691,0
5.90812,0.10709,0
6.19862,-0.22074,0
5.29544,1.71013,0
5.88733,0.14501,0
6.01212,0.08851,0
5.18019,1.91145,0
5.95941,0.07497,0
5.92176,-0.32223,0
5.9826,0.19376,0
5.21476,1.80722,0
5.96702,0.01158,0
6.01053,-0.09779,0
5.25553,1.77002,0
5.99433,0.04075,0
5.97906,0.27314,0
5.90742,0.37836,0
5.91081,0.08052,0
5.1035,1.89921,0
5.92965,-0.17878,0
5.91188,0.29768,0
5.98113,-0.18301,0
5.96987,0.27855,0
5.82471,0.24659,0
5.81924,0.33177,0
5.92871,0.19109,0
5.38556,1.40013,0
5.89813,0.35485,0
5.94181,0.18332,0
6.04326,0.08955,0
5.91392,-0.30092,0
5.97083,0.22268,0
5.98774,-0.12158,0
5.08151,1.9197,0
6.08182,-0.00144,0
5.9732,-0.27519,0
5.43962,1.34203,0
6.04197,-0.22231,0
6.01486,-0.16995,0
5.95164,-0.10016,0
5.89051,0.09848,0
6.07746,0.04839,0
5.98132,-0.09074,0
6.09867,-0.3111,0
5.50415,1.28497,0
5.22777,1.88062,0
5.25174,1.82198,0
6.0554,-0.43811,0
6.04952,-0.40789,0
6.05282,-0.44105,0
6.12845,-0.35643,0
6.05663,-0.4024,0
5.41111,1.64271,0
6.08436,-0.3855,0
5.85332,-0.51962,0
5.27634,1.83038,0
6.01462,-0.40276,0
6.03918,-0.37425,0
5.29621,1.87999,0
5.41971,1.48952,0
5.34845,1.76729,0
6.0969,-0.37707,0
5.95794,-0.49863,0
5.27814,1.83968,0
5.34907,1.75687,0
5.34474,1.7185,0
6.10549,-0.42224,0
5.40861,1.55574,0
5.56348,1.24361,0
5.33733,1.85738,0
5.95036,-0.46772,0
5.41874,1.6362,0
5.90118,-0.52131,0
5.33181,1.869,0
5.89546,-0.44081,0
5.35447,1.66852,0
5.46301,1.45081,0
5.40126,1.65336,0
5.35639,1.65252,0
5.53325,1.28813,0
5.47041,1.43971,0
6.12149,-0.36847,0
5.31986,1.85241,0
5.37159,1.70124,0
5.49516,1.44384,0
5.42327,1.58628,0
5.37377,1.70607,0
5.95753,-0.39057,0
5.90343,-0.46014,0
5.36269,1.68712,0
5.44106,1.45938,0
5.96812,-0.42012,0
5.94064,-0.4119,0
5.41453,1.61102,0
5.51206,1.29151,0
6.0423,-0.37356,0
5.54014,1.32253,0
5.32992,1.76774,0
5.95503,-0.43355,0
5.94904,-0.40185,0
5.94227,-0.40042,0
5.53297,1.33523,0
5.33339,1.70442,0
6.14272,-0.31918,0
6.09056,-0.38882,0
5.97498,-0.38823,0
5.49673,1.49886,0
5.54081,1.362,0
5.99873,-0.53696,0
5.89433,-0.56464,0
5.42292,1.66843,0
6.10694,-0.50163,0
5.5903,1.21621,0
6.15602,-0.48923,0
5.53853,1.35123,0
5.41312,1.74278,0
5.86621,-0.58034,0
5.50585,1.4662,0
5.36366,1.85598,0
5.55857,1.3205,0
6.02612,-0.53532,0
5.40353,1.761,0
5.47774,1.49792,0
5.44427,1.62987,0
5.84262,-0.58922,0
5.85296,-0.58997,0
5.48609,1.54149,0
5.76017,-0.78049,0
5.75574,-0.77234,0
5.73217,-0.76499,0
5.75465,-0.76073,0
5.47671,1.62814,0
5.88188,-0.69406,0
5.57452,1.34929,0
5.49094,1.53215,0
5.74002,-0.78871,0
5.56109,1.35649,0
5.59694,1.46856,0
5.54735,1.40023,0
5.87722,-0.67261,0
5.96814,-0.6638,0
5.47629,1.62117,0
5.97198,-0.58086,0
5.49612,1.56281,0
5.58216,1.67433,0
5.62999,1.36674,0
5.52956,1.46689,0
5.68155,1.14039,0
6.01747,-0.75367,0
5.8589,-0.62217,0
5.91643,-0.72136,0
5.76582,-0.76103,0
6.05841,-0.64873,0
6.04322,-0.60974,0
5.76286,-0.81268,0
5.82881,-0.67894,0
5.53092,1.47679,0
5.51652,1.51593,0
5.71541,-0.74177,0
6.0372,-0.68005,0
5.90053,-0.76782,0
5.76981,-0.7957,0
5.87431,-0.62225,0
5.49021,1.57716,0
5.60829,1.46559,0
5.58096,1.44769,0
5.94507,-0.62356,0
5.95073,-0.66755,0
5.5492,1.53972,0
5.6283,1.44106,0
5.92095,-0.66923,0
5.99402,-0.68886,0
5.77885,-0.80616,0
5.60196,1.3361,0
5.84937,-0.74122,0
5.58755,1.27488,0
5.77226,-0.74072,0
5.51928,1.4909,0
5.51652,1.59992,0
5.56372,1.52875,0
5.57103,1.41771,0
5.82414,-0.62419,0
5.69354,1.14418,0
5.92491,-0.59066,0
6.07692,-0.64392,0
5.91308,-0.75412,0
5.78119,-0.77614,0
5.61266,1.3923,0
5.76938,-0.75766,0
5.52349,1.61694,0
5.56468,1.6179,0
5.97444,-0.59033,0
6.02498,-0.66108,0
5.60486,1.5247,0
5.94216,-0.77655,0
5.62398,1.25823,0
5.98562,-0.76877,0
5.90511,-0.79475,0
5.56785,1.35318,0
5.74244,-0.75189,0
5.68216,1.16307,0
5.50942,1.6649,0
5.59428,1.42685,0
5.68659,1.2355,0
5.69991,1.13707,0
5.64655,1.4171,0
5.44648,1.76381,0
5.44485,1.76258,0
5.46339,1.67544,0
6.10271,-0.55313,0
5.4285,1.72848,0
5.41695,1.75145,0
6.07851,-0.57488,0
6.0665,-0.55431,0
5.41832,1.76609,0
6.06535,-0.54213,0
5.52241,1.68659,0
6.10651,-0.69426,0
5.52759,1.68889,0
6.09864,-0.62663,0
6.11273,-0.71127,0
5.48249,1.69125,0
5.77149,1.02897,0
5.76012,1.0431,0
4.22328,2.3338,0
5.78128,1.02564,0
6.01888,0.80984,0
5.85595,0.96346,0
6.0208,0.25303,0
5.96183,0.33658,0
6.0555,0.154,0
6.05282,0.43907,0
6.0696,0.21291,0
6.14657,0.32272,0
6.08945,0.39786,0
6.17901,0.27091,0
6.1792,0.26147,0
6.0688,0.25042,0
6.0023,0.338,0
6.22833,0.21479,0
5.97868,0.41498,0
6.20573,0.20172,0
5.98476,0.28249,0
6.04846,0.1831,0
6.16426,0.20161,0
6.04732,0.36464,0
5.93144,0.40259,0
6.0145,0.4444,0
5.95485,0.3339,0
6.13622,0.28203,0
6.04761,0.2753,0
6.03796,0.36945,0
6.05751,0.22831,0
6.04802,0.18142,0
6.13236,0.2374,0
6.11235,0.16422,0
6.02355,0.22106,0
6.09567,0.22053,0
5.91756,0.4315,0
6.14185,0.18869,0
6.10508,0.28937,0
6.02203,0.43997,0
6.17452,0.21084,0
6.04947,0.17014,0
6.07255,0.16595,0
6.07208,0.34868,0
5.95417,0.46296,0
6.06426,0.34237,0
6.11718,0.24829,0
6.17833,0.23722,0
6.06151,0.43542,0
5.96765,0.44238,0
6.18129,0.26341,0
5.9706,0.50187,0
6.15977,0.24445,0
6.09501,0.25772,0
6.13175,0.29368,0
6.02896,0.35961,0
6.15301,0.24397,0
6.09202,0.2524,0
6.0939,0.34629,0
6.12037,0.39247,0
6.06928,0.47653,0
6.12587,0.36635,0
6.16197,0.42961,0
6.06715,0.52716,0
6.12253,0.45036,0
6.05361,0.53503,0
6.15664,0.46194,0
6.04196,0.59001,0
6.08054,0.47791,0
6.10056,0.51506,0
6.13792,0.44342,0
6.08297,0.45595,0
6.10649,0.38098,0
6.04502,0.58606,0
6.14988,0.51586,0
6.12201,0.5371,0
6.09242,0.78567,0
5.77251,1.05665,0
5.97938,0.88109,0
6.10088,0.79792,0
5.82446,1.01415,0
6.00305,0.85528,0
6.02813,0.86897,0
5.90163,1.02313,0
5.92712,1.05971,0
5.84481,1.14356,0
5.77703,1.16461,0
3.94674,-2.30916,0
5.90507,0.97208,0
5.80917,1.10085,0
5.84033,1.07588,0
5.94647,0.96914,0
5.95982,0.96829,0
4.00475,-2.26905,0
3.94281,-2.32063,0
5.88097,1.00618,0
5.89648,0.98495,0
5.95338,1.02239,0
5.95842,0.97733,0
5.70511,1.19735,0
5.69865,1.20607,0
5.76795,1.15634,0
3.94933,-2.29024,0
4.00902,-2.26566,0
5.73726,1.10492,0
5.8964,1.02735,0
5.85495,1.1378,0
3.97645,-2.31977,0
5.86144,1.14971,0
4.0136,-2.29891,0
3.9265,-2.30483,0
5.76514,1.16457,0
5.717,1.22653,0
5.95721,0.94424,0
5.83261,1.11315,0
3.98197,-2.30696,0
3.95681,-2.2486,0
3.96952,-2.29071,0
3.97639,-2.22354,0
5.80961,1.0791,0
5.94535,0.95754,0
5.80992,1.14543,0
5.86381,1.06989,0
5.8559,1.09172,0
5.95473,1.00108,0
5.76563,1.08528,0
6.00014,1.02172,0
5.77502,1.18004,0
5.79915,1.08338,0
3.89257,-2.34251,0
5.96996,0.93996,0
6.02867,1.03711,0
6.01723,1.02604,0
4.01968,-2.34147,0
4.07085,-2.27834,0
5.75763,1.24248,0
5.90125,1.13494,0
5.96192,1.11853,0
5.7979,1.20755,0
4.08465,-2.29722,0
4.13538,-2.27087,0
5.96162,1.13193,0
5.79517,1.23107,0
4.04158,-2.30987,0
5.77318,1.22297,0
5.82112,1.20267,0
5.87977,1.15621,0
5.77607,1.23223,0
5.88128,1.151,0
6.12822,0.7457,0
6.07484,0.61012,0
6.15846,0.71594,0
6.1549,0.32456,0
6.19119,0.37124,0
6.10013,0.58529,0
6.15417,0.35154,0
6.10545,0.56627,0
6.23919,0.35611,0
6.2018,0.31102,0
6.24773,0.32891,0
6.23575,0.27639,0
6.2145,0.27134,0
6.24621,0.26279,0
6.13226,0.5794,0
6.25942,0.45017,0
6.23055,0.47248,0
6.2742,0.42987,0
6.10457,0.10472,0
6.23092,0.22413,0
6.09145,0.09923,0
6.1747,0.16987,0
6.16967,0.16289,0
3.51198,-2.3648,0
3.35059,-2.34357,0
3.35064,-2.3564,0
3.53202,-2.42418,0
3.57871,-2.36063,0
3.51601,-2.40349,0
6.26153,0.49196,0
3.57405,-2.37973,0
3.55834,-2.39767,0
3.76493,-2.43861,0
6.12952,0.65688,0
3.71807,-2.43039,0
6.20345,0.67241,0
6.14104,0.62032,0
3.75331,-2.37094,0
3.70001,-2.39164,0
3.7139,-2.37711,0
6.19246,0.09626,0
6.28277,0.19107,0
6.25556,0.04771,0
3.23856,-2.36523,0
6.3207,0.13603,0
3.22905,-2.34536,0
6.1351,0.03738,0
6.19504,0.09182,0
3.25943,-2.37658,0
6.34769,0.12264,0
6.17856,0.06183,0
6.22345,0.18576,0
6.12882,0.00646,0
3.24605,-2.33058,0
6.26363,0.13294,0
6.31355,0.15183,0
6.17865,0.03183,0
6.13295,0.05872,0
6.12844,0.00561,0
6.11285,-0.00028,0
6.26762,0.04369,0
6.25758,0.09925,0
6.25243,0.16579,0
3.16374,-2.26835,0
6.32136,0.12674,0
6.27246,0.09287,0
6.30417,0.13469,0
6.28609,0.15257,0
6.16785,0.10653,0
6.2468,0.06125,0
6.27763,0.17011,0
6.16527,0.10064,0
6.22264,0.14485,0
3.23646,-2.33318,0
6.27225,0.11165,0
6.23035,0.06812,0
3.21708,-2.33756,0
6.21157,-0.00096,0
6.25344,0.03784,0
4.13211,-2.38245,0
4.1125,-2.54373,0
4.20853,-2.32228,0
6.02944,0.90868,0
4.19997,-2.31058,0
6.02945,0.95826,0
4.09648,-2.50784,0
4.06005,-2.47058,0
4.11459,-2.53193,0
4.1031,-2.37758,0
3.97618,-2.4089,0
4.13105,-2.4267,0
4.09853,-2.51599,0
4.01117,-2.49045,0
6.0644,0.92618,0
4.13811,-2.39419,0
4.01856,-2.44539,0
4.12079,-2.50737,0
3.99197,-2.40978,0
4.06169,-2.38585,0
4.18216,-2.29406,0
6.06797,0.92613,0
4.09507,-2.53633,0
4.14127,-2.3798,0
4.05734,-2.43171,0
4.11281,-2.5053,0
4.08825,-2.38478,0
4.23566,-2.30846,0
4.18497,-2.34073,0
4.14858,-2.40174,0
4.18982,-2.35715,0
4.01085,-2.49033,0
4.14047,-2.47244,0
3.96257,-2.3924,0
4.02962,-2.43615,0
4.20539,-2.3052,0
4.30819,-2.32249,0
5.73062,1.30364,0
5.67735,1.31054,0
4.30948,-2.3816,0
4.52143,-2.25075,0
5.66708,1.34993,0
5.72933,1.28119,0
4.40122,-2.30962,0
4.5026,-2.40119,0
4.41621,-2.28969,0
4.65585,-2.2624,0
4.45327,-2.40183,0
4.38627,-2.35978,0
4.30313,-2.39615,0
4.3519,-2.39914,0
4.23303,-2.35641,0
4.45587,-2.35142,0
4.56437,-2.29552,0
4.51572,-2.28446,0
4.54221,-2.31788,0
4.53483,-2.44385,0
4.51591,-2.41606,0
4.61703,-2.22182,0
5.78805,1.31566,0
4.54929,-2.27627,0
4.6003,-2.27778,0
4.6187,-2.31298,0
4.62786,-2.21502,0
4.52792,-2.33887,0
4.55803,-2.40405,0
4.61607,-2.28724,0
4.53499,-2.32084,0
4.57701,-2.36187,0
4.39574,-2.34952,0
4.47202,-2.39835,0
4.61928,-2.33744,0
4.60205,-2.20978,0
4.57886,-2.41776,0
5.7284,1.31587,0
4.60291,-2.29977,0
5.7235,1.27319,0
4.41269,-2.42823,0
4.54995,-2.23736,0
4.50402,-2.44949,0
4.54723,-2.36946,0
4.3112,-2.32892,0
4.59198,-2.36979,0
4.43628,-2.42625,0
4.37106,-2.35893,0
4.64885,-2.27742,0
4.60869,-2.26061,0
4.82695,-2.31794,0
4.77074,-2.31618,0
4.77657,-2.29503,0
4.72824,-2.37431,0
4.76609,-2.4375,0
4.84903,-2.23176,0
4.80605,-2.1354,0
4.78509,-2.25464,0
4.79917,-2.24153,0
4.76814,-2.22423,0
4.79486,-2.38551,0
4.72076,-2.32582,0
4.70016,-2.31455,0
4.80077,-2.39121,0
4.77833,-2.32823,0
4.83909,-2.18199,0
4.66199,-2.3648,0
4.66936,-2.41281,0
4.78936,-2.39549,0
4.67821,-2.39738,0
4.75076,-2.20063,0
4.86845,-2.15631,0
4.80286,-2.37109,0
4.7581,-2.18286,0
4.7492,-2.22356,0
4.85138,-2.1249,0
4.70255,-2.40406,0
4.80198,-2.24483,0
4.70141,-2.28489,0
4.75582,-2.35847,0
4.76891,-2.34106,0
4.76619,-2.28048,0
4.85704,-2.19554,0
4.73892,-2.39859,0
4.71881,-2.24868,0
5.33111,-1.82247,0
5.22838,-1.97554,0
5.06721,-2.15321,0
4.98069,-2.03759,0
5.24473,-2.02965,0
5.3517,-1.77319,0
5.19361,-1.97883,0
5.25263,-1.84157,0
5.02802,-2.03347,0
4.93136,-2.07086,0
5.14403,-1.92462,0
4.92313,-2.18327,0
5.0411,-2.04049,0
5.11622,-2.11735,0
4.94242,-2.05202,0
5.32059,-1.927,0
3.07443,-2.30142,0
5.13475,-1.9752,0
5.02911,-2.12202,0
5.12324,-1.99217,0
5.1547,-1.98968,0
5.31262,-1.8382,0
5.14771,-2.07578,0
5.13675,-1.90181,0
5.24344,-1.88039,0
4.91369,-2.11655,0
5.32029,-1.78062,0
5.20264,-2.11405,0
5.23638,-1.93134,0
5.32034,-1.85934,0
5.37077,-1.98006,0
5.24394,-2.04912,0
5.17162,-2.11533,0
5.19904,-1.98915,0
5.33794,-1.85713,0
5.32521,-1.80819,0
4.93239,-2.05918,0
5.06264,-1.97106,0
5.16878,-2.08169,0
3.0829,-2.30269,0
5.30053,-2.04219,0
4.88044,-2.14386,0
5.39169,-2.09661,0
5.22507,-2.05939,0
5.34156,-2.09713,0
5.10995,-1.97556,0
5.25258,-2.15268,0
4.97675,-2.11869,0
5.3703,-1.96766,0
5.2134,-2.03082,0
4.88754,-2.14338,0
3.15233,-2.31214,0
5.37174,-1.83224,0
4.96387,-2.1447,0
5.14277,-1.96231,0
5.10343,-1.92308,0
5.24079,-1.90826,0
5.02966,-1.98634,0
5.25969,-2.13955,0
5.00558,-2.136,0
5.02091,-2.16694,0
5.10691,-2.03479,0
5.22511,-2.03847,0
5.1321,-2.02037,0
5.28581,-1.9704,0
4.8998,-2.05152,0
5.26487,-2.03843,0
5.39661,-2.05558,0
5.22115,-2.07033,0
4.92048,-2.16039,0
3.13682,-2.2682,0
4.90037,-2.18529,0
5.19728,-2.00049,0
5.16856,-1.88586,0
5.01979,-2.13617,0
5.03109,-2.01276,0
5.08084,-2.13435,0
5.33665,-1.88503,0
5.19795,-1.91951,0
5.18258,-2.00243,0
5.25692,-1.91699,0
5.37452,-1.92067,0
5.34416,-2.07414,0
4.99386,-2.14245,0
5.13025,-2.03801,0
5.2545,-2.1537,0
5.21142,-1.86879,0
5.15093,-2.04997,0
5.13048,-1.92097,0
5.20846,-1.83205,0
4.96402,-2.17266,0
5.36688,-1.74198,0
4.94613,-2.05721,0
5.00026,-2.16177,0
5.36655,-1.83743,0
5.38072,-1.92551,0
5.20956,-1.91502,0
5.18047,-1.96499,0
5.10317,-2.11534,0
3.10371,-2.3195,0
4.9789,-2.05845,0
4.93481,-2.09745,0
5.37164,-2.13412,0
5.32869,-1.79161,0
5.37809,-2.03641,0
3.37091,-2.35933,0
5.43974,-1.88394,0
5.46057,-1.91065,0
3.35424,-2.36173,0
5.40385,-1.85332,0
3.30583,-2.37315,0
3.04847,-2.34341,0
5.44398,-1.9648,0
3.2195,-2.37976,0
5.37742,-1.6713,0
5.41455,-1.85183,0
5.46911,-1.80319,0
5.4446,-1.66305,0
3.1482,-2.38268,0
5.44806,-1.91893,0
5.48001,-1.94319,0
5.44756,-1.93724,0
5.42806,-1.701,0
5.50221,-1.93337,0
5.44794,-1.74385,0
5.41981,-1.87658,0
3.10161,-2.36557,0
5.44708,-2.07194,0
3.19366,-2.3559,0
3.06154,-2.38734,0
5.48536,-1.94214,0
5.45573,-2.0217,0
5.49673,-2.03762,0
3.05925,-2.39974,0
3.31977,-2.36926,0
3.12025,-2.38786,0
5.43032,-2.06085,0
5.44124,-1.83457,0
5.37322,-1.68193,0
3.1691,-2.38846,0
5.42316,-1.88663,0
5.43566,-1.90577,0
5.39131,-1.93401,0
3.3226,-2.36343,0
5.44493,-1.92206,0
5.43081,-1.87919,0
5.48385,-1.86626,0
5.45229,-1.92872,0
5.44489,-2.12031,0
5.40768,-2.14182,0
5.08565,-2.1858,0
4.9394,-2.18867,0
5.44723,-2.14321,0
4.95964,-2.18306,0
5.33595,-2.16079,0
5.00388,-2.18973,0
5.07685,-2.18969,0
5.28041,-2.17,0
5.22473,-2.22933,0
5.30625,-2.21409,0
4.87123,-2.22425,0
5.199,-2.24233,0
5.24091,-2.2059,0
5.07544,-2.2325,0
5.13213,-2.24851,0
5.15096,-2.20416,0
5.22516,-2.19154,0
5.16571,-2.23884,0
5.3711,-2.16898,0
4.90012,-2.25134,0
4.96846,-2.22903,0
5.2487,-2.19693,0
5.02075,-2.2062,0
5.26627,-2.18745,0
5.14836,-2.25464,0
5.22465,-2.28229,0
4.88695,-2.27418,0
5.22514,-2.27271,0
5.02595,-2.26709,0
4.90281,-2.28622,0
5.09345,-2.25952,0
4.99853,-2.29119,0
5.01601,-2.29726,0
5.24234,-2.27677,0
4.978,-2.28658,0
5.23529,-2.2694,0
4.95671,-2.27077,0
5.27129,-2.28332,0
5.16466,-2.30587,0
4.8898,-2.31025,0
4.91311,-2.33865,0
4.91163,-2.33688,0
4.94983,-2.3419,0
4.91508,-2.32161,0
4.99598,-2.35567,0
5.21291,-2.32727,0
4.99752,-2.32085,0
5.16318,-2.3238,0
5.15409,-2.3617,0
4.85781,-2.31393,0
4.9217,-2.34421,0
5.11077,-2.35111,0
5.10863,-2.35227,0
4.91814,-2.34052,0
4.94907,-2.33782,0
4.83459,-2.38223,0
5.14933,-2.3934,0
4.91618,-2.36246,0
5.12278,-2.37408,0
5.00012,-2.36942,0
4.85924,-2.37992,0
4.88131,-2.39058,0
4.93844,-2.38605,0
4.86122,-2.39187,0
5.06262,-2.4383,0
4.81198,-2.414,0
4.92644,-2.42251,0
5.02094,-2.50123,0
4.99012,-2.47439,0
4.84343,-2.41861,0
4.9207,-2.47342,0
4.9325,-2.42959,0
4.91386,-2.42725,0
4.85205,-2.46908,0
5.00841,-2.50673,0
4.84208,-2.46101,0
4.89429,-2.44757,0
4.61,-2.45498,0
4.23562,-2.3942,0
4.93735,-2.51278,0
4.67324,-2.45741,0
4.7284,-2.47627,0
4.80561,-2.48474,0
5.77114,-1.46576,0
4.18912,-2.66051,0
5.88002,-1.05336,0
6.0006,-1.1264,0
5.93581,-1.12382,0
6.08271,-1.26736,0
5.81257,-0.91316,0
5.56371,-1.59475,0
5.79766,-1.4413,0
5.93094,-1.0602,0
5.56384,-1.56911,0
4.21114,-2.49471,0
4.34714,-2.53804,0
4.36229,-2.51437,0
6.05197,-1.29551,0
6.0435,-1.19139,0
5.83955,-1.21186,0
5.73045,-1.37725,0
6.0509,-1.42173,0
5.96296,-1.33511,0
6.05726,-1.20773,0
5.91716,-1.03514,0
4.14334,-2.5118,0
4.32671,-2.55898,0
4.24314,-2.44518,0
6.00316,-1.08361,0
5.57042,-1.5197,0
4.15322,-2.56951,0
6.19367,-1.41059,0
5.97762,-1.28422,0
6.1422,-1.4451,0
5.97991,-1.25094,0
5.91854,-1.49916,0
5.98138,-1.2682,0
5.68472,-1.43813,0
5.71131,-1.46274,0
6.12193,-1.2943,0
5.95359,-0.96294,0
5.83277,-1.21615,0
5.78087,-1.29792,0
5.99676,-1.31915,0
5.86269,-0.96697,0
5.72831,-1.25899,0
6.09607,-1.42811,0
5.96849,-1.43398,0
4.37594,-2.54902,0
5.7429,-1.41223,0
4.20938,-2.57922,0
5.64523,-1.61389,0
4.37346,-2.4825,0
5.63676,-1.65404,0
4.04627,-2.60317,0
5.98144,-1.32951,0
4.17042,-2.6365,0
4.23062,-2.44711,0
5.94046,-1.46085,0
6.22875,-1.39262,0
4.11474,-2.66912,0
4.41425,-2.52716,0
5.7233,-1.63191,0
6.18336,-1.37042,0
6.10344,-1.23834,0
5.91728,-1.276,0
4.36613,-2.46017,0
5.76519,-1.38224,0
6.00008,-1.53338,0
4.16472,-2.66798,0
5.47033,-1.67379,0
5.92222,-0.94439,0
5.92381,-1.53649,0
4.36112,-2.52668,0
5.79451,-1.25712,0
5.74399,-1.64089,0
5.52957,-1.7932,0
6.00046,-1.26167,0
4.19873,-2.66265,0
5.63866,-1.63809,0
4.32913,-2.5204,0
4.107,-2.59396,0
5.8741,-0.86485,0
6.17288,-1.3142,0
5.51223,-1.7657,0
5.59466,-1.63507,0
5.59538,-1.72467,0
5.59505,-1.58796,0
5.9097,-1.25407,0
6.13358,-1.41907,0
5.95645,-1.37043,0
4.34555,-2.5648,0
5.63357,-1.50608,0
6.03992,-1.40499,0
5.7024,-1.49221,0
5.92412,-1.02652,0
6.04958,-1.24467,0
6.07392,-1.23897,0
5.77537,-1.38638,0
6.07898,-1.27566,0
6.04467,-1.15641,0
5.79722,-1.38145,0
6.19245,-1.40966,0
5.97503,-1.10873,0
6.01332,-1.05015,0
5.98191,-1.45613,0
5.67372,-1.59265,0
4.05495,-2.6041,0
5.88686,-1.60082,0
5.67229,-1.50217,0
5.88028,-1.24222,0
4.33328,-2.55319,0
6.14856,-1.26896,0
4.21017,-2.55094,0
5.81057,-1.40362,0
5.64158,-1.49215,0
5.74534,-1.40165,0
5.86506,-1.45934,0
6.12871,-1.3229,0
5.69625,-1.53408,0
5.64155,-1.64455,0
4.06349,-2.61539,0
5.55199,-1.69128,0
5.8402,-1.32715,0
5.72743,-1.3458,0
5.99319,-1.02602,0
5.9345,-1.47947,0
5.72606,-1.46246,0
5.53878,-1.75922,0
5.97279,-1.07847,0
5.71711,-1.43758,0
4.31947,-2.59026,0
5.77775,-1.54901,0
5.52706,-1.77977,0
5.70983,-1.54743,0
5.77224,-1.53824,0
5.89928,-1.51282,0
4.15041,-2.51542,0
4.23258,-2.50701,0
4.22066,-2.42502,0
6.06604,-1.22451,0
5.7386,-1.35394,0
5.9368,-1.01021,0
5.8965,-1.40726,0
5.75253,-1.52509,0
5.90123,-0.94133,0
4.20191,-2.46698,0
5.93595,-1.09649,0
5.70988,-1.64329,0
5.82955,-1.36734,0
5.85997,-1.61504,0
5.8377,-1.28431,0
4.25976,-2.43736,0
5.99944,-1.23311,0
6.07971,-1.34602,0
5.92289,-0.99842,0
5.75776,-1.66825,0
5.67201,-1.42458,0
5.52438,-1.61735,0
5.71802,-1.64004,0
5.81633,-0.93004,0
5.90127,-1.56129,0
4.29496,-2.51326,0
6.07691,-1.45848,0
5.99077,-1.2591,0
4.21713,-2.61707,0
5.87329,-1.58471,0
4.44012,-2.49491,0
5.5851,-1.63171,0
5.77279,-1.65492,0
5.64191,-1.45515,0
5.9894,-1.36827,0
5.76547,-1.68037,0
5.51444,-1.8082,0
5.88946,-1.04125,0
5.59345,-1.54803,0
5.84036,-1.40531,0
5.97918,-1.48886,0
5.88052,-1.00462,0
5.92294,-1.04614,0
5.85393,-1.43768,0
5.77967,-1.43388,0
5.62702,-1.60823,0
6.18478,-1.34987,0
5.96605,-1.517,0
5.76427,-1.62502,0
5.59086,-1.61898,0
5.59826,-1.63019,0
4.20506,-2.58503,0
4.22173,-2.41961,0
5.92119,-1.39163,0
5.80777,-0.89248,0
5.78501,-1.62354,0
5.92052,-1.57964,0
5.65146,-1.49981,0
4.25192,-2.54109,0
4.23394,-2.57372,0
5.67636,-1.6738,0
6.09023,-1.38619,0
6.06057,-1.3911,0
5.47122,-1.62558,0
6.08804,-1.36757,0
5.97095,-1.04973,0
4.1822,-2.58661,0
5.75905,-1.42635,0
5.56148,-1.5786,0
6.03361,-1.20197,0
5.96375,-1.33183,0
5.72471,-1.31535,0
5.53086,-1.65845,0
6.02398,-1.4452,0
5.829,-0.90158,0
4.21925,-2.41024,0
6.11006,-1.32887,0
5.9927,-1.52769,0
4.02562,-2.55573,0
5.6979,-1.6131,0
4.17466,-2.54903,0
4.10893,-2.68667,0
5.81864,-1.31365,0
5.80463,-1.57586,0
5.63083,-1.47114,0
5.7893,-1.3306,0
4.24791,-2.63523,0
6.03966,-1.19916,0
5.48227,-1.76001,0
3.96717,-2.4783,0
5.87595,-0.91967,0
5.78971,-1.53287,0
5.88818,-1.47418,0
5.9143,-1.25462,0
5.939,-1.28039,0
5.616,-1.50498,0
6.0909,-1.46536,0
5.66382,-1.72547,0
5.82212,-0.84112,0
6.01262,-1.19847,0
5.90825,-1.29598,0
5.5392,-1.7316,0
5.86074,-1.27131,0
4.47212,-2.49177,0
5.71338,-1.55136,0
5.64367,-1.55217,0
5.52423,-1.70629,0
5.78783,-1.61952,0
6.02129,-1.36705,0
6.08851,-1.10717,0
5.93663,-0.86853,0
6.19837,-0.96038,0
6.14736,-1.0319,0
5.91085,-0.82408,0
6.08767,-1.02676,0
4.47241,-2.64015,0
6.12472,-1.20576,0
6.11695,-0.86577,0
4.55694,-2.63496,0
6.21012,-1.04304,0
6.01227,-0.89374,0
6.16792,-1.0931,0
6.11252,-1.02268,0
5.95623,-0.88677,0
6.03948,-1.05974,0
6.07773,-0.78494,0
6.17262,-1.06743,0
4.63746,-2.56191,0
4.63911,-2.48551,0
6.26624,-1.02636,0
6.10235,-0.94705,0
6.18752,-1.1695,0
4.55719,-2.54532,0
4.59619,-2.52944,0
4.48653,-2.55848,0
4.38571,-2.60071,0
5.91422,-0.80695,0
6.03515,-1.01171,0
6.14631,-1.07682,0
5.98301,-0.88929,0
6.29399,-1.08283,0
4.5247,-2.65412,0
6.24624,-1.15407,0
6.10553,-1.02194,0
6.04934,-0.85141,0
6.18939,-1.2495,0
6.13441,-1.10566,0
6.19012,-0.99732,0
6.10006,-1.0808,0
4.44888,-2.54153,0
5.97736,-0.86146,0
6.15916,-1.23662,0
6.09051,-1.13274,0
5.99625,-0.87239,0
6.12421,-0.84261,0
6.11761,-1.12363,0
6.19798,-1.22361,0
4.59867,-2.47592,0
6.01943,-0.90555,0
6.29561,-1.14285,0
6.04776,-0.96648,0
6.1082,-1.13238,0
6.16478,-1.02422,0
4.44076,-2.54696,0
6.27935,-1.17735,0
6.13475,-1.07247,0
6.14099,-1.20073,0
5.97079,-0.7974,0
6.11893,-1.1562,0
5.94533,-0.89548,0
6.23246,-0.96659,0
6.08117,-1.14945,0
6.2087,-1.10632,0
6.24668,-1.11039,0
5.97735,-0.8771,0
4.36387,-2.58824,0
6.10936,-1.19444,0
5.95863,-0.81867,0
6.17285,-1.17877,0
5.99257,-0.89364,0
4.50164,-2.58201,0
6.02318,-0.95146,0
6.09127,-0.86518,0
6.10496,-1.01361,0
6.02058,-1.03414,0
6.26548,-1.02568,0
4.50424,-2.57288,0
4.51697,-2.61153,0
6.14214,-0.90774,0
6.15743,-1.04485,0
6.17035,-1.16932,0
6.11331,-1.00541,0
6.09248,-1.03145,0
6.06389,-0.78261,0
6.14904,-0.8639,0
4.67685,-2.5468,0
6.27296,-0.98054,0
4.87898,-2.54332,0
6.28176,-0.82378,0
6.2332,-0.67251,0
6.30532,-0.93556,0
6.2807,-0.96569,0
6.31692,-0.8088,0
6.1544,-0.8413,0
6.20755,-0.76792,0
6.30264,-0.73256,0
6.22883,-0.72096,0
6.36128,-0.82313,0
6.31484,-0.89413,0
4.7554,-2.56475,0
6.23095,-0.87485,0
6.29377,-0.74529,0
6.24938,-0.77302,0
6.19991,-0.68675,0
6.08736,-0.77792,0
4.80647,-2.5387,0
6.32219,-0.92301,0
4.84305,-2.51865,0
4.84691,-2.57508,0
6.27903,-0.70292,0
6.31728,-0.9472,0
4.75735,-2.58194,0
6.26962,-0.75341,0
6.18665,-0.81105,0
6.32971,-0.81626,0
6.34938,-0.8097,0
4.82023,-2.60594,0
6.15297,-0.77824,0
6.18476,-0.60388,0
6.38892,-0.74266,0
4.80865,-2.52043,0
6.29341,-0.93712,0
6.35138,-0.79656,0
6.21833,-0.84493,0
6.28716,-0.82506,0
6.24104,-0.66361,0
6.12481,-0.81861,0
6.23966,-0.74996,0
6.21556,-0.80664,0
6.39944,-0.77369,0
6.33175,-0.72721,0
6.22001,-0.90838,0
4.76528,-2.58967,0
4.87855,-2.51881,0
6.09077,-0.78821,0
6.41112,-0.84915,0
6.2447,-0.96424,0
4.74877,-2.59848,0
4.82074,-2.60893,0
6.25645,-0.91152,0
6.24275,-0.88,0
4.79309,-2.6122,0
4.78443,-2.64551,0
6.41417,-0.78666,0
6.13765,-0.73766,0
6.24688,-0.64547,0
6.27809,-0.95971,0
6.32975,-0.71168,0
6.2983,-0.93588,0
6.35053,-0.91232,0
6.3998,-0.80059,0
6.12976,-0.7031,0
6.37337,-0.75056,0
6.26556,-0.80786,0
6.17281,-0.77396,0
6.32956,-0.92339,0
6.17712,-0.63647,0
6.32465,-0.62172,0
6.22362,-0.51422,0
6.2138,-0.51426,0
6.20494,-0.52878,0
6.29562,-0.54232,0
6.21103,-0.47776,0
6.46399,-0.67746,0
6.31607,-0.58593,0
6.27426,-0.52112,0
6.41242,-0.65204,0
6.29451,-0.584,0
6.31608,-0.61737,0
6.22243,-0.55652,0
6.43511,-0.68658,0
6.28177,-0.52726,0
6.38279,-0.72546,0
6.20554,-0.56352,0
6.3433,-0.58131,0
6.39613,-0.67068,0
6.33609,-0.65037,0
6.45892,-0.63643,0
6.42897,-0.64134,0
6.38682,-0.57765,0
4.98634,-2.55539,0
5.01462,-2.51433,0
6.39032,-0.58618,0
5.53008,-1.86401,0
6.27013,-0.48475,0
6.21219,-0.45914,0
6.25188,-0.49508,0
4.85692,-2.6036,0
4.84197,-2.62555,0
6.46053,-0.7132,0
5.55375,-1.84446,0
5.51437,-1.90373,0
4.90453,-2.64761,0
5.51789,-1.88802,0
5.05026,-2.50971,0
5.03869,-2.53579,0
4.89607,-2.6589,0
5.08966,-2.46473,0
5.09582,-2.4463,0
5.00881,-2.56079,0
4.6335,-2.65076,0
4.64272,-2.62348,0
4.66266,-2.67626,0
4.6475,-2.663,0
4.61347,-2.62362,0
4.69172,-2.62132,0
4.71439,-2.65294,0
4.77651,-2.66647,0
4.67574,-2.62182,0
4.774,-2.74512,0
4.69483,-2.67829,0
5.55668,-1.86059,0
5.56379,-1.85043,0
4.71288,-2.61451,0
4.73548,-2.61287,0
4.60874,-2.64016,0
4.75022,-2.68886,0
4.77267,-2.65643,0
4.78009,-2.67014,0
4.65762,-2.65579,0
4.74825,-2.76496,0
4.81487,-2.72996,0
5.62513,-1.7865,0
5.612,-1.80543,0
4.90113,-2.67028,0
4.85512,-2.72059,0
5.52072,-1.93143,0
4.84902,-2.73005,0
4.82895,-2.7608,0
4.52491,-2.67486,0
5.733,-1.7164,0
5.72117,-1.73182,0
4.66382,-2.76149,0
6.34278,-1.08326,0
4.58441,-2.76484,0
4.6618,-2.84566,0
4.56866,-2.73948,0
6.35663,-1.0223,0
4.59465,-2.69295,0
5.5496,-1.92169,0
4.64453,-2.69148,0
4.62111,-2.67393,0
4.55785,-2.67796,0
6.35655,-1.07286,0
5.66926,-1.76977,0
5.66517,-1.78381,0
4.60778,-2.71933,0
4.60003,-2.78138,0
5.75319,-1.70543,0
4.71432,-2.76716,0
4.65578,-2.72776,0
4.74274,-2.79634,0
5.59845,-1.88589,0
4.71987,-2.8054,0
5.59823,-1.8759,0
5.56173,-1.9128,0
6.35528,-0.99169,0
6.39623,-1.00916,0
5.78184,-1.76379,0
6.23006,-1.31862,0
4.51038,-2.8092,0
4.34628,-2.76241,0
5.8264,-1.72338,0
4.41022,-2.87534,0
4.36197,-2.68927,0
5.99539,-1.54908,0
6.12536,-1.46074,0
4.43842,-2.75868,0
4.46328,-2.7974,0
4.36502,-2.63224,0
5.71254,-1.79735,0
5.7543,-1.73305,0
4.51901,-2.80573,0
5.93167,-1.59085,0
4.31853,-2.61099,0
4.39657,-2.84291,0
5.96719,-1.58602,0
4.28783,-2.71122,0
4.50277,-2.71324,0
6.27168,-1.28372,0
5.97867,-1.55222,0
4.32278,-2.65921,0
4.32105,-2.70374,0
5.67777,-1.83051,0
6.27995,-1.34934,0
6.06279,-1.50074,0
5.77329,-1.75588,0
5.91976,-1.62078,0
4.41877,-2.77714,0
6.27093,-1.3455,0
4.50948,-2.7539,0
5.84995,-1.64151,0
4.43406,-2.73022,0
5.78442,-1.76484,0
6.0413,-1.55777,0
4.31417,-2.72212,0
5.86027,-1.65382,0
4.42709,-2.77583,0
4.4499,-2.78913,0
6.32539,-1.29964,0
6.3094,-1.28498,0
5.97401,-1.6037,0
5.95134,-1.60819,0
4.37987,-2.68972,0
4.42347,-2.70715,0
6.28352,-1.30769,0
6.08849,-1.51873,0
4.50085,-2.76405,0
5.84608,-1.69117,0
4.31105,-2.75577,0
6.25124,-1.21169,0
4.38422,-2.83606,0
6.0685,-1.50399,0
4.40928,-2.80034,0
6.25387,-1.38314,0
4.56717,-2.75756,0
6.22212,-1.26348,0
6.10942,-1.50186,0
4.53684,-2.77158,0
4.29508,-2.78022,0
6.23361,-1.45504,0
4.31141,-2.908,0
6.16387,-1.52539,0
4.22186,-2.73706,0
5.75054,-1.81321,0
4.21764,-2.79035,0
6.17158,-1.49783,0
4.29035,-2.80132,0
6.207,-1.4664,0
4.19904,-2.7169,0
6.13741,-1.50625,0
5.84792,-1.731,0
5.83962,-1.72992,0
5.81103,-1.75412,0
5.96112,-1.65545,0
6.17795,-1.45569,0
4.22319,-2.78222,0
4.30584,-2.79963,0
4.26944,-2.82183,0
5.53196,-1.98954,0
5.55084,-1.98126,0
5.78177,-1.7739,0
5.9687,-1.64872,0
6.25022,-1.45426,0
5.73328,-1.84532,0
4.25603,-2.77317,0
6.03201,-1.59577,0
5.94827,-1.65975,0
4.22816,-2.87919,0
4.15428,-2.79176,0
5.75907,-1.83814,0
4.24188,-2.88576,0
4.05878,-2.66403,0
4.26212,-2.87233,0
4.23559,-2.8285,0
4.25135,-2.86982,0
5.88283,-1.74906,0
6.24795,-1.50282,0
5.97405,-1.67322,0
4.22127,-2.84633,0
4.25059,-2.84064,0
4.25625,-2.89029,0
6.123,-1.58233,0
4.08656,-2.68818,0
6.23982,-1.50639,0
6.19658,-1.52181,0
6.24053,-1.49354,0
6.0655,-1.60901,0
5.97261,-1.68045,0
5.6676,-1.9156,0
5.71693,-1.87768,0
4.20389,-2.86139,0
4.11524,-2.73196,0
4.08994,-2.69367,0
6.02049,-1.63912,0
4.29315,-2.90188,0
5.81516,-1.86014,0
5.80616,-1.83732,0
5.71688,-1.90857,0
6.18263,-1.63868,0
4.10374,-2.81568,0
5.54316,-2.01904,0
3.93769,-2.67468,0
5.5394,-2.00972,0
4.09323,-2.83854,0
5.97654,-1.71751,0
5.9879,-1.69966,0
3.93849,-2.66266,0
6.09851,-1.66837,0
4.04735,-2.83095,0
5.96139,-1.75238,0
3.92274,-2.63819,0
4.09493,-2.87065,0
4.01666,-2.66542,0
6.04041,-1.69991,0
4.09879,-2.87092,0
3.84128,-2.49504,0
4.04492,-2.71618,0
5.78364,-1.8601,0
4.09888,-2.82433,0
3.84745,-2.54188,0
3.94212,-2.53843,0
4.11323,-2.76473,0
3.83395,-2.42346,0
6.15056,-1.60878,0
4.01586,-2.80629,0
5.54764,-2.02443,0
4.01038,-2.79745,0
3.94706,-2.66356,0
4.14009,-2.84732,0
3.84498,-2.49182,0
6.03964,-1.71109,0
5.92216,-1.77551,0
3.92126,-2.48231,0
6.14065,-1.59201,0
4.01826,-2.63752,0
3.89085,-2.59554,0
4.03709,-2.65893,0
3.87794,-2.55347,0
3.94914,-2.65151,0
5.68054,-1.91074,0
3.85859,-2.52309,0
4.0137,-2.75904,0
4.02475,-2.69053,0
4.0357,-2.79715,0
5.84376,-1.79814,0
4.00885,-2.70901,0
5.77573,-1.8722,0
4.10983,-2.85107,0
3.95087,-2.59529,0
4.0125,-2.7348,0
4.01167,-2.67227,0
4.02188,-2.74009,0
6.09676,-1.65218,0
4.08745,-2.72681,0
6.04263,-1.79075,0
5.53992,-2.05862,0
6.1104,-1.75879,0
5.84329,-1.90707,0
5.97902,-1.84401,0
3.93825,-2.8915,0
3.83816,-2.77159,0
3.78321,-2.55446,0
3.84022,-2.77995,0
3.691,-2.48453,0
5.68623,-1.96148,0
3.77562,-2.58518,0
3.92805,-2.80666,0
3.88849,-2.88443,0
5.87709,-1.86767,0
3.905,-2.80143,0
5.56283,-2.02653,0
5.57506,-2.03399,0
5.98496,-1.79147,0
3.93728,-2.77881,0
3.81115,-2.67345,0
3.8151,-2.60232,0
3.79073,-2.54465,0
3.82676,-2.7614,0
5.74111,-1.91225,0
3.88837,-2.68128,0
3.87414,-2.72702,0
3.878,-2.72896,0
3.7144,-2.54032,0
3.88045,-2.80758,0
3.7165,-2.45675,0
6.11639,-1.75621,0
3.74847,-2.56431,0
3.89166,-2.74151,0
5.88431,-1.83939,0
3.95111,-2.76016,0
3.95519,-2.88144,0
3.98303,-2.81698,0
3.91007,-2.68555,0
3.78352,-2.49283,0
3.72753,-2.48781,0
3.71033,-2.51384,0
5.96066,-1.78598,0
3.78645,-2.48184,0
3.72362,-2.53597,0
3.91246,-2.89406,0
3.80796,-2.67144,0
5.86817,-1.88184,0
3.75773,-2.50013,0
6.06086,-1.77811,0
3.68336,-2.41061,0
5.85524,-1.87318,0
3.71625,-2.47873,0
5.60331,-2.03159,0
5.63144,-1.99767,0
5.93623,-1.89707,0
3.67231,-2.5898,0
3.62301,-2.43685,0
3.78642,-2.78054,0
3.76431,-2.82304,0
3.82338,-2.82968,0
3.77991,-2.72033,0
6.04296,-1.84327,0
3.57692,-2.43405,0
3.78216,-2.79707,0
3.78317,-2.77792,0
3.71945,-2.71122,0
6.01016,-1.83898,0
5.53405,-2.09479,0
3.62485,-2.38963,0
3.5999,-2.35941,0
3.60757,-2.37546,0
3.78956,-2.79592,0
3.65348,-2.52828,0
3.63017,-2.39253,0
3.73809,-2.71198,0
3.70942,-2.69227,0
3.74302,-2.61512,0
3.71242,-2.56993,0
3.62261,-2.50675,0
6.01851,-1.83211,0
3.6568,-2.58115,0
5.72053,-1.99167,0
5.60046,-2.06422,0
3.59478,-2.40492,0
3.60919,-2.3707,0
5.86947,-1.94007,0
3.65387,-2.6176,0
3.59426,-2.38032,0
3.79975,-2.84161,0
5.65859,-2.04217,0
3.76526,-2.7919,0
3.73332,-2.7297,0
5.94734,-1.89382,0
3.64811,-2.4509,0
3.65664,-2.49729,0
3.80665,-2.86466,0
3.60743,-2.44672,0
5.8538,-1.92861,0
5.93831,-1.90881,0
5.88744,-1.93776,0
5.99916,-1.8597,0
3.66144,-2.57414,0
3.60864,-2.44212,0
3.60764,-2.42264,0
5.61319,-2.04555,0
3.7263,-2.77749,0
3.65607,-2.58251,0
3.76731,-2.71493,0
3.8627,-2.86501,0
3.59936,-2.64025,0
3.62401,-2.71401,0
3.59642,-2.54376,0
3.533,-2.56783,0
3.57808,-2.65334,0
3.67587,-2.67892,0
3.49919,-2.4054,0
3.5401,-2.51246,0
3.61618,-2.66643,0
5.59165,-2.09833,0
3.68012,-2.7236,0
3.65655,-2.84259,0
5.60196,-2.10641,0
5.76108,-2.03752,0
5.72424,-2.02587,0
5.66691,-2.07702,0
3.65008,-2.63281,0
5.67122,-2.05394,0
3.49995,-2.4883,0
5.70998,-2.05265,0
5.56212,-2.12021,0
3.46148,-2.36918,0
5.77906,-2.02271,0
3.71507,-2.81208,0
5.59516,-2.10454,0
5.55954,-2.11575,0
5.80307,-2.00447,0
5.88405,-1.97403,0
3.54308,-2.44593,0
3.65059,-2.62048,0
3.58743,-2.71622,0
5.63332,-2.07873,0
5.94361,-1.97215,0
3.56155,-2.43746,0
3.62141,-2.76855,0
3.68582,-2.79568,0
3.7034,-2.82793,0
5.70053,-2.04081,0
3.52345,-2.53549,0
3.61795,-2.60436,0
3.57595,-2.59726,0
3.63929,-2.68172,0
3.68135,-2.79371,0
3.65486,-2.67284,0
3.55831,-2.51259,0
3.68552,-2.87472,0
5.73432,-2.11568,0
3.53878,-2.66847,0
5.56762,-2.15209,0
3.49362,-2.66576,0
5.83797,-2.09276,0
3.39696,-2.52256,0
3.4476,-2.59081,0
5.67936,-2.10266,0
3.46133,-2.6114,0
3.50965,-2.61471,0
5.75275,-2.08962,0
5.4623,-2.21327,0
3.3826,-2.41465,0
3.48164,-2.71721,0
5.55057,-2.16474,0
5.57621,-2.14601,0
3.43369,-2.52264,0
3.45052,-2.4509,0
5.81802,-2.07782,0
3.56058,-2.78464,0
3.50116,-2.53761,0
3.45163,-2.58099,0
5.44892,-2.19937,0
3.49259,-2.65863,0
3.37625,-2.42933,0
5.4746,-2.1711,0
5.53492,-2.1834,0
5.43172,-2.2179,0
3.42543,-2.4394,0
5.63255,-2.15175,0
5.51358,-2.19832,0
3.45572,-2.43172,0
3.55363,-2.82961,0
3.57732,-2.79842,0
3.5269,-2.74979,0
3.40528,-2.41517,0
3.48928,-2.49322,0
3.45421,-2.47014,0
5.68935,-2.09949,0
5.5801,-2.17617,0
3.44855,-2.38023,0
5.47139,-2.16603,0
3.50862,-2.61712,0
3.48704,-2.58549,0
5.70198,-2.13923,0
3.3797,-2.4585,0
3.42612,-2.55899,0
5.73579,-2.07188,0
5.41454,-2.25987,0
5.68115,-2.22993,0
3.35714,-2.75171,0
3.3172,-2.44074,0
3.25887,-2.52337,0
3.28913,-2.56671,0
5.42038,-2.24113,0
3.36261,-2.57827,0
3.35632,-2.57412,0
5.573,-2.26095,0
3.33406,-2.54923,0
3.32739,-2.59511,0
3.34011,-2.65635,0
3.29199,-2.40526,0
5.71328,-2.2431,0
3.28416,-2.57221,0
3.33478,-2.59811,0
3.33525,-2.61028,0
3.35668,-2.6901,0
3.33874,-2.57872,0
3.29185,-2.72886,0
5.69531,-2.19543,0
3.30108,-2.49239,0
3.36497,-2.74006,0
5.3891,-2.30631,0
3.29228,-2.52354,0
3.28844,-2.58558,0
3.30709,-2.57428,0
5.4077,-2.24685,0
5.43944,-2.29922,0
3.30597,-2.58065,0
3.28499,-2.52392,0
5.67277,-2.24508,0
5.6443,-2.19076,0
3.30701,-2.57018,0
3.42541,-2.68715,0
3.29653,-2.79257,0
3.38656,-2.7311,0
3.33191,-2.4387,0
5.46139,-2.24755,0
3.26394,-2.49715,0
3.27677,-2.48293,0
3.37701,-2.75562,0
3.33432,-2.54011,0
5.42201,-2.27522,0
3.29628,-2.72296,0
3.33093,-2.7106,0
3.23526,-2.52427,0
5.46222,-2.2392,0
5.55554,-2.22917,0
3.32732,-2.61351,0
3.35093,-2.60968,0
5.48705,-2.25339,0
5.43356,-2.31389,0
3.22364,-2.69815,0
3.14844,-2.67976,0
5.51307,-2.34719,0
3.20048,-2.6769,0
5.40385,-2.33012,0
5.51108,-2.32938,0
3.2246,-2.62726,0
3.21028,-2.46586,0
5.48462,-2.30417,0
5.37828,-2.37303,0
3.22887,-2.55242,0
5.49461,-2.3341,0
3.14167,-2.45185,0
5.61364,-2.27387,0
5.59132,-2.30558,0
3.22509,-2.59777,0
5.48155,-2.31982,0
5.36798,-2.36558,0
3.12588,-2.50495,0
5.46401,-2.31553,0
5.56389,-2.30607,0
3.16125,-2.5109,0
3.19329,-2.43635,0
5.39553,-2.36178,0
5.24635,-2.39653,0
5.23258,-2.39968,0
3.19683,-2.70846,0
3.16431,-2.50675,0
5.40632,-2.3697,0
3.21747,-2.53042,0
3.20954,-2.43615,0
5.43796,-2.34277,0
5.62064,-2.33527,0
3.20053,-2.70037,0
5.44731,-2.32091,0
5.39912,-2.32105,0
3.24606,-2.60484,0
3.11241,-2.46052,0
5.59106,-2.32554,0
5.27949,-2.36662,0
3.24711,-2.66986,0
3.19952,-2.66162,0
3.19776,-2.74814,0
3.02441,-2.51118,0
3.02791,-2.41673,0
5.38141,-2.45662,0
5.30867,-2.49231,0
2.97817,-2.59948,0
2.91446,-2.34669,0
2.98171,-2.60879,0
5.23636,-2.4961,0
2.92456,-2.41473,0
3.00942,-2.38394,0
5.04583,-2.53896,0
5.34148,-2.39447,0
2.96067,-2.38728,0
5.35312,-2.47613,0
3.09652,-2.47287,0
3.04819,-2.46264,0
2.95625,-2.42403,0
5.26888,-2.49046,0
2.98423,-2.58376,0
3.01778,-2.52132,0
2.90307,-2.56304,0
2.90497,-2.5054,0
5.15203,-2.48601,0
2.99632,-2.56584,0
5.29582,-2.45549,0
5.31586,-2.41445,0
5.37002,-2.42534,0
2.89906,-2.60063,0
5.17865,-2.47661,0
5.15253,-2.53556,0
5.14999,-2.41748,0
2.94694,-2.42378,0
3.03406,-2.4025,0
3.01508,-2.59451,0
5.3169,-2.50423,0
3.01811,-2.37169,0
3.02746,-2.4804,0
3.04554,-2.47038,0
5.11744,-2.47333,0
2.94976,-2.51669,0
2.94874,-2.57223,0
3.04461,-2.49266,0
2.98762,-2.57423,0
2.95727,-2.44143,0
5.25155,-2.40183,0
2.94453,-2.59882,0
3.00727,-2.44159,0
5.33145,-2.49894,0
3.06423,-2.51903,0
3.12272,-2.59184,0
2.94102,-2.39671,0
3.00733,-2.50341,0
2.89816,-2.56792,0
5.19828,-2.48966,0
5.33749,-2.51932,0
2.94021,-2.5569,0
5.1468,-2.53084,0
3.04216,-2.53078,0
2.98703,-2.41452,0
2.9545,-2.38371,0
2.9678,-2.45451,0
2.94779,-2.62333,0
3.07664,-2.63508,0
2.93146,-2.61501,0
3.09691,-2.61214,0
2.96901,-2.61874,0
2.96482,-2.63329,0
2.6744,-2.36378,0
2.68922,-2.30498,0
5.12084,-2.6053,0
2.86049,-2.44508,0
2.82681,-2.46441,0
5.06973,-2.64,0
2.65078,-2.35108,0
2.83273,-2.414,0
2.69594,-2.38962,0
5.10754,-2.66632,0
2.82345,-2.39474,0
2.64752,-2.38724,0
2.87814,-2.36464,0
2.66772,-2.27321,0
2.69736,-2.35391,0
2.73436,-2.32319,0
2.75988,-2.32762,0
2.73081,-2.34149,0
2.66209,-2.34823,0
5.04248,-2.64587,0
5.0983,-2.60918,0
5.09216,-2.64814,0
2.85165,-2.381,0
4.95963,-2.66514,0
4.96979,-2.66159,0
2.69147,-2.3634,0
5.09127,-2.54273,0
2.65637,-2.29231,0
2.75076,-2.4544,0
2.6433,-2.41646,0
2.68207,-2.41236,0
5.01774,-2.68328,0
2.79809,-2.43069,0
2.65975,-2.31452,0
5.11087,-2.64733,0
2.81492,-2.4699,0
2.82655,-2.4604,0
2.62925,-2.28459,0
4.8224,-2.78636,0
4.85557,-2.80048,0
4.86106,-2.81037,0
4.86204,-2.76122,0
2.56327,-2.30393,0
4.51774,-2.89494,0
4.53909,-2.81918,0
4.55183,-2.80886,0
4.522,-2.84201,0
4.55275,-2.8775,0
3.95494,-2.9089,0
3.94032,-2.91933,0
3.95071,-2.94355,0
3.72943,-2.89293,0
3.70672,-2.90165,0
3.66733,-2.88316,0
6.18161,-0.08385,0
6.24882,0.01342,0
3.6177,-2.87499,0
3.58042,-2.91896,0
6.29182,0.00571,0
3.5823,-2.82999,0
6.16208,-0.09681,0
6.17801,-0.0998,0
3.56211,-2.84819,0
3.61211,-2.94982,0
3.52595,-2.84545,0
3.61718,-2.87511,0
6.16706,-0.05931,0
3.43869,-2.78269,0
3.57906,-2.87916,0
6.17664,-0.09164,0
6.20597,-0.03532,0
3.44643,-2.76678,0
3.57435,-2.83182,0
3.46024,-2.79378,0
3.67041,-2.93623,0
6.17181,-0.05884,0
3.44517,-2.85831,0
3.46659,-2.89259,0
3.5318,-2.9021,0
3.56247,-2.9351,0
3.427,-2.85942,0
6.24916,-0.08557,0
3.5665,-2.92713,0
6.22505,-0.17457,0
3.3988,-2.78523,0
6.23471,-0.08753,0
3.4076,-2.77659,0
6.2257,-0.15354,0
3.55121,-2.90404,0
6.21995,-0.18008,0
6.24286,-0.07798,0
6.23442,-0.10234,0
3.45896,-2.88969,0
6.24878,-0.06447,0
6.1902,-0.29148,0
6.29678,-0.18484,0
6.23682,-0.24119,0
3.35244,-2.81364,0
3.44918,-2.8975,0
3.14,-2.64371,0
3.41367,-2.86487,0
3.34036,-2.8306,0
3.49785,-2.94895,0
3.35433,-2.85381,0
6.1523,-0.29426,0
6.24662,-0.22861,0
6.174,-0.29934,0
3.42089,-2.89579,0
3.37771,-2.86561,0
3.55854,-2.98392,0
3.54517,-2.99535,0
3.17154,-2.75945,0
3.1015,-2.70045,0
6.20781,-0.30621,0
6.18667,-0.34888,0
3.26018,-2.93735,0
3.27434,-2.84778,0
3.20837,-2.9144,0
3.2974,-2.82105,0
3.0671,-2.65337,0
6.28539,-0.47619,0
3.07902,-2.72008,0
3.23248,-2.91211,0
3.14325,-2.75391,0
3.19367,-2.83201,0
6.2825,-0.4499,0
3.07493,-2.75522,0
3.22293,-2.84688,0
6.28832,-0.43375,0
3.14593,-2.78817,0
3.06433,-2.64645,0
6.27307,-0.37843,0
3.20495,-2.86324,0
3.27763,-2.81282,0
3.07703,-2.70941,0
3.10243,-2.66833,0
3.27718,-2.80934,0
3.10882,-2.69915,0
3.23383,-2.85018,0
3.23943,-2.78563,0
6.34004,-0.45432,0
6.18541,-0.3054,0
3.07354,-2.63714,0
3.01571,-2.65039,0
6.2956,-0.4301,0
3.11352,-2.6421,0
6.31355,-0.43059,0
3.13577,-2.70414,0
2.96941,-2.64751,0
2.83767,-2.50178,0
2.93799,-2.68799,0
2.84042,-2.50714,0
2.88526,-2.67458,0
2.7998,-2.52698,0
2.82313,-2.53859,0
2.82148,-2.63326,0
2.6394,-2.36179,0
2.89051,-2.74287,0
2.73315,-2.5511,0
2.95331,-2.71393,0
2.7678,-2.56848,0
2.89948,-2.66914,0
2.87333,-2.59863,0
2.96188,-2.76299,0
2.82438,-2.56179,0
2.78169,-2.64124,0
2.91763,-2.76172,0
2.88779,-2.67308,0
2.82103,-2.65556,0
2.79635,-2.52092,0
2.60693,-2.3268,0
2.84679,-2.66159,0
2.86881,-2.5543,0
2.89713,-2.7237,0
2.91185,-2.74035,0
2.87264,-2.77478,0
2.86293,-2.66787,0
2.85054,-2.67586,0
2.91914,-2.74585,0
2.94008,-2.76181,0
2.70684,-2.53753,0
2.58725,-2.34361,0
2.60939,-2.46193,0
2.58825,-2.37424,0
2.61479,-2.50682,0
2.58074,-2.35905,0
2.75127,-2.62039,0
2.67734,-2.54954,0
2.62273,-2.47166,0
2.75739,-2.6857,0
2.60116,-2.39704,0
2.58799,-2.374,0
2.61545,-2.52052,0
2.78261,-2.75872,0
2.7262,-2.76015,0
2.62841,-2.56439,0
2.62253,-2.55061,0
2.53187,-2.3598,0
2.83097,-2.81749,0
2.80278,-2.80205,0
2.80785,-2.82009,0
2.84494,-2.82557,0
2.93092,-2.78845,0
2.8621,-2.84735,0
2.92597,-2.79757,0
2.92727,-2.79245,0
2.81641,-2.82882,0
2.54859,-2.41042,0
2.69559,-2.71478,0
2.49321,-2.32733,0
2.55323,-2.42006,0
2.70423,-2.74186,0
2.88608,-2.83999,0
2.97614,-2.8177,0
3.01779,-2.80726,0
3.07092,-2.80237,0
2.95435,-2.82912,0
3.06544,-2.83353,0
2.93713,-2.82972,0
3.01348,-2.86303,0
3.02253,-2.77172,0
2.96637,-2.80091,0
2.95236,-2.92507,0
2.96528,-2.92079,0
2.48195,-2.31535,0
2.80846,-2.83477,0
2.82286,-2.88876,0
2.67303,-2.79471,0
2.58012,-2.59395,0
2.51309,-2.46727,0
2.56342,-2.6008,0
2.53066,-2.53702,0
2.40334,-2.24038,0
2.44694,-2.33882,0
2.55532,-2.57692,0
2.70203,-2.76857,0
2.67886,-2.79992,0
2.53168,-2.54378,0
2.58926,-2.60705,0
2.38672,-2.20386,0
2.49557,-2.48437,0
2.3977,-2.26076,0
2.67265,-2.72283,0
2.6885,-2.77207,0
2.61152,-2.57335,0
2.69871,-2.74065,0
2.38501,-2.1776,0
2.42083,-2.2974,0
2.5322,-2.55987,0
2.48471,-2.43971,0
2.58601,-2.64901,0
2.70268,-2.85286,0
2.7422,-2.83199,0
2.4075,-2.31619,0
2.41726,-2.36104,0
2.56729,-2.66822,0
2.48177,-2.50111,0
2.53692,-2.64795,0
2.51234,-2.57035,0
2.47774,-2.45967,0
2.58418,-2.74079,0
2.33246,-2.22501,0
2.45243,-2.46091,0
2.55759,-2.62604,0
2.6218,-2.79703,0
2.63153,-2.76432,0
2.44279,-2.4378,0
2.56629,-2.6557,0
2.50237,-2.56038,0
2.36658,-2.30409,0
2.51584,-2.54518,0
2.37744,-2.30929,0
2.3058,-2.21884,0
2.44873,-2.50431,0
2.38341,-2.38184,0
2.57658,-2.74006,0
2.44135,-2.50391,0
2.33862,-2.26943,0
2.45092,-2.51934,0
2.41906,-2.4398,0
2.38607,-2.36053,0
2.56421,-2.72775,0
2.42843,-2.46609,0
2.51156,-2.63741,0
2.42585,-2.43184,0
2.45107,-2.50337,0
2.38678,-2.40938,0
2.48188,-2.63613,0
2.48063,-2.61053,0
2.43093,-2.49903,0
2.45601,-2.56324,0
2.38043,-2.41029,0
2.29438,-2.20437,0
2.5243,-2.74282,0
2.41601,-2.50085,0
2.3043,-2.22607,0
2.4875,-2.64619,0
2.48519,-2.63132,0
2.43474,-2.50908,0
2.49376,-2.64716,0
2.36616,-2.3755,0
2.24837,-2.43769,0
2.31677,-2.44814,0
2.3787,-2.50264,0
2.33749,-2.46139,0
2.17964,-2.28326,0
2.21087,-2.19357,0
2.39077,-2.59185,0
2.38168,-2.56613,0
2.34799,-2.40222,0
2.23716,-2.42292,0
2.24693,-2.2482,0
2.19725,-2.37372,0
2.23974,-2.30891,0
2.27943,-2.53032,0
2.39489,-2.55772,0
2.26009,-2.25709,0
2.29389,-2.48786,0
2.23373,-2.47834,0
2.20599,-2.2427,0
2.31814,-2.57551,0
2.17733,-2.30955,0
2.20362,-2.22534,0
2.34951,-2.4065,0
2.36552,-2.43195,0
2.34866,-2.39063,0
2.28264,-2.23914,0
2.27208,-2.35107,0
2.264,-2.24457,0
2.26118,-2.2797,0
2.25282,-2.26973,0
2.44052,-2.57988,0
2.39569,-2.54857,0
2.27418,-2.22014,0
2.22012,-2.39908,0
2.32919,-2.44584,0
2.34817,-2.51111,0
2.40794,-2.59205,0
2.18096,-2.22273,0
2.14432,-2.23085,0
2.13891,-2.30147,0
2.12798,-2.17098,0
2.09128,-2.22308,0
2.15347,-2.51595,0
2.09956,-2.22208,0
2.16143,-2.29033,0
2.155,-2.31601,0
2.14015,-2.31269,0
2.21225,-2.48177,0
2.09482,-2.25124,0
2.09753,-2.24316,0
2.16886,-2.39508,0
2.14874,-2.3453,0
2.13873,-2.38348,0
2.13237,-2.396,0
2.13051,-2.44526,0
2.13652,-2.28009,0
2.13354,-2.33007,0
2.07298,-2.20489,0
2.05452,-2.29983,0
2.0086,-2.21333,0
2.00584,-2.30051,0
1.99628,-2.25022,0
2.03121,-2.31524,0
2.0668,-2.33008,0
2.00413,-2.22809,0
2.00189,-2.35429,0
2.72961,-2.9366,0
2.78087,-2.87717,0
2.69764,-2.90664,0
2.79456,-2.97487,0
2.82956,-2.94053,0
2.70906,-2.8942,0
2.76798,-2.89636,0
2.77249,-2.9142,0
2.81211,-2.93633,0
2.68777,-2.88574,0
2.7741,-2.9558,0
3.06071,-2.86933,0
3.13221,-2.88341,0
2.86557,-3.027,0
2.83504,-2.98638,0
2.91959,-2.97633,0
3.10444,-2.86961,0
2.83995,-2.97594,0
2.85872,-2.96512,0
2.91601,-2.98255,0
3.00737,-2.92325,0
2.95988,-3.00354,0
2.45619,-2.61053,0
2.63098,-2.89324,0
2.62551,-2.89614,0
2.45945,-2.60576,0
2.46642,-2.63665,0
2.50602,-2.73717,0
2.37744,-2.62351,0
2.45447,-2.71353,0
2.46073,-2.73983,0
2.4179,-2.63322,0
2.47386,-2.7348,0
2.39714,-2.64677,0
2.46172,-2.77207,0
2.40979,-2.72838,0
2.39353,-2.65691,0
2.41787,-2.6693,0
2.46347,-2.71723,0
2.56222,-2.85603,0
2.29928,-2.63979,0
2.32688,-2.6467,0
2.29193,-2.64339,0
2.287,-2.63982,0
2.22872,-2.54228,0
2.21712,-2.55489,0
2.34173,-2.67457,0
2.37444,-2.70301,0
2.37075,-2.65862,0
2.31646,-2.66485,0
2.1077,-2.4415,0
2.09338,-2.4035,0
2.11016,-2.43199,0
2.11806,-2.4621,0
2.08591,-2.38126,0
2.40894,-2.75783,0
2.38286,-2.76155,0
2.4175,-2.77045,0
2.43781,-2.82366,0
2.34484,-2.754,0
2.32844,-2.70717,0
2.34501,-2.74016,0
2.40303,-2.78328,0
2.47823,-2.84783,0
2.45288,-2.85355,0
2.72743,-3.0081,0
2.70976,-3.03716,0
2.69215,-2.96178,0
2.68273,-2.95458,0
2.65775,-3.03371,0
2.58447,-2.93574,0
3.38641,-3.06245,0
3.08959,-3.16035,0
3.11313,-2.95885,0
3.12825,-2.94265,0
3.32578,-3.11452,0
3.3875,-3.03557,0
3.26275,-3.01929,0
3.11578,-3.16677,0
3.35566,-2.92238,0
3.19524,-3.04959,0
3.19159,-2.97668,0
3.23819,-3.23568,0
3.21411,-3.01042,0
3.13906,-3.22304,0
3.1814,-3.03401,0
3.43729,-3.00916,0
3.21929,-3.05504,0
3.03063,-3.14513,0
3.075,-3.08113,0
3.1924,-3.03081,0
3.10741,-3.04144,0
3.34526,-2.89653,0
3.17226,-3.09986,0
3.02624,-3.15732,0
3.18402,-3.06215,0
3.08732,-2.98302,0
3.39399,-3.07037,0
3.30876,-2.97698,0
3.29821,-3.19501,0
3.06197,-3.04621,0
3.27669,-2.96843,0
3.13161,-3.09296,0
3.47143,-3.00139,0
3.23243,-3.05579,0
3.22091,-3.00658,0
2.95554,-3.05404,0
3.20154,-3.24759,0
3.32806,-2.99838,0
3.19431,-2.97843,0
3.04102,-3.09964,0
3.04438,-3.03634,0
3.32347,-3.01332,0
3.27359,-3.08828,0
3.07706,-3.05538,0
3.36346,-2.98035,0
3.46128,-2.98658,0
3.02084,-2.99959,0
3.42473,-3.01091,0
3.1607,-3.09222,0
3.08349,-3.00488,0
3.16465,-3.3071,0
3.17868,-3.17843,0
3.25449,-3.02277,0
3.26726,-3.23787,0
3.22232,-3.18025,0
3.17758,-2.92786,0
3.11558,-2.976,0
3.04798,-2.98526,0
3.11519,-3.23464,0
2.97338,-3.10521,0
3.23624,-3.13406,0
3.46097,-2.99264,0
3.21441,-3.07289,0
3.11381,-3.01491,0
3.17591,-3.11014,0
3.15026,-3.18525,0
3.413,-2.9466,0
3.30297,-3.11704,0
3.31282,-2.92407,0
3.21688,-3.20219,0
3.27045,-3.11198,0
2.98853,-3.10631,0
3.09588,-3.10695,0
3.34004,-2.90595,0
3.19148,-2.93688,0
3.39088,-3.05977,0
3.00732,-3.01507,0
3.09505,-3.16262,0
2.97937,-3.06886,0
3.08169,-3.19889,0
3.17867,-3.00949,0
3.00834,-3.07749,0
3.15302,-2.95367,0
3.13224,-3.17889,0
3.48725,-3.19571,0
3.45172,-3.24286,0
3.41527,-3.15171,0
3.36804,-3.30218,0
3.67146,-3.03892,0
3.38488,-3.26283,0
3.45895,-3.21111,0
3.506,-3.22856,0
3.2974,-3.32781,0
3.33096,-3.36288,0
3.28752,-3.27032,0
3.42465,-3.32747,0
3.61737,-2.97176,0
3.41695,-3.16267,0
3.6159,-3.02591,0
3.46916,-3.27781,0
3.29411,-3.24786,0
3.53229,-3.15209,0
3.59973,-3.14755,0
3.44414,-3.17877,0
3.59764,-2.96387,0
3.5562,-3.06722,0
3.57407,-3.08858,0
3.27665,-3.30907,0
3.37899,-3.33607,0
3.43352,-3.10892,0
3.40517,-3.34582,0
3.83544,-2.89377,0
3.70337,-3.00575,0
3.38648,-3.30625,0
3.57993,-3.09847,0
3.34988,-3.23404,0
3.70335,-3.01956,0
3.34996,-3.2127,0
3.38193,-3.331,0
3.54127,-3.0452,0
3.69733,-3.0417,0
3.34265,-3.21511,0
3.60674,-3.14889,0
3.55964,-3.0713,0
3.68154,-3.05182,0
3.52613,-3.20655,0
3.55316,-3.05418,0
3.59594,-3.12483,0
3.81945,-2.90616,0
3.55794,-3.01207,0
3.42631,-3.30767,0
3.52295,-3.19254,0
3.35523,-3.32305,0
3.41425,-3.14321,0
3.59823,-3.03274,0
3.50163,-3.21691,0
3.65409,-3.00689,0
3.71076,-2.94397,0
3.55168,-3.13151,0
3.69251,-2.96713,0
3.27489,-3.31113,0
3.2544,-3.26673,0
3.64677,-3.06776,0
3.39225,-3.23507,0
3.23042,-3.28211,0
3.26368,-3.2486,0
3.60733,-3.09186,0
3.52691,-3.19642,0
3.66331,-3.02273,0
3.38052,-3.30583,0
3.51225,-3.1103,0
3.42681,-3.0941,0
3.25788,-3.27464,0
3.44727,-3.14766,0
3.39382,-3.37462,0
3.46967,-3.17843,0
3.49787,-3.16413,0
3.34702,-3.29,0
3.74027,-2.99429,0
3.54812,-3.03983,0
3.67567,-3.07055,0
3.58209,-3.4317,0
3.65392,-3.21519,0
3.83869,-3.08226,0
3.70808,-3.29998,0
3.50944,-3.28084,0
3.52814,-3.34106,0
3.76779,-3.18509,0
3.86919,-3.06629,0
3.778,-3.08321,0
3.66804,-3.34651,0
3.8905,-3.04058,0
3.61877,-3.16941,0
3.68945,-3.27334,0
3.69914,-3.22575,0
3.80305,-3.1428,0
3.62658,-3.33657,0
3.72898,-3.19176,0
3.91807,-2.97549,0
3.60667,-3.22797,0
3.5787,-3.3048,0
3.51738,-3.37141,0
3.87529,-2.99308,0
3.94149,-2.96326,0
3.59789,-3.45075,0
3.61466,-3.25891,0
3.60306,-3.3994,0
3.8286,-2.94468,0
3.55294,-3.30634,0
3.68239,-3.33407,0
3.76464,-3.12661,0
3.63726,-3.33387,0
3.87129,-3.03256,0
3.61004,-3.44497,0
3.8076,-3.05816,0
3.6995,-3.29224,0
3.67778,-3.2735,0
3.57744,-3.38231,0
3.84104,-2.9144,0
3.82063,-2.98542,0
3.58535,-3.18661,0
3.66862,-3.16093,0
3.81585,-3.08879,0
3.75556,-3.10967,0
3.78893,-3.13454,0
3.89429,-3.05167,0
3.74985,-3.02667,0
3.86709,-2.91814,0
3.49954,-3.32748,0
3.70671,-3.29669,0
3.83812,-3.12507,0
3.52648,-3.37741,0
3.84465,-3.08863,0
3.60892,-3.3377,0
3.58787,-3.24791,0
3.69316,-3.25371,0
3.84099,-2.99558,0
3.70031,-3.13646,0
3.78854,-3.35068,0
4.02839,-2.96278,0
3.96073,-2.96444,0
3.70713,-3.34806,0
4.04501,-2.92208,0
3.69493,-3.38871,0
1.86119,-2.26524,0
3.91698,-3.23212,0
3.88241,-3.20786,0
4.03453,-2.99879,0
4.00323,-3.06872,0
3.90818,-3.05001,0
3.93186,-3.00125,0
3.79825,-3.40802,0
4.10218,-2.92544,0
4.04779,-2.98693,0
3.9199,-3.06235,0
3.86441,-3.16203,0
3.91238,-3.1158,0
3.98824,-2.97813,0
3.76075,-3.40029,0
3.77177,-3.28508,0
3.92224,-3.09475,0
3.89418,-3.1992,0
3.77217,-3.42749,0
3.84057,-3.23201,0
3.95054,-3.06953,0
4.01619,-2.9555,0
4.03187,-2.8848,0
3.97354,-2.96216,0
3.97,-3.10376,0
3.89637,-3.06958,0
3.82927,-3.3635,0
3.82119,-3.32216,0
3.96787,-2.98234,0
3.96661,-3.08303,0
1.83686,-2.24289,0
3.99094,-3.00556,0
3.95458,-3.10554,0
3.89752,-3.18382,0
3.82421,-3.23685,0
3.95173,-3.06759,0
3.86921,-3.28396,0
1.88316,-2.27909,0
3.87626,-3.24078,0
3.92283,-3.08206,0
3.86947,-3.25002,0
3.99244,-2.946,0
3.9214,-3.11085,0
3.87236,-3.31199,0
3.72815,-3.40023,0
3.92135,-3.07664,0
3.91687,-3.22611,0
4.04452,-2.97198,0
3.8288,-3.31737,0
3.85342,-3.12195,0
3.7743,-3.42463,0
1.7819,-2.1582,0
4.10728,-2.91576,0
3.88114,-3.08172,0
3.85933,-3.20119,0
3.93789,-3.19805,0
3.81214,-3.3927,0
1.82011,-2.20685,0
3.78572,-3.29313,0
1.94532,-2.28944,0
3.8925,-3.13835,0
3.72509,-3.33363,0
3.79722,-3.32653,0
3.54325,-3.42963,0
3.50069,-3.38373,0
3.53174,-3.40845,0
3.46854,-3.39881,0
2.61296,-3.13057,0
2.61416,-3.11394,0
2.67068,-3.05196,0
2.75136,-3.02595,0
2.67744,-3.03082,0
2.66465,-3.09604,0
2.65887,-3.08058,0
2.72846,-3.07299,0
2.56456,-2.99366,0
2.70984,-3.11735,0
2.55769,-2.96009,0
2.6282,-3.14739,0
2.53742,-2.85939,0
2.68063,-3.10902,0
2.48546,-2.92661,0
2.58176,-3.07518,0
2.66273,-3.15439,0
2.7576,-3.04086,0
2.73821,-3.10301,0
2.75114,-3.10178,0
2.57544,-3.03939,0
2.77327,-3.09953,0
2.57785,-2.97181,0
2.51795,-2.88298,0
2.78308,-3.01395,0
2.62964,-3.14521,0
2.65654,-3.077,0
2.73276,-3.11071,0
2.76962,-3.06573,0
2.86364,-3.06467,0
2.76026,-3.12917,0
2.68837,-3.17045,0
2.83992,-3.07846,0
2.79197,-3.15925,0
2.70449,-3.21877,0
2.76306,-3.18567,0
2.72452,-3.13817,0
2.90908,-3.11718,0
2.85554,-3.11433,0
2.92314,-3.07726,0
2.51649,-3.01227,0
2.48004,-2.95256,0
2.55249,-3.07554,0
2.54185,-3.07039,0
2.56392,-3.09471,0
2.41505,-3.00969,0
2.41306,-2.84217,0
2.41042,-2.94049,0
2.39269,-2.99459,0
2.38741,-2.90708,0
2.39593,-2.84756,0
2.4024,-2.85564,0
2.30062,-2.70486,0
2.46582,-2.96653,0
2.39714,-2.97621,0
2.30063,-2.73454,0
2.36823,-2.83331,0
2.37357,-2.8689,0
2.50852,-3.0277,0
2.75557,-3.21968,0
2.93244,-3.11625,0
2.89102,-3.14041,0
3.43512,-3.43606,0
3.41639,-3.38023,0
3.49014,-3.45025,0
3.94576,-3.36341,0
4.17085,-3.04917,0
4.12768,-3.37166,0
4.2743,-2.97178,0
4.17331,-3.26984,0
1.88491,-2.41221,0
1.86631,-2.41669,0
1.89558,-2.37638,0
1.92188,-2.43154,0
1.96918,-2.45079,0
4.19202,-3.01286,0
2.00776,-2.48277,0
4.10244,-3.21358,0
4.18523,-2.9953,0
4.15799,-3.05521,0
4.2328,-2.98414,0
4.16676,-3.1224,0
3.91877,-3.38808,0
1.93021,-2.43656,0
3.98035,-3.27529,0
4.34714,-2.88486,0
4.09726,-2.96747,0
3.92148,-3.37461,0
4.02339,-3.20202,0
1.87218,-2.35465,0
4.03789,-3.23358,0
2.06259,-2.47358,0
4.14236,-3.18613,0
3.91598,-3.39869,0
4.12827,-3.33018,0
4.24658,-3.04848,0
4.0315,-3.1719,0
4.01778,-3.10701,0
4.04259,-3.25287,0
4.04635,-3.21002,0
3.93594,-3.36726,0
2.04312,-2.48976,0
4.08075,-3.26603,0
4.10933,-3.2535,0
4.02666,-3.32964,0
4.17353,-3.12769,0
3.96666,-3.41173,0
4.07996,-3.04378,0
4.0613,-3.39792,0
3.88603,-3.31594,0
4.17767,-3.24018,0
3.90856,-3.30999,0
1.84827,-2.40929,0
4.00013,-3.41124,0
4.18862,-2.88272,0
1.92546,-2.42217,0
3.97337,-3.28934,0
4.18149,-2.87025,0
3.99086,-3.35505,0
3.91221,-3.27854,0
3.93239,-3.32511,0
4.24407,-3.08864,0
3.94897,-3.3191,0
4.10956,-3.166,0
3.94912,-3.41565,0
1.92077,-2.37568,0
4.27024,-2.96411,0
3.95578,-3.36356,0
4.15947,-2.97517,0
4.00463,-3.43831,0
4.25322,-3.05194,0
4.03648,-3.09834,0
4.11697,-3.09073,0
1.95417,-2.44602,0
4.1195,-3.1267,0
4.11253,-3.02913,0
4.17546,-3.12289,0
4.07902,-3.36009,0
2.01699,-2.47386,0
4.27388,-3.02603,0
2.02897,-2.50027,0
4.18584,-3.19553,0
4.0825,-3.13293,0
4.19446,-3.12714,0
3.95353,-3.37965,0
3.98456,-3.33868,0
4.28831,-2.95009,0
4.06218,-3.42225,0
4.25612,-2.90958,0
4.15387,-3.1539,0
4.01897,-3.08046,0
1.95836,-2.40209,0
4.22954,-2.95725,0
4.12401,-3.13298,0
4.13738,-3.04359,0
4.05562,-3.44889,0
1.88988,-2.293,0
2.56093,-3.13679,0
2.55976,-3.12714,0
2.19753,-2.62367,0
2.22185,-2.68484,0
2.25391,-2.8145,0
2.31594,-2.85986,0
2.30614,-2.81926,0
2.29583,-2.81676,0
2.28027,-2.8519,0
2.22692,-2.64097,0
2.27731,-2.73682,0
2.25528,-2.72276,0
2.23928,-2.8218,0
2.30719,-2.86621,0
2.25821,-2.74642,0
2.22164,-2.63122,0
2.21425,-2.67329,0
2.25174,-2.71885,0
2.2836,-2.82969,0
2.24136,-2.65304,0
2.27677,-2.83033,0
5.75534,-2.14072,0
2.099,-2.60189,0
5.91812,-2.00948,0
5.98098,-1.96314,0
2.11402,-2.61123,0
5.98617,-2.08861,0
5.94368,-1.99294,0
2.07811,-2.6269,0
2.06033,-2.60698,0
5.90917,-2.07073,0
2.10145,-2.63352,0
2.14479,-2.55927,0
2.10635,-2.63386,0
2.06851,-2.56954,0
5.86696,-2.07043,0
5.77162,-2.145,0
5.85066,-2.01778,0
2.09343,-2.60748,0
5.93989,-2.06105,0
5.98877,-2.02876,0
5.93605,-2.13085,0
2.11415,-2.59233,0
5.97523,-2.03599,0
2.1776,-2.62871,0
5.92838,-2.00556,0
5.97365,-2.02982,0
6.0004,-2.108,0
5.97042,-2.07193,0
2.15211,-2.56542,0
2.04607,-2.60741,0
2.06546,-2.60623,0
5.95786,-2.05078,0
5.90411,-1.99597,0
5.79215,-2.18494,0
5.82504,-2.15997,0
5.83058,-2.16606,0
5.75878,-2.18893,0
5.76546,-2.17054,0
5.78077,-2.17002,0
5.97373,-2.13885,0
5.75685,-2.18099,0
5.93662,-2.16898,0
5.94922,-2.16605,0
5.87393,-2.16666,0
3.56966,-3.4624,0
3.5282,-3.46897,0
3.96833,-3.46872,0
4.2189,-3.21824,0
4.31881,-3.0238,0
4.25943,-3.13981,0
4.15319,-3.36372,0
4.28459,-3.07407,0
4.15783,-3.34786,0
4.38453,-2.90758,0
4.38506,-2.90456,0
4.24082,-3.1449,0
3.91883,-3.50917,0
1.84191,-2.26968,0
3.86666,-3.48051,0
3.90145,-3.50478,0
3.93523,-3.51176,0
1.8504,-2.27696,0
3.89018,-3.48841,0
3.89595,-3.49711,0
3.83481,-3.43685,0
3.88885,-3.51523,0
3.86759,-3.47306,0
3.83515,-3.47891,0
4.41435,-3.05295,0
4.6286,-3.20172,0
4.34949,-3.25834,0
4.4097,-3.09072,0
4.62692,-3.19359,0
4.32965,-3.31618,0
4.55442,-3.0544,0
4.53343,-3.02068,0
4.51606,-2.98076,0
4.29172,-3.29606,0
4.37593,-3.09303,0
4.43047,-3.04776,0
4.25705,-3.20408,0
4.26995,-3.29266,0
4.5992,-3.25002,0
4.51694,-3.00352,0
4.65512,-3.04153,0
4.361,-3.13785,0
4.40589,-3.37052,0
4.40464,-3.23037,0
4.41245,-3.22977,0
4.78867,-2.91644,0
4.74366,-2.90906,0
4.47811,-3.07582,0
4.61796,-3.09164,0
4.58822,-3.16561,0
4.22513,-3.24214,0
4.50955,-3.29076,0
4.67738,-3.41809,0
4.6791,-3.03759,0
4.6365,-2.9467,0
4.58655,-3.03241,0
4.62042,-2.85098,0
4.67117,-3.02154,0
4.66202,-3.06541,0
4.79026,-2.82386,0
4.54968,-3.39596,0
2.25506,-2.90132,0
4.60511,-3.39172,0
4.67915,-2.93957,0
4.3061,-3.33983,0
4.68622,-3.20098,0
4.33394,-3.09721,0
4.75906,-2.86828,0
4.70926,-3.18952,0
4.60766,-3.39682,0
4.54407,-3.40763,0
4.36963,-3.20347,0
4.41696,-3.24288,0
4.31129,-3.08645,0
4.40999,-3.35726,0
4.58498,-2.85644,0
4.21871,-3.28918,0
4.71648,-2.82857,0
4.60472,-2.83422,0
4.38495,-3.04894,0
4.61761,-3.23073,0
4.41838,-3.25981,0
4.64409,-3.37374,0
4.71665,-2.8886,0
4.63717,-3.00846,0
4.51295,-3.06164,0
4.36343,-3.15567,0
4.47317,-3.26986,0
4.35242,-3.10585,0
4.76245,-2.96156,0
4.6152,-3.09351,0
4.60286,-3.09208,0
4.6133,-3.3186,0
4.41164,-3.19659,0
4.43156,-3.28715,0
4.70783,-2.88937,0
4.37872,-3.24968,0
4.35667,-3.35219,0
4.44744,-3.29244,0
4.34707,-3.20763,0
4.48802,-3.19425,0
4.44141,-3.36956,0
4.57418,-3.27588,0
4.71127,-2.92733,0
4.61162,-2.98381,0
4.57865,-3.31443,0
4.35588,-3.11392,0
4.60289,-3.31328,0
4.47502,-3.30376,0
4.50686,-3.26541,0
4.45601,-3.14684,0
4.22834,-3.28764,0
4.49451,-3.23544,0
4.64435,-3.15085,0
4.19014,-3.29917,0
4.46635,-3.1067,0
4.36217,-3.34444,0
4.6189,-3.27571,0
4.44678,-3.11243,0
4.4909,-3.33814,0
4.35615,-3.31923,0
4.48135,-3.08338,0
4.63531,-3.38686,0
4.7507,-3.03066,0
4.58163,-2.90227,0
4.72148,-3.23361,0
4.683,-3.07507,0
4.70604,-2.87471,0
4.42528,-3.22616,0
4.6678,-2.91125,0
4.3702,-3.03053,0
4.30254,-3.09564,0
4.57543,-3.10337,0
4.51218,-3.13546,0
4.53822,-3.27658,0
4.32708,-3.14687,0
4.60488,-3.12668,0
4.59967,-3.15352,0
4.58337,-3.20814,0
4.28688,-3.15442,0
4.44236,-2.89858,0
4.69856,-2.82731,0
4.38462,-2.9834,0
4.62867,-3.29632,0
4.63685,-3.00241,0
4.39238,-3.03814,0
4.45496,-3.16559,0
4.4433,-3.08512,0
4.67349,-2.98005,0
4.42514,-3.22244,0
4.38355,-3.10063,0
4.71042,-3.18081,0
4.60963,-3.00826,0
4.64295,-3.00744,0
4.64851,-3.38986,0
4.56231,-3.28755,0
4.41461,-3.24168,0
2.32698,-2.92747,0
4.58794,-2.84027,0
4.48896,-3.09111,0
4.47263,-3.30715,0
4.37187,-3.0231,0
4.67675,-3.09776,0
4.64053,-3.27225,0
4.47157,-3.26769,0
4.47824,-2.88855,0
4.19771,-3.30016,0
4.4183,-3.13572,0
4.23507,-3.21875,0
4.45181,-3.03669,0
4.73042,-2.85064,0
4.70089,-3.13665,0
4.4167,-3.17747,0
4.52411,-3.26586,0
4.71428,-3.20084,0
4.40911,-2.90928,0
4.32746,-3.11214,0
4.47,-3.04226,0
4.35151,-3.33494,0
4.65968,-3.34674,0
4.71881,-3.00938,0
4.78586,-3.0749,0
4.81684,-2.96202,0
4.8634,-2.92149,0
4.86524,-2.92725,0
4.91896,-3.05377,0
4.80227,-3.01644,0
4.88384,-2.80627,0
4.81803,-2.97775,0
4.75929,-3.31449,0
4.86496,-3.23742,0
4.76942,-3.18436,0
4.77424,-3.07742,0
4.82598,-3.00932,0
4.70323,-3.35353,0
4.74289,-3.29504,0
4.80376,-3.23757,0
4.89609,-3.2964,0
4.81057,-3.01339,0
2.41651,-3.0665,0
4.8053,-3.15245,0
4.74693,-3.33286,0
4.83108,-3.03568,0
4.86192,-3.03782,0
4.90955,-2.85669,0
2.44551,-3.07247,0
4.8949,-3.04042,0
4.7788,-2.98393,0
4.91139,-2.70473,0
4.821,-2.97501,0
4.87819,-3.08039,0
4.91079,-2.74311,0
4.82658,-3.33748,0
4.89022,-2.88905,0
4.88751,-2.92797,0
4.78451,-3.03624,0
4.77997,-3.06726,0
4.76239,-3.09044,0
4.82033,-3.18357,0
4.81184,-3.14363,0
4.86421,-3.21358,0
4.73815,-3.33757,0
4.95677,-2.69836,0
2.51728,-3.0873,0
4.8441,-3.28817,0
4.89293,-3.015,0
4.95945,-2.72804,0
4.83222,-3.27215,0
4.92025,-3.00471,0
4.91945,-2.75685,0
4.79942,-3.23171,0
4.92447,-3.06567,0
4.88896,-2.93881,0
4.89408,-3.33728,0
4.87544,-3.18028,0
4.843,-3.09369,0
4.88899,-3.37422,0
4.81284,-3.31683,0
4.89744,-3.16993,0
4.8671,-3.05861,0
4.79154,-3.14346,0
4.92309,-2.77347,0
4.9604,-2.71933,0
4.77294,-3.31865,0
4.73333,-3.25512,0
4.84948,-2.99405,0
4.7665,-3.23148,0
4.79785,-2.99898,0
4.73582,-3.32831,0
4.78711,-2.96524,0
4.85602,-3.29889,0
4.76335,-3.09579,0
4.79557,-2.96819,0
2.98579,-3.14559,0
4.90648,-3.08501,0
4.93158,-3.02274,0
4.87161,-2.82721,0
4.87479,-3.06336,0
4.89101,-3.10108,0
2.97928,-3.12886,0
4.72943,-3.27195,0
4.89713,-2.98504,0
4.93367,-3.00105,0
4.88229,-3.21403,0
4.87465,-3.26807,0
4.93129,-2.75211,0
4.7759,-3.03803,0
4.8559,-3.14398,0
4.99263,-2.90749,0
4.9725,-2.7408,0
4.96711,-3.12171,0
4.95476,-3.28125,0
5.00441,-2.72895,0
5.01573,-2.72463,0
4.9721,-3.18072,0
5.02316,-2.77738,0
4.98252,-3.11794,0
4.98105,-3.18192,0
4.93107,-3.2951,0
5.01399,-2.8037,0
4.99552,-3.03575,0
2.53226,-3.10579,0
4.9885,-2.92328,0
4.97185,-2.73311,0
5.00897,-2.95128,0
2.5448,-3.12152,0
4.9763,-2.78568,0
2.54293,-3.12785,0
4.97664,-2.83557,0
4.99824,-2.9037,0
2.50482,-3.10471,0
4.93329,-3.06652,0
4.97526,-3.27594,0
4.96264,-2.85837,0
4.97379,-2.8856,0
4.98978,-3.23124,0
4.97942,-2.93371,0
4.9233,-3.13088,0
4.97525,-2.74439,0
4.99834,-2.95098,0
4.94647,-3.02599,0
2.51429,-3.14074,0
2.53427,-3.10785,0
4.95762,-3.15722,0
4.90242,-3.34258,0
4.91372,-3.31446,0
2.46396,-3.10745,0
4.34668,-3.42,0
4.49258,-3.41191,0
4.58058,-3.43753,0
4.5252,-3.42784,0
4.58594,-3.44731,0
4.58309,-3.45882,0
4.53614,-3.46293,0
4.39069,-3.41008,0
2.22538,-2.82798,0
4.18617,-3.37897,0
4.43507,-3.45104,0
4.60717,-3.49156,0
4.25515,-3.37381,0
4.30131,-3.40512,0
2.22815,-2.86106,0
4.25645,-3.39156,0
4.46356,-3.41219,0
4.22136,-3.3654,0
4.45921,-3.39483,0
4.63047,-3.43994,0
4.38837,-3.38363,0
4.54882,-3.4595,0
4.33945,-3.39258,0
3.68033,-3.53975,0
3.73931,-3.50161,0
3.81525,-3.56897,0
3.76155,-3.4665,0
3.86802,-3.52761,0
3.79106,-3.5418,0
3.84567,-3.52951,0
3.82371,-3.55664,0
3.7516,-3.54221,0
3.72138,-3.53903,0
3.73676,-3.56156,0
3.69293,-3.46139,0
3.78275,-3.57776,0
3.82782,-3.55395,0
3.77726,-3.56209,0
3.71379,-3.4532,0
3.6913,-3.53043,0
3.73817,-3.47954,0
3.79827,-3.55013,0
3.62058,-3.43833,0
3.73117,-3.55921,0
1.81478,-2.30193,0
1.75645,-2.28045,0
3.6771,-3.54217,0
3.6364,-3.50621,0
3.78235,-3.52914,0
1.84578,-2.50146,0
3.95881,-3.56863,0
2.16828,-2.65069,0
1.8958,-2.46676,0
4.0342,-3.59741,0
1.9769,-2.51867,0
1.92519,-2.50879,0
1.94042,-2.49296,0
4.0078,-3.52085,0
4.15018,-3.39285,0
4.10856,-3.49812,0
2.18592,-2.65407,0
4.06221,-3.60699,0
4.1754,-3.4051,0
1.85812,-2.50612,0
4.09842,-3.5411,0
1.8833,-2.50378,0
4.03414,-3.58599,0
4.16174,-3.41963,0
4.08875,-3.55482,0
1.92366,-2.52563,0
4.14559,-3.40522,0
4.0951,-3.58134,0
2.1505,-2.65105,0
3.57295,-3.51574,0
3.44016,-3.55968,0
3.55781,-3.54085,0
3.13048,-3.29307,0
3.43622,-3.51436,0
3.32556,-3.46189,0
3.22612,-3.36777,0
3.21793,-3.35071,0
3.49666,-3.55185,0
3.33885,-3.41441,0
3.46218,-3.52329,0
3.36167,-3.48617,0
3.52285,-3.53209,0
3.31901,-3.39344,0
3.36437,-3.43582,0
3.43721,-3.45714,0
3.27086,-3.34965,0
3.18728,-3.34155,0
3.44544,-3.53708,0
3.44286,-3.49083,0
3.42668,-3.52868,0
3.55333,-3.55072,0
3.27783,-3.40098,0
3.3427,-3.42654,0
3.42669,-3.52958,0
3.39372,-3.48124,0
3.4825,-3.5717,0
3.62089,-3.54144,0
3.63089,-3.54094,0
3.60983,-3.62661,0
3.57866,-3.61884,0
3.66167,-3.53738,0
3.60857,-3.5595,0
3.5595,-3.59152,0
3.62092,-3.52151,0
1.72748,-2.24291,0
3.75729,-3.63162,0
3.72813,-3.60427,0
3.76298,-3.63642,0
4.13947,-3.51649,0
4.07886,-3.63882,0
4.14568,-3.48677,0
4.09527,-3.59357,0
4.20219,-3.42043,0
4.14448,-3.51149,0
4.19656,-3.45223,0
3.95239,-3.61149,0
3.92965,-3.59337,0
3.93185,-3.64236,0
3.99776,-3.65612,0
1.85801,-2.4373,0
4.01803,-3.66758,0
3.98807,-3.66782,0
1.85452,-2.45832,0
4.04698,-3.69111,0
4.13822,-3.57853,0
2.06699,-2.69339,0
1.94825,-2.65723,0
2.16865,-2.75467,0
4.28024,-3.47449,0
4.23874,-3.44711,0
4.22281,-3.48061,0
4.18172,-3.64973,0
1.99263,-2.5988,0
2.06889,-2.6689,0
4.23695,-3.53105,0
2.01555,-2.65741,0
2.2256,-2.77911,0
2.17982,-2.73399,0
2.01566,-2.61333,0
4.12459,-3.62147,0
4.2064,-3.47144,0
2.00689,-2.65223,0
2.21333,-2.78561,0
4.16198,-3.5851,0
4.19881,-3.53293,0
4.15706,-3.59793,0
4.19228,-3.48806,0
2.20822,-2.74855,0
1.96991,-2.68192,0
4.23458,-3.46057,0
2.03645,-2.65382,0
2.053,-2.72104,0
4.20438,-3.56844,0
4.25589,-3.56223,0
4.24422,-3.44257,0
2.02797,-2.64706,0
4.27258,-3.51735,0
2.09916,-2.68861,0
4.20527,-3.52106,0
2.11371,-2.69875,0
4.07029,-3.68476,0
1.92364,-2.55954,0
1.91229,-2.59595,0
1.92404,-2.5815,0
4.06636,-3.66305,0
4.08314,-3.70117,0
3.93923,-3.66778,0
1.85303,-2.51101,0
3.95415,-3.66776,0
3.82016,-3.65309,0
3.97371,-3.71467,0
3.88555,-3.62697,0
3.83601,-3.66507,0
2.97538,-3.18227,0
4.08407,-3.73008,0
1.91252,-2.62309,0
4.01175,-3.699,0
2.05579,-2.74255,0
2.12053,-2.76193,0
4.18172,-3.71906,0
2.21421,-2.82843,0
3.00092,-3.20113,0
3.01194,-3.21927,0
2.01601,-2.73512,0
1.92053,-2.68437,0
2.91233,-3.17251,0
1.98246,-2.72383,0
1.99862,-2.7054,0
2.02286,-2.7359,0
1.95689,-2.69012,0
2.20846,-2.81153,0
2.05041,-2.72942,0
1.90931,-2.67739,0
4.11742,-3.77002,0
4.12981,-3.77953,0
1.88356,-2.64694,0
4.00473,-3.71974,0
2.92649,-3.18525,0
3.02831,-3.23855,0
3.86114,-3.7248,0
3.97786,-3.7807,0
3.90113,-3.72961,0
3.94087,-3.74534,0
3.03507,-3.26052,0
3.86983,-3.70859,0
1.85137,-2.56532,0
1.83543,-2.52857,0
1.8657,-2.55723,0
1.83622,-2.56177,0
3.80785,-3.68043,0
2.99033,-3.23765,0
2.87568,-3.18627,0
2.87616,-3.18649,0
2.01685,-2.81394,0
2.20928,-2.86005,0
2.34367,-2.95872,0
2.1155,-2.81613,0
1.98571,-2.7401,0
4.31812,-3.52104,0
4.26851,-3.64555,0
2.04851,-2.76446,0
1.97772,-2.78194,0
2.1944,-2.8526,0
4.22958,-3.70747,0
1.99983,-2.74557,0
1.99686,-2.74223,0
4.18899,-3.79085,0
1.97967,-2.80076,0
1.95844,-2.77201,0
2.20865,-2.86218,0
1.99901,-2.75448,0
4.34857,-3.43235,0
2.35511,-2.95271,0
2.91477,-3.2165,0
4.28739,-3.58344,0
2.10558,-2.84512,0
1.89412,-2.69177,0
3.14507,-3.35486,0
3.10764,-3.32508,0
1.91705,-2.71281,0
1.91281,-2.7537,0
2.84618,-3.21647,0
2.87504,-3.22401,0
3.08394,-3.33057,0
2.32375,-2.97439,0
1.91707,-2.73396,0
2.1382,-2.88528,0
2.34524,-2.98637,0
4.30066,-3.61998,0
2.77851,-3.22666,0
4.40272,-3.45416,0
4.26286,-3.70566,0
4.34442,-3.77361,0
2.4089,-3.06899,0
2.32128,-2.98735,0
4.31513,-3.65246,0
4.3773,-3.56701,0
4.33853,-3.76167,0
2.88684,-3.24566,0
4.46011,-3.50122,0
2.3511,-3.02419,0
4.46856,-3.48294,0
4.34606,-3.56125,0
4.39155,-3.47123,0
2.9003,-3.26862,0
2.81688,-3.21943,0
4.37136,-3.58989,0
2.90339,-3.26189,0
4.34634,-3.77766,0
2.09768,-2.95374,0
2.90348,-3.27048,0
2.03345,-2.9075,0
4.27733,-3.71386,0
4.27196,-3.75017,0
4.28069,-3.65169,0
2.98476,-3.29233,0
4.41456,-3.46519,0
4.31739,-3.72239,0
4.31964,-3.60147,0
2.34391,-3.01637,0
2.02912,-2.94219,0
2.04964,-2.8593,0
2.87552,-3.24762,0
4.2872,-3.66242,0
4.46224,-3.49589,0
2.09059,-2.95414,0
2.10745,-2.8949,0
2.23861,-3.02455,0
2.27542,-3.04676,0
4.43238,-3.5431,0
4.3405,-3.74198,0
2.0913,-2.87345,0
4.35851,-3.48996,0
4.34467,-3.78272,0
2.82264,-3.2338,0
4.36893,-3.71826,0
2.23129,-3.01292,0
4.38905,-3.58144,0
4.42621,-3.59952,0
2.38373,-3.05108,0
4.30405,-3.69109,0
4.33251,-3.55264,0
2.22014,-3.00468,0
4.36956,-3.73132,0
4.37563,-3.65443,0
4.29762,-3.71569,0
2.24607,-3.01898,0
4.37162,-3.75235,0
4.28287,-3.80367,0
4.25938,-3.77121,0
2.00108,-2.83352,0
2.00556,-2.83473,0
1.99945,-2.86363,0
2.01237,-2.87516,0
1.97257,-2.87835,0
2.58668,-3.16139,0
2.32083,-3.06406,0
2.73974,-3.21894,0
2.80538,-3.24068,0
2.77929,-3.23189,0
3.12917,-3.37516,0
3.21051,-3.42622,0
2.5226,-3.15386,0
2.57724,-3.18017,0
1.96195,-2.91885,0
3.12234,-3.38478,0
2.25696,-3.04944,0
2.66416,-3.20532,0
2.51112,-3.1476,0
3.0394,-3.35391,0
2.22344,-3.03595,0
2.90263,-3.30372,0
1.95134,-2.9358,0
2.92196,-3.31498,0
2.53541,-3.16495,0
2.1951,-3.0203,0
4.27177,-3.82056,0
4.25185,-3.82127,0
2.61817,-3.17766,0
2.5542,-3.16751,0
3.11378,-3.38585,0
4.42794,-3.78238,0
4.48904,-3.65956,0
4.4671,-3.53788,0
2.30503,-3.07912,0
2.33916,-3.15559,0
2.09798,-3.09187,0
2.21334,-3.09795,0
3.05913,-3.37403,0
2.87442,-3.35067,0
3.00283,-3.35965,0
3.17138,-3.42433,0
2.71282,-3.29646,0
2.55682,-3.25118,0
2.27341,-3.14066,0
4.47689,-3.47298,0
2.56302,-3.20265,0
2.26878,-3.12077,0
2.41507,-3.19009,0
2.21538,-3.06673,0
2.98699,-3.36613,0
2.62914,-3.26973,0
2.24537,-3.10914,0
2.41103,-3.16543,0
2.30946,-3.12635,0
2.17511,-3.11382,0
4.41863,-3.77981,0
2.78368,-3.28053,0
4.43586,-3.62516,0
3.06985,-3.40085,0
2.44739,-3.15388,0
3.05304,-3.3946,0
4.5124,-3.50776,0
4.40555,-3.66158,0
4.52217,-3.59124,0
2.42168,-3.13822,0
4.50188,-3.60347,0
4.45137,-3.67274,0
2.56352,-3.19588,0
2.713,-3.23785,0
2.81075,-3.32459,0
4.46187,-3.72668,0
2.16215,-3.07231,0
4.49867,-3.48573,0
4.42748,-3.61077,0
2.08332,-3.11207,0
4.4439,-3.63042,0
2.34364,-3.1496,0
4.48209,-3.57171,0
2.3785,-3.19717,0
2.30064,-3.12846,0
4.50274,-3.66155,0
2.13031,-3.0822,0
2.99251,-3.37635,0
2.12634,-3.07752,0
4.38299,-3.78192,0
2.90654,-3.32796,0
2.14037,-3.04761,0
2.56133,-3.19974,0
2.57835,-3.21787,0
4.49422,-3.49334,0
3.04144,-3.39414,0
2.88936,-3.32629,0
2.30887,-3.16828,0
3.06441,-3.37846,0
4.49932,-3.63831,0
2.45555,-3.26094,0
2.86976,-3.35819,0
2.08815,-3.16581,0
2.73216,-3.32887,0
2.82779,-3.34395,0
2.76354,-3.32009,0
2.4865,-3.2659,0
2.2527,-3.17495,0
2.54092,-3.28059,0
2.23866,-3.18499,0
3.16591,-3.44578,0
2.2615,-3.20517,0
2.6714,-3.30052,0
2.11406,-3.13647,0
3.1957,-3.45835,0
2.41473,-3.22685,0
2.21054,-3.19549,0
2.95664,-3.39213,0
2.20792,-3.17295,0
3.28707,-3.47295,0
2.18814,-3.18627,0
2.82381,-3.34125,0
2.0871,-3.13898,0
3.23487,-3.46621,0
2.27067,-3.20004,0
2.16962,-3.18438,0
2.25107,-3.17694,0
4.71413,-3.52091,0
2.40497,-3.27758,0
4.7495,-3.40077,0
3.03357,-3.43238,0
2.59369,-3.37562,0
2.70466,-3.38768,0
2.78718,-3.48287,0
2.39895,-3.43885,0
4.70167,-3.57619,0
4.58417,-3.51056,0
4.54902,-3.59759,0
2.79514,-3.4866,0
3.17064,-3.46736,0
3.03787,-3.45418,0
2.59242,-3.31233,0
2.43651,-3.28677,0
2.85058,-3.39895,0
2.71651,-3.42704,0
4.62128,-3.59432,0
4.59307,-3.5086,0
4.81033,-3.47966,0
4.62628,-3.59905,0
4.7098,-3.52203,0
4.66837,-3.57951,0
2.70629,-3.36993,0
2.6587,-3.37616,0
2.36627,-3.43314,0
2.41552,-3.43715,0
3.16396,-3.48371,0
2.59133,-3.35002,0
4.83667,-3.46598,0
4.57031,-3.59228,0
4.62812,-3.56299,0
2.92868,-3.43148,0
2.84188,-3.38129,0
2.69984,-3.39302,0
4.66179,-3.62527,0
4.63022,-3.58444,0
2.48223,-3.42775,0
2.68055,-3.37191,0
2.41533,-3.25823,0
2.89336,-3.48404,0
2.7734,-3.44023,0
4.783,-3.47422,0
2.46547,-3.29831,0
2.65428,-3.39023,0
4.84631,-3.38893,0
2.64443,-3.38202,0
3.015,-3.44079,0
4.83594,-3.60181,0
2.43644,-3.39142,0
2.5884,-3.39795,0
4.80721,-3.61656,0
2.49518,-3.43876,0
2.69363,-3.3289,0
2.61259,-3.41302,0
4.7573,-3.42504,0
4.62981,-3.63085,0
2.82865,-3.39171,0
2.62423,-3.3166,0
4.76512,-3.52218,0
4.81012,-3.50053,0
2.83938,-3.37296,0
2.57122,-3.40822,0
4.75894,-3.36722,0
2.47149,-3.43996,0
2.43265,-3.30918,0
3.2162,-3.5145,0
2.54009,-3.3212,0
2.4619,-3.3154,0
2.88971,-3.44198,0
2.57001,-3.40716,0
2.74426,-3.36026,0
4.80315,-3.46249,0
4.80056,-3.57557,0
2.99554,-3.413,0
2.91353,-3.43196,0
2.52684,-3.41898,0
4.72914,-3.62892,0
4.58387,-3.63889,0
4.62405,-3.63404,0
2.38465,-3.42895,0
3.01616,-3.42496,0
3.31049,-3.49248,0
2.79617,-3.45852,0
3.20758,-3.48137,0
2.86893,-3.37864,0
4.69059,-3.5524,0
4.65161,-3.43759,0
3.2012,-3.49111,0
3.09406,-3.48155,0
4.73646,-3.46425,0
2.72803,-3.46084,0
2.37811,-3.45042,0
2.82574,-3.4262,0
2.72158,-3.44475,0
2.46015,-3.40502,0
2.5135,-3.3584,0
2.86091,-3.44205,0
2.69694,-3.39848,0
4.7241,-3.56247,0
4.70273,-3.47157,0
2.64824,-3.4034,0
2.95969,-3.47673,0
4.71316,-3.60047,0
2.64714,-3.41791,0
4.79468,-3.4334,0
2.54422,-3.32983,0
2.43847,-3.35355,0
4.75136,-3.65038,0
2.80603,-3.41472,0
2.80167,-3.48642,0
4.82616,-3.5888,0
4.57325,-3.57043,0
4.81738,-3.46894,0
4.79307,-3.57442,0
2.47081,-3.34028,0
4.81333,-3.62912,0
4.63093,-3.60524,0
3.02727,-3.49854,0
2.59368,-3.31964,0
2.55372,-3.39374,0
2.57782,-3.40272,0
2.58621,-3.43991,0
2.69757,-3.61943,0
5.0617,-3.33901,0
4.92443,-3.39315,0
5.01874,-2.988,0
5.05205,-3.40775,0
5.07384,-2.9959,0
3.1737,-3.56895,0
5.07081,-2.75852,0
5.05277,-3.33201,0
5.00978,-3.13209,0
2.89225,-3.52333,0
2.68547,-3.60834,0
3.0611,-3.51745,0
2.95328,-3.53549,0
5.05839,-3.06285,0
5.01527,-3.11002,0
2.89012,-3.54645,0
2.85356,-3.49849,0
5.04935,-2.91366,0
2.66943,-3.50835,0
3.16959,-3.56576,0
5.02005,-3.42456,0
2.75483,-3.5824,0
2.61424,-3.49485,0
2.70285,-3.49209,0
5.08568,-3.11214,0
2.63266,-3.53091,0
2.96247,-3.57868,0
5.02278,-3.43392,0
2.95842,-3.57279,0
3.10367,-3.53443,0
2.75259,-3.48682,0
3.15616,-3.59989,0
3.16469,-3.54798,0
4.87165,-3.48503,0
5.05853,-3.43338,0
5.02074,-3.43001,0
2.95514,-3.50435,0
5.07603,-3.47642,0
2.77476,-3.57254,0
2.92775,-3.52588,0
4.9597,-3.34845,0
3.30135,-3.59731,0
4.97845,-3.40912,0
5.02457,-3.26598,0
4.9059,-3.39069,0
5.07708,-3.20229,0
5.0549,-3.16452,0
2.83434,-3.57356,0
3.2094,-3.5534,0
5.04814,-3.27941,0
5.02141,-2.95182,0
5.06338,-3.11981,0
5.02095,-3.17547,0
5.05358,-3.40724,0
2.91386,-3.54905,0
5.07711,-3.00274,0
4.90952,-3.54304,0
5.06886,-2.84488,0
3.12586,-3.61239,0
2.69977,-3.5485,0
5.06195,-3.12841,0
2.69477,-3.49253,0
2.85495,-3.56372,0
5.01967,-3.40604,0
3.03056,-3.55858,0
5.03027,-3.09908,0
2.94062,-3.56849,0
5.06989,-2.94398,0
4.95326,-3.37783,0
2.71848,-3.61965,0
5.04244,-3.0817,0
2.64666,-3.57216,0
2.65221,-3.59005,0
3.03935,-3.54186,0
3.03097,-3.51224,0
3.10692,-3.53382,0
2.71667,-3.61404,0
2.65285,-3.47514,0
3.45933,-3.58236,0
5.01394,-3.09654,0
5.03202,-3.37026,0
5.01039,-3.187,0
3.07881,-3.59765,0
5.05773,-2.94972,0
2.99213,-3.60808,0
3.0193,-3.5553,0
5.0104,-3.05976,0
5.09033,-3.42518,0
5.04793,-3.43286,0
4.97835,-3.47415,0
5.03254,-2.98976,0
3.0201,-3.58952,0
4.91724,-3.44689,0
2.77927,-3.56825,0
2.91538,-3.51755,0
2.61723,-3.56439,0
2.79067,-3.58053,0
5.02098,-2.97364,0
5.02324,-3.0329,0
3.40551,-3.56836,0
5.04697,-3.05628,0
3.43445,-3.58715,0
5.07199,-2.91447,0
2.79067,-3.58511,0
2.60686,-3.48662,0
2.89355,-3.60953,0
3.08122,-3.53207,0
4.88699,-3.38567,0
2.81002,-3.62095,0
5.0621,-2.89712,0
5.07155,-2.73987,0
2.8927,-3.56114,0
4.88204,-3.48647,0
2.69252,-3.58089,0
2.78705,-3.51871,0
2.67617,-3.62626,0
5.05992,-3.17698,0
2.6053,-3.57379,0
2.96894,-3.57348,0
3.06877,-3.57023,0
3.09705,-3.51899,0
2.87729,-3.5505,0
5.02038,-2.96095,0
3.73423,-3.68128,0
5.14313,-2.95448,0
5.12571,-3.06201,0
5.41941,-2.97508,0
3.66425,-3.73255,0
3.19755,-3.69698,0
5.29402,-2.66409,0
3.48569,-3.71724,0
3.75511,-3.68839,0
5.11751,-2.92213,0
5.24044,-2.6204,0
5.51771,-3.08835,0
5.25391,-3.17995,0
5.32876,-2.90799,0
5.25811,-2.53553,0
5.10365,-2.82057,0
3.16543,-3.6499,0
5.33848,-2.90061,0
5.35768,-2.75453,0
3.40994,-3.60679,0
5.16543,-2.57775,0
5.37325,-3.15459,0
5.21454,-2.96332,0
5.30202,-2.93259,0
3.23289,-3.63704,0
5.20588,-2.5765,0
5.38132,-3.00603,0
5.12543,-3.06681,0
5.16867,-2.54025,0
5.26456,-2.60533,0
5.13491,-2.70647,0
5.35074,-2.79179,0
5.42892,-3.02756,0
3.26342,-3.84274,0
5.39095,-2.64134,0
5.27373,-3.18175,0
5.09276,-2.99508,0
5.24915,-2.74321,0
5.42028,-3.11173,0
3.58215,-3.75343,0
5.3188,-2.66845,0
3.20519,-3.66214,0
3.49619,-3.61443,0
5.33417,-2.69473,0
5.3382,-2.71958,0
3.63605,-3.61949,0
5.15072,-2.82473,0
5.46131,-3.02987,0
5.30739,-2.7529,0
5.10334,-3.18405,0
5.21728,-2.97347,0
5.10334,-3.04577,0
3.29174,-3.81715,0
5.52705,-2.98878,0
5.25766,-2.68186,0
3.22454,-3.74491,0
5.19358,-3.05189,0
5.13198,-3.02973,0
3.25603,-3.79818,0
5.23448,-3.20499,0
5.28964,-2.5975,0
5.17466,-3.0902,0
5.16905,-2.98771,0
5.14937,-2.89888,0
5.47688,-3.07752,0
3.24474,-3.66032,0
5.18353,-3.10326,0
3.29218,-3.64974,0
5.48114,-2.93366,0
5.28132,-2.65706,0
5.37281,-2.90187,0
5.3932,-3.12007,0
5.30209,-2.86181,0
3.42552,-3.66262,0
5.44816,-2.82053,0
5.14527,-2.98615,0
3.35255,-3.81992,0
3.21126,-3.72172,0
3.28353,-3.63212,0
5.36343,-2.60229,0
3.55046,-3.75763,0
3.64757,-3.72797,0
5.48746,-2.83208,0
5.39221,-2.77669,0
5.07295,-2.74181,0
5.26277,-3.09526,0
3.52463,-3.73457,0
3.35489,-3.77438,0
5.38806,-2.66043,0
5.23052,-2.68979,0
5.26251,-3.11224,0
5.11884,-2.7002,0
5.32771,-2.9758,0
5.36361,-2.97349,0
3.3565,-3.74144,0
5.2412,-2.58116,0
5.31705,-2.75208,0
5.13582,-2.91378,0
5.49355,-3.04272,0
5.16531,-2.84953,0
5.28987,-2.89384,0
3.28224,-3.66816,0
5.23037,-2.56163,0
5.49868,-3.03963,0
5.33444,-2.57255,0
5.50592,-2.98667,0
5.39441,-3.10097,0
5.19712,-3.14031,0
5.37657,-2.73348,0
3.46243,-3.62162,0
5.15238,-2.89238,0
5.31467,-3.16197,0
3.52901,-3.62274,0
5.29305,-2.55407,0
5.20815,-2.70531,0
3.25409,-3.63588,0
5.11047,-3.19633,0
3.43539,-3.73917,0
3.30055,-3.82549,0
5.36451,-2.80026,0
3.17832,-3.63345,0
5.13338,-2.72079,0
5.25054,-2.81583,0
5.2156,-2.91493,0
3.19689,-3.6349,0
5.32618,-3.05614,0
3.44078,-3.8081,0
5.16838,-2.8583,0
5.3669,-2.61753,0
3.48237,-3.77427,0
5.11064,-2.96502,0
5.35835,-2.59036,0
5.23978,-2.95809,0
5.38058,-2.8831,0
5.20007,-2.75114,0
5.34359,-3.04799,0
5.14796,-2.6899,0
3.72866,-3.70351,0
5.15622,-3.16656,0
5.23798,-3.18363,0
5.22067,-3.152,0
3.69373,-3.68398,0
5.09666,-3.20799,0
5.14432,-2.66222,0
3.17369,-3.704,0
3.17786,-3.61268,0
5.3892,-3.15619,0
5.35429,-2.88237,0
5.44457,-2.72284,0
5.37562,-3.0595,0
5.15732,-2.76843,0
5.40859,-2.76164,0
3.6964,-3.70596,0
3.54128,-3.60481,0
5.18343,-2.69495,0
3.20682,-3.63016,0
5.07976,-2.75954,0
5.17984,-2.8691,0
5.13792,-3.1742,0
3.2008,-3.82338,0
5.33383,-3.12788,0
5.304,-3.17213,0
5.35884,-3.07593,0
5.2749,-3.18257,0
5.14168,-2.82579,0
5.0742,-2.70068,0
3.40983,-3.63106,0
5.19571,-2.71078,0
5.36905,-2.59332,0
5.20273,-2.94799,0
3.20696,-3.75744,0
5.51591,-3.09718,0
5.54293,-3.02467,0
5.19169,-2.799,0
5.31675,-2.7917,0
3.38317,-3.65401,0
3.27,-3.61048,0
5.44295,-2.86174,0
5.35882,-3.08921,0
5.32585,-2.8245,0
3.20608,-3.68934,0
5.55146,-3.04484,0
5.26093,-2.68865,0
5.21162,-2.9804,0
5.34138,-2.71451,0
3.64526,-3.72589,0
5.10161,-2.74156,0
5.32968,-2.84533,0
3.64534,-3.65658,0
5.34355,-3.02742,0
5.23877,-2.86102,0
5.31292,-3.13163,0
5.12492,-3.17121,0
5.23706,-3.01068,0
5.22673,-2.7136,0
3.39083,-3.724,0
5.12844,-2.87053,0
5.4635,-3.07773,0
3.74409,-3.704,0
5.18863,-3.11979,0
3.30979,-3.78921,0
3.47861,-3.71694,0
5.30019,-2.75401,0
3.2982,-3.84866,0
5.31128,-3.05526,0
5.16447,-3.16749,0
3.60265,-3.7124,0
5.11461,-3.02432,0
3.47167,-3.77086,0
5.2778,-2.68774,0
5.15124,-2.67787,0
5.32557,-2.83062,0
3.35345,-3.63801,0
5.14234,-2.57213,0
3.37951,-3.69665,0
5.20202,-2.79555,0
3.23293,-3.65776,0
5.35048,-2.62161,0
5.40106,-2.78009,0
3.17113,-3.69238,0
5.52494,-2.68285,0
3.54456,-3.85938,0
5.4336,-2.56252,0
3.75663,-3.72189,0
3.46909,-3.84372,0
5.61103,-2.82679,0
3.78577,-3.76021,0
3.56749,-3.78686,0
3.64139,-3.81491,0
5.59441,-2.71836,0
5.58676,-2.75089,0
5.58293,-2.80741,0
5.58536,-2.79101,0
3.49717,-3.86176,0
5.6,-2.84925,0
3.42375,-3.89815,0
5.479,-2.74746,0
5.58854,-2.8952,0
5.45067,-2.62423,0
5.47395,-2.70232,0
3.61544,-3.81415,0
5.47289,-2.67272,0
3.55589,-3.81836,0
5.46768,-2.51009,0
5.55908,-2.69107,0
5.49332,-2.59833,0
5.55938,-2.69314,0
3.51064,-3.84799,0
5.5399,-2.72888,0
5.49054,-2.77232,0
3.40148,-3.86654,0
5.4314,-2.56735,0
3.43318,-3.81973,0
5.49598,-2.55266,0
3.72712,-3.78901,0
3.64838,-3.75751,0
3.43867,-3.8206,0
3.55456,-3.85401,0
3.47868,-3.81743,0
5.52536,-2.76468,0
3.42126,-3.84542,0
5.54764,-2.74245,0
3.71343,-3.7778,0
5.60306,-2.93273,0
5.48117,-2.63129,0
5.52149,-2.74098,0
3.72964,-3.78396,0
5.48162,-2.49425,0
5.51267,-2.72745,0
5.45805,-2.54989,0
5.48932,-2.79389,0
3.43936,-3.84618,0
3.42025,-3.86208,0
3.56992,-3.80771,0
5.50985,-2.70083,0
5.5622,-2.81562,0
5.60599,-2.87585,0
5.5612,-2.67386,0
5.49624,-2.77419,0
5.61585,-2.79047,0
3.40148,-3.93125,0
5.56799,-2.76253,0
5.42301,-2.57103,0
5.51669,-2.70004,0
5.59333,-2.95384,0
5.57311,-2.76136,0
3.82706,-3.74865,0
3.58103,-3.84044,0
5.59349,-2.96365,0
3.48337,-3.8487,0
3.43535,-3.84249,0
5.51007,-2.71975,0
5.60923,-2.78797,0
5.44957,-2.53165,0
3.44752,-3.87653,0
3.458,-3.81849,0
3.37665,-3.89035,0
3.40888,-3.94139,0
3.70494,-3.81185,0
3.56957,-3.87256,0
3.69556,-3.81183,0
3.54465,-3.88092,0
3.48333,-3.93852,0
3.73153,-3.83872,0
5.70067,-2.83527,0
5.6793,-2.8165,0
3.82061,-3.79464,0
5.6772,-2.85969,0
5.63121,-2.73494,0
3.70398,-3.84973,0
5.65478,-2.74191,0
5.58702,-2.62762,0
5.51785,-2.48618,0
3.66827,-3.83575,0
5.60216,-2.71477,0
3.88148,-3.76331,0
3.65373,-3.83841,0
3.59878,-3.86752,0
5.68955,-2.80901,0
5.68208,-2.79127,0
5.63561,-2.74194,0
5.68998,-2.86202,0
3.71997,-3.81154,0
3.65684,-3.86215,0
5.63357,-2.72354,0
3.73273,-3.80279,0
3.72493,-3.81111,0
3.75625,-3.82673,0
5.52006,-2.48924,0
3.53383,-3.89337,0
5.54373,-2.52562,0
5.72639,-2.62892,0
5.63807,-2.63646,0
5.56762,-2.52158,0
3.73417,-3.89118,0
3.6542,-3.88624,0
5.63186,-2.52025,0
5.65975,-2.64634,0
3.8223,-3.84884,0
3.63192,-3.95233,0
3.76568,-3.88476,0
3.64795,-3.9633,0
5.60467,-2.5352,0
3.62348,-3.92735,0
5.55122,-2.4898,0
5.76154,-2.74968,0
5.53622,-2.4228,0
3.90488,-3.81158,0
5.76104,-2.74883,0
5.62998,-2.62309,0
5.56879,-2.50824,0
5.57656,-2.51878,0
5.66394,-2.65698,0
5.69828,-2.67587,0
3.78849,-3.87881,0
5.52176,-2.39561,0
5.61624,-2.47407,0
5.58076,-2.48674,0
3.60955,-3.91788,0
5.68695,-2.77013,0
5.61599,-2.58551,0
3.7091,-3.89389,0
5.58083,-2.49937,0
3.84592,-3.87809,0
3.62337,-3.94034,0
3.82991,-3.82522,0
5.67334,-2.73956,0
3.88426,-3.77666,0
5.51076,-2.40289,0
3.65231,-3.92777,0
3.84859,-3.78737,0
5.56903,-2.376,0
5.71085,-2.74847,0
5.64092,-2.53003,0
5.73424,-2.68144,0
3.92558,-3.83118,0
3.72323,-3.89874,0
3.71498,-3.88735,0
5.66816,-2.54777,0
3.82241,-3.81765,0
3.69013,-3.91646,0
5.57938,-2.44569,0
5.54298,-2.49513,0
3.55548,-3.9569,0
5.76189,-2.56545,0
5.77221,-2.53044,0
5.74737,-2.54875,0
3.74067,-3.95486,0
3.75362,-3.9809,0
5.6444,-2.35502,0
3.95299,-3.83586,0
5.65263,-2.4456,0
3.84605,-3.91962,0
3.89073,-3.9303,0
5.79106,-2.56254,0
3.87637,-3.95547,0
3.95477,-3.85877,0
3.86991,-3.94216,0
5.72364,-2.5879,0
3.85204,-3.94909,0
5.74372,-2.53136,0
3.85388,-3.87767,0
3.99922,-3.82113,0
3.79885,-3.99135,0
5.78915,-2.61714,0
5.66649,-2.48051,0
3.97321,-3.82735,0
3.96551,-3.82733,0
5.60318,-2.35911,0
3.7422,-3.95253,0
5.76526,-2.55924,0
3.7902,-4.00617,0
4.03925,-3.83991,0
4.02697,-3.89137,0
5.79423,-2.48379,0
3.94352,-3.96256,0
4.02617,-3.91473,0
3.85675,-3.98142,0
4.12268,-3.85618,0
5.76357,-2.41488,0
4.1034,-3.83913,0
5.73361,-2.3647,0
4.05927,-3.87668,0
5.76865,-2.46081,0
4.01118,-3.89168,0
3.89256,-3.99481,0
3.9866,-3.88478,0
4.05348,-3.90386,0
3.91048,-3.96407,0
3.98555,-3.95718,0
4.13753,-3.84463,0
4.00806,-3.91058,0
5.81311,-2.50742,0
3.88463,-4.00739,0
5.75092,-2.43282,0
3.91758,-3.95576,0
5.6733,-2.28759,0
3.97169,-3.94518,0
5.77834,-2.44966,0
5.78759,-2.51366,0
3.862,-3.97756,0
5.74538,-2.43711,0
3.94029,-3.99265,0
4.08084,-3.8216,0
5.73812,-2.47367,0
5.83448,-2.41517,0
5.76477,-2.23427,0
5.82794,-2.41648,0
5.81882,-2.31375,0
5.81579,-2.37129,0
5.83009,-2.30108,0
5.80711,-2.43782,0
4.03399,-4.01575,0
5.86848,-2.32803,0
5.81118,-2.33431,0
5.80281,-2.36966,0
4.08626,-3.97132,0
5.8552,-2.36744,0
5.8548,-2.32981,0
5.69846,-2.25706,0
4.19523,-3.84331,0
5.76166,-2.29409,0
5.77,-2.40493,0
5.82187,-2.46739,0
5.76288,-2.38214,0
4.2368,-3.85029,0
4.14756,-3.87347,0
4.0768,-3.92367,0
5.78332,-2.40396,0
5.73167,-2.20329,0
5.81874,-2.37207,0
5.72497,-2.27131,0
4.50898,-3.7365,0
5.77627,-2.20105,0
4.54437,-3.64892,0
4.22836,-3.92374,0
4.52593,-3.68769,0
5.82413,-2.27341,0
4.38394,-3.80512,0
4.34379,-3.8152,0
4.39828,-3.8369,0
5.7992,-2.24538,0
4.30486,-3.85737,0
4.24878,-3.86727,0
4.24103,-3.8861,0
4.22054,-3.89516,0
4.30703,-3.94528,0
5.84646,-2.21973,0
4.26481,-3.84568,0
4.29326,-3.87306,0
4.28921,-3.948,0
4.24902,-3.93563,0
4.2396,-3.93449,0
5.87343,-2.20271,0
4.33046,-3.82205,0
1.78721,-2.46059,0
2.25183,-3.2729,0
3.67794,-3.98166,0
1.82047,-2.40267,0
3.04532,-3.69758,0
1.90143,-2.85529,0
1.95116,-2.95012,0
3.75067,-4.07381,0
1.78681,-2.88748,0
1.85005,-2.76141,0
1.60578,-2.89511,0
1.71409,-2.78213,0
1.77894,-2.947,0
2.05024,-3.0691,0
1.66157,-2.88886,0
3.02219,-3.6929,0
2.06166,-3.15754,0
1.99323,-3.0626,0
1.77274,-2.67622,0
3.0762,-3.66191,0
1.69434,-2.77348,0
1.74762,-2.81361,0
1.92935,-3.08407,0
1.89951,-2.84423,0
1.81013,-2.80587,0
2.08547,-3.18304,0
2.06112,-3.06936,0
1.79347,-2.66702,0
3.74107,-4.06654,0
1.80866,-2.5863,0
1.77166,-2.91148,0
2.05956,-3.0947,0
1.85682,-3.03545,0
1.61908,-2.82407,0
2.0724,-3.17363,0
1.91691,-2.79192,0
1.78954,-2.48627,0
3.14627,-3.70361,0
2.03374,-2.97688,0
1.82523,-2.47592,0
1.73334,-2.6324,0
1.69875,-2.6853,0
1.81349,-2.64297,0
1.83143,-2.90843,0
2.00832,-3.1197,0
1.77553,-2.62215,0
1.67993,-2.94771,0
1.82792,-2.56476,0
1.87932,-3.0468,0
1.92285,-2.98605,0
1.67893,-2.81796,0
1.76726,-2.97471,0
1.91709,-2.85518,0
1.66296,-2.87673,0
3.12698,-3.74769,0
1.70684,-2.96951,0
1.77188,-2.99544,0
1.66851,-2.90429,0
1.65905,-2.9184,0
1.83848,-2.74776,0
3.14325,-3.71225,0
1.97903,-3.09945,0
2.03709,-3.05136,0
2.3616,-3.25331,0
1.86131,-2.78917,0
2.34247,-3.29481,0
2.00203,-3.03559,0
1.87907,-3.05478,0
1.61447,-2.83541,0
1.78653,-2.647,0
1.60514,-2.80745,0
3.75452,-4.06709,0
1.80451,-2.90292,0
1.64568,-2.76615,0
1.68976,-2.9281,0
2.03946,-3.02871,0
3.06827,-3.65262,0
1.74136,-2.61309,0
1.58034,-2.85127,0
1.79874,-2.54194,0
1.82645,-2.70898,0
1.74979,-2.73266,0
1.80098,-2.56608,0
1.59076,-2.89445,0
1.89308,-2.98303,0
1.60668,-2.9067,0
1.63061,-2.90884,0
1.57732,-2.84823,0
3.15491,-3.73913,0
1.68091,-2.65811,0
1.72813,-2.90874,0
1.71703,-2.87688,0
2.0183,-2.97401,0
1.79552,-2.45088,0
1.90811,-2.95996,0
1.74701,-2.55143,0
1.81716,-2.73298,0
3.13601,-3.69346,0
1.75653,-2.58363,0
1.67473,-2.67245,0
1.59923,-2.88467,0
1.77133,-2.95727,0
1.78439,-2.67178,0
1.79399,-2.50302,0
1.72642,-2.88242,0
1.89442,-2.75299,0
1.59162,-2.84897,0
1.95845,-3.01021,0
1.81077,-2.59468,0
1.86284,-2.83356,0
1.88668,-2.87722,0
1.81501,-2.99067,0
1.73512,-2.66494,0
1.79481,-2.91247,0
1.85427,-2.84504,0
3.71965,-3.99683,0
2.34602,-3.30403,0
3.07812,-3.63606,0
2.30362,-3.29575,0
1.98578,-3.09587,0
1.63886,-2.89528,0
1.99917,-3.00208,0
2.97041,-3.80474,0
1.64704,-2.29578,0
2.90465,-3.80041,0
1.61395,-2.2834,0
1.33997,-2.36023,0
2.96506,-3.82336,0
1.52088,-2.19175,0
3.01849,-3.8592,0
1.54393,-2.15845,0
1.51358,-2.46497,0
1.57169,-2.30678,0
2.79226,-3.63702,0
1.65078,-2.39304,0
2.89962,-3.68523,0
1.54137,-2.51274,0
1.62807,-2.452,0
1.69733,-2.34233,0
1.51818,-2.53339,0
1.61601,-2.60684,0
3.27822,-3.87597,0
1.58709,-2.62861,0
1.68419,-2.4579,0
1.57935,-2.14638,0
1.7259,-2.53411,0
1.61922,-2.18702,0
2.90798,-3.8153,0
2.74548,-3.6465,0
2.83109,-3.76464,0
1.8118,-2.32758,0
1.56738,-2.16469,0
2.88317,-3.81415,0
1.58606,-2.13422,0
1.51566,-2.36387,0
1.52787,-2.54714,0
2.96792,-3.68094,0
3.08974,-3.92331,0
2.98233,-3.78706,0
1.57378,-2.40377,0
1.64468,-2.42792,0
1.65278,-2.63583,0
1.49155,-2.38573,0
2.87894,-3.75225,0
1.38626,-2.30549,0
2.77969,-3.63025,0
2.89736,-3.81763,0
1.34303,-2.36416,0
3.07044,-3.88311,0
2.59301,-3.55681,0
2.36349,-3.33747,0
3.10425,-3.9264,0
2.99705,-3.84623,0
3.25825,-3.88676,0
3.05513,-3.92275,0
3.22844,-3.9344,0
2.88336,-3.8209,0
1.62202,-2.63674,0
2.55813,-3.50244,0
1.63636,-2.68251,0
1.53285,-2.40047,0
1.74563,-2.34589,0
1.59057,-2.49407,0
2.96616,-3.89168,0
1.39655,-2.45254,0
1.55703,-2.61196,0
1.66837,-2.24362,0
1.73447,-2.35306,0
3.03243,-3.84039,0
3.21602,-3.97281,0
1.74337,-2.28339,0
1.39773,-2.46499,0
1.67463,-2.53824,0
1.56088,-2.62557,0
2.97835,-3.716,0
3.08488,-3.93843,0
1.58554,-2.37375,0
3.05142,-3.97049,0
1.71942,-2.40346,0
2.93182,-3.72978,0
2.86698,-3.77184,0
1.54597,-2.27502,0
1.51953,-2.22463,0
2.88258,-3.79902,0
1.63729,-2.4563,0
1.43057,-2.36929,0
1.61056,-2.41205,0
1.66956,-2.56964,0
2.97914,-3.72909,0
1.68446,-2.62968,0
2.8375,-3.63247,0
2.79346,-3.69449,0
1.67405,-2.36409,0
1.36594,-2.34651,0
1.33295,-2.39463,0
1.43718,-2.38523,0
2.70367,-3.6405,0
1.59691,-2.57488,0
1.73459,-2.27614,0
1.68342,-2.49958,0
3.09963,-3.85059,0
2.87563,-3.62973,0
2.93393,-3.66819,0
1.68208,-2.27678,0
2.97902,-3.82156,0
3.01553,-3.74886,0
1.64697,-2.59073,0
1.7422,-2.52716,0
2.98048,-3.71806,0
3.26932,-3.91548,0
3.06939,-3.88503,0
1.44049,-2.48983,0
1.57371,-2.49681,0
2.98912,-3.7493,0
1.54893,-2.49174,0
1.76241,-2.40922,0
1.80517,-2.39888,0
3.06482,-3.74541,0
3.16913,-3.831,0
1.5923,-2.57506,0
3.11331,-3.86682,0
1.50183,-2.34279,0
1.66228,-2.52539,0
2.54538,-3.48119,0
2.59741,-3.5088,0
1.69371,-2.25576,0
1.57675,-2.09287,0
1.8032,-2.37615,0
1.54602,-2.30425,0
1.66573,-2.66773,0
3.18569,-3.83691,0
1.59838,-2.11638,0
1.44307,-2.26118,0
3.16741,-4.02489,0
1.77347,-2.40157,0
2.88359,-3.6876,0
1.58099,-2.25464,0
3.19205,-3.89459,0
1.57893,-2.14539,0
2.92662,-3.85863,0
1.67541,-2.44384,0
2.9884,-3.87499,0
1.62034,-2.6354,0
3.09729,-4.00113,0
1.59941,-2.25335,0
1.44338,-2.48225,0
1.56467,-2.4332,0
1.49015,-2.26033,0
3.0109,-3.8007,0
2.98193,-3.88685,0
1.64136,-2.66737,0
1.42673,-2.33515,0
1.70167,-2.29129,0
3.00534,-3.74909,0
2.59812,-3.51444,0
3.19437,-3.98389,0
1.57161,-2.41632,0
1.50528,-2.53532,0
2.85772,-3.79058,0
3.14835,-4.02215,0
1.47505,-2.41152,0
1.60172,-2.32848,0
1.50792,-2.51334,0
3.10077,-3.97806,0
3.08869,-3.83042,0
3.12965,-3.99358,0
3.2484,-3.96279,0
3.30304,-3.88899,0
3.01529,-3.81963,0
2.9507,-3.65592,0
1.7422,-2.44058,0
3.05018,-3.72999,0
1.72571,-2.2152,0
3.09278,-3.83293,0
2.53989,-3.47288,0
3.01444,-3.7909,0
3.09745,-3.82103,0
3.15439,-3.97801,0
1.6534,-2.69916,0
1.64299,-2.65505,0
1.36416,-2.43836,0
3.10839,-3.97362,0
1.672,-2.51133,0
2.94219,-3.80024,0
1.61756,-2.22954,0
3.15807,-3.90671,0
1.52488,-2.35026,0
1.66043,-2.52082,0
3.11199,-3.87969,0
1.52991,-2.43961,0
2.88014,-3.6936,0
3.05895,-3.83191,0
2.82776,-3.64067,0
1.62094,-2.38974,0
1.71639,-2.51565,0
1.45072,-2.34612,0
1.79852,-2.35679,0
2.56887,-3.55345,0
1.33208,-2.29917,0
2.97586,-3.96908,0
1.379,-2.24482,0
3.03971,-4.0265,0
3.02849,-4.00057,0
2.99445,-4.03122,0
1.51695,-2.02904,0
2.90643,-3.92639,0
1.47589,-2.08795,0
1.42714,-2.2529,0
1.54511,-2.11341,0
1.47127,-2.19581,0
2.57639,-3.60976,0
2.76788,-3.76714,0
3.04728,-4.00693,0
2.7718,-3.74039,0
2.53608,-3.56779,0
3.0181,-3.99464,0
1.43274,-2.24398,0
1.28386,-2.29014,0
1.3597,-2.24775,0
2.30369,-3.33296,0
1.28186,-2.25272,0
2.77003,-3.76783,0
2.93809,-3.91288,0
1.48704,-2.17181,0
2.99932,-3.94818,0
1.33397,-2.2903,0
1.42886,-2.10955,0
2.93148,-3.9459,0
1.54121,-2.04977,0
2.54273,-3.55877,0
2.86409,-3.82993,0
3.03907,-3.97803,0
1.42508,-2.21728,0
1.4302,-2.20133,0
1.39163,-2.26266,0
1.34143,-2.32475,0
1.34551,-2.30286,0
1.32402,-2.28052,0
2.98753,-3.97009,0
2.86602,-3.84223,0
1.36835,-2.30034,0
2.2748,-3.3019,0
1.34951,-2.32326,0
1.54992,-2.09644,0
2.32126,-3.32814,0
2.84611,-3.82397,0
2.8623,-3.86378,0
2.56804,-3.60214,0
1.38958,-2.20555,0
1.53698,-2.10748,0
1.35329,-2.28675,0
1.3448,-2.31423,0
2.79411,-3.76262,0
1.36639,-2.17799,0
1.42533,-2.23289,0
1.33126,-2.24622,0
1.3868,-2.22986,0
2.92185,-3.88576,0
2.59862,-3.60889,0
2.689,-3.71137,0
1.52634,-2.09168,0
2.69371,-3.68252,0
1.34386,-2.26145,0
1.53785,-2.05142,0
2.63845,-3.65208,0
1.47591,-2.14673,0
1.53229,-2.01874,0
2.31184,-3.32479,0
2.29686,-3.30417,0
2.73657,-3.74556,0
1.50542,-2.06729,0
1.49968,-2.1315,0
1.53188,-2.65065,0
1.62008,-2.69266,0
1.5206,-2.84716,0
1.45526,-2.73433,0
1.51438,-2.69107,0
3.47987,-4.00224,0
1.89624,-3.08166,0
3.28865,-3.96153,0
2.22461,-3.30047,0
3.41947,-4.0589,0
1.50314,-2.84034,0
3.5578,-3.999,0
2.15733,-3.2604,0
3.4926,-4.03388,0
1.61096,-2.6753,0
1.49307,-2.83226,0
1.45125,-2.78108,0
3.46042,-4.02627,0
1.57523,-2.83377,0
3.40429,-4.0122,0
3.38761,-4.02215,0
1.5805,-2.69173,0
1.47083,-2.8191,0
2.19583,-3.26647,0
1.42865,-2.79168,0
1.5498,-2.76491,0
3.42417,-3.95274,0
1.5606,-2.68993,0
3.39014,-3.99631,0
3.47766,-4.03272,0
3.35304,-4.02679,0
1.55907,-2.87657,0
1.54238,-2.63889,0
1.47873,-2.713,0
1.46025,-2.7139,0
3.40804,-4.04869,0
1.51472,-2.78831,0
1.44139,-2.78335,0
3.39527,-3.98467,0
1.95145,-3.1159,0
3.37445,-4.04474,0
1.40588,-2.76567,0
1.51753,-2.79654,0
3.35786,-3.92661,0
1.47085,-2.6543,0
1.53905,-2.64081,0
1.51652,-2.6766,0
1.97916,-3.14833,0
3.3708,-4.04273,0
1.40958,-2.77756,0
3.48156,-4.02431,0
1.51598,-2.65803,0
1.5546,-2.70491,0
1.74775,-3.04225,0
3.55642,-4.0148,0
1.46324,-2.87309,0
2.24056,-3.33692,0
1.96863,-3.16484,0
2.09666,-3.26524,0
1.70728,-3.0409,0
1.86889,-3.08244,0
1.87897,-3.1047,0
1.71726,-3.03401,0
3.60938,-4.01276,0
2.23316,-3.33771,0
1.61966,-2.94931,0
2.17975,-3.2886,0
1.52867,-2.90264,0
1.50458,-2.8663,0
3.60616,-4.0359,0
1.69688,-2.97932,0
1.544,-2.94709,0
3.57057,-4.06234,0
1.6853,-3.02393,0
1.55488,-2.88283,0
2.18791,-3.28753,0
1.96866,-3.17338,0
1.95334,-3.1467,0
2.29653,-3.37493,0
3.58221,-4.03879,0
1.45313,-2.8545,0
1.52582,-2.92591,0
1.60987,-2.92787,0
3.56633,-4.07222,0
2.10235,-3.25682,0
1.73911,-3.05473,0
1.89352,-3.13493,0
1.44116,-2.85439,0
1.70463,-3.02981,0
1.76598,-3.02733,0
3.43922,-4.09404,0
1.40999,-2.847,0
1.81245,-3.10588,0
1.40959,-2.80466,0
2.43844,-3.48613,0
2.09085,-3.27443,0
2.20597,-3.34011,0
1.41435,-2.83613,0
3.49107,-4.11241,0
1.40528,-2.63368,0
3.25025,-4.1226,0
2.36546,-3.4579,0
2.36341,-3.46987,0
1.39239,-2.51876,0
1.42517,-2.64526,0
2.26906,-3.40983,0
1.42296,-2.63701,0
1.35891,-2.70405,0
3.21762,-4.10118,0
1.35403,-2.65092,0
1.39088,-2.47318,0
3.31137,-4.02459,0
3.1892,-4.09157,0
3.22284,-4.03027,0
3.2352,-4.07487,0
1.39091,-2.51341,0
3.23173,-4.08271,0
1.346,-2.70004,0
2.23041,-3.37332,0
1.4263,-2.69925,0
1.39204,-2.64734,0
2.59549,-3.64352,0
2.60703,-3.65005,0
2.63639,-3.68269,0
3.16463,-4.07047,0
1.36544,-2.64041,0
1.43721,-2.52231,0
1.45329,-2.64861,0
2.51529,-3.58074,0
3.29572,-4.02125,0
3.25384,-4.08327,0
1.33258,-2.62617,0
3.31229,-4.04338,0
3.27451,-4.01183,0
2.37914,-3.47771,0
2.43605,-3.53991,0
1.37198,-2.76517,0
3.31373,-4.09671,0
1.33112,-2.72747,0
2.28074,-3.43196,0
2.04978,-3.2535,0
2.15458,-3.33909,0
1.90397,-3.16536,0
2.19088,-3.36794,0
1.33619,-2.73922,0
1.32391,-2.73262,0
3.29886,-4.08545,0
1.29218,-2.69945,0
3.34509,-4.07881,0
1.94232,-3.19556,0
1.92579,-3.18653,0
2.23899,-3.4069,0
2.34067,-3.48563,0
1.86014,-3.14268,0
1.91376,-3.18355,0
2.04592,-3.28209,0
1.37384,-2.46483,0
2.62753,-3.70853,0
1.3302,-2.53449,0
3.18493,-4.11682,0
3.14291,-4.06844,0
3.16714,-4.08975,0
3.18603,-4.11938,0
3.11712,-4.06331,0
2.12063,-3.33114,0
2.36976,-3.52219,0
3.13592,-4.08233,0
1.35943,-2.48546,0
1.27547,-2.54641,0
1.32542,-2.51068,0
1.24366,-2.59197,0
1.25673,-2.59134,0
2.51262,-3.62808,0
1.22966,-2.58745,0
3.11492,-4.07131,0
3.15495,-4.1121,0
2.70741,-3.77562,0
1.29321,-2.49407,0
1.3398,-2.43748,0
2.77035,-3.82198,0
2.74471,-3.80019,0
1.32776,-2.45839,0
2.34828,-3.50856,0
3.11188,-4.08762,0
2.80655,-3.85828,0
3.12562,-4.09548,0
3.07252,-4.06628,0
2.57283,-3.68528,0
2.7179,-3.80349,0
3.01126,-4.06785,0
2.10732,-3.33952,0
2.80298,-3.86675,0
2.76417,-3.86546,0
2.28782,-3.48129,0
1.29034,-2.42217,0
1.30366,-2.42519,0
1.19809,-2.5731,0
2.1855,-3.40488,0
2.32289,-3.51663,0
2.48488,-3.64204,0
1.32698,-2.41978,0
3.10304,-4.13053,0
2.2677,-3.47829,0
2.06699,-3.30821,0
2.77436,-3.86987,0
1.3073,-2.41412,0
2.48202,-3.64615,0
2.36283,-3.54208,0
2.73152,-3.83772,0
2.1188,-3.34794,0
3.04479,-4.08009,0
2.59315,-3.71207,0
2.72225,-3.82649,0
2.64948,-3.77198,0
2.83157,-3.92133,0
2.1882,-3.40803,0
1.20189,-2.5525,0
2.0398,-3.28043,0
1.29517,-2.44826,0
2.35919,-3.5279,0
2.59267,-3.72996,0
2.0405,-3.3116,0
1.85704,-3.1789,0
1.81643,-3.12107,0
1.22933,-2.71713,0
1.20874,-2.71204,0
1.70505,-3.04744,0
1.33822,-2.80044,0
1.73149,-3.06424,0
1.75152,-3.08441,0
1.60072,-2.98791,0
2.00193,-3.28986,0
1.22138,-2.72913,0
1.37243,-2.83934,0
1.87122,-3.19787,0
1.29977,-2.78221,0
1.99346,-3.28177,0
1.87589,-3.19729,0
1.18991,-2.69023,0
2.63839,-3.77479,0
2.43365,-3.61152,0
2.82889,-3.92729,0
1.16926,-2.61885,0
1.25223,-2.4624,0
2.29016,-3.51846,0
2.68801,-3.84314,0
2.20818,-3.4604,0
2.79782,-3.91094,0
2.44134,-3.64519,0
1.26698,-2.44015,0
2.70305,-3.83869,0
1.1546,-2.61839,0
2.70219,-3.84652,0
2.9232,-4.02244,0
2.56066,-3.7322,0
2.9821,-4.05912,0
2.87607,-3.98896,0
2.31374,-3.54558,0
3.00688,-4.08714,0
2.45133,-3.6535,0
1.20351,-2.65033,0
2.61436,-3.78432,0
2.94528,-4.08114,0
2.80719,-3.9462,0
1.27783,-2.37908,0
2.56553,-3.75478,0
1.13525,-2.54606,0
2.40764,-3.62664,0
2.05247,-3.34024,0
1.2379,-2.43504,0
1.24468,-2.43187,0
2.78578,-3.93601,0
3.02056,-4.11044,0
2.37037,-3.60445,0
1.17653,-2.49669,0
2.89183,-4.01637,0
1.26148,-2.38244,0
2.93782,-4.07628,0
2.87088,-4.01986,0
2.73552,-3.90692,0
2.1572,-3.42604,0
1.27954,-2.35136,0
1.18365,-2.51439,0
1.22524,-2.41274,0
1.2101,-2.47175,0
2.35808,-3.59871,0
2.82468,-3.97247,0
1.2094,-2.40085,0
2.99885,-4.09373,0
2.72065,-3.87733,0
1.31145,-2.35557,0
2.95465,-4.10775,0
1.19798,-2.40104,0
2.30238,-3.61169,0
1.42437,-2.01069,0
1.97471,-3.28461,0
1.22456,-2.28734,0
2.81048,-4.05349,0
1.27293,-2.30737,0
1.43037,-1.99761,0
1.44932,-1.98937,0
2.72895,-3.98032,0
1.50647,-2.02115,0
1.41569,-2.08208,0
1.20746,-2.23347,0
1.39652,-2.13514,0
2.71435,-3.91516,0
2.37687,-3.63546,0
2.35825,-3.66183,0
2.80639,-4.07208,0
2.03696,-3.33462,0
1.25921,-2.16239,0
2.67721,-3.9936,0
2.54801,-3.80081,0
1.13127,-2.26687,0
1.47422,-1.99974,0
2.21301,-3.52109,0
1.28383,-2.23951,0
2.24699,-3.54878,0
1.35763,-2.15424,0
1.27349,-2.18199,0
1.17345,-2.39704,0
1.50289,-2.02074,0
1.28226,-2.20166,0
2.34898,-3.63071,0
2.58324,-3.80481,0
2.55464,-3.81394,0
1.35733,-2.0481,0
2.0754,-3.38276,0
2.61923,-3.84512,0
1.22029,-2.23541,0
1.08126,-2.39339,0
1.28522,-2.13345,0
1.39137,-2.0109,0
1.06424,-2.35153,0
1.33485,-2.10295,0
1.21905,-2.27681,0
2.05962,-3.35956,0
1.10223,-2.33888,0
2.06537,-3.35811,0
2.64533,-3.87748,0
2.41654,-3.71838,0
1.17464,-2.4083,0
1.27393,-2.13111,0
2.37916,-3.69326,0
1.11853,-2.38448,0
2.53043,-3.83178,0
1.21775,-2.34985,0
1.35294,-2.09593,0
2.50271,-3.79486,0
1.14253,-2.2845,0
1.23515,-2.2981,0
1.28401,-2.08061,0
1.13209,-2.2212,0
2.50484,-3.83742,0
1.08048,-2.31605,0
2.65434,-3.99964,0
2.01141,-3.36367,0
2.43391,-3.79641,0
1.20762,-2.18358,0
2.30038,-3.66145,0
1.20859,-2.13333,0
1.23502,-2.12384,0
2.60405,-3.94428,0
2.30108,-3.628,0
1.1489,-2.24508,0
1.08637,-2.25121,0
2.30483,-3.66661,0
1.30761,-2.04819,0
2.13782,-3.46579,0
1.18457,-2.16065,0
2.20999,-3.55554,0
2.747,-4.07992,0
1.12077,-2.27421,0
1.11482,-2.25251,0
1.10841,-2.24683,0
1.08767,-2.28399,0
1.18186,-2.19159,0
1.09907,-2.24312,0
2.48356,-3.80614,0
2.65089,-4.02058,0
2.16393,-3.51015,0
2.03046,-3.38232,0
1.05493,-2.3132,0
1.87246,-3.22758,0
2.16069,-3.52303,0
2.42318,-3.86689,0
2.63385,-4.06506,0
2.58152,-4.02977,0
2.45149,-3.86245,0
2.07769,-3.46928,0
2.45208,-3.86658,0
2.45282,-3.8519,0
1.16734,-2.07805,0
2.09781,-3.48649,0
2.13683,-3.49609,0
1.82374,-3.17143,0
2.19821,-3.60109,0
2.59243,-3.97729,0
2.26814,-3.67638,0
2.46755,-3.85559,0
1.11571,-2.21591,0
1.84575,-3.19814,0
1.21219,-2.05846,0
2.5834,-3.96361,0
1.12031,-2.17127,0
1.00957,-2.20375,0
1.29205,-1.9634,0
1.99005,-3.3522,0
2.30446,-3.71122,0
2.04529,-3.41256,0
1.9001,-3.27103,0
2.32469,-3.75029,0
2.56286,-4.00533,0
1.11993,-2.12714,0
1.93154,-3.28905,0
2.4464,-3.84949,0
2.00708,-3.36408,0
1.30684,-1.98602,0
2.60895,-4.07427,0
2.2178,-3.61335,0
1.18094,-2.12352,0
2.50864,-3.91672,0
2.62513,-4.10097,0
2.00474,-3.37059,0
1.01888,-2.25371,0
2.41392,-3.8116,0
1.25503,-2.06145,0
1.30126,-2.00946,0
2.24781,-3.6512,0
2.58594,-4.0092,0
1.06146,-2.39525,0
2.7028,-4.10289,0
1.04264,-2.37529,0
1.83257,-3.20806,0
1.86699,-3.24412,0
2.71481,-4.12688,0
1.71989,-3.09537,0
1.03091,-2.29454,0
2.00333,-3.39848,0
1.02221,-2.2859,0
2.10097,-3.50521,0
2.02881,-3.42309,0
1.72066,-3.10019,0
1.93116,-3.33975,0
1.99503,-3.40216,0
2.36384,-3.81136,0
2.19862,-3.63894,0
1.74551,-3.13253,0
2.55747,-4.02682,0
2.52397,-3.98944,0
1.97384,-3.38592,0
2.2324,-3.67353,0
2.23104,-3.66213,0
0.99697,-2.27364,0
2.26375,-3.69684,0
2.61026,-4.09339,0
1.85811,-3.25228,0
2.57183,-4.05623,0
2.3906,-3.8356,0
2.09801,-3.54402,0
2.24568,-3.70775,0
2.26559,-3.74333,0
2.53741,-4.05842,0
2.08623,-3.52714,0
1.29751,-1.93949,0
1.13616,-2.07281,0
1.18926,-2.01677,0
2.02631,-3.45763,0
1.02925,-2.15517,0
1.17033,-2.03803,0
1.10401,-2.09154,0
0.99571,-2.19839,0
1.20156,-2.02031,0
2.58696,-4.09225,0
1.25958,-1.9683,0
2.41716,-3.90959,0
2.099,-3.53044,0
2.56572,-4.06494,0
2.39986,-3.86886,0
2.51133,-4.02297,0
2.45732,-3.94842,0
2.44813,-3.94039,0
2.21395,-3.66261,0
2.3377,-3.82241,0
2.21797,-3.67421,0
1.83025,-3.23857,0
1.68376,-3.08621,0
1.68383,-3.07742,0
1.73178,-3.12353,0
2.68455,-4.14058,0
1.77827,-3.19006,0
1.63501,-3.03347,0
1.92101,-3.34263,0
1.07927,-2.43739,0
1.28273,-2.80818,0
1.51266,-2.98834,0
1.05218,-2.63138,0
2.8797,-4.17214,0
1.18698,-2.68118,0
1.21627,-2.72991,0
1.72876,-3.17532,0
1.44224,-2.96729,0
2.95291,-4.1631,0
1.66062,-3.14716,0
1.18625,-2.73377,0
2.96534,-4.20075,0
2.8703,-4.15475,0
1.69485,-3.164,0
1.06463,-2.63367,0
1.58766,-3.00893,0
1.60343,-3.0164,0
1.51829,-2.9968,0
2.87398,-4.07334,0
1.68544,-3.11423,0
1.39254,-2.89086,0
1.54758,-3.00319,0
2.98193,-4.1745,0
1.08104,-2.66384,0
1.13748,-2.57487,0
1.10166,-2.61683,0
1.72163,-3.18916,0
1.07642,-2.65909,0
1.34667,-2.83671,0
1.60378,-3.06627,0
1.68707,-3.1767,0
1.39338,-2.91888,0
1.78751,-3.2143,0
1.73867,-3.20889,0
1.63102,-3.04949,0
1.53156,-2.97509,0
2.90438,-4.16917,0
1.1543,-2.66641,0
1.18559,-2.74275,0
1.41748,-2.91899,0
1.63083,-3.06927,0
1.10539,-2.6875,0
2.84514,-4.09989,0
1.25956,-2.81032,0
1.40353,-2.90442,0
1.37355,-2.90775,0
1.42277,-2.94681,0
1.52676,-2.9559,0
2.97259,-4.17132,0
1.60109,-3.06042,0
1.69796,-3.18112,0
1.83255,-3.30137,0
1.12068,-2.58913,0
1.7568,-3.2216,0
1.62939,-3.0572,0
1.55725,-3.0439,0
2.94848,-4.14836,0
1.25495,-2.7869,0
1.69434,-3.13576,0
1.07224,-2.58985,0
1.56812,-2.98405,0
1.89494,-3.31973,0
1.75513,-3.22969,0
2.86263,-4.16978,0
2.98619,-4.17419,0
1.21145,-2.77218,0
2.01692,-3.45346,0
1.05312,-2.62498,0
2.94173,-4.11524,0
1.94368,-3.37809,0
2.77124,-4.10244,0
2.04654,-3.50999,0
2.02372,-3.51084,0
2.13503,-3.60596,0
2.61414,-4.11169,0
2.12841,-3.5889,0
2.10314,-3.57426,0
2.68129,-4.17886,0
2.01386,-3.46389,0
2.19914,-3.69715,0
0.99247,-2.46546,0
2.67174,-4.17272,0
2.69901,-4.18483,0
2.69924,-4.16051,0
2.17435,-3.6673,0
2.74474,-4.1337,0
1.9254,-3.40422,0
2.62599,-4.12398,0
2.64235,-4.14697,0
2.08021,-3.55642,0
1.99928,-3.48744,0
1.10509,-2.47849,0
2.30583,-3.80483,0
1.98973,-3.47732,0
1.07811,-2.52248,0
1.08236,-2.47719,0
1.03083,-2.49759,0
1.90549,-3.4011,0
2.70022,-4.15683,0
1.03973,-2.40498,0
1.04571,-2.45851,0
2.73457,-4.16074,0
1.09239,-2.45984,0
0.98376,-2.39884,0
2.76072,-4.18392,0
2.04503,-3.54708,0
1.04912,-2.54613,0
1.79123,-3.28638,0
2.38584,-3.89161,0
1.6378,-3.16124,0
2.79847,-4.16832,0
1.53423,-3.06088,0
1.63257,-3.15854,0
1.01016,-2.55245,0
1.90807,-3.42339,0
2.66236,-4.20501,0
2.33518,-3.86065,0
2.2773,-3.79892,0
2.52557,-4.07565,0
2.45174,-3.99975,0
0.9276,-2.42709,0
1.92309,-3.45478,0
2.33394,-3.86125,0
2.48153,-4.0336,0
0.99666,-2.36661,0
2.39345,-3.90745,0
2.16644,-3.68613,0
2.47779,-4.00138,0
2.20043,-3.73066,0
2.58102,-4.12059,0
1.8315,-3.35696,0
2.33912,-3.84791,0
1.86565,-3.40181,0
2.60523,-4.12876,0
1.924,-3.46768,0
2.61147,-4.15247,0
2.29234,-3.80485,0
2.08985,-3.612,0
2.28195,-3.79862,0
2.49659,-4.0471,0
2.2344,-3.78956,0
1.31,-2.86859,0
2.7825,-4.20055,0
2.72194,-4.24793,0
1.42894,-2.97296,0
1.50273,-3.06129,0
1.4549,-3.00611,0
1.58742,-3.14724,0
1.65384,-3.20096,0
1.57292,-3.11502,0
2.71316,-4.21789,0
1.66915,-3.21164,0
0.94676,-2.51433,0
1.55362,-3.09432,0
0.94886,-2.5166,0
1.24819,-2.81826,0
2.72393,-4.2279,0
1.2721,-2.82905,0
1.46686,-3.01089,0
1.46969,-3.02698,0
2.19971,-3.76034,0
2.57832,-4.17657,0
2.62238,-4.22157,0
2.38981,-3.95712,0
2.12447,-3.70203,0
1.61002,-3.18296,0
1.93084,-3.51011,0
2.26804,-3.85975,0
1.65878,-3.22197,0
2.44649,-4.01648,0
1.90546,-3.48533,0
2.18151,-3.75958,0
0.94323,-2.3521,0
2.51085,-4.11426,0
0.90293,-2.35643,0
2.44737,-4.1175,0
0.97784,-2.31476,0
2.50471,-4.15119,0
1.85257,-3.44553,0
2.41202,-4.07131,0
2.12285,-3.75384,0
0.97251,-2.30548,0
2.10122,-3.728,0
2.33709,-3.98049,0
0.98376,-2.30327,0
0.94221,-2.37206,0
2.40467,-4.05199,0
1.73832,-3.31914,0
0.89255,-2.36559,0
2.41019,-4.02025,0
2.27198,-3.91256,0
2.48254,-4.15109,0
2.11999,-3.71711,0
1.79257,-3.37266,0
2.54105,-4.17901,0
2.27044,-3.87775,0
2.46996,-4.11382,0
1.92505,-3.53418,0
1.86764,-3.46664,0
1.89083,-3.47927,0
2.30271,-3.91439,0
0.96594,-2.29418,0
2.00521,-3.61689,0
2.07063,-3.68249,0
0.96819,-2.36245,0
2.2587,-3.87189,0
1.82596,-3.42576,0
0.89165,-2.34035,0
0.96787,-2.27979,0
0.92111,-2.30864,0
2.36834,-4.04157,0
2.15051,-3.79355,0
2.14558,-3.82958,0
0.9604,-2.24438,0
2.26622,-3.96036,0
1.88816,-3.50494,0
2.33656,-4.07152,0
2.16889,-3.86233,0
1.91585,-3.53044,0
2.30443,-4.02149,0
2.25728,-3.96565,0
1.90626,-3.53419,0
2.07246,-3.73762,0
2.44207,-4.12957,0
2.01959,-3.65344,0
0.87342,-2.24789,0
0.90667,-2.24443,0
1.77363,-3.37235,0
1.13978,-2.04306,0
0.91753,-2.22982,0
0.90631,-2.29133,0
2.35444,-4.09025,0
2.37908,-4.09297,0
1.89436,-3.51484,0
0.94498,-2.20103,0
2.10277,-3.77186,0
2.32477,-4.04881,0
0.94924,-2.27919,0
2.26103,-3.96394,0
2.2503,-4.00864,0
2.31841,-4.05874,0
1.93902,-3.60965,0
1.20992,-1.9506,0
0.89092,-2.19041,0
2.29911,-4.03194,0
1.12774,-2.03703,0
0.93571,-2.14734,0
1.18788,-1.94228,0
2.29171,-4.05906,0
1.10263,-2.03646,0
1.13079,-2.02302,0
1.17113,-1.97758,0
1.12742,-2.00362,0
2.10122,-3.81612,0
1.97001,-3.62823,0
1.09283,-2.05348,0
2.30862,-4.07884,0
0.99727,-2.12443,0
1.05575,-2.07129,0
2.16686,-3.88391,0
1.68619,-3.27105,0
2.1147,-3.899,0
1.06331,-2.03473,0
2.17938,-3.93654,0
0.86729,-2.12318,0
1.08581,-2.01666,0
2.04091,-3.79296,0
2.20701,-4.03043,0
2.20411,-3.9799,0
0.94595,-2.06164,0
0.86602,-2.11175,0
1.81555,-3.48491,0
1.08653,-1.95965,0
2.28097,-4.13321,0
2.27943,-4.08951,0
1.00572,-2.01311,0
2.23517,-3.99959,0
2.00041,-3.73481,0
2.29339,-4.1548,0
2.17577,-3.95591,0
2.21253,-4.01157,0
0.99552,-2.0197,0
2.00997,-3.7412,0
2.08335,-3.85803,0
1.16041,-1.93567,0
2.00501,-3.72125,0
0.89466,-2.09236,0
1.93246,-3.61381,0
1.19056,-1.93139,0
1.16972,-1.93629,0
1.97731,-3.71129,0
2.12188,-3.91757,0
0.86419,-2.12311,0
2.2133,-3.979,0
1.05079,-1.99321,0
1.04166,-2.02233,0
1.89106,-3.5694,0
1.02276,-2.01943,0
2.0422,-3.81751,0
2.04043,-3.82957,0
2.1647,-3.98015,0
1.58856,-3.17785,0
1.12191,-1.9257,0
1.77339,-3.45412,0
1.90106,-3.61744,0
2.23885,-4.09826,0
2.21829,-4.05801,0
1.58134,-3.18125,0
1.61714,-3.23596,0
1.10969,-1.9374,0
1.86924,-3.58852,0
2.16348,-4.00284,0
1.63992,-3.26651,0
1.98606,-3.74697,0
2.22839,-4.08249,0
