"Points:0","Points:1","Points:2"
3.34961,-1.16205,0
2.37201,0.41404,0
2.39441,0.06177,0
2.43144,1.07721,0
4.16873,0.81734,0
2.16555,0.2587,0
4.13657,-1.01002,0
4.38853,0.32158,0
1.38542,1.19666,0
3.19879,-0.26297,0
3.3647,-0.99234,0
1.82774,-0.9755,0
2.87234,-0.67794,0
1.33807,0.62453,0
0.61952,0.01971,0
1.63423,-0.5389,0
1.05903,-0.94788,0
1.86566,-0.25525,0
2.10107,0.05404,0
1.07668,-1.14075,0
3.94289,-1.16364,0
1.69466,-0.95493,0
1.6497,-0.42056,0
1.42525,-0.4418,0
3.75586,0.65939,0
0.5451,-0.83062,0
3.6193,0.64284,0
3.20257,0.39045,0
3.74025,0.94674,0
1.17108,0.15183,0
2.56633,0.34122,0
2.38536,0.80983,0
3.69616,0.31587,0
1.37745,-0.70736,0
2.81091,0.44504,0
1.30085,-0.81247,0
2.04148,0.73289,0
2.32919,-0.86232,0
2.76143,-0.44017,0
3.30597,-0.94831,0
3.12978,-1.18805,0
3.76477,-0.04491,0
1.07533,-0.13212,0
1.36071,-0.98823,0
1.24403,-0.53271,0
3.97254,-1.01864,0
3.30242,-0.25568,0
1.73853,0.76055,0
3.48801,0.77825,0
3.0216,0.64348,0
1.59746,-0.94398,0
3.44014,-0.13059,0
3.84922,-0.10287,0
1.78383,0.64027,0
4.31005,0.15151,0
4.19583,-0.53127,0
0.5614,0.8209,0
3.98767,-0.47951,0
3.1532,-0.40447,0
4.02749,1.11743,0
1.81141,-0.94677,0
4.43689,-0.25599,0
2.47078,1.13775,0
4.40907,1.21019,0
2.19011,0.94192,0
1.6522,-0.9326,0
1.95615,-0.90049,0
1.38236,0.7509,0
2.76653,1.24769,0
4.37625,0.81734,0
0.69657,-0.57891,0
3.99682,-1.13685,0
1.50872,0.27754,0
4.23627,0.44862,0
1.71081,-1.19629,0
0.77754,0.59209,0
3.93572,-0.6801,0
0.81427,-0.82545,0
0.87211,-0.6527,0
0.87094,0.88263,0
2.12257,-0.41646,0
0.5603,0.71556,0
3.92313,0.91655,0
3.01915,0.10301,0
2.53279,-0.90029,0
2.4791,-0.42384,0
0.80989,-0.36208,0
0.95699,0.46599,0
1.13029,0.31434,0
1.59525,-0.49299,0
1.98839,0.1118,0
2.85954,0.37205,0
4.09638,-0.31042,0
2.79147,0.11798,0
2.78304,-0.19503,0
4.38533,-0.57112,0
3.79969,0.79708,0
3.32314,-0.3389,0
1.31309,-0.63685,0
3.013,0.36781,0
4.45306,-0.70044,0
1.59721,-0.21504,0
1.94357,0.43182,0
4.09057,-0.00732,0
4.40419,1.07936,0
3.54345,0.45781,0
1.17834,0.30099,0
2.26012,1.22743,0
1.60784,-0.94239,0
2.03425,1.11672,0
3.31766,0.6582,0
0.58541,-0.43979,0
0.84287,0.35515,0
1.54341,1.18575,0
2.05701,-0.86926,0
2.70946,0.92099,0
2.29402,0.46502,0
4.3616,-0.96669,0
2.96317,0.58434,0
3.61101,1.16026,0
1.45508,-0.86086,0
2.07548,0.94551,0
4.03095,0.61203,0
3.98731,0.53378,0
3.69393,0.31218,0
3.11744,-1.18232,0
0.82841,0.53626,0
1.074,0.09799,0
4.14368,0.50957,0
2.31423,-0.28141,0
3.93398,1.16312,0
4.17802,-0.13924,0
1.59225,-1.18793,0
2.53403,1.11815,0
0.50832,0.41382,0
3.09588,-0.50928,0
0.86239,-1.04075,0
2.41348,0.50117,0
1.21605,0.37172,0
4.15388,-1.00196,0
3.66995,-0.01435,0
0.88145,1.1994,0
1.58775,0.14677,0
3.43402,0.75385,0
0.62766,0.29302,0
3.81094,0.97156,0
3.13245,-1.10437,0
1.04154,-0.3885,0
1.67509,-0.24847,0
1.15859,0.23187,0
4.04347,-0.31554,0
4.37246,1.12819,0
4.09867,-1.06189,0
1.0095,1.00779,0
4.26398,0.98179,0
0.88528,-1.23047,0
3.83049,-0.70173,0
2.62867,-0.63058,0
1.9739,0.11528,0
3.29106,-0.15778,0
4.41208,0.56604,0
2.3819,0.77867,0
0.98655,0.68915,0
1.50741,-0.24006,0
0.59255,0.084,0
1.75316,-0.48231,0
3.35002,1.10653,0
2.31323,-0.81738,0
2.84256,0.73633,0
0.88434,-0.02964,0
2.73198,0.48867,0
1.54062,1.05364,0
0.77646,0.11945,0
1.68904,-0.90436,0
3.12727,0.73893,0
0.96881,-0.61553,0
3.13437,0.36353,0
2.43475,0.14426,0
3.13658,1.17773,0
0.77611,-0.43454,0
1.53541,-1.07418,0
1.94635,-0.11933,0
1.84995,-1.14385,0
0.6691,1.11311,0
2.7165,0.63599,0
3.15473,0.56354,0
2.5091,-0.99771,0
2.60491,-0.41561,0
4.21838,1.15798,0
2.12398,-0.62141,0
2.27632,0.46531,0
3.76992,0.03253,0
2.33015,1.13114,0
4.21677,-1.04976,0
2.51602,0.45975,0
2.64552,-0.87049,0
1.32501,-0.10054,0
1.72741,0.72325,0
3.73963,-1.15875,0
3.10452,0.17952,0
2.37062,-0.36504,0
3.68987,0.93461,0
3.95083,0.71079,0
1.36703,0.01075,0
2.09877,0.28539,0
1.36359,-0.36902,0
1.54703,0.43114,0
2.2663,-1.04719,0
4.48877,1.07368,0
2.05844,-0.91539,0
2.40194,-0.55473,0
0.94435,1.21782,0
2.09091,-0.43578,0
1.13625,-0.35019,0
0.88666,-0.63292,0
2.74109,0.15181,0
0.80453,0.45857,0
3.60641,-0.82193,0
3.96188,1.0347,0
2.8924,0.75928,0
0.57064,1.21404,0
1.86469,-1.02722,0
1.55336,0.59625,0
1.73283,-0.16351,0
2.28088,-0.45056,0
4.1219,0.8348,0
3.73123,1.1386,0
2.56508,0.41513,0
1.79854,0.57769,0
4.25415,0.47574,0
2.97629,0.25804,0
3.75826,-0.81445,0
2.07705,0.69724,0
2.75003,-0.66038,0
3.26867,0.11971,0
2.86102,0.23562,0
4.09464,-1.03597,0
1.80223,-0.53426,0
4.40846,0.49365,0
3.71554,-0.91617,0
1.22838,0.90258,0
3.61489,0.77683,0
4.3788,-0.88642,0
1.66712,-0.05271,0
2.53976,-0.0748,0
3.95098,0.28281,0
3.46228,-0.02133,0
0.87543,0.87474,0
3.80875,-0.37625,0
3.92625,-0.9894,0
1.96957,0.41946,0
1.7696,-0.96508,0
4.41918,-1.01979,0
2.14691,0.51122,0
3.83677,0.27428,0
1.06273,-0.91251,0
1.95632,-0.4841,0
0.78545,0.76956,0
3.19532,-1.22281,0
2.45297,-0.90139,0
2.97947,-0.1702,0
4.29495,1.01598,0
1.73304,0.29227,0
1.88474,-0.23417,0
2.96131,1.16878,0
1.01169,0.71027,0
2.31035,-0.63501,0
0.50488,0.5846,0
1.92687,0.47804,0
2.32697,1.04615,0
1.42081,-1.12093,0
3.44449,0.49778,0
2.15378,-0.24239,0
0.58541,-0.54793,0
2.39565,-1.23425,0
1.39757,-0.51007,0
3.94874,-0.42008,0
0.94776,1.19446,0
3.81891,-0.18169,0
4.41373,-0.64162,0
2.23482,-0.01018,0
2.20423,1.00902,0
2.77382,0.73548,0
3.95986,-0.32648,0
3.96897,0.99107,0
1.29625,-1.03233,0
1.5859,0.05992,0
1.11137,0.49756,0
2.17905,-0.05958,0
2.54369,-0.44598,0
3.22878,0.4004,0
2.34875,-0.26097,0
2.49684,-0.22094,0
3.92772,-0.6164,0
1.71339,0.72993,0
1.48706,-0.33104,0
3.08629,-1.02354,0
1.83964,-1.23368,0
0.75653,-1.09116,0
2.52295,-0.40324,0
2.71603,0.25095,0
2.07639,0.24277,0
0.70732,0.62518,0
3.19136,0.28322,0
4.49128,-1.22978,0
4.21642,-0.4481,0
1.81951,-0.49832,0
2.54924,0.64797,0
4.21817,1.14362,0
4.21693,-0.77676,0
1.53136,0.26062,0
1.31259,-0.58286,0
2.43506,0.25216,0
3.52424,-0.00468,0
3.43557,0.26935,0
4.36695,-0.16973,0
2.30632,-0.53272,0
2.99494,0.70104,0
2.53464,-0.44315,0
3.20868,0.65124,0
3.38536,-1.07559,0
1.47382,0.30229,0
0.50265,0.01052,0
1.12651,0.18838,0
2.27802,-0.30026,0
4.25018,-0.4286,0
4.21187,0.68234,0
3.08473,0.0246,0
2.506,0.48237,0
2.64125,1.18348,0
3.24606,0.95454,0
2.7342,-1.18164,0
4.30636,0.61518,0
1.45247,-0.27922,0
3.00471,-0.58682,0
0.70724,0.89438,0
3.37395,1.18595,0
3.81001,0.75834,0
0.98877,-0.95359,0
0.56136,-0.75344,0
4.02019,-1.09991,0
0.90394,0.23597,0
4.14756,0.93057,0
0.87363,-0.00775,0
1.16487,-0.98992,0
2.2862,-0.05485,0
2.81415,0.16195,0
3.48563,0.83361,0
0.73317,-0.31832,0
3.45873,-0.21593,0
3.27298,0.02162,0
0.81116,-0.51832,0
3.38257,0.72422,0
0.99658,-0.44548,0
3.57002,0.15676,0
4.34232,0.51573,0
3.62065,-1.10936,0
3.48627,-0.27899,0
2.73386,-1.1886,0
4.44672,0.9575,0
1.7628,0.85878,0
3.2368,-0.15502,0
2.6547,0.04754,0
3.11244,-0.35575,0
1.9593,-0.39059,0
1.64827,-0.37929,0
3.73827,0.97245,0
2.45742,0.70617,0
1.14269,-0.8012,0
2.92368,-1.07798,0
2.13031,-0.88564,0
1.39397,0.08766,0
1.36316,-0.57521,0
2.7237,-1.22321,0
0.58767,0.19789,0
3.11537,-0.86821,0
2.60778,0.26127,0
1.74155,-0.10085,0
4.29715,0.24258,0
2.93444,-0.15434,0
3.12754,-0.00945,0
2.84059,0.12737,0
2.32773,0.62969,0
2.19567,-0.19855,0
0.68491,-0.24267,0
0.51454,1.02794,0
4.33505,0.78035,0
2.97829,0.07689,0
4.08257,-0.57402,0
3.8223,0.32065,0
1.16919,0.72288,0
2.80995,0.27094,0
3.59412,0.24531,0
1.08083,-0.90537,0
1.1946,1.03723,0
2.78489,0.84695,0
2.16208,-0.4985,0
1.14587,-0.75504,0
1.16672,0.26168,0
1.16749,1.23635,0
3.56003,0.91548,0
2.42432,1.07472,0
3.7456,0.48878,0
1.42358,-0.92736,0
2.56899,1.20699,0
2.27934,0.51989,0
2.5836,-0.69503,0
1.27178,-0.67886,0
2.25866,0.53408,0
3.05364,0.78538,0
2.96923,-1.16543,0
1.67517,0.79836,0
4.08894,-1.01506,0
3.75791,1.14011,0
1.71403,0.63555,0
0.9748,-1.11077,0
1.66422,1.14743,0
4.05801,0.32497,0
4.33626,-0.31593,0
2.29511,-0.00995,0
4.48893,0.45122,0
4.28133,-0.23,0
3.93557,-0.43267,0
2.42152,1.20247,0
4.4105,-0.89671,0
3.77792,0.47139,0
3.91797,0.99009,0
1.24757,0.52526,0
2.25789,0.92298,0
1.50653,-1.0323,0
1.10778,0.97622,0
2.52464,-0.88133,0
2.71578,-0.48766,0
4.04334,0.00567,0
0.55372,0.89412,0
2.10515,-1.10517,0
4.31388,0.71747,0
1.89599,0.89871,0
2.02436,0.10626,0
3.93916,1.19928,0
3.73037,-1.16813,0
2.91112,0.50767,0
2.13005,0.98984,0
4.3501,0.96021,0
0.73081,-0.846,0
2.88926,0.34736,0
0.63994,-0.87974,0
3.02775,0.16976,0
2.78146,-1.21855,0
4.4756,0.13364,0
1.81849,1.19395,0
1.74586,0.58379,0
0.87586,1.14749,0
1.5809,0.28928,0
1.30362,1.07004,0
3.60019,-1.0507,0
3.84661,0.74793,0
2.73656,1.06439,0
0.63751,-1.23823,0
0.58911,-0.01011,0
2.76489,-0.47461,0
3.49554,0.07805,0
2.78605,-1.08234,0
1.45122,-0.67208,0
1.61999,0.92489,0
1.72348,0.13728,0
3.26639,-0.96375,0
1.80744,0.88319,0
4.1282,0.41437,0
2.89705,0.04365,0
1.93754,-1.22414,0
2.70455,0.51824,0
1.3259,1.10505,0
4.38142,0.19946,0
1.72582,-0.70056,0
1.63662,-0.18445,0
4.15069,-0.59081,0
3.35626,-0.50842,0
3.40301,-1.1922,0
1.43513,0.77404,0
2.49992,-0.75507,0
2.21637,0.84556,0
1.14403,0.82434,0
3.02147,0.72873,0
0.63436,-0.92452,0
1.81216,-0.96776,0
2.25467,-0.39483,0
0.91973,-1.18383,0
2.96464,0.71057,0
3.46012,-1.23524,0
3.90293,0.54979,0
3.02737,0.98819,0
1.35965,-0.88894,0
3.94089,1.22802,0
4.13894,0.10131,0
2.72283,-1.01293,0
2.53892,-1.14659,0
1.9421,-0.14973,0
0.94279,-0.46658,0
0.68663,-1.20845,0
4.12065,-1.14357,0
4.41572,0.8238,0
1.67665,-0.55676,0
1.74335,-0.15714,0
1.08458,0.45964,0
4.17616,1.03023,0
4.01054,1.17357,0
3.90593,0.2764,0
1.29551,1.01317,0
3.59848,-0.45891,0
3.68109,-0.07999,0
4.0855,-0.11246,0
3.11902,0.00109,0
2.4444,0.54557,0
1.40722,1.04969,0
1.20451,-0.29326,0
2.68275,-1.08835,0
0.74059,-1.0743,0
2.46416,0.15624,0
2.27172,0.72426,0
1.43942,-0.85909,0
1.40566,-0.52441,0
2.64094,-0.1587,0
4.26158,0.98115,0
1.62775,-0.21883,0
3.58411,0.29271,0
3.76193,-0.41094,0
2.64196,1.05126,0
2.48802,-0.02603,0
4.34017,0.54557,0
4.0448,-0.77764,0
1.01941,1.07248,0
3.57396,-1.11282,0
3.32045,-0.14513,0
2.71936,0.73371,0
1.3949,-1.10776,0
2.22879,0.91451,0
3.70234,-0.92044,0
0.53542,-0.06657,0
2.16593,-1.05925,0
3.8684,0.96058,0
1.93687,0.46764,0
4.49901,1.14541,0
2.65622,-0.54971,0
1.56177,-1.00519,0
3.48264,-0.74807,0
3.38283,1.16803,0
0.98298,0.0385,0
1.81007,-0.2392,0
3.92392,-0.39737,0
1.27621,0.99893,0
4.42443,-1.14899,0
1.20751,0.42979,0
2.34858,-0.81725,0
3.11828,0.53628,0
1.66685,0.5036,0
3.51356,0.23329,0
1.44405,0.59806,0
2.96149,-0.99409,0
3.52248,-0.39962,0
2.3425,-0.61589,0
0.90219,1.05821,0
3.53787,-0.62555,0
0.58976,0.49295,0
3.13228,-0.11707,0
2.89209,-0.61813,0
1.92729,-0.59425,0
2.36149,-0.46573,0
4.14489,0.01896,0
3.4929,-0.44708,0
2.8909,-0.34749,0
3.56575,0.77973,0
0.56414,-0.67295,0
3.47054,-0.85501,0
3.82835,0.92371,0
4.30951,-1.14609,0
3.0187,1.07696,0
2.26631,0.35957,0
3.77929,0.23038,0
2.64945,0.79186,0
1.13291,-1.15299,0
3.71952,0.6815,0
1.58043,1.22942,0
3.26449,-0.34129,0
2.56622,0.95237,0
3.00465,0.29722,0
2.20931,1.2305,0
2.65573,0.67266,0
2.31484,0.51916,0
1.46362,0.33884,0
3.5434,0.66525,0
4.11113,0.54322,0
4.14368,-0.52671,0
4.19542,-0.61225,0
2.28005,-0.2857,0
3.9528,0.33062,0
1.6691,-0.53216,0
1.32162,-1.14689,0
3.58162,0.60072,0
2.36027,1.12988,0
4.48515,0.77307,0
3.37289,0.67965,0
1.45459,1.03826,0
1.74733,0.83889,0
0.93118,0.36245,0
3.75643,-1.07386,0
3.0511,0.61121,0
3.7399,-0.99392,0
1.32244,-0.57,0
1.87961,0.28185,0
3.14845,-0.73856,0
1.94269,0.23567,0
1.25471,0.08421,0
0.8629,-1.15244,0
3.01422,0.50178,0
1.47466,0.97151,0
2.0591,1.0887,0
1.67123,-0.19302,0
0.5472,0.54759,0
4.12095,-0.32174,0
4.48988,-0.69592,0
3.04997,0.82427,0
2.15658,-0.11348,0
0.55183,-0.83051,0
1.68645,-0.11948,0
2.207,0.49071,0
2.04582,1.00057,0
1.56697,-0.78393,0
2.03132,-0.01566,0
1.39121,0.3888,0
0.6479,0.79026,0
1.50704,0.5405,0
1.73471,-0.88856,0
2.50569,-0.25485,0
4.08914,0.97928,0
2.8887,0.4022,0
3.98915,0.411,0
2.44857,-0.09277,0
2.08276,0.32464,0
1.55745,-1.1792,0
1.25448,-0.11614,0
1.23097,-0.84499,0
3.45187,-0.75502,0
2.45821,0.76449,0
2.87331,-0.54465,0
4.11562,0.79874,0
4.108,-1.0097,0
3.97603,-1.14227,0
1.38641,0.78686,0
3.16512,0.12944,0
0.83628,0.05028,0
1.73329,1.148,0
1.47544,-0.50152,0
2.47588,-1.01159,0
1.3,-0.11679,0
2.61667,-0.66079,0
2.94308,-0.15072,0
1.84074,0.0234,0
3.43304,-0.35688,0
0.66561,0.93107,0
3.61132,1.19017,0
2.60388,0.62102,0
2.68528,0.94885,0
1.81823,0.43381,0
3.07663,0.84382,0
3.00775,-0.80455,0
1.52634,-0.52021,0
1.57714,-1.04494,0
0.5969,-0.58172,0
4.22116,-0.13723,0
1.59984,0.2856,0
3.70305,0.2345,0
1.96313,-0.8948,0
1.45986,0.91187,0
4.06235,0.76133,0
0.52143,-1.08196,0
4.17233,0.38194,0
4.27226,-0.03024,0
0.60222,-1.14353,0
1.47907,1.04034,0
4.28748,0.09393,0
4.30548,0.2375,0
2.50705,1.01575,0
1.58163,-0.03991,0
0.97524,-1.12347,0
3.90329,0.03725,0
4.12533,0.3865,0
3.49968,0.93545,0
3.32285,0.64039,0
0.89399,-0.97027,0
1.41331,-0.17177,0
0.6681,0.18717,0
2.43836,-0.49946,0
1.53245,-0.66873,0
3.43182,0.31391,0
3.15007,-0.55543,0
4.15575,-0.79274,0
3.11806,0.32325,0
3.91932,0.61936,0
2.71777,-0.22657,0
4.27468,0.00517,0
3.26845,0.44985,0
3.53251,-1.02947,0
2.22294,-0.60346,0
2.22554,0.02082,0
4.42378,-1.20762,0
3.23959,-1.13907,0
4.36036,-0.3094,0
3.13871,-0.0898,0
4.46707,-0.36652,0
1.68929,0.3724,0
1.59938,-0.62695,0
3.20382,-0.04633,0
0.77517,-0.3215,0
1.3042,-0.38367,0
3.32311,0.90481,0
1.42572,1.23356,0
3.3822,-0.91345,0
1.00854,-0.23342,0
3.74493,-0.38604,0
3.2906,-0.12783,0
4.49158,-0.27072,0
2.75278,-0.37729,0
3.07758,-0.25014,0
0.53564,0.54751,0
0.97232,-0.19884,0
4.1537,0.1666,0
3.54226,-0.93111,0
4.34024,0.35342,0
4.10405,-0.71378,0
0.91022,-0.34765,0
2.77039,0.98695,0
3.96612,-0.78208,0
1.18215,-0.86433,0
2.76773,-1.12058,0
2.38093,0.59956,0
4.4165,-0.18501,0
1.62013,0.96872,0
2.68111,-0.82988,0
3.48478,0.03975,0
1.08305,-0.44895,0
4.44149,-1.07017,0
3.41841,0.04918,0
1.29313,0.7976,0
2.66421,-0.10329,0
0.62452,-1.19568,0
2.73353,1.1465,0
1.91215,0.1141,0
4.16328,-0.19861,0
4.12046,-0.37107,0
3.68057,-0.89259,0
1.84702,0.56381,0
3.32135,0.66286,0
2.89355,1.11679,0
2.18166,-0.71515,0
1.38578,0.75316,0
1.54643,-0.00848,0
1.51882,0.70553,0
2.67387,0.55309,0
0.6191,-0.71019,0
3.17346,1.11521,0
0.84141,-0.09784,0
0.83305,0.88075,0
2.05656,-0.72486,0
1.53398,-0.23088,0
2.81848,0.96039,0
3.76798,0.4613,0
3.71847,0.53258,0
2.30587,0.85495,0
2.14681,1.12193,0
0.71388,-0.36665,0
1.0877,-0.07761,0
1.66789,-0.08497,0
1.759,1.02703,0
4.00687,-0.88719,0
2.09523,-0.08014,0
2.95472,0.80241,0
3.61074,0.00563,0
3.50193,-0.02231,0
1.43,-0.66411,0
3.63812,-1.08034,0
1.4211,-0.02847,0
0.70706,0.78444,0
1.5369,-0.07038,0
3.31527,0.08131,0
2.00794,0.0378,0
2.35327,0.55952,0
1.06217,-0.85729,0
1.67086,0.17384,0
1.97256,-0.85319,0
2.56508,-0.87124,0
2.83175,0.88104,0
2.49572,-0.96802,0
1.52108,0.46408,0
3.18293,0.13911,0
4.37171,0.41137,0
2.05704,-0.73628,0
2.77786,1.1537,0
4.47068,0.93439,0
4.48248,-0.46798,0
1.6544,-0.37938,0
3.11209,1.03305,0
3.73946,-0.14969,0
2.69467,0.40488,0
1.34561,0.57107,0
0.64454,-0.12057,0
1.62356,-1.17838,0
1.99323,-1.11721,0
3.89065,0.73623,0
2.72857,-0.34048,0
3.42669,1.21338,0
3.62704,-0.14728,0
4.43459,-0.64456,0
1.57234,0.12031,0
1.36507,0.58036,0
2.39207,0.2121,0
3.1922,-1.10713,0
4.38625,1.0302,0
4.0937,-0.04831,0
3.15816,-0.46809,0
2.9649,-1.23633,0
0.99647,-0.75143,0
4.18717,-0.28368,0
0.90604,0.3107,0
2.86539,-0.16971,0
1.1485,1.08027,0
3.59303,-0.64747,0
3.13499,0.50585,0
2.14021,0.66732,0
3.81124,-0.03485,0
1.73866,0.73193,0
1.14546,0.05542,0
3.27304,0.34736,0
3.91065,0.54255,0
1.63205,0.87161,0
3.69304,0.74425,0
0.85014,-0.20581,0
0.57963,0.4208,0
2.06302,0.3067,0
4.18781,-0.17499,0
1.60299,0.48613,0
4.16811,0.82025,0
2.47322,-1.12268,0
3.79825,0.29773,0
3.90009,0.65556,0
1.83682,-1.23321,0
3.86032,0.14518,0
3.37002,-0.4368,0
0.9542,-0.1061,0
4.14027,0.6091,0
2.86854,-1.23042,0
4.03262,0.35303,0
2.12973,0.08257,0
3.82096,-1.18902,0
1.38118,-0.11188,0
2.06141,-0.64397,0
1.85837,-1.08091,0
2.8596,0.23767,0
3.64894,-0.80955,0
3.12783,0.57012,0
2.65669,0.92892,0
1.65192,-1.10782,0
2.789,1.2093,0
1.87181,0.31212,0
1.18165,-0.67794,0
3.10257,1.05645,0
2.61348,-0.59203,0
4.37605,0.31734,0
4.36401,-0.91953,0
4.14438,-0.66039,0
4.35099,-0.02315,0
3.92083,-0.59,0
1.2731,-0.48761,0
2.44744,0.48666,0
3.90695,-1.0308,0
3.56566,-0.1152,0
2.70353,1.12841,0
3.01749,0.31926,0
4.16811,-0.84015,0
3.7913,-1.02281,0
2.36637,-0.98034,0
4.33803,-0.987,0
2.52826,-1.03083,0
3.00891,-0.75328,0
0.64034,-0.8159,0
2.04359,-1.20372,0
3.34472,0.64392,0
2.13961,0.90811,0
1.74557,-0.55572,0
2.44541,1.22048,0
0.54688,0.62347,0
2.69574,0.03333,0
4.39163,-0.98303,0
1.018,0.233,0
1.52577,0.01276,0
4.16848,1.18153,0
2.83267,-0.65145,0
3.3979,-0.51107,0
2.68787,-0.15514,0
1.33314,0.89635,0
3.55355,0.47645,0
1.73075,-0.44474,0
1.11602,0.79454,0
3.47467,0.43791,0
2.03507,-0.3879,0
1.06038,-1.11157,0
2.4948,0.02137,0
0.94576,0.44628,0
2.12547,-0.96549,0
2.15041,-0.3916,0
0.92799,1.21745,0
3.55646,-0.22373,0
1.34759,1.01584,0
1.5231,-0.10637,0
3.72598,0.56289,0
3.11354,-0.83984,0
0.64927,-0.10842,0
0.68522,0.02827,0
3.84008,0.353,0
3.79339,-0.92752,0
2.49669,0.22445,0
3.44204,0.53742,0
2.15194,0.33762,0
0.61998,1.12129,0
1.58993,0.28411,0
0.9108,0.19212,0
4.47616,0.89666,0
3.53415,0.54649,0
1.96392,-0.97161,0
4.37082,0.55135,0
1.93539,1.07382,0
2.23019,-0.33604,0
2.01632,0.51629,0
4.20201,0.1815,0
3.21762,-0.96589,0
4.37925,1.24672,0
1.89975,-1.13742,0
3.56172,0.26834,0
3.16114,-0.48703,0
1.11035,0.36622,0
3.15302,-0.89821,0
1.28966,-0.09346,0
0.87164,0.94033,0
4.4922,1.22829,0
1.19373,-0.5012,0
1.42407,-1.13454,0
1.89512,0.48265,0
3.21612,0.64324,0
4.11639,-0.09533,0
3.86035,-0.41847,0
1.88319,0.15783,0
2.54325,0.8062,0
2.33727,0.72186,0
1.41725,0.49329,0
4.472,1.13768,0
1.34071,-0.84064,0
2.005,-0.17363,0
3.0652,0.96361,0
2.76193,0.89046,0
0.94348,-0.97446,0
2.10294,0.44355,0
1.77011,-0.81833,0
0.99652,0.80866,0
2.21443,-0.24585,0
3.19476,0.90526,0
1.87848,-1.01602,0
3.28047,0.59503,0
3.35169,0.06725,0
2.84277,-0.74655,0
2.97374,-0.4751,0
1.66805,-0.00503,0
2.45405,0.07719,0
0.96441,1.22058,0
3.11624,0.04762,0
0.86439,0.86882,0
2.41128,-0.12243,0
1.55401,-0.56396,0
2.81835,0.52688,0
2.64307,1.22504,0
1.25043,0.8201,0
2.65512,-1.21401,0
1.93422,0.69896,0
2.79319,-0.01339,0
3.66872,1.18113,0
1.11354,0.3364,0
1.14915,-0.17982,0
3.894,-1.19853,0
4.00883,0.44169,0
2.6343,0.29845,0
1.00665,1.22292,0
3.99121,0.98444,0
1.34674,-1.18829,0
1.11261,-1.10303,0
1.20908,0.14334,0
1.53754,-0.54152,0
3.77468,0.87438,0
4.35015,0.84421,0
3.45782,0.70316,0
1.02295,0.9012,0
1.97246,-0.16468,0
2.98285,0.05341,0
3.23372,-1.16332,0
3.96338,-0.71376,0
0.73927,0.73314,0
4.47011,0.68562,0
1.4858,-0.5094,0
4.11687,-0.37383,0
1.07388,0.1349,0
1.346,0.25979,0
1.89768,-1.21678,0
1.33973,1.05446,0
3.57737,0.03316,0
3.43502,0.8619,0
2.62464,0.98554,0
2.4577,0.50388,0
3.74076,1.0597,0
3.71943,-0.89686,0
3.35385,-0.06719,0
3.1663,0.43092,0
3.24638,-0.27687,0
2.58437,-0.12956,0
1.01655,-0.76106,0
0.53029,0.59324,0
0.9757,0.1219,0
3.00329,-0.09958,0
3.44699,-1.11814,0
2.73013,-0.42108,0
3.96985,-1.22722,0
2.43817,0.41049,0
1.88007,-0.27348,0
2.50466,-0.54313,0
0.83591,0.76644,0
1.93663,-1.17394,0
1.81803,0.8718,0
4.19692,0.63293,0
2.38711,-0.80654,0
2.1903,0.2949,0
4.48718,-0.74278,0
3.23923,-0.59983,0
1.83698,0.96608,0
4.11889,-0.36373,0
1.81909,1.08111,0
4.26699,1.02191,0
4.34971,1.13627,0
2.27614,-0.05508,0
3.27145,-0.94514,0
3.74125,0.03042,0
0.79229,0.70452,0
1.24906,-0.13591,0
2.06308,0.73705,0
4.26961,-0.32814,0
4.22344,-0.59196,0
3.37637,-0.16947,0
2.81652,-0.13943,0
3.27087,-0.82606,0
3.3601,0.7083,0
3.9007,-0.83243,0
2.3777,0.06693,0
0.51248,0.69315,0
4.40493,1.22546,0
3.93441,0.5062,0
2.32681,0.95741,0
3.73015,1.04164,0
3.51601,0.75366,0
0.56469,-0.26896,0
1.0187,-0.121,0
1.8909,-0.74604,0
1.49486,0.05736,0
3.76034,0.26856,0
2.27752,-0.83842,0
2.47365,0.32041,0
0.78671,1.06474,0
2.14938,0.94546,0
2.10699,0.64199,0
2.10209,-0.12864,0
1.49184,-0.53889,0
4.03116,0.26398,0
3.1141,0.8081,0
3.07181,0.30087,0
2.26495,0.50008,0
1.56251,-0.90496,0
4.23503,-0.04331,0
3.77893,-0.04634,0
0.5226,-1.12119,0
4.04575,1.11815,0
3.1576,-0.59983,0
3.80694,-0.11207,0
1.51478,0.06616,0
1.24424,-1.16825,0
0.90537,0.7674,0
4.12677,-0.0969,0
2.79203,-1.21145,0
0.97719,-0.75059,0
3.50888,-0.47349,0
2.35157,-0.71025,0
2.63103,-0.42121,0
2.23942,0.40711,0
2.39353,1.13899,0
3.08078,-1.2159,0
4.22506,0.01809,0
1.70321,-1.0955,0
2.00253,0.81204,0
2.03676,-1.12666,0
1.71211,-0.49592,0
1.03641,-0.42441,0
1.12128,-0.42479,0
0.81949,-0.16589,0
1.19152,0.32156,0
1.92826,0.91251,0
0.77591,-0.57813,0
3.85896,0.22782,0
1.9684,-0.20598,0
2.59745,0.85917,0
2.55846,1.13284,0
4.0793,1.19592,0
2.52149,0.01456,0
1.69546,0.17011,0
1.11575,-0.48715,0
2.2382,0.36153,0
3.17116,-0.12134,0
1.9473,-0.68176,0
3.30517,-0.5456,0
1.0607,0.90493,0
4.03666,0.22772,0
3.79493,-0.33751,0
1.20628,-1.2007,0
0.82826,-0.38565,0
2.72468,-0.79137,0
1.8485,-0.80733,0
2.10489,0.62066,0
0.84376,1.1332,0
2.96073,0.43039,0
3.4336,0.25799,0
4.17149,-0.11783,0
1.04263,-0.99541,0
1.71731,0.32957,0
0.59631,0.05451,0
4.20583,0.19351,0
3.14717,0.90387,0
2.8918,-0.26442,0
3.45825,0.41945,0
3.29858,-0.49724,0
3.25452,-0.28935,0
2.72321,-0.46312,0
3.94252,0.08231,0
3.64766,0.95636,0
2.7351,-0.01369,0
4.38884,0.70971,0
1.39607,-0.82771,0
1.92583,-0.95885,0
1.67624,-0.42906,0
4.39697,-0.18018,0
1.06125,-0.5417,0
3.89412,0.69568,0
2.71023,0.31999,0
4.31775,0.00893,0
0.63604,0.44813,0
2.4229,1.09963,0
1.0432,1.10706,0
2.50057,0.1084,0
2.36599,-1.24286,0
2.12635,-1.00231,0
3.59128,0.96236,0
4.12606,-0.24972,0
3.59137,0.45566,0
3.25133,-1.16985,0
4.26082,-0.91343,0
2.36296,-1.00405,0
3.71498,0.40827,0
1.26794,1.04854,0
1.75048,-0.02586,0
0.75747,-1.05,0
3.76721,1.04971,0
1.98738,0.0154,0
1.21838,-0.46591,0
0.96694,-0.44545,0
2.67592,-0.2365,0
2.92872,-0.8948,0
2.11834,0.62387,0
0.93165,-0.43707,0
2.44364,1.1504,0
1.27004,-0.31457,0
4.39995,0.92966,0
2.40744,0.59461,0
3.90988,0.09895,0
3.21827,-0.84006,0
0.69059,-0.37471,0
2.07344,1.02908,0
1.53141,-0.30979,0
2.79571,0.02289,0
2.33904,-1.03668,0
3.43154,-0.37276,0
1.51985,0.86433,0
3.37506,0.00602,0
4.17238,1.14688,0
1.06081,0.39965,0
3.89027,1.08917,0
3.33923,1.24713,0
2.99969,-0.57928,0
4.34031,-1.07217,0
4.0183,-0.79546,0
1.94924,1.08219,0
1.37325,1.14768,0
3.65803,-0.20924,0
2.94884,-0.80234,0
1.1331,0.85386,0
4.08931,1.09625,0
2.38684,-0.89534,0
3.36479,-1.16257,0
2.34062,-1.12982,0
2.27973,0.73142,0
2.22908,0.25075,0
3.73681,-1.16823,0
2.25032,-0.07301,0
3.00453,0.63,0
0.69072,0.96924,0
3.06876,-0.95387,0
3.32209,-0.91848,0
3.10053,1.01519,0
3.6336,0.28696,0
2.4644,0.057,0
3.61274,-0.36001,0
2.7846,-0.87853,0
3.49188,-0.96723,0
3.98676,0.08899,0
1.23682,-0.05884,0
2.54814,-0.08668,0
3.54831,1.15089,0
3.9082,0.51456,0
1.37964,1.00068,0
2.83762,0.87093,0
4.39198,-0.47621,0
1.05169,-0.05798,0
1.45365,0.47602,0
2.48683,0.00354,0
2.23133,-0.55013,0
1.99592,0.05374,0
1.9119,0.01163,0
1.2338,-1.24469,0
1.85046,-0.66222,0
2.67381,-0.52733,0
1.13354,0.82098,0
1.01241,-1.08172,0
2.05517,1.13338,0
1.74943,0.47258,0
3.29171,-0.75352,0
1.74796,0.87978,0
2.70826,-0.57724,0
4.29632,-0.92702,0
2.68064,-0.45498,0
3.40997,-0.10588,0
3.33818,0.87894,0
3.64329,-0.62489,0
2.41068,0.84183,0
1.06553,-0.35983,0
1.6731,0.34234,0
1.25353,0.46025,0
3.87648,-0.23473,0
2.63918,0.74149,0
3.48995,-1.14739,0
0.52727,-0.53158,0
2.00104,0.96038,0
4.47598,-1.10575,0
1.32374,-0.44031,0
0.87999,-0.53881,0
0.81687,-0.14981,0
1.86438,-0.07488,0
3.21162,1.20941,0
2.92574,-0.59939,0
2.29961,1.00065,0
2.41062,0.21876,0
3.00721,0.82296,0
2.82803,0.8605,0
3.77274,0.98528,0
2.41762,-0.44168,0
2.67454,-0.82581,0
1.54713,0.29091,0
2.75394,0.39696,0
0.51338,-0.60882,0
1.09994,-0.3772,0
4.00441,1.20742,0
4.3638,-0.27658,0
3.85707,0.89342,0
1.13721,-0.56416,0
2.32589,1.00854,0
1.15958,0.54541,0
2.45314,0.57712,0
3.42351,-0.06454,0
3.26678,0.37263,0
4.37066,-1.02791,0
0.69041,-0.23236,0
0.97873,0.03013,0
0.88641,-0.71006,0
0.82757,-0.52844,0
3.00581,0.11826,0
1.45422,1.14739,0
1.92579,0.42054,0
1.24757,0.21384,0
2.92796,-0.3825,0
2.0264,-0.71945,0
1.13644,0.04192,0
1.73179,0.6377,0
4.26883,-0.87928,0
1.02227,-1.15594,0
3.30443,0.59671,0
4.27943,-0.73864,0
2.1568,-0.29573,0
1.30532,0.2064,0
2.2119,-0.13532,0
4.49427,-0.21363,0
3.41283,-1.07332,0
1.28144,0.68486,0
2.67281,0.31155,0
4.20011,0.82226,0
1.43812,-0.545,0
3.2751,-0.25393,0
3.41965,0.36977,0
0.5159,0.06685,0
3.02551,-1.04668,0
0.93574,-0.603,0
2.39515,-0.03313,0
3.24047,1.01486,0
2.33577,0.81526,0
1.25678,0.75775,0
1.76114,-0.11883,0
4.00531,0.19897,0
0.98927,-0.93742,0
0.92332,0.7802,0
2.71051,0.15792,0
1.67044,0.58383,0
2.68763,1.04846,0
1.71002,-0.7546,0
0.82337,0.80835,0
3.09782,0.33116,0
1.82061,-0.93782,0
0.79203,0.51355,0
2.65119,-0.95703,0
4.05916,-0.8811,0
3.99804,-0.21945,0
1.68231,0.60362,0
0.61633,0.57641,0
3.91835,-0.40534,0
0.78967,-0.47355,0
2.73932,-0.94305,0
0.7329,0.79053,0
1.40782,-0.34549,0
3.82711,0.42736,0
2.16034,0.0103,0
3.47543,-1.23308,0
2.34691,0.48204,0
3.24224,0.98704,0
0.6227,0.85667,0
1.91977,1.1317,0
2.59273,1.10211,0
0.87553,0.74851,0
2.53862,0.24883,0
1.02417,0.12473,0
1.94321,0.9872,0
2.65279,0.59393,0
1.24113,0.10565,0
1.12779,-0.51086,0
0.90427,0.27634,0
2.44947,0.52656,0
2.36823,-0.75154,0
2.59436,-0.21838,0
3.29218,0.9015,0
1.00348,-0.89656,0
2.13459,1.15413,0
1.84218,0.72443,0
4.43828,1.04163,0
0.57502,0.54138,0
2.90081,-0.56237,0
3.8126,0.63561,0
3.94003,0.24862,0
2.95112,-0.82716,0
3.72488,0.5576,0
2.41447,1.04734,0
3.11482,0.36701,0
2.19402,-0.42479,0
3.79489,1.23091,0
3.82961,-0.43098,0
4.45309,0.66476,0
3.51698,1.04424,0
4.11126,-0.00084,0
1.4056,0.24905,0
4.16987,0.08293,0
3.31872,-0.10293,0
4.3442,-0.93641,0
2.28414,0.06751,0
1.07465,-0.57681,0
3.55115,0.59436,0
2.19218,-0.85612,0
3.82227,1.10568,0
4.08381,0.85804,0
1.2081,-0.95543,0
1.92837,-0.62915,0
1.77464,-1.17523,0
2.8269,-0.45024,0
4.37516,-0.36293,0
2.11655,0.27061,0
0.92854,-0.11099,0
2.03212,0.67832,0
2.18407,0.64301,0
0.74812,-0.41203,0
1.13663,0.74272,0
1.88252,1.0042,0
1.59007,-0.89917,0
4.34714,1.22258,0
3.50541,-0.38835,0
3.67672,1.14814,0
1.18389,-0.6598,0
1.69593,-0.4658,0
2.84608,0.9201,0
2.14,-0.99202,0
4.26554,-1.1541,0
1.38458,-1.04946,0
3.36795,0.39712,0
3.07831,-0.62506,0
1.25771,0.18798,0
0.9278,0.90442,0
2.96446,-0.33265,0
2.05767,-1.14709,0
2.72475,-0.38627,0
0.73778,1.09498,0
2.1798,-0.78587,0
2.48904,0.03551,0
0.60396,1.11173,0
2.89651,-1.01529,0
2.22861,0.46488,0
2.22136,0.09298,0
3.46393,-0.79206,0
3.27973,-0.22148,0
0.9171,0.96731,0
0.50583,-0.60194,0
2.64577,1.19653,0
2.32367,0.798,0
1.39663,0.41582,0
1.93187,-0.91049,0
4.49838,0.48678,0
3.90735,0.89367,0
1.34203,0.1312,0
2.4371,-1.19836,0
3.0121,-0.01912,0
3.67165,0.19321,0
2.17239,-0.70803,0
3.71646,0.46931,0
2.54841,-0.01948,0
2.41289,0.5936,0
0.86572,-0.19446,0
2.02772,-0.8914,0
0.65726,-0.5033,0
2.19326,-1.05665,0
3.67495,-1.1401,0
2.4299,1.10439,0
2.49854,-0.62564,0
3.68418,-0.55181,0
4.20673,0.00578,0
2.64403,0.29254,0
1.83529,-0.01726,0
4.112,0.73836,0
0.76369,0.10417,0
3.13711,0.3058,0
3.9004,-0.90384,0
2.12336,-0.20343,0
2.71245,0.10463,0
2.80729,-0.67771,0
1.47395,-0.22843,0
3.10476,0.74298,0
1.02499,0.23762,0
2.46587,-0.09038,0
4.28532,-0.8029,0
1.13847,0.12749,0
4.17861,0.79219,0
3.69881,-1.21822,0
4.19493,0.06924,0
0.89168,-0.06809,0
4.38637,-0.19967,0
3.4525,-0.97156,0
2.45299,-0.65658,0
1.05524,0.58701,0
1.19244,0.72487,0
1.33721,-0.14425,0
3.37422,0.18931,0
2.47588,-0.16079,0
0.80331,1.07801,0
2.36741,0.16903,0
3.1653,-1.15807,0
1.60457,0.29415,0
2.97909,0.21566,0
3.49095,-0.63837,0
1.49624,-0.91189,0
0.73767,-1.11434,0
2.21075,-0.98867,0
1.67438,-1.13519,0
2.7417,-0.07919,0
2.31382,0.82683,0
2.7958,0.89738,0
2.1841,-0.68859,0
0.50136,1.1354,0
3.05096,0.54413,0
1.30342,-0.18742,0
1.62476,0.96253,0
3.1033,0.77242,0
2.7288,0.59795,0
1.94398,0.10443,0
2.58608,0.77233,0
3.62217,0.08071,0
4.38965,-0.29983,0
1.83161,1.01501,0
3.30715,-0.07802,0
2.59453,-0.92657,0
2.9165,0.55304,0
1.69974,1.06029,0
3.92598,0.87116,0
2.61567,0.22033,0
1.23189,-0.23649,0
1.93024,0.07005,0
2.28962,1.00437,0
3.30482,1.14996,0
2.36207,0.5062,0
0.94357,0.24744,0
1.09433,0.74291,0
1.12905,-0.65163,0
3.89255,-0.10429,0
1.88455,-0.39605,0
1.08612,-0.06823,0
2.49838,0.44101,0
3.30695,0.12481,0
1.37731,0.38614,0
4.4758,-0.2955,0
4.09514,0.60151,0
0.79875,-1.09183,0
1.22585,-0.03261,0
1.03489,-0.67231,0
3.10034,1.1673,0
3.01971,-1.14373,0
4.03189,0.16728,0
1.44887,-0.03973,0
2.29042,-0.62414,0
4.44005,0.77547,0
0.97403,0.57909,0
4.1988,0.92717,0
2.35418,0.89487,0
2.49885,0.62921,0
1.29759,1.02018,0
0.72405,0.7209,0
4.14379,-1.06286,0
1.65979,-0.72006,0
3.20026,-1.19072,0
3.56216,0.09596,0
2.92671,1.10109,0
4.3781,0.39731,0
4.22766,0.21684,0
1.27307,0.03994,0
2.74457,0.78383,0
2.47046,0.74823,0
2.98444,0.17678,0
3.25175,0.04512,0
4.16089,-1.17364,0
0.72728,0.02496,0
3.56869,1.00806,0
3.40667,0.36061,0
2.9326,0.99927,0
2.2688,0.2308,0
2.35112,-0.58371,0
2.89447,-0.57036,0
0.54188,-0.25616,0
0.82458,0.71799,0
1.97194,-0.27717,0
4.35272,-0.89133,0
3.90261,0.0399,0
1.25186,-0.09836,0
3.22844,-0.28441,0
3.4395,-1.00749,0
1.8764,0.69643,0
4.08424,-0.78736,0
1.68095,1.18808,0
1.18928,0.9437,0
3.23224,-0.59283,0
4.4982,-0.58928,0
3.57465,0.42456,0
1.68263,-0.41601,0
0.85904,-0.2254,0
2.62864,-1.18259,0
0.8865,0.45656,0
4.35386,-0.57231,0
3.17416,-0.34444,0
3.21633,0.86875,0
2.1551,-0.79454,0
3.71526,-0.04278,0
1.74723,1.0538,0
1.5466,-1.21003,0
4.30106,-0.06148,0
4.27493,-0.38675,0
4.04646,0.30661,0
4.04224,0.74072,0
2.85308,0.06165,0
1.03369,-0.80741,0
4.24842,-0.523,0
2.30358,-0.6087,0
1.3468,0.73904,0
3.62871,0.88763,0
2.68521,-0.02988,0
2.95784,0.07241,0
1.83566,-0.41152,0
1.16178,0.10852,0
3.57951,0.66653,0
1.41035,0.80107,0
0.85604,0.35157,0
2.01387,-0.14102,0
2.10147,-0.71112,0
0.62053,-0.13324,0
2.76661,-0.94886,0
0.99599,0.65724,0
1.33465,-0.37966,0
2.89204,-0.49597,0
2.73283,0.66237,0
3.21567,-0.39646,0
3.13632,-0.86612,0
3.89551,-1.15859,0
3.68821,-0.61262,0
0.67103,-0.46969,0
0.64089,1.03006,0
4.30276,-0.14488,0
2.80845,0.91396,0
0.73749,-0.08395,0
3.0907,-0.76615,0
2.58982,0.03491,0
3.05726,-0.25996,0
2.65917,0.61373,0
4.42489,0.49683,0
2.29291,-0.59956,0
3.90095,-0.99275,0
1.73167,-0.98327,0
2.96502,0.0127,0
2.84021,-0.11328,0
2.27772,0.35007,0
1.77271,0.59102,0
3.28521,0.76156,0
4.43819,-0.69348,0
1.28793,-0.00935,0
1.79147,-0.05338,0
4.24967,-0.25788,0
2.87288,-0.20394,0
1.66949,-0.61525,0
1.22675,1.17104,0
4.30092,0.91154,0
3.45367,0.96913,0
2.60766,-0.91794,0
0.67949,0.76449,0
2.20437,-0.45272,0
4.16549,-0.28104,0
1.66669,-1.01423,0
1.71827,1.08991,0
2.25036,1.03739,0
1.53776,0.59756,0
3.82188,0.6596,0
1.28325,0.65259,0
1.03676,-0.52524,0
0.53326,0.01055,0
3.45823,-1.06415,0
4.17983,0.94899,0
2.10512,-0.51555,0
1.13708,-1.10196,0
0.53897,0.92974,0
0.75618,-0.82088,0
1.81053,0.33182,0
1.22059,0.16541,0
0.5041,0.30812,0
3.63835,0.48959,0
0.52584,-0.1287,0
2.76572,-0.2907,0
1.32103,1.03073,0
2.1737,1.24975,0
1.17663,0.71755,0
2.47556,0.80196,0
3.39598,-0.5524,0
0.50183,0.72471,0
0.92261,0.98524,0
0.59557,-0.96148,0
3.52742,-0.35859,0
3.80262,-0.45425,0
0.68775,0.77934,0
1.89045,0.30738,0
1.50531,0.81101,0
2.97341,1.0654,0
1.89753,-0.50815,0
0.96373,-0.07096,0
3.33649,0.74432,0
3.63953,0.39304,0
3.39852,0.64902,0
3.71476,0.97993,0
4.21245,-0.8088,0
3.90095,-0.74015,0
1.13186,1.06308,0
1.64697,-0.4827,0
4.40499,0.05864,0
1.09925,-0.11842,0
1.79747,0.97613,0
2.4578,-0.02237,0
0.69177,1.10744,0
2.94068,-0.4571,0
2.18324,-0.79852,0
2.93376,0.45091,0
1.80991,0.67204,0
4.10958,0.84773,0
2.21768,0.91422,0
3.42424,1.18117,0
2.03219,1.08914,0
3.60789,-0.49052,0
0.70494,-0.78137,0
2.64248,-0.94038,0
1.66027,-0.92709,0
3.8552,0.14533,0
0.88771,-0.99609,0
1.96096,0.63456,0
1.50765,1.14818,0
4.18318,-0.76123,0
2.00478,-0.33172,0
1.81967,0.98557,0
3.2242,-0.36907,0
1.71459,0.86555,0
4.17116,0.00785,0
3.15505,0.16757,0
3.83534,1.00113,0
2.18211,0.53658,0
0.60313,0.23645,0
0.97177,-0.36704,0
0.74996,-1.21663,0
3.85293,0.75577,0
3.8026,0.04041,0
0.60804,0.33126,0
1.63254,0.91981,0
1.52813,1.16947,0
0.81116,0.57025,0
3.53733,0.4633,0
1.72851,0.72877,0
4.20246,-0.76182,0
3.23575,-0.5666,0
3.45587,0.82276,0
1.67043,0.88027,0
3.10212,-0.08911,0
2.48923,-0.83576,0
0.52021,0.91698,0
4.23877,-0.26883,0
3.01896,0.35429,0
2.69612,1.1911,0
0.74277,0.47853,0
3.45845,0.63038,0
0.52774,-0.49553,0
2.9916,0.34599,0
2.44949,0.68874,0
2.20968,-0.0678,0
1.61278,1.0789,0
1.95126,-0.4759,0
1.61334,-0.02482,0
3.04158,0.37128,0
2.84832,-0.5983,0
3.23445,-0.90029,0
0.51658,-0.8265,0
2.47912,0.11222,0
2.48206,0.06661,0
1.65629,0.77225,0
2.75648,1.01338,0
2.5462,0.30747,0
3.15238,0.36855,0
0.83112,0.52219,0
1.78579,-1.12289,0
3.83792,0.27749,0
2.41702,0.68335,0
2.46547,0.67962,0
1.63724,0.06743,0
3.50119,-0.114,0
3.27417,0.73986,0
2.7757,0.37916,0
3.16381,1.08992,0
4.03603,0.90072,0
1.0069,0.27145,0
1.44865,-1.02758,0
3.4629,-0.76775,0
2.90601,-0.81956,0
0.59684,-0.69979,0
4.10644,-1.10378,0
1.73054,-1.13921,0
0.88066,-0.01165,0
1.48548,-1.24649,0
3.97839,-0.38725,0
1.02804,-1.12206,0
0.73644,-1.06385,0
4.3955,-0.38144,0
1.80908,0.09865,0
2.39987,-0.21459,0
2.12634,0.47278,0
3.16803,-0.49143,0
3.75795,1.23351,0
4.29527,0.30331,0
3.0351,-1.09913,0
1.4431,0.78233,0
0.85334,-0.52237,0
3.20237,0.25295,0
1.88625,-0.16846,0
2.48655,-1.03909,0
4.35115,-0.33559,0
3.54514,-0.02152,0
3.02227,-1.04767,0
2.64249,0.22318,0
0.96298,0.93585,0
2.99454,-0.54822,0
4.44063,0.05821,0
2.62127,0.13335,0
3.90381,-0.40987,0
1.9027,-0.69017,0
3.77967,1.19764,0
2.84501,-1.08364,0
0.7939,-0.2047,0
1.43604,-0.27194,0
3.49265,-0.02208,0
2.63427,0.30581,0
0.78868,-1.12205,0
3.01054,0.74731,0
0.86283,0.38849,0
0.51002,-1.063,0
3.92816,1.24249,0
2.29974,1.13262,0
0.5071,1.00959,0
4.36216,-0.76277,0
3.71657,0.25869,0
3.99305,-0.08198,0
3.6547,-0.74036,0
2.96927,-0.99121,0
4.38233,1.1244,0
1.36828,1.04943,0
4.42209,0.03285,0
1.44458,-1.2292,0
3.39429,0.04313,0
0.65088,0.2097,0
2.05404,0.97302,0
1.76423,-0.27105,0
1.59995,0.4513,0
1.4313,-0.32899,0
4.38412,-0.8811,0
2.62468,0.58463,0
2.04864,1.18316,0
2.65025,-0.45516,0
1.85215,-0.66175,0
1.59555,0.19561,0
4.32987,0.16504,0
2.89997,-1.07117,0
1.25267,0.17187,0
3.77763,-0.55548,0
0.842,-0.22699,0
0.58945,-1.01236,0
2.33851,0.13969,0
2.66412,0.95811,0
2.41914,0.04965,0
0.71027,-0.99188,0
1.53372,1.1906,0
0.96983,-1.20135,0
3.78432,0.47605,0
3.43948,-0.49796,0
1.21185,1.02804,0
1.6124,-0.45332,0
1.11532,0.25392,0
3.09744,-0.71099,0
3.0588,0.63727,0
1.95418,0.33992,0
1.68261,-0.65461,0
4.10853,-0.87491,0
2.51332,0.66162,0
2.04581,0.19611,0
3.55573,0.82763,0
2.4794,-0.83759,0
3.32389,0.83752,0
3.6869,1.09265,0
2.02768,0.12542,0
4.38803,0.79089,0
2.74325,0.05709,0
0.70055,0.44314,0
4.3378,0.75191,0
1.50465,-1.13121,0
3.42193,-0.22699,0
1.86843,-0.5968,0
4.40526,0.36745,0
1.74569,-1.23531,0
3.12833,-1.0687,0
1.09851,1.18115,0
2.38853,-0.08472,0
4.04171,-0.09215,0
3.32016,0.72555,0
3.04328,0.50605,0
2.55609,0.10195,0
2.54359,0.68479,0
2.12654,-0.70433,0
0.50896,-0.3314,0
3.14408,0.99515,0
4.34767,-0.94954,0
1.98058,0.93405,0
2.56782,0.64965,0
3.9647,0.67615,0
4.1893,0.70001,0
1.32646,-0.60419,0
4.01947,0.37326,0
1.00982,-0.28434,0
0.9559,0.72331,0
0.79715,-0.96907,0
1.97384,0.98911,0
4.3431,1.03881,0
3.88389,-0.95599,0
1.00855,-1.17461,0
1.41782,-0.54823,0
1.20493,-1.15284,0
1.53247,-0.38156,0
3.00103,1.24348,0
2.2012,-1.14425,0
3.69984,0.13552,0
2.40772,0.79109,0
1.82171,1.00925,0
1.89688,-0.66186,0
2.66531,0.19889,0
4.12068,-0.42958,0
0.69345,-0.72971,0
2.61181,0.09497,0
4.39807,-0.14938,0
3.28882,1.15602,0
2.04257,-0.75797,0
3.82728,-0.92314,0
2.10972,-1.15511,0
1.8156,-0.25653,0
3.36601,-0.9025,0
1.90162,1.198,0
1.19137,0.77824,0
1.95247,-0.37917,0
1.71168,0.54226,0
0.86918,0.19326,0
1.60843,-0.61712,0
2.61457,-1.04485,0
3.23994,-1.16618,0
3.01397,1.09445,0
2.82037,1.19071,0
2.96092,-0.42364,0
3.00751,-0.27446,0
1.95951,0.84104,0
1.23981,0.87519,0
3.87123,-0.57769,0
4.1226,-1.18196,0
3.43502,0.69691,0
3.07172,0.01028,0
3.11405,-1.21182,0
1.03278,0.11795,0
2.70341,0.10156,0
1.30204,-0.87324,0
1.38442,1.21629,0
1.45839,0.75223,0
2.93578,0.69381,0
4.2358,0.31206,0
2.68095,-0.27907,0
2.95157,-1.21255,0
3.34463,-1.17286,0
3.84819,-0.74053,0
2.13094,-0.99455,0
3.65728,0.45314,0
4.30058,-0.49274,0
2.36713,-0.87554,0
2.36386,-1.21537,0
2.23373,0.68056,0
3.94337,-0.5862,0
4.48996,-0.33693,0
1.29768,-0.40424,0
4.23493,-0.10072,0
1.0709,-0.1356,0
1.46113,-1.1731,0
4.03025,-0.69154,0
1.61026,1.11958,0
1.14078,0.40066,0
3.96714,-0.43034,0
3.224,1.22305,0
4.29529,-0.02025,0
4.48519,-0.78191,0
0.87792,-0.07399,0
2.22442,0.61683,0
0.51518,-0.82378,0
3.41858,0.60847,0
0.75111,0.50355,0
3.60771,1.11015,0
1.31957,-0.82562,0
1.89318,0.14418,0
3.62099,-0.37404,0
1.43873,0.75732,0
4.30328,-0.42165,0
1.25759,1.14509,0
2.14406,-1.02179,0
4.34955,0.61872,0
2.9956,1.03918,0
1.40181,-1.06436,0
1.46268,-0.40903,0
4.13976,-0.51803,0
3.55589,0.0338,0
0.66259,-0.69647,0
2.06516,0.27541,0
2.52096,0.95334,0
4.10665,-0.92925,0
1.34593,0.41525,0
1.00425,0.2567,0
0.65897,0.39369,0
2.19253,1.21592,0
1.5207,1.15971,0
1.69609,0.35484,0
0.59108,0.57361,0
1.70917,-0.53668,0
4.06736,-0.12669,0
1.21273,-0.2494,0
2.76686,-1.21502,0
1.5262,0.3148,0
2.1167,0.4546,0
3.93056,-1.144,0
0.74159,-0.86889,0
0.74686,0.87584,0
2.15948,1.0833,0
1.06722,0.42932,0
2.54695,-1.13494,0
0.80493,-0.37668,0
1.73987,-0.61067,0
1.20207,-0.55804,0
0.81494,0.40161,0
2.73416,-0.278,0
4.23152,-0.59495,0
2.05855,-0.75438,0
3.92651,-0.76696,0
1.98837,-0.22845,0
3.28512,-0.40184,0
2.57979,-0.65097,0
4.03743,1.10455,0
2.84513,-0.23102,0
1.52094,-0.77606,0
1.5033,0.08307,0
1.06886,1.05163,0
3.19873,-0.57337,0
2.22961,-0.74375,0
0.76199,-0.3515,0
2.28502,-0.76851,0
3.62396,0.91385,0
1.00177,-0.08634,0
1.47896,-1.09587,0
0.71161,0.62264,0
3.90799,-0.8837,0
2.98747,0.65182,0
3.027,0.99064,0
1.53744,-0.73727,0
2.74238,0.92711,0
2.29737,0.07261,0
1.82323,-0.15308,0
3.91341,0.3246,0
3.67375,0.67301,0
1.87349,-0.30739,0
3.45754,-1.21543,0
0.83822,1.14976,0
3.15409,-0.5728,0
1.14079,-0.87253,0
4.32431,0.67485,0
2.78006,0.50301,0
1.86378,-0.24562,0
2.62291,1.19473,0
3.04194,0.36996,0
3.14945,-0.21318,0
1.27667,-0.02799,0
1.70849,0.37104,0
1.98571,0.27088,0
2.32827,-1.08291,0
3.10609,0.80154,0
3.09144,0.54618,0
2.64537,-0.6698,0
1.10601,-0.79749,0
1.87281,0.29271,0
2.67985,-0.63672,0
3.79461,-0.219,0
1.30417,-1.07927,0
0.88632,0.60082,0
3.46196,0.19865,0
4.38487,-0.50703,0
4.10546,1.20072,0
2.09695,0.7962,0
0.61756,-0.2676,0
0.99201,-0.74937,0
0.82284,0.64501,0
0.99836,-0.98817,0
3.42658,-0.00448,0
1.67968,1.21602,0
4.22075,-0.77026,0
1.84321,0.91188,0
1.94583,0.90138,0
3.8282,-0.69794,0
4.11291,0.90991,0
1.55475,0.60934,0
1.87553,-0.5558,0
2.48724,-0.32534,0
0.73818,0.93594,0
1.04899,-0.10919,0
3.61088,0.0902,0
2.18929,-0.36338,0
1.26068,0.86499,0
3.91432,0.06243,0
0.95949,0.95552,0
3.35199,0.11475,0
4.20569,-0.12887,0
0.89024,-1.01967,0
4.13778,0.58325,0
2.12883,0.79318,0
3.41075,-0.17635,0
2.94424,0.87382,0
0.67089,-0.63299,0
2.34382,-1.12563,0
2.01259,0.58043,0
0.78768,1.24032,0
1.72368,-0.84671,0
4.26511,0.52807,0
2.34178,0.7628,0
1.65854,-1.13201,0
2.07572,-0.90195,0
1.55006,-0.99418,0
2.04756,-1.04102,0
4.33192,-0.10181,0
2.98527,0.2762,0
0.71581,0.82966,0
1.96499,-1.18316,0
4.31393,-0.66398,0
1.81724,-0.54137,0
2.54329,-0.1612,0
3.8398,0.07975,0
1.40346,-1.07996,0
2.34491,-0.65476,0
1.84725,-0.3746,0
3.7781,0.72984,0
1.80922,1.068,0
3.04913,-0.95129,0
1.3034,-0.4741,0
2.11805,1.08008,0
3.33777,0.86541,0
1.14891,-0.70059,0
1.78463,0.74343,0
1.00407,0.4276,0
3.50598,0.97112,0
1.48511,0.25734,0
3.94501,-0.45585,0
2.07959,-0.0286,0
1.10269,0.54568,0
3.97867,-0.29242,0
3.98175,-0.62166,0
3.99397,-1.00087,0
4.10978,0.8138,0
2.20104,-0.27213,0
2.92987,0.9964,0
0.92427,-0.51946,0
0.61232,-1.04214,0
0.58167,0.80731,0
1.43859,0.32855,0
1.7336,0.80934,0
2.46479,-0.13191,0
1.73001,-0.35348,0
4.27098,1.22085,0
4.3267,0.25542,0
3.5979,-0.89268,0
1.06547,0.02802,0
1.96176,0.81094,0
4.04208,1.24582,0
1.1923,1.19595,0
3.28483,1.20034,0
3.06501,-0.1175,0
3.40821,0.67136,0
2.88761,0.62594,0
1.24782,0.82551,0
3.23293,0.55508,0
1.9336,1.21695,0
0.76904,-0.20567,0
2.68174,-0.08541,0
4.46467,1.02644,0
4.16365,-1.09323,0
2.21085,0.60884,0
1.30493,0.89,0
2.79633,-1.07163,0
0.82025,-0.91128,0
4.40811,0.02006,0
0.75382,0.2637,0
2.62844,-1.11499,0
1.99811,1.06059,0
2.5696,0.67039,0
2.34205,-0.50242,0
3.90959,-0.0792,0
3.8998,-0.63148,0
2.91976,-0.95382,0
4.39475,1.07909,0
1.77698,-0.98007,0
4.4189,-0.6262,0
2.38169,1.04855,0
1.98547,0.93426,0
3.30389,1.13048,0
4.06543,-0.00117,0
2.0572,0.86799,0
1.01947,-0.78529,0
3.08198,-1.04094,0
0.87949,0.53048,0
3.90563,-0.24764,0
3.07862,-0.23003,0
2.10664,0.88666,0
3.59573,-0.08633,0
2.21616,-0.05167,0
2.65265,-0.72026,0
2.24967,-1.07923,0
1.22892,-0.93739,0
2.8218,0.09401,0
1.19749,-0.59432,0
4.46813,-0.68085,0
3.73166,0.42974,0
2.94877,1.12048,0
2.22802,0.62068,0
0.54975,0.68011,0
0.67003,-0.7799,0
2.14295,-0.75121,0
1.21617,0.48463,0
3.07017,-0.68313,0
2.27124,0.91377,0
1.41263,1.14745,0
3.09678,-0.95884,0
2.34073,0.5516,0
1.72125,-0.4175,0
0.93425,0.67968,0
1.98942,0.59147,0
1.08336,-0.55021,0
1.93782,-1.1445,0
3.15702,0.13334,0
2.29448,-0.55141,0
2.77899,-0.6591,0
1.79751,0.36732,0
3.23949,1.10773,0
3.27257,-0.12911,0
1.3324,1.09779,0
3.02109,0.2094,0
3.96057,-0.82592,0
3.27517,0.57479,0
3.99667,-0.84151,0
3.90404,-0.30987,0
1.78969,-1.08812,0
2.21561,0.69536,0
1.97561,-1.23271,0
1.68203,0.35603,0
0.68523,0.70692,0
1.5911,-1.2086,0
2.05151,-1.18775,0
3.74223,0.12879,0
2.52064,0.43398,0
3.3597,-0.46755,0
3.82291,0.84644,0
3.65655,-0.44701,0
0.85691,0.31254,0
4.49733,-0.94516,0
2.9442,-0.4971,0
0.82078,-1.23757,0
2.82344,0.05741,0
3.07885,1.24341,0
4.04118,-0.54817,0
3.67919,-0.20755,0
3.1822,1.12003,0
2.91731,-1.23164,0
3.13025,-0.06261,0
3.54866,-1.14262,0
2.24985,0.76886,0
1.12321,0.48999,0
3.10346,-0.97303,0
1.78341,0.32035,0
3.15086,1.22308,0
3.32757,1.01751,0
0.65878,0.68688,0
1.41967,-0.02095,0
4.4497,-0.20567,0
1.10063,-0.45963,0
1.30932,0.22657,0
4.12054,-1.23837,0
0.93979,0.5111,0
2.90804,-0.12663,0
4.37501,0.12815,0
4.40184,-0.00377,0
0.56215,-0.14558,0
2.31901,0.61578,0
2.50697,0.45891,0
0.62272,0.55219,0
1.8223,-0.63735,0
3.92461,0.97868,0
1.061,0.48947,0
3.45685,-0.81359,0
2.65956,-0.55392,0
2.34431,-1.13697,0
1.1831,0.511,0
2.84736,0.86643,0
1.20326,0.84914,0
1.20432,-1.18972,0
3.78663,-0.39953,0
3.52476,-0.92116,0
3.3045,0.97154,0
4.41372,-0.31186,0
3.80312,1.00406,0
3.77145,-0.1799,0
3.87963,-1.00752,0
0.59879,-0.04941,0
0.53092,-0.08753,0
2.07477,1.15607,0
3.78001,-0.90014,0
3.65005,-0.90962,0
0.8865,0.01087,0
2.77699,-0.15003,0
4.19578,-0.0915,0
3.644,-0.29715,0
4.14934,-1.03265,0
2.4961,-1.14849,0
0.98981,0.61815,0
3.05472,0.69314,0
1.26492,0.44406,0
4.19814,-1.20818,0
3.87107,-1.09905,0
2.50038,1.09514,0
2.04778,-0.27029,0
2.29447,-0.30047,0
1.34112,-0.14696,0
0.78654,1.18984,0
3.49227,-0.75191,0
2.34291,1.0126,0
1.17834,0.78191,0
0.68532,-0.91068,0
3.21538,0.19519,0
4.38036,-0.18399,0
0.73942,0.52734,0
2.83453,-0.851,0
2.56583,-0.33324,0
2.87726,-1.15414,0
2.39548,0.30545,0
1.6336,0.40178,0
4.21829,-0.32601,0
1.64031,-0.1326,0
0.59087,0.1139,0
1.38973,-0.43798,0
4.39826,0.75551,0
2.34491,-0.02643,0
3.02632,0.95801,0
2.19778,-0.36143,0
3.95281,-0.77654,0
2.62494,0.7352,0
3.76364,-0.0246,0
4.21577,0.35041,0
3.39697,-0.62816,0
1.33742,-1.07829,0
1.9525,0.39413,0
2.50181,0.5109,0
4.32555,-0.27467,0
0.568,0.93148,0
0.51581,-0.17919,0
2.7527,-0.41402,0
0.9513,-0.44588,0
2.39702,0.39047,0
2.97001,-0.83541,0
1.46255,0.45194,0
0.92927,0.51867,0
1.491,1.09508,0
1.11071,0.81685,0
2.94925,-0.41979,0
1.73482,1.16333,0
2.53758,0.45474,0
2.63738,-0.24573,0
1.82167,-0.3921,0
1.44522,0.46929,0
4.20003,0.67689,0
4.21365,-0.59577,0
2.73598,-0.34927,0
4.0595,-0.96374,0
2.31275,-0.97806,0
3.57526,0.79045,0
0.91973,-1.02334,0
0.73346,0.65326,0
4.00168,0.75084,0
2.88264,0.58772,0
2.60057,-0.1838,0
4.49515,0.82974,0
4.09025,-1.13617,0
1.02145,1.00923,0
3.30437,0.78899,0
3.84999,-1.16406,0
1.95622,1.07117,0
2.0227,0.24253,0
3.29461,1.03747,0
1.97956,1.1769,0
1.10948,-0.29581,0
2.73114,0.80533,0
2.89209,0.78554,0
0.92549,0.90938,0
2.8699,-0.20711,0
4.12406,0.9361,0
3.08689,-0.04348,0
3.80364,0.50334,0
2.99669,0.18438,0
2.67459,-1.16286,0
3.13595,-0.27765,0
4.49147,-1.16858,0
1.6466,-0.01667,0
1.84675,-0.5744,0
1.17017,1.05459,0
2.81308,0.199,0
3.43828,-0.28663,0
2.33491,1.20719,0
1.80992,-0.56814,0
2.35273,-1.09621,0
0.69259,-0.3665,0
1.65741,-0.9439,0
4.20663,-1.04953,0
1.1824,-0.09462,0
2.88106,0.20034,0
2.91167,0.63119,0
1.38378,0.73848,0
3.96351,-0.85649,0
0.95073,-0.41595,0
3.03481,-0.13233,0
3.05876,0.92098,0
3.393,-0.10011,0
1.99792,0.24526,0
2.74002,-0.00448,0
3.60234,0.81254,0
2.00634,0.81161,0
2.04761,0.98,0
0.82734,-0.13891,0
1.85276,1.10125,0
4.09718,0.54317,0
2.04212,1.11287,0
2.64338,-1.15366,0
2.17384,0.84388,0
2.87132,0.88219,0
2.24469,0.99842,0
0.69229,0.16528,0
2.89134,0.803,0
3.71344,0.63674,0
0.86133,1.05423,0
2.18002,-0.21361,0
1.17591,1.02545,0
1.07671,0.39526,0
1.69777,-1.11116,0
1.78097,-1.23918,0
2.98317,-1.20384,0
1.98202,0.12878,0
1.8618,-0.19246,0
2.22518,-0.49996,0
4.03607,-0.23833,0
2.73547,0.21024,0
2.49974,0.43345,0
4.45626,-1.21655,0
2.48647,-1.01687,0
3.45917,-0.79145,0
2.54564,0.0706,0
2.64133,-0.28968,0
1.23173,-0.18469,0
0.75966,0.73887,0
3.00038,1.18912,0
1.75245,0.38302,0
2.04111,-0.63874,0
4.03963,-0.0612,0
3.67861,0.01272,0
2.36118,0.97839,0
3.7744,-0.72941,0
0.68572,-1.0855,0
2.05201,-0.5123,0
1.29513,-0.83438,0
3.42088,0.50687,0
3.35695,0.35889,0
1.69308,0.10436,0
3.36833,-0.32701,0
3.32609,0.31696,0
1.3122,-0.77653,0
2.82263,-0.29883,0
1.47606,0.22361,0
3.17592,-0.91365,0
1.01514,0.42442,0
3.66116,-0.02256,0
1.14419,-0.71379,0
3.51655,-1.22731,0
1.78418,-0.34957,0
2.33581,0.81854,0
2.43734,-0.34871,0
1.99503,0.30226,0
1.28337,-0.40974,0
2.2491,0.85523,0
4.23251,0.28428,0
2.09941,-1.07998,0
2.85257,0.90385,0
3.85743,-0.56937,0
1.10511,-1.0636,0
3.54081,-0.6349,0
2.44124,-0.57192,0
1.19649,0.0147,0
3.53687,0.94922,0
3.34242,-0.56364,0
4.43582,-0.10269,0
2.67775,0.06938,0
3.31172,0.5238,0
2.12112,-0.5193,0
3.66962,-0.9657,0
1.38744,-0.43705,0
0.58835,0.59211,0
2.12622,-0.40934,0
2.92671,-0.23352,0
1.54761,1.0364,0
4.18077,0.7647,0
2.76095,-0.28142,0
3.01153,1.09353,0
3.36901,0.8384,0
0.98565,0.20472,0
1.28783,-0.90692,0
1.57223,0.87357,0
2.95941,-1.21155,0
0.66917,0.14105,0
1.68641,-1.17929,0
3.63634,-1.22619,0
2.54046,0.95452,0
1.28255,0.12459,0
2.57825,0.64398,0
3.50932,0.96842,0
1.30354,0.94821,0
2.90927,0.16724,0
2.57066,0.70719,0
0.77241,-1.16722,0
4.47854,0.64709,0
3.16938,0.76165,0
0.99901,0.83872,0
2.8248,-0.92584,0
1.18133,0.3845,0
1.9446,0.72603,0
2.467,-0.75661,0
0.79714,0.70574,0
1.51579,-0.53481,0
3.18994,-0.74826,0
1.65666,-0.24347,0
2.91225,0.33358,0
1.43099,0.33102,0
1.78059,0.14904,0
3.74451,-0.46634,0
4.12246,-1.13719,0
0.98692,1.2027,0
1.54852,1.12274,0
1.4637,-0.13657,0
3.9466,-1.05465,0
3.28756,0.28426,0
0.84252,0.32231,0
3.23693,-0.28875,0
0.63333,-0.91267,0
2.38073,-0.59615,0
3.14955,0.47368,0
3.12482,-1.05234,0
1.132,1.19878,0
3.85574,1.00631,0
2.93146,-0.38179,0
0.59039,-0.65673,0
1.77874,-0.8612,0
2.66983,-1.1459,0
1.4407,-1.18241,0
3.89915,-0.11563,0
3.42731,-0.03615,0
3.98011,0.77569,0
3.51386,0.79297,0
1.66475,0.40721,0
2.58001,-0.76767,0
2.86477,-1.00725,0
3.43315,-0.25881,0
3.88562,-0.14018,0
3.91651,1.15595,0
3.17108,-1.22133,0
2.19501,0.50835,0
2.83464,-1.02465,0
4.43712,0.24718,0
4.31338,1.24892,0
1.69893,0.5299,0
2.44533,-1.20776,0
4.32992,1.17719,0
1.57762,0.61755,0
1.39426,0.59556,0
2.26126,0.12201,0
1.47082,-0.41972,0
3.3364,-0.24733,0
3.85614,0.23517,0
0.99066,0.75374,0
2.00328,-0.30362,0
2.78519,-0.4915,0
4.39911,0.15768,0
2.27177,-0.71433,0
2.56881,-0.60871,0
3.59816,0.084,0
2.92639,-1.22851,0
3.83017,-0.82243,0
2.92155,-0.95315,0
3.79009,0.0468,0
1.48647,0.09852,0
3.29519,-1.1377,0
3.6285,-0.76929,0
3.12587,0.18711,0
2.69587,0.51454,0
1.71309,0.523,0
1.66472,0.53328,0
3.15111,0.50243,0
1.22555,-0.59028,0
4.38429,-0.04368,0
2.94735,-0.05152,0
1.67753,-0.23896,0
4.26202,0.26944,0
1.77004,0.72845,0
0.59301,-0.11334,0
3.05473,-0.85178,0
2.75745,-1.09404,0
2.09749,0.0679,0
1.54167,-0.02252,0
3.76298,-0.81113,0
2.08586,-0.7092,0
3.09303,1.04296,0
2.71071,0.56463,0
2.94925,0.10558,0
3.18371,0.37542,0
2.34033,-0.7873,0
1.72106,0.24279,0
0.86401,-0.99517,0
2.95267,0.85975,0
4.3253,-1.05252,0
1.96066,-1.14588,0
2.15491,0.81145,0
2.43067,0.72939,0
1.89249,1.00004,0
0.60277,0.05762,0
3.31039,0.39551,0
1.60289,-0.01706,0
3.39197,0.78234,0
3.95214,-0.59383,0
3.98163,-0.35215,0
1.84869,-1.04279,0
0.61241,0.86835,0
1.3825,-0.66096,0
4.43496,0.62497,0
4.13331,1.14077,0
2.30794,-0.15046,0
3.86405,-0.38272,0
4.39654,-1.02704,0
3.39734,-0.1636,0
4.03945,1.0759,0
1.76433,0.03282,0
1.49939,-1.07346,0
0.9686,-0.55695,0
2.09865,1.20881,0
4.49546,-0.9409,0
2.48469,0.54153,0
1.82321,-0.68729,0
2.93251,0.30051,0
1.9564,-0.68024,0
2.12471,0.97242,0
2.48639,-0.39098,0
4.03349,-0.34567,0
0.9954,1.04059,0
1.68909,0.9038,0
3.38501,-0.45444,0
0.94109,0.4555,0
3.21749,-0.13962,0
3.01985,-1.19828,0
2.04656,1.07358,0
1.67192,-0.37004,0
2.76974,0.71687,0
0.52827,1.06519,0
0.5502,-1.05293,0
2.63793,-0.77297,0
4.3422,-0.33017,0
3.69289,1.182,0
3.53715,0.17278,0
2.39332,-0.15494,0
1.92545,-0.50471,0
3.51913,0.98637,0
1.31226,-0.03014,0
1.14571,1.20514,0
2.55852,-0.1367,0
1.56859,0.40727,0
4.31519,0.99846,0
4.39551,1.02805,0
0.53405,-0.43473,0
2.31425,-0.53277,0
2.34235,0.5765,0
2.65445,-0.44654,0
4.03639,-1.07622,0
4.12926,-0.71718,0
3.05495,0.83582,0
4.03435,-0.80896,0
3.14424,0.14894,0
3.16667,-0.03155,0
3.61859,1.13573,0
3.52717,3e-05,0
3.61121,0.21458,0
2.95202,-0.77602,0
2.49979,0.51811,0
3.66871,-0.37952,0
4.34838,0.19298,0
1.22976,-0.23455,0
1.55677,-0.43655,0
3.86356,0.54018,0
1.18513,0.38974,0
0.91922,-0.34895,0
1.49183,0.5801,0
3.2027,0.29049,0
2.6449,-0.62508,0
0.74229,1.152,0
1.37197,-0.07435,0
0.96255,-0.84752,0
3.97799,0.80431,0
0.82042,-0.14309,0
3.17908,-0.21344,0
3.3699,-0.76123,0
0.93772,-0.01497,0
1.70416,-0.26625,0
2.83027,0.3345,0
1.84141,-0.28048,0
3.91377,-0.74404,0
3.57069,-0.40783,0
1.26693,-1.1121,0
1.55154,-0.21381,0
1.28399,0.62303,0
1.21411,0.98334,0
1.82225,-0.38606,0
1.60478,-1.19179,0
1.91063,0.16324,0
2.79907,-0.56935,0
1.30541,-0.60291,0
0.66364,-0.707,0
1.63701,-0.98443,0
2.53328,1.24455,0
2.61436,-0.36236,0
1.71002,0.63417,0
4.23428,0.22836,0
2.85861,-0.8182,0
3.18399,0.57077,0
1.36331,-1.23621,0
2.76982,0.87487,0
0.96959,0.67763,0
1.3503,0.53424,0
1.67834,1.24781,0
3.12956,-0.15443,0
3.34432,0.0026,0
2.09074,0.00627,0
1.10611,-0.75624,0
4.10049,0.3727,0
1.90809,-0.56417,0
3.13752,-0.44873,0
2.64448,-0.59427,0
1.28987,-1.23446,0
0.58085,-1.06511,0
2.44191,0.90488,0
0.84064,-0.68508,0
3.33477,0.35006,0
4.11765,-0.55879,0
0.62506,0.08016,0
0.76849,-0.3357,0
2.7791,-0.10467,0
1.21678,-0.38386,0
3.54557,-0.92249,0
1.71213,-1.11857,0
2.16816,-0.13939,0
0.98263,0.10981,0
1.24763,-0.9266,0
4.42907,-0.50501,0
3.84385,-0.45013,0
1.3692,0.38717,0
3.2571,-0.31246,0
2.8174,-1.09521,0
2.29316,-0.86303,0
4.24461,0.12125,0
3.48098,-0.03136,0
1.53644,-0.11593,0
3.83162,-0.03213,0
1.89575,-0.29249,0
4.21172,0.60588,0
1.4336,0.38821,0
1.78962,-0.99466,0
4.10253,0.36781,0
2.02536,-0.92553,0
2.67761,-1.1169,0
2.9577,0.51175,0
3.55844,1.00521,0
1.25907,0.85707,0
0.64436,-0.86136,0
0.73916,-0.99933,0
2.41152,0.25142,0
2.15657,0.53594,0
0.88307,-0.70624,0
2.4254,0.44311,0
1.82489,0.34297,0
1.70459,0.92098,0
2.06159,1.20279,0
2.78998,-0.10101,0
0.51217,1.14882,0
1.19677,-0.29785,0
0.66706,1.15154,0
2.05945,-0.95296,0
3.88817,-1.22307,0
3.77627,0.55487,0
1.4195,-0.58807,0
1.78838,-0.0552,0
1.66708,1.03213,0
3.93936,-0.63343,0
1.67372,-0.91471,0
4.20425,-0.99839,0
2.6745,-1.05777,0
2.74566,-0.21318,0
2.09081,-1.23876,0
1.55014,-0.1579,0
3.43295,-0.1501,0
2.03497,-1.01467,0
0.81754,1.07148,0
1.87161,0.35383,0
3.69132,0.24869,0
2.37506,-0.9286,0
2.91669,0.99047,0
2.8305,-0.23264,0
3.59663,-1.06902,0
4.26576,1.13554,0
3.95806,-0.65615,0
3.89193,-1.08833,0
2.70139,0.00286,0
1.97619,0.19409,0
1.94317,0.82913,0
0.93089,0.88474,0
2.99128,0.10848,0
3.51687,0.9706,0
3.69298,-0.35936,0
1.65649,-0.73273,0
2.18974,-1.13358,0
0.79891,-0.40156,0
2.82159,0.97423,0
2.49171,0.54537,0
2.34457,0.48142,0
1.60925,-0.38177,0
2.41278,-0.94409,0
2.27778,-0.91463,0
1.65681,1.00432,0
2.23662,1.06699,0
0.55779,0.14604,0
3.39438,0.79483,0
2.57943,0.7716,0
2.22028,1.10935,0
1.49613,-0.60747,0
1.14481,1.15925,0
2.52138,0.62136,0
3.51601,-0.81711,0
2.57372,0.81107,0
2.12708,-0.74757,0
1.1561,-0.95928,0
2.15015,0.69834,0
2.40443,-0.82253,0
3.43329,-0.02043,0
3.74491,0.16627,0
0.96237,0.27964,0
4.07971,-0.93729,0
1.74473,-1.22678,0
2.81436,-0.68362,0
1.54745,1.16233,0
4.45955,-0.70601,0
1.53518,-0.42169,0
1.70694,-0.33778,0
2.98644,0.08725,0
1.16158,0.30724,0
3.80891,-0.25878,0
3.72173,0.49532,0
2.72865,0.02439,0
3.37677,1.21594,0
4.27044,0.96702,0
2.28143,-1.14716,0
1.07958,-1.20084,0
2.98639,-0.50908,0
3.92284,-1.05301,0
4.32042,1.02019,0
2.6076,-0.16749,0
1.96215,-0.11224,0
3.66079,0.07756,0
1.00963,-1.07351,0
1.64183,-1.15658,0
1.3465,1.00347,0
2.50136,-1.11322,0
3.81036,0.98471,0
3.36807,-0.68932,0
4.41126,0.94271,0
0.97662,1.23202,0
1.06688,0.65455,0
4.02547,0.15175,0
0.77808,0.2816,0
2.1589,0.15971,0
3.79496,0.89146,0
2.22162,-1.20135,0
3.87666,-0.0051,0
4.06989,0.17091,0
1.07656,0.49279,0
3.14506,0.60029,0
2.5762,0.00125,0
2.65599,0.47872,0
2.86592,0.87295,0
3.77701,0.28001,0
3.32041,-0.54958,0
1.23934,-0.88633,0
3.8627,-0.94815,0
4.1119,-0.38438,0
3.97318,-0.5468,0
0.79543,-0.19715,0
4.0361,0.14218,0
1.20795,0.25698,0
2.8867,-0.42089,0
1.44855,-0.84855,0
2.98615,-0.4322,0
1.12654,-1.03824,0
2.61677,0.31526,0
4.34895,0.54133,0
3.80868,1.14801,0
1.51199,0.03744,0
4.40833,0.56366,0
0.572,-0.8776,0
3.40622,0.25741,0
4.07447,0.55109,0
2.35636,-1.13698,0
2.38066,0.59161,0
0.72346,-0.05501,0
0.82774,0.95635,0
1.21725,0.63313,0
3.97162,0.15153,0
2.30758,0.60963,0
3.41612,0.67522,0
0.85692,0.50512,0
1.33908,-1.13395,0
1.43229,1.00731,0
3.77506,0.96825,0
2.10166,0.75031,0
0.90388,-0.0059,0
0.80824,1.08138,0
2.14131,-0.44616,0
3.86651,-0.51838,0
1.10553,1.20545,0
3.8155,-0.47082,0
4.41797,-0.70617,0
2.39684,0.24919,0
3.633,0.82053,0
3.15181,0.96654,0
3.31811,0.66987,0
2.04481,-0.55758,0
3.17617,0.82543,0
2.909,-1.1545,0
0.74603,0.29005,0
3.61971,0.66835,0
1.63901,-0.46587,0
3.86386,-0.04645,0
1.48551,-0.16785,0
1.72636,1.07724,0
0.9486,0.02583,0
3.90643,-0.54245,0
3.99795,-0.06205,0
2.3676,0.92185,0
1.77612,1.21794,0
1.61433,0.35619,0
3.22327,-0.83438,0
2.87896,0.57758,0
2.06359,0.93286,0
3.86867,-0.68649,0
0.75602,-1.18007,0
2.86145,-1.06811,0
1.4919,-1.24026,0
4.47643,0.96133,0
2.3718,-0.29973,0
0.79869,-1.11207,0
2.27475,-0.98354,0
3.899,-0.05707,0
1.53041,-0.09886,0
3.99114,-0.91953,0
2.85879,-0.88404,0
2.06548,-0.97802,0
3.27871,0.63036,0
2.09074,-0.47056,0
4.29525,-0.79516,0
4.31039,-0.66037,0
3.30482,-0.53639,0
2.38794,1.24865,0
1.64757,1.09762,0
0.69845,0.97638,0
4.12585,0.35222,0
3.36588,-0.9544,0
0.83252,0.94001,0
1.30782,1.21349,0
1.60258,-0.99688,0
1.75733,-0.53834,0
0.75095,0.63216,0
3.64099,0.83114,0
4.42141,-0.43886,0
3.35009,0.44095,0
3.17777,0.4229,0
3.10987,-0.34549,0
0.65318,-0.08205,0
0.54365,0.88326,0
1.82949,-0.43597,0
2.65047,0.3795,0
3.96999,-0.98787,0
3.98433,-0.1486,0
3.69092,-1.12919,0
3.38015,-0.15302,0
2.47377,1.01736,0
3.42877,0.64968,0
3.03037,-0.28361,0
1.17749,-0.72781,0
2.99943,1.23608,0
2.48723,-0.89524,0
4.20674,-0.89056,0
0.77344,0.67627,0
1.58269,1.16496,0
2.24213,1.23166,0
1.95248,1.14442,0
2.53104,0.86428,0
2.8084,-0.75894,0
2.53244,0.31991,0
4.44117,-0.58943,0
3.31169,0.12714,0
2.3931,-0.20307,0
3.7303,0.8203,0
0.9034,0.60847,0
3.77131,-0.08389,0
1.50124,-0.58355,0
3.31417,0.83647,0
1.60627,0.3174,0
3.83247,-0.92746,0
2.67414,0.48112,0
1.7377,0.12341,0
4.33149,-0.58485,0
2.72586,0.93411,0
1.52975,1.0312,0
3.03752,1.01137,0
2.38768,1.03189,0
2.81585,0.39002,0
4.27541,1.05706,0
4.3976,-0.01368,0
1.73394,-0.93026,0
1.97502,0.13454,0
2.32317,0.27716,0
3.56061,-0.20001,0
0.76165,-1.14756,0
1.01772,-0.13613,0
4.19446,-0.25364,0
2.86949,0.32424,0
1.75124,0.17519,0
2.72501,-0.9208,0
1.92808,-1.03376,0
1.05374,-0.71583,0
2.18444,-1.22638,0
3.21486,0.76341,0
4.2392,0.79215,0
1.25968,-0.23365,0
0.96231,-0.38389,0
3.39641,-1.1603,0
3.93079,0.81545,0
2.27625,0.57017,0
1.11132,0.71922,0
1.15308,-0.68793,0
1.93343,-0.91521,0
1.20183,0.66679,0
1.48119,-0.0653,0
1.82175,-0.89701,0
3.51346,0.25608,0
0.95098,0.79368,0
2.29757,-1.23535,0
4.38224,-0.92613,0
1.62581,0.95256,0
0.97288,-0.59089,0
3.477,-0.67977,0
2.53431,-0.22637,0
3.8451,-0.83453,0
2.73531,1.24268,0
2.82271,-0.75154,0
2.07379,1.10539,0
0.76236,-0.62641,0
2.43305,-0.77633,0
1.22652,-1.05165,0
2.58195,-0.88937,0
3.07396,-0.11449,0
1.29779,0.72204,0
1.20607,-0.59458,0
1.44146,0.05,0
0.70516,0.19155,0
1.68755,0.66229,0
3.61464,-0.03075,0
2.38015,0.87093,0
2.06675,0.56262,0
0.91028,-0.44864,0
1.29466,-0.17956,0
3.00941,0.29096,0
2.36222,0.95075,0
1.98185,-0.51141,0
4.25098,1.19903,0
4.00926,0.36107,0
1.32667,-0.75088,0
3.30167,0.66659,0
3.47339,-0.51882,0
3.36453,-1.24793,0
1.89667,0.65731,0
2.09131,-0.40694,0
3.61223,-1.13888,0
3.61791,0.89897,0
3.18314,0.33019,0
4.11315,-0.47041,0
2.78777,0.35869,0
4.45454,-0.97378,0
2.32611,-0.48802,0
4.12668,0.89573,0
4.03499,0.14929,0
1.13399,-0.59203,0
2.65266,-0.64361,0
2.7779,-0.13018,0
0.51801,-0.97917,0
2.52275,0.20499,0
1.57876,-0.02456,0
0.73162,-1.17858,0
1.46464,1.14099,0
4.25247,-0.47657,0
1.12852,-0.69656,0
2.41765,-0.98273,0
4.16523,-1.10991,0
3.4186,0.7708,0
3.00402,0.41335,0
3.75725,-0.9495,0
2.39876,-0.81439,0
1.66692,0.92003,0
2.84447,0.18527,0
3.59273,-0.42009,0
2.22193,-0.2229,0
4.3605,-1.08459,0
1.41425,-0.93109,0
1.04605,0.33271,0
3.45138,1.12236,0
0.65549,0.12526,0
1.59072,-0.19548,0
1.01917,0.71197,0
1.73336,-0.8367,0
0.93881,1.1945,0
2.23958,0.23903,0
2.61043,-0.24155,0
1.04609,-0.14671,0
2.66067,0.2486,0
2.88993,-0.49816,0
3.06196,-1.11608,0
4.46372,0.16429,0
2.98929,1.2456,0
1.01003,1.018,0
3.48203,-0.84858,0
1.24744,-1.12275,0
3.27381,-0.92798,0
1.03799,0.84023,0
4.06968,0.9015,0
1.50986,-0.42413,0
1.10669,-0.12182,0
2.82215,-1.06835,0
2.6469,-0.024,0
1.03964,0.42592,0
2.03543,-0.56496,0
2.98387,-0.7567,0
2.20247,0.71867,0
0.64956,1.09361,0
3.13153,-1.18244,0
4.13686,-0.28928,0
1.97805,-0.26429,0
0.77107,1.00407,0
2.95988,0.51143,0
1.22065,0.79508,0
3.44778,-0.53463,0
2.90996,0.50301,0
2.97704,0.13631,0
3.51402,-0.10481,0
2.82247,0.42048,0
0.67911,0.20018,0
1.87648,1.18963,0
0.96745,0.02943,0
0.56881,0.25822,0
3.33721,-0.82133,0
3.73148,-0.25954,0
2.86983,-1.15613,0
4.08126,0.44158,0
4.49894,0.85677,0
0.75331,-0.55197,0
1.09763,1.0098,0
2.86833,0.50878,0
1.32278,-1.22084,0
2.86575,1.12312,0
3.41,-0.28006,0
0.84848,-0.493,0
4.25279,-1.12993,0
3.94407,0.65214,0
3.14195,-1.03202,0
2.25558,0.27573,0
3.80138,-0.75003,0
3.9034,1.05849,0
4.26268,1.1216,0
3.50597,0.03868,0
2.96189,-0.01282,0
3.2522,-0.88974,0
1.104,0.88426,0
1.2388,0.91143,0
0.59103,-1.18073,0
3.20207,1.12106,0
3.75492,-0.18458,0
2.22571,1.0613,0
3.5867,-0.02031,0
2.96605,-0.73354,0
1.74498,-0.33416,0
0.60252,-1.17634,0
1.39482,-1.0559,0
3.44645,0.93237,0
1.67469,-0.61754,0
2.94625,0.02696,0
3.5895,-0.3038,0
2.13578,0.62359,0
4.40758,-0.82991,0
1.04915,0.76698,0
4.21695,-1.10449,0
2.59403,0.93451,0
2.54045,-0.23404,0
1.6083,-0.08282,0
2.43108,-1.1633,0
0.81509,1.11997,0
1.71558,0.80972,0
2.46279,-1.02531,0
0.90692,-0.54115,0
3.14123,-0.57746,0
1.49959,-1.23588,0
1.70302,-0.66413,0
3.554,-1.13738,0
2.98157,0.60068,0
4.15789,0.67813,0
1.33083,-0.07795,0
3.43471,-0.78483,0
0.72415,0.19779,0
2.18627,-0.34738,0
4.46563,0.52427,0
1.58591,0.07335,0
3.23068,0.5949,0
2.88341,0.52014,0
3.28601,-0.79595,0
2.72736,-0.61208,0
1.93391,-0.72071,0
3.03732,0.97628,0
3.62778,1.06702,0
3.33528,-0.30418,0
0.71657,0.60901,0
4.30065,0.91723,0
1.90299,-0.42769,0
1.68181,0.69859,0
3.03259,0.83805,0
0.73667,0.53216,0
3.64934,-0.50317,0
3.65531,0.81329,0
0.72379,0.63628,0
3.53813,-1.22747,0
3.62773,-0.75459,0
2.17747,0.05061,0
1.25311,-0.05881,0
0.52274,0.44923,0
0.79991,0.74092,0
3.59202,1.0032,0
3.64878,0.77004,0
3.54641,-0.2539,0
2.43379,0.13155,0
1.80327,-0.43155,0
4.29284,-0.04145,0
3.34443,-0.69327,0
0.75914,0.54024,0
4.30626,-1.03974,0
1.92749,1.09708,0
1.80761,0.51562,0
3.70402,-0.69293,0
1.91848,0.3183,0
0.89339,-0.69695,0
1.75748,-0.92666,0
3.82251,0.51915,0
0.86236,1.21684,0
1.11742,-0.31409,0
0.5363,-0.33035,0
2.35825,-1.23064,0
1.51015,-0.3988,0
1.86071,0.79923,0
2.72071,-1.21957,0
2.27647,0.29983,0
3.31668,-1.07788,0
3.93517,0.04225,0
2.02507,0.95127,0
3.66435,-1.24488,0
3.00579,-0.85991,0
1.12822,-0.03144,0
2.06161,0.34608,0
2.94749,-0.48395,0
3.02826,0.68151,0
0.96222,1.07572,0
3.54199,0.27286,0
2.05503,0.63467,0
1.6635,-0.33615,0
1.26109,0.23538,0
1.97856,-0.38833,0
3.75764,-0.30555,0
3.45677,0.86257,0
4.41704,0.99458,0
1.38784,-0.0732,0
4.40524,0.03381,0
3.1977,-0.83848,0
2.76338,-0.55182,0
1.66415,0.12734,0
2.09019,-0.8653,0
2.79401,0.52601,0
3.40445,-0.39229,0
0.63619,0.29428,0
2.70882,0.75471,0
4.17939,-0.56478,0
2.92304,0.26556,0
0.70407,0.72425,0
1.94505,0.48805,0
1.57915,0.40543,0
1.4543,0.09625,0
1.84984,0.49081,0
2.50433,-0.35096,0
1.35674,-0.34107,0
3.10293,0.65777,0
3.14575,0.60283,0
1.08361,0.44088,0
4.21629,-0.8511,0
3.14108,-0.84171,0
4.17288,0.0646,0
3.65869,0.80627,0
4.00113,-0.3172,0
3.67612,1.12927,0
1.45095,1.03185,0
4.25622,-1.0618,0
2.62541,-0.19335,0
2.4451,-0.5256,0
3.1055,-0.31505,0
3.3088,-0.44087,0
0.6316,0.32258,0
0.72953,-1.01152,0
1.13246,-1.13125,0
2.67289,-0.88499,0
2.38775,-0.85365,0
2.38577,1.23764,0
3.81896,0.52915,0
3.08832,0.61234,0
4.42033,0.90453,0
4.29884,1.21674,0
1.27713,-1.01843,0
2.7282,-1.10148,0
1.47498,-0.57726,0
4.00733,0.3687,0
1.41717,-0.06851,0
0.71438,-0.75704,0
3.32977,-1.02866,0
0.84427,0.9477,0
0.88281,-1.20372,0
3.53279,0.55552,0
1.34036,1.12728,0
3.33196,0.79937,0
1.04643,-0.81557,0
4.27839,-0.17339,0
2.37638,0.38044,0
4.28407,-0.73293,0
3.6752,0.51431,0
4.3625,-1.08711,0
2.46624,-0.76697,0
0.59211,0.66178,0
1.35997,-0.88034,0
1.50283,0.00335,0
3.90479,-0.54962,0
0.64934,-0.11895,0
3.63394,1.16097,0
1.56732,-0.07146,0
3.1108,-0.46599,0
4.41327,0.40333,0
4.48515,-0.79132,0
4.45686,1.12122,0
3.34095,-0.90317,0
3.4867,-0.08143,0
2.08342,0.21241,0
1.35657,0.35798,0
2.301,1.14714,0
3.49138,1.13051,0
1.96799,-0.81623,0
3.52873,-1.04946,0
4.21254,-1.00258,0
0.91055,1.08032,0
0.56546,-0.78565,0
3.18998,0.62318,0
1.32366,-0.25289,0
4.19716,0.16524,0
3.18801,-0.65779,0
0.67039,-0.27304,0
4.24688,1.22831,0
0.53113,-1.0501,0
0.6374,0.91934,0
1.09976,0.39076,0
4.18164,-0.60622,0
0.67377,0.15961,0
3.99548,0.96021,0
1.02392,-0.96845,0
2.73766,-0.52614,0
3.72685,0.85993,0
4.21207,-0.69418,0
4.17084,-0.50808,0
1.20882,-0.32652,0
3.34798,0.86447,0
3.37766,-0.67112,0
2.96994,-1.07246,0
1.29168,-0.04505,0
1.69508,0.60621,0
1.24995,0.74565,0
2.48863,-0.91511,0
3.66868,-0.2602,0
1.02318,-1.10228,0
4.39224,-0.11089,0
2.79535,-1.22152,0
2.0923,1.17043,0
0.86448,-0.60716,0
2.14231,-0.79315,0
1.56535,-0.37191,0
3.96083,0.38253,0
4.46378,1.15006,0
3.88213,-0.97687,0
0.99951,0.55695,0
4.08048,-0.3721,0
3.07947,1.08262,0
1.77313,0.914,0
1.11893,-0.00085,0
2.61033,-1.14806,0
1.9322,-0.89361,0
1.3231,0.03653,0
2.77463,0.30507,0
3.51848,1.14903,0
1.07442,0.74191,0
1.02744,0.99479,0
1.22088,0.97098,0
2.62019,-1.17475,0
3.88715,0.62044,0
4.33664,0.69741,0
2.6337,-1.23007,0
0.93954,0.31484,0
3.00552,-0.26142,0
0.94192,1.05179,0
3.18552,0.96354,0
0.57978,-0.85614,0
4.25842,0.21579,0
3.44508,0.81366,0
2.72857,1.121,0
3.16233,0.06948,0
1.72778,0.48292,0
2.41982,-0.26797,0
1.18943,0.44382,0
1.35049,-0.75927,0
2.45612,0.7716,0
1.33465,-0.02079,0
2.1746,0.26807,0
0.77672,0.76471,0
1.41078,-0.829,0
0.51489,0.66127,0
0.64589,1.01374,0
3.60739,-0.98381,0
1.91416,0.1486,0
0.55969,-0.67023,0
3.42254,-0.36618,0
2.99851,-0.51154,0
1.2384,-1.21809,0
2.93948,0.03159,0
2.3906,0.7374,0
1.56216,-1.19772,0
3.34595,0.25195,0
2.05972,0.82635,0
1.0234,-0.1159,0
1.52132,0.31417,0
1.62133,-0.13724,0
3.56663,-0.35383,0
1.40452,-1.20042,0
2.74616,0.43239,0
3.0586,0.12207,0
0.73169,1.175,0
4.0726,-0.21584,0
1.29364,0.07646,0
2.48936,0.43696,0
3.45119,-0.07021,0
2.76423,0.90726,0
1.71757,-0.98376,0
2.12135,-0.11089,0
1.65786,0.78702,0
4.10199,-0.20103,0
2.38196,0.6422,0
0.72887,-1.04568,0
2.37394,-1.21297,0
2.92922,-0.3745,0
0.97411,-0.73688,0
4.31149,0.90852,0
1.55786,0.71624,0
1.6786,0.49316,0
3.61392,0.00618,0
3.25233,-1.04811,0
2.8531,-0.44946,0
4.09405,0.94661,0
0.815,-1.02908,0
2.39611,-0.71686,0
2.04104,-1.17667,0
0.60046,1.09681,0
3.05634,-0.64943,0
2.01805,-0.36547,0
3.21717,-0.73269,0
4.25554,0.10305,0
1.66682,-0.14518,0
1.92151,0.72674,0
0.5516,-1.13192,0
2.06395,0.54568,0
2.46075,0.66673,0
3.35468,0.37179,0
3.64334,0.0934,0
3.20319,0.04316,0
1.96953,1.02718,0
1.55413,0.80574,0
0.54944,0.2016,0
3.50633,0.82022,0
3.91249,0.03033,0
2.22537,-0.35827,0
0.65484,1.1666,0
3.91163,0.05875,0
3.96157,0.38927,0
0.99736,-0.34023,0
2.3053,-0.95461,0
4.37213,0.61102,0
1.49374,0.01451,0
3.52667,0.69202,0
2.27269,-1.05331,0
1.58431,0.4344,0
3.36389,-1.04395,0
3.83494,-0.27646,0
3.15706,-0.24116,0
2.90832,0.69071,0
1.64236,0.09469,0
0.77473,-0.88087,0
1.95117,-0.25453,0
2.75554,-1.00232,0
4.37515,-0.78281,0
2.47486,-0.23127,0
4.25035,0.67135,0
2.85767,-0.08067,0
0.92063,-0.7852,0
3.93405,-1.21312,0
2.16592,-0.13323,0
1.5652,0.59704,0
3.35988,-0.28198,0
4.33578,-0.17934,0
0.82308,0.4295,0
2.5633,-0.53042,0
3.89984,0.94044,0
3.50369,0.39036,0
0.56711,-0.31605,0
0.89934,0.47204,0
0.97687,-0.77804,0
1.90748,-0.70726,0
3.05724,-0.89388,0
1.75934,-0.73622,0
1.2688,0.94709,0
2.97305,-1.15234,0
0.57429,-1.15787,0
3.05439,-1.11639,0
4.18962,0.10106,0
2.26965,0.50874,0
0.55924,-0.44211,0
1.48012,-0.70325,0
2.55881,-0.3779,0
2.50596,0.03455,0
0.89753,0.77485,0
4.35859,0.34171,0
2.72138,-0.68597,0
2.64732,0.3781,0
4.47883,-0.81446,0
2.38792,0.31913,0
2.49019,-0.12639,0
3.21296,-0.83827,0
3.80597,-0.02086,0
3.56421,0.29496,0
1.78367,-0.02842,0
0.57737,0.14688,0
1.5019,0.77,0
4.2101,0.65282,0
2.35871,0.07914,0
1.11629,0.50917,0
2.77923,0.1789,0
3.89111,1.20025,0
2.03027,-0.01669,0
0.52025,-0.71841,0
1.08902,0.19694,0
1.25562,-0.16856,0
4.36818,0.1543,0
4.00961,0.07254,0
3.26397,-0.924,0
0.92901,-0.13957,0
3.81623,-0.46617,0
2.5935,0.25343,0
3.68978,0.54019,0
1.96136,0.20664,0
2.5837,-0.67793,0
2.67905,-0.22317,0
3.91777,0.31908,0
0.64872,0.86178,0
3.99437,0.74534,0
3.54074,-0.97241,0
4.01484,-1.16094,0
2.25713,0.81292,0
0.58131,-0.56413,0
1.75375,-0.06148,0
3.37622,-1.13965,0
0.64949,0.58091,0
3.21998,-0.3613,0
1.19141,-0.42137,0
2.93788,-0.12949,0
0.82316,1.17633,0
3.42803,0.76636,0
2.15231,-1.1959,0
0.89943,0.90538,0
4.25708,-0.00154,0
1.75004,-0.41171,0
2.97021,0.61662,0
1.99611,-0.84235,0
2.54133,0.22091,0
3.3167,-0.42999,0
1.95183,1.21819,0
4.29061,0.61338,0
2.26418,0.48291,0
3.95209,-0.17034,0
4.14054,-0.01773,0
3.58964,-0.03566,0
2.84585,0.28549,0
0.95137,-0.40168,0
3.31084,0.60448,0
1.29624,-0.14369,0
1.83171,-0.31931,0
2.28134,0.40059,0
2.13705,-0.4177,0
4.14283,-0.41107,0
4.2935,-0.89664,0
2.64039,-0.49088,0
1.06561,0.13666,0
1.13102,-1.06147,0
1.47827,-0.38131,0
2.19668,0.52093,0
0.91234,0.78295,0
4.31887,1.22089,0
2.36398,-0.33915,0
0.64681,0.53302,0
1.90497,-0.51475,0
0.51189,0.85698,0
3.45694,0.68907,0
1.16281,-0.62785,0
2.06093,0.58281,0
3.99203,-1.05916,0
3.08254,0.5142,0
0.72323,0.2062,0
3.42594,-1.09878,0
4.31367,-0.92191,0
3.19479,0.50418,0
2.87666,0.86126,0
1.59648,0.8361,0
1.13212,0.04486,0
2.61693,-0.75859,0
4.28467,-1.21221,0
0.73968,-0.54145,0
2.95691,0.4053,0
2.18891,1.19465,0
3.29683,-0.2018,0
3.15904,-0.23515,0
2.90214,-1.18212,0
2.31876,0.95579,0
4.45935,1.01419,0
2.4337,-0.05858,0
4.29871,-0.76555,0
4.09578,-0.28971,0
3.56811,0.50692,0
2.40216,0.1434,0
1.0099,1.05791,0
4.4876,-0.79494,0
1.01234,0.7878,0
4.46662,1.00661,0
2.30121,-0.87884,0
1.7638,-0.78902,0
3.61811,-1.20793,0
4.16917,0.32007,0
4.16535,1.04321,0
4.23189,0.97125,0
1.47493,0.39865,0
3.60073,-0.61834,0
0.63381,-0.028,0
2.53434,-0.64155,0
0.96228,-0.69201,0
2.14872,-0.88356,0
2.82838,-0.07421,0
3.54494,-0.44063,0
3.62477,-0.04523,0
2.71227,0.78615,0
4.32663,-0.02765,0
2.69077,0.02972,0
1.3052,1.14844,0
0.9351,-0.36683,0
0.8167,0.18368,0
1.73679,-0.09092,0
3.68544,0.0721,0
3.34771,0.04029,0
3.1067,0.04487,0
4.36009,0.21094,0
0.61785,-0.21075,0
1.64485,-1.20044,0
2.10532,1.09531,0
1.55289,-0.96947,0
1.21585,-0.03206,0
4.41308,1.06597,0
2.56437,0.10053,0
0.91524,0.35977,0
0.84801,0.64628,0
2.85271,0.09727,0
1.07538,0.30868,0
0.97365,1.00759,0
1.00455,-0.69914,0
1.72447,0.21,0
1.79307,0.48195,0
2.62951,-0.88837,0
2.57387,-0.07555,0
0.91979,-0.96936,0
3.80035,-0.43184,0
3.03535,-1.12107,0
0.74419,-0.42481,0
4.34035,1.1321,0
4.48872,-0.38464,0
3.71244,-1.07297,0
2.1542,-1.12777,0
2.03651,-0.37206,0
1.61226,0.45241,0
3.17031,1.23671,0
1.83058,-0.17899,0
3.84953,1.04746,0
3.59659,0.66405,0
4.21085,0.45219,0
1.29634,0.29298,0
1.86685,0.99668,0
2.98553,1.16681,0
3.20098,0.32196,0
3.92536,0.81077,0
1.40409,1.067,0
0.8037,-0.97481,0
2.49554,-0.082,0
3.29379,0.11649,0
2.17851,-0.58461,0
3.85649,0.04546,0
3.48487,-1.20069,0
2.72076,-0.68543,0
1.14011,0.13749,0
2.17774,-0.93726,0
4.28883,1.00924,0
1.42625,0.38417,0
1.81098,0.33015,0
2.97512,0.46671,0
3.38783,-0.70436,0
2.40311,0.39089,0
4.42722,-0.33042,0
1.04869,-1.20425,0
0.56812,-0.29956,0
0.93078,-0.2902,0
3.44539,-0.35177,0
1.47561,0.1721,0
1.93888,-0.44602,0
4.40428,-0.37981,0
2.85141,-0.80246,0
1.47293,0.10278,0
2.75435,0.72783,0
1.74802,-1.05655,0
1.81298,-0.11555,0
1.65426,-0.21688,0
4.29281,0.15222,0
1.48644,-1.23711,0
3.70084,0.96173,0
3.29554,-0.76679,0
2.53922,-0.1455,0
3.67416,1.23945,0
2.26511,1.15585,0
3.21977,-0.94597,0
3.5868,1.11597,0
1.56921,0.93588,0
1.99921,-0.37042,0
2.29176,0.47695,0
2.12221,-0.81592,0
1.66187,-0.22315,0
2.82892,0.9542,0
2.94776,-0.25943,0
4.2282,1.00208,0
2.17109,-1.2396,0
3.10584,-1.00716,0
4.05877,0.47674,0
0.90213,-0.28522,0
3.35332,0.07256,0
4.12976,0.43562,0
4.19768,-0.28519,0
3.06572,0.5516,0
4.20356,-1.00551,0
2.76757,-0.59064,0
1.77237,0.42157,0
4.48816,-1.10416,0
3.81103,-1.1553,0
2.2092,1.11809,0
2.23302,1.20095,0
3.88191,0.06378,0
2.7158,-0.65817,0
4.33514,0.85375,0
3.56816,-0.91337,0
2.02669,-0.73501,0
1.9014,0.47868,0
3.85522,-0.15655,0
3.31015,-0.0264,0
1.69438,-1.09698,0
1.37719,-0.19367,0
0.63863,-1.11873,0
1.11766,0.49435,0
3.158,0.59447,0
2.198,-0.80829,0
0.93105,-0.6881,0
2.07837,0.82544,0
2.01058,0.44696,0
1.97399,-0.39832,0
0.65195,0.11331,0
1.95103,0.36158,0
4.16117,-0.86302,0
2.27871,-0.59834,0
3.09926,-0.40526,0
2.39534,0.97952,0
1.00561,-0.45093,0
0.77009,-0.92585,0
0.89779,-0.35663,0
3.28253,0.41158,0
3.15328,0.32345,0
3.45587,1.02875,0
1.32719,0.83946,0
2.49127,-0.87443,0
3.0335,-0.1242,0
3.71744,0.90276,0
3.47479,0.82337,0
1.52727,-0.58283,0
2.74755,0.15378,0
3.18768,-0.62701,0
4.14028,0.07628,0
0.72974,0.33746,0
1.28767,-0.06775,0
1.72484,-0.51247,0
3.33463,0.04366,0
1.88493,0.03311,0
4.13175,-0.44292,0
3.96106,-0.42664,0
1.88159,-0.82832,0
3.90872,0.85357,0
0.80144,-1.04273,0
0.70953,-0.36898,0
3.0228,-0.85072,0
2.36572,1.19247,0
3.7674,0.16921,0
3.19769,0.43279,0
1.37123,0.55431,0
1.87261,0.52604,0
2.98609,0.7006,0
4.39434,0.7916,0
2.02778,0.86681,0
2.36733,0.90971,0
4.46633,0.10547,0
1.62463,0.3073,0
2.7828,-0.14891,0
0.54783,1.07718,0
3.32513,-0.42279,0
1.28669,0.80018,0
1.91045,-0.795,0
3.51442,-0.85104,0
0.6782,-0.5236,0
3.60138,-1.0241,0
4.49351,-0.29805,0
3.46612,-0.77512,0
2.27339,0.24797,0
4.27409,1.03685,0
3.2614,0.95817,0
2.92584,0.9456,0
2.08557,-0.19526,0
2.53898,0.69539,0
1.70223,-1.1121,0
1.69183,-0.09381,0
3.99365,-0.63739,0
3.89197,-1.15458,0
2.35949,-0.23821,0
1.81082,-0.2007,0
4.28964,-0.14426,0
0.50014,-1.23827,0
4.20347,-0.73388,0
1.17278,0.91375,0
3.16524,1.15876,0
1.26686,0.73221,0
3.09994,-0.20335,0
0.95092,1.22214,0
3.65122,-0.64783,0
3.11344,-0.1065,0
3.29121,-0.68444,0
2.3547,1.08012,0
0.94759,-0.67868,0
1.0084,-0.29161,0
2.78981,-0.83249,0
3.09703,-0.7116,0
2.28291,1.0546,0
1.0734,0.85995,0
2.20317,-0.60513,0
2.7342,0.66131,0
1.91148,1.1952,0
0.70397,-0.84057,0
2.92945,-0.59321,0
1.2025,-1.17052,0
1.1022,-0.13945,0
1.89518,-0.91571,0
1.59918,-0.92799,0
2.67294,-0.16956,0
1.39979,-0.40543,0
3.59773,-0.72654,0
0.88009,-0.0378,0
1.86407,-0.81806,0
3.47845,-0.27457,0
1.71577,-1.0731,0
0.70984,1.013,0
0.63912,0.52926,0
2.14951,0.44936,0
2.76175,1.20503,0
3.95843,0.34792,0
2.01053,1.00242,0
3.84883,-0.851,0
1.55338,-0.25889,0
1.75547,-0.3338,0
2.7232,-0.05019,0
1.47897,-0.88741,0
3.17828,-0.39927,0
1.27633,-0.57021,0
0.8148,-0.04449,0
1.19245,-0.61675,0
0.90832,-1.10824,0
1.8931,0.0284,0
4.26217,-0.83714,0
0.88283,-0.56535,0
3.69899,-1.24246,0
2.236,0.46708,0
4.36818,0.85182,0
4.1636,-1.21952,0
3.13887,0.44929,0
2.41819,-0.7851,0
2.49416,-0.6249,0
4.08037,-0.03321,0
2.14954,-0.95349,0
2.44184,0.63033,0
2.52094,0.94555,0
2.62172,0.20436,0
2.37097,0.71741,0
2.65,0.04634,0
3.03567,-0.73957,0
1.22953,0.00713,0
3.94812,0.08082,0
2.52953,0.70043,0
3.34049,1.18378,0
0.69826,-0.18821,0
2.87787,0.2603,0
0.95919,1.10083,0
2.30665,-0.1086,0
2.28152,-1.0352,0
3.33905,0.71451,0
0.75403,-1.10319,0
1.26061,-0.87185,0
0.72584,0.42565,0
0.53932,-0.18925,0
3.87802,0.39287,0
1.75831,-0.69088,0
2.0603,0.87095,0
3.59232,-0.78814,0
4.23018,-0.23216,0
4.04196,-1.07339,0
3.6904,0.35514,0
4.29212,0.42773,0
2.8705,-1.04935,0
1.32073,-0.70404,0
3.94418,-0.17251,0
3.77992,-0.5031,0
2.22762,-0.01939,0
3.24687,0.82249,0
1.82287,-0.65653,0
1.91232,-0.40461,0
0.99905,-0.77876,0
0.52775,0.48745,0
1.17538,-0.82116,0
1.45067,0.46122,0
3.76291,-0.70807,0
0.52846,0.03343,0
1.2785,-0.59367,0
3.93157,-0.65953,0
2.75777,0.03408,0
3.81571,-0.65565,0
4.08068,0.04343,0
4.1508,-1.14508,0
1.17959,1.22268,0
3.01087,-0.0824,0
0.69306,0.14076,0
2.33767,-0.123,0
0.79655,-0.11209,0
2.90393,-0.51128,0
1.03644,0.98397,0
0.82794,0.23094,0
3.31646,-0.4892,0
2.72305,1.15714,0
1.14663,-0.31383,0
4.12394,0.24068,0
0.73869,-1.23078,0
4.12489,-0.95336,0
3.09038,1.21192,0
2.14945,0.12496,0
3.60332,0.50891,0
1.22443,0.84145,0
3.8269,0.61474,0
3.91142,1.10943,0
1.05735,-0.17821,0
3.92732,0.85951,0
2.62857,-0.87891,0
1.90402,0.85893,0
3.385,-0.1155,0
1.11828,0.84638,0
2.0995,-0.01806,0
0.89393,-0.37801,0
4.44768,1.22573,0
0.83552,0.1066,0
1.10767,-0.04597,0
1.95276,0.99185,0
3.65774,-0.16219,0
3.61061,-0.87781,0
3.78379,-0.23672,0
0.66154,-0.57471,0
2.98448,-0.82047,0
4.39306,0.46619,0
2.47082,-0.09809,0
4.12851,1.0013,0
1.62631,-0.63545,0
1.00841,0.88409,0
1.52733,0.57662,0
0.57623,1.09118,0
1.75702,0.11036,0
3.64917,0.21422,0
3.847,-0.92669,0
1.56432,0.98875,0
2.65371,0.87863,0
2.95101,-0.69348,0
3.47336,-0.79851,0
3.62727,-0.96977,0
2.34007,-0.53983,0
3.1292,1.09661,0
3.50118,-0.59531,0
0.76089,-0.86608,0
1.75878,-1.02042,0
3.86537,1.10334,0
4.38627,-0.40268,0
4.33266,-1.06033,0
0.75509,0.04017,0
1.24035,0.96619,0
2.88974,0.33519,0
4.28338,-1.06507,0
1.96261,0.12644,0
1.53571,1.09977,0
3.30222,0.14759,0
2.25351,0.39709,0
4.42525,0.76693,0
0.83012,-0.67364,0
2.81154,-0.37615,0
1.79149,-0.18171,0
2.44731,0.37916,0
1.21283,0.93402,0
2.37575,0.1036,0
0.72893,0.26827,0
3.70288,0.02582,0
1.63487,0.30723,0
1.5761,0.09015,0
2.7957,0.47526,0
0.90483,0.73403,0
3.47206,-0.00708,0
1.31379,1.08346,0
1.4288,0.92293,0
2.85817,-0.78854,0
3.60102,-0.22164,0
3.99659,1.00901,0
1.06454,1.16112,0
0.52819,-0.01345,0
3.60769,0.32518,0
2.20014,-0.53721,0
4.23871,0.68175,0
4.314,1.10038,0
3.10665,-0.30699,0
3.84746,-1.03176,0
0.65877,-0.48565,0
1.94857,-0.98437,0
4.02581,0.40108,0
2.59162,-0.48771,0
2.25698,-1.05329,0
3.1274,-0.1873,0
4.08595,-0.35349,0
2.10712,-0.04447,0
3.82492,-0.12742,0
4.04065,0.0121,0
3.51255,0.45537,0
3.18355,-0.52631,0
0.89014,-0.65676,0
1.3559,-0.72213,0
3.83393,0.36334,0
2.30394,0.97099,0
4.14246,-0.66795,0
2.43179,-0.51605,0
2.90892,-1.18767,0
2.09807,0.848,0
3.36656,0.35637,0
2.80032,1.20411,0
0.99254,-0.94188,0
2.30984,0.94298,0
2.19867,0.73076,0
4.27594,-0.75155,0
2.88821,0.5315,0
3.78753,-1.17628,0
1.14488,-0.62559,0
0.94011,0.60858,0
2.43082,0.54731,0
1.17101,0.36583,0
0.85236,0.98579,0
3.46418,1.24725,0
4.36985,0.09101,0
2.87826,0.46342,0
3.4654,-0.62165,0
1.94261,0.53668,0
0.98373,-1.05206,0
3.43919,0.94034,0
1.56971,0.40285,0
2.5161,-0.79704,0
2.95143,-1.20355,0
1.2796,0.28357,0
1.55548,1.10214,0
1.47679,0.55512,0
3.11711,0.35271,0
2.69426,0.26252,0
1.60079,-0.93457,0
0.50465,-0.99781,0
2.69185,1.21821,0
1.67208,-0.67093,0
2.93838,0.28834,0
1.09228,-0.60148,0
3.42942,-0.32957,0
1.2494,0.94574,0
3.43592,0.66039,0
1.90771,-0.56077,0
3.12081,0.99135,0
3.28628,1.17884,0
2.059,1.04726,0
2.26981,-1.15178,0
4.38934,0.5818,0
2.44761,1.00476,0
1.48126,1.20532,0
3.64888,0.88621,0
0.70531,0.60191,0
4.05046,-0.94193,0
3.86017,0.2865,0
4.12286,1.03959,0
1.53749,-0.64757,0
3.80989,-0.34699,0
2.50098,-0.43483,0
2.07735,0.27797,0
4.25328,-0.05016,0
3.48219,1.13403,0
4.42345,-0.42647,0
4.36774,0.84917,0
1.60617,0.12335,0
0.77818,0.30698,0
3.39403,0.71933,0
2.63668,1.17817,0
2.54807,-0.01626,0
3.79191,-0.82932,0
3.69023,-0.32582,0
1.40224,-0.34684,0
1.4638,-1.04569,0
4.14406,0.32883,0
2.00926,-0.97475,0
0.77128,0.9834,0
0.85349,1.06188,0
3.01849,-0.55488,0
1.5908,-1.12143,0
3.95616,0.53691,0
3.65512,-0.69299,0
1.27839,-0.83062,0
1.69845,0.53039,0
2.08797,1.09538,0
1.71585,-1.02503,0
2.73823,-0.15534,0
2.17164,-0.82979,0
4.03866,0.32805,0
1.99438,-0.44751,0
1.28575,0.245,0
1.60904,-0.60387,0
1.60736,-0.10086,0
3.80055,-0.6395,0
2.6216,0.87247,0
0.7685,-0.83433,0
2.2538,0.36223,0
3.41614,-0.02599,0
2.25948,1.06523,0
4.00882,-0.4257,0
1.72694,0.26772,0
3.82898,-0.85255,0
2.47525,0.30057,0
2.45504,-0.17511,0
4.05951,-1.16528,0
4.17272,0.82701,0
0.63813,-1.02261,0
1.69548,-1.18301,0
2.99838,1.16195,0
1.06621,-0.80597,0
1.7429,-0.23257,0
1.37101,-1.22858,0
4.15516,0.05289,0
1.48583,-0.67695,0
0.83671,0.47027,0
3.67456,0.88546,0
4.38425,-0.67796,0
1.01748,-0.10619,0
4.01569,-0.16414,0
0.7305,0.6291,0
4.41869,0.71657,0
3.99191,-0.02665,0
0.72593,0.14055,0
0.84487,1.0461,0
3.77802,-0.00133,0
4.0156,0.43162,0
3.43475,0.96222,0
2.32338,-0.51576,0
1.75077,0.12151,0
4.40424,-0.72045,0
1.28279,0.55999,0
3.0236,1.0944,0
0.94638,-0.75752,0
0.9081,0.01373,0
1.85839,0.75884,0
1.92892,0.65168,0
2.92647,-0.41712,0
1.15371,-0.09468,0
2.7157,0.37773,0
1.33336,-0.77914,0
1.8022,0.04918,0
2.34653,1.15201,0
1.38151,-0.94752,0
3.29515,-1.11996,0
2.36628,-0.50216,0
3.19931,1.03771,0
1.71472,-0.07539,0
3.86877,-0.83141,0
3.96865,-1.19005,0
2.92009,0.9781,0
3.71076,-1.10876,0
2.78403,-0.93457,0
3.72125,-0.61268,0
3.60596,0.28107,0
1.40805,0.66333,0
3.84184,-0.39214,0
4.40806,-0.65445,0
4.45242,-0.77698,0
2.30573,-0.67614,0
3.1189,0.97638,0
1.06386,-1.09728,0
1.96245,-0.85366,0
2.50425,0.1021,0
4.14114,1.24423,0
3.71433,0.87585,0
3.27094,0.00076,0
1.61336,-0.23481,0
2.12598,-0.97925,0
3.3911,-0.32618,0
3.52885,0.01242,0
1.35271,-0.83987,0
0.8662,0.01683,0
1.06055,-0.83245,0
2.28806,-0.00105,0
2.88264,-1.06505,0
0.62392,0.68956,0
2.19942,0.21644,0
4.20787,0.90335,0
2.38715,0.13434,0
2.84745,-0.85747,0
2.88212,-0.00547,0
2.58755,0.54777,0
1.19652,0.46948,0
3.06695,1.00756,0
3.68727,0.51834,0
3.25082,0.54526,0
1.85061,-1.05342,0
3.67622,-1.24533,0
3.49645,0.26573,0
1.50871,0.13626,0
2.83542,0.17067,0
0.81744,-1.24175,0
2.78465,-0.84327,0
3.42959,0.32995,0
0.54739,-0.60342,0
0.73235,0.10478,0
2.62884,-0.3101,0
0.86059,-0.48362,0
3.36746,1.05369,0
3.06198,-0.92773,0
1.5614,-0.93688,0
3.18968,0.17947,0
1.05266,0.60272,0
3.56692,-1.15274,0
0.63497,0.35568,0
0.96486,-0.84752,0
0.7958,1.04167,0
0.8772,-0.99223,0
1.51231,0.77826,0
0.80161,-0.10247,0
0.61151,0.9098,0
0.88666,0.90991,0
3.37834,0.54989,0
4.42375,0.84235,0
3.91316,-0.00969,0
1.07043,-0.95985,0
3.73574,0.93062,0
1.24249,0.51951,0
4.18514,0.1299,0
1.84621,-0.06284,0
2.62146,-0.7247,0
3.70621,-0.74653,0
2.92249,-1.14488,0
0.55746,-0.89618,0
2.98952,-0.42159,0
2.15765,-0.08457,0
2.13227,0.21149,0
3.15386,-0.8478,0
2.90996,1.16172,0
2.91247,-0.87871,0
2.47742,-0.87884,0
0.73574,-0.46358,0
0.76643,0.60819,0
3.52355,0.14032,0
4.25044,-0.5968,0
3.60189,-1.1053,0
0.91556,-1.08282,0
2.92584,-1.21359,0
4.32061,0.89102,0
3.12091,-0.83772,0
3.50702,-0.68964,0
0.71738,-0.9232,0
3.08616,0.50769,0
2.66354,0.03806,0
1.65303,0.08263,0
1.06106,0.41968,0
3.6144,-0.0931,0
2.31941,1.15253,0
1.07973,0.03862,0
1.18966,0.76126,0
4.26485,-0.50513,0
3.68093,-0.03196,0
4.17228,0.969,0
3.7298,1.2417,0
0.50349,-0.83498,0
1.71343,0.63494,0
1.01148,1.17964,0
3.46142,0.76226,0
1.2387,0.70585,0
3.99586,-0.14388,0
2.19985,0.6614,0
2.70762,-1.06157,0
0.79124,-0.70645,0
3.78008,0.88599,0
1.74015,-0.28597,0
0.93836,0.62072,0
2.19768,-1.12275,0
1.2502,1.01649,0
3.06175,0.87177,0
1.87992,1.0069,0
2.61836,0.8988,0
1.29698,0.28282,0
1.06688,0.82874,0
0.54746,0.94965,0
4.26792,-1.09296,0
2.37287,-0.35423,0
1.50604,-0.30371,0
2.55056,0.47609,0
2.43992,-0.11268,0
1.77919,0.36209,0
0.92365,-0.76731,0
0.53394,1.17054,0
3.99392,-0.11918,0
0.66484,1.24225,0
3.90471,-0.94846,0
0.81075,0.64605,0
1.88404,-0.9249,0
4.43322,1.06834,0
3.62048,0.37154,0
2.03065,0.85935,0
1.23992,1.0051,0
2.14621,-1.14586,0
2.28086,-1.07836,0
2.72016,-1.03939,0
1.66385,0.95773,0
1.13934,-0.75109,0
1.15716,-1.24431,0
1.90163,-1.23782,0
2.6593,-1.08176,0
2.35742,-0.55315,0
3.61725,-1.12725,0
1.18793,-1.12077,0
4.09365,-0.57311,0
3.0583,0.30423,0
3.1743,0.03458,0
4.08104,-0.92637,0
0.8974,0.82624,0
0.69394,-0.49033,0
3.27427,-1.16828,0
2.04401,0.81851,0
1.34146,-0.60857,0
3.50931,-1.21812,0
1.533,-0.22558,0
4.41884,0.18162,0
0.51027,1.05621,0
1.18399,-0.37356,0
1.97586,0.63665,0
2.32846,-0.77182,0
3.81348,-1.19618,0
1.55386,-0.93975,0
1.76304,1.11889,0
0.5699,-0.27461,0
4.35934,0.15053,0
4.01708,1.11456,0
2.96984,-0.83943,0
0.74994,-0.15442,0
2.80708,-1.22103,0
3.57853,-0.27053,0
2.35661,0.17158,0
2.21187,0.93843,0
4.38903,0.29686,0
2.8637,1.16865,0
4.29878,1.1598,0
3.33077,-0.29908,0
2.74887,0.38538,0
4.42298,-0.35904,0
4.43313,0.85175,0
1.91822,-0.3663,0
2.90568,-0.18194,0
3.06107,0.14699,0
1.15391,-0.60717,0
0.78628,-0.73222,0
3.55117,1.18885,0
3.69971,-0.28928,0
4.43762,-0.40574,0
2.68289,-0.43496,0
3.90759,-0.34046,0
2.04213,-0.69523,0
2.7858,-0.11974,0
3.71912,-0.64646,0
4.29979,0.2724,0
3.31515,-0.85194,0
3.74834,1.13241,0
2.22385,0.17939,0
0.69439,-0.23513,0
1.14709,-0.87456,0
4.04439,-0.58349,0
4.29057,1.13045,0
3.42697,-0.82224,0
4.24853,0.70601,0
3.93805,-1.04148,0
2.28926,0.12016,0
1.3364,-0.60288,0
3.18729,-0.81977,0
4.49688,-0.12476,0
3.36138,1.10213,0
2.92027,-0.04332,0
2.34763,-1.20687,0
1.80509,1.20672,0
2.23416,-0.65971,0
3.80797,-0.22429,0
0.70515,-0.5842,0
4.09349,0.8055,0
2.66621,-0.91855,0
4.27314,0.70054,0
1.06698,0.32061,0
1.1759,-0.10584,0
2.28167,0.26221,0
0.9856,0.77082,0
2.6003,-0.76473,0
3.17374,-1.22237,0
0.80489,-0.09727,0
1.77951,0.94001,0
3.04527,0.51116,0
2.59055,-0.41187,0
1.29068,1.04613,0
1.41022,-0.67585,0
2.79122,-0.49817,0
0.96122,-0.68239,0
3.6798,-0.78894,0
1.22891,0.36416,0
1.34842,-1.07809,0
4.10562,-0.92867,0
1.20926,-1.10945,0
2.71162,1.1138,0
1.7566,1.15544,0
2.09739,0.95995,0
1.40102,0.72965,0
3.29412,0.48643,0
3.96151,-0.68896,0
2.40354,0.81775,0
3.8696,0.62432,0
1.86308,-0.31739,0
1.79061,-0.91801,0
3.09414,1.22247,0
2.96473,0.64403,0
1.10436,-0.05328,0
3.10103,0.20988,0
3.75687,-0.33233,0
3.18125,-0.12143,0
3.88015,0.8066,0
2.79074,-1.24066,0
1.28264,0.66245,0
1.95423,-0.85735,0
3.4053,0.6059,0
2.32673,0.45679,0
0.8649,-0.28386,0
3.36913,-1.2137,0
2.04794,-0.42653,0
3.17662,-1.02871,0
0.69198,-0.95986,0
1.08918,1.04528,0
0.99434,0.1913,0
3.55119,-0.21333,0
1.53442,0.78106,0
3.77805,-0.2098,0
0.83804,0.02211,0
4.31539,-0.81989,0
3.92716,0.72078,0
0.79081,-0.85714,0
2.45188,-1.00464,0
3.88889,0.10475,0
3.08931,-0.11797,0
2.24786,1.18902,0
3.8388,0.91439,0
1.68343,1.17273,0
3.13333,0.67383,0
4.16284,0.17665,0
2.66799,0.76299,0
2.29728,0.37355,0
2.64994,-0.10608,0
4.29815,-0.72793,0
4.36096,0.72085,0
1.37877,0.73784,0
1.11427,0.96897,0
3.84167,-0.64951,0
3.19593,-0.17674,0
2.09723,0.83578,0
2.12374,-0.29283,0
4.19871,0.83032,0
1.37015,0.58438,0
1.48964,0.19647,0
3.14152,-0.95292,0
2.96844,0.9498,0
1.30162,0.42288,0
3.73956,0.30336,0
2.58189,1.12884,0
2.1113,-0.2223,0
2.17151,0.20722,0
3.56164,-0.49723,0
4.34311,-0.39421,0
4.42336,-0.46358,0
3.31316,-0.98948,0
3.36245,-0.3222,0
4.12255,0.67742,0
2.15209,-0.20989,0
3.70373,-1.01065,0
2.47289,-0.37392,0
2.31102,-0.67392,0
2.04488,-0.56287,0
4.31739,-0.33529,0
0.56355,-0.19583,0
1.23608,-0.61527,0
3.19609,-1.06732,0
0.86977,0.83793,0
0.89053,-0.68833,0
3.33037,-0.92814,0
2.86897,0.45619,0
1.64156,0.58706,0
3.53695,-0.8743,0
0.75006,0.08251,0
4.43229,1.06955,0
3.46873,-0.99036,0
0.93886,-0.7838,0
3.86663,-0.67265,0
2.24899,-0.27346,0
3.35556,0.71139,0
1.47781,-0.16281,0
1.74089,-0.21445,0
3.74173,1.00956,0
2.43894,-0.46208,0
1.51226,0.97402,0
3.60058,0.75975,0
1.16417,1.14423,0
0.73426,-0.35811,0
2.61306,0.28724,0
4.23668,1.2185,0
3.19537,0.3064,0
3.34207,-0.22909,0
1.30445,-0.77435,0
1.35202,0.98002,0
1.20463,-1.23159,0
1.01907,0.2309,0
1.17349,0.47687,0
1.02148,0.58943,0
1.7894,0.1077,0
0.87377,0.94744,0
2.0848,0.25809,0
2.32963,1.04915,0
3.74596,0.20899,0
3.32547,1.16814,0
2.29295,-1.06473,0
4.33112,0.83692,0
3.88449,0.7999,0
1.3659,-1.05676,0
3.41483,-1.12989,0
1.40116,-0.64161,0
2.32311,-1.1828,0
1.7778,0.88739,0
1.10948,-1.02255,0
2.7699,-1.01414,0
1.99661,-1.12105,0
3.52541,-0.4251,0
1.15543,-1.2192,0
3.46334,-0.12767,0
4.47553,-0.00067,0
2.05921,-1.12564,0
2.44396,-0.20061,0
3.3836,0.69945,0
3.76321,0.38839,0
1.45918,0.53298,0
1.7022,-1.14939,0
2.07759,-0.5739,0
4.22382,-0.8389,0
3.22868,0.68805,0
4.02582,-0.88186,0
2.1538,1.24573,0
1.11863,0.19009,0
0.91105,0.63846,0
0.59594,-0.12882,0
3.88443,-0.17679,0
2.96673,-1.03137,0
2.66921,-1.12679,0
4.15926,0.46222,0
3.48047,0.21046,0
0.61681,0.25808,0
3.41231,-0.86576,0
1.93564,-1.08349,0
2.45323,-0.12618,0
1.7153,0.23195,0
1.68445,-0.11158,0
1.24954,-1.14089,0
2.83373,-0.34053,0
1.87903,0.22552,0
2.05379,-0.48114,0
0.74322,1.24651,0
0.65779,-1.17875,0
4.32365,0.01849,0
1.66895,0.62919,0
1.25411,-0.23427,0
1.69782,-1.04288,0
1.9549,-0.47832,0
1.40427,0.50862,0
2.44083,-0.37007,0
1.71815,0.12154,0
1.94719,0.3106,0
2.94778,1.16519,0
3.81928,-0.14942,0
4.01442,-0.49975,0
4.09029,-0.20603,0
3.72474,0.5352,0
0.53864,-0.68125,0
1.76108,0.4041,0
3.8952,0.68955,0
3.35404,-0.57402,0
2.89662,-0.61603,0
1.55784,0.02606,0
1.29594,-0.67658,0
0.98543,0.80961,0
1.501,-0.61641,0
1.79076,0.10067,0
4.46746,0.11853,0
2.62837,-0.10263,0
1.55377,-0.25042,0
3.16459,0.92669,0
3.82081,-0.56005,0
0.64958,1.08778,0
2.78562,1.14595,0
1.78644,-0.35149,0
2.0124,1.08191,0
3.21638,0.97989,0
1.39175,0.65971,0
2.93435,-0.78763,0
0.63294,0.40405,0
3.11222,-0.70289,0
2.21677,0.56567,0
1.00502,-1.14885,0
1.27455,-0.23301,0
4.02679,0.43715,0
1.22089,-0.21544,0
0.5181,-0.04671,0
4.36114,-0.89175,0
2.34829,-0.45825,0
3.12982,-0.81366,0
0.65684,0.72529,0
1.48083,-0.23534,0
2.96132,0.9253,0
1.17432,0.65298,0
0.96862,-0.759,0
1.52927,-1.00669,0
4.35529,-0.30686,0
4.13786,0.70927,0
1.14984,0.67111,0
3.8173,-0.40615,0
3.66654,-1.11179,0
2.79045,-0.50758,0
2.60903,1.17329,0
1.8427,-0.39158,0
2.84602,0.9934,0
1.7458,-0.59987,0
1.51889,1.24354,0
4.49958,-0.47806,0
2.29686,1.11113,0
0.86568,-1.18633,0
2.2333,1.09073,0
1.10455,0.25894,0
0.59882,-0.75818,0
3.83923,-0.27493,0
0.781,-0.79916,0
1.62914,-0.69816,0
3.85,-0.84525,0
2.28247,-0.05335,0
4.4354,-0.8823,0
1.17769,0.46778,0
0.6451,-1.05847,0
2.26749,-0.09535,0
1.48763,-0.09139,0
1.82985,0.27495,0
3.59075,0.20009,0
3.60136,-1.10108,0
0.57881,0.82706,0
1.01744,0.8288,0
0.97832,1.09982,0
3.96845,-0.98818,0
2.36504,-0.08607,0
2.97687,-1.11116,0
3.85989,0.69423,0
2.26685,-0.97352,0
1.29423,-0.97352,0
1.84254,0.81497,0
1.48533,-0.79377,0
3.26942,-0.54819,0
3.50335,0.46495,0
3.40746,1.2101,0
0.68659,-0.68953,0
2.45691,0.5907,0
1.3021,0.91334,0
4.28318,0.99994,0
4.19816,0.41503,0
2.71411,0.78124,0
3.7329,-0.16523,0
3.60946,0.47344,0
2.19184,0.56392,0
3.50508,0.07543,0
1.79692,-0.95827,0
4.12204,1.09004,0
4.16602,-1.07778,0
3.34272,0.52711,0
2.90331,-1.08726,0
4.32862,0.3154,0
3.6393,-1.15361,0
0.79997,-0.26557,0
4.42987,-1.03408,0
2.32933,1.20342,0
0.68926,-1.03951,0
1.07344,0.91145,0
3.56741,0.85892,0
1.15221,0.14327,0
1.56399,0.5913,0
2.27931,0.86966,0
2.21152,0.57865,0
3.38585,0.3861,0
3.00822,-0.07825,0
2.185,-0.22217,0
3.48593,-0.80358,0
2.46253,0.84008,0
1.10267,0.26417,0
1.4602,0.41641,0
1.04911,-0.62951,0
4.24531,0.86639,0
1.95821,-0.14614,0
0.613,-0.88893,0
3.91663,-0.05985,0
1.84378,1.06235,0
1.45115,0.37752,0
4.02606,-0.22073,0
0.94362,-0.70639,0
3.90519,0.1285,0
1.66029,0.66833,0
0.99394,0.2388,0
3.29231,0.6814,0
0.62764,-0.50578,0
3.75858,-0.19711,0
4.47003,0.87221,0
2.79249,-1.05468,0
3.21974,-0.18725,0
2.84046,0.37601,0
3.46035,0.56261,0
0.8982,-0.84954,0
0.54836,-1.10965,0
1.86244,1.1128,0
2.69148,1.2057,0
2.70175,0.214,0
3.45543,0.55504,0
2.37509,0.24504,0
1.3254,1.14437,0
2.14055,-0.65585,0
3.73517,0.6479,0
0.95178,0.06034,0
1.66031,0.08365,0
1.4886,0.15982,0
3.73249,0.02926,0
2.58339,0.18364,0
1.7546,0.53911,0
3.6191,0.13186,0
2.08854,-0.60214,0
1.08993,0.98161,0
3.22393,0.44859,0
2.92545,0.28257,0
1.6224,0.08738,0
0.70372,-0.02371,0
2.14288,0.38867,0
1.39557,1.18044,0
1.76805,0.23375,0
4.14854,-1.21875,0
3.43789,0.33958,0
1.55896,0.86267,0
3.36036,-0.79317,0
4.45688,1.23125,0
4.28252,0.12303,0
4.39228,0.26922,0
2.6392,0.44316,0
3.26357,-1.0518,0
3.64804,-1.19249,0
3.00257,-0.79499,0
3.39745,0.22507,0
4.3056,0.3112,0
3.46812,-0.15446,0
4.42674,-0.77517,0
1.98374,-0.29893,0
1.1381,-0.00974,0
2.25196,0.99556,0
2.23064,0.79283,0
1.28283,0.20906,0
4.0896,1.00922,0
3.83386,-1.21126,0
2.53337,-1.12772,0
2.69467,-0.79148,0
1.68886,-0.57316,0
1.93844,1.24524,0
1.63733,0.82651,0
1.52876,-0.44886,0
4.1742,-0.70136,0
4.11247,-0.76213,0
3.54252,-0.41266,0
4.41371,-0.96011,0
3.46445,0.92137,0
0.65807,1.06762,0
1.86994,-0.19267,0
2.70044,0.99599,0
1.70242,-0.60109,0
1.50588,0.45721,0
4.46569,-0.36282,0
1.34189,0.67357,0
1.53885,0.02818,0
1.49825,0.04103,0
3.52741,0.13065,0
1.38989,-0.59147,0
0.60214,0.55279,0
3.67853,-0.8546,0
2.94539,-0.69763,0
3.88646,0.43485,0
2.81482,1.21794,0
1.79314,-0.6561,0
4.11498,1.0985,0
0.71288,-0.38277,0
2.32654,-1.17855,0
3.07134,1.14449,0
3.01809,-0.42252,0
1.25946,0.56415,0
2.86088,-0.00924,0
2.70178,1.15388,0
3.06032,1.24991,0
1.86214,-0.19055,0
3.34926,-0.90619,0
2.42948,0.93343,0
4.01492,-0.81301,0
3.42461,-0.78256,0
4.48171,0.42177,0
3.09516,1.19042,0
2.34485,0.62919,0
1.99519,-0.14761,0
0.66698,0.13669,0
3.45128,-0.09883,0
4.09997,-0.03547,0
0.94253,-0.06438,0
3.01801,0.07827,0
4.40487,0.45719,0
0.60387,-0.3518,0
0.89624,0.90201,0
1.92348,0.20657,0
2.94025,-0.82369,0
0.76207,0.67271,0
3.8987,0.5546,0
2.61928,0.90966,0
3.1893,-0.50764,0
1.78179,-0.62904,0
2.2803,-1.07639,0
4.35415,-0.47307,0
3.8581,0.75136,0
0.53916,-1.13333,0
4.36615,-1.15541,0
3.59126,0.09776,0
0.77349,0.17806,0
3.88568,-1.18295,0
1.39875,0.66332,0
2.82431,0.25747,0
3.78646,-1.23435,0
1.16762,-0.50171,0
2.80699,0.95863,0
2.01777,0.98307,0
3.22915,-0.10283,0
2.0427,1.01698,0
2.60588,0.44172,0
4.00433,1.14368,0
3.07614,-0.03116,0
1.70802,-1.01795,0
3.67403,0.88236,0
3.4216,0.01276,0
3.19235,-0.73416,0
2.76475,1.06473,0
1.1563,0.09688,0
2.07719,-0.29831,0
1.09717,0.34251,0
1.71271,1.21987,0
1.17895,1.07581,0
2.68459,0.8194,0
4.17186,-0.61743,0
1.12884,-0.7503,0
3.81709,-0.18472,0
2.26089,-0.07408,0
2.96782,-1.18806,0
2.36081,-0.80586,0
3.99512,0.34235,0
3.51751,0.30639,0
4.12563,-0.27246,0
3.96964,0.96415,0
3.73973,0.24347,0
0.78531,-1.18918,0
0.84564,0.19699,0
2.88457,-0.90527,0
3.63289,0.74225,0
4.44369,-0.11607,0
0.92128,-0.50289,0
2.82384,0.23752,0
1.63821,0.91672,0
1.50483,-0.30803,0
2.25677,-1.22314,0
3.55163,0.88471,0
1.60201,0.92135,0
4.27896,-1.11015,0
2.33324,-0.57436,0
2.36333,1.14207,0
2.76233,0.50395,0
0.52965,0.37033,0
1.87105,1.1547,0
2.38828,0.49391,0
1.81641,-1.0347,0
2.85993,0.85044,0
1.53083,0.36165,0
1.62248,0.66642,0
2.19982,-0.76427,0
2.42583,0.46482,0
2.42086,-0.4682,0
1.02951,0.09248,0
2.30102,-0.30455,0
2.4181,-0.23075,0
0.70566,0.92887,0
2.37873,-1.24979,0
0.90463,-1.14836,0
1.05515,0.89224,0
3.12223,-0.36132,0
3.74455,-0.50725,0
2.86258,-1.1556,0
4.20869,1.14605,0
2.30526,-1.22849,0
1.21206,0.52689,0
1.30465,1.18347,0
4.12082,-0.6099,0
4.17817,-0.753,0
3.65251,0.70546,0
3.76318,0.88496,0
1.39433,1.04655,0
0.93994,0.68376,0
0.91252,-0.75429,0
4.39656,0.07501,0
3.43339,0.56535,0
4.014,-0.46842,0
3.28649,0.49256,0
3.54187,0.07352,0
3.30869,-0.40028,0
1.74123,-0.08568,0
2.31515,-0.23377,0
0.58327,0.13523,0
3.49815,0.26606,0
3.67181,0.08423,0
3.57207,0.84307,0
1.10251,0.52929,0
4.1995,0.82537,0
1.53992,-0.77423,0
4.47291,0.17779,0
3.03593,0.88921,0
4.36856,-0.39463,0
1.26679,0.2495,0
2.79556,-0.78316,0
0.54578,-0.61693,0
3.82437,-1.17946,0
2.21817,-1.02752,0
1.48761,-0.43625,0
2.86639,-0.89574,0
0.65242,-0.60361,0
0.93701,-0.97784,0
2.69666,0.72425,0
3.08147,0.33618,0
0.98405,-0.57863,0
2.02094,0.53563,0
2.56083,-0.27608,0
0.5052,0.06187,0
3.68503,-0.75937,0
2.80817,-1.0851,0
4.34864,0.21679,0
1.0897,0.25045,0
2.61867,-1.1852,0
3.51537,0.78698,0
2.58987,-0.8371,0
1.92382,0.78449,0
2.90632,0.5988,0
2.31217,-0.42579,0
4.44874,0.01105,0
4.41499,-0.93096,0
2.37914,0.95491,0
4.02777,1.1121,0
2.40685,1.16609,0
3.02746,-0.17537,0
3.82795,0.91994,0
1.03668,0.69051,0
1.21861,0.08593,0
4.1736,0.12992,0
2.32641,0.87475,0
1.8957,-1.15405,0
3.27387,0.94004,0
1.58225,1.15202,0
0.95404,1.13121,0
1.72252,1.09767,0
3.32551,1.21866,0
1.14374,0.68762,0
2.94855,0.02955,0
2.45016,-0.53585,0
3.20009,-0.96673,0
3.40711,0.33548,0
3.47328,0.64974,0
3.99115,0.17937,0
0.93465,0.95413,0
3.47952,-0.3282,0
4.19545,1.2253,0
3.20303,-0.24877,0
1.77883,-0.06358,0
0.65855,0.97537,0
2.85649,-0.5494,0
3.06706,-1.18915,0
2.69393,0.0454,0
3.7603,-0.55719,0
1.71528,-0.60878,0
4.48662,0.19038,0
1.6241,0.22855,0
1.49375,0.36389,0
2.70553,-0.19765,0
2.76861,-0.50441,0
2.91839,0.74231,0
1.77981,-0.69863,0
2.99027,1.17052,0
0.64679,0.29461,0
2.59297,-0.53665,0
3.53364,-0.39652,0
0.94081,0.68203,0
1.06157,0.02013,0
1.03692,0.03366,0
4.42714,0.85684,0
4.3562,0.0424,0
0.57225,-0.67935,0
0.50729,0.72948,0
4.45776,0.95471,0
3.27342,0.62452,0
4.10909,-0.48605,0
4.07126,1.19735,0
4.30286,0.96999,0
1.96225,0.10295,0
1.78507,-0.30587,0
3.933,-0.98633,0
2.40503,-0.99012,0
3.26265,0.247,0
4.46799,1.24168,0
3.03733,0.83268,0
4.28662,-0.34983,0
1.89568,-0.97762,0
1.33639,0.26201,0
0.61911,-1.06458,0
2.69625,0.96389,0
4.04574,1.15528,0
3.48579,0.09974,0
2.97359,0.7882,0
3.52473,0.06381,0
1.59451,-0.65383,0
2.80883,0.80562,0
2.01666,-1.06742,0
2.77435,1.14813,0
0.67918,0.26417,0
1.83708,0.62136,0
4.01937,0.56015,0
0.72324,1.16136,0
2.41385,-1.1917,0
2.64448,0.27993,0
4.49436,-1.19021,0
0.96046,0.64815,0
2.14364,-0.21239,0
1.29947,-0.15406,0
2.29512,-0.86519,0
2.12576,-0.59344,0
0.9499,0.00804,0
1.85052,-0.37702,0
3.99457,0.61139,0
3.28688,-1.24594,0
1.96957,0.23686,0
0.92572,-0.19456,0
2.64834,-0.53234,0
1.27015,1.23894,0
3.6458,-0.86994,0
3.33055,-0.76164,0
3.02972,0.53492,0
2.64732,0.18183,0
2.38021,0.67077,0
3.1879,-1.13677,0
2.09638,-0.83815,0
2.97736,0.74357,0
3.3349,-1.18368,0
1.67639,0.05747,0
1.02205,0.48525,0
1.39452,0.68039,0
2.12595,-0.97498,0
2.39232,-0.35744,0
4.21519,0.15947,0
2.06224,0.80601,0
2.2064,1.22274,0
1.29026,1.02918,0
1.79845,-0.70691,0
1.93167,-0.78344,0
3.58567,-0.64347,0
0.6455,0.62909,0
4.052,1.1184,0
1.42215,0.47406,0
1.33929,1.02038,0
3.67646,0.98807,0
3.39004,0.65215,0
3.20058,0.77458,0
3.01265,-0.79851,0
3.75293,-1.09112,0
0.78142,0.29365,0
1.63819,0.03142,0
2.73692,-0.67348,0
2.90097,-1.19947,0
4.16922,-0.65638,0
3.09828,-0.14437,0
2.87258,0.01836,0
3.67236,-0.38283,0
1.58338,0.54996,0
2.80012,-1.15606,0
3.03881,-0.99739,0
3.90863,-1.03456,0
1.4331,-0.4186,0
1.40853,-0.09491,0
3.45966,0.95199,0
3.39907,-0.50968,0
1.13137,-0.31113,0
2.41351,1.18602,0
2.94262,-0.58978,0
3.0126,-0.64798,0
3.03648,-1.18002,0
2.61154,-1.17195,0
1.8041,-0.07506,0
1.989,0.07801,0
3.74521,0.18185,0
1.91834,-0.15006,0
3.7846,-0.11963,0
1.30759,0.25108,0
0.90222,-1.24421,0
2.5141,0.05508,0
2.501,-0.57337,0
3.38153,-0.68046,0
1.47906,0.65518,0
2.72283,-0.34241,0
4.28575,-0.33262,0
1.21296,-1.22297,0
1.97099,0.21924,0
3.28104,-1.2115,0
1.54405,0.20686,0
4.24038,1.02844,0
3.34318,-1.09927,0
3.5292,0.79894,0
3.98281,0.50456,0
3.88358,-0.80775,0
0.5769,-0.16367,0
4.00236,-0.10168,0
2.88557,-0.57479,0
3.42696,0.73341,0
0.69924,0.36228,0
2.26686,-1.04504,0
3.16958,0.26712,0
3.49802,-0.80077,0
3.69638,-0.60215,0
2.65192,-0.65011,0
1.4322,0.85089,0
3.71701,-1.13247,0
2.88726,-0.25396,0
0.76292,-0.55318,0
2.46629,-0.72201,0
4.24784,-0.84886,0
4.16965,0.92997,0
0.56736,1.14269,0
3.54152,-0.24882,0
1.99337,-0.13839,0
3.99367,0.06054,0
2.65943,-0.91436,0
0.83872,0.24768,0
3.7045,0.90803,0
2.07101,0.38961,0
3.39465,0.65418,0
1.32951,0.4867,0
4.19794,-0.74801,0
3.45352,-1.22866,0
4.25628,0.64244,0
1.57138,-0.46407,0
2.87269,0.02568,0
1.79831,0.61459,0
4.17947,0.03141,0
0.69239,0.56359,0
2.37057,0.10576,0
2.68666,-0.83866,0
3.43015,-0.21616,0
3.0068,0.43913,0
4.47915,0.29859,0
0.82236,0.51602,0
4.19183,-0.46364,0
2.83923,-1.16171,0
3.22575,0.24333,0
4.01759,0.92571,0
1.66107,-0.82585,0
1.29724,0.10143,0
2.82136,0.23697,0
2.96671,0.61958,0
1.11403,0.0132,0
1.81293,1.14153,0
1.94177,-0.81376,0
2.28293,0.89934,0
4.37777,1.21354,0
3.43683,0.85705,0
3.75436,-1.00953,0
2.88166,-1.1241,0
1.86636,-0.09439,0
3.07925,-0.41167,0
1.98724,0.15375,0
1.72514,0.47837,0
3.22853,0.12907,0
1.79752,-0.80665,0
3.41071,1.13809,0
3.4386,-0.86924,0
0.88338,0.70614,0
1.43576,-1.20631,0
1.93056,-0.98974,0
4.45011,-0.55349,0
1.46785,-1.07975,0
3.01039,0.75394,0
2.92978,-1.15308,0
1.64584,0.07498,0
1.68031,1.17102,0
3.26318,0.33593,0
1.75926,-0.79215,0
2.87419,0.37522,0
1.17213,-0.20741,0
0.93346,0.01908,0
2.56113,0.37302,0
3.32778,0.70895,0
1.63841,-0.84307,0
4.11173,-0.02113,0
2.63964,0.94119,0
3.09419,-0.72489,0
0.7326,0.43932,0
3.30897,-0.68141,0
2.93317,-0.91864,0
3.92746,0.24428,0
2.7354,-0.06499,0
2.57188,-0.80334,0
0.8614,-0.67388,0
4.39594,1.0465,0
3.81059,-0.48192,0
3.15328,-0.52358,0
4.15046,0.60084,0
2.51706,0.0222,0
3.54955,-0.6467,0
2.09505,-0.58001,0
0.63612,1.20208,0
1.34616,-0.80155,0
1.93457,-0.79764,0
1.03219,-0.94761,0
1.65301,0.84097,0
2.44635,-0.51229,0
1.41836,-0.84106,0
3.85875,-1.04099,0
3.93368,0.67978,0
3.78872,0.9688,0
1.58,-0.82041,0
1.13721,-0.71894,0
2.80997,1.15492,0
2.44159,0.95792,0
0.79104,0.50418,0
0.66143,0.51209,0
2.65167,0.72325,0
1.85601,0.88723,0
3.67997,0.80452,0
0.66488,-0.8579,0
2.75097,-0.1827,0
4.15455,-0.60886,0
1.36559,0.16323,0
3.15929,0.71904,0
1.27892,-1.09955,0
1.38274,0.4338,0
0.77249,0.41968,0
3.38757,-0.35153,0
3.75598,-1.16093,0
1.67566,-0.72856,0
2.16539,-0.5081,0
3.21264,-0.13928,0
1.18191,0.65114,0
1.07877,0.93273,0
3.57967,0.36273,0
3.79655,-0.14246,0
3.19753,0.60841,0
2.86791,0.10185,0
1.72212,-0.68834,0
2.57683,0.5175,0
1.83901,-0.76257,0
1.68373,-0.53578,0
2.69909,0.64817,0
2.31009,0.01821,0
3.60105,-0.24443,0
3.79106,-1.2084,0
1.65438,0.71146,0
1.79705,1.1349,0
0.58232,-0.58472,0
3.1139,0.40806,0
0.77032,-0.98657,0
0.56464,0.48671,0
1.94861,-1.19688,0
3.38698,0.13071,0
3.87635,-0.56935,0
3.58043,0.81848,0
3.9188,0.63062,0
1.72822,-1.20677,0
1.12409,0.97772,0
1.25804,-0.14058,0
1.86322,0.76798,0
1.01346,-1.03866,0
0.82618,-1.20117,0
0.55299,0.6451,0
1.60137,-0.44977,0
4.21137,0.03884,0
4.1961,0.74138,0
4.1077,0.91223,0
4.11508,-0.72894,0
2.15269,-1.12567,0
3.30154,0.8559,0
2.91997,0.09425,0
3.36517,-0.17366,0
1.07456,0.11148,0
1.89335,0.13905,0
3.16964,0.49712,0
1.84171,-1.20294,0
2.77259,-0.44529,0
2.87627,1.1773,0
0.94604,1.19295,0
1.66214,-0.92816,0
2.96242,-0.93863,0
2.62794,-0.04782,0
3.04121,0.64323,0
0.68038,-1.15502,0
1.55419,-0.82241,0
1.27359,-0.20436,0
3.59085,0.36305,0
0.62341,0.05582,0
2.32587,-0.35356,0
0.5935,0.68059,0
0.76472,0.63281,0
1.69413,0.78562,0
2.91339,-0.60115,0
3.98343,0.04484,0
0.80733,0.16535,0
0.94802,0.32271,0
4.11,-0.78404,0
3.35799,1.08166,0
2.55688,0.88801,0
1.70139,-0.65109,0
2.72667,-0.78741,0
0.80858,-0.65848,0
4.05007,0.4348,0
1.37736,-0.81544,0
1.38887,1.19746,0
1.7739,-1.01333,0
1.09467,0.58417,0
1.80581,1.14157,0
3.81046,0.98886,0
1.77466,1.04372,0
2.94789,-0.56619,0
3.88542,-0.5117,0
2.55039,-0.74093,0
3.24473,0.40464,0
2.58845,-0.0663,0
3.06064,-0.99934,0
0.78716,-0.65285,0
4.48573,-0.30276,0
4.05374,0.45076,0
4.28241,0.41782,0
2.21929,-0.01065,0
3.29933,-0.75606,0
3.11986,-0.79946,0
2.13908,-0.23808,0
1.7617,1.0046,0
4.13549,-0.79784,0
1.57093,-1.05722,0
1.33112,0.80408,0
0.6386,-0.21124,0
2.92435,-0.30916,0
2.71224,-0.93484,0
2.17158,-0.31318,0
4.21907,-1.18232,0
4.39988,0.12442,0
2.54283,0.38724,0
3.24326,-0.48254,0
3.8862,-0.86673,0
3.03541,0.74959,0
4.06288,-0.36215,0
2.61855,-0.85766,0
3.0232,0.74093,0
2.39663,-0.26536,0
3.53812,-0.06411,0
1.32561,-1.18037,0
1.09999,0.98723,0
2.79535,0.70758,0
1.1696,0.26343,0
4,-0.49613,0
4.20188,-0.61675,0
2.95054,-0.70757,0
1.55449,0.79229,0
4.06513,-0.91831,0
3.572,0.53275,0
2.62836,-0.13143,0
4.26894,-0.53491,0
1.28004,1.10804,0
4.1133,0.96935,0
0.88646,-0.79086,0
2.78407,0.47811,0
1.15394,-0.54784,0
3.7428,-0.8545,0
1.5935,-1.0902,0
2.11908,0.47182,0
3.28087,0.1563,0
4.06514,-0.28132,0
2.51868,-0.28073,0
3.72932,-0.79443,0
0.8891,0.98153,0
3.44564,0.11762,0
2.74268,-0.71767,0
3.21686,-0.55084,0
3.00764,0.06488,0
3.70175,0.16483,0
0.98021,0.64152,0
1.29744,-0.82393,0
2.73098,-0.66633,0
3.45796,-0.80241,0
2.05964,-0.15441,0
4.04351,0.11836,0
0.78273,-0.6792,0
3.84354,0.15522,0
0.52036,-0.62996,0
4.41213,1.00739,0
2.40692,-0.40287,0
4.00021,-1.07541,0
2.06925,0.73586,0
1.23318,0.8045,0
3.92997,-0.85611,0
3.82299,1.23731,0
4.40698,-0.83059,0
1.30084,-0.27551,0
0.93966,1.04474,0
0.52602,0.97612,0
3.07848,-0.36089,0
1.74269,0.80383,0
1.09421,0.23189,0
1.1145,-0.61034,0
0.67373,-0.48425,0
3.81351,-0.9976,0
2.78789,0.66013,0
1.91917,0.61891,0
1.81692,-0.50381,0
1.36119,-0.22478,0
3.70804,-0.74417,0
3.52563,-0.17044,0
1.81253,0.23159,0
2.1906,-0.35705,0
4.35305,-1.16412,0
2.67254,0.22942,0
2.99169,1.17607,0
1.15901,-0.77516,0
2.34178,-0.66072,0
2.62206,0.8074,0
1.24621,0.04542,0
1.0617,-0.03369,0
1.44391,-0.32567,0
3.41282,-0.22683,0
1.77651,-0.46718,0
1.68082,0.27343,0
0.72066,0.94548,0
2.62736,-0.77902,0
0.7331,-0.18504,0
3.22592,0.0112,0
0.97495,0.08602,0
1.87956,-0.6246,0
2.41326,-1.18726,0
4.29431,-0.65679,0
2.04286,-1.01902,0
0.83816,-0.30433,0
2.79044,-0.15002,0
0.99422,0.11133,0
2.47462,0.11565,0
3.61268,0.74313,0
1.66733,-0.54875,0
3.07772,-1.18175,0
1.54959,-0.77823,0
1.45955,0.59961,0
3.49795,-0.16367,0
2.26882,-0.74375,0
1.40408,0.9507,0
2.21818,-0.29508,0
2.4888,0.16166,0
4.01167,-1.19007,0
1.18332,-0.11437,0
2.63462,-0.23108,0
3.25729,-1.04403,0
4.23977,1.05589,0
1.86147,0.79899,0
0.87169,-0.9505,0
3.22251,0.36361,0
0.99019,1.0327,0
0.70185,-0.40155,0
3.33201,-0.57153,0
2.33618,0.28919,0
1.9375,0.13533,0
2.3904,0.27319,0
1.97207,-1.22913,0
0.62815,0.15833,0
1.21776,0.65438,0
4.29875,-0.74345,0
2.03551,-0.8463,0
3.54221,0.86734,0
4.14806,0.87706,0
0.54819,-1.16577,0
0.86313,-0.87755,0
1.41168,0.47885,0
3.46122,-0.14056,0
4.30942,0.37968,0
2.21828,1.0542,0
1.20483,0.83681,0
2.93956,-0.46252,0
3.75694,-0.64214,0
2.10249,0.41927,0
4.25218,-0.35293,0
2.883,-1.08363,0
3.33675,0.06045,0
3.60473,-0.46691,0
4.05636,-0.97226,0
2.8261,-0.6677,0
3.97017,-0.35502,0
3.41427,-0.40857,0
2.00293,1.16299,0
1.43255,0.65469,0
1.68588,-1.01847,0
4.05544,-0.14054,0
3.59568,0.6503,0
1.685,-0.34297,0
1.15749,1.05071,0
2.78306,0.79972,0
0.62644,1.10676,0
2.9451,0.85881,0
4.43604,-0.06022,0
2.93861,-0.03512,0
4.32291,-0.49595,0
2.35795,0.44613,0
1.70937,-0.4716,0
1.74953,-0.50852,0
2.94914,-0.60996,0
1.62548,-0.15867,0
3.27241,-0.43009,0
2.41106,-0.50652,0
3.56696,-1.20891,0
1.13291,1.13519,0
2.29246,0.92403,0
4.24127,1.10142,0
2.12107,-1.18162,0
2.25977,-0.00839,0
3.41114,-0.27059,0
1.17514,-0.7173,0
1.15883,-0.37602,0
1.0989,1.11869,0
2.69395,-0.04703,0
3.40569,1.07239,0
1.84543,0.46868,0
1.7704,0.63013,0
1.70029,-0.42999,0
1.37548,-1.09692,0
1.09995,-0.20981,0
3.59374,-0.97524,0
1.82212,-0.35547,0
0.7223,-1.08764,0
1.35199,-0.23893,0
4.14548,-0.05959,0
2.10797,-1.09299,0
0.54382,-0.39406,0
1.87661,0.82321,0
0.7946,-0.38448,0
4.21561,-0.98584,0
4.34341,1.01754,0
0.8356,-0.36898,0
2.40296,0.13764,0
1.30178,-0.47223,0
3.98541,0.2228,0
0.98668,-0.0991,0
1.02209,1.03328,0
1.62367,-0.46525,0
2.87066,-0.21143,0
3.79062,-0.56536,0
3.99912,0.17761,0
2.89939,-0.09171,0
0.79321,-0.96771,0
4.49137,-0.84648,0
1.94452,1.21395,0
0.89821,-0.33574,0
1.21659,1.14012,0
3.74406,-0.11558,0
3.69344,-1.02967,0
3.28698,0.33626,0
1.91975,-0.6473,0
3.0162,-0.96339,0
3.90297,-0.22889,0
1.37485,0.86288,0
1.56916,0.39647,0
0.92546,-0.43165,0
3.31986,-0.22913,0
0.89631,-0.26574,0
1.13079,1.01879,0
3.03596,-0.25474,0
3.80254,-0.37465,0
4.18288,0.22519,0
3.86045,-0.20422,0
2.67172,-0.18496,0
0.57854,-0.27309,0
0.73691,0.07248,0
0.87478,0.74235,0
4.03143,-0.82975,0
2.02979,-1.21435,0
3.32022,-1.22885,0
3.84254,-0.86921,0
3.27201,-1.15319,0
4.2994,-0.64101,0
3.24529,1.19863,0
3.36732,0.0959,0
1.46044,-0.2081,0
3.31539,-1.13341,0
1.9905,0.68389,0
1.06606,0.5736,0
3.80548,0.13923,0
2.49942,0.29034,0
0.50424,-0.09751,0
0.88997,1.23946,0
1.62537,-0.72116,0
3.99118,-1.05065,0
1.98989,0.90597,0
0.73391,0.7241,0
1.56831,0.75974,0
1.11005,-0.71628,0
3.56156,-0.565,0
4.22441,-0.72779,0
4.30734,1.07378,0
0.83484,-0.0378,0
1.26149,0.3481,0
3.60745,1.10189,0
4.0586,-0.71223,0
1.1497,0.15438,0
2.94681,0.29812,0
3.29988,0.10831,0
1.66475,1.01289,0
4.19091,-0.63312,0
4.27112,0.57926,0
1.15333,-0.1862,0
0.99669,-1.0153,0
3.55487,-0.14651,0
2.71571,0.45652,0
0.99091,-0.33312,0
1.37744,1.19984,0
3.86601,-0.66959,0
3.70807,-0.7746,0
0.64756,0.98356,0
3.53629,-0.5145,0
1.82742,-0.11954,0
1.28997,0.42441,0
0.70676,1.10862,0
1.68443,-0.16673,0
1.5342,0.27178,0
3.87676,-0.70789,0
4.10433,1.18805,0
1.58291,0.22344,0
3.0429,-1.13875,0
3.4814,0.53442,0
2.71814,-0.49712,0
3.60238,-0.19213,0
2.64413,0.72544,0
2.15883,-0.16502,0
3.37065,1.09264,0
3.99601,-0.18773,0
3.43928,-0.51598,0
1.57564,0.45274,0
2.76079,0.61236,0
3.4894,-0.44363,0
4.3932,0.96234,0
3.83983,0.47174,0
1.26564,-0.11488,0
3.25755,0.30797,0
3.20586,0.44501,0
1.60932,1.08205,0
2.82476,-1.16733,0
2.31338,-0.2418,0
0.86035,-0.08504,0
1.76295,0.067,0
1.67291,-0.34333,0
1.85284,0.90435,0
3.11392,-0.98231,0
2.758,0.61589,0
3.03163,1.11887,0
1.86508,-0.30584,0
3.79762,-1.13061,0
1.13325,-0.11263,0
3.37823,0.91003,0
3.73481,-0.40953,0
2.73168,-0.73929,0
1.79554,-0.66429,0
3.80532,-1.14428,0
2.21969,-0.64063,0
1.65016,-0.63504,0
2.47159,0.34355,0
0.62195,-0.82592,0
4.45759,0.0711,0
3.86304,0.35853,0
3.06956,0.94402,0
1.48219,-1.15783,0
2.78316,-0.72694,0
2.63568,0.13814,0
0.5538,-0.70045,0
3.16405,1.02813,0
3.6687,-0.3007,0
1.64018,1.22529,0
4.43594,0.76459,0
3.76112,-0.74299,0
3.07228,0.89141,0
2.11628,0.9514,0
1.9123,0.84051,0
2.39419,-0.09778,0
2.70878,0.04572,0
1.83874,0.10239,0
3.83983,0.3272,0
3.22318,0.50997,0
1.93853,0.93149,0
2.85786,-0.51081,0
0.78098,0.13136,0
4.19094,-1.07551,0
2.72635,0.25416,0
1.36244,0.16897,0
1.05433,-0.40024,0
2.39414,1.17627,0
2.20219,-0.90715,0
3.06045,-0.48149,0
1.98568,-0.86817,0
1.13678,-0.49113,0
1.62486,-0.47939,0
1.76895,-0.8287,0
1.06071,-0.03463,0
2.1914,-0.77675,0
3.98103,0.2898,0
3.59624,0.96277,0
3.69527,1.04419,0
3.10871,-0.09247,0
2.77671,0.28068,0
1.11658,0.24394,0
2.46374,0.63319,0
1.02669,0.70523,0
3.41352,-0.49343,0
2.7967,-1.05989,0
1.70087,-0.49853,0
3.43837,0.51297,0
1.58713,-0.46339,0
1.31953,0.07028,0
4.07028,0.46217,0
0.7912,-0.1163,0
1.77629,-1.1236,0
3.84855,0.38628,0
1.83678,-0.18268,0
2.45959,-0.74608,0
0.93303,0.58396,0
2.504,-1.12206,0
4.05439,-0.94015,0
3.3639,-0.2513,0
2.22429,0.71784,0
3.58808,0.04771,0
2.31938,-0.7465,0
3.3862,-1.07033,0
1.94512,-0.59524,0
1.18169,-0.96638,0
1.6006,-0.28084,0
1.90212,-1.12919,0
2.53466,-0.30446,0
1.58497,-1.14246,0
2.45224,-0.44347,0
1.29503,1.04064,0
4.02458,0.81807,0
4.08079,-0.55698,0
4.3344,0.01175,0
1.17734,-0.67062,0
4.29682,-0.8612,0
0.83379,0.23748,0
1.939,0.01091,0
3.67977,0.11574,0
3.77527,-0.57538,0
3.89044,-0.72786,0
3.4059,-0.23045,0
2.91086,-1.07383,0
4.39483,0.58823,0
2.83451,-0.32075,0
1.32643,0.82406,0
1.94535,0.90982,0
3.06438,0.8678,0
2.84846,-1.08876,0
2.37636,-0.1485,0
2.84546,-1.00134,0
2.19807,-0.7973,0
1.0881,0.10113,0
2.23662,0.68282,0
4.44622,-0.6849,0
3.02554,-0.01993,0
4.38358,0.25361,0
4.24448,-1.01811,0
2.07307,-0.28454,0
1.81032,-1.17469,0
4.08351,0.60015,0
1.85442,0.75955,0
0.50761,1.02765,0
2.03739,-0.60833,0
1.57709,-0.801,0
0.67737,0.63816,0
3.25613,-1.12405,0
3.79056,0.12242,0
1.47517,0.25385,0
1.0485,0.173,0
1.3296,-0.66888,0
1.88276,0.53551,0
2.15283,-0.58927,0
2.52493,0.2015,0
4.11967,0.95658,0
1.80085,0.14261,0
2.07546,0.92519,0
2.72971,0.3883,0
3.63366,1.11049,0
2.82809,-0.03039,0
3.43951,-1.20646,0
0.74182,0.55739,0
2.78174,0.89636,0
4.13496,-0.14623,0
1.19708,0.26518,0
1.58221,-0.23277,0
4.22816,0.14788,0
1.97286,-0.23331,0
3.54708,1.0865,0
0.87824,0.12877,0
1.07934,0.20115,0
0.54354,-0.85154,0
3.35489,-0.35373,0
1.37601,-0.653,0
3.48054,0.19685,0
0.66877,1.17075,0
4.37028,-1.02739,0
2.59268,-0.75887,0
0.68624,-0.73273,0
2.01284,-0.32473,0
2.07777,0.03342,0
0.70465,-0.60023,0
3.28383,0.73686,0
2.4999,-0.54691,0
2.2447,-0.35153,0
3.89263,0.61136,0
2.36026,-0.35243,0
1.56762,1.0642,0
2.86462,-1.1688,0
3.90134,-0.99393,0
1.28129,0.20695,0
2.85415,1.12448,0
2.92937,0.91637,0
4.13967,-1.00548,0
3.47097,0.22042,0
3.30383,-0.16649,0
0.85252,-0.24039,0
1.27387,-0.62092,0
3.70777,-0.8464,0
2.98731,0.9664,0
3.62955,0.9318,0
0.75305,0.20321,0
2.70911,-0.0027,0
3.17508,-0.01987,0
2.97448,0.44001,0
2.54373,-0.75103,0
2.9728,0.04024,0
2.06849,-0.0357,0
2.35513,0.8517,0
1.10899,0.02949,0
1.15387,0.89446,0
2.7328,-1.19541,0
3.89594,0.45426,0
1.40532,-0.95954,0
3.90536,0.88427,0
2.63262,0.60457,0
1.38438,0.20604,0
0.86294,-0.01836,0
4.4878,-0.25816,0
4.47115,-0.74503,0
3.15255,-0.25232,0
0.81912,0.42468,0
1.56597,-0.43271,0
1.97969,0.84872,0
2.64785,0.62028,0
4.37309,-0.99162,0
2.93618,-0.18044,0
3.06507,-0.17911,0
4.42127,-1.20974,0
1.49647,-0.62117,0
3.6673,-0.16688,0
1.10266,0.94941,0
3.39036,-0.17941,0
2.5405,-0.84801,0
1.82276,0.8697,0
2.15343,-1.02806,0
1.70339,-0.12029,0
3.16185,0.37698,0
1.169,-0.47543,0
3.20479,-0.81261,0
3.42434,0.77096,0
4.44652,0.20925,0
4.31274,-0.70056,0
1.61883,-1.07637,0
3.82482,-1.16322,0
1.48452,0.01567,0
4.47446,0.26028,0
1.65359,1.12141,0
0.97174,0.20253,0
2.32624,1.12884,0
0.85872,-0.56387,0
3.40989,-1.10601,0
1.4551,-0.40669,0
2.29463,-0.77765,0
3.05164,-0.35976,0
2.98957,0.08491,0
4.04396,0.43989,0
0.90541,-0.86957,0
2.08315,-1.21539,0
3.36084,0.42857,0
3.49382,-1.16066,0
1.37445,0.61193,0
0.55148,-0.21523,0
3.22905,-0.44646,0
4.26614,-0.63516,0
2.96133,0.84491,0
1.76814,-1.1516,0
0.87611,1.24419,0
3.47041,-0.05717,0
1.25876,-0.52262,0
2.78622,1.23631,0
2.66709,1.23543,0
2.99664,1.0649,0
2.45997,0.39556,0
3.05579,-0.66359,0
2.64415,-0.229,0
2.07745,1.15699,0
2.11396,0.41077,0
2.18942,0.76289,0
4.21778,-0.14895,0
1.23119,1.22229,0
2.47086,-0.49809,0
4.00093,-1.09282,0
3.22362,-0.58418,0
4.31854,-1.06341,0
1.17735,-0.13073,0
3.12137,0.58167,0
1.48805,0.06666,0
0.95617,-0.58807,0
3.95533,0.97506,0
3.68206,-0.21217,0
0.94563,0.98145,0
2.16033,-0.01754,0
3.06231,0.61235,0
1.17697,1.24128,0
4.17973,-0.24951,0
4.15822,-0.05781,0
4.04628,0.07172,0
4.0299,-0.33714,0
1.03846,0.76997,0
1.5528,-1.00199,0
4.18968,-1.23145,0
1.69007,0.23327,0
2.8001,-0.09921,0
4.26755,-0.40419,0
0.57037,-0.37498,0
1.94965,0.6908,0
3.20467,0.52197,0
2.20385,-0.04073,0
2.75351,-0.76245,0
4.19002,0.93578,0
2.45914,0.64301,0
3.91398,-0.26051,0
4.02324,-0.75331,0
3.15843,-1.15833,0
2.29013,0.63514,0
2.22484,0.70146,0
2.91409,0.68924,0
1.69929,0.1606,0
0.76386,-0.06622,0
4.02005,-0.7568,0
2.30772,-0.49051,0
2.38161,-0.7762,0
1.39021,0.52029,0
2.64112,0.55666,0
3.59119,0.07462,0
2.3933,1.22473,0
1.65016,-0.91542,0
3.92054,-0.64731,0
1.30786,0.60855,0
3.25889,-0.58282,0
2.23249,0.16635,0
2.57126,-0.2091,0
2.37411,0.61288,0
3.25395,-0.00181,0
3.59713,-1.02355,0
3.27596,-0.1117,0
3.15632,-0.53846,0
3.80337,0.72119,0
1.83902,-0.12783,0
3.81352,0.14736,0
3.84318,0.44882,0
2.63246,-0.96876,0
4.4102,0.93439,0
3.72453,0.29168,0
3.49039,-1.12509,0
4.36982,0.4505,0
1.69687,1.0368,0
3.50504,0.04262,0
3.0188,0.96488,0
1.93779,-0.03152,0
0.62664,0.55129,0
3.9326,-0.78937,0
4.29078,1.22864,0
3.17618,-0.7828,0
1.67006,0.65602,0
4.37844,0.17771,0
1.52692,0.76306,0
2.79786,-0.48188,0
1.41409,1.04117,0
1.44612,-0.2932,0
3.99715,-0.40007,0
0.94836,0.00843,0
3.13214,-0.58599,0
3.89977,0.10816,0
2.40986,-1.14023,0
1.47774,-0.97492,0
1.26992,-0.35219,0
2.31111,-1.19452,0
1.60392,0.40657,0
3.25072,1.19314,0
3.82484,0.17613,0
1.00718,0.54278,0
0.98801,0.74364,0
1.29575,0.81944,0
3.14188,0.39478,0
1.46612,-0.45331,0
1.45637,0.10101,0
3.51037,1.06299,0
1.36997,1.15707,0
4.43472,-0.26004,0
4.13857,-0.57738,0
0.69096,0.74851,0
4.30636,-1.12075,0
1.28169,-1.22862,0
3.97235,0.6104,0
2.07338,0.52878,0
4.29378,1.2159,0
0.83424,0.44817,0
2.47828,-0.68516,0
2.23495,1.10861,0
1.81399,-0.30553,0
3.50365,-0.90959,0
2.50864,0.35669,0
3.83275,0.62983,0
3.06983,0.82058,0
2.61408,1.10319,0
0.713,-1.03151,0
2.089,0.40494,0
2.32455,-0.7566,0
0.50841,-1.12795,0
1.21785,-0.95739,0
3.53454,0.68416,0
1.81024,-0.33492,0
1.95228,0.39379,0
3.47593,-0.92301,0
2.93251,-0.5078,0
4.04426,-1.00184,0
4.44007,-0.03185,0
1.67314,-0.14432,0
4.36557,-0.28723,0
0.54606,-1.13333,0
3.43868,0.22736,0
2.17673,-0.49819,0
3.99334,0.16367,0
2.35791,-1.21731,0
3.59672,0.01788,0
0.6532,0.142,0
2.45935,0.8036,0
1.11396,1.03307,0
2.38754,-0.27117,0
4.0293,0.6094,0
1.18471,1.23945,0
1.03824,1.19216,0
4.47003,0.57869,0
2.16778,0.27951,0
3.21237,-0.59488,0
3.83372,0.51296,0
3.38349,0.27147,0
3.02742,0.97109,0
2.21543,-1.11079,0
4.03056,-0.34144,0
2.88096,1.02465,0
3.31555,-0.55762,0
3.98729,-0.71423,0
0.84164,0.77006,0
1.11627,-0.25295,0
1.27787,0.24841,0
3.38102,-0.37727,0
3.50397,-0.33344,0
3.79765,1.09026,0
0.52379,0.82337,0
3.18077,-0.23604,0
2.18033,-0.87927,0
4.06987,-1.1468,0
0.81736,1.21422,0
3.94786,-1.24846,0
4.13344,0.06125,0
3.63371,-0.92027,0
2.66478,0.28466,0
1.97767,-0.74216,0
4.36803,1.21022,0
2.79349,-0.55164,0
3.34918,0.51062,0
1.80932,-0.28465,0
2.21638,0.16471,0
2.13001,-1.09897,0
2.81886,-1.06001,0
1.06276,-1.23293,0
0.61371,0.65143,0
2.2694,0.15438,0
1.08322,0.58251,0
2.15406,-0.81974,0
2.1036,-0.47195,0
4.23903,-0.1986,0
3.91115,0.45689,0
3.5845,-0.87401,0
2.80899,1.03451,0
0.89287,-1.24291,0
2.90211,0.20686,0
4.09496,-1.15189,0
2.91008,-0.9794,0
4.28602,0.52227,0
1.22337,-1.16034,0
3.28615,-0.16719,0
2.70842,1.07337,0
0.92515,-0.63743,0
3.35407,-1.17686,0
2.17972,-0.41401,0
3.64308,0.80611,0
4.39616,0.33197,0
3.53335,1.12487,0
2.056,-1.00406,0
1.64517,0.21206,0
2.6332,0.93573,0
1.50575,0.54138,0
0.75103,0.38574,0
2.7491,-0.55789,0
3.81271,0.10173,0
2.89183,-0.79558,0
0.50234,-0.72947,0
2.2464,0.47367,0
1.43771,-0.80898,0
3.42043,1.15793,0
0.85543,0.77669,0
3.57836,-0.30353,0
0.78937,1.21998,0
1.13746,-0.00194,0
1.19412,0.67103,0
0.91927,-0.69587,0
0.92483,-0.55996,0
4.38477,0.49068,0
1.49581,0.92705,0
3.97431,-0.05271,0
3.46976,-0.45077,0
1.32264,-0.03493,0
0.69755,-1.04152,0
3.94463,0.53602,0
2.40645,-0.38384,0
1.06038,0.72617,0
3.76733,-0.13533,0
4.20932,-0.38393,0
4.3386,0.32613,0
4.27387,0.68088,0
2.00023,0.37073,0
1.66018,-1.22571,0
1.84688,0.36252,0
1.40982,-1.20049,0
2.66288,-0.31188,0
3.52966,-0.76712,0
0.94664,-0.50426,0
0.68702,0.10813,0
4.25298,-1.02391,0
1.10834,0.31709,0
2.86387,-0.8426,0
2.05185,-1.1456,0
0.55233,-0.3248,0
3.51725,0.1729,0
2.93011,1.10686,0
1.23804,0.20135,0
3.08105,-0.9774,0
0.59992,-0.09318,0
4.46671,0.32007,0
2.66296,-0.97009,0
2.52031,0.49099,0
2.13412,0.5787,0
0.60397,0.57766,0
1.37418,-0.86299,0
1.16765,0.99322,0
4.32263,-1.16202,0
4.44266,0.53903,0
3.30127,-0.94957,0
4.09139,-1.04586,0
3.65661,1.14375,0
4.14729,-1.0735,0
2.65044,0.45333,0
1.85437,-0.51624,0
2.46159,-0.94665,0
1.14972,0.96747,0
2.33427,0.46285,0
1.11493,0.55995,0
1.53257,1.14564,0
2.87876,-0.96218,0
3.37139,-1.00548,0
3.28743,0.79922,0
1.68229,-1.12201,0
1.92843,-0.59146,0
4.24076,0.41487,0
4.26332,-0.02497,0
2.45068,-0.53836,0
1.02862,0.63911,0
2.53837,-1.18364,0
1.95271,0.55271,0
1.64187,-0.56515,0
3.31172,-0.40019,0
3.57742,1.03172,0
2.44062,-0.71193,0
3.05631,-0.26494,0
0.74236,-0.30337,0
0.81329,-0.67844,0
2.15451,0.12681,0
3.56744,0.40549,0
1.5548,0.06285,0
0.89606,0.179,0
3.5783,0.16232,0
3.94297,-1.17096,0
3.28447,0.92454,0
4.44636,-1.06111,0
0.89664,-0.52003,0
2.68301,-0.81702,0
1.96135,-0.12191,0
2.46847,0.49782,0
1.97296,0.44518,0
3.59699,-0.76806,0
2.727,-0.86726,0
4.29397,0.3547,0
3.36107,-0.95264,0
3.65287,-0.69886,0
1.12315,0.55425,0
4.48816,-1.21778,0
0.52156,0.79503,0
1.64262,0.94224,0
4.33369,-1.06694,0
2.45978,-0.41005,0
2.14834,0.43815,0
0.99542,-0.0037,0
2.84773,0.66667,0
2.54525,-1.16184,0
3.32458,0.4363,0
1.5052,-0.18403,0
4.40451,0.69059,0
3.01042,0.25427,0
3.93377,0.73654,0
0.863,-0.32864,0
1.71695,-0.61609,0
1.6595,0.84596,0
0.63553,0.37618,0
3.50082,-0.01871,0
3.58114,-0.5335,0
3.94081,0.28415,0
1.89801,0.77001,0
0.60124,0.82899,0
4.00799,-0.35577,0
1.87428,-0.09236,0
4.04049,-0.14406,0
1.40081,0.75658,0
1.12429,0.61712,0
0.58033,0.48681,0
2.03857,0.33527,0
2.31317,-0.023,0
2.42744,0.49582,0
1.11197,0.89713,0
4.41917,1.11656,0
2.8123,-1.02253,0
2.76112,-0.70957,0
2.54218,-0.41763,0
1.98833,0.70123,0
2.69329,-0.72845,0
2.4535,-0.80802,0
1.72531,1.05016,0
3.96591,0.39172,0
4.11972,-1.07416,0
0.76076,0.34312,0
1.32382,0.12418,0
2.88022,0.63058,0
3.45562,-0.48675,0
4.05622,-0.83251,0
4.14371,0.63283,0
3.64346,-1.09883,0
3.10035,0.83786,0
1.02751,-1.22263,0
2.99599,-0.12241,0
2.9114,-0.46799,0
1.23633,-0.30743,0
0.86046,0.37819,0
1.5955,-0.98229,0
4.10613,-0.82661,0
1.63378,0.78257,0
1.74594,-0.17764,0
4.20471,-0.63975,0
1.08612,0.25815,0
1.14004,1.12379,0
3.33152,-0.68579,0
4.00265,-0.12958,0
0.8511,0.87388,0
1.6396,-0.05656,0
1.25694,-0.08617,0
3.63006,0.8409,0
3.58839,0.12468,0
3.9555,0.71277,0
1.15354,0.58325,0
4.27944,-0.39765,0
3.15944,-0.86574,0
1.16265,-0.21194,0
0.79078,0.51699,0
3.19585,0.66216,0
0.89416,0.89455,0
1.71492,-0.00952,0
2.94844,0.55968,0
3.26949,0.73091,0
2.76052,-0.73244,0
3.33059,-0.24014,0
0.70284,-0.29829,0
4.08855,1.10905,0
1.81986,-0.05901,0
1.0634,0.7167,0
3.11912,1.12354,0
4.02511,0.42411,0
2.40162,0.75543,0
2.40516,-0.24252,0
1.3104,0.38678,0
2.07411,0.77917,0
2.4678,0.46966,0
2.57327,-0.74687,0
1.74678,-0.1937,0
2.4239,0.75568,0
1.57936,-0.30952,0
3.01321,-0.51301,0
1.77594,-1.09044,0
3.22644,-0.35237,0
1.52574,-1.03568,0
2.80388,-0.12093,0
3.04955,0.16459,0
2.59307,0.13446,0
0.61082,-0.33125,0
0.8548,0.52817,0
0.94969,-0.7077,0
3.56194,-0.96974,0
3.55753,0.63884,0
2.06133,-1.12528,0
1.44046,0.42227,0
3.81161,-0.04732,0
3.35789,-0.36375,0
0.58135,0.23922,0
2.8386,1.00984,0
2.68583,-0.17792,0
2.23295,0.26682,0
2.33016,1.05023,0
0.93269,0.38372,0
2.33861,-0.07838,0
0.83711,1.17361,0
0.87517,-0.36413,0
1.16177,-1.17181,0
2.00976,1.05112,0
2.68535,-0.47999,0
2.90444,0.48094,0
4.07285,-1.1798,0
2.26048,0.15349,0
0.58644,-0.34872,0
1.75608,1.12093,0
2.81435,-0.86793,0
1.80855,0.85663,0
2.95232,0.98676,0
1.87983,0.65596,0
1.77791,0.24083,0
1.20158,-0.6511,0
0.79986,-0.31466,0
2.38778,1.1408,0
2.36059,1.02393,0
3.71858,0.19582,0
0.80669,0.56305,0
3.32248,0.79547,0
0.91239,0.05033,0
0.7812,-0.84854,0
3.16997,1.1476,0
3.30821,0.46468,0
1.13346,1.22669,0
2.47522,1.14352,0
4.25707,1.0575,0
3.47577,-0.79656,0
3.84611,-1.18971,0
2.20381,-0.61022,0
3.09993,-0.16452,0
3.31369,-0.96093,0
4.33388,0.95616,0
3.01221,0.48717,0
1.8306,0.82923,0
1.42667,-0.22087,0
3.16507,-0.20221,0
1.01886,1.11425,0
1.44868,1.19714,0
0.98187,-1.2228,0
1.07936,-0.72748,0
1.70249,0.10777,0
3.57624,1.02921,0
0.96751,-1.14199,0
3.71105,-0.04018,0
0.63464,0.96928,0
4.36366,-1.23314,0
3.7471,0.207,0
0.86253,-0.14755,0
2.4292,-0.13321,0
1.43336,0.56767,0
3.78221,-0.92939,0
4.27649,1.06134,0
4.32838,1.07272,0
0.50812,0.73506,0
2.695,-0.48597,0
4.37819,-0.42363,0
2.37663,0.27243,0
0.74913,-1.0866,0
0.99732,-0.23911,0
2.51988,0.04861,0
2.51401,-0.78378,0
0.78757,0.60652,0
0.72163,-0.87034,0
4.0193,-0.9996,0
2.61078,-1.11645,0
3.2915,0.38032,0
3.2803,-0.20156,0
4.32222,0.90328,0
1.19809,0.2537,0
4.47045,0.07909,0
1.02934,-0.11409,0
3.96583,-1.06611,0
1.32791,0.22821,0
1.23098,-0.49564,0
3.16961,0.37017,0
2.10377,0.12075,0
1.15793,-0.53112,0
2.99073,-1.09912,0
4.02039,-0.74834,0
1.307,-0.1192,0
0.94353,-1.03417,0
4.12226,-0.76425,0
2.07398,1.15337,0
4.24639,0.97126,0
3.81693,-0.65562,0
1.80794,0.46091,0
3.7898,-1.22902,0
2.88813,0.75802,0
0.63876,1.12817,0
3.71795,0.02197,0
3.38298,0.87348,0
2.02067,0.49995,0
3.3502,-0.4224,0
2.55161,0.48979,0
3.00378,-0.13342,0
3.77213,-0.88363,0
1.78934,-0.07392,0
0.58118,1.01399,0
0.5823,0.73288,0
2.85135,0.32313,0
0.66745,-0.90401,0
1.9366,0.61725,0
2.99165,-0.27526,0
2.06813,0.35492,0
1.92301,-1.16638,0
2.29564,-1.02551,0
1.31392,0.3421,0
0.87602,-0.78714,0
0.67653,0.72336,0
3.24319,0.12892,0
3.0938,-0.81798,0
2.44296,-0.12312,0
2.55208,-0.75257,0
1.94791,1.12259,0
1.91903,0.13097,0
3.6479,0.30202,0
2.00223,-1.20297,0
1.91022,0.55981,0
4.37878,1.20855,0
2.83078,-1.10954,0
2.94136,-0.36525,0
0.6912,0.96714,0
1.78767,0.87726,0
2.31604,0.69036,0
2.07139,-0.27904,0
2.0676,-0.36247,0
2.97038,-0.95971,0
3.10585,-0.09766,0
4.29063,0.56904,0
3.66503,-1.08031,0
2.35136,1.01058,0
4.37754,-0.90138,0
1.69246,-0.82519,0
2.22484,-0.78805,0
1.39909,0.27568,0
1.26676,1.15203,0
3.6967,-0.8698,0
3.4142,1.24474,0
3.25412,-0.96692,0
0.59198,-1.1725,0
2.77486,0.48032,0
4.24019,-0.70263,0
1.49864,1.01374,0
4.36419,-1.2374,0
0.80931,-0.116,0
1.4574,0.70373,0
0.82792,0.71681,0
1.82941,-0.97519,0
2.13023,0.26816,0
2.45702,1.22759,0
3.34361,0.86745,0
2.77477,-1.08383,0
1.13451,-0.95966,0
2.26358,0.04361,0
3.84756,-1.19609,0
1.1289,-0.99197,0
1.30085,0.46582,0
1.63793,0.42698,0
0.53166,0.30329,0
0.66066,-0.49791,0
3.47866,1.10428,0
0.56386,0.15541,0
2.12941,-0.40713,0
1.92586,-0.63973,0
2.50582,0.25155,0
2.50976,0.66526,0
1.7474,-0.1989,0
3.86415,1.06455,0
2.49837,0.58389,0
0.64755,-0.55398,0
3.08162,-0.71251,0
4.00836,1.04157,0
1.71131,-0.40293,0
3.38518,0.64684,0
2.17892,-0.53135,0
4.11641,0.84259,0
0.53509,-0.89678,0
3.79502,0.85918,0
3.96755,0.40655,0
1.82282,0.77991,0
2.20328,0.84436,0
2.15898,0.68273,0
2.67432,0.30425,0
3.93143,-1.05192,0
4.07021,-0.15222,0
2.3361,0.11086,0
2.65317,-0.80943,0
3.3377,-0.8316,0
1.84245,1.05974,0
3.94314,0.38629,0
4.24745,0.82191,0
2.47528,0.73656,0
1.27461,0.39609,0
2.76063,0.37908,0
2.80631,-0.9732,0
2.44218,-0.57834,0
0.80944,0.20748,0
4.29843,1.02974,0
1.96,-0.48444,0
3.41735,0.95227,0
3.10355,0.15095,0
2.39948,-1.07545,0
1.79833,-0.69161,0
1.47491,-0.09366,0
2.94697,1.13057,0
2.85143,0.14971,0
2.31317,-0.63897,0
1.29425,0.47863,0
3.68816,0.2594,0
4.43998,-0.24134,0
2.99308,0.64103,0
3.62133,0.38879,0
1.21204,0.9243,0
3.26595,-0.97204,0
2.42273,-1.14212,0
1.45894,-0.33883,0
4.48248,0.20752,0
1.24018,0.45972,0
1.15079,-0.55139,0
2.1938,0.86363,0
3.49765,1.17018,0
1.9673,-1.10302,0
4.32807,-0.42681,0
3.08389,-0.16871,0
2.91568,-0.45603,0
4.08075,0.69236,0
4.33513,0.08786,0
4.12736,0.05425,0
0.98995,-0.7935,0
1.53835,0.49208,0
3.56372,0.76041,0
3.48762,1.12561,0
4.13044,0.9491,0
1.58017,0.44435,0
0.73778,-1.02932,0
3.86269,-1.18665,0
0.82526,0.6941,0
2.41955,-0.45902,0
1.75026,-0.89853,0
1.23094,0.72699,0
1.09132,-1.1867,0
0.86812,0.09242,0
4.2074,0.5416,0
0.75628,0.4344,0
0.67538,-0.79053,0
0.81701,-0.24303,0
2.66026,-0.22063,0
4.25373,0.57273,0
1.83306,-0.99981,0
2.16918,0.69804,0
3.09804,1.03318,0
2.99871,0.01909,0
4.29346,0.60282,0
4.34684,-0.8114,0
3.30526,0.41323,0
2.03951,0.29831,0
2.47277,-0.89931,0
0.65147,1.02009,0
0.79871,0.35458,0
2.44286,0.36222,0
2.71754,0.60836,0
4.39145,-0.92967,0
3.61715,0.79719,0
1.58436,0.73202,0
3.92625,-0.73506,0
3.63333,0.89556,0
2.59609,-0.50357,0
3.77062,1.08712,0
3.31371,-0.47238,0
3.10571,0.26501,0
1.87801,0.03407,0
1.56487,0.46033,0
1.94383,0.73341,0
3.41909,-0.42808,0
4.25664,-0.74621,0
0.7802,-0.44684,0
2.12948,1.22168,0
2.84102,-0.64448,0
2.00711,0.46546,0
0.87557,-0.94879,0
1.51526,-0.6734,0
1.6522,1.11156,0
2.59059,-0.83657,0
4.27344,-0.20793,0
2.73077,-0.49729,0
0.60422,-0.33435,0
1.60591,1.18091,0
1.49364,-0.30633,0
1.3995,-0.26671,0
4.34966,0.65326,0
3.93061,-0.05156,0
0.837,-0.01848,0
1.01567,-0.22207,0
2.92331,-0.30938,0
1.91737,0.75175,0
2.31345,0.62191,0
2.05583,-0.13267,0
1.93661,0.31322,0
1.81935,-0.36621,0
3.44109,-0.79322,0
3.04413,-0.03852,0
1.82088,1.00176,0
1.74219,0.85128,0
1.04445,0.58449,0
0.53952,-0.73382,0
1.39301,-1.05106,0
2.81016,0.81799,0
2.64935,-0.60272,0
0.63654,-0.66741,0
2.31625,-0.80357,0
3.09235,-0.24508,0
0.63605,0.96491,0
2.92185,-0.81694,0
3.86527,0.37713,0
3.70499,-1.0886,0
0.57862,-0.97546,0
0.67935,0.96743,0
3.33946,-1.03434,0
2.85669,-0.70766,0
3.56991,-0.01665,0
1.3432,0.51168,0
3.67496,-1.15393,0
2.71583,0.30362,0
4.32754,0.57702,0
0.95772,-0.82573,0
1.32451,0.86952,0
3.03622,0.59822,0
1.62878,-1.15481,0
3.64968,-0.80329,0
3.54359,0.73161,0
4.40578,0.61129,0
0.80071,-0.45633,0
3.65314,0.18424,0
2.51175,-0.61556,0
1.66444,-1.21011,0
1.27866,-0.5679,0
1.17653,0.38456,0
2.19083,0.84047,0
1.55237,-0.29199,0
1.87905,-0.02806,0
1.4735,-0.74288,0
4.19306,0.17773,0
0.51936,0.42948,0
2.78487,0.65528,0
3.37899,1.13932,0
1.87683,0.23024,0
1.51131,0.87429,0
2.19334,-0.5613,0
3.49466,1.05324,0
0.70782,0.77097,0
3.51567,0.29647,0
4.11476,-0.25437,0
1.04074,-0.78287,0
2.13245,0.25979,0
1.72096,-0.47918,0
2.29378,-0.3203,0
4.41481,0.77599,0
3.62075,-0.17244,0
2.64511,0.62502,0
3.99716,-0.51056,0
1.32554,1.1745,0
2.27639,-0.97002,0
3.46988,0.13119,0
1.55268,0.43151,0
4.28858,-0.81519,0
1.78036,0.17699,0
2.1928,-0.6268,0
1.2212,0.04943,0
1.70105,-0.42539,0
3.8433,0.17136,0
2.50683,-0.68727,0
1.27818,0.84483,0
4.45725,0.94118,0
0.8254,-0.6922,0
4.49132,0.46039,0
2.58078,-0.22924,0
1.16083,-0.91213,0
1.50685,-0.65705,0
2.84441,0.28342,0
3.62495,-0.27434,0
4.04977,-1.23601,0
3.23984,-0.33288,0
2.09006,-0.3159,0
2.92637,0.58356,0
4.37462,0.99929,0
3.04197,0.52497,0
1.69013,-1.19711,0
1.57429,0.19857,0
1.90736,1.04132,0
4.30702,0.19647,0
3.5182,-0.03039,0
1.03216,0.37973,0
2.72489,1.07203,0
3.57638,-0.94815,0
0.59209,0.91504,0
1.69585,0.02086,0
2.34236,-1.05957,0
3.73618,1.14927,0
2.23602,-0.42688,0
2.18005,1.11429,0
1.00756,1.21392,0
2.93826,1.04298,0
1.07386,-0.22246,0
3.79344,-1.10358,0
2.89439,-0.23423,0
2.15948,-0.36744,0
1.46052,-0.14451,0
3.07312,0.71796,0
3.33213,-0.12354,0
2.8694,1.0848,0
2.36867,1.08077,0
1.43862,-0.79391,0
3.62507,-1.16177,0
2.75039,0.98453,0
2.49941,-0.37599,0
2.92509,0.18112,0
3.3026,-1.18189,0
2.6519,-0.26902,0
1.42347,-0.926,0
3.91312,0.1891,0
1.16464,-0.59661,0
2.27355,-0.27295,0
0.94435,0.39263,0
1.47337,-0.41048,0
2.0701,0.64455,0
4.24863,0.86163,0
3.0666,0.24664,0
1.36167,-0.39976,0
2.97285,0.45345,0
2.71947,1.14341,0
2.19464,-0.11771,0
2.95291,-0.8029,0
1.69971,-0.15257,0
3.00054,-0.04094,0
1.59293,0.34524,0
3.20292,0.86714,0
2.1628,0.76625,0
4.41753,0.82026,0
1.12167,0.35169,0
1.27462,-1.21536,0
1.11801,-0.44882,0
2.75063,1.02673,0
1.38872,-0.07176,0
3.18018,0.2002,0
4.30523,-0.54917,0
3.17639,0.57772,0
3.73125,0.61305,0
1.81835,-0.80529,0
3.9111,0.27411,0
2.74279,-0.7926,0
2.23008,-0.37453,0
4.38879,-0.94519,0
3.46892,0.39046,0
0.56202,-0.41378,0
0.97721,0.078,0
1.01018,-0.21418,0
1.75373,-0.97206,0
1.57591,-1.22472,0
3.20321,-0.01796,0
3.44431,-0.31518,0
1.96153,-0.93889,0
0.54892,0.87536,0
3.14558,-0.68826,0
2.00795,-0.46473,0
4.20679,0.80621,0
1.87819,0.6849,0
2.67623,0.7976,0
2.43275,-0.40502,0
1.1145,0.80505,0
3.49198,0.86352,0
0.82728,-0.13084,0
1.45798,-1.02904,0
2.27767,-0.21505,0
1.91693,0.70628,0
3.77642,0.39442,0
2.41431,-0.21611,0
3.94962,-0.69356,0
3.85085,0.19737,0
3.29899,-0.08715,0
2.6202,-0.41042,0
2.68237,0.30937,0
3.73589,1.07057,0
3.09954,-0.00916,0
3.6143,0.5527,0
0.80844,0.87768,0
3.06448,-0.75472,0
4.23999,-0.03017,0
2.59569,0.38391,0
4.34348,0.31679,0
0.89519,1.07946,0
2.10725,0.67629,0
0.9752,1.11925,0
2.89046,0.87661,0
2.90568,-0.44566,0
3.52363,0.3438,0
2.04197,-1.14859,0
0.95049,0.96647,0
3.79008,0.42841,0
4.35621,1.03896,0
0.52789,0.49182,0
1.51624,0.97502,0
0.62443,1.08746,0
0.96245,-0.66562,0
2.88906,0.29595,0
1.02477,0.15436,0
3.6551,-0.44933,0
2.38087,-0.23333,0
4.10918,0.25251,0
1.68943,-0.08511,0
2.52926,0.63417,0
4.26119,1.22375,0
3.92839,-0.77531,0
4.26572,-0.93373,0
4.31171,-0.26627,0
1.54685,-0.84107,0
2.34897,0.34579,0
0.92024,0.99262,0
1.31601,1.20931,0
2.55961,-0.24975,0
1.32708,-0.35242,0
3.12378,-0.15612,0
2.42171,-0.30168,0
1.54552,-0.55433,0
1.79627,-0.55717,0
1.63619,-1.24641,0
3.97142,0.84163,0
1.48143,-1.24881,0
4.20202,0.71019,0
2.9442,1.09759,0
0.5039,1.08073,0
2.29918,-0.7843,0
0.51791,-0.58594,0
0.62617,0.93278,0
1.40257,-0.88567,0
0.97841,-0.57521,0
3.33202,0.69008,0
3.91299,0.75815,0
1.45249,1.02946,0
0.85254,-1.16307,0
1.46002,-0.52284,0
1.46639,0.74809,0
2.1955,-0.9753,0
4.07484,0.31771,0
2.29007,-0.95308,0
3.37138,1.05903,0
2.05475,-1.05286,0
1.67664,0.03887,0
3.88012,0.66616,0
2.65157,0.41984,0
1.0917,0.01175,0
2.80619,-0.99696,0
2.88313,1.02806,0
1.34822,0.85064,0
3.76331,-0.87874,0
1.00548,-1.03356,0
0.51903,-1.0514,0
4.28405,0.06124,0
4.29693,-0.1829,0
3.111,-1.0996,0
0.73369,0.26488,0
1.55505,0.08486,0
2.35195,0.02362,0
3.35857,-0.59816,0
3.35665,-0.32679,0
4.02846,0.57111,0
4.1867,-0.02528,0
1.52552,-0.40372,0
2.16782,1.1861,0
2.84637,0.77233,0
2.31008,1.12596,0
2.67714,-1.08303,0
2.99092,1.14306,0
3.76859,0.78511,0
1.06098,0.95315,0
1.99511,-0.44273,0
1.32909,0.33967,0
4.38071,-0.43863,0
0.58044,-0.31103,0
2.68566,1.1269,0
3.66861,0.11031,0
1.09182,-0.06998,0
2.13944,-0.66335,0
3.17999,1.10448,0
4.43594,0.78902,0
1.74645,0.06843,0
4.01387,0.35788,0
3.3884,-0.32961,0
2.5301,-0.01789,0
4.01609,-0.3455,0
1.4227,-0.91143,0
3.22577,-0.15832,0
3.03537,0.82368,0
0.59696,-1.23598,0
2.77856,1.1645,0
0.87303,0.32488,0
3.48691,0.2131,0
1.28127,-0.15507,0
0.75652,-0.36089,0
2.79788,-0.43566,0
1.5598,1.19833,0
1.76656,0.56647,0
4.09054,-0.61912,0
2.90872,0.89925,0
0.69839,0.20047,0
3.19414,0.55132,0
2.43156,-0.53269,0
3.95622,0.4112,0
2.76283,0.30329,0
2.44912,0.17194,0
2.39725,-1.01458,0
4.39392,0.48492,0
4.43382,0.24068,0
2.44087,-0.16719,0
3.08682,0.38021,0
3.35307,-1.13729,0
2.06254,0.9622,0
4.40908,0.35817,0
1.88885,-0.18447,0
2.16036,0.90198,0
1.57125,1.17602,0
0.91741,0.74537,0
1.43402,1.03988,0
0.91155,0.97826,0
2.1994,-0.96448,0
4.25852,-0.25644,0
0.51658,-0.12165,0
2.05847,0.434,0
1.47169,1.09953,0
1.36802,-0.71078,0
2.95588,-0.59844,0
2.40142,0.32514,0
2.81195,-0.69453,0
0.55239,-0.38316,0
4.467,0.66207,0
2.23016,0.58498,0
2.72351,0.65961,0
3.65833,-0.60648,0
3.30683,0.61182,0
4.23543,0.06845,0
3.88641,0.54736,0
3.23831,-0.31174,0
1.75031,-0.60866,0
0.82821,-1.16731,0
2.53223,-0.2971,0
2.06345,-0.14727,0
0.76607,0.59576,0
0.53565,-0.19851,0
3.337,0.6245,0
3.37827,0.57662,0
1.80172,0.0882,0
3.05862,-0.77425,0
3.54452,-0.81685,0
2.46834,-0.43898,0
1.07773,0.6411,0
3.66254,0.107,0
2.0802,0.04372,0
2.18754,1.06188,0
1.9349,-1.09338,0
3.03749,-0.46598,0
0.82746,0.75114,0
0.60862,1.1102,0
3.81248,0.96546,0
4.33113,-0.34231,0
2.47744,1.15486,0
1.38799,-0.89203,0
3.20073,1.11767,0
3.8339,0.52846,0
4.19217,-0.63632,0
2.90986,0.52489,0
3.94221,0.91734,0
1.97196,1.23397,0
3.78921,0.17937,0
2.83343,0.17652,0
4.0495,0.70968,0
2.45101,-0.62101,0
1.06422,0.38274,0
2.68498,0.53223,0
3.14783,1.21695,0
1.98571,1.13106,0
0.72497,0.38032,0
1.21512,0.51371,0
2.72021,-0.7499,0
2.29376,0.04818,0
4.20315,0.62216,0
1.83368,0.03481,0
3.77208,-0.50823,0
1.18071,0.62944,0
2.20344,-0.46644,0
2.32302,1.08422,0
3.19033,-0.82471,0
3.29087,-0.3057,0
3.91401,0.35549,0
0.93729,0.56138,0
0.93499,0.5904,0
2.64465,-0.42379,0
0.72037,0.50205,0
3.55745,-0.9446,0
3.80689,0.13745,0
3.70068,0.60256,0
2.84812,-1.12629,0
1.25981,-0.03048,0
4.29345,1.17756,0
4.27987,-0.1148,0
2.54703,-0.84747,0
1.64983,-0.97902,0
0.53094,1.01812,0
4.02342,-0.09385,0
3.75921,-0.92994,0
0.74137,1.14933,0
2.39744,-0.61678,0
2.24247,1.12248,0
2.36096,-0.97701,0
0.54477,0.9971,0
2.38453,0.56142,0
1.15373,-0.13234,0
0.5669,0.52402,0
3.4704,-0.48945,0
1.47028,0.40863,0
2.66881,1.16873,0
1.6428,-1.10879,0
4.20334,-0.0167,0
3.57397,-0.18379,0
2.3695,0.65933,0
3.62781,1.03108,0
0.71428,0.74282,0
3.1373,-0.08309,0
1.30952,0.22267,0
2.32187,-0.72541,0
0.99569,-0.84874,0
1.28378,-0.4451,0
0.95394,-0.73417,0
1.28483,-0.19723,0
2.7832,-0.16261,0
4.25276,0.12907,0
3.51916,-1.1184,0
3.44008,-0.57749,0
3.77135,0.94422,0
3.53211,-0.2583,0
3.24123,0.01967,0
3.11406,0.18306,0
1.3253,-1.22645,0
1.69287,-0.93113,0
3.17028,0.67637,0
1.99602,-0.25672,0
2.06751,0.52113,0
2.36662,-0.99618,0
1.58803,-0.65711,0
2.56634,-0.47061,0
1.34526,-0.31374,0
3.39989,0.35773,0
3.92558,0.507,0
1.29573,-0.17636,0
0.60836,-0.28993,0
1.32019,-0.1654,0
2.46031,1.09972,0
3.37392,0.00618,0
2.81472,-0.33663,0
3.58513,0.01902,0
1.63446,0.80385,0
1.57034,-0.61145,0
1.87325,-0.04098,0
1.01604,0.01386,0
2.17037,0.04207,0
0.72906,-0.88684,0
1.95478,0.49747,0
2.57108,0.29132,0
1.41717,-1.22727,0
4.20648,-1.21063,0
3.27465,-0.86804,0
1.18766,-0.75619,0
2.95336,0.3338,0
1.86728,0.68491,0
2.91289,-1.11816,0
3.88345,-0.75453,0
2.90672,1.15751,0
1.36657,-1.20243,0
3.2158,1.05879,0
4.31958,0.3539,0
0.98276,-0.23503,0
3.67827,0.66204,0
4.35772,1.07768,0
2.21134,-1.00024,0
0.63855,-1.20998,0
1.3733,0.58297,0
4.04158,-0.08196,0
1.94113,-1.16534,0
1.85339,-0.80761,0
1.8217,0.3476,0
2.9967,-0.58375,0
4.06056,1.04281,0
3.15364,-0.8511,0
2.51847,-0.02765,0
3.28488,1.07099,0
4.05088,0.96284,0
1.68432,-1.18066,0
1.68187,-0.96016,0
4.17403,0.45002,0
3.20409,-1.04347,0
4.30109,0.14227,0
1.17398,0.04439,0
1.28779,0.36695,0
1.30533,-0.34385,0
3.89228,-1.05759,0
2.65261,-1.17282,0
4.43674,-0.24923,0
3.64334,-1.05641,0
3.63296,-1.1084,0
4.03224,1.05746,0
2.68019,-0.83229,0
2.05736,-0.38864,0
0.88633,1.23939,0
0.82297,1.05844,0
1.63078,-0.349,0
4.06829,-0.27042,0
3.67916,1.07922,0
3.78186,1.23834,0
4.18018,-0.4722,0
2.71971,-0.18316,0
2.34629,0.03112,0
1.86282,-0.18986,0
4.41293,-0.44041,0
0.6454,-0.94614,0
3.96736,-1.15551,0
4.47874,-1.00323,0
2.42787,-0.43413,0
2.5787,0.34617,0
1.90983,-1.13459,0
2.57986,0.43366,0
0.82297,0.08401,0
0.58623,-0.04982,0
3.65152,0.02958,0
2.23181,0.67693,0
1.30082,0.44241,0
1.06137,0.7178,0
0.74244,-0.41456,0
3.57058,-0.66254,0
2.35323,-0.15513,0
1.56301,0.47892,0
4.1666,0.89169,0
1.12984,-0.4442,0
3.11899,-0.88849,0
0.93411,0.14882,0
2.71193,1.13044,0
2.29132,0.11008,0
0.84731,-1.10718,0
2.29125,0.53436,0
0.74827,1.15752,0
3.19503,-0.89371,0
2.92305,-0.23802,0
1.20475,-0.20571,0
0.75298,-0.06307,0
1.00964,-1.00542,0
3.43044,0.0104,0
1.13112,-0.46082,0
2.6122,0.07135,0
4.26152,-0.74217,0
1.89278,1.06116,0
2.3791,-1.03463,0
1.35489,0.6268,0
1.16837,0.35975,0
1.16519,0.45179,0
1.40442,0.16177,0
2.55683,0.94227,0
1.38066,0.36412,0
2.7746,0.23106,0
0.85009,-0.72649,0
2.93134,0.47592,0
2.17256,-1.0068,0
0.80243,-1.18902,0
0.58595,0.3575,0
2.14056,-0.94381,0
4.23086,-0.75669,0
4.37629,0.52082,0
2.62015,0.22464,0
0.86793,-0.95849,0
2.96836,1.0801,0
1.83448,-0.22991,0
3.57235,0.0843,0
0.92998,-0.84587,0
4.15316,0.04905,0
3.24681,-1.18365,0
2.51499,-0.12567,0
2.27767,-0.31326,0
3.77023,0.87498,0
3.63427,-0.83746,0
2.15013,0.92362,0
4.17195,-0.59516,0
2.22635,-0.5858,0
2.39436,0.66407,0
2.12316,0.77122,0
2.04314,0.62339,0
1.04137,-0.98887,0
1.24964,-0.96016,0
4.03428,-0.57412,0
1.85937,0.76289,0
2.07314,-0.47141,0
3.88089,1.02639,0
2.07902,-0.68668,0
2.43289,-1.17202,0
4.30787,-0.74281,0
2.88831,-0.72901,0
1.1062,-0.65138,0
1.58781,0.98774,0
2.01993,0.30384,0
0.96775,-1.02568,0
3.90697,-0.53341,0
3.06078,0.081,0
1.88357,-0.15297,0
3.87772,1.08849,0
3.82964,-0.29162,0
0.86221,0.41142,0
1.78248,-0.46177,0
0.87224,0.29092,0
1.49787,-0.19682,0
1.27207,-0.16751,0
3.21593,0.38376,0
1.34956,0.62772,0
2.83653,-0.71598,0
4.32378,1.10733,0
3.96657,0.71041,0
1.58058,0.7139,0
3.68233,0.38536,0
2.01305,-1.10423,0
0.76084,0.08503,0
0.6994,-0.73126,0
3.12884,1.04606,0
3.6622,1.22514,0
0.95164,0.86803,0
0.94897,-0.73717,0
2.01359,-1.02078,0
3.91303,-0.92535,0
1.04098,0.9435,0
1.05023,0.68359,0
1.07473,-1.02808,0
2.68868,-0.08694,0
2.83804,0.11561,0
1.97477,0.89936,0
3.30492,0.27398,0
1.56629,-0.31249,0
3.80477,0.33267,0
1.76832,-0.31173,0
0.87304,0.95274,0
2.10334,0.05215,0
2.95736,0.04334,0
1.71752,-0.85817,0
1.31311,-0.62081,0
2.21475,0.50855,0
4.21312,0.18843,0
2.41745,0.76588,0
0.59727,-0.46196,0
0.95369,-0.14064,0
0.79702,1.22075,0
3.69263,0.4266,0
1.36057,0.76026,0
0.57938,0.95961,0
4.4909,-0.52088,0
3.68697,-0.73453,0
2.21664,-0.00351,0
1.20196,-0.30812,0
0.57113,0.35558,0
2.61509,0.09381,0
3.01872,-0.8627,0
2.94226,0.034,0
2.55684,0.37824,0
1.6429,0.528,0
4.10079,-0.56556,0
1.88668,-0.88455,0
3.16511,-0.8779,0
3.1536,0.46067,0
1.16103,0.51641,0
3.20683,-0.60174,0
2.69135,0.49788,0
4.21352,1.18299,0
1.92374,-0.59663,0
4.38925,-0.95469,0
1.12662,0.06729,0
2.34207,-1.23254,0
2.67552,-0.32589,0
2.55859,0.29112,0
1.3595,-0.56735,0
4.34023,0.94023,0
3.05441,1.07994,0
2.20097,0.94373,0
1.69774,-0.41446,0
1.83686,1.11396,0
3.21509,-0.50015,0
0.75824,1.00249,0
4.28158,0.55278,0
3.96207,0.50782,0
3.01789,0.61068,0
2.47901,-0.91381,0
2.49556,0.78384,0
3.12761,-0.83474,0
4.32007,0.1727,0
2.61901,-0.53072,0
3.41544,1.24001,0
1.27196,-0.09687,0
3.68326,-1.23465,0
1.98067,1.08679,0
2.22683,-0.44923,0
4.22793,-0.76166,0
2.7319,-1.02502,0
1.33155,-0.33417,0
3.24987,-1.11105,0
1.72178,-1.04659,0
2.65206,-1.10281,0
2.61547,0.8151,0
1.39199,1.1703,0
3.62809,0.73173,0
4.0801,0.37548,0
1.5913,0.12635,0
3.1758,0.52642,0
4.4625,0.23338,0
1.82173,-0.51854,0
3.34605,0.24857,0
4.21979,0.95498,0
4.31634,-0.63502,0
1.60214,0.27917,0
2.19367,0.60232,0
2.45198,0.98169,0
1.3357,-0.61384,0
2.29913,0.08587,0
3.48023,1.09167,0
2.09932,-0.63033,0
2.48668,0.15106,0
1.44061,0.06015,0
0.70198,1.16118,0
3.25144,-0.89224,0
2.63129,-0.3703,0
1.38258,0.82959,0
2.28275,1.22482,0
1.54547,0.16348,0
4.30059,-1.00279,0
1.76103,-1.13086,0
1.02979,-1.01813,0
2.19999,1.1164,0
0.90176,-0.39784,0
1.50541,-0.46676,0
1.06119,0.24201,0
2.97335,-0.37453,0
1.7967,0.51753,0
4.01574,-0.99315,0
0.81574,0.36973,0
2.04722,-0.1934,0
4.21808,-0.44204,0
2.51665,0.60328,0
2.96427,0.68819,0
4.41056,0.07582,0
1.11868,0.0855,0
3.2496,-0.99049,0
3.15595,-1.16679,0
1.57345,-0.28571,0
0.58542,-0.31751,0
1.96131,-0.05636,0
2.36255,-0.04834,0
3.30127,0.47183,0
3.77617,0.52779,0
0.92014,-1.10321,0
2.27734,-0.3953,0
3.5189,0.47934,0
2.35607,-0.85198,0
3.30753,0.15327,0
1.89138,1.11315,0
4.30827,-0.69259,0
3.73566,-0.91098,0
0.62184,-0.29043,0
4.42805,-0.14138,0
1.37098,-0.60418,0
3.96423,0.99033,0
4.14152,0.74012,0
3.62178,0.35719,0
1.33874,-0.49598,0
1.01977,0.25334,0
1.80883,0.92625,0
4.21526,-0.91314,0
2.06894,0.87544,0
2.46827,-0.22346,0
1.70223,1.06571,0
2.39828,-0.38934,0
1.13609,0.55828,0
0.73313,0.68878,0
3.10621,0.70455,0
2.22123,0.85177,0
2.87082,-1.05869,0
4.09273,0.3193,0
1.16214,0.26392,0
0.56625,1.19873,0
1.95935,0.98394,0
2.89343,0.39295,0
3.35852,0.24816,0
2.40498,-0.95241,0
1.63447,-0.93483,0
1.69944,1.01224,0
1.92804,-0.34344,0
2.16613,-0.58237,0
2.79682,0.19063,0
2.05699,-0.8281,0
2.55313,0.6748,0
1.19858,0.40493,0
1.25452,-0.73064,0
2.56033,0.23363,0
4.16284,0.01865,0
0.72851,-0.47589,0
3.61697,1.22343,0
3.45311,-1.2294,0
2.65929,-0.60365,0
3.76409,-0.23835,0
3.4578,-0.17577,0
3.12654,-1.02228,0
1.59831,0.51894,0
0.98373,0.21968,0
2.04681,-0.49412,0
4.3561,0.39652,0
2.33305,-0.67486,0
2.88183,-0.62349,0
1.29634,-0.77838,0
3.01898,-0.23604,0
4.34346,-0.12842,0
2.85775,0.38935,0
2.18652,-0.34252,0
1.13886,-0.83905,0
3.93214,-0.77615,0
1.09806,-0.33412,0
4.32339,-0.07168,0
1.52146,-1.05322,0
3.31784,-1.14034,0
1.42696,0.32722,0
3.58785,-0.24759,0
3.0149,-0.60086,0
3.04949,0.22246,0
3.85244,1.22635,0
3.25568,0.25979,0
0.69793,1.10302,0
2.29144,-1.18423,0
2.40554,0.61371,0
3.80493,0.42193,0
3.34077,-0.16472,0
2.07132,1.13732,0
3.07821,0.27041,0
2.23139,-1.09152,0
4.08214,-0.8058,0
0.54778,0.97447,0
4.38621,-0.63705,0
1.7853,-0.22091,0
4.12928,-0.57547,0
2.85765,-0.75146,0
2.08642,0.86392,0
0.61986,-0.43251,0
2.09902,1.06386,0
0.65699,0.15897,0
3.00199,-0.01298,0
4.46141,-0.48312,0
2.05882,0.89975,0
2.45143,1.22227,0
1.55365,-1.12559,0
2.66693,-0.5782,0
3.02538,0.59191,0
0.73027,-1.06422,0
1.06994,1.06582,0
1.05148,0.3111,0
0.83934,-0.89628,0
0.51471,0.18592,0
2.71233,0.18985,0
0.98192,0.0578,0
1.89495,0.59089,0
2.11025,0.92615,0
1.88739,-0.87979,0
4.13471,-0.03364,0
3.66926,-0.75817,0
1.12388,0.73526,0
0.86441,-0.77824,0
1.23219,-0.20133,0
3.92369,-0.26977,0
1.34976,-0.02124,0
0.73609,-0.2872,0
0.89275,0.90424,0
0.87556,0.10043,0
3.4667,-0.4038,0
1.53793,-0.26263,0
4.43119,0.17985,0
3.38412,-1.16448,0
3.13921,-0.56126,0
2.41559,-0.47646,0
3.34645,-0.98841,0
3.46946,0.87009,0
3.29179,-0.57034,0
3.0946,-1.24363,0
2.28294,-0.21643,0
1.77879,1.17829,0
3.95315,-0.89847,0
3.52676,0.76181,0
2.33381,0.87719,0
1.23905,0.99423,0
3.31873,0.94649,0
2.40578,0.87784,0
2.4158,0.29733,0
3.69615,-0.71179,0
1.57526,-0.72725,0
3.86857,-0.13326,0
3.23929,0.63613,0
1.95516,0.80683,0
4.10417,0.39504,0
1.69404,-0.47237,0
4.22487,-0.43996,0
1.26069,0.80316,0
1.61362,-0.36979,0
1.08048,0.75423,0
3.96773,0.28426,0
2.44675,0.50715,0
3.27493,-0.26104,0
2.05813,-0.39074,0
1.56543,-1.13519,0
0.71624,0.16627,0
1.93066,1.16677,0
4.21876,-1.12107,0
2.09419,-0.32376,0
1.53387,0.06974,0
1.55783,-0.48937,0
3.83792,0.42671,0
2.44491,-0.10335,0
1.98767,-0.84407,0
3.50459,-0.97422,0
1.91867,0.99962,0
4.04746,-1.13076,0
0.52286,0.15598,0
3.52156,1.0105,0
1.00853,0.96369,0
0.78564,0.40538,0
3.5074,-1.14474,0
3.77709,-0.39232,0
3.99698,-1.23267,0
3.22652,-0.68924,0
0.89558,0.96804,0
1.70771,-0.36104,0
1.69802,-0.98706,0
2.48962,-1.00575,0
2.69804,-0.05975,0
3.79251,-0.00711,0
4.14894,-0.94981,0
2.09865,-0.48321,0
3.27232,-0.31954,0
0.77177,0.87485,0
4.19971,0.9156,0
1.45742,0.92001,0
3.33626,-0.60321,0
1.49221,0.68602,0
2.22827,0.78353,0
1.26067,-0.28948,0
1.17882,1.11515,0
1.66041,0.27316,0
3.51696,1.1555,0
0.8865,-0.3308,0
2.46891,0.8014,0
3.48308,-1.20919,0
1.00389,-0.80427,0
2.84422,0.08636,0
0.66314,-1.22984,0
3.96505,-0.73095,0
1.81114,0.23716,0
0.73076,-0.93641,0
0.85563,-0.96308,0
2.46627,-0.39084,0
3.00209,0.65099,0
1.37712,-1.18611,0
2.59707,-0.58192,0
3.73066,-1.03923,0
2.61521,0.13853,0
3.76001,0.94784,0
3.05092,0.94419,0
3.82259,-0.66812,0
3.72845,-1.23191,0
2.48541,1.2341,0
3.88166,-0.38321,0
1.00236,0.19146,0
1.05846,0.58299,0
2.72574,-0.13806,0
1.57371,-1.09634,0
1.37109,-0.38853,0
1.72791,-1.24692,0
1.76317,-1.17834,0
2.33825,-1.08136,0
0.89867,-0.75313,0
0.62398,-0.12014,0
1.24751,0.7714,0
4.2064,-1.20014,0
0.88085,-0.61801,0
0.60289,0.37169,0
3.41207,-1.15014,0
2.02424,0.13797,0
2.77184,-0.36908,0
2.32601,0.87861,0
0.60305,-0.40459,0
0.98609,-1.03876,0
3.9882,0.53426,0
4.34477,0.45953,0
0.60828,0.31995,0
1.97833,-0.1568,0
4.1136,-0.16732,0
0.69403,-0.54006,0
0.64406,-0.3011,0
4.38457,-1.16759,0
4.41187,-0.58619,0
3.38704,0.36132,0
4.40597,-0.01814,0
1.56272,1.23258,0
3.3752,-0.53938,0
1.6553,-1.00389,0
2.13491,-0.19788,0
2.84299,-0.44124,0
2.1322,-0.46989,0
2.50793,-0.65785,0
3.79079,-0.21765,0
1.80872,-0.2243,0
1.78545,0.98481,0
3.80393,1.03267,0
2.97113,-0.69383,0
2.84187,-0.25233,0
0.67526,0.80662,0
0.85236,-0.3389,0
2.84358,-0.1774,0
4.40009,-1.05336,0
1.52889,-0.74569,0
0.78407,-1.11125,0
3.92498,-0.89964,0
2.90542,0.56659,0
2.77746,-0.94507,0
4.14878,-0.61539,0
2.75839,-0.28514,0
3.79321,0.29736,0
3.10593,-0.68476,0
1.25459,-0.98695,0
1.18735,-0.74176,0
1.61126,-0.82819,0
2.40693,0.93003,0
2.21053,1.09656,0
4.41605,-1.10849,0
1.36279,0.75529,0
1.53855,0.76085,0
2.05866,0.08827,0
1.49073,0.92837,0
1.03828,-0.37786,0
2.69554,-0.52741,0
3.61058,0.97635,0
3.70939,0.52226,0
0.62908,1.18007,0
0.76444,0.12498,0
2.30549,0.53631,0
1.30005,-0.95543,0
1.41465,0.41768,0
0.97861,0.84544,0
4.06669,-0.73152,0
0.95717,0.14724,0
3.30176,-0.20608,0
0.76493,1.11488,0
4.2086,-0.42212,0
4.2332,0.28724,0
2.72501,0.42811,0
1.60109,-1.05422,0
4.04512,0.62318,0
1.34732,0.37684,0
0.98718,1.14632,0
2.71864,0.18449,0
3.94724,-0.08085,0
4.4152,-0.63471,0
4.13006,0.92632,0
3.04202,-0.76069,0
1.28842,0.0233,0
4.23982,0.96009,0
3.59295,1.00102,0
2.47892,-0.12971,0
2.82016,0.07872,0
2.52652,0.14153,0
2.73733,0.84566,0
2.86317,0.78203,0
2.4497,0.34473,0
1.07864,1.10571,0
1.96047,0.40027,0
4.24257,-1.02687,0
3.43196,1.21753,0
1.37026,-0.60612,0
1.18367,-0.27891,0
0.70156,-0.72819,0
2.14505,0.14668,0
3.22708,0.16628,0
3.59959,-1.01768,0
2.12571,-0.01137,0
1.08829,1.04047,0
2.25542,-0.22375,0
1.57172,0.91426,0
1.78794,0.29887,0
4.27796,-0.77825,0
2.90466,-0.8115,0
2.20846,-0.14255,0
1.32719,-0.4157,0
3.74661,-0.06003,0
3.77029,-0.64376,0
0.99346,-1.00639,0
0.52038,-0.93661,0
3.23624,0.70193,0
0.90731,-1.17068,0
1.13657,-0.19578,0
3.42289,-1.1186,0
3.22036,1.04433,0
1.09435,0.7332,0
4.18394,1.05261,0
1.70866,-0.10957,0
4.02939,-0.45579,0
3.36774,0.7936,0
1.24007,0.4442,0
4.00608,0.68779,0
2.61319,-0.85874,0
2.75887,0.72206,0
4.20178,1.10507,0
3.45894,-1.17942,0
2.2253,-0.09263,0
3.45231,-0.96203,0
2.40687,0.1637,0
2.78257,-0.95896,0
1.92709,-1.04495,0
3.32235,0.17227,0
3.32073,1.09748,0
2.13861,-1.11315,0
3.49317,0.84348,0
1.72045,-1.16139,0
1.79467,-0.85352,0
1.35433,-0.24076,0
4.18083,0.02408,0
1.57046,-1.05773,0
0.51386,1.08687,0
1.85776,-0.47288,0
3.44666,0.37344,0
3.60738,-0.90334,0
1.06513,0.59661,0
2.908,0.19394,0
3.78839,-0.60541,0
2.33802,0.53289,0
1.9609,-0.14811,0
1.23071,1.2097,0
3.72188,-0.67215,0
3.25617,0.38281,0
0.87592,0.58613,0
3.12831,-1.06909,0
1.10544,0.51015,0
2.31487,-0.85613,0
1.48306,0.786,0
2.96439,-1.13563,0
2.15194,-1.188,0
2.94028,1.10119,0
3.84539,-0.72276,0
2.33668,0.25256,0
3.77707,-0.4874,0
4.33813,1.09913,0
2.85439,0.0914,0
0.66721,-0.67871,0
4.1936,0.867,0
1.6055,-0.73983,0
2.02079,0.83185,0
2.56664,-0.7838,0
4.33625,0.38258,0
3.77155,0.92924,0
3.4556,0.62872,0
4.18976,-1.02729,0
2.87027,-1.08094,0
2.50602,-0.52432,0
3.94044,-0.82106,0
0.66751,-0.17077,0
3.63085,-0.60101,0
1.15202,-0.6031,0
4.03475,0.50174,0
0.79131,-0.65918,0
1.64381,0.46908,0
1.06813,-0.41571,0
4.11205,-0.03238,0
0.8972,1.10986,0
3.01029,-0.34942,0
3.44861,0.7504,0
1.00977,-0.17514,0
2.19449,1.01236,0
1.29822,-0.93187,0
4.34627,0.13565,0
4.45993,0.05517,0
3.76211,-0.03482,0
2.78191,0.99115,0
2.77307,-0.91976,0
1.73088,-0.8139,0
2.46032,-0.02926,0
3.58257,0.82288,0
1.58022,-0.65084,0
0.8718,0.57906,0
1.8396,0.91336,0
2.98164,-0.36628,0
3.77327,0.04821,0
0.87683,0.50786,0
3.40639,0.21206,0
1.26438,0.83111,0
1.60988,-0.7109,0
2.58063,0.15573,0
4.35755,0.85434,0
3.88987,0.14128,0
3.37901,-0.72106,0
1.52817,-0.9123,0
0.81896,-0.75876,0
3.25431,0.33427,0
1.89451,0.60654,0
3.19284,0.00834,0
3.49957,0.68558,0
1.46345,-0.37994,0
2.73043,0.81652,0
4.1113,0.96961,0
0.5651,-0.95255,0
0.91078,-0.31958,0
2.42277,0.2021,0
2.41425,0.91277,0
4.37817,-0.61068,0
2.73542,0.29898,0
2.17342,1.22959,0
3.08698,0.14798,0
4.01353,-1.23667,0
3.70566,-0.05315,0
3.10116,0.76749,0
1.39544,1.07181,0
1.75823,-1.11498,0
3.82343,-0.99452,0
2.55088,-0.15991,0
2.96617,0.15432,0
0.99059,0.18637,0
3.78791,0.8784,0
1.23172,0.58291,0
2.00751,-0.69574,0
4.38067,-0.33099,0
4.16669,-0.24746,0
1.63164,-0.63524,0
3.32611,0.55519,0
2.85825,1.08174,0
3.56241,0.64282,0
3.98279,-0.87742,0
0.85586,0.88742,0
4.0089,-0.67707,0
4.22099,-0.7904,0
2.1286,0.36691,0
3.67675,0.9905,0
2.68192,-0.79579,0
3.99393,0.28313,0
2.19756,-1.04675,0
3.16897,0.42561,0
4.11033,0.65891,0
4.03532,-0.91437,0
4.02818,-0.9169,0
1.40696,-1.12402,0
3.51413,0.20758,0
1.46276,1.16688,0
0.88416,-0.17653,0
1.92249,1.12527,0
0.54335,1.22329,0
1.85126,1.24879,0
1.16073,-0.08098,0
2.55702,0.39669,0
2.51091,-1.11589,0
3.63621,-0.71686,0
1.67253,1.19924,0
4.10221,0.08799,0
3.87623,-0.48334,0
1.70089,-0.11989,0
2.11825,0.95068,0
2.92304,0.2468,0
3.78259,-0.56135,0
2.66652,-0.237,0
2.54369,0.95439,0
1.38586,0.70116,0
2.4801,-0.01746,0
1.86943,-0.24754,0
1.24038,-0.81625,0
2.59904,-0.70087,0
4.35728,-1.18844,0
2.46125,0.07133,0
4.29708,0.25925,0
2.47148,-0.84726,0
2.91823,0.60109,0
2.88714,0.18234,0
2.39282,1.23862,0
4.31024,-1.17341,0
1.29272,0.05127,0
1.89538,-0.40422,0
0.53301,-0.37717,0
3.87651,0.67286,0
3.55027,1.23627,0
3.54647,0.55938,0
0.54249,-1.10669,0
1.99172,1.11231,0
1.19175,-0.28451,0
2.0613,1.1134,0
3.02617,1.15086,0
3.40196,0.98583,0
3.27254,0.48623,0
1.95948,0.90174,0
3.07556,0.32419,0
1.68575,0.45958,0
2.30185,1.1583,0
3.14469,1.05125,0
0.5762,0.34497,0
0.51927,0.26535,0
3.86454,0.02647,0
0.99516,-0.21654,0
2.477,-0.33121,0
1.31619,-0.14341,0
3.93088,-0.41187,0
0.88765,0.85371,0
3.08172,0.37145,0
2.69413,-1.00642,0
2.55218,-0.11002,0
1.30567,0.25015,0
0.66946,0.46114,0
4.40328,-0.41867,0
3.02336,1.21723,0
3.47846,-0.04977,0
4.20125,0.53669,0
1.21818,1.07189,0
2.95828,-0.46827,0
1.02459,-0.19669,0
1.71762,-0.09461,0
3.32125,0.84044,0
2.32582,-0.63521,0
1.65694,-0.8842,0
3.20327,0.12586,0
1.74182,0.43967,0
4.06346,0.17982,0
0.60052,0.32521,0
2.35068,0.06034,0
1.93109,-0.41649,0
2.67426,-1.19335,0
1.8782,0.44179,0
2.31241,0.21093,0
2.67761,-1.13852,0
1.37697,0.50297,0
1.43057,-0.87956,0
2.50038,1.11759,0
3.90718,1.14155,0
0.50837,0.35882,0
1.79183,0.33034,0
0.82234,0.05524,0
2.12819,-0.8864,0
1.57556,-0.79605,0
2.56718,0.09959,0
3.96427,-0.09292,0
0.72946,0.05037,0
3.09214,-0.12611,0
2.35474,-1.11898,0
4.02372,0.59429,0
3.49156,0.88937,0
1.87867,1.06779,0
1.18014,-0.89893,0
3.80076,-0.75425,0
2.1842,0.40884,0
3.32003,-0.8721,0
0.66142,0.87914,0
2.56277,1.13162,0
2.03767,0.90515,0
2.40543,-0.06575,0
4.11038,-0.30475,0
1.43402,-1.07914,0
3.19388,-0.20255,0
4.31403,-0.63617,0
3.85258,-0.01618,0
1.42339,-1.12247,0
0.84394,1.04415,0
0.63932,-0.62967,0
1.6252,0.18344,0
3.42324,0.24884,0
2.89836,-0.98235,0
4.17276,-0.10049,0
2.19067,-0.41227,0
1.11841,-1.10397,0
3.27264,0.30494,0
3.15328,0.43631,0
1.06087,0.7692,0
2.62186,0.78327,0
1.63494,-0.14863,0
1.30115,-0.21012,0
4.47511,0.09305,0
2.34466,0.56763,0
0.86229,0.4843,0
2.87047,1.01158,0
2.83613,0.71668,0
2.21821,0.31753,0
0.57045,0.4667,0
4.29861,0.48811,0
3.00556,0.78333,0
3.09573,-0.43277,0
2.15944,-0.03527,0
1.39263,0.73534,0
2.2078,-0.5652,0
2.58167,-0.21194,0
2.13907,0.48906,0
2.83797,0.62139,0
2.90566,0.01121,0
4.02838,-0.0817,0
3.45026,-1.18804,0
1.26267,1.2451,0
2.15878,0.73475,0
1.53391,0.75067,0
3.094,-0.98811,0
1.28713,-0.17624,0
3.9272,0.787,0
1.39108,0.62353,0
3.17957,0.93654,0
2.57722,-1.16032,0
2.39499,0.17134,0
2.86703,-0.83806,0
1.1365,0.05203,0
3.25988,-0.63608,0
2.78231,-0.41616,0
2.08475,0.47112,0
2.09097,-1.06678,0
4.02482,0.2933,0
2.32711,0.89731,0
0.58577,0.298,0
1.91738,0.51248,0
0.71537,1.11571,0
2.53575,-0.26132,0
0.71595,0.40797,0
1.2459,0.74285,0
1.98733,0.44964,0
0.62046,-0.41464,0
3.19216,-0.97125,0
0.713,-0.93861,0
2.36728,-0.27358,0
3.59505,-0.09603,0
1.10176,1.18261,0
3.0843,-0.62975,0
2.42331,-0.81816,0
0.8483,-0.32035,0
4.07375,0.57397,0
4.1248,-0.84103,0
3.85111,0.60476,0
4.33684,0.07348,0
1.01345,0.04462,0
2.84198,0.79225,0
2.44529,1.01597,0
1.00117,0.75315,0
0.78967,-1.04322,0
0.83252,0.7425,0
3.22486,0.11465,0
2.41211,0.93899,0
3.12434,-0.11536,0
0.53414,-0.20437,0
2.17013,0.31572,0
1.98899,-1.22938,0
2.04548,0.3723,0
2.56667,0.67539,0
1.74216,-1.13579,0
1.81555,-0.4812,0
2.63964,0.46962,0
2.02496,-0.38392,0
3.77051,0.09834,0
3.94719,-0.12519,0
0.61976,1.05397,0
2.60944,0.55354,0
2.64655,0.42923,0
2.15862,-1.01338,0
1.37397,-0.28962,0
0.59632,-0.66065,0
4.26499,-0.08875,0
3.52953,0.58942,0
4.41373,0.63119,0
3.65947,0.99897,0
3.06198,-0.64511,0
3.61032,0.32861,0
2.33378,-0.53747,0
4.43522,1.19641,0
3.03998,0.08831,0
3.60389,1.03662,0
3.59008,0.18581,0
3.73134,-0.73648,0
1.08576,-0.66222,0
3.78184,0.2561,0
4.10585,-0.27374,0
1.78841,0.22317,0
3.05163,-0.45614,0
0.68111,0.17203,0
1.53024,0.20638,0
3.37206,1.15264,0
4.05342,-0.75894,0
2.27082,-1.12812,0
3.52337,-0.20325,0
1.5717,-0.96888,0
2.42104,-0.63323,0
1.2969,-0.00552,0
1.6385,-0.92513,0
4.31164,-0.19687,0
1.95302,-0.92518,0
2.79515,0.49715,0
3.69741,-1.14757,0
1.05075,-0.76207,0
1.56404,-1.05157,0
2.34702,0.16002,0
4.34911,-0.23645,0
2.91183,0.52794,0
2.68218,-0.06454,0
2.57232,0.06328,0
1.04928,0.04932,0
1.7062,-0.25914,0
3.92814,0.23427,0
1.24565,-0.59627,0
0.62645,-1.03855,0
4.26483,-0.57081,0
3.55761,0.86543,0
3.93083,0.08127,0
3.95471,-0.19172,0
4.3917,1.09942,0
4.44042,-0.94645,0
0.6122,0.70628,0
2.07018,-0.7446,0
1.17818,0.26184,0
1.33566,-0.28141,0
3.87506,-1.11639,0
1.30267,-0.36825,0
2.27004,-0.07897,0
3.8805,0.62754,0
1.92021,0.0346,0
4.23215,-0.94504,0
2.30293,-0.21535,0
3.12318,-0.8293,0
4.34224,0.59371,0
2.47811,1.14353,0
1.62085,1.19619,0
3.59981,0.79949,0
0.60517,0.23717,0
2.92194,-1.11907,0
4.245,0.64906,0
2.3504,0.65211,0
1.92622,-0.61195,0
1.11963,-0.19776,0
0.96087,0.63527,0
1.49854,-1.08978,0
3.05963,1.03401,0
1.08911,0.84974,0
2.21148,-1.06251,0
3.14508,0.16322,0
1.30128,-0.88085,0
4.1675,-1.02553,0
4.1749,-0.07472,0
3.75435,1.22039,0
1.56305,0.16585,0
1.22287,-0.56633,0
1.5676,0.01202,0
0.5215,0.8343,0
0.65718,0.00809,0
1.86418,-0.63075,0
3.68149,0.71565,0
3.69025,-0.75839,0
0.94585,0.48582,0
1.46858,0.81946,0
2.19706,0.06555,0
2.66126,0.36125,0
1.75898,-0.80887,0
1.37468,-0.23014,0
0.81062,-0.48432,0
0.69975,0.11242,0
4.28696,0.06385,0
3.94777,-0.25413,0
0.83305,0.3885,0
1.33356,-0.25959,0
2.6346,0.96155,0
1.43033,1.14345,0
3.23191,-0.28989,0
3.08011,-0.0448,0
3.68737,1.08867,0
3.76882,0.76419,0
3.26207,0.77569,0
2.0635,-1.17536,0
2.65968,1.22633,0
2.14205,0.07738,0
1.04429,0.39681,0
0.62535,-0.66477,0
3.7871,0.5988,0
3.85158,-0.37984,0
0.832,0.01542,0
4.1502,0.53295,0
1.70949,-1.06072,0
2.18704,-0.2534,0
3.91156,-0.55032,0
3.98823,-0.84884,0
3.16996,-1.1968,0
2.97312,0.73272,0
2.15523,0.85269,0
3.24671,0.92668,0
4.0534,-0.64912,0
0.55848,1.11066,0
2.74431,0.36031,0
1.43045,1.22791,0
2.51518,0.22798,0
0.61424,0.87486,0
3.5695,0.39414,0
3.94996,-0.1983,0
3.31579,0.38122,0
0.91453,0.66975,0
0.88974,-1.06138,0
2.02114,1.13856,0
4.08385,-0.84664,0
3.49003,-0.91725,0
1.24407,-0.60199,0
2.7782,0.78184,0
3.94423,0.95538,0
3.35593,1.22265,0
2.49402,-0.50274,0
4.21773,0.54376,0
2.45615,-0.93439,0
3.63058,-0.53924,0
0.55255,-0.75572,0
1.84076,0.99854,0
1.97013,0.73581,0
4.08441,-1.20461,0
3.94763,0.15016,0
1.83999,0.53856,0
0.62099,-1.18785,0
1.09102,1.17782,0
1.2774,0.36033,0
1.71789,0.30102,0
3.11031,-0.72788,0
3.81234,0.73979,0
1.15026,0.10675,0
3.47981,0.25006,0
3.2791,-0.73811,0
1.36365,0.11756,0
1.33616,-0.0849,0
1.8046,0.12689,0
1.33425,-1.02725,0
3.77296,-0.35719,0
0.60458,0.9002,0
2.49085,0.4657,0
1.14281,0.98534,0
0.6624,-0.12478,0
2.21177,-1.1124,0
2.13908,-0.24986,0
2.95883,1.09813,0
1.07092,0.16162,0
0.51195,-0.33245,0
2.13056,-0.63228,0
2.29135,1.04194,0
3.1035,-0.44952,0
3.53295,0.45957,0
0.84154,0.15335,0
4.14503,-1.14302,0
4.09036,0.9241,0
1.196,-1.0757,0
3.49954,1.14951,0
0.55257,-0.1057,0
1.80656,-0.82653,0
2.44676,0.49575,0
3.75334,0.07625,0
1.76328,-0.35808,0
3.87838,-0.7034,0
1.5259,1.00842,0
2.02738,-0.78167,0
2.24846,0.17264,0
2.47008,-0.45786,0
2.77396,0.78154,0
4.44966,0.29394,0
3.8676,-0.12304,0
0.72798,-1.16363,0
1.71813,-0.01823,0
1.27258,0.6905,0
1.14205,-0.39474,0
2.05077,-1.24479,0
3.12979,0.2139,0
3.5109,-0.26716,0
3.05335,-0.41222,0
2.96282,0.54537,0
2.73408,-0.66369,0
0.50486,-0.74723,0
1.04086,-0.30754,0
3.76141,-1.12742,0
1.1363,0.98147,0
0.99282,-0.86368,0
2.65621,1.14587,0
1.79875,0.05563,0
1.53745,-0.12386,0
1.85312,1.00773,0
1.09264,-0.20337,0
1.61982,0.53004,0
1.81007,0.05228,0
1.46823,-0.02645,0
3.04059,-0.97514,0
1.21494,-0.6349,0
0.7164,0.56743,0
3.53068,-0.43198,0
0.55816,-0.96027,0
1.09862,0.93447,0
3.93285,-0.68653,0
3.64103,-0.20981,0
0.86136,1.2125,0
3.13178,-0.24827,0
3.95963,-0.2812,0
2.05654,0.25698,0
4.16765,-0.36417,0
4.19311,-0.99205,0
1.55336,1.08395,0
2.95473,-1.23096,0
4.41024,-1.08466,0
3.92725,1.08012,0
0.66272,0.62531,0
2.91021,-0.92354,0
3.58671,-0.34741,0
1.92828,-0.38885,0
1.42329,0.71431,0
2.43822,1.18934,0
0.61917,-0.42272,0
2.41977,-0.9056,0
2.55044,0.17799,0
0.9906,-0.32171,0
0.60825,0.23923,0
2.78022,-0.50866,0
3.75329,0.11663,0
2.86708,-0.98194,0
2.60358,0.23563,0
1.42535,-0.86894,0
2.64833,0.78503,0
1.33333,-0.75959,0
3.55093,-0.25452,0
4.47513,-1.02086,0
2.29108,-0.54093,0
1.36212,-0.5141,0
4.29474,0.89826,0
3.81821,0.27716,0
3.53646,0.4114,0
2.25511,-0.5303,0
1.35406,0.7328,0
3.36202,0.30046,0
4.40343,-0.09642,0
3.76605,0.92823,0
1.48815,0.61043,0
2.03626,-0.43906,0
3.6358,-0.48641,0
4.34358,0.51292,0
4.11145,-0.94904,0
4.10405,-0.44213,0
3.38565,0.71771,0
2.92694,-0.8673,0
0.66651,0.65635,0
2.96021,-0.38532,0
1.65286,-1.09312,0
2.20886,-0.81919,0
2.22415,0.64245,0
2.46806,-0.15117,0
1.29639,-0.78853,0
1.68058,-0.19686,0
1.05991,-1.20949,0
2.54478,-0.27505,0
1.89437,0.73266,0
3.09585,0.05504,0
4.22079,1.17413,0
1.98888,1.07992,0
3.27554,0.36813,0
3.60837,0.09533,0
3.09741,0.8607,0
2.02819,0.96042,0
3.2991,-0.70662,0
1.55566,-0.07428,0
2.14428,-0.13626,0
2.77422,-0.74655,0
3.35645,1.10419,0
2.51406,0.42768,0
3.33222,0.38879,0
2.64005,0.59497,0
4.44519,0.59428,0
3.03716,-0.48652,0
1.2271,-0.61841,0
1.38057,-0.52148,0
0.7884,1.20871,0
1.17662,-0.18993,0
1.0486,-0.81175,0
3.45492,0.45894,0
2.91479,0.18288,0
1.66462,-0.64869,0
2.9255,0.7602,0
3.63222,0.05392,0
2.06857,-0.82941,0
3.24422,0.34952,0
3.95563,0.08695,0
4.14832,0.407,0
3.94055,0.0336,0
2.15175,-0.40888,0
3.0754,-0.24474,0
1.02939,-0.63235,0
0.639,1.19122,0
3.44557,-0.30517,0
3.00608,-0.65569,0
1.43823,0.33473,0
1.14848,-0.73531,0
3.27405,-0.56205,0
2.67584,-0.33383,0
1.09355,-0.93261,0
1.88231,0.16917,0
0.90949,0.18939,0
3.23483,0.87003,0
1.43147,0.29177,0
1.27818,-1.2317,0
2.18625,0.12944,0
1.13299,-1.04031,0
2.60248,-0.3808,0
1.01311,0.77814,0
0.74438,-0.07286,0
4.11378,0.64537,0
3.97198,-0.91759,0
2.43888,0.14501,0
3.62575,0.91335,0
2.30218,0.8037,0
4.41028,0.05962,0
0.65817,-1.06928,0
3.97094,-0.44498,0
1.64005,-0.72875,0
2.55993,0.94276,0
4.43094,1.11411,0
0.89181,-0.26425,0
2.28668,-0.85147,0
2.39051,0.0218,0
1.67577,-0.68244,0
3.33851,0.13329,0
3.26679,-0.61751,0
3.4528,0.41523,0
0.68314,0.66942,0
1.20406,1.0032,0
0.61617,1.19106,0
1.88237,0.58905,0
1.80629,0.53206,0
3.78267,-0.12465,0
3.97209,-1.02349,0
3.87255,-0.75111,0
1.86355,0.21972,0
3.71749,-0.09333,0
2.04953,-0.97393,0
2.4961,-0.15618,0
2.05056,0.36142,0
4.1843,0.72393,0
3.88597,0.87772,0
2.40937,-0.96898,0
3.99156,0.28251,0
1.45789,0.28384,0
2.30526,1.03389,0
3.19534,-0.01453,0
2.04407,0.01899,0
3.86569,-1.03194,0
3.19122,0.64408,0
1.10782,-0.08097,0
1.60647,0.54459,0
4.1783,0.72219,0
1.3418,-0.50801,0
0.87591,-0.50702,0
1.03306,-0.69412,0
3.81389,-0.45514,0
2.27451,-0.0384,0
1.391,0.0047,0
3.01318,1.18774,0
4.00195,1.16233,0
2.33862,-0.30039,0
1.02624,0.25962,0
1.52315,1.00996,0
2.37483,0.57365,0
4.18935,-0.96286,0
4.46939,-0.59511,0
2.06807,-0.25496,0
2.50581,-0.636,0
3.94452,0.54821,0
2.67517,-0.73558,0
2.82152,-1.02167,0
3.19441,-0.36989,0
2.26537,-0.6893,0
1.4206,0.8055,0
3.34079,-0.89081,0
1.19336,-0.40757,0
1.47268,-0.53549,0
3.11516,0.30582,0
3.18826,0.23309,0
1.0187,1.05366,0
4.44748,-0.6901,0
1.08293,-0.66021,0
2.44939,0.59987,0
4.36255,-1.11297,0
1.05874,-0.80151,0
2.96019,0.36349,0
3.343,-0.90411,0
3.52648,0.86045,0
2.57702,0.1787,0
2.25775,0.08307,0
2.20535,-0.68193,0
3.26053,0.52271,0
2.09496,-1.04651,0
3.33988,0.40145,0
3.04757,-0.13366,0
0.91012,-0.29751,0
1.27191,-0.70732,0
2.0297,0.68066,0
1.98558,-0.62606,0
2.49558,0.55551,0
3.04918,1.00001,0
0.62206,-0.66289,0
2.11188,0.40854,0
2.5755,-1.22946,0
2.98776,0.50646,0
1.75506,0.24054,0
3.36186,0.95766,0
0.58007,0.74337,0
3.79466,0.05062,0
1.88924,0.3864,0
3.99074,0.63086,0
2.99423,-0.26635,0
3.89541,0.721,0
1.02509,-1.20323,0
2.33398,-0.37342,0
2.63737,0.70706,0
4.03226,-0.99948,0
3.86849,-0.97549,0
4.02264,-0.92581,0
1.58501,0.84119,0
1.38438,-0.51453,0
1.64629,-0.38832,0
2.68447,-1.09984,0
3.01006,0.12822,0
2.97924,0.92322,0
3.6389,0.5007,0
3.12747,-0.23333,0
2.39974,-0.40994,0
2.31734,0.25152,0
2.25041,0.519,0
2.65064,0.54672,0
1.62949,-0.23701,0
1.49605,-0.82701,0
2.13549,-0.36175,0
1.7903,-0.8057,0
0.63195,-1.07414,0
2.64447,-0.13975,0
2.93953,1.0401,0
2.5577,-2e-05,0
1.64672,1.15951,0
1.54648,0.62103,0
1.66407,-0.00977,0
4.39359,0.36775,0
3.4316,-0.87157,0
2.4573,0.31031,0
2.24937,0.20087,0
3.92644,0.71909,0
3.27347,-0.15204,0
0.76533,0.79274,0
2.7529,-0.41379,0
2.89313,-0.58302,0
2.34164,1.24337,0
1.92459,-0.38149,0
3.82585,-0.76782,0
0.8131,0.36203,0
4.49243,0.71058,0
1.75053,-0.44382,0
2.51833,0.51045,0
2.02782,-0.10424,0
2.04733,-1.16147,0
3.90326,-0.08918,0
4.00904,0.85359,0
3.86646,0.52326,0
2.4552,0.49593,0
4.49464,0.60415,0
1.76148,0.87971,0
4.37238,0.63003,0
2.38287,0.66388,0
3.99916,-0.58276,0
3.88048,-0.393,0
1.29426,-0.57281,0
0.87082,0.80712,0
1.3088,-1.15679,0
1.47588,0.67899,0
3.77014,-0.00026,0
1.06042,0.9869,0
3.39542,-0.46281,0
1.52519,-0.37912,0
2.57471,-1.22798,0
1.01122,-0.14575,0
2.93217,0.79926,0
4.13694,-0.13816,0
1.57107,-0.75948,0
2.5778,-0.67081,0
1.34268,0.46833,0
4.20959,0.1416,0
2.78486,0.52873,0
3.46654,1.21221,0
3.15988,-0.68028,0
2.13426,1.2061,0
1.40814,-0.73123,0
0.57056,0.94875,0
4.29889,-0.78453,0
3.93853,-0.18306,0
2.0222,0.44514,0
2.82017,0.20296,0
1.61553,0.19632,0
1.24891,1.18583,0
2.64015,-0.48736,0
0.96289,0.38132,0
3.17614,0.1126,0
1.59803,0.22612,0
2.35186,0.83677,0
2.02798,-1.04219,0
1.53679,0.45301,0
2.69184,0.99745,0
4.2306,0.09527,0
0.85599,-0.10825,0
1.83628,-0.8116,0
2.94997,-0.89028,0
1.55028,-0.61014,0
1.77158,0.20821,0
1.25617,1.24929,0
1.16241,-1.14047,0
3.32961,0.125,0
3.21299,0.20611,0
1.26697,0.94318,0
4.09713,0.59442,0
0.9795,0.57343,0
2.85448,-0.33996,0
1.22327,-0.93996,0
1.10275,-0.34489,0
4.48584,-1.19972,0
4.30486,-0.06429,0
4.0157,1.20801,0
0.58318,0.07188,0
1.0591,1.11656,0
1.73128,-0.40442,0
2.9437,-0.87618,0
1.81158,-1.0117,0
1.31867,-1.04637,0
2.28711,0.82381,0
1.51348,-1.21189,0
2.90465,0.25416,0
3.78125,0.24124,0
1.15844,-0.67549,0
2.85272,0.25327,0
3.31749,0.21882,0
1.5048,1.00787,0
3.88626,-0.20829,0
2.15515,-0.64028,0
3.56239,-0.40998,0
2.61771,0.02837,0
2.25361,-0.40708,0
1.45124,0.13446,0
2.9852,-0.36406,0
2.50672,-0.49709,0
4.48107,-1.1849,0
2.95986,-0.56519,0
3.08345,0.7607,0
2.08988,0.47536,0
1.06373,-0.47946,0
1.27414,-0.52002,0
3.18128,0.8642,0
0.73709,0.09949,0
4.08514,-0.75772,0
2.56759,-0.28553,0
3.99307,0.62452,0
2.55505,0.41822,0
2.47576,0.78583,0
3.9851,0.21467,0
4.32003,-0.38689,0
2.96046,-0.05071,0
2.56787,0.95361,0
1.4661,0.69208,0
0.79025,-0.2333,0
4.02812,-0.07746,0
4.09247,0.23481,0
3.19237,-0.48402,0
0.71723,1.06399,0
2.94983,-1.07309,0
1.61819,-0.21031,0
1.43477,0.1455,0
0.72164,-0.64427,0
1.30724,-1.23768,0
2.67466,-0.20549,0
4.20353,0.36335,0
2.57381,0.7936,0
1.43765,0.82294,0
4.04544,0.12509,0
3.58726,0.83105,0
2.12907,-0.07096,0
2.13507,-0.55227,0
1.68659,-0.70893,0
1.61536,0.07419,0
2.50722,1.0367,0
3.76295,0.25248,0
1.77342,-0.78932,0
4.46431,-0.84037,0
1.13173,-0.81009,0
1.73634,-0.47712,0
1.22829,0.48455,0
1.73853,-0.71117,0
1.23243,-0.94485,0
0.94131,-0.45932,0
4.38949,-0.27103,0
0.79447,-0.07046,0
1.83339,0.72156,0
4.18293,1.11967,0
4.12961,0.11835,0
2.5933,-1.15934,0
4.4873,0.39015,0
2.47817,0.13455,0
3.77967,0.9586,0
3.3515,-0.16168,0
1.32608,-0.66496,0
3.81247,0.5623,0
2.41337,-0.8826,0
3.05749,-0.08552,0
0.79541,-0.11015,0
0.90428,0.34661,0
2.80477,0.80726,0
3.84289,-0.74203,0
4.4673,-0.85073,0
1.69601,-1.01513,0
1.25212,0.3438,0
1.75854,1.12462,0
2.70159,0.00711,0
0.96805,0.25466,0
4.08927,0.68356,0
3.22446,0.55965,0
0.87049,-1.06392,0
1.92336,1.0158,0
4.16694,-1.21303,0
3.14801,-0.60708,0
0.91105,1.10687,0
0.53709,0.00952,0
1.68931,0.02415,0
3.4016,-0.21096,0
3.33291,-0.37974,0
3.78968,0.51159,0
3.96972,1.00498,0
4.26358,0.61349,0
0.62457,-0.17079,0
1.53846,-1.03012,0
4.27467,0.15776,0
1.01876,0.8732,0
3.83499,-1.20234,0
2.63085,0.41497,0
3.60707,-1.21099,0
0.51888,0.2307,0
2.53403,0.20011,0
2.86649,0.65844,0
3.23115,0.59462,0
0.67685,-1.10233,0
2.96082,0.31949,0
2.1453,-1.04267,0
0.85718,1.06829,0
0.83876,0.17799,0
2.28241,0.31624,0
2.84587,0.88487,0
2.78768,-0.15839,0
2.29376,0.58909,0
2.24587,0.05591,0
3.74871,0.4099,0
3.01618,-0.69959,0
1.70075,0.06611,0
1.71995,0.02146,0
2.89661,-0.18471,0
4.45963,-1.0897,0
2.86393,-0.72842,0
1.06602,-1.09789,0
0.54472,1.19857,0
3.23006,-1.22608,0
0.93318,1.1354,0
0.98889,0.98292,0
1.18093,-1.14104,0
0.5475,-0.29845,0
4.10793,1.14266,0
4.09622,0.59812,0
3.54338,-0.30754,0
3.59083,1.08454,0
1.72214,0.65213,0
3.98293,-0.87388,0
2.4737,-0.02122,0
1.18631,0.80883,0
4.11459,0.15039,0
1.42892,-0.26685,0
0.73987,0.30614,0
1.26028,0.53888,0
1.34387,0.55566,0
3.58823,-0.38561,0
3.3694,0.85945,0
3.33357,0.04245,0
3.12209,-0.20726,0
1.0729,-0.84571,0
2.54348,0.78061,0
4.23568,0.65481,0
2.87879,0.72627,0
1.66412,0.71284,0
0.50755,0.48444,0
3.20575,-0.82118,0
3.97758,-0.8572,0
0.72167,0.01885,0
2.64324,0.86241,0
2.7217,-0.46991,0
3.65767,-0.12889,0
3.99008,0.13905,0
1.8557,0.17246,0
1.17271,0.90322,0
3.83579,-0.26076,0
3.92817,-0.41772,0
3.86817,1.19423,0
3.30121,0.96003,0
0.59882,-0.63239,0
3.97462,0.91575,0
2.5751,0.69747,0
1.16787,-0.88903,0
1.01734,0.02149,0
1.87469,-0.79282,0
3.46065,1.13905,0
2.98076,-0.58043,0
1.02418,-0.94726,0
3.35112,0.18495,0
2.70112,0.77241,0
3.24103,-0.98592,0
1.1913,0.27029,0
3.53099,0.00443,0
4.13841,-0.00918,0
1.72172,-0.60538,0
1.61287,1.04866,0
2.56857,-0.70023,0
1.95878,-0.48307,0
0.69189,-0.2143,0
2.51498,0.17251,0
1.30505,0.69178,0
0.69749,0.95661,0
1.56288,0.98561,0
2.68487,-0.49259,0
3.87321,1.03943,0
1.76202,-0.47244,0
0.88193,-0.66613,0
0.90149,0.31394,0
1.72171,1.00115,0
4.0306,-0.85297,0
3.06572,0.91388,0
4.07704,1.2203,0
2.1702,-0.51514,0
3.51622,1.02379,0
4.22476,0.94275,0
0.74723,-0.16544,0
1.11138,1.20887,0
2.23521,-0.21534,0
1.26146,-0.11648,0
4.46863,-0.85402,0
0.5332,0.64836,0
1.70598,0.24989,0
1.27341,0.21551,0
4.20045,1.00505,0
0.91946,0.96829,0
0.96789,-1.1292,0
2.06898,-1.04122,0
2.65715,-1.01407,0
4.46916,0.43449,0
2.06355,0.50417,0
1.32621,0.62872,0
1.2996,-0.53401,0
4.01988,0.98121,0
2.29702,-1.12701,0
2.7419,-0.79974,0
3.68322,-0.71769,0
4.04196,0.68224,0
3.49185,0.31932,0
4.03998,0.22946,0
2.87798,-0.53841,0
4.17842,0.27495,0
4.01731,0.54039,0
1.23125,0.52915,0
4.42345,0.25477,0
4.1343,0.21607,0
3.30899,1.13061,0
2.81088,0.04345,0
0.53374,-0.68004,0
2.47587,-0.29988,0
3.17679,1.08352,0
1.26343,-0.79751,0
2.33595,-0.13347,0
3.83281,-1.05237,0
3.07182,-0.68134,0
1.04483,-0.1301,0
4.315,0.19602,0
2.1082,0.19327,0
4.27691,-0.03226,0
0.50416,-0.67104,0
3.65942,0.19005,0
1.42405,-1.02074,0
1.43492,-0.3606,0
0.71315,0.4807,0
3.46854,0.35057,0
1.65453,0.27218,0
2.88582,-0.64221,0
2.17782,-0.54065,0
1.26084,1.13215,0
0.87681,-0.53013,0
2.4511,-0.04041,0
0.77342,-0.38635,0
1.33461,0.09592,0
0.87013,0.13051,0
3.05845,0.79043,0
2.83762,-0.58852,0
0.91311,0.51928,0
2.95202,-0.31482,0
3.15003,1.02905,0
2.7937,1.06528,0
3.11836,-0.44597,0
1.99821,-0.73564,0
1.66878,0.42469,0
2.95121,0.81542,0
2.19122,-0.99443,0
1.53529,0.5906,0
3.73332,-0.1727,0
0.98735,0.46417,0
1.93897,0.91948,0
1.39929,0.22985,0
1.63319,0.84265,0
3.23019,0.91723,0
1.3711,-1.05139,0
3.5844,-0.53603,0
1.55595,0.78217,0
3.29422,-0.01384,0
4.39717,-1.12569,0
4.21185,0.27106,0
3.89403,-0.81651,0
0.68297,-0.75032,0
1.67693,-0.90231,0
0.50395,0.87572,0
2.92794,0.81145,0
2.70589,0.1869,0
4.07591,0.78992,0
3.27285,0.29226,0
3.41934,0.63763,0
0.7692,-0.60922,0
3.63807,-1.03603,0
4.37617,0.1028,0
3.22342,0.65826,0
3.36761,0.4639,0
4.41451,-0.78227,0
2.67555,0.83383,0
2.04811,0.49317,0
3.41626,-0.58031,0
3.81958,-1.16952,0
1.67382,-0.07327,0
3.56263,0.61801,0
1.03524,-0.91653,0
3.30721,0.25526,0
1.20286,0.62206,0
2.50784,-0.59246,0
1.57646,0.59344,0
1.86248,-1.11651,0
2.22269,0.924,0
3.68026,-0.94084,0
2.60277,-0.45373,0
1.72306,-0.8474,0
0.95143,-0.81289,0
1.36959,0.80066,0
4.08667,1.24181,0
3.55675,-0.20743,0
2.40566,-0.67046,0
3.65794,0.12834,0
2.5651,-0.97704,0
0.62174,0.73042,0
2.67041,0.98137,0
2.39629,-0.52598,0
1.74217,-0.27947,0
3.93896,0.40026,0
2.46072,0.21049,0
1.10922,0.86569,0
3.94561,-0.76862,0
1.12363,0.57619,0
1.95614,0.69944,0
3.32813,0.72846,0
3.97772,-0.53018,0
4.29807,0.73591,0
3.20796,0.37489,0
1.72366,-1.15395,0
1.58921,0.71592,0
3.705,0.84038,0
3.17536,0.94681,0
2.5144,0.38027,0
4.01787,-0.97507,0
1.60498,0.46503,0
1.37785,0.83523,0
2.41467,-0.06647,0
3.52457,-0.02799,0
0.65867,-0.85455,0
3.9747,0.44825,0
3.73517,-1.2128,0
2.5091,-1.13499,0
0.85842,-0.32237,0
0.82075,0.01974,0
3.18332,-0.47314,0
1.84306,0.99124,0
1.7928,0.02366,0
3.68657,0.36197,0
2.74037,-0.12516,0
0.55697,1.19808,0
2.99535,1.19571,0
3.92012,-1.11764,0
0.61594,0.16957,0
4.23775,-0.05944,0
0.59963,0.87626,0
3.90132,-0.60248,0
1.33873,-0.93497,0
3.08896,0.54789,0
3.53345,-0.70552,0
4.27155,-0.46162,0
1.42309,-0.84861,0
2.50888,0.98011,0
2.57624,-0.2696,0
2.16181,-0.13866,0
3.80479,0.3073,0
2.68484,0.0555,0
0.9652,-0.80028,0
1.8437,1.10213,0
2.81293,0.70185,0
4.09447,0.95326,0
3.97456,1.24006,0
0.76365,0.71432,0
4.26621,-0.98534,0
2.95957,0.63771,0
3.13229,-0.74419,0
2.30428,-0.18754,0
2.59921,0.52707,0
0.60897,1.03718,0
3.78957,0.26662,0
4.27392,0.60374,0
2.0964,1.14061,0
0.69378,0.29558,0
0.74949,0.86552,0
1.20068,-0.33407,0
2.73672,-0.21474,0
3.52979,0.42185,0
2.59726,0.00741,0
2.23071,-0.26983,0
0.74545,-0.31328,0
1.58679,1.00091,0
1.30029,0.42149,0
3.08816,-1.12023,0
3.79522,1.01085,0
2.32847,-0.09588,0
3.66779,-0.602,0
0.98561,-1.05064,0
1.76063,-0.02676,0
2.79903,0.95931,0
3.41164,-0.59814,0
1.67272,0.20121,0
2.18757,-0.57307,0
4.00381,0.72681,0
3.79245,-0.80188,0
3.18486,0.27702,0
4.25596,1.14239,0
2.49718,-0.66578,0
0.96978,-0.91388,0
1.3215,-0.87802,0
0.8089,1.18524,0
0.83013,0.00391,0
0.53306,0.67826,0
1.14476,-0.49272,0
3.07669,-0.19803,0
4.13221,-0.11046,0
1.50562,-0.75043,0
3.95068,0.16291,0
1.8331,0.56266,0
2.06168,0.58249,0
2.82346,1.0274,0
1.57254,0.46761,0
0.74797,0.816,0
3.47223,-1.08437,0
2.17523,0.18602,0
4.0211,0.74721,0
4.03757,0.21867,0
2.36908,1.08596,0
1.26485,0.88556,0
3.14456,-1.13511,0
3.56006,0.68584,0
1.69788,-0.63178,0
0.91893,0.0118,0
2.04498,-0.26323,0
4.28962,0.79725,0
3.08632,0.55662,0
1.15433,-0.14681,0
3.80098,-1.11854,0
2.90916,-1.04417,0
1.73432,0.91647,0
3.7971,-0.52162,0
2.10721,0.69071,0
3.18419,-0.60301,0
2.51873,0.20293,0
3.06866,0.08713,0
1.02329,1.10125,0
4.40384,-0.87037,0
2.65158,0.5093,0
1.76714,0.0449,0
3.7076,0.60981,0
3.78576,-0.8575,0
0.71358,0.87446,0
2.65661,0.73325,0
0.80955,0.46539,0
2.56433,0.92881,0
4.47705,0.42845,0
3.93778,0.97446,0
0.74238,0.84575,0
3.4137,-0.65457,0
1.23572,0.60564,0
4.0302,1.22105,0
1.75977,-0.94476,0
3.2192,0.72566,0
1.93873,0.15756,0
2.24187,-0.95796,0
1.61703,0.88676,0
4.10003,0.81557,0
1.18711,-0.66211,0
1.73648,-1.19671,0
1.26355,-0.71764,0
3.694,-0.0361,0
1.47638,-1.10782,0
2.90669,-0.05163,0
2.33006,0.39878,0
0.7878,0.71297,0
0.61433,1.23261,0
3.56716,0.48931,0
3.98376,-1.06977,0
3.16302,-0.50222,0
1.47343,-0.6984,0
3.82339,-0.4999,0
2.13552,-0.16668,0
1.89731,1.05967,0
1.85047,-0.44888,0
1.27013,-0.87387,0
0.55116,-0.36801,0
4.30965,0.25321,0
1.66965,-0.92844,0
2.94929,0.21098,0
2.90884,-0.80703,0
0.91001,0.76202,0
4.48782,0.70317,0
3.74043,0.89966,0
1.81601,-1.1356,0
2.36276,-0.81946,0
1.11956,-0.23992,0
1.21733,0.03202,0
3.14231,0.79415,0
2.10975,-0.03142,0
3.73986,0.72174,0
2.77318,-0.98266,0
3.41976,0.09656,0
1.24204,0.98767,0
3.10034,1.04017,0
1.08296,0.20732,0
1.91547,-0.99841,0
3.47731,-1.0793,0
0.63778,0.8455,0
0.94201,0.22561,0
2.34486,1.0211,0
4.21693,-1.14312,0
2.14627,-0.99216,0
1.29202,0.87101,0
3.2023,0.45207,0
1.14122,-0.53223,0
1.78502,-1.05381,0
1.69716,-0.74376,0
3.64847,1.05768,0
3.1129,-0.93436,0
0.58807,-0.37859,0
1.70665,-0.513,0
4.33706,-0.38182,0
3.55215,1.03962,0
3.4799,-0.76622,0
2.88948,0.27666,0
3.42704,0.68526,0
2.49324,-0.54085,0
2.86752,-0.79891,0
3.05349,0.64521,0
3.57855,-0.41327,0
4.01512,0.30994,0
2.31208,0.73614,0
3.17247,-0.72034,0
1.33581,-0.06097,0
1.73626,-0.73366,0
1.39364,0.85532,0
3.99684,-1.20705,0
4.23364,-1.05308,0
3.95593,1.19097,0
0.64615,-0.88739,0
2.04487,0.37572,0
3.104,0.30042,0
2.2716,-0.69447,0
3.71307,-0.39989,0
1.25053,0.2251,0
0.74493,-0.08791,0
1.77175,-0.97218,0
2.20494,-1.08742,0
3.93983,-0.94378,0
0.96637,0.43336,0
4.26463,-1.1827,0
1.5555,-1.06989,0
1.98636,0.77628,0
1.54224,-0.3254,0
0.73058,0.02904,0
2.57725,-0.62269,0
2.30966,0.37758,0
2.17557,-0.27515,0
1.29857,-0.46215,0
0.72241,1.05792,0
3.3938,1.12977,0
1.92484,0.31257,0
4.35447,-1.15085,0
1.04099,-0.61896,0
2.70355,0.9601,0
4.07072,1.09172,0
2.73699,0.10981,0
3.45075,-0.27265,0
1.3873,1.21272,0
3.36176,-0.70287,0
2.2621,0.81164,0
1.43828,-0.39242,0
0.61644,1.08474,0
1.44836,-0.13255,0
2.06,-0.54587,0
0.54509,0.5509,0
0.54749,0.36013,0
4.40178,-0.27845,0
1.25873,-1.03626,0
2.51557,0.58651,0
2.96493,1.11344,0
2.26969,-0.81793,0
2.79007,0.81618,0
4.20864,-0.58735,0
2.99974,0.4404,0
1.59681,-0.67398,0
0.56704,1.04337,0
1.89112,0.21643,0
3.75161,0.7997,0
3.74068,0.22244,0
0.99886,-0.46072,0
4.10909,-1.03085,0
1.30254,-1.05193,0
2.29267,0.42764,0
1.56197,-0.82915,0
3.95098,1.21258,0
0.93847,-0.85133,0
2.41588,0.84643,0
3.91841,-0.4535,0
3.50661,-0.0984,0
3.39937,-0.12724,0
3.71043,-1.13515,0
0.63482,-0.09033,0
1.47844,0.31691,0
4.14429,-0.75087,0
3.04502,-1.24632,0
3.43935,-0.56459,0
4.09187,-0.3004,0
3.27096,0.87542,0
1.65123,0.51676,0
1.929,0.19911,0
2.26918,-0.19039,0
3.50618,-0.91861,0
4.10259,0.32511,0
0.64541,0.49063,0
0.92726,0.21737,0
2.90871,-0.36866,0
4.16163,0.67179,0
3.74641,0.27977,0
1.0371,1.12889,0
3.72029,1.22347,0
2.56213,-1.01129,0
3.53668,0.32624,0
1.31693,-0.55354,0
1.05549,1.07526,0
0.56984,-1.24725,0
1.18374,0.28153,0
3.97015,1.0867,0
1.55636,-0.62754,0
3.2824,0.54221,0
4.07654,0.55904,0
1.73738,0.25052,0
2.94466,-0.8565,0
3.64653,1.06335,0
1.16967,0.54428,0
1.09209,-0.12013,0
3.25504,0.56145,0
4.14388,-0.31152,0
4.1007,0.3348,0
4.45439,0.17657,0
2.97521,-0.83527,0
3.08802,-0.20328,0
1.31428,-0.35362,0
0.61934,-0.86676,0
3.45911,0.15992,0
3.08298,0.19532,0
3.18868,-0.94054,0
0.57111,0.84808,0
3.38411,-0.81568,0
0.94311,-0.77027,0
3.17222,0.92199,0
3.95644,0.83861,0
0.66022,0.6024,0
3.88527,1.21879,0
3.16297,-1.00232,0
1.24391,0.12218,0
2.15477,0.02574,0
1.45201,-1.02278,0
1.61835,1.08804,0
4.02438,0.289,0
1.07999,-0.69337,0
0.95676,0.7646,0
2.0857,-0.10764,0
1.1159,-1.15092,0
4.30285,-0.86142,0
1.39737,0.02943,0
2.28888,-1.21174,0
0.62553,0.69073,0
0.78764,-1.10622,0
4.35668,0.42691,0
3.69235,1.12719,0
0.74307,1.14939,0
2.41012,0.68077,0
1.62702,-0.03332,0
2.76818,0.26669,0
1.17896,0.10482,0
3.21943,-0.90712,0
0.86532,0.90412,0
1.8606,-1.09596,0
4.46002,-0.04416,0
3.60301,0.91542,0
3.29484,-0.4191,0
3.11073,0.49463,0
4.33684,0.56739,0
2.87972,0.1408,0
3.56816,0.56539,0
0.76832,-1.00466,0
0.77787,0.27715,0
4.30814,1.20362,0
2.99046,-0.0347,0
2.39036,-0.27299,0
2.60728,-0.66832,0
0.69402,1.16223,0
3.78872,-0.16034,0
3.88817,-0.53161,0
1.21798,-0.63643,0
0.83686,0.86932,0
1.98339,0.50768,0
4.13175,-0.62376,0
1.59707,0.01029,0
0.69825,0.31989,0
1.61155,0.93822,0
2.88151,0.97882,0
3.09049,1.09704,0
2.64881,1.14455,0
3.12625,0.11811,0
4.37713,-0.94793,0
0.54215,-0.89569,0
4.24584,0.3096,0
1.12089,0.2281,0
0.65809,-0.83535,0
1.32283,0.25557,0
4.25389,0.45442,0
4.14681,-0.25806,0
3.38754,-0.58543,0
2.3433,0.62794,0
1.53405,0.69856,0
3.70496,0.17877,0
3.87597,0.76161,0
2.24139,-0.84215,0
2.34967,0.71732,0
0.89044,-0.11836,0
4.30874,0.15482,0
4.00005,0.91794,0
0.90596,0.96872,0
2.36802,-0.67102,0
2.04741,-0.48247,0
4.37616,-0.11288,0
1.66093,-1.23816,0
0.8719,0.67275,0
1.13617,-0.90902,0
3.08034,0.89427,0
3.48577,-1.13688,0
3.56186,1.15818,0
1.68578,-1.06959,0
1.99859,0.90996,0
3.31659,0.40683,0
1.08827,-0.75047,0
0.57014,-0.19706,0
2.7552,-0.75809,0
3.39505,0.68255,0
1.43557,0.52327,0
2.27841,-0.28232,0
1.91888,-0.95556,0
2.60685,0.54253,0
3.41161,-0.23902,0
2.85324,1.09685,0
1.78263,-0.48051,0
3.79427,1.23641,0
3.55459,0.69863,0
3.90267,-0.53675,0
4.12353,-0.78667,0
3.8974,-0.9523,0
3.58597,0.75729,0
3.33015,0.44241,0
3.16511,-0.75691,0
3.28493,-0.90726,0
4.0671,-0.42672,0
4.15302,1.12725,0
3.97245,0.52249,0
1.15824,-0.69757,0
3.58181,-0.88525,0
1.1565,-0.93649,0
2.35756,1.02824,0
1.47536,0.36073,0
0.61469,1.09928,0
3.47761,-0.9126,0
3.04019,0.98572,0
3.58006,-0.80514,0
3.59706,-0.09915,0
2.63288,0.3993,0
2.19418,0.47448,0
3.52048,-0.53338,0
0.71661,-0.28025,0
1.55204,-0.68422,0
3.28184,1.14008,0
3.77119,1.22595,0
0.7796,0.42063,0
1.30181,1.10166,0
3.35917,-1.19523,0
2.69142,-1.06963,0
3.17372,0.86513,0
3.62767,1.11087,0
2.71886,-0.91551,0
2.40498,1.15235,0
1.06125,0.22676,0
1.16537,0.0248,0
3.13277,-1.12894,0
1.12197,0.18698,0
1.26432,-0.42003,0
1.10925,1.00832,0
2.66742,0.16636,0
2.32809,-1.19426,0
3.78309,-0.70665,0
0.6954,-0.39871,0
2.80872,-1.10249,0
3.99544,-1.0555,0
1.99912,-0.64352,0
1.20272,0.95803,0
1.9976,-0.39413,0
1.63964,-0.19954,0
2.33625,0.47609,0
0.69453,0.7559,0
2.23028,0.57265,0
1.76894,-0.95127,0
0.59717,-0.66888,0
3.14247,1.14342,0
1.70166,-0.68147,0
1.61179,-0.08406,0
1.95502,0.48374,0
2.2702,0.36548,0
1.20587,-0.07575,0
2.57242,0.20355,0
3.11946,0.71043,0
2.26457,-0.75926,0
2.29788,-1.22354,0
3.05161,0.28746,0
1.63563,-0.07818,0
3.92422,-0.90617,0
1.31004,-0.56819,0
4.21914,1.08633,0
3.42084,0.1633,0
4.26388,0.9725,0
3.10247,0.82172,0
2.78072,-0.24824,0
3.47057,0.04057,0
2.37308,-0.61489,0
2.87569,0.04108,0
2.84625,0.67056,0
1.86881,-0.05425,0
3.02978,-0.26709,0
2.04359,1.12269,0
2.93616,-0.45301,0
2.68545,-0.86981,0
4.14548,-1.0368,0
3.30476,1.06178,0
3.75648,-0.00644,0
1.12136,1.0121,0
4.13223,0.06025,0
4.25571,0.47427,0
2.2784,0.08049,0
1.30417,0.15309,0
1.77947,-0.50861,0
1.55288,0.67921,0
2.16531,-0.43232,0
3.25003,-1.13687,0
4.12839,-0.51075,0
4.36079,-0.03838,0
3.05452,-0.1931,0
3.24647,0.53893,0
1.76054,-1.2191,0
4.09152,-0.73913,0
3.3528,-0.1928,0
2.98242,-0.83562,0
3.19038,1.19329,0
0.78695,0.20103,0
1.90168,0.23299,0
0.60661,0.89971,0
4.14696,0.94613,0
2.51201,-0.73038,0
3.92981,-0.78472,0
3.34073,0.09471,0
4.30285,-0.36918,0
2.5969,-0.83268,0
3.69481,-0.17868,0
1.74336,-0.22065,0
0.66076,-0.59813,0
2.3573,-1.04607,0
3.45197,0.09385,0
1.86438,-0.19296,0
4.01346,0.27784,0
1.14954,0.61425,0
3.13313,-1.2383,0
3.4694,-1.00694,0
2.06869,0.56765,0
3.50747,-0.91178,0
3.45298,-1.18534,0
0.9845,0.95655,0
1.42726,-0.23931,0
2.59842,-0.64703,0
3.27204,-0.43421,0
0.67218,1.16613,0
2.4439,0.52611,0
1.44493,0.35921,0
0.90869,-1.02767,0
3.43631,1.0934,0
1.17968,0.19774,0
0.56527,0.36331,0
1.01605,-0.92211,0
1.60898,-0.21452,0
1.82642,1.21737,0
2.98526,-0.20016,0
0.95318,-0.44215,0
1.91548,-0.05071,0
2.01237,1.22837,0
4.46479,0.52753,0
1.34725,-0.34475,0
3.64217,0.77292,0
0.73625,0.59681,0
1.75058,-0.24751,0
3.38307,1.24041,0
4.09281,-1.23603,0
3.39089,-0.47529,0
2.84492,-0.70799,0
2.38797,-0.94704,0
4.11009,-0.82935,0
2.46139,-0.25984,0
3.02322,0.79479,0
1.64333,-0.59487,0
4.27962,-1.2287,0
2.54665,1.20912,0
1.31895,-0.15168,0
0.92898,0.90297,0
3.55734,0.95461,0
3.06064,0.78869,0
3.2188,0.3841,0
1.54482,1.24916,0
1.53042,0.28322,0
3.64983,-0.74368,0
0.968,-0.68282,0
2.04163,-0.64948,0
1.06024,-0.31695,0
3.29966,-0.4628,0
2.51751,0.83721,0
2.81776,-0.15928,0
3.22129,0.82853,0
3.3189,0.05619,0
4.09959,0.24023,0
0.66896,-0.98581,0
3.94057,0.46231,0
3.69101,-1.0935,0
1.17679,0.56008,0
4.10664,0.57506,0
1.95415,-0.48969,0
2.5837,-0.8917,0
3.82991,-0.63953,0
1.60243,-1.01464,0
0.55516,0.45588,0
2.14984,0.86651,0
3.95496,-0.79466,0
3.98967,0.92914,0
3.85811,0.66319,0
2.26261,-0.968,0
1.09204,0.0215,0
1.82301,0.34759,0
1.28911,1.23955,0
1.61155,-0.02312,0
2.94597,-0.14294,0
0.72919,0.23124,0
0.7933,0.32752,0
3.60924,-0.47285,0
2.0955,0.79853,0
1.12463,-0.44641,0
1.02762,-0.66829,0
2.30639,0.03667,0
1.28924,0.83041,0
1.36064,-0.5727,0
2.57357,0.79535,0
3.25781,0.22765,0
3.06136,0.10384,0
3.78894,0.61535,0
2.76834,-1.21657,0
2.49962,0.19093,0
4.323,-0.8073,0
1.6622,-1.23275,0
2.91081,0.57938,0
0.52386,0.23232,0
2.38658,1.02226,0
3.30479,0.30646,0
0.74399,0.84771,0
1.937,1.06969,0
3.20866,1.12305,0
0.70115,-0.74058,0
3.03815,-0.67304,0
2.32695,0.80231,0
2.35172,0.78567,0
1.88477,0.70226,0
3.47446,-1.07629,0
1.28615,-0.59271,0
2.91809,-0.03274,0
4.33286,1.14492,0
1.2073,1.06104,0
2.70633,-0.91145,0
4.06063,-0.07156,0
4.39656,0.79077,0
0.51594,0.4832,0
1.00598,1.05911,0
2.14531,0.36927,0
1.69623,-0.74488,0
2.59203,0.66187,0
1.95499,0.97911,0
2.17171,0.49326,0
3.27266,-0.52235,0
2.44962,0.53547,0
2.75076,-1.222,0
3.07795,0.3222,0
2.28796,-0.03305,0
1.76455,-0.43004,0
2.19583,0.14567,0
3.63676,-0.56773,0
3.13355,0.62455,0
3.52315,-0.25909,0
0.85577,-0.66383,0
2.15185,0.62747,0
1.0253,0.6964,0
3.12964,-1.19204,0
2.09497,0.78181,0
3.91813,-0.51124,0
2.39779,-1.02689,0
3.42806,1.24682,0
1.81978,1.07441,0
1.98383,-1.0838,0
3.68165,0.85355,0
4.27974,-0.29833,0
4.27021,-0.53594,0
4.0232,-0.19045,0
1.55779,-0.26801,0
1.14524,-1.13063,0
3.83744,1.19334,0
2.39839,-0.20592,0
2.74887,0.05305,0
0.81463,0.90866,0
2.6105,-0.59326,0
0.84015,-0.14671,0
2.94099,0.4414,0
0.59672,0.11853,0
2.44291,-1.03102,0
4.25456,-1.0145,0
2.13191,-0.95316,0
1.97873,0.46717,0
1.65588,-0.87387,0
1.96514,-0.1336,0
3.61251,-0.08679,0
3.05604,0.76146,0
0.50222,0.4136,0
4.29301,0.66944,0
0.86518,0.11723,0
1.51284,1.12878,0
3.49266,-0.0207,0
2.76199,0.93807,0
1.48037,0.8966,0
2.04025,1.23962,0
1.3173,0.6779,0
4.43329,0.02809,0
3.90639,1.05957,0
2.98759,1.14024,0
1.86518,0.95157,0
3.28377,0.27788,0
3.29863,0.92203,0
2.07215,-0.51903,0
1.91165,1.13505,0
1.34001,1.23535,0
2.48218,0.24699,0
2.97473,0.40052,0
4.24361,1.00186,0
3.54267,0.66863,0
1.10363,-0.07718,0
3.12078,0.46672,0
3.14446,0.42372,0
2.78789,-0.70794,0
2.95797,-0.53709,0
1.3684,-1.22631,0
4.27558,-0.24311,0
0.60374,-1.02697,0
0.88386,0.01777,0
3.27815,-0.16896,0
2.72638,1.20028,0
2.92183,-0.9229,0
0.80508,0.85705,0
3.03141,0.77292,0
3.47047,-0.42161,0
4.19779,0.90655,0
3.54339,-1.11698,0
3.3943,0.63848,0
4.48379,0.73112,0
2.93741,-0.39399,0
1.92968,-0.92733,0
2.40324,-0.76826,0
1.48774,-1.13155,0
3.21183,-1.00042,0
1.56379,-0.23609,0
3.33294,-1.13503,0
3.88298,-0.3945,0
2.96017,0.96881,0
4.48605,-0.06034,0
2.81868,0.60101,0
0.76183,-0.13213,0
2.24479,-0.21358,0
3.33708,0.47959,0
1.15739,-0.88947,0
3.61037,-0.5896,0
4.11434,-0.66857,0
1.84799,0.95993,0
3.32977,1.02245,0
2.53038,-0.69559,0
1.43208,-0.14522,0
2.49575,-0.83954,0
2.04076,-0.14211,0
3.51115,-0.47249,0
4.26672,0.1818,0
0.72233,0.81818,0
2.3123,-0.7247,0
3.97604,-0.37166,0
4.42355,-0.48035,0
1.12005,-0.61272,0
4.21464,1.14189,0
2.04228,-0.08671,0
4.24396,0.77384,0
3.98807,-0.42991,0
1.24,0.37173,0
2.62691,0.63992,0
3.4942,-0.5188,0
2.32309,-0.82188,0
3.79162,0.62529,0
1.18412,-0.10648,0
1.15389,-1.0788,0
2.89162,-0.27321,0
2.28379,0.26358,0
0.77575,1.15912,0
1.59699,0.24357,0
2.99725,0.89132,0
3.34955,1.18638,0
1.89309,-0.10191,0
2.32169,1.2101,0
0.81814,-0.92472,0
2.48156,0.27012,0
0.71553,-0.69242,0
1.84506,0.11554,0
0.82881,0.28054,0
4.03944,-1.22083,0
1.09171,0.21975,0
0.6805,0.43924,0
4.18849,-1.08946,0
1.75998,1.10159,0
1.29141,0.99281,0
1.26092,0.74016,0
0.8377,-1.03781,0
2.88239,-0.37257,0
4.07648,-0.19832,0
4.44177,0.37041,0
3.49785,0.41869,0
0.74924,-0.74621,0
3.6724,-0.50669,0
3.52536,-0.25763,0
1.83992,0.1408,0
0.83247,0.39424,0
2.21801,-0.08852,0
2.29515,-0.82023,0
2.12141,-0.02691,0
2.60841,0.18052,0
3.52542,0.38624,0
0.82811,-1.24695,0
2.3332,-0.08017,0
3.20478,-1.06813,0
2.76803,0.07852,0
3.98164,1.17998,0
3.1998,0.13039,0
3.90673,0.0923,0
3.84372,-0.42889,0
2.18397,-1.09977,0
0.62533,-0.46859,0
3.08551,1.04821,0
1.71479,0.3334,0
2.33715,-0.73967,0
2.9854,-0.1519,0
3.37263,-0.85882,0
1.55622,0.32742,0
3.00356,0.59228,0
1.98203,0.12073,0
4.29102,-0.78172,0
4.05471,-0.56156,0
4.40863,-0.71941,0
3.36024,1.06759,0
4.42814,0.81844,0
1.59364,1.13654,0
1.47445,0.13401,0
4.02538,-1.04409,0
2.63077,0.76261,0
4.44512,0.42608,0
2.34322,0.98509,0
1.6099,-0.09466,0
1.82558,0.51003,0
4.40723,-0.12509,0
1.86569,0.32168,0
2.21564,0.65545,0
3.62107,0.95241,0
3.11219,1.21494,0
3.75434,-0.9601,0
4.06844,-1.23851,0
2.78851,-0.85622,0
3.68388,0.22637,0
2.12467,0.78949,0
4.07525,-0.99145,0
1.25766,-0.3002,0
4.12307,0.62367,0
2.03364,-0.74924,0
2.20523,-1.11955,0
2.38951,0.10226,0
2.83939,-0.37606,0
3.03631,0.95109,0
1.87028,0.02611,0
1.91007,-1.24123,0
3.83436,1.21313,0
3.12074,1.06204,0
0.82698,0.08667,0
1.42082,0.6209,0
1.26497,-0.6005,0
1.43325,0.22417,0
1.9264,0.16643,0
4.24218,-0.32997,0
1.60222,-0.79302,0
1.47092,-1.01165,0
1.53681,-1.06609,0
1.73387,-0.07145,0
2.36135,-0.47608,0
0.76258,-0.93004,0
1.59541,1.08991,0
1.7557,0.51447,0
3.27537,-0.68226,0
3.1605,-0.03799,0
1.81154,0.33957,0
1.13069,-0.65094,0
2.47633,0.95492,0
0.85122,0.9717,0
2.61308,-1.01625,0
1.01691,0.58139,0
3.54935,-0.4535,0
2.82491,0.63935,0
1.19169,0.27187,0
1.61879,0.13139,0
3.90613,-0.08532,0
3.02182,-0.29793,0
0.51161,0.47073,0
2.25892,-0.17646,0
0.64959,-0.47164,0
2.3013,0.62676,0
3.03193,0.72832,0
1.24371,0.16472,0
3.55805,-0.39925,0
2.6502,-0.6454,0
1.81022,-0.04198,0
1.25871,0.19531,0
2.7246,1.05838,0
3.95716,1.09995,0
1.77553,-0.26492,0
3.27212,-0.04362,0
2.6964,-0.00128,0
1.51463,0.45541,0
1.53591,-0.79058,0
1.54283,-0.24829,0
2.5857,0.97999,0
0.84297,-0.75194,0
2.72327,-0.46517,0
0.8753,-1.04402,0
1.16971,-0.00708,0
2.71854,-0.74502,0
1.04928,1.19795,0
2.61856,-0.86834,0
2.42399,-0.05956,0
0.52255,-0.08851,0
0.76061,-0.86466,0
2.02049,1.21248,0
4.40376,0.56374,0
1.51023,0.72716,0
4.2413,-1.12859,0
0.66984,-0.17564,0
2.65711,1.06147,0
1.26334,-0.50648,0
2.06486,0.90047,0
3.12062,-0.62328,0
3.43156,0.89426,0
2.81768,-0.23703,0
3.55341,-0.67203,0
4.39292,0.80013,0
0.67546,-0.18674,0
1.71504,-1.22799,0
2.71158,0.88356,0
0.76524,0.28273,0
1.78971,0.31767,0
3.67714,-0.79899,0
2.06358,0.45233,0
2.66331,-0.05348,0
4.27757,0.28828,0
3.66638,-0.65885,0
1.61969,0.68881,0
1.66902,-0.96768,0
4.28502,0.09963,0
3.5045,0.37275,0
1.12891,0.22934,0
1.20391,0.79616,0
1.19779,-0.37462,0
3.94976,-0.59799,0
1.5181,0.44331,0
3.46529,1.18649,0
4.20841,1.05528,0
4.0172,-1.0225,0
4.43834,-1.20613,0
0.68878,-1.21565,0
2.52087,-0.96888,0
4.22631,-0.40739,0
4.07589,-1.00852,0
2.2357,0.40377,0
1.56703,0.4922,0
1.31547,0.65993,0
4.48919,-0.32299,0
4.11358,-0.15979,0
0.74665,0.85174,0
3.89939,1.24248,0
2.66976,-0.93367,0
2.54809,0.96842,0
2.75007,-0.21304,0
0.93157,-1.2285,0
2.0093,-0.93378,0
1.13226,0.51811,0
4.20842,-0.4656,0
2.54483,0.26738,0
1.28818,1.07471,0
4.48606,0.72405,0
2.12277,1.20542,0
3.08464,0.68589,0
3.04989,-0.62598,0
3.55088,0.25242,0
2.11206,1.08604,0
1.03246,0.48868,0
1.48193,0.50094,0
3.41088,-0.35513,0
2.17269,-0.88721,0
2.45898,0.42607,0
1.91914,-1.00241,0
3.48919,0.49791,0
1.18729,-0.03921,0
2.19298,-0.34781,0
1.18655,0.02429,0
3.40904,0.37846,0
3.76263,0.82729,0
0.68505,0.50984,0
0.93136,-0.91593,0
4.23569,-1.19314,0
1.96247,-0.30647,0
1.28254,0.4477,0
3.9896,0.98827,0
4.2341,-0.17261,0
2.27643,-1.0056,0
0.92426,1.17062,0
2.31019,1.22882,0
1.3606,-0.83913,0
3.97678,-0.67046,0
2.19118,1.13718,0
1.28826,0.74556,0
3.3175,-0.13227,0
3.0882,1.01413,0
1.10625,-0.232,0
1.79695,-0.25519,0
1.37341,-1.05719,0
2.07671,0.97722,0
2.72989,0.85855,0
3.90027,0.68284,0
1.33115,0.01813,0
2.6219,1.17014,0
2.99157,-0.01177,0
1.28033,0.34054,0
1.00311,0.73758,0
4.00691,0.98708,0
1.89203,-0.88161,0
1.62168,-0.87834,0
1.14881,-1.11693,0
1.50147,0.93094,0
2.98724,0.37509,0
1.37997,-1.07033,0
1.76156,0.96887,0
1.25899,0.55668,0
3.95861,-0.25404,0
0.94821,-0.70311,0
0.70859,-0.31165,0
1.82124,0.35741,0
2.19436,-0.74495,0
1.64551,-0.60085,0
3.43102,0.91137,0
3.65104,-0.26607,0
4.02972,-0.2889,0
1.35439,-0.91626,0
0.57831,0.38057,0
0.55306,0.84493,0
0.84198,-0.46627,0
2.12435,-0.55425,0
1.40712,0.60493,0
4.17436,-1.19254,0
0.91636,1.16794,0
2.91774,-0.71288,0
2.63392,0.19261,0
3.75932,-0.61024,0
0.73939,-0.32438,0
4.32097,0.74558,0
3.98364,0.9393,0
1.30222,-0.12725,0
3.38614,-0.7405,0
3.44395,-0.42852,0
1.24742,0.75901,0
1.00089,-0.02196,0
1.53993,-0.84436,0
2.4314,-0.52253,0
0.61309,0.50281,0
0.68773,0.92758,0
1.08713,-0.28607,0
3.24646,-0.58654,0
0.69189,0.66291,0
3.83351,-0.63068,0
2.75974,0.27839,0
4.17998,-0.80434,0
3.37834,0.14118,0
4.12382,0.05141,0
1.1198,-0.08645,0
1.57238,1.06347,0
3.28742,0.78056,0
1.26631,0.95814,0
2.01177,-1.03147,0
1.62187,1.19008,0
3.47563,-1.07904,0
2.46957,0.10976,0
0.62262,0.46832,0
3.16675,-0.51736,0
3.27787,0.13346,0
1.49646,1.06667,0
2.06417,-0.58188,0
3.76369,-1.06286,0
1.40215,1.13508,0
2.77822,-0.06073,0
1.11462,-0.04939,0
1.30979,1.12222,0
0.88645,0.00966,0
2.50082,-0.18693,0
2.26541,-1.01651,0
2.21346,-0.03044,0
3.27713,-1.03609,0
3.18751,1.14876,0
1.90762,-1.24777,0
4.4026,-0.00146,0
3.82645,0.57228,0
1.46264,0.19941,0
1.78718,-0.49923,0
4.31809,0.38595,0
1.80303,0.35891,0
3.09474,-0.0486,0
3.67096,-1.05353,0
2.19769,0.96346,0
1.88751,0.19439,0
3.13102,1.13248,0
1.31268,0.63662,0
0.80564,-0.66643,0
1.79985,0.63916,0
1.4102,0.51738,0
4.10486,-0.31188,0
1.47165,-0.20168,0
2.63192,0.4178,0
0.85729,-0.37962,0
0.90705,-0.26211,0
4.21203,1.179,0
1.88073,0.82792,0
2.50453,-0.17795,0
2.77072,0.1814,0
0.96673,-0.31673,0
0.50779,-0.83619,0
0.69848,0.20835,0
3.8639,-0.73901,0
1.01172,-0.40513,0
2.97118,-1.23873,0
3.62563,1.21104,0
3.29775,1.24824,0
3.72435,-0.52577,0
3.78795,1.10013,0
0.87767,0.78968,0
1.88075,-0.37112,0
3.43557,0.3741,0
1.30354,-1.20615,0
1.30018,0.52665,0
2.00777,-1.06737,0
1.08664,-0.87196,0
2.3166,-0.41939,0
1.02229,-0.93927,0
3.91824,1.20745,0
2.78289,0.66165,0
2.97576,-0.44102,0
3.90599,0.20011,0
2.2173,-0.61478,0
1.08309,-1.18246,0
2.85474,1.19845,0
2.68063,1.07781,0
4.49269,0.00362,0
4.06722,0.88559,0
3.43585,-1.08718,0
1.50283,-0.66227,0
3.60305,0.81046,0
1.2137,-0.04287,0
3.46253,1.10455,0
1.00787,-0.35403,0
4.01423,0.74596,0
1.66243,-0.67781,0
1.37127,-0.13563,0
3.11477,-0.61319,0
4.18329,-0.4189,0
0.50084,1.21813,0
1.25527,0.72563,0
1.56219,-0.93206,0
3.85926,1.08682,0
0.88151,1.23551,0
2.15891,-0.49254,0
2.33633,-0.76994,0
3.9856,-0.40385,0
3.71143,-0.15613,0
4.47085,1.22309,0
1.72057,0.11895,0
1.15137,-0.71126,0
1.61119,0.87003,0
2.47716,1.13499,0
3.8832,1.18716,0
1.84274,-1.16321,0
3.63813,-0.63091,0
4.13982,-0.51527,0
4.42463,-0.14498,0
1.70013,0.29762,0
4.15303,-1.09523,0
1.63154,-0.31153,0
3.63166,0.3196,0
0.64795,0.52264,0
4.29432,-0.57733,0
4.49041,0.85534,0
0.58867,0.38906,0
0.68903,-0.54198,0
1.90883,0.37557,0
3.9501,-0.32307,0
3.57203,0.54006,0
0.87523,0.91473,0
2.00081,-1.23184,0
4.13682,1.09609,0
1.27417,-0.90863,0
3.92599,-0.73422,0
1.09723,0.63814,0
2.63243,0.17222,0
0.79116,-0.3799,0
1.46932,-1.20707,0
1.81779,0.98393,0
2.25912,0.78951,0
4.07605,1.1243,0
2.45921,0.54894,0
3.98773,0.64847,0
4.17197,0.60374,0
1.32838,1.10228,0
2.46799,0.64669,0
1.45031,-0.60997,0
2.9618,0.24719,0
2.57815,1.1567,0
4.44114,0.54727,0
0.847,0.71142,0
3.82322,-0.47579,0
2.03855,0.44206,0
1.18833,-0.86306,0
2.70404,0.61079,0
2.45428,-0.05882,0
3.65849,0.35227,0
4.17228,0.73496,0
3.49533,-1.02547,0
2.80543,-0.69342,0
3.66794,-0.15994,0
3.17258,0.9028,0
0.86697,-1.2404,0
1.7995,0.13601,0
3.12265,-0.81122,0
1.06351,-1.21148,0
1.27555,-0.55065,0
1.21451,0.62021,0
1.49729,-1.08138,0
2.36636,-0.65532,0
3.94976,1.07296,0
1.55646,-0.54994,0
3.94409,0.31174,0
3.6781,0.53223,0
3.2718,-0.18344,0
4.18273,1.23844,0
0.79226,-0.00492,0
1.40942,1.08931,0
2.48564,-0.40624,0
3.26995,1.24788,0
3.13573,0.40406,0
3.33417,-0.43514,0
4.03066,0.20149,0
2.7197,-0.86294,0
4.41601,-0.56032,0
3.8573,-0.41635,0
2.01419,0.58643,0
2.30152,0.89202,0
0.54564,-0.72036,0
3.47398,-0.05937,0
2.89987,-1.24912,0
2.23459,0.78315,0
4.25064,0.42156,0
3.37813,0.5537,0
1.84442,-0.12897,0
3.14967,-0.79816,0
3.14904,0.50567,0
2.03744,-0.46786,0
4.13163,0.0387,0
1.37767,1.0775,0
1.71246,-0.56563,0
2.82574,-0.01595,0
2.32116,-0.3608,0
1.14104,-0.43322,0
4.25994,0.19735,0
0.76432,-0.50264,0
0.601,-1.07412,0
1.63615,0.58008,0
1.34942,-0.78302,0
1.84369,-0.98723,0
2.4839,-0.25761,0
2.22155,-1.03344,0
3.89695,-0.92002,0
1.25437,0.81794,0
1.32934,-1.1887,0
2.97776,-0.783,0
3.9753,-0.32802,0
3.15079,0.65075,0
2.39022,0.2326,0
4.14292,-0.33463,0
3.49201,0.06234,0
2.6275,0.20662,0
0.69505,-0.8103,0
2.94394,0.99197,0
2.24017,0.78863,0
1.26699,0.9996,0
1.38107,1.23117,0
2.12975,-0.55007,0
1.29751,0.62327,0
1.59967,-1.2411,0
1.8285,-0.23302,0
2.8365,-1.2132,0
0.93956,-0.62662,0
0.51177,-1.12181,0
3.82188,-0.12336,0
2.55504,0.68398,0
2.49932,0.17447,0
0.62637,0.24761,0
1.91447,0.24691,0
0.6438,-0.3446,0
1.13256,-0.15278,0
1.18261,0.0748,0
4.47115,0.86878,0
4.1331,0.64302,0
1.19364,-0.57431,0
4.16034,-1.11698,0
4.06134,0.1054,0
3.30056,-0.14363,0
4.10047,-0.38183,0
3.65864,0.40585,0
3.20187,-1.21986,0
3.30578,0.03665,0
1.29015,0.35426,0
1.75384,0.20992,0
2.53074,-0.09755,0
2.7064,-0.55605,0
2.51633,-0.72344,0
0.85221,-0.34949,0
3.8546,-0.34537,0
3.46192,-0.31789,0
1.35998,1.11175,0
1.86123,0.29329,0
2.49698,0.75045,0
0.85594,-1.06512,0
1.46837,0.52258,0
1.46112,-0.33092,0
1.25239,-0.84187,0
1.94534,0.01083,0
3.53439,0.02508,0
4.18737,0.31812,0
0.8132,0.76023,0
4.097,1.04718,0
1.01474,0.64001,0
3.99866,-0.04358,0
3.37629,-0.7393,0
3.04811,-1.00931,0
4.38944,0.48432,0
2.15612,-1.21541,0
3.79224,0.81861,0
0.93274,0.62937,0
4.48264,0.59565,0
2.58639,0.03203,0
3.16127,0.16443,0
2.83652,-0.98902,0
4.00084,-1.18481,0
1.20601,-1.03832,0
2.41103,-1.0984,0
4.2182,-0.45295,0
2.11248,0.69128,0
2.95295,0.30315,0
3.56525,-0.46364,0
0.9276,-1.19457,0
2.18435,0.35892,0
3.967,1.23277,0
3.60297,-0.09112,0
4.23668,-0.87341,0
3.80112,-0.78234,0
1.1897,1.15705,0
1.17818,0.1118,0
4.00301,0.28216,0
3.43767,-1.23961,0
2.96919,0.0317,0
0.7346,0.10473,0
1.36138,-0.2944,0
1.31872,0.01983,0
2.78033,-0.92122,0
2.97581,-1.19575,0
3.12078,1.04826,0
3.39421,-0.14263,0
0.68127,0.53868,0
2.06682,0.39457,0
3.56477,-0.82256,0
2.58125,-0.01525,0
3.92903,-1.0145,0
3.66173,0.54087,0
2.73557,0.37109,0
0.61451,-0.37852,0
2.29833,0.81225,0
4.35512,1.02345,0
1.57902,0.63392,0
3.5683,0.06834,0
2.12938,0.52737,0
1.61862,-0.17138,0
3.88567,0.99434,0
1.55829,1.03642,0
1.32832,1.0325,0
0.5519,0.43323,0
3.2811,-0.27785,0
3.77331,-1.05642,0
1.37203,1.12474,0
2.669,0.15204,0
2.39633,0.94833,0
0.67137,1.17126,0
0.54536,0.14074,0
0.55575,-1.00249,0
2.9952,-0.21562,0
2.77381,-0.63806,0
2.4047,0.08303,0
1.70789,0.70739,0
0.82928,-0.82129,0
0.79792,0.32914,0
0.79186,0.85686,0
4.30328,0.62707,0
3.33302,-1.18444,0
3.78116,-1.04652,0
1.34871,1.23777,0
1.07677,-0.80842,0
1.18384,-0.61239,0
3.56557,0.92986,0
2.40409,0.36205,0
1.801,0.57354,0
0.52669,-0.40162,0
3.81537,-0.57332,0
3.78705,-0.18962,0
3.38737,0.25803,0
2.52562,-0.64126,0
2.71423,-0.94083,0
3.58919,0.63519,0
2.36633,-0.49142,0
2.72472,0.8826,0
2.31496,-1.12702,0
0.50315,0.55042,0
1.00354,0.31917,0
3.20625,0.9664,0
3.12154,0.93974,0
3.58233,1.02726,0
2.06724,-0.75521,0
0.9787,-1.02326,0
1.20558,0.23335,0
1.02457,0.07431,0
2.67682,-0.81096,0
1.18793,0.13162,0
4.22788,-0.92967,0
2.50951,-0.40778,0
2.246,0.49569,0
3.68731,0.10856,0
3.44072,-0.36503,0
0.63796,-1.10554,0
1.22131,-1.05807,0
4.11321,-0.62654,0
1.77431,-0.01451,0
3.28966,-0.16371,0
4.06058,-0.36656,0
3.53817,-0.66197,0
4.0614,-1.16623,0
1.57808,-0.72354,0
3.90655,1.1582,0
3.90715,0.99705,0
1.07554,-1.03854,0
0.9467,0.9805,0
0.9468,-1.14243,0
3.00656,0.54036,0
1.68638,-1.07643,0
3.83558,0.74317,0
4.41762,0.32292,0
1.7784,-0.58438,0
3.45961,-1.18739,0
0.97989,0.0564,0
1.69907,0.46548,0
1.83539,-1.1585,0
0.84892,-1.12215,0
2.38713,0.38318,0
1.23895,-0.16843,0
1.43617,1.02557,0
1.43662,-0.30801,0
4.48716,-0.96842,0
3.83831,-0.24538,0
2.13902,0.82704,0
1.03416,1.14178,0
1.0119,-1.11153,0
3.94186,-1.1431,0
1.50298,0.10551,0
2.3028,-1.09788,0
1.27912,-0.25157,0
2.81241,1.03463,0
1.96818,-0.44542,0
2.9886,-0.7681,0
3.38697,1.00697,0
1.63147,-0.40708,0
0.92102,0.83367,0
2.59208,-0.92273,0
0.63418,-1.11326,0
2.53602,-1.06827,0
3.21188,-0.33561,0
3.58575,-1.01869,0
3.35306,-0.93727,0
4.45822,0.40904,0
1.00707,-0.22613,0
4.00962,1.00483,0
2.28498,0.39903,0
1.15224,-0.8685,0
4.08489,1.21961,0
4.09925,1.07668,0
3.39467,-0.60833,0
1.68884,0.02802,0
2.57785,0.2146,0
4.13959,0.46521,0
1.63415,1.14102,0
3.39578,-1.02019,0
2.05444,1.23473,0
2.15506,0.81088,0
1.71894,-0.58154,0
3.90306,0.76342,0
0.9962,0.60008,0
1.96758,-0.87096,0
3.37991,0.24589,0
1.4755,0.4373,0
3.59612,-0.90058,0
0.61218,0.32189,0
0.8384,-0.44045,0
1.92086,0.32182,0
1.21471,-0.25593,0
1.37999,-1.20338,0
2.1762,1.10487,0
2.41001,0.36964,0
3.70258,-0.47841,0
1.45969,-1.04004,0
2.18818,0.12208,0
1.57824,-0.45049,0
2.16334,0.94718,0
1.83334,-1.03363,0
1.7356,-0.33648,0
2.81913,1.16526,0
3.49856,-0.48206,0
1.62588,0.83637,0
1.47911,0.64361,0
2.30131,0.01707,0
1.73983,-0.79768,0
3.93076,1.08948,0
2.63906,-0.27315,0
1.76134,0.50118,0
4.03358,-0.59062,0
3.00874,0.32674,0
0.63637,-0.00649,0
4.42193,-0.20996,0
3.19211,-1.24767,0
3.18145,-0.32501,0
2.15075,0.19686,0
4.01955,0.39679,0
3.2153,-0.84902,0
4.3621,-0.1892,0
2.11048,1.05279,0
2.43589,1.15124,0
3.30802,-0.60214,0
3.847,0.2228,0
4.2594,0.91394,0
4.2476,1.19565,0
3.03873,0.36569,0
2.20545,1.17464,0
0.95515,0.03839,0
1.69689,-0.57043,0
1.05685,0.63208,0
2.33987,0.8275,0
3.43927,0.70507,0
2.97761,0.01577,0
3.7412,1.03188,0
1.97365,0.25645,0
2.17999,1.17727,0
2.58972,-0.56339,0
0.79532,-0.60932,0
2.64148,0.61614,0
3.6185,-1.22462,0
2.461,-1.14878,0
1.47006,-0.87086,0
3.07869,-0.5345,0
4.11606,0.21138,0
1.22313,0.66431,0
0.71399,0.5497,0
4.28701,0.18175,0
0.61525,1.22196,0
3.40314,0.30924,0
2.38145,-0.12572,0
1.75029,0.17253,0
1.08219,1.23866,0
2.66289,-1.05675,0
2.70737,-0.28128,0
2.96728,-0.1602,0
4.06049,-0.7416,0
0.64413,0.21377,0
1.66772,-0.78057,0
4.47125,1.02564,0
4.11603,0.42705,0
4.21875,-0.29865,0
3.54678,0.64734,0
4.06987,0.31321,0
4.27145,0.59201,0
1.58433,-0.04187,0
2.7646,0.74381,0
2.92,-0.6954,0
2.93921,0.11476,0
3.84875,0.70666,0
3.81601,-0.96041,0
0.88626,0.64529,0
2.70678,0.78602,0
1.19379,-0.33522,0
3.71051,-0.99816,0
0.69562,0.51836,0
4.05838,0.24022,0
1.42047,-0.54494,0
0.9407,0.09835,0
3.36013,-1.14526,0
1.5908,-0.82285,0
3.78863,-0.55647,0
1.29979,-0.87138,0
1.32117,1.01692,0
3.20803,0.44538,0
3.31235,1.22807,0
3.73858,-0.89775,0
1.98787,-1.21007,0
0.77158,0.82195,0
4.24678,-0.16224,0
1.24261,0.8674,0
1.24382,0.86513,0
2.93891,-0.13298,0
4.48245,0.47681,0
2.16227,-0.81735,0
1.31734,0.0703,0
2.97111,-1.12295,0
3.52573,-0.44917,0
2.79213,0.23501,0
2.90773,-0.40959,0
1.29063,0.36599,0
3.8262,-0.59244,0
1.12472,0.1703,0
1.18495,-1.19986,0
1.70727,0.39873,0
2.44144,-1.09227,0
2.77399,0.13979,0
4.20124,-1.22488,0
3.42028,0.83024,0
2.50305,0.92057,0
3.61008,0.05209,0
4.37657,-0.0783,0
4.37211,0.40509,0
2.61237,-0.59159,0
4.49806,1.04144,0
1.16459,0.53315,0
1.89682,-0.45296,0
3.77572,0.67122,0
2.33325,0.70517,0
3.3878,0.98746,0
2.98389,1.07436,0
3.75483,1.2366,0
4.45123,-0.03474,0
1.98955,-0.18569,0
4.00539,0.90944,0
2.99992,1.10317,0
2.92226,0.6351,0
0.79189,1.07832,0
2.96729,-0.48375,0
2.24762,-1.1449,0
1.50598,0.69847,0
3.86248,1.18225,0
2.10971,0.01087,0
3.13209,-1.05426,0
1.66009,-1.07249,0
3.30731,-0.74225,0
1.76124,-1.15967,0
0.50317,-0.54156,0
3.69218,-0.8524,0
0.54273,-0.04542,0
1.92713,0.97709,0
3.82746,0.72278,0
1.26699,-1.23553,0
4.06407,-0.90544,0
3.32149,-0.4771,0
3.00003,0.11484,0
1.30701,-0.41354,0
3.55025,0.11496,0
2.02901,0.87012,0
3.54475,0.30411,0
1.94778,0.98667,0
3.49406,1.09877,0
1.88078,-1.22058,0
4.11249,-0.99338,0
2.15331,0.24034,0
2.94511,0.69019,0
4.11826,0.20125,0
0.92745,0.33015,0
3.67878,-0.26192,0
3.802,-0.80239,0
2.07739,-0.53811,0
2.4358,0.56203,0
0.73333,0.79014,0
1.70375,0.1562,0
4.34889,-0.10252,0
1.41787,1.18186,0
2.73035,-0.89017,0
0.55212,-0.78163,0
2.93322,0.91505,0
3.30044,1.0332,0
4.35586,1.02442,0
2.66152,-0.93901,0
0.93776,0.24729,0
3.23237,0.45342,0
2.09966,-0.85484,0
1.03849,-1.08905,0
3.57132,1.16438,0
3.16518,-0.11372,0
4.2528,-0.09343,0
2.28201,1.1657,0
2.69879,0.23537,0
3.22922,-0.10887,0
2.56255,0.71299,0
2.77775,-0.44952,0
3.35836,1.14397,0
2.70404,0.03936,0
2.67957,0.24825,0
1.15051,-0.84009,0
2.8346,0.73647,0
3.47509,0.75386,0
3.44716,-0.36156,0
1.62395,1.16278,0
0.76759,-0.4725,0
1.99122,-1.13026,0
1.5484,-0.89359,0
0.90359,-1.08862,0
2.96518,-0.49106,0
1.7416,-0.13646,0
2.25218,0.13177,0
2.26485,-0.39635,0
3.2928,0.76214,0
1.67102,0.90541,0
0.84328,-0.20632,0
3.44172,0.48639,0
2.7469,-0.07447,0
4.42394,0.87171,0
4.28529,0.12329,0
2.59137,0.25611,0
2.73617,0.83918,0
1.55846,0.56808,0
0.65838,0.02126,0
3.51206,0.97,0
1.73219,0.62768,0
0.9094,0.49535,0
1.46496,0.56498,0
1.59553,-1.04184,0
2.42184,0.78975,0
3.83934,0.81645,0
1.82858,0.56691,0
4.45322,0.34594,0
2.96083,0.29884,0
2.59778,0.15216,0
2.67823,-1.01763,0
2.76624,0.58786,0
2.30169,0.23372,0
3.59484,0.69339,0
0.98382,0.63766,0
4.16116,0.31239,0
0.7366,-0.29368,0
4.01987,0.30133,0
2.58804,0.90796,0
1.32459,-0.90919,0
1.02373,-1.09877,0
4.47777,0.35253,0
1.60446,-0.17116,0
2.55623,-0.04815,0
4.36486,0.58597,0
0.77207,-0.0867,0
2.8202,1.23915,0
0.59422,-1.13288,0
1.82344,0.92742,0
3.4766,-0.46565,0
1.94844,1.17324,0
1.14082,-0.37059,0
2.93058,0.52863,0
2.1442,0.27292,0
1.75604,0.53762,0
1.36482,-0.39384,0
2.7984,-0.23363,0
3.69161,-0.75922,0
3.36553,-1.21054,0
1.0126,-0.72692,0
1.1745,-0.31639,0
2.68439,-0.01585,0
3.27385,-1.03136,0
4.34373,-0.27003,0
2.89186,-1.21476,0
2.76192,0.88294,0
0.63002,-0.65916,0
3.32068,-0.88963,0
3.13129,1.20697,0
2.41725,0.29933,0
0.78108,0.71591,0
4.37329,0.99078,0
2.46322,-0.79726,0
1.73367,-0.99346,0
1.37545,1.1725,0
1.61558,-0.96489,0
0.93277,0.64352,0
3.70798,0.89718,0
0.68656,-0.79954,0
1.45981,-0.90009,0
1.80493,0.23979,0
3.54664,1.22781,0
3.2294,0.09691,0
2.83683,-0.18582,0
0.79277,1.08386,0
4.14911,0.97359,0
3.53849,0.06379,0
1.91859,-0.37246,0
1.21816,-0.01337,0
3.20384,0.90048,0
3.03972,0.2164,0
3.29391,0.61224,0
3.72501,1.07725,0
4.04793,0.15188,0
3.04959,-0.98454,0
3.67036,0.80363,0
3.4182,0.85513,0
3.07032,-1.22837,0
3.33025,-0.83316,0
0.7734,-0.16782,0
3.11072,-1.11676,0
1.48202,-1.09153,0
1.09791,-0.27988,0
2.01591,-0.90413,0
4.36785,0.14373,0
0.72378,-0.61989,0
3.34133,-0.1343,0
1.67475,-0.95659,0
4.14061,-0.84278,0
3.75922,-0.76998,0
3.34291,-0.42334,0
1.22461,-0.42045,0
1.55652,-0.75876,0
2.38869,0.51611,0
3.50781,0.35525,0
2.85608,-0.78995,0
2.25032,0.68632,0
3.60989,0.25547,0
3.53431,-0.53465,0
4.31419,-0.17458,0
3.51709,-0.07246,0
4.47077,0.03732,0
3.75023,0.64813,0
3.67198,-0.9022,0
3.81708,0.88783,0
1.70919,0.81246,0
1.74743,-0.60499,0
1.18267,-0.03674,0
3.60111,-1.17972,0
2.49191,-0.72243,0
0.82909,-0.97423,0
1.84827,0.26671,0
2.27851,0.17669,0
3.47882,-0.77229,0
2.58211,-1.18449,0
3.55197,-0.00092,0
0.66748,0.63365,0
2.30314,-0.49844,0
3.35405,-0.85418,0
4.0787,0.14073,0
0.78332,0.59358,0
2.79313,-0.29242,0
2.65467,-1.12908,0
0.6416,1.19542,0
3.67055,0.94542,0
3.36759,-0.69416,0
3.4353,0.60752,0
2.53427,-0.47908,0
4.18899,-0.01794,0
4.29366,-0.87379,0
1.34731,0.90257,0
3.86107,0.15103,0
0.72723,-0.16584,0
2.4549,-0.20764,0
2.58387,-0.02547,0
3.78551,0.27397,0
1.29355,0.39441,0
1.8942,0.69721,0
2.87638,0.5277,0
0.70677,-0.13997,0
2.00648,-1.00201,0
4.22629,-0.13732,0
3.58852,0.20022,0
4.18088,-0.14071,0
4.13243,-1.06826,0
4.2009,-1.09454,0
1.45964,0.82965,0
3.98026,0.15839,0
4.15947,1.18336,0
2.38584,-0.46022,0
3.83506,-0.11704,0
4.27166,0.6301,0
2.27867,-0.72599,0
4.46356,-0.07483,0
3.71907,0.69378,0
2.79951,0.5072,0
4.07566,-0.70711,0
2.89948,0.09231,0
2.4483,0.77959,0
2.93998,-0.74852,0
4.12173,-0.03713,0
2.37851,-0.81046,0
2.81216,-0.72668,0
4.33775,0.94612,0
2.73347,0.38644,0
2.80731,-0.61999,0
2.73208,-1.22231,0
1.12618,0.72212,0
2.73374,0.71619,0
4.28792,0.61674,0
3.98714,1.2365,0
2.20061,0.42838,0
1.56384,-0.00205,0
2.2016,-0.36966,0
0.89295,-0.40822,0
3.36617,0.72062,0
2.14746,0.57015,0
2.3432,0.32927,0
4.46451,-0.11182,0
3.28855,0.911,0
4.46952,-0.97795,0
2.58537,-0.36708,0
3.64627,0.77166,0
2.63623,-0.3898,0
4.22439,-0.40516,0
4.26807,-1.02814,0
0.67329,-0.31851,0
2.70247,0.57408,0
2.12057,0.97646,0
4.32998,-0.85948,0
1.33178,-0.14774,0
2.5663,0.87103,0
1.00351,0.88156,0
2.10147,-0.54426,0
1.16803,-0.34974,0
3.78494,-0.90807,0
1.91259,0.3569,0
3.35041,0.47493,0
1.91577,-1.15192,0
3.93924,0.34051,0
0.79365,0.3404,0
3.5574,0.3914,0
0.81169,-0.24197,0
3.50345,-0.30404,0
1.53994,-0.44627,0
3.66954,0.81723,0
3.9142,-0.32111,0
0.82597,-0.97357,0
3.64231,-0.89595,0
3.9403,-0.91663,0
3.01348,-0.78736,0
0.99784,-0.72002,0
3.71683,1.16532,0
1.82125,0.13322,0
4.00171,-0.2061,0
0.98486,-0.8923,0
1.36367,0.77638,0
0.80709,-0.0025,0
3.27879,-1.08019,0
4.37036,0.30731,0
1.32609,0.82487,0
3.92203,1.06203,0
3.89132,0.77914,0
3.73145,-0.96572,0
3.30757,-0.85175,0
1.78823,0.92419,0
2.68017,-0.85577,0
1.88245,-0.53942,0
2.13324,0.35283,0
3.3329,-0.73229,0
2.66825,0.21603,0
1.32991,-0.52096,0
3.97473,-1.1358,0
4.08817,-1.12002,0
4.48709,0.13372,0
2.98372,1.24356,0
2.88445,1.19716,0
0.8855,0.72699,0
1.83965,0.87709,0
0.81246,-0.77652,0
3.38985,0.32878,0
2.48434,0.95277,0
1.34485,-0.48363,0
3.09155,0.71742,0
0.90008,1.05176,0
3.46994,0.63143,0
1.42469,0.72089,0
0.8779,0.50574,0
1.03616,0.27831,0
2.28009,0.97631,0
4.13996,0.75455,0
3.68609,-1.14565,0
2.68729,-0.84392,0
3.87095,0.08255,0
2.85971,-1.17461,0
0.83947,0.69993,0
2.52643,-0.63742,0
2.63958,0.0292,0
1.75979,-0.37676,0
1.0168,0.37507,0
2.6707,-1.23996,0
4.24915,-0.70225,0
3.44674,1.07472,0
3.69326,-1.04664,0
3.78282,-1.05333,0
2.93453,0.19068,0
3.54205,-0.63485,0
2.19177,-0.70678,0
2.50484,-0.51796,0
4.43022,0.64564,0
1.23938,0.17919,0
0.60254,1.20265,0
4.04903,-0.13865,0
2.55957,-0.3866,0
1.97691,0.66614,0
1.37201,-0.77381,0
0.90126,-0.85463,0
0.74403,0.90685,0
0.76343,-0.5762,0
3.90203,-0.74354,0
1.75944,0.71969,0
1.41436,0.57129,0
1.25203,0.98638,0
4.33644,0.59001,0
2.35907,0.30328,0
1.49616,-1.18608,0
4.28679,0.19717,0
1.79703,-0.62654,0
1.70166,-1.00107,0
1.1915,-0.76264,0
4.33699,-0.45365,0
1.63966,1.15197,0
0.56112,-0.3763,0
1.14011,-0.65293,0
2.57235,-0.37804,0
3.45459,0.54799,0
3.95995,-1.08679,0
2.31898,0.95131,0
0.83684,0.71798,0
2.04698,0.18041,0
2.2868,0.66326,0
2.16776,0.33976,0
2.52369,-0.60921,0
2.01838,1.02318,0
2.86101,-0.56958,0
2.02849,-0.71339,0
1.2061,-1.24171,0
2.38962,-0.72117,0
0.97231,0.9268,0
0.56407,-0.15137,0
4.06238,-0.7317,0
1.26568,-0.40299,0
2.82529,0.96842,0
0.91987,-0.28494,0
3.26125,1.08379,0
3.0647,1.20835,0
1.31438,0.65996,0
2.46366,-0.52537,0
2.55165,1.0289,0
1.00685,0.13452,0
1.05633,-0.95701,0
2.69318,1.03092,0
2.38709,-0.62731,0
4.11659,-1.0852,0
4.01309,-0.37264,0
1.01221,0.51864,0
2.06661,0.76515,0
0.63433,1.17418,0
0.7463,1.12188,0
4.40704,1.05375,0
1.68998,0.90258,0
0.69135,-0.41814,0
3.29483,0.62702,0
0.76576,1.15253,0
4.23976,0.29455,0
3.01301,-0.18491,0
1.09528,-0.70417,0
2.78997,0.6465,0
4.05447,-0.78787,0
3.66362,0.35667,0
4.19125,0.29506,0
3.23383,0.58781,0
2.83517,0.09351,0
3.31954,-1.01222,0
4.12444,-0.947,0
2.03014,-0.2378,0
3.6117,0.07411,0
0.56131,-0.10416,0
2.06694,-0.79664,0
3.96219,1.02158,0
0.73904,-0.13924,0
3.95735,0.33835,0
3.81986,-0.85225,0
1.7852,-0.8671,0
1.08831,-0.13303,0
1.70695,-0.94079,0
1.67523,-0.34181,0
3.97478,0.51347,0
2.82479,0.78409,0
4.30783,-1.24992,0
4.09335,-0.09467,0
1.01015,0.74,0
0.83856,0.47072,0
2.68259,1.03065,0
0.92548,0.8887,0
4.26615,-0.26631,0
3.16067,0.99848,0
2.14363,-0.09829,0
1.44878,-0.08569,0
2.46592,0.87455,0
0.73127,-0.50203,0
4.33006,-0.06059,0
4.35091,1.10786,0
0.97518,-0.04252,0
0.5343,-1.20181,0
0.85945,0.34571,0
3.84805,-0.73941,0
3.5747,1.21285,0
2.48152,0.88432,0
0.67505,-0.56184,0
1.426,0.75318,0
2.60177,0.05377,0
1.03688,0.58776,0
2.43046,0.24472,0
3.19193,0.82767,0
1.25927,1.04392,0
2.25983,-0.47651,0
1.93646,-1.23885,0
1.57958,-0.79847,0
1.94137,0.38819,0
1.52554,0.62677,0
2.69538,-0.57315,0
2.59352,-1.24707,0
0.62477,1.03178,0
3.30623,-1.22076,0
1.61905,0.25801,0
3.93117,0.87175,0
0.86432,-0.86501,0
1.28557,0.48601,0
3.97989,-0.17475,0
4.44071,1.00708,0
2.11164,0.06497,0
4.41599,0.18209,0
3.35679,-0.83008,0
1.54366,0.8474,0
3.61923,0.75245,0
2.60395,0.36624,0
1.19247,-0.86288,0
0.77148,-0.96177,0
3.91894,0.72483,0
2.50268,0.88795,0
1.40018,0.74136,0
3.84644,0.57416,0
0.76871,0.35841,0
3.67036,-0.36786,0
1.64291,-1.19275,0
2.21471,-1.14801,0
1.71908,-0.90332,0
2.75229,0.07592,0
1.29975,-0.29222,0
1.05687,0.30885,0
4.36198,0.5237,0
2.79343,0.52238,0
4.22325,0.11237,0
1.53722,0.46599,0
1.54567,-0.18435,0
2.96826,1.01369,0
3.07817,-0.07762,0
4.13565,0.91491,0
3.48902,0.61605,0
2.0841,-0.68249,0
1.66514,-0.85564,0
0.76912,0.84642,0
1.1194,-0.94463,0
1.38077,-0.01921,0
3.81514,-0.96061,0
3.47246,-1.139,0
0.87049,0.66761,0
1.61719,-1.24968,0
3.1669,-0.87045,0
2.72699,0.62084,0
2.5319,0.26145,0
1.23527,-0.91761,0
1.68909,0.69024,0
3.27485,-0.10667,0
3.21882,-1.11123,0
1.25269,-0.72677,0
1.24162,-0.65815,0
3.87965,-0.59175,0
3.91888,-1.06734,0
3.18596,1.17988,0
4.35873,-0.29342,0
4.45294,0.74968,0
3.98758,0.46273,0
4.05724,0.63648,0
1.66153,0.2399,0
2.55506,-0.47103,0
0.92278,-0.64898,0
2.12798,0.94422,0
4.387,-0.67313,0
2.68873,0.54731,0
2.85473,-0.8585,0
3.22227,-0.4853,0
1.80633,0.69222,0
1.19696,-0.45373,0
0.69162,1.10916,0
1.70075,0.477,0
3.68944,-0.37969,0
3.79717,0.17147,0
2.53008,-0.16782,0
2.53495,-0.58266,0
3.12627,-0.0298,0
2.02403,0.60833,0
3.99796,-0.65602,0
1.98724,-0.44733,0
0.95558,-0.15497,0
3.10036,0.73595,0
2.38912,0.74892,0
0.96989,-1.10863,0
1.24332,0.60835,0
3.39789,1.00602,0
2.07436,0.87091,0
2.85059,-0.49473,0
1.54635,0.64226,0
4.31373,1.02184,0
2.27688,0.71257,0
1.10987,-0.433,0
2.1316,-0.89984,0
3.6889,0.38179,0
1.322,0.40482,0
2.39323,-0.43947,0
1.26291,-0.09201,0
2.1542,0.01435,0
4.15376,0.13345,0
3.20762,0.19767,0
1.92014,-0.36101,0
1.67592,0.73555,0
1.13875,-0.64913,0
0.50649,-0.66114,0
2.3598,-0.30909,0
2.6253,0.80049,0
2.62912,-0.00927,0
4.13255,-0.59568,0
2.29559,0.46519,0
2.29253,-0.1621,0
3.6598,-0.61019,0
4.253,-0.87453,0
3.38559,-1.24562,0
4.14978,1.00968,0
1.7476,-0.56541,0
2.85434,0.71213,0
3.65647,0.67335,0
3.54704,0.49656,0
0.59629,-0.51437,0
3.94008,0.58174,0
2.35523,0.32049,0
2.54874,0.5962,0
1.04377,-0.68622,0
3.76496,0.82813,0
1.87781,0.47456,0
3.9288,-0.63144,0
2.65697,-0.52996,0
1.07208,-0.27769,0
1.14445,-0.40217,0
3.11073,0.18403,0
3.88842,0.59548,0
0.72447,0.5174,0
2.24951,0.29138,0
0.93188,-0.56311,0
2.96958,-0.0938,0
2.85326,0.24149,0
3.09042,1.05548,0
0.90255,-1.13059,0
2.64026,-0.64697,0
1.85156,-1.22653,0
1.34788,0.10137,0
4.32241,0.70241,0
2.85836,-0.44269,0
3.88884,-1.2067,0
4.33857,-1.18288,0
3.65115,-0.10247,0
4.24493,0.15952,0
1.04347,0.40804,0
4.49569,0.55485,0
2.54771,-0.91175,0
1.57631,-0.05154,0
0.85681,0.90288,0
1.02375,-0.21956,0
0.63643,-1.03507,0
3.60616,-0.28338,0
2.71074,0.50733,0
0.51307,-0.52507,0
4.45688,0.6888,0
2.94834,-1.18647,0
2.93442,0.65588,0
2.6214,-1.01874,0
3.07006,0.24657,0
4.07774,1.20277,0
4.31101,-0.91462,0
2.8935,0.08744,0
4.47769,1.06835,0
3.28336,-1.1601,0
1.84289,1.11516,0
4.1667,-0.76544,0
3.74241,0.09935,0
3.33266,0.22701,0
1.36526,-0.1587,0
0.92124,-0.47838,0
2.34562,0.08358,0
0.86414,-1.14171,0
0.98023,0.9749,0
3.2233,-0.92187,0
1.19357,-0.82372,0
3.50917,1.11274,0
3.49317,-0.08754,0
3.63508,0.99758,0
1.26394,-0.53558,0
2.88972,0.20331,0
2.7665,0.39513,0
1.63064,-0.00188,0
2.51995,0.0369,0
1.39103,-0.20504,0
2.98823,0.48682,0
4.16286,0.25668,0
0.97217,1.22996,0
0.57815,1.0296,0
1.6138,-1.13335,0
3.92373,-0.93388,0
2.56784,-0.45752,0
3.27967,-0.723,0
0.84124,1.09912,0
0.83796,0.94261,0
1.85162,-1.24947,0
1.87147,-0.28665,0
1.10886,-1.18386,0
4.12753,0.90885,0
1.42705,-0.99968,0
2.43538,-0.73701,0
4.22414,0.55412,0
1.4518,0.26592,0
4.30395,0.89526,0
2.49687,-0.8583,0
2.68112,-1.10544,0
1.79016,-1.19948,0
2.55183,-1.01,0
1.72609,0.44652,0
2.84262,-0.22709,0
1.33425,1.22443,0
4.0053,-0.93723,0
3.70259,-1.0046,0
1.7469,0.39634,0
3.09541,0.06513,0
1.48353,-0.19457,0
1.46569,0.01642,0
1.16388,-0.13358,0
3.89825,-0.12009,0
4.04469,1.12271,0
4.05961,-1.05242,0
0.75586,0.92232,0
2.16391,-0.60552,0
2.06686,-0.78411,0
1.89889,-0.24327,0
3.46824,0.44657,0
4.41715,-0.76202,0
2.30027,-0.61046,0
2.87658,-0.961,0
2.6954,-0.47453,0
1.18301,0.77731,0
2.32116,-0.89571,0
0.80898,-0.63128,0
4.12732,0.65292,0
1.19444,-0.67422,0
2.51691,-0.67788,0
2.86342,-1.01974,0
3.18281,0.55637,0
3.78205,-0.83938,0
3.04032,-0.08514,0
1.35529,-0.9061,0
3.17818,-1.0576,0
1.65705,-0.14209,0
3.30704,0.97219,0
3.19783,-0.25143,0
0.88317,-0.31616,0
2.08071,0.77293,0
4.2021,0.30231,0
3.72141,-0.35536,0
3.24664,-0.58175,0
3.35079,1.11503,0
1.43053,-0.32798,0
0.75058,0.94966,0
3.57815,-0.46393,0
2.01558,-0.6352,0
1.23996,-0.26564,0
4.36314,0.37007,0
1.52353,0.12485,0
0.67384,-1.07646,0
1.65968,-0.06601,0
1.61579,0.16171,0
1.56463,0.09162,0
4.39315,1.2103,0
3.73717,0.73836,0
2.86316,-0.25595,0
0.64281,0.78707,0
3.37123,0.10878,0
0.97665,-0.91655,0
2.17065,0.88921,0
1.10379,0.96051,0
2.94648,0.74176,0
4.00047,-0.58985,0
3.54366,-0.72091,0
4.46968,-1.09663,0
1.83994,-1.05528,0
2.13817,0.90043,0
4.22446,-0.94395,0
1.05188,0.20276,0
2.54429,-0.10429,0
4.38265,-1.00336,0
3.28539,-1.02182,0
4.28204,-0.7533,0
2.34759,-0.71819,0
3.61389,-0.84677,0
0.77376,-0.93153,0
0.7983,-1.18016,0
2.32571,0.53489,0
2.94544,0.36689,0
2.54655,0.37025,0
3.17528,-1.06403,0
1.94477,0.59809,0
3.51862,0.93164,0
0.80018,0.89395,0
0.92515,0.75247,0
0.77523,0.78584,0
4.39015,0.17893,0
0.63173,0.583,0
1.23918,0.05582,0
1.23681,1.24014,0
2.59716,0.13615,0
3.26232,-0.00399,0
2.02358,-0.75132,0
4.17854,1.14695,0
4.37535,-0.34759,0
3.52687,-0.60691,0
3.72247,-0.91104,0
2.90067,0.96767,0
2.46689,-1.09118,0
2.97512,0.64614,0
2.10738,-0.14726,0
4.11491,-0.23695,0
4.15907,-0.58245,0
2.52168,0.02998,0
0.51647,0.00189,0
3.8198,-0.0319,0
2.02348,-0.07218,0
2.91808,-0.54438,0
2.61916,-0.26759,0
2.80831,0.94632,0
2.028,-0.86493,0
0.87004,0.24903,0
1.72621,0.12637,0
1.96184,-0.47975,0
4.00382,0.77239,0
4.00858,0.13888,0
2.68537,-0.865,0
3.85887,0.50647,0
0.69811,-0.68008,0
1.38905,0.23219,0
3.38238,-0.24867,0
3.46763,-0.89611,0
1.37574,-0.85358,0
2.86844,1.02104,0
3.7719,0.87529,0
2.53188,0.4458,0
2.09594,-0.87647,0
0.70421,-0.89049,0
2.25533,0.02068,0
3.44096,0.84937,0
3.37348,-0.15224,0
3.85845,-1.18255,0
3.53502,0.22972,0
2.38307,-1.17926,0
1.31133,-0.29988,0
3.10833,-0.8088,0
0.74951,-0.22892,0
2.46945,0.85214,0
0.65056,0.49578,0
4.26516,0.1317,0
3.20639,-0.89014,0
3.38685,0.32911,0
2.69862,-0.54885,0
2.59491,-0.65273,0
3.31295,-0.99183,0
1.87346,0.93262,0
3.92022,0.43595,0
3.7346,0.3183,0
0.89455,0.42805,0
2.233,0.3114,0
3.21325,0.04755,0
2.37298,-0.13754,0
1.75761,0.94117,0
4.25761,0.42547,0
2.24764,-0.62868,0
0.70413,-0.51272,0
3.04643,-0.17712,0
1.62023,-0.61838,0
1.74609,0.49853,0
3.52181,-1.21759,0
2.27788,-0.02517,0
2.00592,-0.62595,0
2.51283,1.10947,0
2.92751,-0.19106,0
0.80416,-0.72545,0
3.37416,-1.13822,0
3.47159,0.74474,0
1.99457,-0.1628,0
2.61749,0.02623,0
1.67155,1.07715,0
1.35397,-0.58093,0
1.20208,-0.74579,0
2.17639,-0.7783,0
3.6211,0.76279,0
1.68729,1.01357,0
1.11253,-1.09093,0
3.84688,0.10243,0
3.46189,-0.0617,0
0.60787,0.85062,0
2.04273,0.02969,0
2.69764,-1.24328,0
3.54293,0.55371,0
1.83254,-0.95379,0
1.46768,-0.20369,0
0.72615,0.44589,0
1.00107,-0.83434,0
2.22092,0.43262,0
3.36,1.00809,0
1.30645,-0.25126,0
1.68671,0.42468,0
1.57103,-0.23863,0
3.77154,0.99106,0
2.07012,-0.75828,0
1.39136,1.14329,0
2.00821,0.95802,0
3.4884,-0.83017,0
3.91604,-0.67053,0
1.49249,0.73658,0
3.25236,0.67749,0
1.52139,-0.61744,0
2.93387,-0.18968,0
2.24837,1.22783,0
2.25231,-0.31136,0
0.99681,-0.4815,0
1.31876,0.2584,0
3.54878,0.38534,0
2.31472,0.43885,0
3.46774,0.24063,0
1.04721,-0.0193,0
2.15094,0.33772,0
0.66017,1.24304,0
2.74485,0.7814,0
4.38918,-1.04853,0
4.36608,-0.10878,0
2.36659,-1.17172,0
1.60171,-0.18328,0
1.93188,-0.99715,0
4.47536,-0.56869,0
4.05638,-1.01345,0
0.80404,-0.04524,0
1.21095,-1.13762,0
3.69641,0.08209,0
3.09325,-0.30203,0
0.6807,0.636,0
3.97858,0.06038,0
3.02584,-0.41692,0
1.36951,1.06072,0
1.55429,-0.74574,0
1.23413,0.13542,0
3.54368,0.97118,0
2.31497,1.05278,0
3.96207,-1.16172,0
3.9311,1.19058,0
3.42857,0.28555,0
2.79231,-1.15262,0
1.09185,0.83268,0
4.1237,0.51004,0
1.86537,0.38541,0
0.93357,1.15926,0
3.6353,-0.4676,0
1.42045,0.81461,0
2.25294,-0.75132,0
1.71564,0.20213,0
1.64653,-1.03446,0
4.19517,-0.31343,0
1.09691,1.1536,0
1.65393,-0.03281,0
0.79223,0.97093,0
1.35911,-0.55635,0
2.75495,0.73243,0
0.80192,0.87432,0
0.80013,-0.34005,0
1.79996,0.63376,0
1.099,0.76257,0
3.97006,1.09566,0
4.13354,1.1946,0
3.31118,-0.18955,0
1.67762,0.44444,0
4.31625,-0.72588,0
0.64752,0.29268,0
2.06717,0.7041,0
0.8826,-0.79922,0
2.04439,0.79204,0
1.69012,0.85489,0
1.09639,-0.58848,0
1.29825,0.01423,0
1.42784,-0.64318,0
2.82008,-1.02162,0
3.21396,1.07119,0
2.3333,-1.15537,0
4.10384,0.87694,0
4.21295,1.17433,0
3.01206,0.44702,0
0.64835,0.81206,0
3.25169,-0.63324,0
3.19719,-1.08703,0
2.01622,-0.69148,0
2.313,1.09958,0
3.25487,1.1791,0
0.92754,1.11412,0
3.91845,0.28087,0
3.51706,0.08782,0
3.31567,0.31501,0
0.67679,0.87438,0
1.27962,1.09165,0
0.93662,-1.02177,0
0.69646,-0.84507,0
1.31997,0.98019,0
3.43016,0.88165,0
4.13642,-0.52858,0
2.3782,0.83659,0
4.34753,1.13767,0
1.54141,0.87652,0
2.94859,-0.76453,0
2.05235,0.90353,0
3.62391,0.36701,0
3.11514,-0.43089,0
2.85934,1.24846,0
2.69948,0.15493,0
4.37994,-0.21726,0
4.13639,1.2278,0
2.59913,-0.15707,0
2.37511,0.384,0
3.07987,-1.08876,0
3.41187,-1.05584,0
1.37697,-1.1966,0
4.12342,0.3995,0
1.9887,-0.90667,0
3.29176,0.56564,0
3.43249,-1.1513,0
1.22573,0.80428,0
3.67276,-0.94415,0
0.58455,-0.94601,0
3.30198,0.31742,0
0.62723,1.16108,0
3.72404,1.17696,0
3.14395,-0.07725,0
2.36651,-0.4485,0
2.56894,0.01076,0
2.0371,0.59828,0
0.94426,-0.82513,0
2.09309,-0.51747,0
4.41086,-0.09334,0
3.01219,-0.30217,0
1.91785,0.8651,0
2.7816,-0.06869,0
0.56735,-0.94783,0
0.83634,0.72237,0
2.77361,0.19123,0
3.46336,0.92091,0
3.97574,0.0795,0
3.87227,-1.1628,0
2.12645,0.35755,0
2.19789,-0.61516,0
3.12258,-0.81289,0
1.24733,-1.03539,0
2.20742,-1.13479,0
1.16798,0.22784,0
1.55214,0.01762,0
1.51793,0.82534,0
0.82728,-0.56747,0
2.39934,-1.24494,0
0.86997,0.07393,0
1.34577,-0.73285,0
3.21502,0.13985,0
3.66309,-1.07466,0
4.11475,0.09786,0
3.07106,0.74568,0
3.17136,0.49472,0
0.82789,-1.22533,0
1.61514,-0.44937,0
1.81897,-1.11047,0
1.35901,-0.55873,0
2.73468,-1.04103,0
2.33143,-0.96368,0
2.2353,0.87372,0
2.19133,0.12395,0
3.21197,-0.0334,0
2.18262,1.0787,0
1.02733,0.81629,0
0.85268,-0.73399,0
1.12041,0.60442,0
3.96294,-0.5707,0
4.09316,-1.23234,0
1.29026,0.06724,0
3.4318,0.89748,0
1.42845,0.32697,0
1.81877,-0.98859,0
0.84022,-0.65206,0
3.81462,-0.33788,0
2.17069,0.97471,0
2.01868,-0.45061,0
4.41033,-0.57964,0
2.96466,-0.72011,0
3.76366,-0.19523,0
1.80672,0.63105,0
3.03643,-0.61068,0
1.89035,0.87062,0
2.3433,-1.17626,0
3.5424,-0.96944,0
2.61448,1.23543,0
3.84884,0.60563,0
3.62751,-0.66459,0
2.28986,0.03721,0
1.75842,-0.6368,0
2.77696,0.16315,0
3.88073,-0.61417,0
1.6074,0.62405,0
2.70992,-1.08166,0
3.86426,1.24619,0
3.0832,-0.40722,0
1.16349,0.41444,0
1.62666,-1.13405,0
3.05575,0.3091,0
4.19003,0.51528,0
3.85306,-1.00548,0
3.8564,-0.39455,0
2.73949,0.26531,0
0.85529,0.45939,0
0.634,-0.81536,0
0.97425,-0.34722,0
2.09305,0.93061,0
0.92956,-0.03225,0
3.41591,-1.06296,0
1.42526,0.552,0
3.2673,-0.19513,0
3.83468,-0.20814,0
3.40457,-0.53824,0
2.42049,-1.19881,0
1.07779,-0.73405,0
2.03265,0.68874,0
2.64946,1.22231,0
1.47263,0.6633,0
0.77859,-0.65975,0
1.77682,-0.43057,0
2.44916,-0.61665,0
4.28328,0.72467,0
4.42312,-0.91997,0
1.38558,-1.23735,0
2.36296,-0.41038,0
1.07294,-1.13851,0
3.01268,0.12668,0
2.80949,0.27059,0
3.29239,0.67447,0
2.27963,0.29074,0
2.18851,-1.01466,0
0.52332,0.32114,0
1.50063,1.07533,0
1.81836,0.3403,0
0.63948,0.62963,0
0.76396,-0.6139,0
2.84182,0.12685,0
3.21409,0.19319,0
1.02064,0.63471,0
2.56365,1.0222,0
0.8105,0.43677,0
3.44907,-0.80345,0
1.44517,0.72102,0
0.76843,1.24057,0
3.69935,1.20945,0
0.59235,-0.7105,0
2.28362,-0.18143,0
3.47686,-1.17511,0
3.27763,0.63802,0
2.1131,0.26688,0
2.77839,0.32538,0
2.97519,-0.98634,0
3.01811,1.10244,0
0.66682,-0.41033,0
3.11795,0.04817,0
1.57776,-0.07732,0
2.9695,0.09817,0
1.27452,1.00761,0
4.34763,-0.57607,0
3.05614,0.58378,0
3.86095,-0.88104,0
2.98879,-0.82338,0
2.77352,0.91043,0
0.69275,-0.66978,0
3.13901,-0.76564,0
4.33448,-1.24396,0
4.35083,0.007,0
1.83995,0.93719,0
3.37402,0.87684,0
1.59234,-0.58887,0
2.04649,-0.05148,0
2.78208,-0.45405,0
3.89932,1.09253,0
1.75565,0.42239,0
3.58322,-1.10894,0
1.94782,0.27771,0
4.12175,1.21614,0
4.28015,0.53806,0
1.47291,1.03044,0
0.52964,0.08495,0
3.24228,-1.06765,0
0.90204,0.16273,0
0.52453,-0.89617,0
3.38123,-0.41785,0
3.58692,-0.71192,0
1.56147,0.187,0
4.18421,-0.02261,0
3.96841,0.16434,0
1.5427,0.12811,0
0.79698,-0.24132,0
1.80266,0.89469,0
1.6632,0.38057,0
0.99966,0.3915,0
1.84857,0.82575,0
3.12981,-0.67624,0
3.21493,1.09078,0
3.16919,-0.14487,0
2.29906,-0.94025,0
1.41047,-0.4826,0
4.19856,-0.80637,0
2.88465,1.01101,0
4.1828,-1.02233,0
2.36038,1.04298,0
1.9242,-1.00007,0
3.21523,0.17449,0
2.40833,-1.16887,0
3.08362,-0.49965,0
0.96228,0.39663,0
0.85662,0.62606,0
1.89139,0.42582,0
1.67816,-0.71861,0
3.69351,-0.52088,0
3.72098,-0.11872,0
1.98599,1.19364,0
1.72954,0.78788,0
3.65437,0.13755,0
2.14322,0.07742,0
3.73759,-0.00353,0
0.91415,1.04709,0
4.44605,-0.29874,0
2.73903,0.29553,0
1.25635,1.23978,0
4.30732,1.02964,0
3.6329,-0.95848,0
1.25841,1.10809,0
4.29713,0.29447,0
3.6016,0.8797,0
1.16094,0.78565,0
2.07732,-0.08825,0
2.72418,-0.02829,0
2.69877,-0.28015,0
0.73837,0.73781,0
3.36422,0.39348,0
0.62254,-1.11181,0
2.78297,-0.20354,0
2.09481,-0.78943,0
1.41182,-0.2628,0
4.34726,0.59842,0
0.64211,1.07896,0
2.25956,-0.25195,0
2.21993,0.41863,0
3.80099,0.10684,0
2.91737,0.12314,0
4.23565,-0.79707,0
2.38263,-0.32753,0
2.1489,0.29293,0
3.97494,-0.13334,0
2.6515,1.14785,0
0.61813,-0.02993,0
3.70927,0.01181,0
0.99883,-0.32845,0
3.39583,-1.0034,0
1.71002,0.6879,0
3.49989,1.16895,0
3.68325,0.88442,0
3.05188,-0.64394,0
3.15803,0.73099,0
0.51683,0.52761,0
3.12468,0.95406,0
2.54269,-0.63016,0
1.57647,-0.44268,0
3.04894,-0.82584,0
1.72458,-0.79463,0
1.80261,-1.15311,0
2.33045,-1.06586,0
2.41846,0.5302,0
2.18229,-0.63685,0
3.80913,1.08543,0
3.6203,-0.26903,0
1.47204,1.0409,0
1.92457,0.72475,0
3.6845,0.3775,0
3.29821,-0.75456,0
1.3182,0.42191,0
1.60601,-0.61058,0
4.22884,-0.76501,0
4.49802,0.65632,0
3.0879,-0.86589,0
1.00918,0.85855,0
3.84823,0.33065,0
0.74735,0.92467,0
0.94606,0.87994,0
2.8329,-1.03736,0
3.53879,1.19386,0
4.06339,0.11262,0
2.18791,0.44499,0
1.7195,0.39199,0
1.24177,-0.53464,0
1.53703,0.655,0
0.75334,-1.00725,0
1.30641,0.79754,0
1.73501,-0.59314,0
2.18727,0.02276,0
2.25504,0.22739,0
1.90382,1.23758,0
1.72874,-0.05914,0
3.41006,-0.1737,0
2.89049,-1.2313,0
2.082,-0.2287,0
0.85289,0.50892,0
2.94945,1.18492,0
4.29508,-1.10652,0
3.49274,-1.05163,0
2.23646,-0.51289,0
3.39072,0.24008,0
1.63833,-0.04044,0
0.50329,-0.78054,0
1.30531,0.51055,0
4.21454,-1.14228,0
2.85221,-0.35466,0
0.63664,-0.67964,0
0.77923,-0.82629,0
2.02551,0.53191,0
1.51059,-0.2223,0
1.99085,-0.87317,0
4.00507,0.3428,0
2.62862,1.03002,0
2.13364,0.3459,0
1.53226,0.20596,0
2.50085,-1.14764,0
3.38486,1.20869,0
3.58924,0.97055,0
3.44928,1.05779,0
3.71456,0.97064,0
2.92312,0.01423,0
4.30879,-0.57326,0
3.82677,-1.13427,0
4.21553,1.01154,0
1.30094,-1.10197,0
3.39058,1.03258,0
3.43034,-0.48101,0
1.21442,-0.24163,0
1.73066,-0.92452,0
4.03372,0.77533,0
2.33608,-0.93342,0
2.36122,0.11939,0
2.13574,0.53923,0
3.77841,1.15918,0
2.76949,0.28722,0
4.40022,0.95812,0
4.19425,-0.51998,0
2.49141,-1.20107,0
4.26996,-0.89551,0
1.24097,0.95871,0
4.45382,0.16767,0
1.69361,-0.03401,0
3.16021,-0.16371,0
2.58825,-0.12308,0
0.93768,-1.00345,0
3.23101,0.97058,0
4.01191,-0.08353,0
3.63265,0.83272,0
1.80488,0.62465,0
2.91172,0.68743,0
0.86808,-1.15103,0
2.55443,0.82659,0
2.84068,0.35531,0
1.28404,-0.63497,0
3.5012,0.81507,0
0.80148,0.76951,0
3.21895,-0.74725,0
4.36477,-0.84665,0
2.10105,-0.85711,0
2.07255,1.11454,0
1.15446,0.16645,0
1.26581,-0.05549,0
0.9347,-0.3323,0
3.81763,0.86618,0
1.41079,-0.89699,0
0.63833,0.20707,0
1.39971,-0.79147,0
2.53168,-1.05883,0
3.29298,0.03088,0
3.46694,1.19138,0
3.703,-0.28249,0
3.51836,0.47433,0
4.48991,0.72746,0
0.71992,0.93218,0
2.9652,-1.15101,0
3.11239,-0.85847,0
3.91294,-0.82971,0
3.63903,0.79275,0
3.6371,0.27697,0
3.51944,0.05048,0
2.33085,-0.09455,0
0.76062,0.93414,0
1.96242,-0.32485,0
1.94193,-0.13595,0
2.096,-0.1753,0
3.94023,-1.16541,0
2.46616,-0.7382,0
1.27077,-0.37451,0
4.34123,0.60961,0
0.5927,-0.68868,0
2.66596,1.03554,0
0.913,0.62554,0
3.48408,-0.34275,0
0.62077,0.97995,0
4.01971,0.82027,0
1.3074,0.14422,0
3.65802,0.69739,0
3.53954,-0.40721,0
0.95313,-0.99844,0
1.89899,0.66327,0
2.60733,-0.50579,0
2.21309,-0.04202,0
3.41986,-0.84424,0
1.8492,-0.43797,0
2.24105,0.68625,0
1.92519,1.0433,0
1.23208,0.7951,0
3.20484,-0.14494,0
2.52343,0.08688,0
2.92632,-0.86455,0
1.75399,-0.80251,0
4.36195,-0.57582,0
2.52104,-0.69584,0
0.73488,0.64272,0
0.95982,0.22686,0
1.90075,1.14477,0
1.25342,0.85701,0
3.01856,1.09308,0
1.44495,-0.32228,0
0.72153,0.86626,0
0.92511,0.24041,0
4.44704,0.95135,0
4.13167,1.12817,0
4.3513,0.1408,0
1.96564,0.71836,0
4.47575,-1,0
3.15142,0.03466,0
0.71955,-1.09574,0
1.62751,0.74119,0
1.42894,-1.00706,0
1.58989,0.48175,0
1.39603,-1.04765,0
2.76268,0.49949,0
0.81526,1.06662,0
2.36091,-0.94957,0
1.49074,-1.14361,0
1.1656,0.46225,0
2.20112,-0.30998,0
1.70624,0.76367,0
0.97897,-1.18329,0
2.17754,1.17634,0
4.29628,-0.52744,0
3.32835,-1.06432,0
1.79824,0.93577,0
1.65104,-1.1276,0
0.94899,-0.68039,0
1.40051,-0.83695,0
4.36074,-1.11477,0
3.17634,-0.93371,0
2.44099,-0.65817,0
1.53112,-0.26679,0
3.22823,0.7872,0
3.22124,0.08984,0
3.30697,-0.89771,0
2.55233,1.23267,0
0.617,-0.70256,0
1.2755,0.90904,0
1.16916,0.9082,0
0.77956,0.53351,0
4.10753,-1.00832,0
2.45748,1.161,0
4.27821,-1.12075,0
1.99549,-0.35415,0
4.3721,0.00323,0
3.27005,-1.1019,0
1.67466,0.17674,0
3.6704,1.12897,0
1.87271,-1.01509,0
3.24065,-0.90697,0
1.82444,0.49792,0
1.13363,-0.95661,0
1.32341,1.24143,0
0.88779,1.16988,0
4.28698,0.27867,0
0.64278,1.23168,0
3.29635,0.79918,0
1.08204,0.97719,0
1.79655,0.35929,0
3.68743,-0.8214,0
3.12157,0.15372,0
1.26285,0.45449,0
2.97761,0.09191,0
4.4127,-0.59071,0
1.32047,-1.01712,0
3.8804,1.00645,0
3.40436,-0.74798,0
2.29747,0.44331,0
2.32543,-0.32995,0
1.06839,-0.47993,0
4.2282,-0.92333,0
0.91012,0.88635,0
3.38549,0.73122,0
1.28223,0.4839,0
1.99178,-0.81987,0
2.39612,0.30948,0
2.01636,1.06379,0
4.39621,-0.95949,0
0.66175,0.00482,0
2.80648,-0.46276,0
0.52338,0.124,0
3.19151,-0.59096,0
1.07488,0.41101,0
2.72833,0.77031,0
3.11441,-0.66811,0
3.86311,0.37025,0
3.57721,-0.51047,0
1.39405,1.06283,0
2.59074,-0.98431,0
2.5317,-1.23194,0
2.14555,-0.66026,0
3.56787,0.42692,0
1.87389,0.0868,0
2.2688,-0.85161,0
3.80248,0.77896,0
4.48691,0.6046,0
1.19502,-0.06276,0
1.21323,-0.94516,0
2.45351,-0.20664,0
1.74692,-1.12005,0
3.91447,0.42898,0
3.13603,-0.25462,0
2.17944,-0.84513,0
2.18435,-0.10845,0
1.74496,0.49302,0
4.08634,0.82479,0
4.47357,-0.65742,0
1.27965,0.24638,0
4.00502,-1.12332,0
1.85336,-1.02859,0
4.43009,0.0768,0
2.193,0.23529,0
1.92364,-0.99759,0
3.45254,-0.29042,0
4.17723,0.46026,0
1.2044,-0.75027,0
1.55151,0.81351,0
0.93622,-0.08376,0
2.88558,1.05507,0
1.73041,-0.33142,0
2.30714,-0.84082,0
0.51773,1.17649,0
3.98488,0.94182,0
1.64473,-0.18151,0
4.2153,0.95383,0
4.01483,0.03191,0
4.28513,-1.13509,0
1.75427,0.93628,0
1.11702,-1.11979,0
3.3011,-0.2622,0
2.06807,0.90507,0
4.23136,1.08927,0
1.90133,0.46646,0
3.45571,0.91147,0
1.0171,-0.53395,0
3.1782,1.11754,0
1.72876,-0.18911,0
2.25993,0.25994,0
2.15838,0.34826,0
4.35518,1.03539,0
3.13459,0.98905,0
1.90782,0.62913,0
1.38656,-0.91991,0
4.10953,0.04952,0
3.36285,-0.81556,0
2.0655,0.42994,0
3.47734,-1.00592,0
3.78949,-0.57946,0
1.43825,-0.85351,0
1.35664,0.71691,0
1.9383,-1.24066,0
3.81884,0.67258,0
2.13936,-0.76409,0
3.78949,-0.23175,0
1.71709,0.28393,0
1.22141,0.008,0
0.9203,-0.7371,0
0.72236,-0.0394,0
2.35281,0.33358,0
1.50599,0.73622,0
4.47415,-0.35304,0
4.05635,-0.53493,0
3.2237,-1.09448,0
3.97643,0.63198,0
1.62305,0.23063,0
3.82629,-0.33105,0
2.48606,-0.43472,0
1.59092,-0.3555,0
1.28164,-0.85786,0
2.09054,-0.16722,0
2.3224,0.28097,0
0.59142,0.7081,0
0.92238,-0.95319,0
2.0566,-0.02918,0
4.05013,1.05189,0
4.1394,-0.77137,0
2.77265,0.07868,0
4.49332,0.29863,0
0.99907,-0.47634,0
3.08454,-1.0592,0
0.77395,0.41853,0
3.34851,-1.11339,0
4.43052,-0.36282,0
3.5506,-0.93422,0
2.55098,1.08342,0
1.35516,-0.50682,0
2.32569,-0.55715,0
4.26148,-0.11067,0
2.91927,1.2055,0
3.04937,-0.95763,0
4.12144,-0.69368,0
2.96441,0.42705,0
1.04745,-0.39434,0
1.62445,0.098,0
3.9657,0.28248,0
2.16185,-0.404,0
1.67701,-0.59979,0
0.90738,1.14434,0
1.40798,-0.10475,0
4.32238,-0.83042,0
1.2868,-0.56148,0
3.27395,-0.87435,0
4.24251,0.88397,0
1.99005,0.55982,0
3.34258,-1.13403,0
4.18321,0.00289,0
4.24342,0.83757,0
1.44762,-0.46214,0
3.7342,-0.71049,0
1.74962,0.41058,0
1.46163,-0.91703,0
3.29624,0.96494,0
2.55828,-1.08727,0
2.56045,0.26346,0
3.14645,-0.0981,0
3.12673,0.38571,0
4.14465,0.12379,0
1.55915,0.74715,0
1.16112,-0.097,0
3.08998,-0.21803,0
2.90779,-1.03109,0
4.33176,-0.47222,0
2.59862,0.04692,0
1.48374,-0.69301,0
3.98167,0.75163,0
4.44131,-0.91885,0
1.561,-1.21313,0
0.92682,-0.70055,0
3.5527,0.4807,0
2.58691,0.5079,0
3.51476,1.15514,0
4.31023,-0.39051,0
2.56865,0.20592,0
1.04874,0.6106,0
1.33979,-0.10009,0
4.41836,0.0788,0
3.41709,0.4903,0
4.09356,-1.03068,0
1.89104,-0.44314,0
2.95673,0.93716,0
2.52269,-1.09313,0
3.64913,-0.99187,0
2.43527,-0.94157,0
2.17082,-0.35616,0
3.18499,0.4402,0
3.95346,1.11509,0
2.32648,1.16224,0
2.15229,0.57415,0
1.19856,0.8969,0
1.977,-0.2665,0
3.5965,-0.85344,0
4.05974,-0.28528,0
3.33885,0.65709,0
1.77497,1.09687,0
1.45789,1.01215,0
2.0766,0.87405,0
1.54239,-0.94238,0
0.5004,0.23848,0
3.82345,0.3431,0
3.52173,0.9647,0
2.67936,0.54202,0
1.5494,-0.50537,0
3.17068,-0.04137,0
3.56618,-0.46519,0
4.4176,-0.55206,0
2.85919,-0.49482,0
4.22275,-1.12952,0
2.53611,-0.8128,0
2.04507,-0.48786,0
4.21927,0.09863,0
3.67312,-0.78996,0
0.56561,-0.78843,0
1.96179,-0.38635,0
3.13951,-0.72236,0
1.85242,-1.24322,0
2.34335,-1.12803,0
3.62736,-0.38148,0
3.99224,-0.62353,0
2.20549,0.18677,0
2.37291,0.31006,0
2.38678,0.89566,0
2.00302,0.40101,0
3.35014,-0.8135,0
0.52478,0.05065,0
1.96414,0.86215,0
2.43379,-0.35447,0
2.23787,-1.18945,0
1.20549,-0.73138,0
4.27656,0.79482,0
2.01295,-1.09359,0
1.52584,0.12946,0
2.32949,-0.79392,0
2.18595,1.1363,0
2.3987,-0.69065,0
2.36904,0.78487,0
1.96411,-0.13769,0
4.25845,0.00818,0
1.51559,-0.39322,0
2.02925,-0.51529,0
3.95612,0.57033,0
2.78231,-0.7756,0
1.87199,-1.15427,0
4.148,-0.85921,0
2.61136,-0.55088,0
4.35206,-0.17099,0
3.10627,1.14235,0
1.19397,0.42493,0
2.51219,0.60251,0
1.45109,-0.97178,0
2.58337,0.90437,0
0.99441,0.74944,0
1.27557,-0.55051,0
3.53027,-0.95436,0
3.46204,-0.58571,0
1.86612,-0.04445,0
1.66895,0.9577,0
1.02169,-0.53684,0
3.15629,1.04552,0
1.90131,0.3536,0
3.17248,1.1101,0
3.37257,-1.24412,0
3.81143,-0.9678,0
2.07709,0.99553,0
2.42281,1.11086,0
2.00535,1.03294,0
3.00227,1.03787,0
2.07819,0.52307,0
2.87223,-0.40932,0
1.80309,0.63898,0
2.03095,-0.63904,0
3.25045,1.07513,0
0.86973,0.57107,0
4.40395,-1.07306,0
3.36439,0.00232,0
3.60188,0.16928,0
2.76501,-0.75331,0
0.74934,-1.24823,0
3.85046,0.468,0
1.41854,-0.51134,0
1.56629,0.86051,0
3.75265,0.27266,0
3.79152,1.08826,0
1.24766,0.31077,0
3.59029,0.86789,0
0.92097,-1.06262,0
2.52476,0.67545,0
3.3349,0.79144,0
4.02816,1.0923,0
1.34529,-1.2335,0
3.49296,1.05503,0
1.25652,1.24243,0
2.33372,-0.75937,0
2.94119,-0.10277,0
0.83452,-1.24047,0
3.49866,0.91003,0
3.5184,0.38967,0
1.54524,0.93335,0
4.30425,1.12771,0
0.91442,-0.84621,0
1.8642,0.812,0
4.45472,-0.6113,0
2.55493,-0.87487,0
2.85737,0.20877,0
1.17329,1.15464,0
3.78849,-0.81015,0
2.14999,-0.40211,0
1.25323,-0.27039,0
4.03257,-0.85907,0
1.19224,-0.95434,0
1.09616,0.87125,0
4.46762,0.92201,0
0.65904,-1.22242,0
3.89455,-0.92962,0
3.02038,0.45044,0
1.32504,-0.05051,0
0.93569,-1.20865,0
2.88529,0.35183,0
0.80159,0.37076,0
3.05146,0.74203,0
0.95507,-0.75201,0
0.56567,0.74686,0
3.49822,1.14248,0
2.46336,-0.03629,0
0.61961,0.35269,0
2.77417,1.24994,0
3.36241,0.60773,0
1.11805,-1.22157,0
3.05144,1.24113,0
1.98392,0.73587,0
0.95645,0.7974,0
0.81156,-0.31959,0
0.96562,-0.41202,0
3.08376,-0.12128,0
2.67923,1.22452,0
3.04241,1.09318,0
3.43161,1.23327,0
3.31374,-0.05455,0
0.76123,-0.78828,0
3.16479,-0.1112,0
3.47357,-0.36181,0
1.1813,0.11827,0
1.71724,0.59944,0
0.70524,-0.51508,0
1.99679,1.12871,0
3.2023,0.6854,0
1.97287,0.13136,0
0.63676,-0.3126,0
3.95271,0.00896,0
2.62552,0.16013,0
2.96631,-0.06136,0
2.61547,1.0092,0
3.2629,0.14714,0
1.18537,-0.59408,0
2.13312,1.02338,0
4.04317,-0.26983,0
0.82562,-0.8191,0
4.30832,-1.0631,0
2.18643,-0.63391,0
3.08933,-0.65969,0
1.46837,0.34032,0
2.45156,-0.06484,0
1.09943,-1.06502,0
3.26863,0.33671,0
1.22664,0.37341,0
0.95072,0.38057,0
3.4535,-1.16722,0
2.72656,0.03459,0
4.49602,-0.29453,0
3.96228,-1.19703,0
3.99961,1.14074,0
0.95903,-0.68092,0
1.83252,0.31546,0
1.41836,-0.88569,0
0.60562,0.34009,0
2.06489,-0.20438,0
3.20615,0.05468,0
1.82777,-0.30458,0
3.60334,-1.12512,0
1.42971,0.47259,0
4.31737,0.68203,0
1.30782,1.21307,0
4.34952,-0.09015,0
0.81216,-0.71651,0
2.82273,0.07639,0
3.72568,1.042,0
1.60798,0.22558,0
2.73484,0.36543,0
1.46076,-0.37564,0
1.24596,-0.6986,0
0.87744,-1.20925,0
2.93909,-0.43109,0
4.13114,0.74374,0
2.03561,0.79936,0
1.16996,-1.08923,0
2.08413,0.19559,0
2.1261,1.18004,0
3.58104,-0.09415,0
1.832,-0.32644,0
2.10521,0.35619,0
3.49232,0.28843,0
2.78135,-0.54671,0
3.45417,-0.61079,0
2.18356,1.21953,0
4.00955,-0.94256,0
3.51754,1.23331,0
1.87477,-0.11118,0
1.21359,-1.19713,0
4.45076,-0.74875,0
1.54426,0.11958,0
2.9695,-0.07164,0
0.99817,-1.16144,0
3.35743,0.20924,0
2.20163,-0.15028,0
2.64186,0.84624,0
3.94026,0.91707,0
1.19314,-0.89692,0
3.28165,0.18223,0
2.26511,1.0644,0
2.67601,-0.52637,0
2.69046,-0.39157,0
2.75738,-0.143,0
2.15312,-0.02969,0
4.33976,-0.96715,0
3.99978,0.27044,0
2.60804,-0.35509,0
0.98831,0.47114,0
2.40362,-1.16541,0
4.21289,0.69251,0
3.88242,0.85222,0
1.48646,-0.24438,0
0.86991,-0.45111,0
4.2108,0.20958,0
2.49275,0.75807,0
1.54681,1.0645,0
2.3793,1.19184,0
1.55146,0.57901,0
1.48175,-0.41249,0
1.05269,-0.76106,0
1.26035,0.93683,0
3.26417,0.66229,0
4.2752,1.00663,0
4.22417,0.70077,0
3.46809,0.11203,0
0.68745,-0.76532,0
3.62488,-1.20961,0
4.17747,0.39745,0
2.77511,1.06166,0
2.29728,-0.21091,0
3.62137,0.66434,0
1.34817,-0.49464,0
2.24935,0.07045,0
1.09078,0.05024,0
1.08553,-0.10503,0
0.86434,-0.26934,0
1.99795,0.02066,0
2.49129,1.21543,0
1.0873,-0.22646,0
2.56348,0.30872,0
1.62346,0.69651,0
1.49918,-0.91171,0
2.66614,-0.65414,0
4.0359,0.59144,0
1.56304,0.81942,0
3.20942,-0.91256,0
3.12011,-1.19735,0
0.9823,0.31253,0
0.65242,1.16601,0
2.95243,-0.7164,0
2.48014,0.17727,0
2.09216,-0.94312,0
3.66444,0.0683,0
4.1792,0.70167,0
0.89299,-0.56924,0
3.41713,0.89875,0
4.47973,0.03898,0
3.58906,-0.91781,0
1.51773,-0.37799,0
1.22578,0.40712,0
1.80986,1.18385,0
3.8318,0.41104,0
3.47969,0.39114,0
1.2658,0.15226,0
2.84457,-0.69001,0
1.28164,-0.73169,0
2.85252,-0.70353,0
4.16372,-0.55757,0
2.17496,-1.24947,0
3.58047,0.29381,0
2.51826,-1.14073,0
4.39893,0.50289,0
2.6063,-0.17842,0
2.05361,-0.0338,0
4.1322,-0.68759,0
0.77426,0.54183,0
0.67115,0.12801,0
1.94942,0.7945,0
2.62661,-0.36447,0
3.55715,0.08554,0
0.57148,-0.83417,0
2.63812,0.47165,0
2.5946,0.41624,0
1.54656,-0.77957,0
3.06975,1.09297,0
3.03751,0.32856,0
1.06407,-0.26483,0
2.03058,0.09364,0
1.59354,0.65088,0
3.93927,0.92107,0
0.83395,0.22787,0
4.15025,-0.73179,0
2.34187,0.20589,0
1.42467,-1.21925,0
1.61492,-0.28117,0
0.70656,0.68613,0
2.50432,0.08662,0
1.41179,-0.8197,0
3.02473,-0.65991,0
2.97964,0.50562,0
2.99896,0.51232,0
0.96172,0.15185,0
0.62716,0.34343,0
1.82741,0.3982,0
2.53854,0.91184,0
1.21307,0.7851,0
3.01944,-0.52325,0
4.24127,-0.70285,0
2.01171,-0.1283,0
1.59742,-0.45211,0
2.47589,0.76788,0
3.11307,-0.13919,0
4.20041,-0.89195,0
1.09552,0.04585,0
0.56934,0.634,0
1.72754,0.88649,0
1.11399,0.95211,0
3.221,-1.12159,0
3.27544,-0.66358,0
2.32104,0.9799,0
0.7791,1.22409,0
4.18419,1.21504,0
3.33451,1.036,0
1.38982,0.05748,0
3.37744,0.03503,0
3.96834,1.17695,0
1.52359,-0.11487,0
0.96308,0.09421,0
3.62325,0.62428,0
3.92192,-0.80128,0
3.2873,0.9222,0
2.70094,-1.14923,0
1.07342,-0.80718,0
3.70755,-0.22115,0
1.54819,-0.3941,0
2.57494,0.04526,0
0.99523,-0.22309,0
1.47191,-1.02479,0
1.28413,0.8134,0
2.62227,-0.26251,0
0.73013,0.4097,0
3.5672,-0.05899,0
2.79153,1.12837,0
2.30785,0.0506,0
3.89311,-0.31049,0
0.61613,0.87915,0
2.22102,0.74266,0
4.37216,0.75492,0
1.25657,-0.71787,0
3.54936,-0.46318,0
3.79216,-0.39466,0
2.72609,-0.78205,0
2.29922,-0.66593,0
0.54132,-0.37518,0
1.99338,0.34273,0
0.64572,0.33685,0
4.27338,-0.95428,0
2.73279,-0.3685,0
3.91719,0.70545,0
0.72566,-1.06129,0
4.1994,-0.32578,0
2.68304,0.90463,0
1.12415,-0.2958,0
1.12748,0.74457,0
2.72333,0.11417,0
4.38106,-0.82796,0
1.10255,1.06687,0
2.31649,-0.84326,0
3.34112,-0.30185,0
3.68278,-0.64041,0
0.73116,-1.12313,0
0.80625,1.23933,0
0.9986,0.85577,0
2.12014,0.79665,0
2.46796,0.01278,0
4.33889,-0.42469,0
2.13777,0.82711,0
4.22208,0.45095,0
0.69718,0.04615,0
0.98594,0.91435,0
1.92653,0.05096,0
3.74431,-1.17336,0
0.53764,-0.10474,0
2.62425,0.14339,0
2.58166,0.35525,0
2.31767,-0.55916,0
0.68947,0.12964,0
0.68641,0.93366,0
3.04036,0.82813,0
3.26206,-0.81249,0
2.15049,-0.93132,0
0.78935,0.95945,0
2.00158,-0.69156,0
3.27277,-0.4379,0
1.5267,-0.38722,0
2.03435,-0.91324,0
4.31805,0.37677,0
4.25036,0.74197,0
1.84801,-0.78385,0
3.18309,0.92204,0
1.59602,-0.44685,0
3.11303,1.1096,0
1.11778,-0.51556,0
3.69052,-1.01423,0
2.55472,-0.69655,0
2.70969,-0.33171,0
1.64113,0.52772,0
2.07564,1.20091,0
3.46254,-0.39805,0
4.1558,-0.54538,0
2.84203,-0.66534,0
2.12912,-0.57103,0
1.06665,1.03953,0
0.51155,0.28436,0
1.23842,0.53937,0
2.98755,0.11347,0
2.53617,0.51776,0
3.59065,-0.38553,0
2.81589,0.75353,0
2.19203,-0.29515,0
1.02857,-0.4203,0
4.36355,0.89105,0
1.3436,-0.99864,0
2.07531,0.35059,0
1.02256,0.98284,0
2.97318,-1.04582,0
4.4483,-0.92308,0
1.81529,-0.14392,0
0.67976,-0.05162,0
1.15657,0.49501,0
2.42812,-1.16704,0
0.8349,-1.19418,0
3.08236,-0.34769,0
0.5447,-0.39684,0
2.72476,-1.12899,0
2.34256,-0.3143,0
1.13209,-0.63868,0
1.96371,0.96469,0
1.0642,-1.21528,0
4.19777,-0.49118,0
4.39122,0.48536,0
0.80519,-0.23788,0
0.89238,-0.86919,0
0.88182,-0.16424,0
1.56643,-0.60042,0
3.31349,0.14606,0
2.25201,0.50793,0
2.42282,0.92978,0
4.26368,-0.05062,0
2.89479,1.04501,0
1.52303,0.021,0
3.50623,-1.1599,0
2.84221,-0.92558,0
4.13856,-0.96058,0
3.35625,0.56295,0
0.68659,-0.39651,0
4.18472,0.21061,0
1.52722,0.21573,0
0.82687,0.0549,0
2.50226,-0.74225,0
2.64321,0.19694,0
2.44898,0.57697,0
4.06386,-0.81236,0
3.55546,-0.49766,0
0.82378,0.96383,0
3.5641,-0.7446,0
2.86034,0.29046,0
1.38869,0.76071,0
1.48204,0.44657,0
0.96891,-0.62776,0
3.87102,-0.00767,0
0.52556,0.24904,0
3.45077,1.0555,0
3.43322,-0.58012,0
0.57103,1.16049,0
3.8638,-0.40653,0
4.44859,-0.14231,0
0.84848,1.21667,0
1.59903,1.02324,0
3.68056,-0.64557,0
3.68112,1.10122,0
0.77917,-0.03635,0
1.62394,0.63811,0
3.55654,1.10879,0
1.70497,-0.56417,0
3.33993,0.51973,0
4.46356,-0.27898,0
0.55012,-0.20337,0
1.83915,0.72098,0
1.78984,-0.24911,0
2.45735,-0.3719,0
1.1631,-0.37648,0
2.15226,0.78755,0
2.48581,-0.82612,0
3.67899,-1.02219,0
4.03903,0.6806,0
0.91409,0.32613,0
4.22869,0.88989,0
3.16946,0.26721,0
1.02581,-0.41209,0
3.4815,0.94553,0
3.97544,-0.83831,0
0.59026,-0.76626,0
1.77904,-0.8059,0
0.87387,-0.80051,0
4.40495,0.90541,0
3.54656,-0.38167,0
2.88478,0.22805,0
1.8579,0.90384,0
4.27148,0.04046,0
2.04158,-0.40621,0
2.60774,-0.29703,0
2.35273,1.18148,0
1.37313,0.17117,0
3.24497,-0.08805,0
0.98657,0.44614,0
3.8355,-0.23608,0
2.8311,0.32969,0
1.07315,0.71981,0
2.20748,-1.0398,0
0.61437,-0.66484,0
4.08494,1.151,0
3.30277,-0.46649,0
1.70692,-0.8824,0
1.02129,0.5287,0
2.37335,-0.93268,0
1.27079,-1.01441,0
4.08895,-1.18341,0
2.82507,1.16332,0
1.867,-1.05267,0
2.5052,-0.82027,0
3.96536,-1.22591,0
3.85098,0.70004,0
1.39329,-0.10614,0
3.90634,-0.8667,0
1.01884,-1.22402,0
1.05751,-0.60071,0
3.54247,0.23852,0
1.59418,-0.31925,0
1.09243,-0.50539,0
3.4372,-0.15826,0
1.28843,-0.10961,0
4.05602,-1.15248,0
3.61343,-1.22926,0
2.27457,-0.37903,0
2.5075,0.55352,0
1.4884,0.7289,0
3.87338,1.03882,0
1.61165,-0.6714,0
3.07832,0.10219,0
1.35591,-0.50963,0
4.30156,-1.18979,0
1.17061,-0.59699,0
3.86135,0.14664,0
3.66865,0.23905,0
3.05969,0.13329,0
2.09065,0.53198,0
2.24699,0.68419,0
1.54144,1.06903,0
0.56499,-0.09964,0
2.93129,-0.37731,0
1.36931,-1.0704,0
2.80895,0.47726,0
0.56359,-0.59083,0
3.05584,0.5714,0
1.96177,-0.24292,0
4.04654,1.07516,0
1.64518,0.44716,0
2.23783,-0.87853,0
4.41955,-0.4901,0
3.62423,0.61189,0
2.1112,0.04925,0
1.89923,0.191,0
1.92221,-0.28105,0
3.51617,-0.34266,0
4.20794,0.62694,0
2.58806,-0.02218,0
0.53075,-0.23192,0
2.95072,-0.76348,0
3.70328,-1.10654,0
3.18145,-0.55906,0
1.19863,0.77194,0
2.83702,0.92627,0
2.81633,-1.17491,0
2.56851,-1.08578,0
1.48112,-0.10258,0
2.051,0.4092,0
2.20638,-0.29503,0
4.38297,1.07853,0
3.98984,-0.86088,0
2.17717,-0.56882,0
3.77096,-1.16998,0
4.24862,-1.249,0
2.46498,-0.84615,0
4.23751,-1.24124,0
1.68862,0.62472,0
2.3188,-0.75765,0
3.63057,-0.49269,0
3.4377,-0.87485,0
2.9233,-0.2134,0
2.07357,1.17759,0
3.5936,0.0503,0
0.87541,-1.04539,0
4.0877,0.25496,0
4.19548,-0.23244,0
2.53525,-0.46588,0
2.10239,0.41495,0
1.80302,-0.78306,0
3.26912,-0.30247,0
4.29039,0.33802,0
1.15491,1.2397,0
1.72934,-0.74728,0
1.01384,-0.59102,0
1.31538,0.34757,0
3.50995,0.94933,0
4.22332,0.46595,0
1.06015,0.9106,0
1.03155,-0.80168,0
3.60052,0.81395,0
0.66092,-1.16969,0
1.1463,-0.11134,0
1.16247,-0.408,0
3.92845,-1.1244,0
1.98849,-0.17454,0
1.53446,-0.76718,0
1.2706,1.09211,0
4.06988,0.69754,0
2.60445,0.90744,0
1.52656,-0.09006,0
2.71067,0.57126,0
0.69941,-0.66774,0
2.785,-0.218,0
1.32159,-0.71255,0
2.75058,0.68831,0
2.94405,0.40716,0
0.63841,-0.7451,0
4.32967,-0.46139,0
0.78774,-1.16408,0
1.33245,0.10359,0
2.88815,-1.11567,0
4.00259,0.61038,0
2.35212,-0.42634,0
1.67804,0.87933,0
1.93436,0.91459,0
0.5263,1.24343,0
1.61025,0.35022,0
3.20893,0.55814,0
4.32434,-0.72608,0
2.07127,0.32579,0
1.70546,-0.87996,0
2.33391,-0.91354,0
2.52744,1.06111,0
2.43851,1.20642,0
1.27526,-0.62094,0
1.83431,-0.76088,0
2.56181,-0.44456,0
3.55573,-0.57257,0
1.50069,-0.1778,0
2.40576,-0.96235,0
2.87741,-0.47841,0
3.70842,0.70951,0
1.44271,-0.14516,0
2.43808,-1.22086,0
2.99467,0.07103,0
3.16864,-0.207,0
3.24857,-0.01142,0
1.71289,1.2053,0
2.57852,1.00978,0
2.56831,-0.19701,0
2.97716,-0.04934,0
2.03641,-0.06451,0
3.94531,-1.00263,0
1.33532,1.06943,0
1.93067,0.60096,0
3.22471,0.90551,0
1.77137,0.18355,0
4.44837,0.29594,0
4.15823,1.01855,0
2.30936,-1.16559,0
2.65776,0.55509,0
1.42107,0.28794,0
1.17647,-0.71301,0
4.20199,-0.85107,0
3.42529,-0.23168,0
1.29083,0.63055,0
4.30676,-0.90487,0
3.8837,0.05077,0
1.56622,0.18194,0
2.32261,0.76753,0
3.66692,0.87296,0
2.1471,-1.10476,0
4.40677,0.98812,0
1.0857,0.3834,0
3.95547,-0.69418,0
3.66617,-0.75829,0
2.90509,0.62496,0
1.59371,0.45957,0
4.23217,-1.04062,0
3.26988,-0.65897,0
4.32826,0.66171,0
4.32218,1.01721,0
0.92908,0.51328,0
0.65593,-1.07326,0
1.56134,1.09913,0
3.11392,-0.28775,0
1.91078,0.45219,0
2.33963,-1.05781,0
3.9027,-0.14752,0
0.53664,-0.70898,0
3.04781,-0.09425,0
3.05875,0.7136,0
4.21532,-1.02433,0
2.83175,-0.86679,0
1.59468,-1.14958,0
0.68569,-0.42853,0
1.83511,0.95437,0
3.62214,-0.12317,0
2.97121,-1.08592,0
3.75451,0.87607,0
1.03279,-0.84953,0
1.65416,0.08756,0
0.94721,-0.42043,0
1.76179,0.43396,0
4.0331,-0.56165,0
3.40133,-0.66641,0
1.26911,-0.79023,0
1.397,1.00888,0
1.55178,-0.34266,0
1.20735,-0.50535,0
2.69156,-0.8615,0
4.17531,-0.63167,0
1.79278,0.55584,0
2.48074,-0.42895,0
4.40415,-0.99205,0
1.81271,-1.10356,0
2.34532,-0.96382,0
3.40721,-1.22189,0
3.16836,-0.28702,0
3.14924,-0.82143,0
3.23066,1.22352,0
3.34191,0.61405,0
2.13045,-0.84541,0
4.41315,-0.96944,0
4.4273,1.12181,0
3.13276,0.92854,0
0.73467,0.45243,0
2.61027,-0.93441,0
2.73813,0.84404,0
0.9745,-0.02785,0
1.90082,-0.4641,0
2.67455,-0.4936,0
1.54792,-0.51685,0
2.45995,0.70899,0
2.90135,-1.07912,0
0.84073,-1.12769,0
3.78383,-0.66452,0
4.23218,0.8816,0
2.13231,-0.8861,0
0.57717,-0.15869,0
1.69573,-0.84593,0
2.56903,0.13052,0
2.11443,-0.22963,0
2.12877,0.4842,0
3.60065,-1.09103,0
3.0319,-0.76356,0
2.42763,0.4641,0
1.80933,-0.14449,0
1.52947,-0.34395,0
0.72132,0.48714,0
3.65096,-1.24891,0
2.59796,-1.09719,0
1.39838,-1.24448,0
2.93974,-0.48416,0
4.4398,-0.52731,0
2.27477,0.11586,0
1.88028,-0.30088,0
1.52849,-0.79156,0
1.39134,-0.83251,0
4.11371,0.42502,0
1.67556,0.54774,0
4.139,0.2855,0
1.11072,-0.07782,0
4.16554,-0.15815,0
2.14184,-0.45757,0
1.86629,-1.24393,0
3.94628,-0.91535,0
3.30804,0.53314,0
4.15977,-0.72325,0
1.41317,-0.70531,0
2.23234,-0.46789,0
2.75435,0.96328,0
3.18909,0.18601,0
0.88099,0.78683,0
1.89614,0.23002,0
2.99218,-0.20676,0
3.82387,0.31452,0
3.1556,0.8492,0
3.18824,0.27965,0
2.04704,0.74631,0
2.57096,1.01558,0
0.54002,0.63452,0
1.38204,-0.64051,0
1.10755,-0.89087,0
0.68169,-0.39706,0
0.73737,-0.21966,0
2.33776,-1.09524,0
2.41925,-0.00479,0
2.65379,-0.07583,0
3.90265,0.57595,0
0.66385,0.02259,0
1.37353,-0.37513,0
3.01989,0.89723,0
4.09364,-0.27752,0
0.71073,-0.65754,0
1.2395,0.97232,0
2.06495,-1.22907,0
1.5453,1.1615,0
2.56579,-0.33836,0
4.17144,0.17628,0
1.40765,1.23653,0
2.84446,0.97882,0
0.76209,1.02391,0
2.8809,0.10533,0
2.59205,0.82503,0
3.71355,1.24793,0
1.77733,0.50348,0
4.24575,-0.48206,0
1.44667,-0.59546,0
2.72045,0.59636,0
1.19694,0.62459,0
3.44241,1.05966,0
2.52459,0.89904,0
0.73115,-0.04803,0
3.51788,0.80819,0
3.62326,0.36539,0
0.53965,-0.92779,0
0.54245,-0.90005,0
2.2179,-0.00498,0
2.68338,0.24797,0
2.05354,1.14584,0
2.3884,-0.06573,0
2.59137,0.34391,0
3.11528,0.47799,0
2.37138,1.09214,0
0.83536,-0.46239,0
1.92131,1.04224,0
1.65227,0.03747,0
3.55035,-0.32223,0
1.18592,0.53688,0
3.0424,0.13723,0
2.46268,-0.82877,0
2.37669,0.92933,0
2.38279,-0.64459,0
1.2466,-0.90358,0
4.37918,-0.93228,0
2.2405,-0.33894,0
1.8385,-0.80243,0
1.73581,1.20098,0
2.51234,1.13495,0
1.03403,0.57458,0
3.89233,0.22673,0
3.24267,0.40155,0
1.62475,0.69519,0
3.24975,-0.13187,0
2.01435,0.80335,0
1.55531,0.90008,0
1.90326,-0.68146,0
2.03321,-1.03075,0
3.67296,0.92357,0
3.05253,-0.83409,0
2.26525,-0.93576,0
1.86126,0.88905,0
2.43226,0.85119,0
2.56512,0.93102,0
0.82518,0.51428,0
1.37174,-0.85943,0
3.885,0.12521,0
2.74459,-0.70971,0
2.71263,-0.60745,0
2.18006,0.47061,0
3.21578,-0.99644,0
3.58781,-0.08597,0
2.51869,-0.80515,0
3.86862,0.43047,0
3.40267,0.55515,0
4.02784,-0.71651,0
2.92437,0.7042,0
2.42395,0.82818,0
1.31903,-0.6197,0
0.81233,-1.23306,0
1.95631,-0.81442,0
2.45549,-0.33158,0
0.65264,-0.85922,0
2.13729,0.81617,0
1.93968,0.181,0
3.1925,0.81279,0
1.38352,0.59158,0
3.848,1.01852,0
3.72662,0.71157,0
1.10215,0.77358,0
2.25266,-0.45437,0
2.16639,-0.49074,0
2.48286,0.37594,0
1.28844,-1.02092,0
2.51814,-0.79471,0
3.25299,-0.35178,0
1.93588,-0.06705,0
2.94194,1.18127,0
2.04287,0.03177,0
0.50491,-0.79467,0
2.45765,0.29884,0
2.63116,0.13453,0
1.90705,0.32475,0
3.46047,-0.11573,0
3.36744,-1.03771,0
4.0855,0.72868,0
2.78909,0.22762,0
3.00428,0.37962,0
2.32112,1.13925,0
2.03772,-0.58709,0
3.81915,-0.15912,0
3.73523,1.01147,0
1.48315,-0.05911,0
1.64497,-0.65867,0
3.82537,-0.8526,0
4.0268,-0.0756,0
1.21674,-0.23828,0
3.55743,-0.18209,0
1.89386,0.7134,0
4.3899,-1.11219,0
1.27584,0.76371,0
1.0501,0.6327,0
4.39997,-0.93115,0
4.02091,-1.11461,0
0.89367,-0.60898,0
1.63238,-0.09794,0
3.95146,-0.72085,0
0.64089,0.44718,0
3.44095,-0.64322,0
0.54085,-0.97866,0
0.71255,-0.16838,0
1.11855,-1.10348,0
0.9813,-0.18451,0
1.96763,-0.09666,0
4.1197,0.90575,0
3.52423,-0.2876,0
3.33877,0.74579,0
4.06158,-1.03409,0
2.84248,-0.36465,0
1.93417,-1.20153,0
2.69769,1.17994,0
4.31009,0.36576,0
3.08091,1.18819,0
2.49844,-0.28743,0
3.80551,-1.1243,0
1.64138,0.40929,0
4.18761,-1.04916,0
2.57595,-1.13872,0
3.67183,1.07771,0
2.8189,-0.81759,0
1.825,0.04867,0
2.95678,0.883,0
2.22275,-0.02138,0
4.09318,-0.15064,0
3.38338,-0.77628,0
2.82941,0.83825,0
2.58582,-1.20989,0
3.43714,0.48343,0
1.76987,-1.20066,0
1.89778,-0.35248,0
4.18194,0.55907,0
1.05161,-1.14165,0
3.41807,1.11626,0
3.30185,-1.05829,0
4.0201,-0.89713,0
1.42245,-0.51598,0
3.23905,0.74405,0
1.67606,-0.9386,0
3.2749,-1.10145,0
3.44683,-0.41415,0
3.61982,0.69038,0
4.04903,-0.51995,0
2.95322,0.22779,0
2.32307,-0.87945,0
0.96571,0.93409,0
2.96998,0.02622,0
2.12909,-0.32103,0
4.36869,-0.11799,0
2.55612,0.49203,0
2.31855,0.06429,0
1.70163,0.24769,0
1.03782,-1.10487,0
0.70605,1.01118,0
3.07908,-0.72083,0
2.1357,0.75119,0
3.39468,0.43747,0
3.90235,1.18964,0
2.16338,0.62963,0
2.73558,1.1274,0
2.54031,0.24644,0
2.4506,0.32611,0
0.94892,-1.23878,0
0.9754,0.96689,0
2.69523,-0.29452,0
0.60174,-0.61304,0
4.11727,1.24198,0
3.68049,-0.87712,0
2.58824,0.27214,0
1.17255,0.59506,0
3.88958,0.37025,0
3.36745,0.4779,0
1.06271,-0.55671,0
4.09971,-0.64787,0
0.53029,-0.46189,0
3.80136,1.1227,0
1.82118,-0.12182,0
4.38826,0.23578,0
3.4408,-0.58455,0
4.29811,1.12209,0
1.42179,-0.93841,0
1.33835,-0.97012,0
0.65163,-0.16695,0
1.51217,-0.94879,0
2.43502,0.41747,0
3.15101,-0.01614,0
0.77339,0.1858,0
2.19296,0.95441,0
3.26341,0.42473,0
3.45925,1.23647,0
3.41802,0.21268,0
1.38961,-0.37212,0
3.25136,0.59697,0
1.67236,0.43914,0
2.4719,0.32172,0
2.70187,-0.86166,0
4.20623,0.50966,0
1.29293,-1.07121,0
3.76426,0.18115,0
4.03508,-0.98279,0
1.639,-0.27544,0
2.91851,-0.48069,0
0.53565,-0.29865,0
1.16676,0.78881,0
1.88982,-0.12969,0
3.86785,-0.38692,0
4.26229,-0.84757,0
1.47509,0.32893,0
1.84374,-0.85363,0
2.28966,-1.16008,0
2.39619,0.96715,0
1.2155,-0.75338,0
0.67718,-0.3483,0
1.43621,-0.26481,0
3.77152,0.65256,0
2.34136,0.66292,0
3.68824,1.23894,0
0.90325,-0.36728,0
2.03768,-0.14694,0
2.253,-0.27526,0
0.87177,-0.4905,0
1.74793,0.96341,0
2.84543,-1.22243,0
2.65617,1.08484,0
2.14188,1.01241,0
0.76643,-1.08642,0
4.2778,1.02992,0
2.95939,-0.27858,0
1.77631,-0.98548,0
1.89348,-0.18266,0
1.25105,-0.0757,0
4.12447,-0.47023,0
4.15351,0.62296,0
1.84105,-0.5077,0
4.40185,-0.43465,0
2.6339,0.55577,0
2.07963,-0.44038,0
1.8879,0.67997,0
0.81795,0.47825,0
1.18105,0.07625,0
4.1762,-0.28196,0
2.19479,-0.78601,0
4.20619,-0.37986,0
3.30001,-0.5704,0
0.73385,0.28981,0
2.08661,1.1472,0
0.57311,-1.23047,0
1.98509,0.26098,0
3.9188,0.37401,0
1.70443,0.67205,0
3.96935,-0.10436,0
2.27066,0.13051,0
2.16019,0.97137,0
2.61166,-0.50303,0
1.82479,0.98974,0
3.07428,0.42425,0
3.01439,0.71085,0
4.07157,-0.80174,0
2.06767,0.68448,0
1.7072,-0.06211,0
2.05884,0.86919,0
0.85341,-0.67309,0
3.67424,0.60732,0
2.46549,1.03198,0
2.56068,1.04299,0
2.32045,1.13218,0
3.61141,-0.04843,0
1.02592,1.19613,0
3.95896,0.84386,0
2.25354,1.20108,0
4.12503,0.95303,0
3.25515,-0.18235,0
2.68357,-1.08175,0
0.90905,-0.09871,0
1.95025,-1.04987,0
2.07733,0.51171,0
2.99044,0.19604,0
4.47357,-0.37898,0
1.04174,-0.52785,0
4.22131,-0.83752,0
2.82887,-1.19541,0
3.77951,0.79338,0
1.47314,0.61246,0
3.34053,-1.12449,0
4.27624,-0.52095,0
4.10115,0.3594,0
2.36929,0.33887,0
4.46656,-0.51706,0
1.45825,0.0534,0
3.14875,-0.07486,0
2.09942,0.28892,0
1.15715,-0.71076,0
0.99725,-0.18228,0
2.1951,0.42717,0
1.24355,-0.36645,0
4.11472,0.79346,0
0.72617,0.21905,0
0.64613,0.56788,0
1.71189,-0.26608,0
2.25134,0.57199,0
1.10909,-0.3763,0
1.69631,-0.12507,0
3.6386,0.02804,0
1.42987,0.3544,0
3.03817,1.21374,0
1.8684,0.5342,0
4.22145,0.1716,0
1.47949,-0.91111,0
3.08271,1.21551,0
2.44579,0.1784,0
4.12803,0.16441,0
4.32337,-0.09781,0
4.49635,0.2901,0
2.97973,-0.01874,0
0.89212,-0.54865,0
1.66957,-0.67096,0
3.90888,0.98039,0
0.65489,-1.21202,0
3.81608,0.47318,0
4.49573,-0.86035,0
0.52988,1.12179,0
1.77224,0.61835,0
1.38547,-0.16534,0
2.7092,-1.13821,0
1.87518,0.8643,0
1.97959,0.47622,0
0.816,-0.95414,0
3.87221,0.67319,0
2.97376,-0.07533,0
2.05438,0.62323,0
3.73281,-0.12591,0
2.61817,0.16403,0
4.44945,1.1201,0
4.17441,-0.5181,0
1.72668,0.17764,0
0.79683,-0.02089,0
2.80618,0.07188,0
1.59923,0.61814,0
2.66893,-0.93882,0
1.71815,-0.07673,0
3.71428,0.55837,0
1.78812,-1.03227,0
3.45193,-0.54965,0
2.30756,0.50113,0
1.9669,0.34542,0
1.76224,1.06924,0
2.59949,0.22677,0
2.24966,1.16785,0
3.43334,1.17234,0
1.20898,-0.56075,0
2.48352,-0.43193,0
1.92274,1.15418,0
1.55056,0.88375,0
3.17058,0.32776,0
4.36907,0.17279,0
2.42427,0.47187,0
1.31373,1.08084,0
0.52949,0.83507,0
3.43682,-1.14353,0
3.17699,0.53451,0
3.35006,0.65565,0
1.24189,-0.52054,0
2.52568,-0.92086,0
1.33433,-0.45834,0
3.59621,-0.13519,0
0.56353,0.69689,0
1.73187,-0.41682,0
2.49389,-1.00172,0
3.88918,0.84839,0
3.48048,0.88689,0
3.87402,0.39695,0
2.58865,-0.47719,0
2.46513,-1.07753,0
0.90331,-1.06741,0
0.88077,-1.16827,0
1.06634,-0.58978,0
3.20558,1.01486,0
4.20299,1.2039,0
2.36029,0.04331,0
1.03458,0.11253,0
4.36056,1.04622,0
3.97353,1.08137,0
4.30295,0.34082,0
2.88447,1.1451,0
1.97041,-0.02532,0
3.71875,-0.81443,0
2.61533,-0.90883,0
1.17777,-0.03627,0
4.15709,-0.95058,0
1.77202,0.38534,0
2.38109,-1.2463,0
2.33523,0.42916,0
1.06177,1.0856,0
1.60452,0.95479,0
4.24444,-0.45209,0
1.33231,-0.89801,0
3.38788,-0.06558,0
1.33089,0.30532,0
3.53576,0.40741,0
2.01008,0.94163,0
3.10788,1.14007,0
3.96382,-0.39016,0
3.20658,-0.76889,0
4.48286,-1.13489,0
4.0944,-0.95595,0
2.58703,0.69844,0
2.64148,-0.62019,0
1.81195,0.82587,0
2.30949,-0.17804,0
2.6853,-0.78463,0
3.82118,0.99467,0
2.76032,1.07982,0
0.90565,0.32715,0
4.33003,-0.22488,0
2.83782,0.20162,0
3.01872,-0.57037,0
0.70365,-0.19446,0
2.20677,0.78132,0
0.89657,-1.03716,0
1.91554,-0.78295,0
4.15233,-0.70383,0
4.02894,1.03244,0
2.31824,0.04215,0
0.94699,0.1985,0
3.42054,0.3762,0
3.93991,0.44029,0
0.90674,0.99993,0
0.82869,-0.09603,0
0.57727,0.25423,0
1.01944,0.14509,0
3.52997,-0.87049,0
3.13355,0.82642,0
2.2326,0.47342,0
0.94368,-1.02001,0
0.79365,-0.12101,0
1.61613,0.30129,0
0.89632,0.23266,0
0.73123,0.14998,0
3.4504,0.28266,0
4.26145,-0.28589,0
4.26166,-1.15479,0
3.32307,-1.19777,0
3.99368,-1.14817,0
1.24973,-0.18451,0
3.17204,0.12716,0
0.93006,1.2129,0
2.21026,0.02731,0
3.15607,-0.64894,0
4.23666,-1.17808,0
4.0125,-0.42703,0
2.05798,0.90361,0
2.0951,-0.49164,0
1.90047,1.16509,0
1.23374,0.69005,0
2.54458,-0.68426,0
0.5196,0.44853,0
1.97653,-0.57665,0
3.2875,-0.41663,0
2.3848,-0.63706,0
1.9905,-0.4053,0
2.58524,0.22959,0
2.35332,1.15876,0
2.38338,-1.14415,0
2.75835,0.971,0
1.18478,1.20819,0
1.88398,1.07606,0
3.5895,0.00935,0
3.92537,-0.06988,0
3.08798,-1.03335,0
3.58561,-0.85514,0
2.24682,-0.13693,0
3.11238,0.57912,0
0.54541,0.66297,0
2.26447,-0.48737,0
3.96364,1.2264,0
1.75971,0.28805,0
2.61226,0.71513,0
0.6045,1.16828,0
1.14806,-0.26758,0
4.28646,-0.78185,0
3.00007,-0.22768,0
4.3892,0.39998,0
3.85096,-0.40982,0
2.97417,0.85875,0
3.22106,1.19583,0
2.15232,-0.61961,0
2.34476,0.78081,0
2.46984,0.4212,0
0.99924,0.37924,0
3.92214,0.59355,0
1.90161,-0.92624,0
1.95074,0.81744,0
1.4205,0.42359,0
1.68233,0.08777,0
1.5938,-0.29139,0
1.0816,1.00958,0
2.93748,0.36531,0
0.61662,0.90917,0
3.80974,-0.12512,0
2.37531,0.31022,0
1.80591,-1.2443,0
1.27944,0.3098,0
4.31662,-0.38113,0
1.60682,1.10682,0
1.10741,0.72047,0
4.35608,-1.07211,0
0.86382,-1.23262,0
0.73831,0.73018,0
3.05358,-0.50629,0
2.13467,-0.0584,0
1.73019,-0.02462,0
0.84115,0.13029,0
0.53651,-1.19007,0
3.70168,0.6045,0
2.02301,0.49824,0
1.70834,0.32213,0
3.16002,0.26993,0
0.5662,0.92506,0
1.45612,-0.73326,0
2.62837,-0.43576,0
1.4015,-1.14487,0
4.36749,-0.27074,0
4.23037,-0.92719,0
3.79894,1.18786,0
3.03106,-0.79565,0
4.03391,-1.12373,0
2.01757,0.17094,0
3.46268,1.06565,0
3.97129,0.93285,0
2.64452,1.04066,0
1.1467,-0.78709,0
2.5625,1.20028,0
3.76244,1.22323,0
2.22223,-0.89135,0
3.1643,0.86092,0
1.50364,-0.83781,0
4.41072,0.21796,0
1.313,-0.67477,0
1.2303,1.10267,0
3.63529,1.10909,0
3.7039,1.21368,0
1.30847,-1.22789,0
2.90621,0.92207,0
2.58431,1.09123,0
1.55605,0.24187,0
3.90108,0.82744,0
2.78459,-0.65065,0
3.94469,-0.11329,0
0.67257,0.82785,0
3.03441,-0.28901,0
2.3499,-0.96026,0
1.79059,-0.55517,0
1.67997,-1.01375,0
3.84398,-1.04417,0
0.61288,0.60536,0
1.68632,1.0736,0
1.43462,0.48453,0
4.01887,-1.19102,0
0.63737,-0.67205,0
1.96954,-0.21319,0
1.86933,-0.7485,0
2.60887,-0.47831,0
2.53826,-0.77688,0
4.34849,1.10062,0
1.70159,0.10062,0
1.30652,0.54383,0
4.10374,-0.55129,0
0.77308,0.43489,0
4.2024,-0.01543,0
3.7875,0.98571,0
1.84321,0.99061,0
2.38439,0.86021,0
2.07583,-0.22443,0
3.3101,-0.12407,0
3.56298,0.90405,0
1.6922,0.4027,0
2.72589,0.01105,0
4.44496,0.3388,0
1.98279,0.48976,0
3.06094,0.27325,0
2.30768,0.58251,0
2.43671,0.83742,0
1.58655,-0.54846,0
3.93843,-0.90431,0
3.87965,0.88928,0
1.3302,-0.46061,0
1.73364,0.011,0
3.35406,-0.61782,0
1.37363,0.00255,0
2.90603,-0.6628,0
2.5946,1.21668,0
3.85116,-0.7727,0
2.87001,0.33872,0
4.14533,-1.21713,0
4.36292,-0.56861,0
3.20958,-1.11743,0
2.96618,0.64794,0
1.42383,0.14288,0
3.76747,0.68168,0
0.7338,-0.43429,0
3.76401,0.75002,0
1.71172,1.21927,0
4.29011,-0.48743,0
2.81631,0.23714,0
1.75324,-0.66803,0
3.68222,-0.69344,0
3.06803,-0.87314,0
3.9574,0.76088,0
3.11736,0.26376,0
0.9449,0.21159,0
2.06182,0.17792,0
1.31936,0.20734,0
2.54367,-0.6757,0
4.02988,0.96865,0
3.58233,-0.38804,0
2.40247,-0.05322,0
4.27874,-0.4588,0
2.51151,1.2178,0
1.2465,0.21178,0
4.19472,-1.17533,0
1.48476,-0.34243,0
2.75611,-0.11523,0
1.64602,-0.28286,0
3.76019,-0.34267,0
4.46997,-0.06025,0
3.79629,0.32413,0
1.88734,0.12063,0
0.52563,0.41027,0
3.50032,-1.21726,0
0.97816,-0.22943,0
4.22052,1.08389,0
0.6315,-1.13616,0
3.42416,-0.92015,0
0.76652,-0.64899,0
0.92063,1.17869,0
2.60337,-0.06409,0
2.58028,-0.36237,0
1.82464,0.66875,0
0.73911,0.46318,0
4.42394,1.02247,0
4.01154,-0.21306,0
2.80557,-0.22342,0
3.77829,0.31974,0
2.42486,-0.86205,0
1.1231,-1.02564,0
2.24363,0.17047,0
2.08241,-1.24397,0
1.86419,-0.56111,0
0.54526,-0.02469,0
0.61457,-0.16734,0
0.93352,-0.98307,0
3.33411,0.00976,0
1.29983,-1.22182,0
3.13442,0.34281,0
0.98023,1.03608,0
4.25203,1.09781,0
2.12649,1.09051,0
2.65726,0.09636,0
0.57729,0.58662,0
0.53573,0.35719,0
3.00479,0.58809,0
1.76326,1.231,0
2.2353,0.81305,0
3.84148,-0.6295,0
3.2627,-0.26629,0
2.92433,0.03698,0
2.09995,-0.10662,0
1.93152,-0.10521,0
0.70031,0.96316,0
3.40187,-0.77638,0
1.56389,1.17393,0
3.53736,0.37902,0
3.58492,-1.09798,0
1.11862,-0.84888,0
3.87622,1.09778,0
2.5447,0.58257,0
2.2843,0.97643,0
3.40155,0.47317,0
1.63344,0.92346,0
2.20785,0.96313,0
3.81074,0.7228,0
4.48321,-0.26183,0
2.95174,0.38592,0
1.98634,0.71544,0
0.73944,0.51331,0
2.50752,0.49391,0
1.0573,0.26764,0
3.07185,1.05511,0
3.89452,0.75319,0
4.44986,1.02245,0
1.94384,-0.18735,0
2.89833,0.03619,0
1.95159,0.85098,0
3.23455,0.80868,0
3.07643,0.24875,0
1.07307,0.736,0
1.52036,-0.9101,0
3.58559,0.40281,0
2.10029,0.68692,0
2.56749,0.23938,0
2.3539,-0.99847,0
1.7397,-0.37326,0
2.48405,-0.88943,0
1.72525,-0.38239,0
4.10536,0.41893,0
1.74629,-0.96984,0
2.45034,0.88837,0
2.98102,1.01108,0
0.861,1.01009,0
2.12624,-0.30873,0
3.93989,-0.78663,0
1.08534,-0.60599,0
2.04865,-0.66431,0
0.77667,0.83611,0
3.20945,-1.05821,0
1.80658,0.92665,0
1.65958,-0.19388,0
4.10827,0.42595,0
3.83633,0.10404,0
4.25679,-0.15719,0
0.64481,-0.74439,0
0.50881,-0.74406,0
0.78271,-0.47621,0
1.89687,1.18218,0
1.01566,0.63863,0
3.05359,0.87412,0
3.30348,-1.08988,0
0.62939,1.0161,0
2.95466,1.20212,0
2.28269,-0.10003,0
3.31232,0.53439,0
3.79507,-1.17026,0
1.95243,-0.11065,0
3.87788,1.20186,0
4.1335,-0.74604,0
2.91609,0.33465,0
3.36039,-0.51445,0
3.28793,0.83587,0
2.01987,-1.03324,0
1.78534,0.2012,0
0.72768,0.72078,0
0.58329,-0.35901,0
1.20919,0.51192,0
1.60027,0.10974,0
2.98765,-0.11184,0
2.26035,-1.15509,0
0.69705,-0.98342,0
3.21469,-0.97353,0
4.04484,0.57732,0
2.41055,0.02316,0
4.47695,0.2571,0
3.554,-0.88189,0
0.54746,-0.31002,0
3.64584,0.30263,0
3.18022,-1.23873,0
1.59686,0.88654,0
3.3276,-0.56148,0
3.9773,0.64908,0
3.60242,-0.84891,0
2.72416,1.16429,0
3.54543,0.11423,0
2.44041,0.42822,0
2.4828,-0.89877,0
4.17699,-0.31274,0
2.44292,-0.76468,0
1.01007,0.27564,0
2.10053,-0.94042,0
3.49795,-0.16642,0
3.9341,0.33666,0
3.63537,-0.48638,0
0.77923,-0.17464,0
3.5444,-0.75853,0
4.15197,-0.91833,0
1.35757,-0.20442,0
2.40985,0.97885,0
1.20483,-0.55138,0
3.18666,-0.52813,0
1.32978,1.19166,0
3.76013,0.65876,0
1.59781,-0.90187,0
2.46718,-0.62048,0
4.08599,-0.89696,0
2.46216,-0.89441,0
3.28426,1.08963,0
3.69527,0.71531,0
4.44573,1.11025,0
1.76492,0.25035,0
3.65924,-0.33597,0
1.64916,0.90262,0
1.16299,1.04879,0
2.82324,0.75576,0
3.15347,0.07305,0
1.38413,-0.07776,0
1.76801,0.87605,0
3.23741,0.22797,0
2.39924,0.04299,0
3.88361,-0.05497,0
1.51301,1.07567,0
3.71517,-0.09169,0
2.16941,-1.24308,0
1.77928,-0.86092,0
2.29785,-0.4618,0
2.33192,0.21342,0
0.90517,0.24228,0
1.49278,0.88362,0
1.86441,1.22061,0
2.96043,0.54386,0
3.87783,0.40906,0
3.73946,0.60429,0
3.96816,-0.51088,0
2.8962,0.39391,0
2.78337,-1.01367,0
2.00543,0.91601,0
4.22662,0.68644,0
2.34876,1.03652,0
2.12315,1.05895,0
0.6621,-0.90087,0
1.06974,-0.64603,0
2.92138,-0.77442,0
0.83109,-0.63293,0
3.41162,-0.89756,0
3.98794,0.40939,0
3.18967,0.87901,0
2.29473,0.69932,0
4.42105,-0.18622,0
4.48844,0.89742,0
0.86886,-0.33644,0
4.09388,0.40915,0
3.3378,-1.00093,0
4.48149,0.0171,0
0.91427,-1.22865,0
0.66541,0.24949,0
0.82007,0.92167,0
1.35011,0.71476,0
4.25751,-0.82941,0
1.38987,0.00492,0
2.12796,-0.07822,0
2.87828,-1.02137,0
3.00258,1.00784,0
0.80493,-0.02136,0
3.9636,0.00614,0
2.92291,-0.37932,0
3.55174,-0.53775,0
1.93473,0.4867,0
2.97323,1.02508,0
3.50018,1.05427,0
3.14772,-0.084,0
4.4442,-0.07502,0
1.83999,1.22097,0
0.9046,-0.4257,0
1.49933,-0.69798,0
3.75832,-0.20199,0
1.82567,0.27774,0
1.60923,-0.88116,0
4.34755,0.80937,0
1.91305,1.14785,0
0.97783,1.19931,0
4.34258,-0.75551,0
4.11541,0.37397,0
1.8748,-0.62681,0
1.06974,-0.31748,0
2.12526,-0.98293,0
1.9893,-0.81346,0
1.67367,-0.61937,0
3.25749,0.62056,0
1.32114,0.49077,0
4.37846,-1.01705,0
3.23507,-0.85006,0
0.807,-0.37513,0
3.97657,0.55315,0
2.07441,0.5962,0
4.16893,0.98654,0
0.56998,0.44321,0
3.7204,-0.70296,0
1.33256,0.96104,0
1.25982,0.85563,0
2.04967,0.23218,0
3.95328,0.52046,0
2.14833,-1.24078,0
1.03443,-0.78721,0
2.05521,-0.71111,0
3.87323,1.18752,0
1.74056,-1.07022,0
1.24045,0.47827,0
1.64514,0.94657,0
3.17979,1.24368,0
4.22732,0.20839,0
2.12561,-0.00909,0
3.924,-0.64177,0
2.48775,0.8038,0
1.55447,0.5313,0
1.04321,-1.05563,0
3.65144,0.85425,0
2.93774,0.30764,0
0.84992,-0.45784,0
1.37483,-1.18802,0
3.41269,-1.21816,0
3.33106,0.99706,0
3.47553,0.21521,0
1.94949,0.79431,0
2.66543,-0.00242,0
4.04267,0.55437,0
0.7969,0.28321,0
3.67285,0.25248,0
3.19304,-0.81445,0
2.79428,1.00828,0
3.42039,0.70572,0
1.80893,-0.55384,0
2.24514,0.77258,0
2.42568,0.37643,0
2.23057,0.91929,0
0.57505,-0.24553,0
3.8545,0.72483,0
2.24982,-0.74098,0
2.60374,-0.45353,0
1.30778,-0.25223,0
2.41745,0.46438,0
3.97921,0.4875,0
1.38573,0.03671,0
4.27026,0.97332,0
1.36389,0.38069,0
0.75513,-1.05031,0
2.28882,0.08382,0
2.20709,0.98073,0
3.18055,0.009,0
2.73746,0.64047,0
2.25916,1.10284,0
1.10992,1.08871,0
2.42961,0.55662,0
3.45857,0.96912,0
2.05967,0.33627,0
3.60589,0.94842,0
2.83049,-1.01805,0
2.20198,0.76772,0
4.21224,-0.2151,0
3.83366,-0.59008,0
3.48499,-0.79747,0
4.14745,-0.89726,0
2.61727,0.12866,0
2.03273,-0.32422,0
3.47489,-0.28459,0
2.61769,0.43702,0
2.60258,0.75167,0
2.92711,-0.97322,0
0.89139,-0.48293,0
2.78591,1.06447,0
3.74132,0.26939,0
4.47133,-0.35067,0
2.54078,0.22552,0
1.19324,0.45962,0
2.91065,-0.00533,0
1.3296,-0.57005,0
0.82158,0.6168,0
2.09398,0.31422,0
3.17622,0.02488,0
2.41533,0.81881,0
1.94316,0.1909,0
0.82016,-0.83913,0
3.37464,-0.35867,0
1.94915,-0.94322,0
3.31711,0.88252,0
2.68594,-0.22464,0
1.99101,0.39305,0
0.76059,-0.87897,0
1.84775,-0.3379,0
2.16271,-0.89572,0
0.78832,0.41236,0
4.035,-1.06033,0
0.78097,-0.20508,0
3.22858,-0.42904,0
0.95457,1.06678,0
3.963,-0.96521,0
1.43377,0.04487,0
0.69699,-0.24409,0
0.68912,0.29044,0
2.6085,1.18224,0
4.38226,-0.63602,0
2.12063,0.91296,0
1.67746,-1.21458,0
3.94779,-1.22477,0
3.87672,0.75815,0
4.25237,0.85603,0
1.16966,1.12581,0
2.034,-0.32291,0
2.79797,-0.97342,0
1.81387,-0.6802,0
3.10999,0.78303,0
3.16415,0.74503,0
3.25133,-0.63276,0
3.01221,0.15955,0
2.6477,0.93423,0
1.89574,-0.56781,0
1.28722,0.12001,0
3.92667,-1.18876,0
1.6032,1.02089,0
4.4425,0.72509,0
1.82894,0.57711,0
0.75951,1.09041,0
3.86435,-0.94608,0
1.23082,-1.01662,0
1.97484,1.06189,0
2.94364,0.64717,0
0.51029,-0.13395,0
1.18005,0.56956,0
2.69218,0.03964,0
4.28571,0.29215,0
2.4639,0.95088,0
1.87345,0.91857,0
3.14828,-0.75712,0
4.08281,0.75282,0
3.91628,0.14142,0
1.50408,0.07402,0
3.81611,-0.67974,0
1.32569,0.01685,0
4.1688,1.16477,0
0.78134,0.78249,0
2.83418,0.67544,0
0.85822,-0.13209,0
1.70391,-0.9648,0
1.92529,-0.48478,0
3.53978,-0.22168,0
2.86021,0.47474,0
2.02592,0.23148,0
0.8847,-0.24939,0
3.48933,0.30307,0
4.08012,-0.19328,0
3.21773,0.65556,0
3.78059,0.87652,0
1.17162,0.13667,0
4.33357,-0.67806,0
1.71918,-1.11023,0
0.68077,0.28724,0
2.86952,-0.41036,0
3.19884,1.12362,0
3.26571,-1.13539,0
0.56904,1.09712,0
2.92464,-0.70352,0
2.47982,1.12476,0
4.46817,-1.22659,0
2.55708,1.03345,0
0.52048,0.81113,0
3.04556,-0.06384,0
1.49759,0.97554,0
4.00559,-1.16073,0
3.52521,-1.05536,0
3.00278,1.02329,0
3.92514,0.80431,0
1.45258,1.02282,0
0.75679,0.75038,0
0.83293,0.95787,0
2.82323,1.08705,0
2.28172,0.01833,0
2.01279,-0.39527,0
3.04629,-0.03144,0
1.08942,-0.45607,0
2.50583,0.46763,0
2.95085,-0.24591,0
1.19916,0.50477,0
2.67741,-0.55231,0
2.35557,-0.09436,0
1.6803,-1.22836,0
3.11192,0.15351,0
2.76437,-0.06458,0
4.39122,0.38009,0
2.81704,0.36292,0
3.88724,-0.39372,0
2.43404,-1.04596,0
0.71528,0.96159,0
1.84089,-0.22487,0
1.28545,1.17818,0
3.18269,1.02023,0
3.72734,1.09852,0
1.38915,0.8211,0
2.23891,-1.03936,0
1.73314,-0.59998,0
1.56113,-0.36659,0
2.93643,-0.16221,0
1.11475,-0.38771,0
1.95887,0.55704,0
3.86058,-0.02005,0
3.50314,-0.57793,0
3.74092,-0.71144,0
2.75103,0.02069,0
0.761,-0.70634,0
1.83693,-0.03151,0
4.45855,-0.1817,0
3.75658,0.20575,0
3.64638,-1.14949,0
2.44333,-1.22271,0
3.05995,-1.24393,0
3.29826,-1.12573,0
3.41442,-0.39202,0
4.33286,0.21741,0
0.96434,-0.38642,0
1.44871,0.45883,0
2.84051,0.8734,0
3.75755,-0.77617,0
2.06137,-0.04272,0
0.81671,1.16757,0
2.66743,0.1208,0
1.61235,-0.3537,0
1.57156,-0.79317,0
3.59638,-0.83575,0
2.04444,-1.01532,0
0.88546,-0.63207,0
1.04548,0.85327,0
4.02476,-0.23434,0
4.03021,-0.0853,0
2.14499,-1.13025,0
1.69898,0.81663,0
4.04038,0.23942,0
3.59588,0.64506,0
1.09499,-0.99423,0
3.4042,-1.01284,0
1.38002,-1.20411,0
3.16656,-0.20657,0
4.14735,-0.71608,0
3.91863,0.42159,0
2.90891,1.19533,0
0.52684,-0.09163,0
2.16875,1.06982,0
0.55093,-0.25211,0
2.36132,-0.03651,0
0.6688,0.82994,0
0.80026,0.91688,0
3.72606,0.99933,0
3.03518,-0.05173,0
1.16288,0.39421,0
3.44303,1.08995,0
1.88737,-0.18997,0
3.93686,0.22017,0
3.65248,-0.21845,0
1.98409,-0.30112,0
2.428,-0.74966,0
3.31023,0.56563,0
3.66154,-0.1343,0
0.72197,0.76824,0
1.80874,-0.94825,0
1.54287,-1.18462,0
3.91632,0.91192,0
4.46994,-0.88288,0
2.85369,0.83355,0
3.82694,-0.26258,0
1.72201,-0.80451,0
2.80749,0.92032,0
0.67385,0.24498,0
0.97976,0.9209,0
1.34584,-0.61521,0
2.96042,0.77299,0
1.29679,0.78842,0
0.87014,0.28703,0
1.78416,-1.19207,0
3.69862,1.05535,0
4.09983,-0.23375,0
4.1735,0.34571,0
1.10457,-0.38236,0
1.4771,-0.21487,0
1.64917,0.13488,0
3.11301,1.15998,0
2.89016,0.91882,0
1.40227,0.36915,0
0.53965,0.75912,0
3.3062,-0.08725,0
0.72844,-0.28554,0
3.15368,-0.68919,0
3.18163,-1.13087,0
4.19008,-0.96176,0
3.54067,-0.09913,0
3.72001,-0.41518,0
3.23062,-0.26323,0
0.55824,0.87418,0
4.32857,-0.90884,0
1.25583,1.06284,0
1.38005,0.36577,0
3.2074,0.36418,0
1.10974,1.24599,0
2.91112,0.70389,0
3.17523,0.73448,0
2.20494,0.63713,0
1.18679,0.78051,0
2.73888,-0.53194,0
2.82342,-0.89603,0
1.4111,0.11618,0
3.45186,-0.58423,0
3.68627,0.10359,0
2.18854,-0.56362,0
2.8749,1.03987,0
2.61156,-0.24642,0
0.60037,0.6831,0
3.51905,-0.00224,0
0.83185,-0.58344,0
3.14626,1.0526,0
1.72552,1.16536,0
1.83994,-0.95154,0
4.27199,-0.53297,0
2.3189,0.8097,0
2.90495,0.38019,0
2.36476,1.17567,0
2.07395,-0.01877,0
3.05426,-0.08598,0
1.99978,0.38575,0
3.32837,-0.542,0
1.25701,-0.22934,0
3.74082,-0.03341,0
1.41054,-1.06472,0
2.20383,-1.23368,0
2.3108,1.0948,0
3.7562,-0.20967,0
1.1872,-0.4507,0
3.32688,1.06785,0
3.74613,-0.27108,0
0.97984,-0.15053,0
4.4647,-1.14425,0
1.75548,-1.03483,0
2.54728,1.24593,0
1.79155,0.25993,0
1.16796,0.35534,0
2.25166,1.15468,0
3.73543,1.11987,0
2.84009,0.10556,0
0.73642,-0.61179,0
0.63444,-0.97674,0
2.20267,-0.13412,0
2.56379,-1.18156,0
1.24295,1.1641,0
0.6525,-0.69185,0
2.86221,-1.08416,0
4.4894,-0.07491,0
2.84035,0.57288,0
1.07886,-0.01751,0
3.36749,-0.25852,0
0.56833,-1.17254,0
3.25183,-0.11705,0
4.46014,0.42193,0
1.54628,-0.11832,0
2.10812,1.16338,0
3.23825,0.18424,0
3.13631,0.07854,0
1.86389,-0.93246,0
2.12727,0.31721,0
3.27585,1.20303,0
3.39314,-1.06783,0
1.31898,0.01757,0
2.14616,-0.00014,0
1.60908,-1.08056,0
1.17017,0.04675,0
3.98321,-0.96929,0
1.26352,0.4276,0
2.87315,0.6081,0
1.01347,1.1762,0
0.73201,-0.98375,0
4.41069,-0.03642,0
3.94148,-0.79542,0
3.48655,0.03286,0
1.26986,-0.621,0
0.5767,-1.18127,0
3.28359,-1.23006,0
3.56317,-0.28525,0
0.75597,0.30821,0
4.00853,0.08097,0
1.83794,0.47412,0
2.86676,1.00884,0
1.11325,-0.46938,0
1.94142,0.81721,0
4.17894,-0.8033,0
3.84313,0.17592,0
3.71028,0.42819,0
3.80827,0.94633,0
1.33782,-0.27921,0
2.52741,0.86974,0
0.75413,0.99819,0
4.34881,0.16538,0
4.13097,0.09123,0
1.08993,-0.02221,0
1.04019,-0.73851,0
0.80716,0.88558,0
0.69027,1.15703,0
1.43435,-1.00757,0
1.44601,0.49603,0
3.97298,-0.08449,0
2.40558,-0.7468,0
3.40866,0.58187,0
3.25593,0.7101,0
3.5718,-0.96772,0
3.10842,-1.03765,0
1.84991,1.13579,0
2.54907,-1.12573,0
1.35046,0.65518,0
4.02181,-0.64584,0
2.37243,0.0192,0
1.42852,-0.49072,0
4.40877,-0.19447,0
3.30287,0.26937,0
4.41273,-1.0908,0
1.55333,-1.19667,0
0.85488,0.24463,0
1.27857,0.66737,0
4.37672,-1.03485,0
1.54243,-0.35298,0
4.25502,-0.69478,0
2.6541,-1.00101,0
0.97181,-0.38701,0
3.85429,0.32803,0
3.65824,-1.19429,0
3.44869,-0.6186,0
3.8852,-0.60001,0
1.01282,-0.54341,0
2.36097,0.00191,0
3.40853,-0.36098,0
2.2271,0.53556,0
3.22162,0.99997,0
1.96304,-0.26267,0
1.21433,-0.84539,0
2.85375,-0.82047,0
2.1709,0.8843,0
3.47486,0.21729,0
1.38291,0.82109,0
0.99639,-0.71066,0
2.10826,0.94695,0
3.95364,-1.01336,0
3.14852,-0.71176,0
3.30905,-0.12527,0
0.94576,-0.16079,0
3.33595,-0.16162,0
0.63991,0.54127,0
4.02857,-0.52129,0
3.12986,1.02094,0
4.36389,-1.17376,0
1.24491,-0.58197,0
3.24644,-0.51547,0
2.0526,1.21063,0
1.41013,1.07948,0
3.27622,0.64525,0
4.25708,-0.64043,0
1.24144,0.15555,0
1.35162,-0.79249,0
2.27129,-0.55272,0
1.8229,-0.54692,0
2.19382,-0.26291,0
3.57265,-0.64209,0
3.85177,-0.82351,0
0.71466,0.06007,0
3.33293,-0.8808,0
4.18217,-0.96009,0
3.79208,0.3822,0
1.28185,0.30776,0
0.50846,-0.37157,0
2.4211,0.85052,0
1.75345,-0.38798,0
4.25403,0.8422,0
1.15428,0.55719,0
2.58647,-0.97737,0
2.21826,-0.81816,0
1.84638,-0.94057,0
2.40536,-0.12172,0
2.66535,0.1861,0
0.96528,0.80332,0
1.8626,0.68514,0
0.57102,0.84723,0
3.55346,-0.16751,0
1.32359,-0.20441,0
2.22031,-0.52194,0
3.80474,-0.02978,0
2.45,-0.88514,0
4.44205,0.15604,0
1.7911,1.06687,0
3.00086,-0.89905,0
1.10764,0.91509,0
1.44678,-0.45575,0
1.19062,-0.21397,0
1.9326,1.02708,0
1.49902,1.15257,0
4.46676,1.1225,0
2.28864,0.25941,0
2.10097,-1.09863,0
4.41326,-0.55516,0
2.92255,0.35199,0
1.8574,0.57388,0
3.26805,0.8521,0
1.92937,-0.21157,0
1.1682,0.67822,0
1.32652,-0.85693,0
2.54404,-0.95243,0
2.31717,0.89717,0
4.38005,-0.45852,0
0.82986,-0.09196,0
3.03069,1.15777,0
0.69492,-1.17729,0
1.34902,0.62681,0
0.78457,-0.21441,0
1.54249,0.18315,0
3.08344,-0.82104,0
2.01868,0.60356,0
1.38739,0.02545,0
1.75726,1.18995,0
0.73348,-0.92737,0
2.29109,1.12204,0
1.23557,-0.28006,0
2.90219,-0.53517,0
0.7409,-1.2417,0
2.1044,-0.82674,0
1.84736,0.68051,0
0.72895,0.96904,0
0.95903,-0.49818,0
2.70209,1.22059,0
1.9675,0.5894,0
1.76506,-0.06826,0
3.79097,0.32416,0
3.66162,-0.99158,0
4.43654,1.0653,0
1.44098,-1.14785,0
0.64985,0.42945,0
0.65676,0.29108,0
1.41544,-0.93488,0
2.4235,-1.18355,0
1.09372,-0.52808,0
2.0537,0.62377,0
4.2994,1.04709,0
3.46021,-0.81086,0
0.95523,-0.09902,0
3.10113,0.04995,0
4.12083,1.08398,0
2.54166,-0.57879,0
4.20328,-0.50913,0
3.77565,0.54578,0
3.64342,-1.24563,0
4.17074,-0.80131,0
1.73318,0.06286,0
0.62473,0.85286,0
2.05256,0.07816,0
0.55157,-0.65339,0
2.57597,-0.29907,0
2.48836,-0.23554,0
2.10017,0.46807,0
2.13143,-0.31228,0
1.03712,0.72014,0
0.98858,0.91012,0
4.37213,-0.46652,0
0.73892,-0.80764,0
3.34472,-0.34586,0
3.48554,-0.20833,0
1.58687,0.60883,0
4.48198,0.9619,0
4.10572,0.16324,0
4.47503,-0.42212,0
2.48538,-0.76731,0
1.0683,1.14291,0
1.49121,0.09845,0
2.45615,-0.60487,0
1.96579,-0.71614,0
2.8284,0.71553,0
2.35893,-0.41503,0
1.83401,0.5444,0
2.32257,-0.94759,0
1.86758,-0.82197,0
2.33661,0.1485,0
2.42603,1.08726,0
1.41742,-0.39753,0
3.24586,1.0493,0
2.65457,-1.19821,0
2.18729,-0.11302,0
3.96058,-0.73301,0
3.9865,-0.4281,0
3.31667,-0.1731,0
3.04433,0.71005,0
3.27165,-0.07681,0
2.18192,-0.9203,0
4.40967,-1.18334,0
2.17106,-0.7503,0
3.91889,0.98347,0
3.1944,-0.94005,0
1.09384,-0.26056,0
2.18193,-0.42027,0
2.54121,-1.19834,0
3.13657,-0.68015,0
3.97765,0.40702,0
2.92773,1.18073,0
2.33005,0.22918,0
2.49395,1.11819,0
1.73782,-1.00019,0
4.37228,1.15574,0
1.44816,0.71523,0
2.32791,0.59946,0
2.49967,-0.95896,0
0.66621,0.76167,0
3.79809,-0.81689,0
3.83392,-0.50763,0
2.38691,-0.34343,0
4.29649,-1.2247,0
2.31019,0.29636,0
1.78529,1.14238,0
3.47703,0.53347,0
1.30274,-0.58222,0
2.71417,-0.82741,0
0.80722,-0.24906,0
2.46013,0.16151,0
4.41441,-0.59967,0
4.37815,0.25927,0
3.6203,0.79798,0
2.37181,0.16706,0
3.08238,-0.26723,0
2.30993,0.97462,0
2.82831,0.1676,0
1.45749,-0.42525,0
0.74534,-0.69513,0
4.33098,0.53527,0
1.12483,0.73034,0
0.79482,0.00481,0
2.94593,-0.4088,0
4.39644,0.65152,0
1.89165,0.3107,0
0.77023,0.49162,0
1.90669,-1.21473,0
2.89042,-0.80967,0
2.16711,1.19466,0
1.76735,-0.11393,0
2.68762,0.31547,0
3.59841,0.99301,0
2.70154,0.32156,0
3.67255,0.61507,0
2.69539,-0.79946,0
2.11689,-0.57094,0
2.96325,-1.07185,0
1.28305,0.05166,0
2.15103,0.61858,0
2.61231,-0.75128,0
2.78644,0.7228,0
1.03961,-0.83573,0
3.38485,0.18539,0
2.7443,0.67183,0
3.30675,-1.11154,0
2.45762,0.07074,0
0.81619,-0.8946,0
3.04385,-0.21304,0
0.86138,-0.45289,0
0.56796,-0.67251,0
0.64454,0.60683,0
2.08106,0.44165,0
3.44946,0.46887,0
1.3508,0.90716,0
0.52476,-0.97387,0
1.80265,0.37342,0
2.68363,-1.03235,0
1.31918,1.15255,0
4.22154,1.20909,0
1.82097,0.79841,0
1.95971,0.80142,0
3.5738,0.32108,0
2.97211,0.83019,0
3.61757,0.26246,0
1.56787,-1.24642,0
2.72692,1.11305,0
3.44191,-1.01617,0
1.08858,0.49301,0
2.15631,1.04257,0
2.88696,0.42706,0
1.5963,0.30258,0
3.19999,0.72301,0
2.55465,0.02834,0
3.73923,0.93278,0
1.01189,-0.85981,0
3.83963,0.34299,0
0.80181,-0.12423,0
1.79679,-0.33554,0
4.0161,0.24268,0
1.11925,-0.96227,0
0.61632,0.78385,0
3.31628,-0.70928,0
1.68536,0.22195,0
1.41705,-0.85417,0
3.48889,1.03994,0
2.67601,-0.20356,0
4.12127,0.16328,0
4.45752,1.19963,0
0.97457,-0.60714,0
0.7531,0.73664,0
3.84826,0.78232,0
2.7979,1.1393,0
1.54963,1.03094,0
1.07792,-0.40381,0
1.97658,0.69464,0
2.9812,-0.89895,0
2.19653,0.08494,0
3.92391,0.81736,0
3.79433,-1.05302,0
3.02255,-0.13816,0
3.7821,-0.16021,0
4.33323,1.01384,0
2.37974,-0.10671,0
2.06221,0.53469,0
2.6013,-1.04099,0
3.43682,-1.01133,0
1.98176,-1.10053,0
3.49311,0.43757,0
1.50231,1.2471,0
4.34046,-0.62976,0
1.79766,0.12248,0
1.67031,-0.11265,0
2.50067,0.88196,0
4.45293,-1.23479,0
2.70662,-1.10952,0
2.22762,-1.02875,0
2.02154,1.03581,0
2.46022,1.17404,0
3.64244,0.3389,0
0.81252,1.02457,0
2.7582,0.81246,0
2.8734,-0.17652,0
2.93164,-0.09371,0
1.17789,-1.23929,0
1.55493,-0.63682,0
2.88119,-0.13243,0
4.46954,-0.04906,0
3.0108,0.88342,0
0.84012,0.2155,0
3.95232,-0.63952,0
0.73649,-0.51388,0
0.9035,-1.0313,0
1.19351,-0.75985,0
0.68183,0.39111,0
2.93907,0.74366,0
4.39476,0.8482,0
3.05102,0.84928,0
3.93656,0.91412,0
1.98084,-0.96277,0
1.84192,0.45654,0
2.96089,0.8846,0
3.86677,0.99592,0
4.13786,-0.40457,0
4.3926,-0.26026,0
4.06814,-0.38199,0
0.62892,-0.69744,0
3.41824,-1.15442,0
4.24052,0.26149,0
1.0136,0.20848,0
0.96738,0.52751,0
2.58219,-0.01785,0
2.97505,-0.97588,0
2.05589,-0.18942,0
1.01277,-0.09492,0
4.10353,0.99123,0
2.13257,0.03811,0
1.85174,0.99971,0
2.19392,-1.05448,0
3.967,0.48111,0
4.13876,0.49404,0
1.44121,1.08717,0
1.59252,0.50037,0
2.36158,0.22858,0
2.61422,-1.17363,0
0.61231,0.37151,0
2.78997,-0.6501,0
0.63529,-0.91036,0
1.23849,0.66438,0
3.46713,0.31967,0
3.3814,-1.16596,0
3.8432,-0.44309,0
4.13616,0.97464,0
0.72122,0.11276,0
3.94052,-0.78487,0
1.2863,0.20962,0
3.16549,0.35153,0
2.68676,-0.9963,0
1.89701,0.64674,0
4.36465,0.90943,0
0.60907,-0.68601,0
0.85811,-0.97835,0
2.87949,0.97746,0
1.26217,-0.71507,0
4.30644,-0.32106,0
4.42499,1.17825,0
2.49126,-0.9205,0
3.4552,-1.02147,0
0.63372,-1.11274,0
2.24006,-0.72454,0
3.5335,0.10181,0
0.52378,-0.0728,0
4.21146,0.34273,0
1.67767,0.98392,0
1.46897,0.80712,0
1.36401,0.09722,0
0.58491,0.96836,0
3.28747,0.38787,0
2.42314,-0.19482,0
2.8724,-1.1382,0
3.94256,1.11685,0
2.74654,-0.69934,0
2.2783,-1.11609,0
0.8811,0.74567,0
1.3015,0.13517,0
1.87841,0.11592,0
4.39331,-0.57846,0
1.48323,0.52689,0
1.65936,-1.13703,0
3.0698,-0.50389,0
3.9746,-0.52707,0
1.24052,0.23695,0
2.31324,1.0198,0
1.61341,0.50742,0
3.03285,0.56315,0
2.13592,0.0381,0
3.23513,-0.51774,0
1.93617,-0.37667,0
2.50759,0.39736,0
3.56057,-0.28817,0
2.58179,-0.79928,0
1.6634,0.97705,0
3.02026,0.73223,0
1.31301,0.07341,0
2.84802,0.13296,0
2.20022,0.6448,0
3.55779,-0.52145,0
2.58289,0.96211,0
3.74642,1.04982,0
0.84569,-0.53484,0
1.27754,-0.80114,0
3.38106,-0.22657,0
2.08681,-1.17128,0
4.2721,0.13022,0
3.14257,-1.05893,0
3.3657,1.24577,0
3.75209,0.57146,0
3.70201,-0.23393,0
3.52282,-0.74226,0
0.76929,-0.92025,0
2.81135,0.32345,0
1.64307,0.69446,0
1.18206,0.56176,0
2.12266,-0.80187,0
1.76014,0.04592,0
1.03289,-0.55929,0
0.99914,-1.17133,0
2.04468,-1.10164,0
3.51228,1.22426,0
2.19758,0.19799,0
2.9358,0.37481,0
1.22212,-0.68591,0
3.14496,0.77347,0
4.17118,0.03267,0
2.27586,-0.04112,0
3.06693,-0.26912,0
3.81695,-1.14086,0
3.58843,-0.5993,0
4.20264,1.00153,0
2.39499,0.26575,0
1.93985,-0.70169,0
1.93806,-0.42479,0
1.71396,0.18051,0
4.14647,-0.14514,0
2.53871,0.93637,0
3.5469,1.08039,0
3.57123,0.28526,0
1.36216,0.12249,0
4.08382,-0.82063,0
2.56007,1.1777,0
2.65791,0.5409,0
2.23372,-0.86647,0
0.79752,0.54427,0
3.13108,0.60045,0
3.90529,0.72678,0
3.73506,-0.84778,0
1.44681,0.37758,0
3.12821,-0.132,0
1.87674,0.11331,0
1.30223,-0.09713,0
3.76323,-0.73768,0
0.59752,-0.8817,0
1.49555,0.53652,0
0.86453,-1.07982,0
2.17876,0.95642,0
0.57804,-0.11209,0
3.87313,-0.58152,0
1.43879,1.14631,0
1.97053,0.9088,0
4.44748,-0.88457,0
1.1992,-0.39557,0
2.62956,0.3182,0
1.9508,0.13068,0
2.14044,0.24703,0
1.19599,-0.08663,0
3.37713,-1.14572,0
4.02251,-0.65845,0
2.49952,-1.01983,0
2.49157,-0.10439,0
4.4667,-0.51657,0
1.46064,1.19626,0
3.68856,-1.1441,0
1.74017,-0.53555,0
4.40639,-1.18891,0
3.49685,0.23105,0
3.43927,-0.82922,0
3.80373,-0.68481,0
2.62776,-0.51782,0
0.70865,-0.26152,0
3.26349,-0.45296,0
3.57466,-0.38208,0
3.67544,-0.54779,0
0.56706,0.95502,0
0.66673,-0.5636,0
1.62998,-1.00037,0
4.22107,0.90155,0
2.78855,-0.4746,0
2.31595,1.05598,0
2.42777,0.76657,0
3.60363,-0.46175,0
3.74608,1.08562,0
3.83202,-0.74625,0
3.27862,-0.49666,0
2.62017,-0.32295,0
1.12039,1.06754,0
2.04249,-1.123,0
2.55152,0.68989,0
1.28889,-0.76746,0
3.42928,-0.91437,0
2.04523,-0.73859,0
4.48616,0.57927,0
2.19843,-1.24646,0
4.04298,-0.04196,0
1.69786,1.00359,0
0.51654,0.84337,0
2.5334,-0.0236,0
1.74771,-0.8037,0
3.92061,-0.87789,0
4.16342,0.50509,0
3.83564,-0.06423,0
2.06569,-0.82916,0
1.44437,-0.26162,0
4.41443,0.58493,0
3.013,1.22398,0
1.48155,1.15802,0
3.01135,0.97867,0
3.71127,-1.21357,0
4.16266,1.04805,0
0.52442,-1.08067,0
1.60785,0.04703,0
1.71124,-0.54021,0
0.97389,-0.20369,0
2.14663,1.21346,0
2.41424,0.22781,0
4.40784,-1.11793,0
1.98572,0.45989,0
3.16912,1.0839,0
3.22314,0.64675,0
3.35286,0.81533,0
1.91262,1.18182,0
3.66549,-0.71284,0
2.80193,1.22432,0
2.41911,-0.22102,0
2.55602,-0.0339,0
3.54214,0.65806,0
1.49453,0.0067,0
2.62784,-0.28377,0
4.14526,0.3409,0
2.87285,0.04655,0
3.24144,0.79028,0
1.46469,0.97802,0
2.65546,-0.05403,0
3.00986,-0.00478,0
0.78316,0.95394,0
2.00473,1.05401,0
3.80463,0.47799,0
2.30355,0.12606,0
0.71066,0.76431,0
4.054,0.22774,0
4.10811,-0.90601,0
1.89805,-0.44835,0
2.20109,0.35716,0
3.89498,0.21542,0
3.14479,0.33434,0
3.36725,-0.51226,0
3.27983,-0.76896,0
3.68001,0.93128,0
4.25495,-0.99643,0
2.23297,0.29519,0
3.58575,0.44649,0
1.11602,-1.08511,0
3.77541,0.96456,0
2.10032,0.42254,0
4.28414,0.83462,0
1.261,0.12133,0
3.43872,0.59364,0
2.05866,0.18331,0
3.53652,0.51147,0
2.87018,-0.05597,0
4.20573,-0.80867,0
4.24917,0.14797,0
3.52195,-0.76102,0
1.3486,0.4902,0
0.63779,-0.39704,0
3.01579,-0.73243,0
2.0652,0.08119,0
1.55771,0.18149,0
1.71264,-0.93031,0
2.09585,1.1116,0
2.98371,0.83055,0
3.66384,1.21509,0
3.31649,-0.72552,0
1.82936,-1.01649,0
3.4924,-0.93772,0
1.65635,-1.22705,0
4.38096,0.57629,0
3.17674,-1.2057,0
2.84215,0.82656,0
1.09484,-0.19588,0
1.84729,0.53518,0
2.67686,-0.96542,0
0.62527,0.14672,0
0.76562,0.19388,0
0.67974,-0.1654,0
1.27333,1.13535,0
1.11511,0.63901,0
2.41591,-0.08391,0
1.58988,0.22303,0
3.91603,-1.17324,0
3.04036,-0.1482,0
2.3642,-0.61862,0
3.81587,-0.94601,0
0.65237,0.64038,0
3.7414,-0.87382,0
2.76028,-0.62122,0
1.66397,-0.3542,0
3.40159,-1.23123,0
0.55305,-0.47984,0
0.93727,-1.17834,0
3.23529,-0.02858,0
4.35538,0.86131,0
2.29029,-0.47269,0
3.10747,-0.28121,0
3.12457,-0.30536,0
3.12162,1.24123,0
2.81147,-0.36351,0
0.90881,-1.11642,0
2.56548,0.7169,0
3.48694,-0.87561,0
4.11295,-0.27315,0
2.81901,0.41036,0
1.76683,0.07115,0
1.60471,0.93954,0
0.72132,-1.21321,0
2.00002,-1.12215,0
2.03556,-0.19807,0
3.36796,0.33143,0
3.10224,0.35865,0
3.58549,-0.82262,0
1.19715,0.18281,0
1.81779,1.02197,0
0.70501,0.95915,0
3.90934,-0.95482,0
2.40552,0.26629,0
2.29078,-0.57897,0
2.60871,1.14258,0
1.04146,0.1532,0
1.43123,-0.07235,0
2.67992,0.18177,0
1.72261,0.26664,0
1.08567,0.29719,0
1.11554,0.74173,0
0.72692,-0.9415,0
1.71937,0.55234,0
1.16456,0.53126,0
1.32251,0.82213,0
0.64189,-0.09772,0
1.60094,0.38878,0
0.88734,0.92019,0
0.80279,0.87014,0
3.00861,0.34805,0
3.06386,-0.05661,0
3.486,-0.47224,0
0.84902,0.73911,0
0.57539,-1.08358,0
1.53171,-0.5657,0
0.98814,0.83528,0
3.40496,1.07334,0
3.63035,-0.25424,0
0.51026,-0.63867,0
1.65313,-1.10075,0
2.11264,-0.45679,0
3.6482,0.65098,0
2.08202,-0.91259,0
1.89027,1.07007,0
2.32771,0.35014,0
2.26758,0.45522,0
3.03334,0.74952,0
4.04781,0.60271,0
4.47697,1.21057,0
2.80132,0.07215,0
1.03203,1.14993,0
0.68248,1.01255,0
1.70039,0.39702,0
4.49913,0.36628,0
0.67005,0.02843,0
0.91936,-0.92066,0
3.35885,-0.66343,0
2.02104,1.02928,0
3.33107,-0.19946,0
1.74735,0.76836,0
1.69488,1.03689,0
1.23157,0.48444,0
3.37805,0.22358,0
3.08007,-0.29669,0
3.03346,0.39019,0
1.99355,-0.67093,0
0.5448,0.14359,0
3.60968,-0.64499,0
4.21085,-1.08437,0
4.10154,-0.03586,0
2.06025,-0.86326,0
3.68195,-1.00613,0
3.45749,-0.9952,0
4.20056,-0.92913,0
1.96015,-1.11972,0
2.10758,0.71557,0
3.62433,0.53741,0
2.22197,0.02105,0
4.18861,1.15279,0
3.07991,0.08305,0
1.99721,-0.50315,0
3.00846,0.05186,0
3.47579,-0.72705,0
2.77016,1.13612,0
0.97207,-0.53382,0
0.80989,1.20146,0
1.96491,-0.15964,0
4.48854,1.04075,0
3.66495,0.56882,0
3.98082,1.08794,0
3.03682,0.69621,0
1.14966,0.41439,0
0.81637,0.95495,0
1.05271,0.44006,0
2.81335,-1.01296,0
4.0035,0.55638,0
2.57492,0.63243,0
4.43505,-0.7062,0
4.11691,-1.12024,0
4.44703,-0.26037,0
4.44938,0.8392,0
1.64998,-0.89318,0
4.42565,-0.00048,0
4.06433,-1.15512,0
0.5768,-0.23057,0
2.22619,-0.85052,0
3.66482,0.3047,0
3.86632,-0.38017,0
3.58894,0.54156,0
1.29313,-0.75786,0
1.02386,0.00923,0
2.02242,1.12467,0
1.88772,-0.06071,0
0.98919,-0.65576,0
3.71647,0.41786,0
2.78103,0.70317,0
1.34585,0.55707,0
1.41273,-0.77176,0
3.83624,-1.21859,0
4.14752,0.52537,0
2.84002,0.65592,0
2.84905,0.41255,0
3.34215,-0.1495,0
3.1571,-0.79082,0
1.93076,0.36162,0
3.60977,0.82684,0
1.29052,-0.19932,0
1.39836,1.08839,0
2.47673,-1.07689,0
4.01496,0.47408,0
4.41746,-0.19184,0
2.12137,-0.91196,0
0.70334,-1.22987,0
1.92849,0.69991,0
2.65834,-0.84327,0
0.77163,0.54686,0
2.8086,0.50085,0
2.48981,-0.48467,0
4.06095,0.57377,0
3.53757,-0.084,0
0.88624,0.14966,0
1.72627,-0.68155,0
3.4846,-0.95004,0
4.45121,-0.09396,0
1.89236,0.173,0
2.78272,-0.54374,0
2.31368,0.24073,0
0.86887,0.93979,0
1.98975,-0.8161,0
4.35477,1.0813,0
2.24784,1.06566,0
2.17713,0.44437,0
3.16144,-0.13723,0
1.21869,-0.99007,0
4.15439,0.04036,0
3.56389,0.77995,0
4.16942,-0.78397,0
1.14769,-0.67158,0
1.95781,-0.16426,0
3.86125,0.6451,0
4.39962,1.13734,0
2.79503,-0.50911,0
4.24946,1.0282,0
3.00619,0.47575,0
2.86303,-0.26496,0
1.96374,0.79422,0
0.97495,-0.16114,0
2.81401,0.14796,0
2.04197,-0.32316,0
1.15967,-1.04427,0
2.01146,0.29653,0
1.48538,0.6671,0
2.60821,0.30322,0
2.63275,-1.22249,0
1.17176,0.40445,0
2.26119,-0.33824,0
2.54965,0.06194,0
3.94112,-0.84454,0
0.97865,-0.18804,0
2.69939,-1.23474,0
1.97467,-1.12939,0
3.72856,-0.70777,0
0.59295,1.02564,0
2.31463,-0.38645,0
3.43089,-0.89346,0
3.35153,1.18818,0
1.96978,0.59951,0
1.57799,-0.81331,0
0.60915,1.00247,0
1.55938,0.02922,0
4.22147,0.04167,0
1.69045,0.10349,0
0.64038,-0.28396,0
3.80218,0.95284,0
1.69709,0.82592,0
2.15809,-1.04378,0
2.57612,0.0944,0
3.04201,0.2568,0
3.01564,-0.23477,0
3.08645,-0.71024,0
0.75624,-1.24024,0
3.9757,-0.88801,0
3.48898,-0.77231,0
2.08142,0.90709,0
2.08571,-0.30976,0
3.92767,1.19969,0
2.85178,-0.44736,0
3.46302,0.44547,0
1.79083,0.41328,0
2.53203,0.4626,0
2.33336,0.5346,0
1.05582,-0.03324,0
4.48674,1.10061,0
3.89024,-0.31035,0
2.68027,-0.13163,0
2.89724,0.20584,0
4.09465,-0.73184,0
1.02354,1.0417,0
1.80932,0.06502,0
0.55422,0.57624,0
3.43663,-0.33704,0
4.29531,0.74648,0
1.14169,1.15866,0
3.0699,0.39307,0
3.35495,-0.34205,0
2.27756,-0.38217,0
2.88244,0.09313,0
3.65676,0.32858,0
3.09133,0.56248,0
3.76497,-0.40215,0
3.83653,-0.62399,0
3.43762,-0.12135,0
3.30567,-0.35959,0
1.50696,-1.01397,0
4.38211,-0.96045,0
2.95971,-1.03003,0
4.3887,1.22091,0
2.15919,0.94586,0
1.57798,-0.22367,0
0.79404,-0.94369,0
2.29725,-0.7494,0
1.68518,-0.70797,0
0.58748,0.45979,0
2.87559,-1.02992,0
0.65886,1.1563,0
3.86977,-0.71107,0
1.74542,-0.38137,0
2.54,1.00148,0
1.18821,0.6069,0
3.62556,0.52146,0
2.128,-0.79369,0
1.11327,0.1253,0
1.4355,1.21745,0
2.19723,0.23378,0
0.7372,-0.85562,0
2.21541,0.57627,0
2.89592,-0.62199,0
2.86676,1.1101,0
2.09266,0.32278,0
2.96256,-1.0394,0
1.53324,-0.38683,0
2.8576,-0.49921,0
1.96984,1.16976,0
2.90642,-0.50555,0
3.75641,0.79209,0
3.01705,0.50782,0
4.02369,-0.63657,0
3.47226,-1.10678,0
1.02126,1.18552,0
2.53443,1.18551,0
2.46827,-1.11685,0
2.86888,0.36177,0
1.051,1.14746,0
3.73268,-0.95713,0
1.51436,-0.96763,0
1.52976,-0.14987,0
1.11274,-0.6649,0
3.04047,-0.58636,0
3.50544,-0.45678,0
2.26402,1.0906,0
1.75895,0.16283,0
3.25179,0.85826,0
1.64915,0.75244,0
2.11826,0.36007,0
3.60426,-0.88939,0
0.88992,1.23788,0
0.86659,0.42835,0
3.21068,-1.24142,0
4.38741,-0.70499,0
2.33426,0.53931,0
2.9931,-1.04791,0
2.42642,0.53336,0
3.59688,-0.4709,0
0.60474,-0.73933,0
0.63776,-0.75119,0
2.40091,-0.8505,0
2.93661,-0.00529,0
1.60043,0.92692,0
1.69631,-0.01033,0
3.69096,-0.03227,0
1.48694,-1.013,0
3.98509,1.02156,0
0.89598,0.90017,0
0.68136,-0.62699,0
2.76153,-0.92097,0
3.54575,1.14504,0
3.01899,-0.73319,0
0.88594,-0.493,0
0.84831,-0.56424,0
2.06448,0.41535,0
0.76989,-0.02167,0
3.07883,-0.24744,0
2.71401,0.68351,0
0.78911,1.14705,0
2.90638,0.4946,0
3.21383,-0.88111,0
2.63097,0.26147,0
3.83908,-0.85497,0
3.61467,0.14942,0
2.00255,0.03477,0
2.6676,1.11997,0
2.14482,1.00396,0
1.61735,-0.57502,0
1.32236,0.11515,0
2.82344,0.33345,0
0.53427,0.66917,0
2.52208,-0.65065,0
2.13744,0.17892,0
1.78715,1.00326,0
1.4259,-0.5911,0
3.25293,0.95135,0
2.433,0.41629,0
0.93117,-0.85329,0
2.93157,-1.18935,0
1.77343,-0.78262,0
2.32578,1.21768,0
4.46383,1.0033,0
1.57206,0.38181,0
2.2134,1.18912,0
0.74112,0.79804,0
1.05263,-0.94689,0
3.15627,-0.8105,0
1.47372,0.30147,0
1.55322,-0.09276,0
2.24328,1.06814,0
2.5581,1.03192,0
4.31829,0.87914,0
2.82882,-0.1218,0
3.40841,0.16601,0
2.47671,1.24702,0
1.62687,0.18701,0
3.05258,-0.18941,0
3.79238,0.06954,0
0.85701,1.09651,0
0.65398,0.80078,0
1.08467,0.85074,0
2.50433,-0.92017,0
2.43201,-0.7665,0
3.55986,-1.12465,0
2.46214,1.00789,0
1.37275,1.08868,0
2.5693,-0.98568,0
4.22794,-0.27576,0
3.23245,0.10339,0
3.06731,0.59884,0
3.17145,0.41964,0
2.99186,1.21714,0
4.45238,-1.0004,0
2.67267,0.71404,0
1.75197,-0.58441,0
3.34531,-0.39372,0
3.46214,-1.09014,0
1.55856,-0.65474,0
1.00136,0.58683,0
1.50172,-0.22569,0
1.70185,-0.91887,0
0.78283,-0.24638,0
2.37002,0.73946,0
4.07166,-0.57845,0
3.40049,-1.08134,0
2.03983,-1.11567,0
0.73411,0.87828,0
0.73117,0.90496,0
2.00604,0.38344,0
0.57941,1.01486,0
3.64403,-0.43353,0
2.02205,0.40892,0
2.73406,-1.19192,0
1.30334,-0.53541,0
1.53384,-0.3625,0
1.47369,-0.68413,0
4.43571,0.9456,0
4.33132,0.03453,0
0.7956,-1.22807,0
4.12938,-0.98162,0
3.22684,0.83283,0
3.19477,0.12773,0
1.56383,0.46111,0
1.98818,0.22395,0
4.28806,0.358,0
0.7092,-0.58676,0
1.80786,-1.22825,0
0.8708,1.24393,0
1.42406,-0.18472,0
2.13257,1.18021,0
3.05799,-0.8038,0
3.04073,-0.98989,0
0.65009,-0.12766,0
1.88721,1.01376,0
1.5599,0.99898,0
2.17368,1.08356,0
2.17299,1.11258,0
1.37032,0.08518,0
3.11336,0.66509,0
0.8043,-0.67352,0
2.99515,-0.59997,0
1.2452,-1.14331,0
4.40926,-0.75455,0
3.05021,-0.81318,0
3.98547,-0.62126,0
1.92602,0.88363,0
3.17698,1.19959,0
3.73763,-0.57372,0
4.12357,0.28423,0
0.58595,-0.50433,0
4.46759,-5e-05,0
4.1314,-1.14056,0
2.39163,-0.20617,0
0.58275,-1.13562,0
1.44477,0.83928,0
1.47746,-0.84403,0
2.67213,0.33792,0
0.93176,0.80105,0
1.71353,-0.85582,0
3.40012,-1.14728,0
0.80052,-1.15916,0
3.40581,0.64167,0
1.56886,-1.1582,0
3.85408,-0.03919,0
3.06627,-0.76975,0
1.50727,-0.8535,0
3.87004,-1.09133,0
2.84305,1.12205,0
2.35875,-0.40301,0
2.77601,-0.83206,0
3.33604,-0.92167,0
1.64367,-1.10857,0
2.1797,-0.84215,0
3.34828,-0.94571,0
4.00291,0.59705,0
2.59963,0.30791,0
3.7047,-0.02672,0
2.65121,0.81988,0
3.4086,1.22816,0
3.73158,-0.34518,0
2.36551,-0.70391,0
3.37679,-0.375,0
1.72226,0.87277,0
0.85707,-0.63345,0
4.31245,-0.92501,0
0.89413,1.14726,0
3.41772,-0.02667,0
1.13653,-0.25682,0
4.25086,-0.98803,0
0.59273,0.53471,0
1.96684,0.58245,0
1.38968,-0.58573,0
4.4882,-0.42763,0
1.80709,-1.00758,0
3.06981,1.23809,0
0.78764,-1.18771,0
3.47329,0.21513,0
0.91504,1.15681,0
3.24756,-0.20351,0
2.44639,-0.66607,0
0.73542,1.16875,0
3.17158,0.48054,0
3.5432,-0.61357,0
2.32073,0.73789,0
2.51275,-1.21622,0
3.66898,-0.62407,0
2.58758,-0.30028,0
3.23279,0.52348,0
1.55005,-0.36733,0
2.48465,0.96209,0
1.6478,-1.0103,0
2.56683,0.88778,0
2.14955,1.17476,0
1.68286,0.70305,0
2.71224,0.47649,0
0.62417,0.5415,0
2.78116,-1.15539,0
4.01836,-0.43743,0
1.41191,-0.95441,0
1.28578,-0.88676,0
3.20617,0.28723,0
4.33755,-0.37417,0
4.23477,0.03391,0
4.42081,0.84679,0
2.55654,0.88717,0
0.70634,0.44213,0
3.54258,0.15466,0
1.4574,-1.2213,0
1.90959,-0.37461,0
4.05429,-0.12273,0
3.4022,-0.6357,0
3.20214,-0.75881,0
1.3749,-0.98436,0
0.74221,0.95643,0
1.90805,1.12716,0
3.03925,0.54259,0
1.7038,1.15692,0
1.19975,-0.8754,0
3.10417,0.81397,0
0.52751,-1.24072,0
1.44737,-0.10247,0
2.20539,0.08772,0
1.09044,0.0106,0
1.28958,-0.42813,0
3.71626,-0.10936,0
1.50693,-1.20079,0
1.13698,1.13483,0
1.24451,0.94074,0
1.52571,-1.17659,0
4.37609,-0.18485,0
3.11293,0.20991,0
1.97831,0.13925,0
2.28268,-0.53883,0
1.24566,0.30817,0
3.73253,0.78446,0
0.64634,0.4844,0
4.4484,0.09864,0
1.22908,-0.96596,0
3.52015,-0.85084,0
1.16722,0.51456,0
3.54917,0.4974,0
2.02394,0.82504,0
1.90845,0.23782,0
2.97646,0.40517,0
4.11423,-0.03555,0
4.23269,-0.62684,0
4.20247,0.24858,0
4.35933,-0.78363,0
0.91325,0.04294,0
1.23253,-0.51369,0
2.00417,-0.80021,0
1.91418,-0.2781,0
2.84993,-0.71553,0
2.40964,-0.18509,0
1.68002,-0.36791,0
0.82891,-0.14507,0
3.62572,0.68516,0
1.72461,0.17178,0
1.58188,-0.93248,0
3.50122,0.94349,0
3.13417,-1.14299,0
1.14901,-1.20601,0
4.1265,0.33481,0
2.63982,-0.2803,0
3.10659,-0.61062,0
2.70445,0.8374,0
4.29022,-0.73498,0
1.93519,0.4879,0
3.19207,-0.63673,0
4.21002,-0.68785,0
2.44354,0.30044,0
3.57686,0.31114,0
2.55834,1.13689,0
3.90143,-1.07337,0
2.06663,-0.20201,0
1.48144,-0.10635,0
0.53264,-0.48066,0
4.10841,-0.9655,0
1.23467,0.28768,0
4.23158,0.58312,0
3.41233,-1.14007,0
1.73367,0.77331,0
0.98266,0.20903,0
1.97883,-0.76494,0
4.33242,-0.82385,0
3.20153,0.52212,0
2.27803,0.59668,0
3.52701,-1.04718,0
2.34132,-0.6353,0
4.34227,-1.2056,0
3.7008,1.23285,0
2.84251,-0.54452,0
3.18228,0.40307,0
4.07381,0.53505,0
2.43614,-0.60638,0
2.04267,-0.35743,0
2.3369,0.45012,0
1.42022,-0.80738,0
4.39585,-0.62511,0
4.39476,-0.34991,0
1.95273,0.66551,0
1.55815,-0.69749,0
1.09361,-0.99094,0
2.85005,0.96102,0
2.06802,-0.22217,0
1.66446,-0.51075,0
1.61806,-0.859,0
2.95992,-1.2445,0
3.7644,-0.58515,0
4.15518,-0.55894,0
1.40406,1.05061,0
1.39521,1.16182,0
1.84602,-0.24116,0
2.41816,0.10758,0
4.43813,-0.49435,0
1.29774,0.08158,0
1.81979,-1.23432,0
3.2992,0.59195,0
3.1174,-0.04473,0
1.59821,-0.47767,0
1.88305,-1.0599,0
3.14873,0.71741,0
1.39072,0.02562,0
4.20963,1.24182,0
1.12334,0.30492,0
2.85471,-0.1658,0
1.36935,1.11916,0
2.86376,0.77148,0
1.10459,0.89802,0
2.67205,-0.9296,0
4.26252,0.09884,0
3.65134,-0.12208,0
2.78352,-1.04605,0
3.81241,-0.74889,0
2.33355,-0.94421,0
2.3331,-1.22616,0
2.44997,1.1323,0
1.9987,0.47652,0
2.20926,-0.92085,0
3.92943,-0.7493,0
3.74739,-0.32335,0
4.06573,0.26571,0
3.26219,0.39642,0
1.39781,0.04373,0
1.11446,1.11829,0
4.10425,0.44,0
0.65653,0.55726,0
3.06388,0.91502,0
1.3361,1.04574,0
4.11282,0.79207,0
2.63188,1.14323,0
4.20194,0.98717,0
1.66097,-1.20104,0
2.80214,-0.31383,0
3.30302,0.97197,0
2.12415,-0.89056,0
1.95079,-0.8274,0
3.4576,0.47716,0
2.29841,0.39124,0
2.89687,-0.54639,0
1.85756,-0.4968,0
2.59557,0.14759,0
2.27364,0.46047,0
3.97094,0.58053,0
3.86387,-1.18522,0
1.54451,-1.20508,0
1.64092,-0.19858,0
1.84567,-0.74479,0
3.63124,-0.03355,0
3.51301,-0.47278,0
1.19249,0.62082,0
4.32611,0.55963,0
2.87271,0.00823,0
3.46586,-1.02232,0
2.74137,-0.98026,0
1.9953,-0.40466,0
3.13507,0.13059,0
2.46476,0.39176,0
1.17431,0.54359,0
2.86192,0.20147,0
3.16018,0.14817,0
3.36897,0.2132,0
2.95235,-0.32763,0
3.1821,-0.83141,0
1.64401,-0.13065,0
4.32517,-0.03378,0
1.70288,0.22269,0
3.75678,0.05755,0
0.9303,0.88396,0
0.92387,1.11255,0
4.18583,1.07945,0
3.46205,0.96975,0
1.62295,-0.57193,0
1.65111,1.16595,0
4.00829,0.04484,0
4.42004,0.19378,0
4.33934,0.23835,0
2.99684,1.0959,0
2.09194,0.69132,0
0.72625,-1.21721,0
1.21794,0.91754,0
4.00966,0.00377,0
3.35553,0.53872,0
2.56089,-0.4221,0
2.52365,0.9885,0
2.41509,1.24472,0
2.24094,0.23583,0
2.90196,-0.74529,0
3.56737,0.12598,0
3.23246,-0.41004,0
0.52977,0.30502,0
1.82623,-0.18428,0
0.52083,-0.80775,0
1.56765,-0.66851,0
0.55625,-1.17735,0
1.34187,0.85932,0
1.54979,-0.46559,0
1.77106,-1.09457,0
2.87268,-0.84053,0
1.90337,-0.45876,0
4.16215,0.13567,0
1.74117,0.52358,0
3.45344,0.98027,0
2.99023,0.97903,0
4.23046,0.09718,0
4.35539,0.10198,0
1.87094,-0.3387,0
0.55306,-1.18757,0
1.49993,1.09762,0
4.44138,-0.16978,0
2.55552,1.11111,0
3.99512,0.4336,0
1.62972,-0.45594,0
2.4698,-1.0983,0
3.26255,-1.0795,0
3.80268,0.64745,0
4.25767,-1.11005,0
3.67594,-0.44525,0
2.44499,-1.21767,0
1.04884,0.46599,0
1.5876,0.16626,0
1.76675,0.835,0
3.46164,0.0093,0
1.34372,-0.61036,0
3.60742,0.84026,0
2.17365,0.16623,0
3.14136,0.93971,0
4.48534,-0.28186,0
3.33154,1.08351,0
0.75103,0.25682,0
2.65733,-0.16825,0
4.39063,-0.71478,0
2.6165,1.03683,0
3.33755,-0.99394,0
4.13179,1.07101,0
1.72825,0.08014,0
3.79596,0.17395,0
3.23514,0.54754,0
2.92979,0.89111,0
1.64215,-1.0576,0
1.59573,1.01251,0
3.28961,0.5871,0
0.61343,1.05658,0
4.14511,-0.61426,0
0.51839,-0.96701,0
2.90269,0.17983,0
2.80975,-0.04769,0
2.37991,-0.28909,0
4.37938,-0.15274,0
2.37943,-0.9146,0
1.4499,-0.41875,0
2.32582,0.62563,0
1.71743,1.07185,0
1.61471,1.23949,0
2.81097,0.14262,0
4.27436,-0.85439,0
1.954,-0.72245,0
3.86205,-0.75819,0
3.08003,0.12242,0
1.39417,-0.82757,0
4.32941,-0.30082,0
1.85433,-0.79718,0
0.7794,-0.91587,0
2.83491,0.10177,0
1.4475,-0.80186,0
2.20018,0.70737,0
1.79824,-0.46405,0
3.0981,-0.99725,0
0.83106,-0.67184,0
1.51812,0.863,0
3.97879,0.9971,0
3.01374,0.50298,0
1.17773,0.2511,0
1.37225,-0.83312,0
0.67081,0.58065,0
1.11986,-0.59732,0
2.48427,0.14634,0
4.48101,-0.81536,0
2.66649,0.82,0
4.45291,0.22788,0
3.93958,-0.11244,0
0.93043,0.0787,0
4.14439,0.67646,0
3.30615,0.26742,0
1.1467,0.47325,0
1.15039,-0.88795,0
0.74499,-0.15552,0
3.19707,-0.64165,0
0.86274,-0.37073,0
4.24993,1.0742,0
2.96268,0.29791,0
1.77572,-0.71017,0
4.20256,0.6686,0
0.98402,-0.57962,0
0.81262,-0.48414,0
2.9374,-0.63043,0
2.74224,-0.95495,0
2.23842,-1.00319,0
1.54989,0.22704,0
2.04559,1.1531,0
3.97323,0.7072,0
1.32337,0.92794,0
2.42066,-1.14264,0
1.08119,0.02557,0
3.49137,-0.35838,0
1.15234,-0.09012,0
0.95073,1.15555,0
1.08483,0.89864,0
2.1357,0.15097,0
1.95489,0.1108,0
3.79397,-0.64883,0
1.74165,1.01016,0
1.52409,-1.1322,0
2.78835,1.00871,0
3.0283,-0.23698,0
2.52226,0.85792,0
4.45583,-0.03114,0
1.4713,-0.13533,0
2.90574,-0.14805,0
1.82954,0.15967,0
2.92944,-0.3769,0
2.20993,-0.37996,0
3.22453,0.58428,0
1.44581,0.50813,0
3.2325,-1.02248,0
2.01872,0.27295,0
4.44122,-0.83981,0
3.61935,0.52886,0
4.33813,0.7432,0
3.16714,0.97777,0
4.38124,0.55039,0
1.82648,0.60297,0
3.339,0.19455,0
2.60487,-0.39868,0
2.60424,-0.3045,0
2.92852,-0.6158,0
0.57827,-0.4737,0
3.33992,-0.40878,0
0.95891,-0.37288,0
2.72717,-1.10161,0
2.57697,0.51963,0
3.7036,-0.34596,0
3.82578,-0.43792,0
4.33066,-0.94244,0
1.64219,0.25257,0
2.66348,0.77395,0
2.61152,-0.96413,0
3.58448,-0.27153,0
2.51196,-0.37317,0
3.31346,0.00058,0
1.57364,-0.67099,0
3.06921,1.19379,0
2.11828,0.01104,0
2.52468,-0.33901,0
1.32068,1.00558,0
0.98784,0.71291,0
1.78433,0.5665,0
3.47959,0.84755,0
2.76385,-1.08057,0
1.16003,-0.71632,0
0.87654,-1.08919,0
0.64836,0.85659,0
3.96005,-0.12904,0
2.78678,1.0635,0
0.56488,-1.12279,0
1.90551,-0.77263,0
0.54492,0.48778,0
4.18227,-0.05096,0
2.34142,0.3975,0
1.19943,0.81761,0
4.14844,-0.78132,0
4.08798,-0.7337,0
3.83729,0.77024,0
2.6612,-0.27023,0
2.55876,-0.73118,0
1.28662,-1.00829,0
1.62517,-0.05351,0
1.43832,-1.22637,0
2.37057,-0.55542,0
0.88412,-0.91956,0
0.56402,-0.8091,0
3.33928,-0.73759,0
3.70025,-0.81955,0
0.59415,-0.4243,0
4.19615,0.78036,0
3.50187,0.29986,0
3.6827,0.39662,0
2.50216,-0.57634,0
1.93521,-0.56916,0
4.14358,0.42339,0
2.81251,0.2576,0
1.88833,-0.99206,0
2.04352,-0.54715,0
3.60472,-0.00254,0
0.51599,0.88342,0
2.978,-0.80512,0
3.71046,-0.74719,0
1.34478,-1.10976,0
3.4913,-0.56852,0
3.41223,0.90093,0
3.31891,-0.58279,0
3.31201,-0.87271,0
3.82622,-0.03156,0
0.80108,-1.16873,0
1.78176,-1.16198,0
4.12218,-0.24939,0
3.16943,0.56235,0
2.99649,0.08752,0
1.00114,-0.54189,0
3.88592,0.18895,0
3.17652,-0.93469,0
1.42265,-0.7921,0
4.03697,1.19946,0
0.70195,0.57999,0
0.73359,0.53904,0
0.79637,-0.02753,0
3.156,-0.16372,0
3.32878,-0.17636,0
1.52338,0.69553,0
2.97809,-0.89597,0
3.08803,0.96337,0
4.1046,0.43341,0
3.65011,-0.33669,0
1.36508,0.96424,0
0.75646,-1.15581,0
3.83649,0.50614,0
3.82194,0.28226,0
3.33296,0.75229,0
1.74464,1.19057,0
1.05248,0.65312,0
2.57438,-0.33106,0
2.40252,-1.11652,0
1.3049,-1.18778,0
3.71332,0.10198,0
3.58271,-0.99419,0
2.00098,1.00271,0
3.86146,0.50927,0
0.85292,-0.02457,0
1.15343,-0.5327,0
1.4149,0.5176,0
2.23781,1.05628,0
0.87121,0.81748,0
1.78292,-0.2501,0
3.81781,-0.27044,0
3.78461,-0.53991,0
2.08216,1.20613,0
2.67095,0.28891,0
4.41364,0.91463,0
3.99934,0.3786,0
1.72493,-0.48288,0
2.36144,0.9597,0
1.21317,0.25097,0
0.84441,-0.34528,0
4.08932,-0.26494,0
1.50875,1.12208,0
4.15959,0.1916,0
1.17072,-0.78896,0
2.25395,-1.22125,0
4.06196,-0.45268,0
4.06082,-0.06867,0
3.51909,0.24287,0
1.65254,0.67647,0
2.28512,-0.72924,0
2.56001,0.01252,0
1.46977,-0.49071,0
3.23186,-0.25307,0
2.08754,-0.87592,0
1.50244,-1.225,0
1.67347,-0.1725,0
2.90781,-0.8293,0
3.16087,-0.19975,0
1.02195,-0.95958,0
3.75914,0.65501,0
0.68824,-0.32661,0
4.01559,0.86208,0
4.30846,0.28903,0
0.97391,0.33655,0
3.17215,0.28937,0
2.95597,0.64132,0
1.03734,-0.02438,0
0.75339,0.78822,0
1.35727,-0.70912,0
2.67905,1.21464,0
2.48014,0.60475,0
4.42008,-1.02687,0
4.19324,-0.16184,0
2.78581,0.32719,0
2.26803,0.44748,0
0.67172,-1.19787,0
1.11869,1.00589,0
2.41754,-0.86647,0
4.11665,0.14195,0
1.55335,1.21007,0
4.13731,0.03931,0
2.2784,-0.248,0
4.22869,-0.74984,0
1.85011,-0.88021,0
4.25072,1.08296,0
3.09059,-1.05684,0
2.94981,1.11731,0
1.59581,-0.69445,0
2.29202,1.14295,0
3.59936,0.70743,0
3.52853,-0.42923,0
2.87064,-0.3239,0
0.50926,0.90623,0
2.85379,0.4287,0
1.7801,-0.21832,0
2.78714,-1.00465,0
4.3965,0.77477,0
1.09345,0.21079,0
1.45096,0.30053,0
2.0548,-0.05492,0
2.14894,-0.60361,0
4.3636,-0.61286,0
3.13808,-0.46202,0
2.96619,-0.65966,0
3.24141,-0.23397,0
2.7547,0.05898,0
4.20363,1.11281,0
3.31439,-0.58296,0
3.64667,0.05654,0
2.32834,-0.13293,0
4.48669,0.32154,0
3.38997,0.43842,0
2.8299,1.02132,0
3.35705,-0.37199,0
2.43292,-0.70221,0
0.90153,1.16382,0
0.87772,1.10051,0
1.18749,1.09172,0
3.73601,0.56481,0
4.22375,-1.19275,0
3.59707,0.46788,0
2.87439,0.87726,0
2.01354,1.13175,0
0.7395,-0.36569,0
1.33445,0.67158,0
1.67273,0.28134,0
3.11852,-0.11567,0
4.16516,-0.236,0
3.4296,1.23822,0
1.84177,0.59508,0
2.54764,-0.07896,0
4.16183,0.85472,0
0.71949,-0.57637,0
2.12048,0.42686,0
3.73041,-0.79948,0
3.74967,-1.21883,0
2.79657,0.48787,0
3.64694,-0.81746,0
3.85364,-0.41081,0
1.4167,-0.70519,0
1.88883,-1.15595,0
1.00515,-0.75424,0
3.72567,-0.27211,0
1.7868,0.95312,0
2.00565,-0.42353,0
3.30448,0.05715,0
2.77619,0.61799,0
1.06323,0.76247,0
2.53573,-0.8873,0
3.14431,-0.03236,0
0.87632,-0.86076,0
1.15301,-0.88727,0
1.57872,-0.46903,0
3.47756,0.82997,0
1.02849,0.80988,0
1.91433,0.95757,0
1.67786,1.13728,0
2.05226,0.18719,0
4.40824,-1.07248,0
3.73557,-0.77955,0
0.76135,-1.1802,0
1.48462,0.15462,0
1.80488,-0.51707,0
1.35213,-0.89423,0
2.29666,0.32245,0
0.93334,-1.0546,0
3.39884,0.84297,0
1.77319,1.06228,0
1.16155,0.72109,0
4.08946,0.69933,0
2.55919,0.10933,0
1.69673,0.83865,0
3.36792,1.1336,0
3.93072,0.75987,0
1.44332,1.05624,0
2.90562,0.65265,0
3.74875,-0.32096,0
2.93613,0.23577,0
0.70721,0.67793,0
3.45176,-0.78796,0
1.39327,-1.05785,0
2.30142,0.40453,0
0.85053,-1.14594,0
4.17664,-0.48109,0
2.5788,-0.1944,0
2.38067,-1.24053,0
2.39117,0.24044,0
3.74085,-1.2188,0
0.97282,-0.93082,0
0.55577,-0.83384,0
4.39665,-0.45991,0
3.74349,1.05818,0
3.121,0.50416,0
1.6531,0.59622,0
4.4354,0.33054,0
1.24292,-0.83577,0
4.36912,-0.56515,0
1.77802,0.15549,0
2.82695,0.94474,0
1.622,-0.46425,0
3.59994,0.1028,0
3.66933,-0.19125,0
0.63246,-0.71958,0
4.32855,0.47944,0
4.35476,-1.21297,0
2.58009,0.51295,0
2.17331,0.69395,0
0.73227,0.08617,0
3.10389,-0.80119,0
3.60413,0.75717,0
3.74142,-0.67525,0
1.04116,0.83506,0
1.64,-0.51709,0
1.79246,-0.11387,0
2.32329,-0.74758,0
3.73036,-0.82265,0
3.52069,-0.39611,0
4.2804,-0.45249,0
4.28942,0.82191,0
2.32574,0.39296,0
2.15378,0.47653,0
1.7273,0.21758,0
0.86809,-0.73202,0
1.82183,0.92959,0
2.01821,-0.69105,0
3.40955,-1.11382,0
1.67192,-0.48611,0
2.26542,-0.07751,0
3.26267,-0.57985,0
3.19988,0.25988,0
3.48308,-0.104,0
0.54268,-0.30314,0
2.79065,0.70007,0
1.45285,0.32741,0
0.92138,0.30296,0
3.86936,0.10842,0
0.84547,0.87605,0
3.91363,-0.8652,0
2.11824,0.74589,0
1.47251,-0.27457,0
2.45429,-0.18356,0
3.01843,0.67679,0
2.52276,0.10234,0
1.85548,0.00904,0
3.44407,0.7016,0
2.21877,-0.46763,0
3.76897,0.33514,0
3.76446,0.6205,0
0.69414,-0.92967,0
3.78366,-0.83144,0
2.75829,-0.90173,0
0.80004,-0.86503,0
1.24372,0.73235,0
3.0734,0.92162,0
4.18405,0.48707,0
4.32054,-1.04405,0
0.71537,0.70211,0
2.13944,1.13268,0
0.53307,1.10299,0
2.05754,0.47728,0
0.55284,0.79006,0
1.93762,-1.06962,0
1.51912,-0.1054,0
2.46166,-0.89354,0
1.51449,0.56014,0
1.74998,1.00658,0
0.90923,-0.35607,0
0.85926,-0.27117,0
4.13364,0.2719,0
1.20437,0.68006,0
1.71899,-1.03127,0
1.47384,0.05703,0
3.32191,-0.03733,0
1.33544,-0.00924,0
4.31041,-0.17361,0
0.87976,-0.39766,0
3.1746,1.24687,0
0.67465,-0.12042,0
1.84496,-0.52462,0
1.92445,0.77105,0
1.74653,0.21447,0
4.2206,1.21384,0
3.14835,-1.12036,0
1.17837,-1.1286,0
1.82675,-0.22377,0
1.3346,0.37929,0
1.91258,-0.49927,0
3.36586,-0.13381,0
4.31631,0.09293,0
1.18595,0.66833,0
3.66297,0.11802,0
0.58573,-0.14982,0
3.73845,1.00337,0
1.82575,1.22075,0
1.44211,1.10059,0
1.16972,-1.24143,0
3.03832,-0.11377,0
3.19042,-0.75825,0
1.38735,0.01629,0
4.40021,-0.07977,0
1.7866,0.85606,0
3.04713,-0.0612,0
4.17308,-0.76937,0
3.44545,-0.92718,0
2.8488,0.00554,0
2.94556,0.09846,0
2.93238,0.63551,0
2.7694,-0.3115,0
4.28489,0.05692,0
1.59907,0.7587,0
3.20721,-0.87299,0
3.78914,-0.86886,0
0.9764,0.20643,0
3.97257,0.54097,0
1.29469,-0.86281,0
2.14891,-0.62873,0
3.82747,0.48757,0
1.02279,0.57858,0
0.74146,0.14793,0
3.21042,0.13144,0
2.51622,0.00691,0
1.2074,0.49382,0
1.08616,0.49036,0
3.07771,0.75477,0
3.08657,0.99344,0
4.44728,0.04437,0
1.82351,-0.08631,0
2.47224,0.23308,0
1.12903,0.41405,0
1.1097,0.27457,0
1.94221,-0.20668,0
2.90961,0.19792,0
1.74157,1.2009,0
2.05019,0.0743,0
3.2571,-0.36818,0
3.52677,0.56923,0
0.60111,-1.08682,0
0.69501,0.64293,0
3.63863,0.66488,0
3.01146,1.07772,0
1.91377,-0.95812,0
4.34903,-1.02211,0
2.56116,-1.23835,0
3.59797,0.97611,0
2.28041,0.22031,0
1.06203,-0.88642,0
2.48331,-0.14914,0
2.51747,0.25138,0
1.69466,0.83918,0
2.34669,-0.6843,0
4.35862,0.56304,0
2.93526,1.16041,0
1.05343,-0.2117,0
0.68442,-0.77504,0
1.79961,-1.1041,0
1.11977,0.48169,0
1.59539,0.67141,0
0.71349,0.53372,0
1.2538,0.68838,0
1.79431,-0.24806,0
0.69193,-0.4128,0
2.07014,0.39993,0
4.12807,-1.22913,0
4.16001,1.19048,0
2.46592,-1.07321,0
2.29756,-0.04545,0
3.30009,0.07325,0
3.12894,1.09473,0
2.05571,1.18615,0
1.6001,-0.22802,0
1.93124,0.26575,0
3.36377,1.09891,0
3.53855,-0.22515,0
2.83585,1.12611,0
1.21194,-0.65076,0
1.15057,-0.03819,0
3.55546,1.03824,0
1.81541,1.23019,0
0.71176,0.57208,0
3.20834,0.93966,0
1.81194,-0.57454,0
4.34731,0.4297,0
2.35656,1.07192,0
2.16098,-1.15659,0
1.25182,0.47614,0
2.54615,1.22354,0
1.82177,-0.42546,0
1.10496,0.54333,0
1.3342,-0.01779,0
2.09868,0.03586,0
0.8071,0.68386,0
4.33661,0.99485,0
1.74689,0.66462,0
0.82622,0.49745,0
4.14608,0.20493,0
1.20014,-0.8671,0
2.21249,-0.82073,0
4.01752,1.0374,0
3.29073,0.53947,0
3.92907,0.1094,0
4.3079,0.94518,0
1.73366,0.96988,0
2.31596,0.47384,0
1.67957,0.03923,0
2.94301,0.80438,0
1.88588,-0.26465,0
3.73857,1.17764,0
4.07336,-0.66188,0
3.97699,1.22681,0
2.25704,0.15299,0
0.53303,0.18541,0
2.21796,0.97677,0
3.59841,0.86947,0
2.30777,1.22384,0
1.80366,-0.10882,0
3.667,0.64537,0
3.29723,0.70552,0
0.92631,-1.08907,0
1.33975,1.02094,0
4.24907,-0.0027,0
1.79112,-0.75849,0
3.87326,-0.7902,0
2.61753,0.76822,0
0.97784,0.08839,0
0.53058,-0.40663,0
3.41032,-1.1336,0
2.53321,-0.34415,0
1.96835,-1.07763,0
2.14372,0.1918,0
3.85846,-0.6082,0
0.55176,1.03426,0
2.24217,0.80065,0
2.25225,-0.14289,0
1.4969,0.82004,0
4.0392,0.13294,0
0.84822,-1.1068,0
1.91833,0.49616,0
4.18617,-0.98226,0
2.65102,-0.64762,0
3.75508,-0.84277,0
2.34242,0.05822,0
2.29369,-0.68714,0
3.40759,-0.85733,0
1.20032,-0.98214,0
3.0958,-0.80593,0
4.1972,-0.02494,0
3.84456,-0.96711,0
2.97357,0.14736,0
2.71352,-0.71897,0
2.92753,0.92496,0
1.2645,-0.24082,0
0.86904,1.07983,0
2.58114,-0.24666,0
2.02111,1.1235,0
4.43524,0.37242,0
3.82381,0.65334,0
1.02119,0.20472,0
3.20768,0.14944,0
0.75165,0.41546,0
2.47861,1.19333,0
4.47678,-0.54629,0
3.14167,-0.03836,0
1.71921,0.6792,0
2.63698,1.08795,0
3.3998,-1.13377,0
1.58194,-0.19387,0
0.75646,0.86921,0
3.85941,0.08546,0
3.34978,-0.86567,0
3.97573,0.97052,0
3.73693,-1.10649,0
0.94544,-0.21067,0
0.75464,1.09755,0
3.62614,-0.77235,0
3.97111,-0.02423,0
3.27507,1.12236,0
2.10936,-0.01792,0
1.1722,0.12606,0
3.72154,1.23832,0
0.65928,1.02854,0
4.40043,0.07112,0
1.99145,-1.01143,0
1.51304,0.37805,0
2.35505,0.7614,0
2.79962,-0.79874,0
4.41373,1.07267,0
2.82377,0.94113,0
3.66592,-1.10782,0
3.7075,0.42095,0
3.42976,1.05016,0
1.50921,-0.11143,0
3.89415,0.26161,0
0.96013,-0.55238,0
0.67704,-0.92345,0
3.99406,0.9756,0
1.09857,0.55823,0
3.66865,-0.55895,0
3.088,-1.20281,0
3.88452,-0.25945,0
2.20253,0.76475,0
2.82118,-1.0452,0
0.51698,-0.70716,0
2.16127,-0.64225,0
2.84821,0.54201,0
3.03456,0.13483,0
2.21613,-0.64225,0
3.8173,1.1,0
4.48021,1.1092,0
3.62215,-0.42867,0
4.02653,-0.58126,0
4.31032,-0.48113,0
3.99374,0.93684,0
2.38839,-0.51594,0
1.33895,-0.71412,0
0.53532,-0.99677,0
0.86285,0.68223,0
4.27456,0.08154,0
1.80055,0.69143,0
1.05387,-0.34034,0
0.719,0.71728,0
2.265,0.05973,0
1.02681,-0.09522,0
3.39418,-0.9274,0
4.40402,0.76396,0
2.00432,0.30401,0
1.26376,0.53032,0
2.37736,0.25333,0
3.6515,0.65036,0
1.68556,-1.02636,0
1.0473,-0.50928,0
1.06424,-0.49138,0
0.8787,0.73382,0
1.22437,-0.04832,0
0.89563,-0.55462,0
2.22143,-0.74105,0
0.72476,1.2418,0
1.85003,-0.49101,0
3.37251,-0.51103,0
3.53033,0.05252,0
1.03328,-0.35959,0
0.89717,-0.51321,0
1.74824,0.81853,0
3.97868,-0.19039,0
1.42732,-0.0018,0
2.08029,-0.31589,0
1.09484,-0.15679,0
2.51665,0.74876,0
3.39707,1.02676,0
0.7955,-0.12273,0
2.26928,1.04851,0
2.12614,-0.93785,0
1.97439,-1.0058,0
4.20801,0.34814,0
0.88868,-0.92114,0
2.77112,0.75032,0
1.04155,0.45165,0
1.45618,-1.14447,0
1.75495,0.59148,0
4.2191,0.29359,0
3.09777,-0.52813,0
4.21715,-1.1356,0
2.77751,0.2697,0
2.18278,-0.34892,0
1.64109,-0.73432,0
3.08704,-1.03793,0
1.74393,0.00348,0
3.95515,0.41088,0
3.21227,-1.02683,0
2.22909,0.36735,0
1.27613,0.36708,0
0.8344,-0.46435,0
0.54253,-1.23138,0
4.13346,0.1926,0
2.42369,1.00063,0
1.06202,0.49678,0
2.30361,0.67846,0
2.66073,-0.77484,0
3.62424,-0.55961,0
3.75932,1.193,0
4.16234,0.25098,0
2.48533,-0.735,0
1.39277,-0.70136,0
1.65024,0.55501,0
4.01363,1.03226,0
2.25994,0.27973,0
3.45895,-0.95938,0
0.90692,0.80553,0
0.8211,-0.55869,0
2.62779,-0.66825,0
0.81016,1.15398,0
0.98687,0.81256,0
2.24845,0.50965,0
2.601,-0.55314,0
3.99572,0.74224,0
1.20539,-1.09887,0
1.44859,1.1913,0
4.33359,-0.39896,0
2.00778,-1.09392,0
0.75858,-0.25102,0
1.96079,-0.22265,0
3.78093,0.87014,0
2.33316,1.1107,0
1.41559,-0.12115,0
4.47125,0.90263,0
3.67711,0.26438,0
2.83662,0.12629,0
1.99575,-0.5158,0
1.37657,0.67618,0
3.42052,-1.24076,0
2.13954,0.90997,0
3.18361,-0.7351,0
4.41026,-0.2072,0
3.85394,-0.87772,0
2.74664,-1.18344,0
4.0945,0.62615,0
2.8958,0.45632,0
1.79051,0.45258,0
2.7848,0.95741,0
2.13323,-0.71327,0
2.746,0.16661,0
3.61878,0.41147,0
0.69127,-0.21383,0
1.3546,0.08392,0
2.01664,0.10446,0
4.13879,1.18077,0
2.19528,0.20803,0
2.02579,0.82935,0
2.42836,1.16684,0
3.27913,-0.54725,0
1.42924,-1.11559,0
2.3287,1.0467,0
4.27396,-0.3272,0
3.56989,-0.96341,0
1.89426,0.69399,0
3.08669,0.53911,0
4.36926,-1.07667,0
1.18852,-1.12505,0
1.45488,-0.24338,0
4.39453,0.61935,0
4.23138,-0.45524,0
0.82234,0.37509,0
0.94845,0.39543,0
1.51727,-0.6581,0
3.89093,0.623,0
1.26046,1.05081,0
3.72094,0.45518,0
2.94659,0.73964,0
4.03486,-1.05809,0
2.57044,0.49501,0
2.8795,1.19779,0
0.94047,0.37213,0
3.18585,-0.72075,0
4.07954,-0.62949,0
1.96488,-0.22131,0
3.24011,-0.94318,0
1.65159,-0.40523,0
1.15948,-0.2181,0
4.3866,0.76697,0
2.43751,-0.29306,0
1.13059,-0.16112,0
2.9223,1.038,0
1.16855,0.15989,0
2.23141,-0.75297,0
2.96708,1.17116,0
4.29371,1.10088,0
3.08974,-0.41153,0
2.93916,-1.03033,0
1.78305,0.38497,0
1.56345,-0.14414,0
3.11248,0.76046,0
1.47645,-0.68642,0
2.11505,0.40909,0
3.59349,-0.80635,0
0.73073,-0.72886,0
3.46771,0.12855,0
3.54684,0.30839,0
2.47795,-0.83689,0
2.64949,0.57934,0
0.51529,-0.73559,0
2.82349,-0.20548,0
2.50717,0.62804,0
2.79279,0.76085,0
4.11765,-1.13742,0
3.2004,-0.7237,0
2.85412,0.06776,0
0.96948,-0.53953,0
1.34562,-0.97996,0
3.88478,-0.29598,0
2.08312,-0.22252,0
2.72396,0.50602,0
0.58063,0.2126,0
2.27427,0.07059,0
2.77056,0.1557,0
4.24328,0.63463,0
3.1462,-0.6583,0
3.82416,1.13532,0
1.87889,1.05466,0
0.5113,0.48904,0
3.91819,-0.93987,0
1.36502,-1.19027,0
1.72022,0.10202,0
2.07497,1.19714,0
0.9197,-0.26927,0
3.60413,-0.39059,0
4.05749,-1.2085,0
4.34493,0.75538,0
1.3807,-1.22127,0
1.13398,0.04544,0
0.94298,0.41995,0
1.70869,-1.14102,0
1.86465,-1.05467,0
4.01714,0.57824,0
2.49195,1.20211,0
1.00654,0.6441,0
2.08795,-0.93966,0
1.98876,0.30443,0
1.84485,-0.35212,0
4.17417,0.69358,0
0.85317,-0.76044,0
1.48895,1.05611,0
3.87567,-0.93555,0
0.83502,0.08243,0
2.83055,0.82613,0
3.18363,-0.40685,0
2.7168,0.44031,0
4.32468,-0.11085,0
4.36573,1.04824,0
1.43935,1.21012,0
4.47655,-0.54499,0
1.63575,-0.17857,0
3.5169,-0.26652,0
1.53418,0.94271,0
3.62951,1.21796,0
0.87445,-1.04212,0
2.10627,0.47604,0
3.98995,0.39977,0
4.21054,0.32842,0
0.80844,0.04425,0
4.42589,0.86209,0
1.06819,0.32427,0
1.95268,-0.69858,0
3.51929,-0.67872,0
1.65598,-0.45998,0
3.65781,-0.71602,0
2.69169,-0.88656,0
1.97471,-0.42393,0
3.68045,-0.65144,0
3.96491,-1.0243,0
0.7672,-0.64928,0
1.1368,0.25549,0
3.23451,-1.05077,0
0.75813,-0.13133,0
2.52674,-1.11258,0
0.52328,-0.72055,0
4.09115,0.88351,0
1.39959,0.43356,0
3.5186,-0.20986,0
2.19985,-1.00207,0
0.52379,-0.537,0
3.85787,1.09746,0
0.91541,-0.93387,0
2.8028,0.05126,0
0.72593,0.65908,0
3.49737,-0.95022,0
1.69385,-0.79918,0
0.85044,0.9786,0
1.18797,0.32894,0
3.5795,0.69582,0
3.8072,0.9083,0
1.88433,0.42265,0
0.76955,-0.41562,0
3.03326,0.08209,0
0.90926,-1.00077,0
4.3707,-0.29651,0
2.82969,-0.62307,0
2.19984,0.15891,0
2.03096,1.04162,0
3.59114,-1.08934,0
4.25202,1.09587,0
3.45693,1.14435,0
3.92382,-0.84998,0
1.21375,0.18954,0
0.58456,1.20865,0
4.12947,-0.47033,0
1.33821,-1.12567,0
0.83012,0.50437,0
3.97415,0.31692,0
1.83486,-0.7591,0
4.31709,0.97345,0
1.83788,-0.33578,0
1.73932,-0.46562,0
2.9075,-0.77444,0
3.29788,-0.63137,0
2.20117,0.64211,0
1.45611,-0.68104,0
3.53454,-0.86661,0
2.27391,-0.67146,0
0.76589,0.20392,0
1.41912,0.05976,0
2.85085,-0.5963,0
2.44632,-0.70773,0
2.91014,-1.20937,0
1.22065,0.06753,0
4.30757,0.82505,0
4.32588,0.03574,0
3.40014,-1.00839,0
2.60917,-1.03611,0
3.00766,0.09667,0
3.15217,0.99705,0
1.12393,-0.33348,0
1.65589,-0.95582,0
3.05161,0.33888,0
1.44389,0.7948,0
3.75202,0.63309,0
2.15587,0.46347,0
2.03861,-0.82804,0
3.16442,-0.19506,0
4.35084,0.80883,0
1.57069,0.91591,0
2.73466,0.51493,0
0.62734,-0.06281,0
1.57855,-1.20256,0
0.93404,-0.09575,0
2.4538,0.81311,0
1.47407,-0.99628,0
3.65039,0.52749,0
2.5106,0.23913,0
3.76377,0.50993,0
4.40643,-0.50359,0
0.69376,0.2462,0
2.8622,-1.09456,0
4.37555,0.26736,0
3.47796,0.63808,0
1.81679,-0.94368,0
3.76289,-0.26983,0
0.8258,-1.10768,0
3.45501,0.38666,0
0.66094,0.1784,0
2.58896,0.17768,0
0.73445,0.16006,0
1.4197,-0.43558,0
1.98817,0.81655,0
3.19317,0.25904,0
0.95463,0.51878,0
3.10133,1.12563,0
4.01046,0.73566,0
1.23272,1.05993,0
3.43512,-1.08464,0
3.57898,1.09576,0
2.72435,0.21013,0
3.95499,1.22325,0
0.54062,-0.80846,0
3.42282,0.33946,0
2.74447,-0.14372,0
3.86094,-1.151,0
0.97885,0.92572,0
1.22167,-0.09571,0
3.1812,0.02331,0
2.64227,0.67362,0
2.57543,0.23119,0
3.30813,-0.76821,0
1.23668,-1.24254,0
2.13462,1.02984,0
2.6351,0.29368,0
0.95517,1.10519,0
4.24325,-1.14647,0
2.72283,-0.43573,0
1.69409,-0.67919,0
1.15043,-0.7454,0
4.39877,-0.94404,0
3.98707,0.51978,0
1.51905,-1.16211,0
3.68309,1.10655,0
2.35706,-1.18724,0
1.08155,1.06321,0
2.31398,-1.09388,0
2.88101,1.03978,0
2.94363,-0.74182,0
3.29362,0.67911,0
2.75863,-0.08227,0
3.80442,-0.27014,0
2.97532,0.04165,0
0.54106,0.97134,0
1.06937,0.95491,0
2.39564,-0.58132,0
2.00969,-0.1196,0
4.36419,1.0379,0
1.89855,-1.24181,0
2.71065,0.26484,0
1.40143,0.05961,0
4.0479,0.14995,0
2.50019,0.29593,0
3.18086,0.89529,0
1.06564,0.29959,0
2.20276,1.22648,0
1.84457,0.06636,0
0.92994,0.15081,0
2.8728,-0.9849,0
3.63356,0.86609,0
2.53014,-1.07082,0
2.86029,0.25874,0
1.66371,-1.10945,0
1.04314,-0.9619,0
0.82452,-0.50793,0
3.70219,0.21343,0
3.22805,-1.09621,0
1.75903,-0.44111,0
1.59826,0.63648,0
1.33115,-1.1825,0
0.96008,-0.85544,0
3.27592,1.16647,0
3.35934,0.20833,0
2.25152,-0.69089,0
0.52667,0.75404,0
4.35262,-0.08693,0
0.9341,1.07946,0
0.87496,0.44179,0
0.67458,-1.10934,0
3.01742,-0.54065,0
3.42681,0.79162,0
1.53907,0.16934,0
1.46141,-0.18537,0
1.80006,0.96092,0
0.56865,-0.84415,0
4.15303,-0.79323,0
4.34349,0.42976,0
0.65749,0.40816,0
2.9775,-0.03779,0
1.15631,-0.71182,0
4.06132,-1.07568,0
3.4212,1.15667,0
1.67785,-1.15686,0
3.39594,0.55413,0
4.30534,-0.20443,0
3.59002,-0.31894,0
2.52848,0.71372,0
3.62414,0.72841,0
2.5095,-0.56934,0
2.94885,0.83102,0
3.07872,0.61394,0
3.58416,0.4459,0
2.63547,0.25422,0
4.19192,-0.1673,0
1.10465,-0.19602,0
3.35188,-0.7561,0
3.91389,-0.89475,0
3.03101,-0.53859,0
2.5731,-0.04053,0
3.03499,0.47629,0
3.32395,1.21304,0
1.52599,0.52793,0
2.63016,-0.54968,0
3.22816,0.57662,0
1.57079,1.24398,0
0.51568,-0.35585,0
0.71179,-1.24779,0
1.75165,-0.39764,0
2.53217,1.00603,0
3.0404,0.42795,0
3.4293,0.52497,0
3.43677,1.21977,0
3.79314,-1.04176,0
4.0384,-1.17976,0
3.98167,-1.12478,0
1.02645,1.01136,0
1.3064,0.35968,0
0.86496,0.88348,0
0.99455,-0.02179,0
1.44537,0.07881,0
1.33825,-0.79522,0
3.79172,-0.29847,0
1.7527,-0.52488,0
4.47776,0.51301,0
2.85443,1.13281,0
0.55457,-1.07033,0
1.02604,1.16198,0
1.74217,-0.14291,0
4.35619,-0.8957,0
2.54136,-0.57539,0
2.0543,-0.39005,0
3.84656,0.91046,0
0.70798,0.59472,0
3.06225,0.18103,0
3.19661,1.16841,0
1.87185,-0.66284,0
1.00371,-1.01935,0
3.87516,1.18817,0
3.90433,0.63655,0
2.83106,0.00073,0
1.24121,0.02886,0
3.47204,-0.75215,0
2.64109,0.72289,0
1.3142,0.1058,0
3.47179,-0.33953,0
2.20579,-0.35901,0
1.98719,-0.50834,0
3.07645,1.07052,0
2.64971,-0.07964,0
4.38394,1.11203,0
2.8207,-0.73348,0
1.57105,-0.07073,0
3.29781,0.64951,0
4.01449,1.12651,0
1.35779,0.90836,0
3.87616,-0.73825,0
1.51655,0.46193,0
2.19815,0.05173,0
0.53282,0.91096,0
1.17513,-0.81281,0
1.63492,-0.24569,0
2.83358,-0.43889,0
3.02155,0.24467,0
2.06806,1.08716,0
0.65917,0.42208,0
0.81693,-1.10288,0
2.18786,0.08856,0
3.55732,0.27046,0
3.20289,0.22158,0
2.22867,0.94028,0
1.61755,1.00308,0
1.80184,-1.06541,0
1.76575,-1.13867,0
3.78152,1.16826,0
3.87902,0.54018,0
0.58977,-0.59831,0
2.64667,0.72865,0
3.56018,-1.04126,0
0.72664,-0.76328,0
4.03688,0.97985,0
3.21614,0.73108,0
3.48954,-1.08063,0
1.39397,-0.18343,0
2.62577,0.35325,0
3.39472,0.11338,0
0.8711,0.81582,0
2.03291,-0.54432,0
2.78884,0.20965,0
2.70644,0.11081,0
2.09854,0.93682,0
0.56669,-0.55789,0
2.57861,0.72621,0
1.08527,0.93669,0
1.34159,0.82425,0
2.87695,-0.90162,0
3.21476,1.15442,0
2.73623,-0.04378,0
1.9265,-0.66919,0
2.36395,0.47312,0
3.90929,0.27741,0
4.04961,-0.40201,0
4.21263,1.09193,0
3.85207,-0.33428,0
2.14527,0.80648,0
3.62028,0.07389,0
1.31821,-1.20606,0
4.31256,-0.08452,0
0.95783,-0.65539,0
3.29046,-0.16693,0
2.11322,0.50718,0
1.45097,-1.00517,0
1.39101,-0.05447,0
1.36797,-0.65887,0
4.34355,0.65575,0
3.71278,1.04301,0
0.5879,-0.31431,0
4.14676,-0.87796,0
2.59734,-0.03894,0
4.45293,1.09922,0
1.89066,-0.18329,0
1.83901,-0.29666,0
3.12201,-0.27942,0
1.63404,-0.67508,0
2.985,-0.86868,0
2.81453,0.24091,0
2.94689,-0.37766,0
1.99935,-0.91345,0
0.99108,-0.37697,0
2.98302,-0.22011,0
3.2779,-1.00621,0
3.82463,-0.51792,0
0.5145,0.37423,0
2.89844,0.92865,0
4.37746,-0.71926,0
1.00381,0.29457,0
0.99143,-0.55434,0
1.16624,0.65341,0
2.23643,0.85067,0
1.35795,0.56755,0
1.33537,-1.13835,0
2.19951,-0.49873,0
0.95584,-1.13499,0
3.19119,-0.43969,0
2.18272,-0.66026,0
3.16929,-0.76036,0
2.80066,-0.24836,0
0.80943,-0.97006,0
4.42699,-0.31048,0
3.74209,0.34349,0
1.10954,-0.82615,0
1.53325,-0.97999,0
2.0003,-1.10001,0
1.53972,0.64582,0
0.73232,-0.26845,0
2.65562,-0.51127,0
3.04704,0.31297,0
2.62918,-0.11353,0
2.39521,0.4155,0
2.52225,-0.74433,0
2.07745,-0.79127,0
3.08868,-0.99621,0
3.46408,-0.0049,0
3.06876,1.12991,0
2.8093,-0.58945,0
3.88966,0.12346,0
4.02757,0.2196,0
0.93113,-0.69199,0
3.2489,0.62241,0
0.6184,0.80521,0
1.23728,0.39221,0
1.28805,0.94567,0
4.37664,0.55434,0
4.16401,0.688,0
1.82483,0.7964,0
3.17818,0.06626,0
4.30171,-0.41323,0
3.91164,-1.07218,0
1.79177,-1.07636,0
0.83451,0.5447,0
3.93048,1.24442,0
0.95818,0.89292,0
4.20591,0.58445,0
3.32275,-0.29605,0
4.16209,-0.64875,0
2.41352,-0.2007,0
2.52381,-0.69876,0
1.25561,-1.07898,0
1.93358,-0.99921,0
2.64046,-0.10404,0
4.45292,1.1455,0
3.62497,0.02295,0
2.36825,-0.96,0
3.70901,0.64316,0
1.08882,-0.0029,0
3.4842,-0.20395,0
1.31554,-0.39403,0
1.53398,-0.35801,0
1.51816,-0.36445,0
1.93317,-0.97201,0
2.48209,-0.28076,0
0.6698,0.68807,0
3.89583,0.20818,0
0.95149,-1.07398,0
2.50161,-0.97623,0
4.33131,0.63654,0
1.84839,-1.05595,0
2.05734,-0.79913,0
2.36004,-0.2729,0
1.35405,0.27509,0
3.57144,-0.90575,0
1.40991,0.74688,0
1.5283,-0.73855,0
2.60994,-0.09971,0
4.22129,-0.685,0
4.10256,1.12094,0
0.72371,0.32217,0
1.8947,0.67613,0
2.03802,-0.73262,0
0.56053,0.00246,0
4.30019,-0.02339,0
2.0179,0.25574,0
1.03783,0.19064,0
4.3511,-0.50659,0
4.47471,-1.11563,0
1.17957,-0.22748,0
2.18676,-0.304,0
4.36093,-0.75526,0
3.21885,0.87048,0
3.94524,-0.8798,0
1.15702,-0.05089,0
2.82526,-0.31884,0
0.63148,-1.15027,0
2.31431,0.63039,0
1.92979,0.85473,0
1.50602,-0.69109,0
3.82858,1.03405,0
2.93134,-0.2781,0
1.87378,0.39975,0
4.18992,0.07989,0
1.96648,1.00655,0
0.63784,-0.65453,0
1.11563,0.7161,0
1.985,-0.06587,0
2.21933,-0.44395,0
1.82066,-0.16635,0
2.5866,-0.04282,0
4.12371,-0.95446,0
4.24304,1.1196,0
3.86832,-0.3317,0
3.45992,0.75776,0
3.0277,0.45375,0
1.99858,-0.75382,0
3.91344,-0.70144,0
1.22731,-0.59514,0
4.23502,0.94672,0
2.55915,-0.76867,0
2.16437,0.52401,0
4.34024,1.16783,0
0.61499,-0.1125,0
2.03569,-0.30333,0
1.55135,1.0639,0
0.81925,-0.09319,0
3.96684,-0.11547,0
2.80207,0.99975,0
2.17686,0.19809,0
1.08089,0.7254,0
4.02814,0.30231,0
3.57547,-0.05789,0
1.26807,-0.89743,0
1.48581,1.05286,0
0.86254,0.93798,0
2.35482,0.89656,0
4.15127,1.1663,0
4.20654,-0.55881,0
3.45305,-0.60277,0
4.33698,0.83252,0
3.99135,-0.38551,0
2.74299,0.5506,0
4.14883,-0.4904,0
2.9682,0.82613,0
3.44998,-0.69335,0
2.10867,0.17178,0
4.28428,0.56335,0
1.9105,1.06253,0
1.35374,1.14206,0
2.28934,-0.88006,0
2.18595,1.21749,0
2.49965,0.30153,0
1.85497,-1.0216,0
2.18062,-0.43889,0
1.74214,0.42475,0
3.54082,1.06068,0
3.18449,0.25794,0
3.31858,0.16203,0
1.80359,-1.16213,0
0.79007,-0.54301,0
2.29521,-0.98219,0
0.76281,1.01681,0
0.94133,0.16229,0
0.62445,0.31294,0
1.94692,0.53609,0
4.24966,-0.45163,0
2.54187,-0.24918,0
0.89619,-0.53022,0
1.60956,1.05731,0
1.14339,0.22606,0
2.89228,0.67143,0
3.89172,0.30365,0
2.08587,-0.11006,0
4.00147,-0.28197,0
3.43093,0.95533,0
2.9241,-0.59514,0
0.86961,0.14506,0
2.14134,0.78541,0
2.61112,-0.64137,0
1.91399,0.1707,0
2.40604,-0.82682,0
1.87451,-0.43041,0
1.09586,-0.60875,0
3.64847,-0.1332,0
0.52569,-0.37121,0
3.5622,0.5643,0
4.45154,1.00024,0
0.85995,-1.23952,0
3.46263,1.00885,0
4.07426,-1.17618,0
3.94406,0.61188,0
2.59865,0.27,0
3.27549,0.26168,0
0.90936,1.11731,0
4.1765,0.58875,0
2.18886,1.01937,0
1.8393,0.04619,0
3.12057,0.04363,0
1.42659,-0.46437,0
0.92519,-1.18043,0
1.85317,0.48666,0
4.44194,-0.2718,0
2.82068,-0.84614,0
2.3666,0.40143,0
1.88125,0.4522,0
3.78702,-0.44777,0
2.42333,-0.82939,0
3.45723,-1.06847,0
3.40248,-0.89483,0
2.34224,1.21832,0
2.73617,0.15561,0
2.23101,-0.13799,0
3.31807,0.2968,0
1.65122,0.60827,0
1.90465,0.98273,0
0.86647,-0.72759,0
3.94707,-0.25045,0
2.75294,0.87052,0
3.12526,-0.26165,0
3.29563,-0.97541,0
1.096,1.24752,0
3.87356,-1.0962,0
2.52001,0.74782,0
2.54684,0.00045,0
2.63046,0.11993,0
4.19769,-0.63997,0
2.25319,0.68296,0
1.66489,-1.15256,0
3.20273,0.91522,0
1.32215,-0.25169,0
3.71327,0.71568,0
3.20466,1.20069,0
3.05535,-1.19663,0
2.82446,0.57408,0
0.73462,-0.00909,0
1.79791,0.38825,0
1.79791,-1.1139,0
3.05059,-0.48133,0
0.72207,0.11412,0
3.61322,-0.43467,0
3.38843,-1.02448,0
0.76731,-0.0907,0
2.09857,-0.04906,0
1.30392,-1.20677,0
1.3596,-0.74469,0
3.05155,0.51116,0
4.10338,0.31625,0
0.63332,-0.26059,0
3.29106,-0.29274,0
2.72414,0.22694,0
1.15316,0.14009,0
4.02639,-0.39063,0
1.09043,-0.56452,0
4.19541,0.07911,0
2.45912,0.22246,0
2.26332,-0.24643,0
1.62361,-0.95913,0
3.8865,-0.31483,0
2.99206,0.65573,0
2.51448,0.02759,0
3.54692,1.08928,0
3.17348,-0.16074,0
0.52837,-0.78385,0
2.74574,-1.10285,0
3.12174,-1.06719,0
1.4172,0.92896,0
1.29778,1.15327,0
1.35302,1.17198,0
1.82866,0.06143,0
3.99838,0.21576,0
1.99964,0.49935,0
1.30254,0.33737,0
1.03582,-1.02351,0
4.45542,0.22793,0
3.91507,0.37114,0
2.84754,-0.19657,0
3.94623,0.48758,0
1.05544,0.83681,0
1.65711,0.00754,0
3.87353,-1.17493,0
2.45841,0.18131,0
0.79631,-0.03588,0
2.52971,0.416,0
1.81491,-0.4597,0
0.84978,0.00356,0
0.84659,1.03289,0
2.04821,-0.89346,0
0.96995,0.98209,0
2.33732,0.09114,0
2.40584,0.90389,0
1.37819,0.91215,0
3.81027,0.80533,0
3.71009,-0.03741,0
0.83857,0.46183,0
3.5249,1.22669,0
4.11793,-0.65062,0
0.5148,-0.18874,0
1.99909,-0.7201,0
3.4624,0.50724,0
2.6127,-0.64908,0
2.94415,-1.20771,0
0.53449,-1.14522,0
0.70753,-0.95262,0
4.44739,-0.09262,0
1.44441,0.35963,0
2.73865,-1.10618,0
3.10945,-1.14519,0
2.28434,-0.8815,0
4.17173,0.44184,0
1.42941,-0.05897,0
1.10524,-0.10982,0
2.30391,0.26226,0
4.44688,-0.95202,0
2.74075,0.76265,0
0.7101,-0.24721,0
1.06587,-1.06755,0
0.82978,0.65654,0
3.91439,-0.15127,0
3.60958,-0.15827,0
3.24995,0.34795,0
4.2501,0.61354,0
0.53227,1.1561,0
2.73229,-0.43865,0
3.54969,-1.09343,0
4.31416,-1.04426,0
3.63141,-0.45897,0
4.18591,-0.36041,0
3.93943,0.28745,0
2.82574,-1.22617,0
2.23754,-0.30528,0
3.834,-0.78511,0
3.83714,0.27509,0
1.09854,0.32402,0
1.17738,1.13764,0
1.40622,-1.24257,0
3.04302,0.45053,0
2.55468,0.63728,0
3.57655,0.20384,0
3.40848,-1.14305,0
2.24868,0.80737,0
2.68625,0.70501,0
1.3732,0.8021,0
1.73538,0.36245,0
3.73378,0.28745,0
1.89938,-1.16491,0
1.46862,0.89695,0
2.00786,-0.41858,0
4.46578,0.16807,0
2.41506,-0.59978,0
1.51932,-1.07616,0
3.04745,-0.9305,0
2.31643,-1.11085,0
1.64988,-0.491,0
2.51094,-0.80102,0
3.3394,0.49669,0
2.98413,-0.54018,0
0.85361,0.12079,0
2.65749,0.75275,0
2.26746,0.15268,0
1.75789,0.08694,0
1.664,0.35359,0
0.96284,1.15224,0
1.50583,1.09884,0
3.17922,-0.29272,0
4.07912,-0.59119,0
3.867,0.0336,0
2.25883,-0.62713,0
2.21023,0.39538,0
1.87439,0.3719,0
0.86038,0.62759,0
4.29807,0.86426,0
4.35141,-0.68548,0
1.87005,0.89156,0
1.29401,-0.55679,0
0.57929,0.35338,0
3.22694,0.33222,0
0.94923,0.67004,0
2.00865,1.14721,0
2.76641,1.09841,0
2.76294,-0.66913,0
3.9905,0.83022,0
0.93964,0.65191,0
0.65384,0.82937,0
3.43844,0.74541,0
3.82721,0.54639,0
1.8192,-1.11647,0
1.45217,1.08377,0
1.17525,0.86805,0
3.92308,-0.07896,0
3.91108,-0.95039,0
4.31971,0.60361,0
4.17666,0.12821,0
2.61114,1.11728,0
2.74137,1.2091,0
1.45953,-1.00079,0
0.77797,-1.07866,0
4.15437,-0.07057,0
2.24139,0.01646,0
2.77878,-0.32366,0
3.66617,1.05752,0
3.85071,-0.58197,0
2.16977,0.96349,0
2.74317,-0.89241,0
2.10662,0.62042,0
1.47326,1.22479,0
2.67526,0.86762,0
1.19803,0.29542,0
2.01921,-0.5857,0
1.22739,0.60341,0
2.80615,0.21564,0
3.95385,1.14811,0
0.89929,-1.20497,0
1.30335,0.8263,0
3.82053,-0.45135,0
2.89205,-1.06045,0
2.79696,0.87439,0
0.51303,0.54816,0
3.31542,1.0455,0
3.57549,-0.73232,0
2.92079,-0.72807,0
3.81316,-0.12865,0
2.352,1.07517,0
0.78048,0.34347,0
1.54261,0.98501,0
4.43416,0.48038,0
3.49014,-0.90245,0
2.4699,-0.87071,0
0.96822,-1.14335,0
2.96766,-0.36929,0
1.47106,-0.46919,0
2.58084,-0.36581,0
3.63248,-0.54765,0
3.50852,-0.6531,0
1.33965,0.24843,0
1.11212,-1.16908,0
2.45856,0.47527,0
0.98485,-0.7947,0
3.64501,-1.19696,0
3.14971,1.21555,0
2.19501,1.0353,0
3.79734,0.63013,0
3.63278,-0.78165,0
4.26977,-0.41294,0
1.31409,1.0403,0
3.14746,0.49802,0
1.96654,0.38244,0
1.0904,-0.89668,0
2.50184,-0.84014,0
1.11885,0.50195,0
3.10956,-0.25505,0
3.52692,1.20834,0
3.86231,1.02882,0
3.9821,-0.1961,0
3.00717,1.13688,0
1.976,-0.03889,0
3.19818,1.01021,0
3.01881,-1.23317,0
2.25096,-0.84428,0
4.20861,-0.89756,0
4.41312,-0.11275,0
2.921,-0.86773,0
3.95228,0.19,0
3.4133,0.16058,0
0.62826,-0.84351,0
1.72731,0.36033,0
3.28286,1.1374,0
0.58338,-0.00942,0
4.31834,-0.07191,0
3.00353,-0.88436,0
2.54579,-0.22382,0
2.58143,-0.2971,0
3.54688,0.59588,0
1.31994,-0.40414,0
2.36777,-0.40144,0
3.44934,0.00387,0
2.41306,-0.47453,0
2.46744,0.50309,0
3.88705,1.08363,0
2.03191,0.24623,0
1.89213,-0.32465,0
2.09321,0.86325,0
1.68779,-1.14662,0
2.07152,-0.79452,0
0.73605,-0.75739,0
3.90271,-1.18966,0
2.416,0.11451,0
3.75169,0.63041,0
0.78782,0.61138,0
2.82619,-1.24665,0
3.5032,-0.3589,0
2.94161,-1.22211,0
2.57349,-0.61669,0
1.25585,-0.33764,0
2.3397,-1.01665,0
3.00787,-1.2204,0
3.83744,-0.42523,0
1.5529,1.13079,0
1.85427,0.93794,0
3.74119,-0.42511,0
3.84047,0.05866,0
3.20166,-0.58726,0
1.13231,-0.17808,0
4.3013,0.97958,0
1.69219,0.71892,0
2.18082,-0.57286,0
1.36147,0.36611,0
0.63804,-0.9246,0
1.52739,0.16066,0
0.6113,0.53672,0
3.5045,-0.58028,0
4.23569,1.18859,0
3.36018,0.25854,0
3.14761,0.0816,0
3.93669,-0.51816,0
4.23452,-0.127,0
1.28575,0.29597,0
4.20856,0.80731,0
0.56288,-0.89676,0
0.54318,0.67263,0
2.9592,0.27058,0
2.69319,1.24289,0
3.92382,-0.64876,0
3.47011,-0.99369,0
2.75823,1.03917,0
3.09028,-1.00291,0
0.89475,-1.00802,0
2.25376,-0.75055,0
3.23641,-0.16021,0
4.16219,-0.53303,0
3.81103,1.00293,0
1.71528,0.50887,0
0.79384,-0.54841,0
4.11743,0.76643,0
1.25501,-0.64105,0
2.85117,-0.97188,0
3.95173,0.54273,0
2.75632,1.21577,0
1.6285,1.05542,0
3.14679,1.08018,0
0.76114,-1.24948,0
1.9664,0.82777,0
1.14789,0.98623,0
2.76994,0.06622,0
3.17997,-0.99684,0
2.4351,0.99389,0
1.94121,-0.94855,0
3.25195,0.44142,0
3.97146,0.88021,0
1.15369,-0.59592,0
1.86787,-0.54632,0
1.00001,-0.48991,0
3.4262,-0.09779,0
0.51232,0.45807,0
1.83644,1.14903,0
3.15143,1.12648,0
1.03817,0.49439,0
2.24921,-0.39799,0
2.4868,0.93542,0
0.62648,-0.05108,0
0.50958,0.23237,0
2.79867,0.59132,0
0.63553,-0.27057,0
4.06398,-0.85731,0
2.0017,0.90358,0
3.47269,0.04883,0
1.1799,0.32716,0
2.51033,0.41947,0
0.62716,0.9733,0
0.97689,0.57329,0
4.3702,0.29275,0
3.70054,-0.00885,0
1.84642,0.71889,0
3.27554,-0.73634,0
0.73461,-0.11596,0
3.93946,0.82346,0
2.21906,0.3127,0
4.29483,1.01964,0
4.04705,0.94958,0
1.59296,-0.23293,0
2.61256,-0.11262,0
4.40941,0.14065,0
1.01608,0.81299,0
2.27656,-0.82794,0
2.87391,-0.13515,0
2.73369,-0.37807,0
3.95708,-0.29246,0
4.28481,1.03042,0
3.28248,-1.03041,0
1.63675,0.90574,0
0.73005,0.18401,0
1.34567,-0.61723,0
1.86476,-0.84743,0
2.24957,-1.01492,0
1.46595,0.82658,0
1.95562,-0.94339,0
2.05914,-1.09906,0
1.89371,0.51083,0
1.82312,0.20892,0
0.61666,0.47218,0
3.9276,-0.94296,0
0.93976,-0.68633,0
1.72012,0.85465,0
3.20811,0.97967,0
2.55795,-0.00062,0
2.52341,0.24009,0
1.0694,0.18119,0
4.35314,0.02362,0
4.45861,1.07215,0
2.10752,0.80426,0
1.2821,-1.14732,0
3.26505,0.51805,0
2.04021,0.25552,0
3.88462,1.07072,0
3.45865,-0.95859,0
2.97588,-0.85822,0
4.27413,1.03021,0
3.75322,1.18202,0
3.56981,1.20256,0
0.83423,-0.76186,0
3.99636,0.58025,0
1.75999,0.60904,0
3.32579,-0.53922,0
2.9873,-0.44479,0
3.56011,-0.07958,0
2.41189,-0.22041,0
3.37528,-0.26013,0
0.66509,0.98284,0
3.18102,1.2285,0
1.77439,0.25527,0
4.48431,1.03075,0
3.1308,-0.64729,0
4.48537,-0.94476,0
1.8401,-1.18969,0
4.48021,0.55061,0
3.65255,1.01497,0
2.03642,-0.06323,0
3.19939,0.27024,0
1.74054,0.76248,0
2.22965,-1.11701,0
3.26695,-0.49456,0
1.53252,0.60176,0
2.14533,0.75115,0
0.93355,-0.4846,0
2.80174,-1.22939,0
1.28512,0.06525,0
2.35627,-0.49039,0
4.41741,-0.42676,0
3.90413,0.87502,0
2.65367,1.05928,0
2.11198,0.91913,0
4.30432,-1.05692,0
2.81483,-0.12022,0
3.71332,-0.01146,0
3.9138,0.57572,0
2.85677,0.73594,0
1.09656,-0.11254,0
0.67678,-1.23623,0
3.88611,1.14741,0
2.9088,0.01232,0
1.29133,-0.38981,0
2.76994,0.77292,0
1.06739,0.44964,0
0.87657,0.73839,0
2.21182,-0.36758,0
2.26415,0.34029,0
1.47944,-0.95313,0
1.59201,0.08685,0
3.78181,-0.49287,0
1.32172,0.67028,0
2.54163,0.4262,0
2.10269,-0.51234,0
1.21275,-0.90013,0
2.7875,-0.07267,0
4.15485,-0.39708,0
2.97945,-0.20115,0
1.95388,0.74482,0
0.94463,1.04464,0
3.98485,-0.7676,0
4.27417,-0.84511,0
0.76509,0.39564,0
2.59526,0.42779,0
3.81285,0.91307,0
0.95128,-0.54307,0
4.49178,-1.21652,0
2.90116,0.60555,0
0.58645,0.35098,0
2.99392,-0.69693,0
1.11131,1.01563,0
2.23562,-1.00857,0
4.33331,0.17008,0
4.38597,-0.76937,0
2.58601,0.47096,0
3.44629,0.02155,0
2.44561,-0.56337,0
2.62243,0.36481,0
3.30444,-0.57967,0
0.99819,0.36763,0
3.98935,-0.79849,0
4.23102,-1.19579,0
2.73856,0.87183,0
3.86101,1.1331,0
3.91365,-0.05209,0
2.96579,-1.17793,0
2.10284,-1.0256,0
0.93351,-0.94347,0
3.13585,0.38646,0
1.82201,0.62189,0
1.57752,-1.17277,0
4.03898,0.44671,0
3.20318,-0.46273,0
3.58204,-0.18011,0
2.75887,0.02567,0
1.0895,-0.80758,0
2.23829,0.03079,0
4.48261,0.72806,0
2.96679,0.71941,0
2.91933,0.32654,0
1.08275,1.22943,0
2.10381,-1.05274,0
4.09256,0.46813,0
2.93621,0.68321,0
1.92791,-0.59835,0
4.07554,-1.0086,0
1.49138,0.50709,0
0.66894,-1.03039,0
2.80557,-1.08274,0
2.72755,-0.08153,0
3.82101,-0.71112,0
0.79635,0.05196,0
3.08113,-0.34316,0
1.63427,-0.10982,0
4.42829,-0.90467,0
2.89028,-0.45557,0
1.47426,0.14827,0
2.90503,0.96412,0
1.98017,-0.1092,0
3.91796,0.0381,0
4.48327,-0.61398,0
1.27013,0.23885,0
0.80959,-0.56071,0
3.98761,-0.88117,0
2.41268,1.13752,0
1.07687,-0.59998,0
4.2431,0.41309,0
3.70953,-1.14059,0
0.71734,-0.61757,0
2.23687,-0.48949,0
1.72904,0.98024,0
1.04161,0.88798,0
1.16897,0.2156,0
4.06454,-0.19396,0
3.39432,-0.72294,0
2.98458,0.92816,0
4.25222,-0.64533,0
1.00836,0.54328,0
0.91528,0.08839,0
4.01321,-0.23958,0
2.14328,-0.60272,0
3.73167,0.95388,0
3.69506,-0.55153,0
2.75919,-0.90784,0
4.29077,-0.24149,0
3.26763,-0.20399,0
0.66757,-0.57117,0
3.7122,0.71487,0
3.46114,0.19527,0
3.30956,-0.75281,0
3.00813,-0.80553,0
2.86018,-0.41393,0
3.73506,1.2469,0
1.75903,-1.03942,0
2.8277,0.75536,0
4.18816,0.29176,0
2.202,0.61592,0
1.34636,-0.55607,0
1.1735,0.74844,0
4.2527,0.82845,0
3.6521,-0.45679,0
1.4509,-0.88316,0
3.07477,-0.23679,0
1.96871,0.16848,0
0.54293,0.65349,0
1.78024,-0.41293,0
0.84788,0.65239,0
0.60383,0.91567,0
4.49927,0.1245,0
1.69489,-0.12685,0
4.48769,0.40927,0
4.36333,-0.67827,0
3.10082,0.90137,0
2.85986,0.05009,0
4.43008,0.64607,0
3.99598,0.2824,0
4.03853,-1.05027,0
2.23757,0.17836,0
0.90661,0.33536,0
4.3801,-0.79776,0
4.11091,1.08978,0
4.16886,0.82347,0
1.44809,-0.98793,0
2.84891,1.23616,0
3.4777,1.08856,0
3.88096,-0.74211,0
2.44015,0.56712,0
1.45922,-0.73089,0
1.93483,1.23023,0
0.71256,1.12012,0
2.83678,-0.66639,0
2.79072,1.10119,0
1.60267,0.9883,0
3.26921,0.29505,0
3.78103,0.45024,0
3.34787,-0.97531,0
2.64988,-0.90333,0
1.10132,0.49501,0
1.39294,0.16721,0
1.02716,1.21282,0
3.98756,-0.46006,0
2.7646,-0.83504,0
1.50795,0.9467,0
2.30037,0.19828,0
4.18751,0.00863,0
1.84265,-0.52227,0
0.83287,0.40036,0
4.37488,0.47791,0
2.30462,-0.74853,0
2.5776,0.90684,0
2.53932,-0.76669,0
2.69605,0.43073,0
1.05155,0.84612,0
2.39367,0.18837,0
1.90896,0.5003,0
1.25246,0.29446,0
3.40574,-0.39768,0
4.38428,0.30383,0
1.97756,1.0583,0
1.1826,0.75808,0
3.75757,-0.39564,0
1.3857,0.10748,0
4.37556,0.80889,0
1.64095,0.53598,0
0.88888,0.46512,0
1.41348,-0.28432,0
2.1873,-0.99701,0
2.33939,0.18676,0
1.39693,0.97117,0
0.73952,-0.00491,0
2.90921,-0.73646,0
1.19451,0.69465,0
4.40314,0.47658,0
1.3015,-0.88355,0
3.95278,0.97638,0
2.87766,-0.78664,0
1.00306,0.19055,0
3.54143,-0.6009,0
4.2191,-0.73955,0
2.16526,-0.14519,0
2.41919,-0.5793,0
2.47945,-0.89643,0
3.94764,-0.04586,0
4.25329,1.08807,0
2.62317,0.55514,0
0.62133,1.07361,0
0.60425,-0.31126,0
0.93183,-0.31173,0
3.14425,-1.06939,0
4.46943,0.99628,0
3.36634,0.80108,0
4.33789,0.99587,0
2.2369,-0.38772,0
0.90888,-0.82444,0
4.43203,-0.20051,0
1.35351,0.24835,0
4.46781,0.89462,0
0.71739,0.62459,0
2.47047,0.21044,0
2.43137,-0.07104,0
2.19543,0.54696,0
3.45406,0.72033,0
4.10463,-0.37308,0
3.79498,-0.93121,0
1.89257,-0.45204,0
3.20954,1.00765,0
3.7252,-0.1251,0
4.37296,-0.2497,0
3.39506,-1.12737,0
2.32612,-0.90587,0
0.66815,-0.26851,0
3.63784,0.50355,0
4.39412,-0.96807,0
2.67122,-1.05524,0
1.12943,0.72123,0
1.38449,0.99635,0
2.69646,-0.80917,0
0.99293,0.0846,0
2.6704,0.63115,0
3.84771,-0.06546,0
2.62497,0.82085,0
2.60691,0.71856,0
1.19823,-0.84581,0
3.01458,0.38351,0
1.67729,-0.75632,0
1.92801,1.23883,0
2.37146,0.80595,0
4.28622,0.52138,0
1.32897,-0.70701,0
0.61407,-0.01802,0
4.37176,-0.05141,0
3.21505,-0.91685,0
0.51765,-0.56791,0
2.60774,0.59723,0
1.04482,0.80038,0
3.95506,-0.72703,0
2.93368,-0.9288,0
3.06655,0.25127,0
3.88922,-1.20896,0
1.71701,0.87453,0
1.8986,-1.18361,0
1.04697,-0.91124,0
1.57116,-1.12113,0
2.87902,0.5279,0
2.56808,0.65888,0
1.32389,-0.66278,0
2.24466,-0.05586,0
3.16211,-0.98349,0
1.18315,0.05003,0
0.96592,-0.86755,0
1.0921,-0.50329,0
0.99838,0.99581,0
3.98805,0.97186,0
1.61838,0.52487,0
3.91941,-0.08046,0
3.39937,0.66544,0
1.28497,0.96242,0
1.95509,-0.36543,0
3.09846,-0.06639,0
1.25668,-1.15315,0
2.19498,-1.24115,0
2.75745,-0.17105,0
4.39206,-0.30945,0
4.46202,1.1265,0
2.38512,0.96262,0
3.63646,0.47226,0
0.849,-0.53296,0
2.17625,-0.04247,0
4.07988,0.70114,0
3.56309,-0.93374,0
0.91199,-0.67243,0
3.88608,0.67822,0
4.19748,-0.64071,0
0.5711,0.5744,0
3.64193,-0.84372,0
3.86148,-0.6401,0
4.22314,-0.80839,0
2.0535,-0.72426,0
4.41508,0.16021,0
4.46243,-1.14694,0
2.96069,-0.87043,0
1.62945,-0.47618,0
3.78967,-0.23234,0
3.57185,-0.09385,0
1.05699,0.96058,0
1.03991,0.64861,0
3.4839,1.14495,0
3.05422,-0.71465,0
2.2691,-1.07633,0
2.19434,-0.46424,0
2.69516,1.19472,0
2.27953,-0.27378,0
4.09511,0.13231,0
2.29983,-0.51788,0
1.5205,-0.48848,0
1.17139,-1.23543,0
2.83988,-0.03462,0
0.62419,-0.55944,0
1.33461,-0.70879,0
3.30372,0.1988,0
3.21869,1.11027,0
1.76553,-0.74061,0
2.129,1.12495,0
1.9888,0.62099,0
1.81769,-0.52243,0
0.92661,0.40332,0
2.72729,0.28222,0
4.38855,-0.87821,0
3.91044,-0.88326,0
4.19844,-0.3242,0
1.94686,-0.3451,0
3.71016,-0.69458,0
3.50364,1.20047,0
3.72164,0.48242,0
3.26407,0.21601,0
2.53778,-0.2273,0
3.96083,0.13461,0
3.06544,-1.07677,0
3.05375,0.7326,0
2.15691,-1.01471,0
1.95104,-0.70724,0
2.27109,-0.90861,0
3.15036,0.77849,0
2.43742,-0.90546,0
3.99084,-0.10245,0
0.58824,0.48695,0
3.94421,1.19319,0
1.86361,0.20073,0
2.43455,-0.31974,0
1.33691,1.15534,0
3.95332,-0.13493,0
1.95433,0.27517,0
4.19535,-1.09756,0
4.34565,-0.52823,0
2.94213,0.71206,0
1.14166,1.21097,0
4.05726,-0.48396,0
2.49797,-0.79832,0
2.30162,0.21306,0
0.77439,-0.68198,0
1.22614,-1.11383,0
4.41986,-0.72768,0
1.61869,-0.96709,0
2.82499,0.49159,0
1.90509,-1.01773,0
1.84971,0.00307,0
4.2047,0.63882,0
2.57652,0.8266,0
4.44159,-0.65648,0
3.05354,-1.02997,0
2.7945,-0.15767,0
2.7307,0.71415,0
4.34417,-0.74798,0
0.95465,-0.29653,0
2.57112,0.83464,0
2.99119,0.7636,0
3.69464,1.07495,0
1.3584,-0.83917,0
3.34074,-0.12122,0
4.1116,-0.44107,0
4.01947,0.06363,0
1.31684,-0.38023,0
2.04664,-1.04444,0
3.12203,-0.63945,0
3.70762,0.05145,0
2.74629,-0.07571,0
3.88258,-0.39352,0
3.84981,-0.48021,0
3.63863,0.19181,0
3.45659,0.70054,0
4.17265,-0.00719,0
0.78813,-1.18027,0
1.13647,-1.0123,0
1.5773,-0.51579,0
0.69037,0.94142,0
2.51676,-0.92787,0
3.35342,0.68273,0
2.35141,-0.44741,0
2.80025,-0.8734,0
3.68026,-0.13864,0
4.23918,0.09067,0
4.26201,0.75653,0
3.60468,0.08311,0
1.8602,-1.18022,0
2.29907,-0.1653,0
3.91886,0.52595,0
2.67819,-0.73296,0
1.86378,-0.35976,0
1.81343,0.28105,0
2.3315,0.27438,0
0.89465,-0.08765,0
1.62437,0.99894,0
1.89498,-1.21522,0
1.27805,0.96335,0
2.4177,0.85266,0
4.02627,1.11999,0
3.85044,0.95191,0
4.0734,0.33229,0
3.02556,0.26703,0
2.989,-0.64958,0
3.37571,0.64542,0
1.21658,-0.29483,0
2.33381,0.07808,0
3.56708,0.18834,0
0.96687,0.2254,0
1.13636,0.85623,0
2.37516,-0.36734,0
0.9899,0.98085,0
2.74584,-0.75822,0
3.51729,-0.92978,0
2.12067,0.56455,0
4.07892,-0.97203,0
1.24925,0.61003,0
1.40183,-0.82681,0
1.80262,1.14525,0
3.90479,-0.48143,0
1.50817,0.56221,0
2.2159,-0.16688,0
3.68897,0.578,0
3.18761,-0.22952,0
0.68858,0.27812,0
3.6675,0.7114,0
1.06095,0.24547,0
3.98532,0.78251,0
2.69868,0.50545,0
4.1984,-0.4579,0
3.19192,-0.976,0
2.72895,-1.05784,0
4.35933,0.3592,0
2.53793,-1.20227,0
4.21609,-0.62743,0
3.1048,0.7135,0
3.60029,1.22536,0
4.12057,1.06919,0
3.38072,0.13436,0
2.7508,0.82805,0
1.33829,-0.37167,0
3.35083,-0.98414,0
4.40015,0.2564,0
2.5255,-0.46603,0
1.73777,0.9342,0
2.42046,0.45095,0
1.25511,0.6099,0
3.44577,0.06403,0
1.42643,0.34257,0
3.39676,0.39898,0
3.49713,0.97262,0
1.07082,0.91841,0
2.69862,0.35533,0
2.26072,-0.78414,0
0.93489,0.36264,0
3.346,0.6419,0
2.72936,-0.81797,0
3.90977,0.71417,0
3.5193,0.17313,0
2.54083,-0.01603,0
0.68737,0.67837,0
3.21014,-0.28664,0
3.47635,0.44623,0
1.26786,-0.07756,0
1.93174,-0.78571,0
3.00543,-0.74465,0
3.50783,-0.13825,0
2.37892,0.22798,0
3.00499,-0.01594,0
0.66712,-0.04207,0
2.16826,0.49289,0
2.16482,0.25468,0
3.78151,1.17152,0
2.75504,-0.39294,0
2.07291,0.67726,0
3.00683,-0.28903,0
1.04405,0.01093,0
1.71516,-0.63228,0
3.1766,0.29678,0
1.59914,-0.10926,0
1.92705,-0.12338,0
2.04574,-0.35581,0
1.57786,-1.20574,0
4.09083,0.10649,0
2.24455,-0.37286,0
2.28572,-0.67439,0
0.56784,0.00245,0
1.813,-0.75878,0
0.86345,0.22981,0
2.42214,-0.55498,0
3.28697,0.93482,0
3.80506,-0.24323,0
1.66416,0.01312,0
3.04682,-0.99061,0
3.27677,0.0855,0
2.64215,-0.32692,0
0.86771,0.26438,0
2.80387,-0.42906,0
3.04532,-0.30915,0
3.40718,-1.07378,0
2.32676,-0.01684,0
2.63342,-0.59764,0
3.63766,0.01422,0
3.75971,-1.13062,0
4.02889,-0.69185,0
1.78301,0.4732,0
1.75954,-1.06029,0
1.02355,-1.11032,0
4.11007,0.83334,0
2.23253,-0.49238,0
3.87788,0.29955,0
3.02966,-0.45668,0
0.89082,-0.34986,0
1.67037,0.75622,0
2.7286,0.35705,0
1.62109,-0.67879,0
3.6659,-1.24671,0
0.79212,-0.8721,0
3.25285,0.51447,0
2.33848,-0.74131,0
2.56957,-0.35716,0
2.33579,-0.99266,0
2.03554,-1.21085,0
3.17032,0.40233,0
2.86612,1.09429,0
4.42152,-1.13075,0
4.16454,-0.21026,0
2.51007,-0.53851,0
3.67991,-1.1906,0
2.92873,0.74483,0
3.81103,1.11248,0
2.4988,0.61404,0
3.9004,-1.03526,0
1.51886,-0.81213,0
1.00778,0.78569,0
3.23846,0.195,0
1.58137,0.57063,0
2.18467,-0.86324,0
2.53329,0.08755,0
2.10077,0.79198,0
4.42682,-0.11899,0
0.58678,1.11155,0
1.21928,1.15286,0
3.92041,-0.08696,0
3.60424,-1.19934,0
3.34086,0.60108,0
1.97026,-1.06176,0
1.43367,-0.9396,0
0.82798,-0.02709,0
2.26192,-1.07838,0
4.05878,1.16263,0
4.43726,0.68222,0
2.40863,-1.15191,0
4.23583,1.09244,0
1.2406,0.42844,0
1.32746,1.10023,0
1.15486,-1.04514,0
4.30826,-0.21807,0
1.03389,0.34643,0
2.78351,0.58387,0
1.09524,1.0288,0
2.19707,0.229,0
3.32218,-1.15282,0
3.1861,1.04497,0
2.36789,0.53888,0
2.57637,0.5775,0
4.31514,-0.8694,0
3.90877,-0.89836,0
4.39251,0.0697,0
1.04137,0.52004,0
3.28265,-0.32935,0
3.759,0.862,0
0.60558,0.26329,0
3.02402,-0.01053,0
1.11447,-1.13949,0
2.79135,-0.10262,0
3.75826,1.08899,0
1.16768,0.68685,0
2.95151,-0.61017,0
3.04272,0.84274,0
3.41993,-1.03554,0
2.70312,-0.80152,0
4.1328,-0.61077,0
3.03063,-0.68843,0
1.31967,0.45496,0
4.0393,-0.54152,0
0.94712,-0.25914,0
0.79094,0.71864,0
3.93414,-0.31403,0
2.51479,0.46134,0
3.13148,0.92008,0
2.59698,1.09532,0
1.46246,0.5899,0
1.98283,-0.14047,0
0.75662,0.9329,0
2.73443,0.39473,0
0.67082,-0.8119,0
1.34557,-0.59989,0
2.38455,-0.40338,0
1.97383,-0.97304,0
4.20119,-0.71268,0
2.89878,0.17918,0
2.55325,0.59947,0
4.47031,-0.54871,0
4.01023,-0.60359,0
2.81585,0.41906,0
0.94493,-0.74722,0
0.7223,-1.05833,0
2.54749,-0.64733,0
1.84766,-0.97876,0
1.87652,0.48643,0
0.8157,-0.78224,0
2.99311,-0.20103,0
4.01691,0.01558,0
1.62501,-0.38373,0
0.81947,-0.8595,0
0.74421,-0.27578,0
0.54672,0.38241,0
1.18397,0.02521,0
3.1595,0.62394,0
1.18573,0.79188,0
2.74098,0.30952,0
2.3448,-0.68038,0
2.43527,-0.19249,0
1.51378,0.95259,0
3.70274,-1.1202,0
1.53806,1.15449,0
3.3123,-0.88645,0
2.4473,-0.971,0
2.80034,-1.17185,0
2.26499,-0.16031,0
1.43527,0.64007,0
3.95204,-0.53196,0
0.90734,1.06352,0
2.28279,1.04744,0
1.95799,0.16375,0
3.59281,-0.7757,0
0.50546,-0.45409,0
2.28696,0.49338,0
2.642,-1.17052,0
2.94903,1.15834,0
1.2567,0.61813,0
0.68105,-0.56896,0
3.2815,-1.04341,0
2.48666,-0.55262,0
2.04618,-0.94075,0
3.60399,1.17104,0
0.54145,-1.07107,0
1.26633,-0.39396,0
1.52719,0.59232,0
3.24464,0.53353,0
0.52062,1.18963,0
3.15791,-0.4729,0
3.44973,1.22344,0
2.11466,0.52596,0
4.36309,-1.21615,0
2.19249,-0.33205,0
2.71563,1.12072,0
3.11596,-0.08756,0
3.34881,0.03067,0
2.82797,-0.06154,0
3.16931,1.17157,0
1.19035,0.63579,0
2.97669,-0.59961,0
1.24875,0.11421,0
2.5466,1.10919,0
3.57985,-0.54943,0
1.02346,1.03178,0
4.3374,-0.57414,0
3.50757,1.02375,0
2.09231,0.36858,0
1.76554,1.06703,0
3.52781,-0.63928,0
0.70331,0.6155,0
2.65171,-0.42028,0
2.50279,0.86393,0
3.61111,-0.9012,0
1.72957,-0.87847,0
2.31563,1.10865,0
0.59366,1.04079,0
2.38972,-0.08788,0
2.1452,-0.35512,0
0.63458,-0.58781,0
3.56102,-0.81611,0
1.12907,-0.71322,0
2.79935,0.66805,0
3.89327,-0.7275,0
1.19341,0.98966,0
0.75903,-0.63966,0
2.58351,0.03171,0
3.77788,-0.56388,0
0.52564,0.85589,0
4.02124,0.11025,0
3.3566,0.75025,0
1.51236,0.68401,0
2.7399,-0.40059,0
1.62673,-0.72047,0
4.36489,0.46221,0
2.48482,0.01812,0
2.87605,-0.13142,0
4.20891,0.87933,0
2.84142,0.16419,0
2.51949,1.00311,0
1.98618,0.3953,0
4.03598,0.67938,0
1.98764,0.48042,0
2.82769,-0.94305,0
3.88885,0.75107,0
2.12904,0.0629,0
1.39957,0.379,0
2.20519,0.41965,0
3.78448,0.16771,0
2.70609,-0.05152,0
2.41993,-1.06038,0
1.92188,-1.18364,0
2.06217,-0.58481,0
4.23188,-0.95463,0
3.17053,0.52226,0
0.61004,-0.04453,0
3.42319,-1.02856,0
2.06671,0.90078,0
3.61068,-0.88185,0
1.7353,0.62913,0
1.04785,-0.33663,0
3.86645,-0.32917,0
1.02291,-1.07721,0
2.48647,0.57454,0
1.90332,0.94722,0
0.66759,0.57634,0
2.89279,0.02841,0
2.15036,-0.2549,0
1.77193,-0.03082,0
4.42885,-0.40272,0
1.39585,0.20123,0
1.31525,0.67925,0
3.46879,-1.24024,0
2.15886,0.60435,0
1.17951,-0.4212,0
2.02406,-1.01981,0
1.05989,-0.98808,0
3.5651,1.14349,0
2.61603,-0.18275,0
1.8738,0.01769,0
2.36203,-0.14788,0
1.16413,-0.56943,0
2.86303,-0.45195,0
4.1399,-0.1767,0
1.97022,0.37775,0
3.4792,0.01939,0
2.32432,-1.21765,0
3.99842,0.01517,0
2.75178,-1.1088,0
1.5219,-0.40255,0
3.4387,0.55863,0
4.09709,-0.0474,0
3.50302,-1.06768,0
2.06704,1.12436,0
2.73763,0.8734,0
3.86058,-0.19418,0
3.58279,-0.45549,0
0.95949,-0.05968,0
1.16857,-0.16464,0
2.61907,-0.30066,0
1.25677,-0.78063,0
4.27771,0.15455,0
2.6679,-0.97733,0
3.85116,-0.46832,0
3.60655,0.91706,0
3.92323,-0.10555,0
3.85392,-0.99004,0
0.57194,-1.19024,0
1.84395,-0.70475,0
1.99495,0.52552,0
2.10955,0.64107,0
2.74513,0.8445,0
3.38577,-0.5635,0
1.9864,0.91552,0
1.54535,-0.58101,0
2.91866,-0.47221,0
2.43657,1.18394,0
1.81402,-1.00619,0
3.15168,-0.88006,0
1.47448,0.82713,0
1.7906,1.1593,0
0.52912,-0.53688,0
1.79176,1.18269,0
0.56337,-0.66552,0
3.90979,-0.27619,0
3.88209,0.52775,0
2.40898,0.1361,0
4.32424,0.38885,0
1.67718,-0.20268,0
2.92523,1.02677,0
3.6229,-0.13786,0
0.84868,1.02572,0
4.45853,0.65463,0
1.86708,0.66206,0
1.7296,1.24857,0
0.93967,-0.05232,0
2.1754,0.92676,0
0.51243,-0.15083,0
2.36684,1.15707,0
1.03987,0.72137,0
2.84963,-1.13417,0
1.19335,0.72618,0
2.59453,-1.01912,0
1.00407,-0.39879,0
3.93637,-0.13755,0
1.95126,-0.69513,0
1.70771,0.29002,0
3.24767,0.00116,0
0.98492,0.36133,0
1.63605,-0.65295,0
1.41316,-0.58789,0
0.82051,0.59571,0
4.02773,-0.73339,0
2.92327,0.52719,0
0.90737,0.90607,0
4.44412,-0.56393,0
1.93578,-0.18246,0
2.07899,0.26452,0
2.9606,-1.11768,0
1.3658,-1.12212,0
2.10684,-0.21744,0
2.18412,-0.4846,0
2.20375,-0.24972,0
4.38066,-0.75702,0
1.87316,0.43456,0
3.82174,0.62575,0
3.19216,-0.83057,0
2.83481,-1.10538,0
2.13337,0.32519,0
2.44138,0.00093,0
1.39612,0.69511,0
3.76727,0.26727,0
1.72006,-0.84234,0
3.86387,0.54861,0
2.92952,0.13182,0
3.12336,-0.93959,0
1.70791,-0.74005,0
1.68968,0.76795,0
4.43409,-0.45694,0
3.09512,0.65179,0
1.48127,-1.0105,0
0.51846,0.35599,0
1.43036,-0.88245,0
1.3328,0.76363,0
1.91268,-0.9007,0
2.45082,-0.28387,0
2.23886,-1.11509,0
4.49577,0.37516,0
1.86818,1.23507,0
3.16693,1.19148,0
3.00407,-1.22482,0
3.90194,0.34501,0
0.64945,0.71913,0
1.97498,0.54423,0
4.08004,-0.15635,0
2.96423,-0.81218,0
4.29206,0.46904,0
4.39628,-0.60821,0
2.71873,0.02545,0
1.16276,0.97267,0
2.75045,-0.66302,0
1.82917,-0.39283,0
2.37432,0.97091,0
1.16706,-0.31897,0
4.21272,0.03498,0
2.49844,-0.15503,0
1.98495,-1.01884,0
1.79586,0.8838,0
2.67979,1.05515,0
4.21321,-0.4867,0
2.78629,1.07939,0
0.81629,0.66015,0
3.15446,0.71542,0
3.94175,-0.5784,0
2.64804,0.35249,0
1.1588,-0.79197,0
2.13351,-0.10692,0
1.34531,0.82134,0
3.60343,0.84779,0
0.68437,0.59672,0
3.33113,-0.17974,0
4.34565,0.31852,0
1.86427,-0.99515,0
3.36478,-0.44087,0
2.6134,-0.79312,0
3.63904,0.53705,0
3.51309,0.0088,0
2.75712,-1.10494,0
1.16045,-0.64148,0
1.63095,0.28141,0
3.92931,-0.12858,0
3.71944,0.70312,0
3.01042,-0.93865,0
4.10136,-0.42054,0
4.09567,0.03604,0
1.28158,0.72592,0
4.23336,-0.62371,0
2.70107,0.51944,0
1.54588,0.54655,0
1.98394,-0.60653,0
1.08859,-0.97879,0
1.02,1.09155,0
4.0045,-0.92336,0
2.51397,-1.18627,0
2.28403,-1.23535,0
2.5044,1.16041,0
1.78947,-1.08131,0
4.35887,0.93862,0
3.0729,0.4738,0
3.5994,-0.12179,0
3.11008,0.90009,0
1.66467,-0.39751,0
0.92221,-1.24035,0
3.45595,-0.16475,0
3.49528,0.30315,0
4.36267,-1.14647,0
4.34064,-0.92853,0
4.17837,0.13239,0
0.65081,-0.13585,0
3.52685,0.21573,0
2.64392,0.42535,0
2.31823,-0.73014,0
1.44118,0.83172,0
0.87716,1.07687,0
4.44137,-0.85349,0
1.17583,-0.69127,0
1.20602,-0.04598,0
3.1442,0.6482,0
4.15052,0.21252,0
2.94151,0.26951,0
0.8333,0.0933,0
3.78443,-0.92323,0
3.585,-1.17421,0
1.33135,0.55127,0
3.98089,0.19,0
3.97445,-1.23116,0
4.29052,0.96331,0
3.10662,-0.39594,0
4.27675,-0.6402,0
4.40731,0.59855,0
2.78964,-0.73369,0
3.06558,-0.31645,0
2.63021,0.45301,0
2.07932,0.77483,0
0.94274,-0.82787,0
4.22484,0.45843,0
3.19139,-0.53739,0
1.43832,0.49398,0
1.56811,-0.09584,0
1.30689,0.04727,0
3.0276,0.5938,0
3.53935,-0.91018,0
2.60516,-1.11695,0
2.99454,-0.82058,0
0.88827,-0.4943,0
2.55103,-0.48464,0
3.85218,0.71051,0
0.98634,0.51078,0
2.87586,-0.34315,0
1.35765,0.13361,0
2.37616,1.07185,0
2.8582,0.8546,0
2.87386,-0.33136,0
2.64417,-0.27645,0
2.27864,0.76783,0
0.54916,0.21317,0
3.91016,0.01526,0
4.45294,0.90291,0
2.06991,0.59447,0
3.79403,-0.39235,0
1.82528,-1.07902,0
2.9662,0.67312,0
2.01737,-0.62789,0
2.71667,0.0272,0
2.416,-0.18584,0
3.13621,-1.18685,0
1.93393,-0.30222,0
3.05682,0.62323,0
4.47749,0.02418,0
0.74566,1.13154,0
4.17012,-0.78143,0
1.68493,0.2182,0
2.37525,-0.06455,0
3.00505,-1.09614,0
2.51472,0.26399,0
0.58303,-0.89623,0
1.22694,0.30913,0
3.14034,-0.0453,0
2.13433,-0.17041,0
2.83367,0.95872,0
4.18438,-0.038,0
1.39643,-0.23666,0
1.78604,0.12357,0
4.10141,-0.0704,0
1.21063,-0.43747,0
1.27362,0.4048,0
0.61315,-0.15145,0
1.7057,0.99676,0
3.41293,-0.03227,0
3.99568,-0.78703,0
2.42692,-0.39159,0
1.27906,0.40285,0
4.08243,1.03679,0
3.91359,0.35124,0
1.58885,0.12028,0
1.07083,0.11382,0
1.3331,1.02714,0
4.13217,-1.21612,0
2.06549,0.18481,0
3.57868,-0.82185,0
2.72519,-0.83206,0
3.93098,1.08691,0
2.42656,0.11185,0
2.65434,0.05657,0
2.07728,-0.82772,0
4.27092,-1.15306,0
4.13744,-0.43325,0
4.1323,0.14922,0
3.36033,-1.04086,0
2.55959,-0.06093,0
1.75637,1.13104,0
3.79969,0.48869,0
2.55807,-0.96756,0
1.17803,-1.1843,0
2.26065,0.28115,0
3.27939,-1.23573,0
3.00661,0.5563,0
4.21802,-0.8773,0
3.25809,-0.0085,0
3.42965,-0.13502,0
2.39492,-0.68803,0
4.33636,-0.39033,0
0.85631,-0.1001,0
2.07883,0.69512,0
3.08488,-0.07712,0
4.41651,-0.92408,0
4.22762,-0.73709,0
2.67788,-0.27406,0
3.74312,-0.28398,0
3.32902,-0.27653,0
0.77303,0.8083,0
2.73654,0.67202,0
2.76298,-0.94919,0
1.33527,-0.26157,0
2.27337,1.23189,0
1.57911,-0.22403,0
4.46753,1.04788,0
3.42131,0.11237,0
3.42732,-1.18172,0
1.46985,-1.00693,0
2.67254,0.32186,0
2.56212,-0.65083,0
1.07078,0.18583,0
2.69023,-0.21284,0
2.94502,0.1814,0
4.4106,1.19765,0
1.17429,-0.45278,0
1.2101,0.04615,0
3.93425,-0.86878,0
4.01758,0.63525,0
3.44401,-0.40234,0
3.69559,1.08082,0
3.01878,0.32482,0
3.30594,-0.3843,0
1.86436,-0.29601,0
0.60129,0.56043,0
3.06233,-0.61943,0
2.69423,0.51752,0
1.38963,-0.57661,0
4.42781,0.6848,0
1.40707,0.41688,0
0.5391,0.09867,0
1.95399,-1.23378,0
2.7036,-0.29994,0
2.97547,-0.15267,0
4.33693,-0.16403,0
3.03229,-0.88105,0
1.02326,-1.14817,0
0.95876,-0.63685,0
4.05366,-1.12825,0
3.30799,-0.73881,0
4.07268,-0.17276,0
2.91781,0.46411,0
0.69978,-0.96259,0
1.48954,0.59929,0
2.66969,0.89059,0
1.74986,-0.32376,0
1.70107,-0.21619,0
3.86578,-0.88648,0
1.11806,1.06028,0
3.125,-0.18519,0
4.31716,-0.96178,0
4.12546,-1.08591,0
3.41045,0.98917,0
2.21735,-1.02975,0
1.89144,0.55158,0
3.48984,-0.07709,0
1.92215,0.76932,0
2.01919,0.56123,0
1.86552,1.12381,0
2.00006,0.29249,0
1.2417,-0.2992,0
1.14121,0.93653,0
3.22844,-0.53928,0
2.60943,0.62752,0
0.93959,0.94132,0
3.69201,0.58928,0
2.17377,0.19455,0
1.281,0.23555,0
2.46541,0.5911,0
1.75297,0.39392,0
2.33555,-0.78717,0
2.81911,0.38953,0
3.60257,-0.63038,0
3.09672,1.23214,0
3.03771,0.22813,0
2.53184,-1.04262,0
1.98458,-0.38995,0
3.31192,-0.11775,0
4.3261,0.85986,0
3.48033,-0.00632,0
3.70526,-0.97958,0
2.94209,0.64827,0
2.34633,1.13871,0
4.27239,1.09269,0
1.0956,1.04745,0
4.10514,0.66856,0
4.10546,-0.71027,0
2.63694,-0.23259,0
0.62149,0.70453,0
0.74021,0.41191,0
1.20114,-0.81646,0
4.44098,0.5517,0
2.08486,-0.89285,0
2.0699,-0.53884,0
2.12973,0.79562,0
2.80181,-1.04987,0
2.87978,0.25606,0
2.97285,-0.00993,0
2.7845,0.92488,0
1.37949,-0.79475,0
0.80327,-0.65527,0
4.03812,1.21146,0
1.35243,-0.1489,0
1.05414,1.04604,0
1.95364,-1.19784,0
1.99448,-0.43578,0
1.18479,0.33416,0
0.54894,-0.44604,0
3.4661,0.07154,0
3.58683,-0.86449,0
2.75906,1.24397,0
4.13139,0.49651,0
1.2376,0.18351,0
2.80902,0.56547,0
0.90386,-0.15002,0
0.55114,0.93534,0
2.2322,0.20893,0
0.58134,-0.30564,0
0.73503,-0.29526,0
1.97074,-0.32662,0
0.74541,-0.69252,0
3.97109,-0.69518,0
3.67508,-0.31739,0
3.26836,-1.08201,0
1.31145,0.25381,0
0.88207,-0.57258,0
3.21829,0.32834,0
1.22344,0.25107,0
4.48054,-0.63091,0
0.61423,0.86642,0
4.33844,-0.79169,0
3.54302,0.98895,0
2.89095,-0.6497,0
1.03515,0.61358,0
1.31681,-1.14831,0
0.69896,0.98913,0
1.42642,-0.6491,0
2.707,-0.26501,0
4.01372,1.04124,0
4.23214,1.04283,0
1.63004,-0.91836,0
1.21973,-1.13378,0
3.27895,-0.67682,0
3.09539,-1.1206,0
2.36302,-0.89369,0
2.57221,0.69608,0
3.53633,-1.22957,0
2.0304,0.81793,0
3.77409,-0.99718,0
3.76707,-0.30001,0
1.29988,0.33589,0
1.72396,0.9324,0
3.36921,-0.06724,0
3.51206,-0.98613,0
1.80385,-0.4138,0
3.46898,0.05148,0
3.48972,-1.24239,0
0.91168,-0.63424,0
4.08238,-0.21142,0
4.31087,1.22661,0
3.43575,-0.06365,0
2.27058,-0.92138,0
0.94489,1.19938,0
3.06662,-1.01629,0
2.45327,-0.1098,0
0.63086,-0.15356,0
2.47759,0.98831,0
3.59506,0.73258,0
3.31856,-0.99351,0
3.17411,0.10391,0
1.0231,0.07796,0
2.12876,0.23137,0
1.85706,-0.608,0
0.64961,0.54964,0
2.08012,-0.48968,0
2.30205,-0.39303,0
2.8496,-1.1597,0
3.32101,-0.38929,0
0.79481,-0.89892,0
4.30304,-1.0906,0
1.19187,0.37199,0
2.50444,-0.83112,0
2.65596,0.468,0
1.63883,0.70507,0
4.13538,0.94904,0
3.02561,0.37391,0
2.25074,-1.11148,0
3.11818,-0.53547,0
4.48517,0.46134,0
3.61637,0.76327,0
0.72627,-1.12618,0
2.66233,-0.13927,0
0.74571,0.49453,0
1.66861,0.39973,0
3.47158,0.47366,0
4.25031,-0.23694,0
2.94496,0.87813,0
3.67196,-0.21433,0
1.19575,-1.12271,0
1.86818,-0.20014,0
1.69625,1.04604,0
3.4022,0.98718,0
2.14496,1.03126,0
1.73401,1.0161,0
3.01905,0.60738,0
4.30864,0.52349,0
4.12152,-0.23353,0
2.06279,0.66752,0
1.10129,0.58868,0
1.2331,0.56309,0
1.84651,0.46404,0
2.26794,0.33126,0
4.33473,0.21092,0
2.59707,1.16356,0
2.44301,-1.22559,0
3.82233,0.92649,0
2.64804,-0.15574,0
2.51388,-0.4846,0
1.50846,-1.11908,0
3.91187,0.62284,0
3.33112,-0.38857,0
0.52203,-0.99571,0
1.10471,0.57197,0
2.88917,0.43785,0
2.92441,0.01074,0
1.7543,1.11764,0
0.51146,0.17525,0
1.15137,-0.49587,0
1.98128,-0.43283,0
3.3047,0.02458,0
0.90007,-0.57852,0
1.03423,0.0997,0
2.51361,1.16979,0
3.89893,0.79684,0
2.66265,0.86481,0
3.30177,-0.49926,0
3.90278,0.91797,0
2.65319,0.99542,0
2.42404,0.84683,0
1.54067,-1.07124,0
2.69084,1.08269,0
2.07973,-0.83264,0
1.19699,0.76185,0
4.14374,1.17636,0
0.89407,-0.6355,0
2.54917,1.10649,0
4.21075,-0.65432,0
3.5644,-0.18462,0
1.2721,0.84052,0
2.13555,0.57219,0
1.04524,-0.76118,0
0.88026,0.74715,0
0.98093,0.57105,0
2.53839,-0.62193,0
2.87985,-0.66608,0
2.83532,0.22315,0
0.91232,-1.19281,0
4.12644,0.21695,0
2.17819,1.16102,0
3.84224,-0.31508,0
2.02084,0.7963,0
1.20112,0.39208,0
2.53005,1.0368,0
4.00294,0.24912,0
3.31125,-0.29125,0
3.90928,0.6517,0
0.69785,-0.9751,0
4.47293,1.23168,0
2.16416,1.07859,0
4.00427,0.09108,0
0.59137,0.05594,0
1.76927,0.47016,0
0.91079,-0.31902,0
0.78765,-1.17268,0
2.65827,0.36951,0
1.36134,1.20245,0
1.95595,-0.87755,0
2.17904,0.32946,0
3.14404,1.07355,0
3.84594,0.05272,0
1.91369,0.9065,0
3.8257,0.83504,0
1.91457,-0.72724,0
2.87611,-1.06463,0
0.69886,0.93338,0
3.74894,-0.59717,0
4.16668,-0.40808,0
2.42296,-0.82496,0
1.03152,0.3438,0
0.85151,1.18578,0
2.91662,0.16486,0
0.74035,0.46408,0
1.06264,-0.30543,0
1.90533,0.20868,0
0.85128,-0.76317,0
2.46712,-1.11749,0
0.67059,0.8125,0
1.91658,-0.91468,0
2.13698,-0.9362,0
4.34708,-0.45281,0
3.179,0.82018,0
2.88848,0.06434,0
2.31225,-0.9559,0
0.5485,0.62509,0
3.31658,-0.90023,0
1.67828,1.18849,0
2.36236,0.07009,0
0.7835,-0.66375,0
1.80156,-0.26712,0
1.2072,0.47213,0
3.95506,-0.49731,0
3.86914,0.84166,0
3.09113,-0.91258,0
0.77405,0.13278,0
0.69923,-0.93051,0
2.93897,-1.12703,0
3.6702,-0.16477,0
3.97712,0.94593,0
3.61606,-0.30725,0
1.44283,-0.60536,0
3.93239,-0.47295,0
0.70028,0.13463,0
3.84364,-1.23245,0
2.41234,-0.4621,0
1.4708,0.61155,0
0.59784,-1.05908,0
1.88407,-0.10464,0
3.10958,-0.8473,0
3.73171,-0.94147,0
1.0654,-0.63844,0
2.20243,-0.10947,0
0.83475,0.65173,0
3.14002,-0.58979,0
3.95711,0.8736,0
0.75572,-0.61781,0
0.98141,0.85732,0
1.83987,0.76441,0
4.4907,0.83779,0
3.35025,-0.04348,0
2.74551,0.5496,0
2.98283,1.04016,0
4.03511,0.38301,0
0.58603,-1.01717,0
4.04159,-0.85089,0
3.66151,-0.78499,0
3.32245,-0.14085,0
3.74921,-0.91779,0
2.07834,-0.24988,0
2.37185,0.25442,0
0.68907,-0.569,0
3.21786,-1.13561,0
0.62678,0.828,0
2.34301,-0.30237,0
0.92637,-1.24613,0
2.04824,-0.13866,0
2.71598,-0.96488,0
1.5838,0.38592,0
4.42473,0.89883,0
3.92635,0.82293,0
4.34459,0.36551,0
0.70847,1.14643,0
4.37996,0.31853,0
2.17647,-0.05603,0
3.24091,0.52351,0
2.94004,1.20495,0
2.07091,-0.90387,0
1.29835,0.13141,0
1.96338,0.07573,0
0.74747,-0.69447,0
3.96233,0.69305,0
2.90311,-0.59588,0
0.94101,0.62901,0
1.42441,-1.20655,0
3.50534,0.42488,0
1.49183,-1.01518,0
1.84219,1.17874,0
3.51577,0.25633,0
1.9094,0.05174,0
3.51302,-0.44374,0
0.93111,0.00522,0
2.80378,-0.10486,0
3.18333,1.16825,0
1.81448,-0.06969,0
3.38606,-0.48763,0
1.48353,0.24373,0
2.80698,1.11339,0
0.52729,-1.23356,0
4.39216,-0.05811,0
1.69736,-1.05984,0
3.50076,0.26625,0
3.87286,-0.32383,0
4.13061,0.84525,0
3.35639,1.15932,0
3.05772,1.10493,0
2.55333,0.74181,0
4.17352,0.81063,0
0.55329,-0.27822,0
0.75839,-0.02108,0
4.14955,-0.29791,0
3.62846,0.16086,0
0.65102,0.39567,0
1.99339,1.08512,0
0.95712,-0.75266,0
2.9577,-0.78769,0
3.08351,-0.31272,0
2.35703,0.63461,0
1.07678,-0.91854,0
1.56133,0.31599,0
1.43067,-0.36998,0
0.8542,0.01567,0
3.43797,0.54324,0
2.19457,-0.52632,0
2.26888,0.4785,0
2.33335,1.17307,0
2.1601,-0.3878,0
3.16739,0.24248,0
0.9383,0.47135,0
3.91159,-1.01984,0
2.51171,0.13582,0
3.98404,-0.12392,0
3.66961,0.23278,0
2.13043,-1.18275,0
1.27923,0.61688,0
1.2655,1.00879,0
1.57002,0.2084,0
3.24974,-0.25119,0
2.40955,0.21984,0
4.39979,1.23375,0
2.73614,-0.44477,0
3.66397,-0.00087,0
2.61323,-0.51588,0
4.38247,0.94547,0
2.3347,-0.31449,0
3.30302,-0.24047,0
4.42557,0.96936,0
0.95119,-0.808,0
2.20259,0.47632,0
1.83861,1.08088,0
3.84335,0.40635,0
1.89098,0.60079,0
2.9586,1.20724,0
1.07805,0.30957,0
3.90087,0.44928,0
2.14077,1.12264,0
1.21253,0.45202,0
1.0989,-0.10788,0
1.88579,-0.50813,0
4.39963,-0.97961,0
3.6487,1.2116,0
0.84856,-0.77352,0
3.07085,-0.80279,0
2.17864,-0.73049,0
1.89723,-0.37191,0
0.94707,1.21492,0
3.42674,-0.23083,0
2.42044,-1.12664,0
3.18603,0.03027,0
3.88209,0.62942,0
0.53747,-1.13064,0
3.86586,-1.06791,0
0.86119,-0.43341,0
1.10873,0.98224,0
3.79691,0.31645,0
1.90014,0.89894,0
3.60233,0.43396,0
1.14589,-0.99695,0
2.16373,1.19678,0
1.81887,-0.17734,0
0.98809,-0.33817,0
3.97098,1.00919,0
2.66287,-0.0594,0
0.54276,-0.76698,0
1.03532,0.29192,0
1.12345,-0.01732,0
3.08089,0.59351,0
1.06814,1.078,0
0.818,0.86203,0
1.0652,0.81304,0
2.0154,-0.5461,0
3.27825,1.08316,0
4.46096,0.99743,0
3.7508,-0.36576,0
0.85093,0.13977,0
3.62403,-1.01763,0
3.323,0.57401,0
2.70693,0.14477,0
4.45012,0.86445,0
0.80398,0.68141,0
0.692,0.95229,0
3.36558,0.52316,0
4.01645,0.66901,0
4.40552,-0.36105,0
3.76504,-0.17308,0
0.51998,-1.0119,0
0.88335,0.12942,0
2.33309,-0.8266,0
1.96775,0.37597,0
3.30057,0.16216,0
4.39423,0.85286,0
3.77007,0.88318,0
1.28408,0.94669,0
0.96178,0.97869,0
3.75759,0.6548,0
2.78018,-0.10304,0
3.93668,-0.99654,0
3.84015,0.49122,0
4.41268,-0.85267,0
3.83758,-0.98575,0
3.78316,-0.29832,0
3.6801,-0.319,0
3.57732,1.2162,0
3.02129,-0.01901,0
0.99753,-0.86685,0
3.17567,-0.53974,0
2.6026,0.66962,0
1.84115,0.99234,0
2.98223,0.70217,0
1.83408,0.19292,0
2.65236,0.83422,0
1.05166,-0.85094,0
0.58122,-1.14019,0
3.48939,-0.80585,0
4.20139,-0.64562,0
3.08279,-0.4219,0
4.45073,-1.15699,0
0.76083,-0.55387,0
2.4981,0.17549,0
2.66019,0.42201,0
2.27443,1.01922,0
1.28669,-0.16751,0
3.2838,-0.28424,0
3.28775,0.69949,0
2.15807,-0.47454,0
1.66789,0.88244,0
2.73902,0.62947,0
1.92023,-0.30192,0
1.46888,-0.022,0
1.45478,-0.1062,0
3.58994,-0.5071,0
1.55749,0.95748,0
4.07647,0.28467,0
2.46762,1.01632,0
2.22789,1.00557,0
2.58672,1.10054,0
3.74489,-0.3666,0
1.13816,0.36697,0
2.24603,-0.30856,0
0.72363,-0.49343,0
3.15352,0.93192,0
0.73708,0.76483,0
2.22058,-0.5838,0
3.90125,0.37904,0
1.46979,0.83886,0
0.92688,0.11153,0
1.11068,1.17823,0
2.30879,-0.89793,0
0.87928,-0.05085,0
3.3102,0.89211,0
2.73076,-0.38129,0
3.00718,0.43952,0
0.64693,-1.03296,0
3.4897,1.19432,0
4.40694,-0.10168,0
4.0686,-1.09659,0
2.37676,-0.32377,0
3.63594,-0.88848,0
3.29695,1.00323,0
0.63513,-1.1148,0
2.88491,0.3938,0
4.49264,0.61602,0
4.27472,-1.06879,0
4.4518,-0.07603,0
1.39504,-0.66649,0
4.0039,-0.35745,0
4.34651,-0.9233,0
1.30626,0.22149,0
3.83635,1.03371,0
1.55909,-0.93092,0
3.30744,-0.01293,0
3.16009,-0.17059,0
1.88629,-0.25893,0
1.55307,0.68934,0
0.92996,1.24732,0
2.82664,1.20646,0
2.24895,0.97955,0
2.89755,0.87673,0
1.55581,0.15503,0
0.59857,0.57457,0
3.0976,0.08093,0
2.15958,0.45407,0
2.9619,-1.0345,0
0.63853,-1.23341,0
3.41356,-0.24456,0
2.23068,0.98183,0
1.19123,0.43613,0
2.50821,-0.57895,0
1.81749,0.46284,0
3.48088,-0.41039,0
3.62608,-0.10341,0
3.02878,1.04562,0
0.9725,1.01937,0
1.83483,-0.12751,0
0.64562,0.36749,0
0.91827,-1.06993,0
4.23825,-0.20863,0
2.0527,-0.16226,0
3.70073,-1.1541,0
1.73347,0.05156,0
0.61317,0.40226,0
3.56972,1.20588,0
1.09996,0.48212,0
3.42285,-1.09061,0
1.82292,0.66127,0
3.81534,-1.01786,0
1.57068,-1.07775,0
3.70917,0.72014,0
1.96888,-0.495,0
1.48231,-1.23737,0
1.97228,-0.90953,0
2.69073,0.0133,0
4.144,-0.49161,0
3.14441,-1.09678,0
2.44298,1.06926,0
3.58998,0.79345,0
3.32264,-0.9971,0
2.34639,0.60559,0
3.83634,-0.82854,0
3.68121,-1.09149,0
3.14146,1.11808,0
4.0128,0.09634,0
3.26326,0.34212,0
3.91564,-1.05773,0
0.53325,-0.35136,0
1.18439,0.37361,0
2.3203,-1.12405,0
4.251,-0.13119,0
2.47163,1.22466,0
0.85702,-1.12056,0
2.19241,0.01495,0
1.25137,-0.75273,0
3.04812,-0.8092,0
3.30422,1.00748,0
2.11987,0.42518,0
2.01653,0.1354,0
1.95135,-1.10848,0
0.6845,0.99639,0
2.87553,0.10959,0
3.39026,-0.70283,0
1.93657,-0.00121,0
1.73818,-1.12679,0
2.7277,0.40445,0
2.96511,0.31415,0
2.86667,-1.206,0
0.81398,-0.1787,0
2.03148,0.39476,0
3.80358,-1.05941,0
0.53217,0.04392,0
1.71904,-1.0518,0
4.30083,-1.07637,0
3.82596,-1.14945,0
2.42567,-0.10722,0
3.80922,0.19761,0
1.4092,0.86102,0
3.65661,-0.75705,0
1.77864,0.73144,0
3.64078,-0.06987,0
3.41904,0.35474,0
4.15853,-0.91519,0
4.26664,1.19211,0
2.69196,-0.4538,0
2.31659,0.27249,0
0.81728,0.35847,0
2.4762,-0.44025,0
2.7001,0.89051,0
2.80182,-0.66849,0
1.75073,0.85164,0
3.71077,1.17803,0
3.28604,-0.58403,0
3.40519,-0.44296,0
4.47431,1.19167,0
0.63284,-0.26505,0
0.61981,0.894,0
3.39016,0.12221,0
2.30653,1.23487,0
0.87657,0.31278,0
3.07464,1.0342,0
2.80389,-0.3736,0
3.46802,0.27405,0
1.22697,0.81263,0
4.46436,0.55706,0
3.9515,-0.48891,0
0.95294,0.34727,0
3.51989,0.59315,0
3.44434,-0.09524,0
1.43523,0.05262,0
0.88133,-0.44488,0
3.92394,0.61456,0
1.0878,0.98828,0
1.45195,0.85632,0
2.39209,0.94609,0
2.70139,-0.12279,0
3.28636,-0.59234,0
1.58655,-0.10666,0
3.37686,-0.67833,0
2.24604,-0.64469,0
4.25708,0.06201,0
1.61795,-1.12229,0
4.38396,0.48545,0
1.35676,0.47795,0
2.06035,0.33651,0
1.29962,0.25704,0
2.82526,-0.77558,0
2.39558,-0.86292,0
0.76017,-0.99599,0
2.39807,0.22642,0
2.22532,0.5218,0
4.04614,-0.77385,0
1.65506,-0.24249,0
3.47915,-0.97542,0
1.82021,0.63349,0
2.17845,1.09523,0
2.85957,-1.24375,0
1.27313,0.97991,0
3.02491,-1.12491,0
3.33571,0.89428,0
1.87042,-0.87558,0
0.7336,0.53396,0
2.42206,0.71898,0
1.04936,-0.35019,0
4.11536,-0.83384,0
3.8439,0.18161,0
1.59694,-0.67646,0
0.60023,-0.07462,0
0.74603,1.01523,0
3.46909,0.51908,0
1.8998,-0.29359,0
0.94477,-0.16203,0
2.80011,0.9526,0
3.08202,-0.64804,0
1.33102,-0.44256,0
2.75752,-1.06265,0
4.14042,-1.0206,0
3.00542,0.66256,0
1.08728,-1.1168,0
1.80416,0.80858,0
1.14218,-1.17142,0
1.30994,0.9696,0
0.78277,-0.24822,0
2.73998,-0.55443,0
1.52532,1.02077,0
2.67875,0.59805,0
1.74815,-0.62103,0
2.63301,-1.16636,0
1.08693,-0.78157,0
3.68264,0.67976,0
1.14676,-0.97422,0
1.9299,0.57523,0
3.02193,-0.79647,0
1.84757,-0.30538,0
2.52563,0.55593,0
1.98052,-0.78536,0
0.64069,-0.63759,0
0.74747,-0.83215,0
0.7095,0.36255,0
4.47677,0.67761,0
2.57228,0.43261,0
4.26723,-0.8525,0
4.34651,-0.66374,0
3.28731,1.14614,0
3.14856,0.20905,0
3.16585,-1.05461,0
1.92156,0.03998,0
2.62664,0.66409,0
2.1053,0.66719,0
3.82525,1.02469,0
3.91232,0.68097,0
2.70493,-1.16124,0
4.42724,-0.16101,0
3.83241,0.34117,0
2.66709,0.52146,0
1.35641,0.51859,0
3.4167,0.94151,0
0.96348,0.57169,0
3.65028,0.33756,0
3.33511,0.96242,0
1.8513,-1.23061,0
3.87632,0.68063,0
3.03764,-0.37811,0
0.91129,0.15678,0
3.10679,-0.87336,0
3.22022,-0.10031,0
0.53713,0.36381,0
3.62971,-1.21928,0
0.78749,-0.8805,0
1.8675,-0.34886,0
2.64309,-0.16631,0
3.24706,-0.36279,0
2.15232,-0.20557,0
1.08612,-0.27759,0
0.64032,-0.16925,0
1.39855,0.19677,0
2.73355,0.31567,0
1.30578,-0.02984,0
1.60132,-1.10256,0
3.86883,1.23571,0
3.92585,-0.9826,0
3.1578,-0.52664,0
1.27326,-1.0396,0
0.90715,-0.34093,0
2.97642,-0.97759,0
1.10696,-0.03382,0
0.81642,0.98249,0
1.45767,0.34224,0
0.81192,0.23661,0
2.02733,0.63951,0
2.96078,0.25633,0
0.67824,0.56875,0
3.93833,0.92226,0
3.72546,1.18157,0
2.4245,-0.95524,0
4.49638,1.06762,0
1.4481,-0.32333,0
0.99761,-0.82971,0
4.4634,1.06827,0
1.95234,0.34811,0
3.20253,-0.08424,0
3.60352,-1.12454,0
0.81515,0.67057,0
4.19433,1.09095,0
3.15795,-0.70925,0
1.9073,0.72126,0
2.45811,0.92387,0
3.19818,-0.58716,0
1.99291,-0.0626,0
1.60747,-0.97233,0
4.30766,-0.68276,0
2.92286,-0.31477,0
3.505,-0.76174,0
4.17873,0.49598,0
0.58297,0.07457,0
3.03747,-0.01139,0
4.37241,-0.10378,0
1.7044,1.15815,0
3.14052,-0.44758,0
2.56111,0.37461,0
1.58231,0.8337,0
1.57833,0.92231,0
3.02524,0.09445,0
3.61931,0.04824,0
1.18187,-0.78754,0
3.97033,-0.00264,0
1.04907,-0.24786,0
3.36394,0.30143,0
0.85779,-1.14156,0
2.58514,-0.85111,0
1.54128,-0.89426,0
2.47024,0.9784,0
3.97557,-0.64232,0
3.96131,0.22689,0
1.08461,0.94181,0
3.17146,0.88128,0
1.26677,-0.19557,0
3.31734,1.19429,0
2.38808,1.0279,0
2.91454,0.8238,0
3.30577,0.60178,0
2.8214,-0.31645,0
1.91733,-0.46142,0
1.64255,-1.04739,0
3.2154,-0.6844,0
3.19782,0.11318,0
1.24002,-0.07477,0
2.04505,-0.03472,0
1.38297,1.08526,0
4.32643,-0.47648,0
2.32586,0.24778,0
2.3032,-1.22957,0
4.23081,-0.41833,0
4.21952,-0.20084,0
3.40722,0.82334,0
4.09234,-0.73388,0
2.11453,0.65951,0
0.85456,0.48459,0
3.71462,0.99328,0
3.46619,-1.09209,0
3.36086,-1.11382,0
2.37685,-0.17668,0
4.3692,0.13889,0
2.10162,-0.10741,0
0.55924,0.16768,0
2.04744,-0.30099,0
2.09841,-1.16177,0
4.2577,0.32533,0
1.13247,0.90227,0
2.00315,0.13404,0
3.40372,-0.09569,0
0.55983,0.82576,0
0.90659,-1.0882,0
1.27961,0.01042,0
3.80598,0.98134,0
2.846,-0.57113,0
2.0358,-1.19744,0
1.80623,0.28431,0
0.76125,-0.93118,0
2.40179,0.44423,0
2.53063,0.764,0
3.2243,0.71149,0
0.52487,1.17244,0
0.61543,1.0754,0
3.84631,-0.68961,0
3.04216,1.11509,0
1.02783,-0.03692,0
2.25118,-0.19092,0
0.86084,-0.18209,0
4.33113,-0.6747,0
0.59359,0.85898,0
3.52872,0.07937,0
1.97776,-0.55195,0
4.25397,-0.66866,0
2.03936,-1.115,0
3.80422,-0.85608,0
0.72597,0.71756,0
3.30778,0.57204,0
0.93202,-0.38389,0
2.3556,-0.25602,0
4.41974,-0.55036,0
0.8534,0.13768,0
0.94981,0.27122,0
1.97529,0.747,0
1.56743,0.99682,0
2.91179,-0.78425,0
1.53201,0.21435,0
0.51878,-0.51017,0
2.84865,0.70622,0
3.37329,-0.91897,0
1.1787,-1.23122,0
1.71221,0.7136,0
4.49266,1.05416,0
4.32101,-0.03876,0
4.4816,0.74098,0
4.33306,0.55927,0
3.03988,-0.58898,0
0.70708,0.49481,0
0.55285,0.00333,0
2.31095,0.70428,0
1.51765,-1.08413,0
2.57574,0.82569,0
3.17171,0.78053,0
1.55408,-1.1489,0
1.30289,0.14429,0
2.71915,-0.55313,0
1.689,-0.05551,0
0.83895,-0.67441,0
4.10413,-0.69365,0
1.78506,-1.10287,0
0.68144,0.3518,0
3.25872,-1.00781,0
3.22597,-0.4899,0
2.92729,0.52544,0
0.67763,-0.03932,0
1.73244,0.25552,0
4.03106,-0.45969,0
4.38606,-1.1496,0
0.67216,0.88444,0
0.6766,0.32965,0
3.60255,0.9361,0
3.57916,-0.18122,0
1.97694,-1.17777,0
1.67127,1.18376,0
2.13513,-0.80642,0
1.00152,-0.94209,0
3.4829,-1.19142,0
1.26857,-0.81027,0
3.12566,0.19541,0
2.54589,-0.01642,0
0.73329,0.89279,0
3.9218,1.2464,0
4.31873,-0.75365,0
0.98281,-0.85464,0
2.54123,-0.18039,0
2.65199,-1.06357,0
2.67354,-0.66471,0
1.96571,-0.32981,0
0.52722,0.63257,0
1.97023,-0.44403,0
2.19957,0.75693,0
4.03759,-0.92436,0
2.40412,0.9125,0
3.49169,0.96084,0
4.25474,-0.72695,0
4.35088,-0.58428,0
4.22274,0.16623,0
2.66864,-0.06784,0
0.57123,0.23002,0
3.89622,0.07862,0
1.48143,1.23656,0
2.6166,-0.07403,0
3.54795,-1.22502,0
3.39114,-0.1163,0
2.83904,-0.28937,0
1.40615,-0.695,0
4.28427,0.96065,0
3.92399,0.11168,0
1.67925,-0.64147,0
1.7222,-0.61894,0
0.90105,-0.46955,0
2.24041,-1.04026,0
0.80019,0.71521,0
3.62597,1.03215,0
3.22038,0.43033,0
3.90216,-0.63775,0
1.78311,-1.03363,0
3.51513,-1.0329,0
2.679,1.01095,0
2.98741,0.56516,0
0.86924,1.18983,0
1.13121,0.51329,0
3.87205,0.53696,0
1.54053,-1.22943,0
1.78126,0.4301,0
1.45136,-0.75313,0
1.58157,-1.00885,0
2.74896,-0.20838,0
2.41552,0.60998,0
4.19935,-0.2113,0
3.28595,-1.23483,0
1.93316,-0.75379,0
3.17812,1.14178,0
1.38427,0.69054,0
1.67614,-0.15229,0
1.03185,-1.18425,0
1.58462,0.24377,0
3.45948,-0.07587,0
3.72224,1.0554,0
4.26577,-0.88654,0
0.87671,0.65858,0
1.77127,0.81069,0
4.19128,-1.17935,0
1.6994,1.00177,0
1.82899,-0.10441,0
3.71688,0.74342,0
1.17686,0.28915,0
1.14465,-0.7247,0
1.34582,0.11124,0
0.60956,1.19178,0
0.91894,0.01384,0
1.00716,-0.80039,0
2.31191,-0.95458,0
4.14296,0.34016,0
1.6084,-0.57565,0
3.80448,-1.21163,0
3.67078,-0.09645,0
1.27144,-0.34237,0
3.01563,-0.45047,0
2.2653,1.13715,0
2.47739,-1.11179,0
3.15195,1.02841,0
1.31194,0.10832,0
3.11759,-0.76906,0
1.80262,-0.13024,0
2.47912,-0.77498,0
2.24292,-0.18746,0
3.06164,-0.91305,0
3.47124,1.15429,0
1.73831,-0.57755,0
2.86618,0.10103,0
0.70506,-0.26917,0
1.90584,-0.86085,0
1.0247,-0.93169,0
4.36124,-0.48209,0
1.96948,0.77876,0
3.77863,-0.49032,0
3.54114,-0.18644,0
3.16396,-0.9591,0
2.49888,-0.34806,0
2.55611,0.96236,0
3.32334,-0.72596,0
3.53636,0.70014,0
3.60777,-0.81301,0
2.43,-0.88816,0
1.05307,-0.399,0
2.93418,-0.72062,0
0.7278,0.84216,0
0.55102,-0.89681,0
1.30496,0.48963,0
4.24459,0.48808,0
3.96721,-0.78306,0
3.84342,-0.86983,0
3.84332,0.07458,0
3.60421,0.14067,0
1.5799,-1.07564,0
1.34604,0.3279,0
0.62983,-1.05188,0
3.05599,-0.46925,0
2.78737,-0.28884,0
4.34744,0.52458,0
4.22149,-0.13602,0
3.48275,0.20544,0
3.09467,-0.16694,0
2.60227,0.91542,0
4.24691,0.27949,0
1.40971,-0.4904,0
0.60903,0.19911,0
2.74939,-0.97876,0
4.11583,0.30322,0
1.22972,-0.87977,0
2.7261,-0.31383,0
2.79046,0.36017,0
2.82016,-0.16344,0
3.22975,0.91635,0
3.36205,-0.53982,0
2.73963,0.30976,0
2.17258,-1.24504,0
3.65769,0.44498,0
1.31814,0.68578,0
2.51449,-1.20475,0
1.07065,0.88058,0
1.61805,-0.80407,0
1.76895,1.21992,0
0.51357,-0.2071,0
3.59151,-0.2716,0
2.41427,-0.85746,0
2.93442,-0.07568,0
3.05334,0.0693,0
3.21577,0.86445,0
3.32049,-0.96498,0
1.50489,1.1452,0
3.63111,-1.00284,0
2.35488,-0.267,0
3.37262,-0.99475,0
1.80912,-0.60059,0
0.55694,-0.71442,0
0.65513,0.87092,0
4.30364,0.53171,0
2.45886,1.05416,0
2.73008,0.6705,0
3.67155,-1.11357,0
4.43263,1.0149,0
1.18977,1.10996,0
4.05815,-0.71647,0
1.49895,-0.62348,0
3.54258,-1.16598,0
0.91189,0.81851,0
0.98234,0.09995,0
1.02634,-0.34347,0
2.00574,-0.74314,0
3.97236,0.18195,0
1.04772,-0.04197,0
1.04724,-1.03111,0
1.43374,-0.72567,0
0.85204,0.49928,0
4.45374,-1.18004,0
2.60024,-0.66536,0
3.69703,0.7648,0
3.93691,-0.92646,0
2.37098,0.99998,0
2.48082,-0.03991,0
2.35995,1.07937,0
0.82527,-0.38679,0
2.6268,-0.39464,0
2.0514,0.67927,0
0.63131,-0.76949,0
2.66814,0.16936,0
1.90968,-0.98811,0
4.38154,-0.21902,0
0.52348,-0.29183,0
3.88462,0.24971,0
3.53478,0.28186,0
1.67937,-0.23387,0
2.87935,0.26143,0
2.63668,0.50181,0
0.55777,0.75065,0
3.76528,-0.1084,0
1.53249,-0.80958,0
3.30236,0.19807,0
2.82027,0.17279,0
3.05895,0.69769,0
3.47751,-0.75104,0
3.55561,0.73521,0
1.79668,0.03305,0
2.92493,0.61851,0
4.43416,-0.72326,0
2.30451,0.38509,0
2.3932,-0.49101,0
2.14853,-1.04406,0
2.15989,0.38026,0
3.67412,1.16211,0
2.53288,-1.18393,0
0.61564,-0.61398,0
1.09214,0.15358,0
3.31592,0.11567,0
3.3202,-0.29994,0
1.74847,-0.6118,0
1.80101,0.2279,0
3.81391,0.78653,0
4.471,-0.33336,0
3.82107,-0.34871,0
4.15298,-0.99832,0
3.61122,-1.17034,0
2.24638,-0.61554,0
1.17286,0.17468,0
1.2346,-0.53503,0
1.17837,-1.04403,0
3.84095,0.25573,0
2.43222,-0.15415,0
2.75916,0.35493,0
2.28356,-0.78638,0
3.3012,0.30173,0
0.84077,1.06815,0
4.37935,0.33441,0
3.72996,-0.23274,0
3.79596,0.87568,0
2.94871,-1.21002,0
2.87937,0.86174,0
3.91887,-0.48985,0
0.78575,-0.39666,0
1.72518,0.64365,0
3.77103,1.06506,0
0.54018,0.11112,0
0.76965,-1.15116,0
3.45778,-0.1284,0
1.61343,1.06552,0
3.58983,0.8555,0
1.99167,-0.43021,0
3.63308,-1.03802,0
1.78633,0.68265,0
3.56127,0.65157,0
0.6269,-1.09462,0
2.71902,0.61391,0
1.43845,-0.60465,0
2.56315,0.75431,0
1.00502,1.00284,0
2.01522,0.06867,0
3.47997,-0.35915,0
3.88805,-0.71,0
1.83618,0.35478,0
2.15401,1.10804,0
1.28203,1.12683,0
4.0003,0.13193,0
3.77689,0.14097,0
4.13685,-1.11134,0
3.38719,0.57751,0
3.69052,0.14693,0
1.8903,-0.53142,0
1.65091,0.30632,0
2.12524,-1.06668,0
4.06977,-1.22853,0
3.80263,-0.26529,0
3.07507,1.12842,0
1.82104,0.12618,0
3.63517,1.05236,0
1.87068,-0.5747,0
0.8313,-0.39526,0
1.76157,-0.23013,0
2.87979,-0.92521,0
4.05326,-0.66149,0
0.89462,0.23446,0
3.66519,0.27204,0
3.26128,-0.31906,0
3.80237,0.3317,0
2.01458,0.79052,0
1.20426,0.65721,0
3.8223,0.07935,0
1.43498,1.04557,0
2.548,0.03965,0
2.93502,-0.37162,0
1.89834,-0.40371,0
3.02408,-0.09607,0
1.92332,-0.38704,0
2.01932,-0.84811,0
3.34913,-1.04617,0
2.09998,1.04193,0
2.55754,-0.68324,0
3.34078,0.27031,0
2.36475,0.00535,0
2.31448,-1.20088,0
0.77178,-0.96632,0
1.07273,-0.15065,0
3.8413,1.24585,0
2.58637,-0.69719,0
3.29057,0.29451,0
3.69092,-0.80466,0
1.67017,-0.09644,0
3.71858,-0.38694,0
2.31612,-0.90726,0
2.05979,0.69187,0
2.42831,0.682,0
0.97576,0.00635,0
1.83706,0.02187,0
0.70432,-0.85198,0
2.26296,-1.23902,0
4.10639,0.06643,0
3.39024,-0.92257,0
2.31666,0.01095,0
1.11752,-0.25852,0
4.45217,0.0206,0
3.67744,-0.24966,0
1.86196,-0.07101,0
4.1023,0.90371,0
3.68597,-0.22129,0
3.4957,-1.17287,0
1.46493,0.40838,0
4.2292,1.20983,0
2.26893,-0.47521,0
1.48553,-0.40919,0
4.3219,-0.38044,0
4.06081,0.52554,0
1.33939,-0.56942,0
3.52873,-0.53752,0
2.69576,-0.14703,0
3.69401,-0.89534,0
2.25087,0.01719,0
3.95404,-0.03118,0
2.26784,0.14924,0
2.2579,-0.95905,0
1.62383,-0.90289,0
2.72966,0.34595,0
2.03922,1.00476,0
3.36331,-1.23518,0
4.30682,-0.34469,0
0.62855,0.74377,0
0.93656,-0.57175,0
1.91795,-0.35645,0
1.59114,-0.25798,0
3.58132,0.94697,0
1.81264,0.17288,0
3.27047,-0.50029,0
0.54351,-1.00042,0
0.57674,0.37655,0
0.74666,-0.40194,0
0.80542,0.50897,0
1.50781,0.11529,0
4.12314,-0.6199,0
2.71949,0.43803,0
1.84123,-0.16697,0
4.20577,-0.80972,0
3.25133,-0.27282,0
2.81063,0.81853,0
1.33488,-0.13003,0
4.4692,-0.66456,0
2.15265,0.67916,0
1.17001,-0.04095,0
3.373,0.33893,0
2.72296,-0.49459,0
3.9707,-0.95171,0
0.96767,-1.10466,0
1.07564,1.0577,0
4.14142,0.65595,0
3.31838,-1.19454,0
2.42466,-0.25677,0
1.25256,0.34622,0
1.87861,-0.85511,0
3.62995,0.07351,0
1.19035,-1.10827,0
1.81768,0.86,0
2.05246,-0.60675,0
2.28088,-0.92085,0
3.20578,0.58093,0
1.01699,-1.21051,0
1.69091,-0.58422,0
2.14904,0.09093,0
0.82401,0.91649,0
2.65722,-0.3193,0
3.40832,-0.92977,0
0.59187,1.06116,0
1.07472,-0.64002,0
3.85774,-1.02365,0
1.36107,0.37292,0
3.70122,-1.07915,0
2.11888,-0.77831,0
1.9498,0.65484,0
3.30468,1.1619,0
3.17021,-0.64862,0
1.67904,0.905,0
1.07931,0.67727,0
3.22804,0.89554,0
3.22287,1.0071,0
3.85249,-0.61986,0
0.81606,0.33369,0
3.10374,1.09443,0
1.63617,0.64139,0
3.85388,-0.65933,0
0.56952,0.29743,0
2.90139,-0.28616,0
3.27221,0.98766,0
3.36805,0.00377,0
1.7137,0.11596,0
2.51694,0.02891,0
2.10819,0.43855,0
1.47401,0.25928,0
2.61619,0.90479,0
1.67668,0.32143,0
1.3361,1.16253,0
2.66744,-0.44651,0
1.61895,0.94641,0
3.41116,-1.09963,0
1.11485,0.29831,0
4.3707,0.79161,0
1.82576,0.80488,0
2.49493,-0.60876,0
3.47342,-0.07174,0
2.18561,1.14035,0
1.36395,0.2591,0
3.05567,-1.17537,0
4.12968,0.29677,0
4.11354,-0.90559,0
2.50322,-0.91188,0
3.36141,1.0635,0
2.27717,-0.15088,0
1.65884,-0.25338,0
1.16953,0.38221,0
3.86426,0.56253,0
3.57092,0.80212,0
1.05489,0.02646,0
3.31752,-0.95524,0
3.18002,-0.98135,0
2.14516,-0.63425,0
2.52232,-0.06982,0
1.83477,-1.17939,0
3.66683,0.97558,0
2.70725,-0.97581,0
2.58115,0.40438,0
2.98306,-0.21806,0
1.81306,-0.44338,0
3.24647,-0.51677,0
4.30662,-0.87006,0
3.12976,-0.35887,0
4.10759,-0.81578,0
1.01246,0.42516,0
1.35307,0.1269,0
0.89816,-0.09678,0
4.40486,0.76836,0
1.81057,-0.83059,0
0.95655,0.11073,0
2.64578,1.00554,0
1.76888,-0.99522,0
2.55392,-1.04831,0
1.32921,-0.05371,0
3.58022,-0.6083,0
2.18292,-1.07613,0
0.96766,-1.04271,0
4.28093,-0.38007,0
4.31522,-0.65588,0
4.26352,-1.11975,0
3.09709,0.43639,0
0.68584,-0.54022,0
2.62978,-0.58022,0
2.57581,-0.95967,0
3.40904,0.94001,0
1.44278,0.15754,0
2.98543,0.42171,0
3.50193,0.04012,0
1.3406,-0.90091,0
2.06248,-0.56116,0
2.72113,-0.95532,0
3.53654,0.28987,0
4.06399,0.63932,0
4.36741,-0.75318,0
0.77043,0.74433,0
2.1759,0.54928,0
3.94854,0.07635,0
2.26137,-0.75652,0
2.70866,-0.82899,0
3.60215,-0.95384,0
3.33192,1.07688,0
1.36594,-0.45004,0
4.21553,0.38369,0
1.00823,0.00748,0
3.29332,0.94635,0
2.04339,-0.51834,0
1.86911,-1.22756,0
0.57359,-0.10425,0
3.5206,0.76879,0
3.30885,-1.0271,0
4.23733,0.39138,0
3.16672,-0.13654,0
3.30283,0.384,0
3.03988,-0.78999,0
3.29492,0.66348,0
2.75666,-0.527,0
1.34751,0.73947,0
2.55564,-0.50836,0
3.38412,0.63986,0
2.6043,0.86174,0
2.20263,-1.03461,0
1.48164,-0.6091,0
3.22287,0.55071,0
3.14261,0.58989,0
3.29035,0.96005,0
4.24779,-0.8914,0
2.68624,-1.18559,0
4.14447,-0.09599,0
3.01061,1.24962,0
2.79222,-0.19879,0
4.13954,0.03942,0
3.47683,-0.69755,0
0.71088,-0.72953,0
2.67239,-0.42582,0
2.41748,0.98713,0
2.75497,-0.70922,0
1.93682,-0.04449,0
3.75185,0.22689,0
3.08,-0.12862,0
0.81367,0.15835,0
3.01203,-0.29049,0
2.68197,0.07213,0
2.05049,0.63806,0
3.8743,0.68237,0
2.66452,-0.29934,0
3.71368,-0.0602,0
1.0074,-1.18097,0
3.04762,-0.3569,0
3.59145,0.233,0
3.80429,-1.23547,0
1.08816,-0.77297,0
4.33818,-1.09461,0
4.23499,0.83816,0
0.73635,-1.15292,0
2.62736,-1.09607,0
4.25873,-0.2533,0
3.46772,0.45388,0
2.23184,0.8184,0
1.17649,1.21884,0
2.58614,-1.22637,0
2.49537,-0.28513,0
3.33393,-0.54971,0
2.31406,-0.60264,0
4.34009,-0.71433,0
0.62873,1.059,0
2.35873,-0.7293,0
3.10216,0.7035,0
4.04235,0.7706,0
0.93587,-0.11316,0
2.6755,0.10063,0
3.81371,-1.11056,0
2.9955,0.07396,0
0.56316,-0.32723,0
3.59507,0.50249,0
2.0174,-0.86249,0
1.8986,-0.12022,0
4.45536,-0.00686,0
3.8033,-0.99977,0
2.88396,0.7332,0
1.44541,-1.12625,0
3.79986,0.91239,0
1.72218,0.52351,0
2.80621,0.29144,0
2.83596,0.66131,0
3.45958,0.94399,0
1.36275,-0.86293,0
2.45547,0.58037,0
1.73543,0.83252,0
3.54443,-0.94319,0
2.51843,0.75832,0
4.47171,0.91879,0
1.23475,-0.27225,0
1.42519,0.3455,0
1.19087,-0.88008,0
2.4239,1.02196,0
1.47831,0.14774,0
0.60395,1.13707,0
4.3366,0.09425,0
2.95764,-0.57588,0
3.28709,-1.12758,0
2.56123,-1.0708,0
4.17738,-0.71611,0
3.00856,1.15255,0
3.70643,0.0387,0
0.85156,-0.70133,0
1.66957,0.66098,0
0.82769,-0.19751,0
1.48399,0.41345,0
1.07251,-0.62393,0
1.846,-0.63015,0
2.45216,-1.05997,0
2.47028,0.91126,0
1.58012,0.10964,0
4.38421,0.94779,0
3.39942,1.10796,0
4.30838,0.54209,0
0.6616,1.07774,0
2.48414,1.03657,0
1.3308,-0.81617,0
3.36947,-0.27511,0
4.3231,-0.7603,0
3.39773,0.80431,0
4.34675,0.36295,0
4.4816,-0.93473,0
3.30837,-1.12284,0
2.26876,-0.13709,0
1.93568,0.84431,0
1.09809,-0.22639,0
1.03437,0.91035,0
3.95434,0.64375,0
3.75495,0.91016,0
3.59984,-0.26799,0
1.24232,-0.48786,0
4.04509,0.28317,0
2.36844,-1.10918,0
3.27408,-0.5758,0
1.94685,-0.92045,0
1.76086,-0.4761,0
3.543,-1.12095,0
4.45869,0.95291,0
2.40198,-0.86975,0
2.41003,0.29055,0
0.69941,0.2387,0
3.47352,0.3609,0
2.21309,-0.62584,0
4.45565,0.39274,0
4.08643,0.12489,0
2.58511,-0.36209,0
2.35884,-0.71937,0
4.32327,0.89812,0
1.84216,-0.88765,0
1.83146,0.76242,0
3.38054,0.60401,0
1.68181,-0.01755,0
4.27582,0.4748,0
2.75688,-0.11801,0
1.9398,-0.68824,0
4.2066,-0.03125,0
3.23958,1.07814,0
4.31599,-0.92821,0
4.43484,-0.39041,0
1.60186,-0.9874,0
3.43981,-0.99169,0
2.66895,-0.32293,0
4.27315,0.07783,0
4.49019,0.89248,0
4.15159,0.17093,0
3.3397,-0.47563,0
0.88942,0.39216,0
1.33161,0.86667,0
3.90341,0.95182,0
2.21978,-0.38084,0
2.0037,0.89878,0
2.06977,0.16561,0
1.12775,-0.10092,0
2.3035,0.63887,0
1.36519,-0.26706,0
3.90989,0.93001,0
2.64787,-0.90779,0
4.31338,-0.72926,0
2.38456,-1.01765,0
2.45146,0.70609,0
2.1281,-0.89758,0
1.81216,-1.19037,0
2.66448,0.24373,0
1.80087,-0.82821,0
2.95935,-0.47555,0
1.11617,0.76241,0
2.61343,-0.12657,0
3.30785,-0.8901,0
3.27386,-0.92948,0
3.18676,0.1788,0
0.57436,-0.37685,0
2.57912,-0.37403,0
1.9344,-0.82156,0
2.61055,0.14005,0
3.79462,0.70264,0
2.97152,-0.63881,0
4.27059,-0.56428,0
1.40215,0.995,0
4.19529,0.20593,0
1.52723,1.04476,0
2.26115,-1.2362,0
2.27611,-0.16594,0
2.33259,0.2379,0
1.96954,0.01304,0
1.81856,-0.93347,0
1.43493,0.36499,0
1.55052,-0.88579,0
4.32162,1.13473,0
1.08914,0.76471,0
1.52582,-0.72016,0
4.04019,0.19797,0
2.83411,0.36347,0
3.35897,0.13301,0
1.33831,0.77755,0
3.55466,0.00598,0
1.01273,-0.37162,0
1.03954,-0.35994,0
3.69959,0.67681,0
3.09364,0.04972,0
4.24365,0.98323,0
1.39288,-0.03496,0
1.62801,0.79606,0
2.04326,0.46333,0
4.41879,-1.02696,0
4.44766,0.41337,0
0.80148,-0.80801,0
2.99207,0.66413,0
1.08409,-0.04992,0
1.27508,-0.68672,0
2.06599,1.15644,0
3.97103,1.06631,0
0.75986,1.14682,0
1.90499,0.28561,0
3.83692,-1.18932,0
2.8211,0.78839,0
3.32843,-0.0307,0
3.09685,0.09381,0
1.108,-0.11715,0
2.12904,0.27023,0
1.36054,0.84537,0
2.7153,1.04352,0
2.46401,0.3617,0
2.09218,-0.70298,0
1.22511,1.12053,0
3.74118,0.82303,0
1.31426,0.48461,0
4.30856,0.67013,0
3.08578,0.38294,0
4.20928,-0.38827,0
0.63903,0.19836,0
4.39757,0.78001,0
3.00279,-0.67427,0
3.20273,-0.90365,0
3.8765,0.728,0
2.31342,0.20735,0
3.55326,0.68181,0
3.5637,0.53245,0
1.06643,0.92137,0
2.8931,-0.74239,0
1.6463,0.93772,0
2.9725,0.53379,0
3.48984,0.59034,0
1.01584,0.62315,0
1.55668,0.99116,0
1.91479,0.51658,0
1.11921,0.55972,0
2.2985,-0.91909,0
1.74795,0.69668,0
3.34652,-0.68508,0
1.98413,-1.06725,0
3.23793,0.03704,0
1.76311,-1.07911,0
1.22061,0.24143,0
3.7481,0.24908,0
1.81718,-0.07369,0
1.48889,0.82663,0
4.45558,-0.16655,0
4.06028,-0.72887,0
1.80225,0.89727,0
2.96836,-0.2467,0
0.66274,0.76389,0
3.60708,-0.85942,0
1.18346,-0.53523,0
4.18668,-0.18919,0
2.29151,1.07855,0
4.23702,-1.04679,0
4.21346,-0.9361,0
2.49584,0.55099,0
3.13187,0.77281,0
2.85304,-0.32064,0
2.33834,-0.35887,0
4.34037,-0.49599,0
3.09556,0.38907,0
4.32257,-0.16935,0
4.38833,-0.60218,0
3.28966,0.14756,0
1.55232,0.11197,0
3.2138,-0.60785,0
3.61436,-0.04967,0
2.48168,1.13322,0
2.5931,0.45122,0
2.40082,0.37484,0
3.99866,-0.08629,0
3.87824,1.10757,0
3.36135,1.10494,0
1.19326,-0.9789,0
4.43226,-0.09257,0
0.50033,-0.86221,0
4.33389,-0.07144,0
1.94604,-1.12624,0
3.16003,-0.79731,0
1.2421,0.90805,0
3.37932,-0.84884,0
0.75822,0.75192,0
3.59839,-0.30465,0
2.24861,-0.21065,0
3.10635,-0.94204,0
1.73511,1.11194,0
1.55843,-0.96196,0
1.48509,0.86639,0
1.70451,-0.0898,0
3.65208,-0.91861,0
1.4224,0.25591,0
3.50941,-0.93764,0
1.88457,0.59629,0
3.41509,-1.10848,0
1.33388,1.22247,0
4.28767,-0.21294,0
4.04309,-0.16276,0
3.04298,1.12963,0
0.80008,-0.04649,0
2.50546,0.86052,0
2.85532,-0.43591,0
1.97806,-1.21688,0
2.23661,-0.20998,0
4.19248,0.42359,0
2.29979,-0.2717,0
3.1343,0.96843,0
0.50352,0.12761,0
4.45433,-0.72769,0
3.73323,0.83171,0
0.63284,1.16325,0
3.83612,1.04639,0
2.82496,-0.80302,0
0.74052,-0.60208,0
3.72208,-0.10853,0
3.80687,-0.39461,0
0.93348,-1.22023,0
1.77977,1.01381,0
4.46375,0.45722,0
0.528,0.80357,0
1.50084,-0.18972,0
2.48261,1.05141,0
2.2012,0.36447,0
4.06607,-0.20638,0
0.50374,-0.86579,0
2.48501,0.47483,0
1.04635,1.06991,0
3.68649,-0.38377,0
3.44667,0.48294,0
0.59355,0.72526,0
1.91337,0.56112,0
1.63165,-0.33201,0
4.11129,-0.57196,0
2.65143,-0.91014,0
3.70228,0.58337,0
1.90769,-1.06642,0
2.22742,-0.8459,0
2.27557,0.01881,0
3.8325,0.77062,0
0.8965,-0.55572,0
4.08935,-0.62614,0
0.64107,-0.14757,0
3.97707,0.88635,0
3.23432,0.39891,0
1.72449,-0.89759,0
4.39557,-0.32579,0
4.22455,-0.34342,0
3.89722,-0.6645,0
3.05941,-0.84808,0
1.00171,-0.11783,0
2.06696,0.11913,0
3.02814,0.01798,0
2.67405,-0.54352,0
3.29082,0.1605,0
1.80473,0.12394,0
3.82977,0.04758,0
3.32601,0.28714,0
3.59072,-0.98455,0
2.99119,0.32089,0
3.91595,0.58634,0
0.55679,-0.714,0
4.44392,0.15345,0
3.48104,-0.51464,0
3.12317,0.23113,0
2.9979,-0.5496,0
3.91143,-0.2904,0
4.13375,-0.22211,0
1.16158,-0.82298,0
4.01851,-0.9591,0
0.98227,0.98031,0
2.8283,1.03762,0
3.87955,0.34953,0
1.70543,-0.59677,0
0.5576,-0.78083,0
1.92092,-0.07151,0
4.44587,0.71961,0
1.93893,-0.8255,0
3.83848,-0.99508,0
2.13875,-0.29042,0
0.91086,0.21649,0
3.10346,-1.15086,0
1.57053,-1.00706,0
0.88494,0.01776,0
1.33644,0.40083,0
4.42979,-0.15032,0
2.72857,-0.97163,0
4.29226,-0.8625,0
4.14469,0.08116,0
1.42172,0.28972,0
4.29349,0.30124,0
2.04931,0.88187,0
1.22829,-0.78431,0
4.01117,-0.5515,0
3.37446,-0.27278,0
1.1061,-0.8252,0
1.31649,0.23095,0
1.54935,0.65435,0
1.15317,-1.14054,0
1.40308,-1.01017,0
0.70649,0.93008,0
0.9924,-0.96794,0
3.3267,1.16117,0
3.88853,-0.35143,0
4.19193,0.44711,0
1.93828,-0.31382,0
3.77086,-0.84822,0
3.81007,-0.27721,0
4.20362,-0.54207,0
1.85665,0.81202,0
2.26672,-1.09542,0
1.93335,-1.1889,0
3.99623,-0.87754,0
1.54076,-1.13989,0
0.55435,0.66958,0
1.67551,0.92958,0
1.25989,1.23858,0
0.88767,-0.16004,0
1.63945,-0.94508,0
3.09265,-1.10557,0
3.21654,0.70499,0
3.87869,-0.38772,0
1.07771,0.77991,0
3.5694,0.12265,0
4.10656,0.95549,0
3.6605,-0.80715,0
1.00457,0.114,0
2.64644,-0.53186,0
2.29978,1.22939,0
1.05748,-0.91444,0
2.62389,-0.30426,0
0.59423,1.23313,0
3.29727,-0.09135,0
2.83253,-0.42433,0
2.2953,0.02773,0
1.69218,0.69039,0
3.47934,1.18374,0
2.12237,0.41079,0
3.96052,0.89356,0
3.01465,1.09486,0
2.8348,-0.08523,0
3.42307,0.51445,0
2.26374,-0.54504,0
1.06509,1.15756,0
1.58548,0.27342,0
1.04563,0.86026,0
2.7159,0.26862,0
1.07108,-1.02313,0
4.0613,-0.82006,0
3.68277,-0.33329,0
3.10236,-1.00026,0
3.57203,-0.92025,0
4.05443,-0.70219,0
0.98738,1.04959,0
1.89992,0.55207,0
1.58365,0.95408,0
2.05761,-0.59307,0
2.19507,0.2235,0
4.35283,0.53356,0
0.76928,-0.06139,0
0.88051,-0.08679,0
1.30513,-0.46915,0
3.50568,-1.21614,0
4.10632,-0.13234,0
3.44488,0.80835,0
3.82083,1.06167,0
4.00673,0.22699,0
3.36572,-0.07351,0
1.06036,0.86531,0
3.07101,-0.21818,0
1.8179,0.60714,0
2.38612,-0.09041,0
3.03399,0.99814,0
0.72181,-0.06008,0
2.42561,-0.42585,0
0.84147,0.29089,0
1.60906,-0.3834,0
3.14479,-0.27355,0
2.94086,0.7113,0
3.65455,0.31727,0
0.80836,0.0857,0
2.06419,-0.2025,0
2.02598,0.7793,0
2.05054,-1.19838,0
3.58738,-0.63106,0
2.73882,-0.20997,0
1.96953,1.08209,0
3.63398,0.22366,0
3.60439,0.74682,0
1.95547,-0.237,0
2.05557,0.15808,0
0.54443,0.83548,0
3.81141,-0.29242,0
3.23998,-0.1959,0
3.82991,0.93126,0
0.52916,0.21577,0
0.63581,-0.39507,0
2.41802,0.46188,0
3.97966,0.86324,0
4.14094,-0.15807,0
2.63338,-0.41016,0
1.55315,-0.0295,0
2.99485,0.31478,0
4.33619,0.85077,0
0.87851,0.90746,0
1.16675,-0.70879,0
4.41698,-1.18164,0
1.66875,0.34214,0
1.1355,-0.8713,0
3.01078,1.03391,0
4.30859,-0.7542,0
1.2231,0.55269,0
3.45649,1.15769,0
1.01073,0.5468,0
1.36302,1.08769,0
4.08968,-0.29312,0
2.31112,0.03871,0
4.47748,-0.70167,0
3.79558,-0.90784,0
3.50545,-0.32396,0
0.57908,-1.03497,0
4.47132,-0.84485,0
0.75717,-0.61815,0
1.38878,-1.21428,0
2.21535,1.21701,0
2.42584,1.00216,0
3.6668,-0.36339,0
2.50369,-0.27841,0
2.7051,1.0406,0
3.20379,0.36935,0
0.50219,-0.32786,0
1.50092,-1.03191,0
0.78622,0.2507,0
2.34041,0.96954,0
2.05043,0.91055,0
1.52408,-0.53327,0
1.69766,0.90575,0
3.84043,-0.12307,0
1.27137,0.73642,0
1.1749,-0.40248,0
1.91352,0.39458,0
2.73982,-0.88772,0
1.97474,0.25674,0
0.90635,-0.70345,0
4.27339,0.57253,0
3.06894,0.62126,0
1.33315,-0.29784,0
2.67072,-1.07511,0
3.19212,-0.7175,0
4.23662,-0.31978,0
2.21534,-1.07274,0
2.06898,1.15576,0
3.07619,0.58968,0
3.52938,0.21719,0
2.85455,0.45794,0
2.56796,-0.8487,0
1.3384,-0.99335,0
0.57637,0.16827,0
1.47539,-0.68806,0
4.10235,-0.7312,0
3.85855,-1.03135,0
3.21574,0.61559,0
2.73459,0.74988,0
3.88446,-1.03457,0
3.76339,-0.73056,0
2.76033,0.88684,0
3.19194,-0.65803,0
4.43135,-0.24567,0
1.22423,-0.33229,0
4.02011,-0.62396,0
4.05036,1.10142,0
1.8682,-0.05864,0
3.84089,1.23824,0
2.54912,0.458,0
4.14641,1.05527,0
3.36768,1.15497,0
3.04503,-0.28145,0
3.90266,-0.20324,0
0.93864,1.22302,0
2.46279,-0.50681,0
3.10622,-0.16433,0
2.47694,0.2447,0
1.42186,1.06727,0
2.67879,0.44133,0
3.23354,-1.02228,0
3.74025,0.79886,0
2.12582,0.67944,0
4.39301,-0.70306,0
2.97413,-0.68621,0
3.2808,0.40701,0
3.42412,0.58677,0
4.39993,-0.7261,0
1.35097,-0.38109,0
4.25659,0.44951,0
1.34691,0.5175,0
1.46563,0.59862,0
1.32562,0.35853,0
3.23409,-0.34531,0
1.8656,0.5546,0
0.6197,0.35772,0
2.41565,-0.20759,0
3.14344,1.09458,0
4.20715,0.21719,0
1.03712,-1.22977,0
1.91416,-0.95111,0
2.33696,-0.45872,0
2.16896,-0.94555,0
2.37895,0.19683,0
4.37817,-0.68864,0
3.45071,-0.86396,0
4.32582,-1.02508,0
4.36685,0.75762,0
0.87179,-0.6987,0
1.88338,-0.14576,0
2.65653,-1.066,0
2.1264,-0.76375,0
0.8173,-0.56862,0
2.06877,0.15356,0
2.64926,-0.90757,0
2.84233,-0.02469,0
0.54032,-0.27103,0
2.83895,0.09671,0
3.12461,-0.11259,0
1.7158,0.31366,0
1.42539,-0.84455,0
3.92058,0.64899,0
3.77492,-0.71233,0
1.12082,0.31372,0
4.44698,-0.97304,0
3.33847,-0.86515,0
0.62568,-1.09467,0
1.91396,0.88636,0
1.63085,-0.59846,0
1.01305,-0.54067,0
3.41658,-0.69265,0
1.06219,1.01911,0
3.12407,0.43099,0
1.71208,-0.74837,0
3.25454,0.72651,0
3.95642,-0.90369,0
2.75222,0.77077,0
4.07501,-0.34925,0
3.72263,0.04092,0
4.3842,0.46144,0
3.96225,0.65936,0
3.79564,-0.81889,0
2.8578,-1.08378,0
1.73308,0.18613,0
4.46206,-0.99092,0
2.15234,-0.02232,0
2.56838,-0.25482,0
1.18065,-0.16368,0
3.64479,-0.02048,0
4.12729,-1.21007,0
2.96912,-1.14075,0
2.1305,0.73964,0
1.43565,0.08345,0
3.9725,0.08503,0
0.97831,-0.4351,0
2.82637,-0.54027,0
0.86795,-0.66095,0
4.34095,-0.27751,0
0.69525,-0.14781,0
2.3475,-1.21468,0
3.75868,0.43343,0
0.89338,-0.68947,0
2.93405,0.79961,0
1.23817,-0.43667,0
2.48281,-0.82227,0
2.71571,-1.03248,0
1.51846,-0.96785,0
3.40958,1.05561,0
0.55395,0.79955,0
4.37086,-0.45174,0
4.03774,1.21428,0
0.88203,1.23552,0
0.99662,-1.04681,0
3.8024,1.16953,0
2.95586,0.28437,0
0.88986,-0.00107,0
1.64804,-0.13917,0
3.97075,-0.91773,0
2.33715,-0.10365,0
3.35786,-0.86827,0
2.73197,-1.19214,0
4.33821,-0.23472,0
1.25897,0.97087,0
0.75615,-0.60822,0
2.59947,-1.06252,0
2.13831,-0.23752,0
3.7607,-0.38836,0
3.73246,0.06751,0
3.59916,-1.1729,0
3.05117,-0.67575,0
0.97382,-0.56563,0
1.97603,0.58984,0
3.59126,0.96878,0
2.82739,-0.89003,0
3.2912,1.04609,0
1.44648,1.20992,0
2.01418,-0.11219,0
1.45405,-0.7223,0
3.08131,-0.07349,0
0.94527,0.76886,0
2.0322,0.29292,0
2.89025,-0.88445,0
2.51759,0.33494,0
3.12345,0.30357,0
4.17864,0.84061,0
1.17033,0.9396,0
3.35831,0.06955,0
0.58945,-0.68338,0
1.32033,0.29103,0
4.16905,0.81263,0
3.26967,-0.14589,0
4.02735,0.56578,0
0.98736,-0.46411,0
2.57937,0.6571,0
1.02852,0.44864,0
3.72467,-0.64507,0
3.26427,-0.54375,0
1.95062,0.10607,0
1.19258,1.19829,0
0.95149,0.83719,0
3.18789,-0.97385,0
0.64202,0.59192,0
3.13019,-1.16396,0
1.86089,0.74203,0
2.23136,0.48882,0
2.0159,-0.58524,0
2.63679,-0.51659,0
4.3171,0.65882,0
4.46225,1.21791,0
3.79582,-1.11703,0
1.50543,0.15742,0
2.5381,0.91318,0
4.48347,0.32143,0
2.02511,-1.23581,0
0.58559,-0.94483,0
3.00854,-0.38272,0
4.41478,-0.07403,0
2.9012,0.34085,0
3.10886,0.51632,0
3.9177,-0.10755,0
4.03901,0.97961,0
1.12006,0.4712,0
2.53105,0.42576,0
3.83503,-0.86936,0
1.73903,-0.12049,0
3.36932,-0.72019,0
3.08699,-0.77977,0
3.36758,0.78372,0
2.47619,1.01914,0
3.5289,0.92269,0
1.5494,0.4576,0
2.57971,0.527,0
0.64916,-0.16908,0
2.93523,-0.89687,0
3.22659,1.17943,0
3.95155,0.51117,0
2.21958,-0.80804,0
3.23977,-0.37127,0
1.41614,0.18554,0
1.35418,-1.07002,0
1.10453,-0.23921,0
3.14102,-1.19152,0
0.60651,0.50629,0
3.44201,0.77917,0
1.87847,-0.04558,0
1.87539,0.62877,0
1.70375,-0.6352,0
1.68656,0.5142,0
1.96747,0.69931,0
1.95179,0.80069,0
4.11043,0.63861,0
2.37472,0.98316,0
1.90157,0.03269,0
0.51728,0.18656,0
3.51498,-0.95075,0
3.82569,-0.29524,0
2.61944,0.79088,0
0.61639,-1.02354,0
3.23633,1.20686,0
1.55728,0.89742,0
1.94011,0.26304,0
3.2755,0.76339,0
2.2209,-0.7864,0
2.15451,1.21031,0
1.20587,0.97171,0
1.00286,0.72077,0
1.15879,0.18222,0
2.93219,0.70809,0
1.13159,0.5811,0
3.40183,-0.59559,0
3.75703,0.11623,0
0.81574,0.9291,0
1.06043,-0.36636,0
1.98063,-0.16425,0
3.13152,-0.98545,0
1.6698,1.06156,0
1.45592,-0.61018,0
1.23074,-0.75907,0
3.23207,1.08363,0
2.18319,-1.03437,0
1.83029,0.7393,0
3.56857,0.41943,0
2.65148,-0.96578,0
1.20248,0.0741,0
4.28088,-0.12375,0
1.12805,-0.94145,0
3.22849,0.27475,0
4.472,-0.26333,0
2.0763,0.259,0
2.88324,-1.23003,0
0.72067,0.19159,0
0.58314,-0.63445,0
1.44025,1.23018,0
2.50174,-1.01144,0
0.75272,-0.02384,0
0.98826,-0.69956,0
0.72279,1.09956,0
4.17389,-0.89386,0
3.92885,1.02867,0
0.6621,-0.46144,0
1.3243,-0.76314,0
0.73106,-0.86953,0
4.43667,0.70612,0
0.68695,-0.79508,0
1.49249,-0.07496,0
2.46799,0.85885,0
4.31915,0.12087,0
1.02753,0.14594,0
4.00864,-0.29192,0
0.6563,-0.91119,0
2.14632,-0.35355,0
4.33838,-0.05616,0
1.95236,0.01109,0
1.07269,0.04457,0
4.00688,1.21787,0
4.02131,0.47885,0
2.87019,-0.79705,0
3.74716,0.55684,0
2.14089,-0.20138,0
3.25131,-0.89192,0
0.73548,-0.01379,0
3.78375,-0.12042,0
0.8636,0.05796,0
0.5527,-0.89246,0
3.65978,0.58345,0
3.51694,0.56128,0
3.79058,0.27081,0
3.21415,0.59437,0
4.31742,-0.6955,0
3.39075,0.20621,0
2.67988,0.06184,0
3.78481,1.03405,0
1.51753,0.4495,0
3.55994,-0.43098,0
1.59283,-0.06465,0
2.0733,0.43117,0
0.58378,-0.82673,0
3.89911,-1.19369,0
2.56249,-0.19699,0
4.21803,-0.12894,0
2.75244,1.20519,0
0.64197,-0.67648,0
1.77411,1.04833,0
3.21829,-0.38285,0
3.54748,-1.19725,0
1.39911,0.05151,0
1.63107,0.89953,0
0.76317,0.47945,0
0.75758,-0.38487,0
3.18047,-0.37886,0
1.70389,0.68187,0
0.50693,0.4073,0
3.00386,0.03266,0
1.03828,1.00905,0
2.08799,0.95562,0
0.99672,1.14206,0
2.78575,-0.14917,0
0.5374,0.34614,0
3.04383,0.34091,0
2.70482,0.02515,0
2.73206,-1.15379,0
2.91749,1.09626,0
4.16423,0.09968,0
1.78515,0.48639,0
1.38594,-0.45385,0
1.77756,-1.13272,0
3.96883,0.47241,0
4.22865,-0.32245,0
2.96084,-0.92573,0
1.49042,-0.26682,0
1.19362,1.00831,0
0.52697,0.56868,0
3.96698,0.0489,0
2.63661,0.2674,0
1.87864,-0.60149,0
3.07172,0.90797,0
1.03671,-0.48974,0
3.10762,-0.22255,0
2.67732,0.7995,0
3.06391,-0.63433,0
2.6992,-0.60608,0
3.39353,0.00954,0
2.75185,-0.98284,0
3.20808,1.19555,0
0.92438,0.34246,0
2.60656,1.17959,0
0.60129,0.52029,0
3.54145,-0.25787,0
0.9278,0.71545,0
2.21129,0.90999,0
1.54514,0.27532,0
3.29683,-0.1932,0
3.26345,1.1333,0
2.05452,-0.75356,0
3.79533,-1.03284,0
1.77403,0.60464,0
1.46278,-0.18519,0
1.11008,-1.01179,0
2.79575,0.41304,0
1.89733,0.33438,0
1.46481,0.69519,0
1.09933,-0.84311,0
0.87644,0.55767,0
0.78513,1.13716,0
1.47768,-0.46758,0
3.21055,-0.44676,0
1.2612,-0.35551,0
2.43074,0.52844,0
2.85057,-0.20063,0
2.33441,-0.8572,0
1.49126,0.95053,0
1.9689,-0.96457,0
4.18224,-1.09081,0
3.84914,0.034,0
1.42857,-0.40111,0
0.73561,-1.00744,0
2.03247,-1.18247,0
3.11043,-0.93466,0
1.77842,-0.19405,0
1.66772,0.11088,0
2.40567,-0.35795,0
1.79947,0.18461,0
3.86802,0.96856,0
0.64475,-0.07607,0
3.93286,1.22174,0
1.77738,-0.0455,0
0.64112,-1.18527,0
4.43897,0.16809,0
0.88038,1.16003,0
4.3409,0.28422,0
2.13498,-0.61434,0
3.12668,0.91142,0
2.13253,0.38679,0
1.64618,-0.64544,0
3.98792,0.3244,0
4.284,0.5282,0
1.46222,-1.13211,0
2.18342,0.86831,0
2.39539,0.32436,0
2.34134,-1.08731,0
1.85481,0.45157,0
2.69111,1.08786,0
1.40134,-0.63979,0
2.77012,0.87516,0
1.41875,-0.50049,0
0.93013,-0.03357,0
2.3745,1.11569,0
1.16561,0.78714,0
0.60752,0.29887,0
3.47702,-0.66487,0
0.73147,0.27865,0
3.86633,0.47406,0
2.41265,-1.05496,0
0.79381,1.07523,0
3.83475,-0.18185,0
1.75371,-0.09571,0
4.13214,-1.10116,0
4.43684,0.02306,0
3.8928,0.341,0
3.827,0.16679,0
3.52591,1.22991,0
1.43751,0.32135,0
4.48307,-1.0323,0
0.52236,0.37885,0
1.98262,-0.14002,0
3.91449,-0.66629,0
3.56126,-1.01371,0
2.25177,-0.31107,0
4.43252,0.52867,0
3.56566,-0.43145,0
2.78077,-1.22675,0
1.32224,-0.91559,0
0.51805,-1.06106,0
0.69211,0.21217,0
0.92547,0.63554,0
1.20516,0.08755,0
0.57411,1.15096,0
2.44498,1.07596,0
1.10791,-0.85871,0
0.7537,0.97074,0
2.69132,0.64592,0
2.25776,0.50681,0
1.0711,0.83852,0
0.69334,0.23894,0
2.00875,-0.12442,0
2.47692,-1.10796,0
4.36536,0.98308,0
0.82424,0.55271,0
2.66437,0.80758,0
1.48972,-1.24122,0
0.54992,-1.1691,0
1.94276,-0.16177,0
1.15337,-0.2207,0
1.81991,-0.69638,0
1.79394,0.23663,0
1.68952,0.73483,0
3.71096,1.12095,0
1.62312,-0.06468,0
2.98718,1.19587,0
2.84001,-0.9247,0
3.4202,-0.23008,0
1.70362,-0.0398,0
2.60296,1.17198,0
2.37917,-0.49524,0
3.61282,-1.19014,0
1.23877,0.47832,0
2.31749,-0.60256,0
4.21895,-0.81383,0
4.44443,-0.29553,0
4.31586,-0.70033,0
0.53344,-0.49372,0
2.7895,0.8997,0
1.4812,-0.02981,0
0.91899,-0.20122,0
2.05429,0.238,0
2.23476,0.5477,0
2.78194,-0.21884,0
2.363,-0.21424,0
3.12854,0.33589,0
2.29538,1.20287,0
3.14924,0.18914,0
1.36933,-0.68456,0
4.46091,0.54366,0
3.82369,0.09028,0
2.60866,-0.71558,0
2.55751,-0.23542,0
1.4779,0.97698,0
0.6816,1.0133,0
2.96973,0.74498,0
2.4457,0.58441,0
1.77102,-0.35939,0
1.96048,0.94458,0
2.75926,0.78258,0
0.53994,0.51671,0
2.65147,0.40577,0
1.89345,0.34009,0
0.77017,-1.05602,0
3.86702,-1.04533,0
4.12666,0.17858,0
4.03122,-1.05281,0
4.41154,-1.20208,0
1.97741,-0.48477,0
1.79923,-1.01276,0
4.24002,0.6777,0
1.08313,0.16144,0
2.77247,-0.38921,0
1.34043,0.26808,0
4.44501,-0.90578,0
1.22851,0.28211,0
1.50995,-0.30283,0
1.67573,0.36688,0
1.06176,-0.04526,0
2.11998,-1.05176,0
1.4584,-1.04876,0
4.09219,-0.49744,0
2.6525,0.99745,0
1.85037,-1.03653,0
2.38217,0.24921,0
0.56045,0.0445,0
3.08411,-0.61233,0
1.5057,1.14166,0
1.57769,0.2448,0
1.49947,0.40613,0
2.54346,0.56066,0
3.79769,-0.3772,0
1.79507,-0.45928,0
3.89151,0.32206,0
2.67781,1.21771,0
3.50376,0.09514,0
4.32005,0.41093,0
0.96219,1.0154,0
1.36806,-0.16607,0
4.45095,0.51027,0
1.17278,0.50293,0
3.9808,-0.50817,0
3.62718,-0.40948,0
2.55377,0.77925,0
2.43612,-0.12692,0
1.43066,0.03247,0
3.92695,0.35052,0
3.29414,1.20895,0
2.39958,0.36513,0
1.23923,-0.89818,0
2.21441,-0.36894,0
1.85097,0.32841,0
2.6386,-1.17404,0
3.58454,0.56845,0
1.32817,-1.21117,0
3.68841,-0.09056,0
2.98379,-0.92012,0
1.16378,0.98986,0
4.36275,0.93859,0
2.00914,-0.79389,0
1.24496,-0.94612,0
3.75065,0.13331,0
0.53857,-0.97727,0
1.0642,-0.50338,0
1.36102,0.11294,0
3.49001,-1.00201,0
1.14579,-1.20723,0
3.17396,-0.59505,0
3.99381,-0.24765,0
0.95789,-0.51777,0
0.6736,0.8226,0
3.76,0.30348,0
4.10572,-0.67365,0
0.60861,-1.13782,0
2.58681,1.0286,0
1.67837,-0.41121,0
1.20349,-0.33589,0
1.71412,1.03036,0
2.86424,0.57629,0
3.86553,-0.6378,0
0.60468,0.29853,0
1.71519,-0.13527,0
1.54074,0.58648,0
2.22312,0.82016,0
1.1348,-0.48598,0
2.29647,-0.10338,0
2.01103,-0.21867,0
0.69084,-0.37674,0
0.74287,-1.02255,0
2.9047,0.43054,0
0.51508,-0.16843,0
1.63288,0.78746,0
1.45796,0.541,0
2.48098,-0.98439,0
1.66289,0.48905,0
3.95706,0.31484,0
4.03758,0.32168,0
0.89481,0.68289,0
0.50769,0.78767,0
2.19827,0.88061,0
2.49553,0.02681,0
4.3744,-0.59588,0
3.79958,0.87302,0
1.43377,-0.52188,0
3.17521,0.71245,0
4.28947,-1.08197,0
1.70711,-1.21349,0
4.18242,-0.74656,0
2.65596,0.70661,0
2.69565,0.22041,0
2.11913,1.14251,0
3.2563,1.21968,0
3.56457,-1.18584,0
1.50373,-0.54783,0
4.08298,0.0104,0
1.00703,0.68573,0
0.94562,-0.27199,0
3.93366,0.88424,0
1.43462,-1.17402,0
2.29046,0.77206,0
2.7319,-0.18562,0
1.81569,0.19903,0
3.11181,-0.80525,0
1.23904,0.64399,0
3.67926,0.79264,0
1.1595,-0.41163,0
3.85912,0.3801,0
4.21737,1.10815,0
2.77381,-0.88581,0
2.43211,0.87377,0
0.69024,-0.12107,0
3.73973,-0.57696,0
2.67802,-1.23647,0
1.63161,0.21697,0
2.6726,0.79594,0
3.42438,0.13163,0
1.54685,-0.27735,0
3.94492,-1.01236,0
4.46628,1.0492,0
4.00748,1.24308,0
1.24142,-0.30993,0
3.83173,1.20593,0
1.41614,-0.9321,0
2.34935,0.32717,0
3.64575,-0.23769,0
0.57426,1.0773,0
1.79181,-0.83163,0
4.21647,0.06905,0
2.71044,0.88483,0
0.87219,-0.10585,0
1.04163,-1.17036,0
0.54321,0.37082,0
3.01698,0.58707,0
3.96709,-0.79428,0
1.61282,0.79826,0
0.53509,-0.58545,0
4.01716,0.94027,0
2.51498,0.57566,0
2.92089,0.08493,0
3.66286,0.61729,0
4.4371,-0.08634,0
1.45764,0.52707,0
0.8678,-0.66372,0
3.56654,-0.4494,0
0.55103,1.01117,0
0.58882,0.37381,0
2.29717,-0.92555,0
0.89112,-0.11105,0
1.0971,-0.35494,0
1.75772,-0.00184,0
4.05535,-0.23637,0
4.06707,0.77967,0
4.47356,-0.82265,0
4.14961,-0.39964,0
3.177,-1.21071,0
3.12584,0.55118,0
2.51265,-0.28665,0
3.24904,0.6376,0
1.47209,0.4759,0
2.8149,0.82908,0
3.57271,-1.22005,0
2.13359,1.21008,0
0.88846,0.02059,0
1.40977,-0.37751,0
4.16059,0.28723,0
1.21677,0.23609,0
3.82327,0.29369,0
3.74393,-0.43376,0
0.65129,-0.52576,0
0.77343,-1.03526,0
1.72834,0.27428,0
1.66366,-0.23155,0
3.82192,0.99661,0
3.27934,0.06985,0
1.32016,-0.23022,0
1.56751,-0.17885,0
1.48326,-0.39319,0
1.6702,-0.10379,0
2.59743,-1.13095,0
3.91267,-1.19736,0
1.06972,0.24654,0
1.17145,-1.12193,0
2.61936,1.20399,0
2.73213,-0.28411,0
3.91256,0.32958,0
1.36416,0.70541,0
1.858,-1.24765,0
2.05648,-0.21208,0
1.02117,-0.01674,0
1.84644,0.29091,0
0.52807,-1.14578,0
2.59707,0.54801,0
1.26773,-0.00057,0
0.87569,0.31627,0
3.49181,0.09491,0
1.40631,0.69575,0
3.36841,0.68774,0
4.43033,-1.1512,0
3.75208,1.06398,0
3.92603,0.66818,0
1.99097,-0.8701,0
3.61965,-1.02255,0
3.73132,-0.40242,0
1.98936,-0.17619,0
3.95888,-0.85771,0
2.32638,-0.66964,0
0.79344,0.77305,0
2.16053,0.20527,0
2.80409,-0.18534,0
2.99835,-0.12352,0
1.73141,-0.13751,0
3.57671,-0.15217,0
1.78899,1.15906,0
1.21468,-1.16195,0
1.65708,0.17222,0
2.38132,-1.03954,0
1.15408,-0.60027,0
2.67415,-1.11841,0
4.07844,0.64088,0
2.91018,0.70799,0
3.57165,1.04783,0
1.48226,0.4133,0
4.44105,-0.60131,0
4.36006,-0.26415,0
0.84735,0.51526,0
2.30087,0.88161,0
0.91925,-0.29795,0
1.60899,-1.06149,0
2.38685,-0.52109,0
4.24275,-0.02723,0
3.7319,0.64055,0
4.3991,0.55282,0
0.5555,0.82638,0
2.71838,1.13853,0
3.27823,-0.03431,0
2.98334,0.7162,0
2.68861,-0.94076,0
3.5765,0.63702,0
3.34376,0.69285,0
3.89758,0.04087,0
0.96495,0.48282,0
3.43634,-0.04211,0
4.34473,-1.12541,0
0.50593,0.99027,0
1.95578,-0.27906,0
3.15064,-1.22587,0
0.76151,0.07698,0
2.02898,-1.01409,0
3.47411,-0.42511,0
3.54739,0.93364,0
1.74195,0.15767,0
1.37264,0.72638,0
0.55434,-0.41131,0
1.16992,0.0126,0
2.94137,0.60025,0
2.80509,0.58738,0
2.46828,-0.74094,0
1.49673,0.03083,0
4.27531,-1.20326,0
0.621,0.76574,0
1.16238,-0.5987,0
2.519,-0.45916,0
3.63975,0.10751,0
2.61011,-0.28712,0
0.76347,0.91232,0
3.19727,-0.14165,0
3.78446,-0.01732,0
1.38359,0.18248,0
4.01149,0.82074,0
2.73402,0.75554,0
0.90214,-1.05654,0
2.07396,1.24953,0
1.59113,0.32659,0
0.64567,-0.0209,0
1.48936,0.07642,0
2.08948,-1.09513,0
2.41148,0.47686,0
0.59024,0.18377,0
2.05807,0.1459,0
2.82107,1.15285,0
3.63479,0.77133,0
4.08052,0.08182,0
3.6956,-0.3763,0
1.37058,-0.47941,0
3.2747,-1.08089,0
3.98158,1.1334,0
3.77162,-0.19323,0
4.37937,-0.04416,0
0.75103,-0.97193,0
2.03729,-0.70222,0
1.08565,0.66221,0
2.67892,-0.86777,0
2.17071,0.15302,0
0.88924,-0.68045,0
3.17874,-0.50745,0
3.64845,-0.72933,0
1.95023,-1.2309,0
4.44645,1.07308,0
3.46523,0.8664,0
1.46595,-0.37066,0
4.46113,-0.39276,0
3.22338,-0.61781,0
2.98057,0.01163,0
2.49267,-0.6758,0
2.23013,-0.26804,0
1.38942,0.10681,0
3.58801,-0.20959,0
2.00196,-1.07793,0
0.84332,-0.02315,0
1.25089,0.74239,0
2.50411,0.53518,0
2.79941,-0.45494,0
1.04607,0.6762,0
3.62582,0.6661,0
4.03886,0.68,0
1.35334,-0.46249,0
3.01629,1.14588,0
3.65048,-0.42187,0
4.49785,0.37215,0
4.37449,0.32675,0
1.26099,-0.56805,0
4.24955,-1.20816,0
4.32816,0.41312,0
1.01235,0.70756,0
2.96237,-0.21619,0
1.64285,0.20712,0
2.46422,-0.23083,0
1.54428,-0.64865,0
4.26569,0.75035,0
2.57752,0.25445,0
2.35229,0.05127,0
2.53845,0.72914,0
1.40211,-0.30674,0
1.1239,-1.01431,0
2.51661,0.29578,0
3.28392,-0.58787,0
3.28402,-0.52665,0
2.15723,1.04619,0
4.14102,0.93076,0
2.72179,0.76594,0
2.47486,0.99219,0
2.36078,0.71406,0
2.87032,0.44338,0
4.49563,0.78469,0
2.14093,0.37519,0
3.18381,0.17092,0
1.21742,0.32717,0
0.65384,0.89315,0
2.44861,-0.11562,0
2.34072,-0.27407,0
0.76881,-0.5654,0
4.29396,-0.72565,0
3.31575,-0.77783,0
1.98309,-0.27464,0
3.52017,1.21579,0
1.31374,0.37055,0
1.13878,-0.64283,0
2.39567,-1.03872,0
4.37098,-0.80375,0
4.11774,-0.1056,0
0.98485,-1.22444,0
1.87288,0.16235,0
2.61035,1.16953,0
3.48957,-0.61158,0
2.4986,0.33745,0
0.50196,0.6132,0
2.6054,-0.69441,0
2.28564,1.00609,0
2.14654,-1.22964,0
1.61454,0.57146,0
1.1743,-0.40933,0
1.76155,0.98979,0
1.79184,-0.85432,0
4.06861,-1.21267,0
1.81852,-0.54055,0
1.32695,0.11572,0
0.92647,-1.21882,0
4.12462,-0.38865,0
2.23738,1.19044,0
1.58069,0.51265,0
0.80014,0.4356,0
1.40459,0.18654,0
2.35521,-1.1943,0
4.11911,1.11948,0
1.92272,1.23287,0
1.77239,-0.07749,0
0.50944,-0.02802,0
3.08105,0.06425,0
1.33706,1.21353,0
1.72532,0.24989,0
2.16875,-1.17204,0
1.44897,0.28602,0
4.36522,-0.24497,0
1.14845,0.41036,0
2.9035,-0.51087,0
3.46523,0.64571,0
3.14142,-0.78398,0
1.84131,0.44963,0
4.45725,0.91394,0
1.99374,0.89294,0
1.76257,0.86622,0
4.40289,-0.87797,0
2.06044,-0.52001,0
3.22642,0.61894,0
2.03568,1.17098,0
4.05575,-0.66332,0
4.00317,-1.22533,0
0.64658,0.0719,0
1.99865,0.37222,0
3.30081,0.4393,0
4.21619,-0.92583,0
2.42128,-0.5212,0
1.16745,1.0804,0
1.5031,0.65663,0
2.21068,-1.18937,0
2.59755,1.19844,0
2.3887,-0.12235,0
3.63361,-0.07088,0
1.41929,-0.80101,0
3.00469,0.71003,0
4.0425,0.14735,0
1.67767,0.99936,0
1.02258,-0.21494,0
3.22298,-1.14486,0
1.27072,0.5473,0
3.44226,-1.07598,0
2.56066,-1.20391,0
3.1833,-0.21188,0
4.13478,0.89483,0
2.99334,0.74661,0
3.91382,1.14034,0
4.32349,0.32498,0
3.6055,-1.229,0
1.91215,0.63115,0
1.54273,-1.12075,0
3.40534,-0.2715,0
1.81219,1.09747,0
2.35672,-0.11955,0
1.71458,0.68863,0
1.17298,0.56121,0
2.22667,-0.19357,0
3.18856,0.65739,0
2.44949,-0.65494,0
1.61224,1.16779,0
4.26192,-0.54886,0
3.21847,-0.22477,0
2.54525,0.57456,0
1.63267,-0.03544,0
2.84227,0.61363,0
2.56485,0.42139,0
2.62983,0.9311,0
1.64957,0.48109,0
2.50286,-1.04822,0
3.92247,0.29644,0
2.72707,-1.16643,0
3.00159,-0.94025,0
3.16086,-0.15708,0
4.11856,0.93856,0
2.73601,-0.37488,0
3.68686,0.63193,0
1.82677,0.74229,0
1.52886,-0.64312,0
0.95124,-0.22779,0
3.16499,0.05143,0
0.97155,0.33079,0
0.72111,-0.34999,0
3.54922,0.79022,0
1.20574,0.88226,0
0.7336,0.27419,0
3.13065,-0.40864,0
3.48266,-0.42831,0
1.35109,0.70421,0
2.00359,-0.35433,0
2.18162,0.72136,0
1.54627,-0.78258,0
1.75881,-0.22972,0
2.13322,-0.1237,0
4.4269,0.71839,0
4.08846,0.06197,0
1.61752,0.02212,0
3.84838,0.43325,0
3.55668,-1.10386,0
2.13872,-0.15761,0
3.33029,-0.22075,0
2.87623,0.48609,0
2.34633,-1.16762,0
0.93454,1.04842,0
3.23069,0.67364,0
3.85779,-0.57407,0
2.10561,-0.41928,0
3.84328,1.19359,0
2.57683,0.03366,0
1.38137,-1.15881,0
1.07273,-0.82621,0
0.98874,0.6636,0
0.50239,-0.83915,0
4.02077,-1.029,0
0.7591,-0.47821,0
1.0616,-0.37875,0
4.30042,0.15166,0
2.1467,0.41151,0
0.61871,1.07073,0
4.37175,0.3758,0
2.37614,-0.45939,0
3.62049,-0.16995,0
2.17269,0.80041,0
2.50816,-0.19832,0
2.35111,-1.15826,0
0.5567,1.05613,0
2.75718,0.17125,0
3.86321,-0.9962,0
1.41693,-0.1803,0
4.24892,-0.79442,0
4.13529,-0.03867,0
3.26989,0.70596,0
4.03049,-0.69336,0
3.94763,-0.50656,0
0.64005,0.14607,0
2.0347,-0.05917,0
3.99515,-0.10441,0
3.46071,0.55764,0
3.00589,-0.57398,0
1.01391,-0.60247,0
3.70821,0.18921,0
2.8533,-0.47509,0
1.23241,1.17915,0
0.96149,1.23868,0
1.56814,0.81687,0
0.70309,-0.06311,0
4.29621,0.08425,0
1.24861,0.14888,0
2.86804,-0.86316,0
3.92827,0.43575,0
1.5264,-0.09545,0
1.50858,-0.78372,0
0.79395,1.05428,0
3.99912,0.27223,0
3.95177,-0.83335,0
2.93302,-0.28314,0
1.00565,0.23384,0
2.56038,0.64218,0
3.94109,0.27208,0
3.29543,-0.70302,0
3.00176,-0.19851,0
3.16933,-0.24428,0
3.36667,-0.40989,0
4.11307,-0.81719,0
2.16984,-0.53835,0
3.22714,-1.02196,0
2.93161,0.39556,0
2.6626,0.09209,0
4.28659,0.99075,0
0.65012,-0.40114,0
1.29557,-1.06077,0
1.67639,-0.83799,0
2.8822,0.27574,0
2.44983,1.12169,0
0.84359,0.7015,0
1.18895,0.58468,0
1.45622,0.36631,0
2.92683,-0.82239,0
1.947,-0.81025,0
3.7833,0.8883,0
2.28601,-0.03812,0
3.93298,0.59545,0
4.35582,-0.66189,0
1.92026,0.66635,0
3.02507,0.6797,0
0.8638,1.01234,0
1.67829,0.5734,0
1.75521,-0.61551,0
3.29748,-1.08503,0
3.90664,-0.27325,0
3.518,1.04302,0
0.83918,-1.09227,0
3.35512,-1.0175,0
2.71464,0.38538,0
2.71032,-0.23247,0
0.75466,0.52877,0
1.30864,0.70268,0
2.52532,0.53742,0
1.71951,0.32434,0
4.16492,0.57926,0
0.58406,-1.12139,0
3.83485,0.29317,0
2.22218,0.74613,0
3.67277,0.69168,0
1.20492,-0.67324,0
1.02644,0.14804,0
3.21591,0.94188,0
3.73351,-0.59594,0
4.21221,0.2295,0
3.98587,0.23872,0
1.10107,0.7026,0
2.10312,-0.10608,0
3.44454,-0.08909,0
0.90593,-1.21727,0
3.44607,0.00544,0
2.00222,0.99477,0
0.7468,0.42092,0
4.30021,-0.2529,0
4.39759,-0.78644,0
1.76234,-0.81956,0
3.47591,-0.2951,0
2.64277,1.00277,0
2.6283,0.92514,0
1.65881,0.94387,0
1.89647,0.53147,0
2.26338,0.81159,0
1.45286,0.20683,0
3.92709,0.74536,0
2.1806,-0.6585,0
1.27656,1.12453,0
0.96823,0.28712,0
2.71971,-0.26604,0
1.10169,0.53277,0
2.00969,0.78127,0
3.99782,-0.1373,0
0.50608,1.18381,0
2.78928,0.1774,0
1.70776,1.20802,0
2.90595,-0.80272,0
4.34115,-0.93063,0
2.2247,0.03599,0
0.91487,-0.1429,0
1.29901,-1.17309,0
4.32279,-0.24754,0
1.3167,-0.87658,0
3.07378,-1.06006,0
0.88639,1.08128,0
4.31706,1.05702,0
0.74841,1.03439,0
2.15152,0.21746,0
4.34086,0.53141,0
1.61549,1.03506,0
1.56917,0.7859,0
1.36166,-1.14936,0
0.5055,0.12563,0
2.51264,-0.25336,0
0.78089,0.65997,0
0.90443,-0.8044,0
4.17364,0.88637,0
3.51592,-0.28665,0
2.05584,0.34796,0
3.44093,0.8031,0
2.18139,0.30361,0
3.53248,-0.45605,0
3.40044,0.92647,0
0.58662,0.57161,0
2.75411,0.73441,0
2.70739,0.89554,0
3.40313,0.92984,0
3.64432,1.07813,0
4.449,0.35438,0
4.26134,-0.47592,0
1.99564,-0.23037,0
0.97043,0.68497,0
2.68132,0.82655,0
3.07944,-1.18172,0
2.22794,0.37562,0
2.89771,-0.96237,0
0.65204,1.03779,0
1.60616,0.53645,0
1.26164,-1.0056,0
1.1243,-0.9627,0
2.02588,-0.05898,0
2.56977,0.27541,0
1.86966,-1.24826,0
2.23086,-0.6328,0
2.50322,0.21052,0
0.60783,0.1361,0
0.96681,-0.86093,0
1.88834,-0.93619,0
1.42245,0.49986,0
3.05951,0.70568,0
2.54623,-0.87659,0
1.78372,-1.23101,0
2.7519,0.83078,0
3.304,-0.99419,0
1.80407,0.37525,0
3.77475,-0.10716,0
1.11079,0.28414,0
2.7462,-0.99374,0
1.93193,0.31624,0
3.76107,0.52062,0
3.8574,0.26385,0
4.47869,0.51339,0
2.23375,-0.7238,0
4.4019,-0.40905,0
1.04469,-1.10396,0
4.20742,-0.73787,0
0.60103,0.35108,0
1.16529,0.42385,0
2.27662,-1.20368,0
4.25683,-0.11817,0
1.08651,0.49353,0
2.89167,-0.70463,0
2.77459,-1.10941,0
0.93225,0.66826,0
0.7748,0.69497,0
0.58881,-0.20151,0
3.7251,0.36675,0
4.05395,-1.05333,0
2.80625,-1.20945,0
3.027,-0.95043,0
1.55463,0.44677,0
2.05708,-0.22917,0
3.46875,0.85477,0
4.09225,-1.06248,0
2.73819,-0.19523,0
3.73783,-0.24641,0
4.39154,0.93356,0
2.92419,0.00456,0
4.37887,-0.88725,0
2.1446,0.1023,0
2.0336,-0.05527,0
0.74816,0.32709,0
4.24045,0.62314,0
3.87987,-0.47989,0
2.85113,0.04786,0
4.39063,1.09736,0
3.7685,0.47363,0
3.41883,0.75576,0
3.98378,0.40152,0
3.43561,0.37157,0
3.37307,0.21095,0
1.82329,-0.99807,0
4.04787,-0.36745,0
2.47003,0.11983,0
1.29826,-0.9521,0
1.87052,0.10122,0
2.57814,-1.0071,0
4.19293,-1.15196,0
2.26447,0.41988,0
1.09811,-0.64735,0
2.42911,0.35225,0
3.67149,1.05216,0
3.2572,-0.12586,0
2.06892,1.128,0
4.46087,0.83681,0
3.16418,-0.26725,0
2.31526,-0.51214,0
2.99076,1.00583,0
0.81388,-1.17987,0
4.44124,0.85398,0
0.97104,0.1154,0
3.38696,0.22477,0
3.97514,-0.30244,0
3.43077,-1.15014,0
3.10708,-0.28401,0
0.64586,-0.39445,0
1.42688,-0.86917,0
2.9349,0.11378,0
3.64084,-0.0063,0
1.94651,-1.04519,0
2.50067,-0.54313,0
1.82542,0.13881,0
4.34949,0.49963,0
1.29816,-0.59902,0
1.29829,-0.86237,0
1.49581,-0.43387,0
4.24026,-0.71143,0
2.63177,-0.1504,0
0.98302,0.97113,0
3.26222,0.61914,0
2.79872,-0.89924,0
3.9732,-0.47518,0
3.15256,0.05304,0
3.92811,1.03278,0
2.35415,-0.41722,0
2.81907,0.91626,0
4.4319,0.43265,0
1.40744,-0.43006,0
1.28163,0.32018,0
0.67967,1.02553,0
1.96264,0.03175,0
0.54553,-0.34794,0
2.88063,0.30244,0
4.27824,0.47172,0
3.11118,1.02221,0
3.59204,-0.58915,0
1.81986,0.09352,0
1.75833,0.43999,0
2.50187,0.58415,0
1.2411,-1.19125,0
3.79073,-1.02808,0
0.94487,-1.05409,0
1.69176,-0.48019,0
1.35868,-0.6053,0
1.59388,-0.70024,0
1.94863,0.00501,0
4.0764,-0.70371,0
2.79997,0.27212,0
1.40517,-0.74969,0
1.09468,1.12693,0
2.38325,0.32889,0
3.27915,-0.0599,0
1.34146,-0.83455,0
2.8307,-0.24916,0
3.38848,-0.24614,0
1.03485,-0.44727,0
1.06709,0.53451,0
2.67886,1.06233,0
1.45319,-1.19254,0
2.14138,-0.94823,0
2.84848,-1.01644,0
1.84575,-1.05399,0
0.56346,0.23112,0
1.77245,-1.13129,0
1.55343,-0.99393,0
2.31813,-0.34748,0
1.22678,-1.1656,0
4.26735,1.0372,0
1.68261,-0.5685,0
2.09057,0.35751,0
1.24992,-0.77272,0
1.19544,-0.62271,0
2.0509,1.15813,0
2.41615,0.24049,0
1.98763,0.80516,0
0.64655,-0.46982,0
0.7672,-0.32441,0
1.29553,-0.18137,0
2.72596,-1.10321,0
0.56236,-0.22905,0
2.27008,-0.88938,0
1.21338,1.11552,0
2.76703,0.71476,0
0.91545,0.84565,0
3.14487,-0.54375,0
3.29239,0.96003,0
3.93208,-0.83842,0
1.96129,0.311,0
0.82338,-1.08949,0
4.27363,0.18053,0
2.3317,0.79109,0
0.88067,0.07434,0
1.22929,0.17813,0
4.24262,1.09935,0
3.07187,-1.19709,0
3.17004,1.20876,0
0.59952,-1.08154,0
3.40586,0.32072,0
2.66487,-0.46206,0
0.70249,-0.75396,0
2.56311,0.16523,0
2.83195,-0.72307,0
2.37117,1.19003,0
1.9497,0.51706,0
3.57966,0.75349,0
1.66178,0.14597,0
3.82147,-0.58766,0
1.99445,0.45355,0
4.36243,-0.61615,0
1.58709,-1.11662,0
3.10699,1.24131,0
1.68363,-0.34676,0
3.98657,0.02755,0
2.3893,-1.18464,0
4.34188,-0.0899,0
3.76478,-0.46429,0
3.48584,0.5549,0
3.93436,-0.88226,0
2.16004,0.31198,0
4.17036,1.1966,0
3.95499,0.61623,0
4.00322,-0.60295,0
3.98393,-0.36947,0
3.60276,0.5201,0
0.7809,-1.02493,0
4.02092,1.10769,0
2.96932,0.35095,0
2.25344,0.74725,0
4.03949,-0.48484,0
3.46177,0.28437,0
1.352,0.34342,0
4.02708,-0.18553,0
1.14232,0.12013,0
3.06615,0.76611,0
2.25497,0.48389,0
3.47889,-0.5064,0
3.1766,0.23755,0
2.75581,-0.96479,0
1.99745,1.06024,0
4.0866,0.40309,0
2.81936,-0.16785,0
2.94327,0.01229,0
2.40374,0.93873,0
2.96466,-1.02275,0
3.41618,-0.23739,0
3.38706,-0.75963,0
3.63699,0.0163,0
3.16117,0.79533,0
4.27977,0.40377,0
1.41876,-0.15294,0
0.99399,-0.50394,0
3.6073,0.99537,0
2.66824,-1.06129,0
2.81805,0.04801,0
0.56268,-0.07126,0
1.11982,0.39575,0
2.47283,0.77262,0
1.27217,-0.51024,0
1.44928,0.67953,0
1.53254,0.99867,0
2.79282,0.68481,0
1.00364,-0.66788,0
4.34528,-0.45269,0
1.92326,-0.30526,0
3.87424,0.58237,0
2.67111,-0.76222,0
1.34711,1.08391,0
1.6759,-0.62439,0
0.72101,-1.13387,0
1.59498,0.74486,0
1.56187,-1.18439,0
1.44595,1.09507,0
1.44701,-0.61119,0
1.27346,0.68717,0
1.35378,-0.0715,0
3.12101,-1.11169,0
3.98877,0.68462,0
1.14777,0.3866,0
1.11264,-0.38935,0
2.15621,0.06617,0
1.93352,-0.30469,0
2.8052,0.85409,0
1.92212,-0.45088,0
1.01425,-0.24704,0
4.16819,-1.18331,0
3.1304,-0.95821,0
2.81508,0.82826,0
2.17721,0.07841,0
2.02146,-1.22542,0
3.83002,0.14032,0
1.45601,1.03406,0
4.33378,0.69949,0
1.94248,0.69642,0
1.37897,0.76342,0
4.09115,-1.16184,0
4.24477,1.24248,0
4.36096,0.85703,0
1.68351,0.04233,0
1.64663,-1.03229,0
3.1713,0.79201,0
2.98522,0.53837,0
4.29744,1.17066,0
2.75626,-0.71711,0
1.58523,-0.70517,0
1.60556,-1.18033,0
2.2842,1.17648,0
1.82291,1.1165,0
3.55147,0.84103,0
4.10784,0.1665,0
1.83494,0.70276,0
3.06728,1.20669,0
0.98572,-0.2993,0
2.89937,-1.16881,0
0.79456,0.39338,0
0.89976,0.17633,0
1.06617,0.39666,0
4.43711,-0.24192,0
3.69627,-0.7631,0
3.88576,0.55014,0
3.39435,-0.2954,0
3.64939,-0.06064,0
1.24628,0.82985,0
4.4358,-1.16176,0
1.08845,0.48867,0
1.81458,1.14675,0
0.92235,0.44071,0
2.57601,0.63304,0
1.1144,-0.29986,0
2.00785,0.66464,0
3.70898,-0.42091,0
3.32811,-0.59363,0
1.54813,0.77863,0
2.53074,0.26909,0
1.16982,-1.03899,0
1.63162,0.3987,0
1.40093,1.24058,0
2.49907,-0.81006,0
1.17716,-0.31119,0
3.97858,-0.86005,0
2.6876,-1.15577,0
1.06059,1.00332,0
3.81277,-1.17674,0
3.87898,0.73739,0
0.99079,-0.78885,0
0.96021,0.14601,0
4.21385,1.09419,0
2.06534,-0.89343,0
3.86024,0.14512,0
2.70797,-0.13004,0
1.51388,0.49298,0
1.20047,1.18482,0
1.71554,-0.66744,0
3.48948,-0.09715,0
1.06839,-0.3947,0
0.58599,0.35413,0
0.79295,1.08578,0
3.66475,0.4198,0
4.08651,-0.09374,0
2.03182,0.43127,0
3.51843,-0.89912,0
2.7649,-0.83546,0
4.4446,0.68602,0
4.31817,-0.69329,0
3.13159,-0.69266,0
3.35475,-0.46324,0
1.13627,0.70055,0
1.5843,0.49489,0
1.98506,0.45465,0
4.07847,1.20448,0
4.22077,0.05701,0
1.87061,0.73475,0
0.68723,-0.06122,0
1.72878,-0.48691,0
0.54596,-0.13627,0
4.02946,-0.73611,0
1.46053,1.2265,0
1.75892,0.99268,0
1.77365,-0.47923,0
1.54551,0.88259,0
1.14693,-0.00218,0
3.39378,0.52007,0
3.82169,-0.1283,0
1.72916,0.63829,0
3.96263,-0.72858,0
2.22389,0.05071,0
0.86525,-0.25228,0
2.77909,-0.88498,0
3.99951,0.33752,0
2.81582,-0.2304,0
2.64997,1.09089,0
3.55384,-0.14257,0
3.57359,0.77368,0
2.56772,-0.75314,0
4.26868,1.05469,0
1.91729,-0.0104,0
1.35555,0.46653,0
3.03517,-1.18337,0
1.43905,-0.45171,0
3.37632,0.12556,0
3.63269,-0.7702,0
2.58603,0.20354,0
3.5824,-0.97893,0
2.6113,0.13399,0
3.5431,0.70755,0
2.88233,0.87198,0
3.00566,-1.24768,0
3.79337,0.82811,0
4.35068,0.07015,0
3.04658,1.00238,0
1.5897,0.37462,0
3.41065,-1.17229,0
2.96267,-0.53783,0
2.38691,-1.14721,0
2.90563,0.46591,0
1.69524,-0.84271,0
3.77219,0.97969,0
1.10937,-0.89792,0
2.815,-0.51214,0
3.70321,-0.14429,0
3.35944,-0.00113,0
4.11902,-1.16399,0
2.28573,1.0234,0
3.67504,0.11962,0
1.92559,0.18517,0
3.81052,1.16395,0
2.2553,0.8112,0
3.71436,1.04178,0
0.89521,-1.08145,0
2.0887,0.73844,0
3.15024,-1.17751,0
0.90224,-0.5947,0
1.24621,-0.51079,0
4.36974,-0.32074,0
1.03848,-0.59608,0
3.44076,0.32041,0
2.57393,1.18003,0
3.68266,-0.43624,0
0.86635,1.22654,0
1.37295,0.2996,0
3.94634,-0.99271,0
2.77238,-1.12485,0
4.21485,-0.72754,0
1.42985,0.71974,0
1.18054,1.16562,0
2.55587,-1.06561,0
1.79852,0.52969,0
2.02924,-1.05529,0
3.29422,0.9476,0
3.97312,-0.02727,0
1.78556,0.03849,0
1.37188,0.40391,0
3.41754,0.18961,0
2.25969,0.45858,0
2.95056,0.74226,0
4.43677,-0.15759,0
3.84278,-0.60426,0
4.2477,-0.78302,0
1.8813,0.49303,0
0.81954,0.15587,0
3.25249,0.42527,0
2.93558,0.30173,0
4.02099,-0.41747,0
4.21061,-0.926,0
1.7588,-0.55203,0
3.73502,0.95484,0
2.8144,0.16318,0
3.07714,-0.88268,0
2.68521,0.35822,0
4.31333,0.42564,0
4.18945,-0.91731,0
2.40999,-1.21287,0
4.15695,-1.09099,0
4.04816,0.75917,0
0.80155,0.88597,0
4.36642,0.79941,0
0.98895,0.69424,0
1.38336,-0.53986,0
2.48013,-0.96415,0
3.69711,-1.08802,0
3.63771,-0.28206,0
2.19899,-0.56771,0
1.72491,0.13913,0
4.3287,-0.47488,0
1.35506,1.08277,0
3.13026,0.57355,0
1.73193,0.6192,0
3.87352,0.59675,0
2.4446,-0.10768,0
2.95951,0.2579,0
1.36071,-0.10455,0
3.69499,-0.57126,0
2.03661,1.15795,0
0.53805,-0.13413,0
1.19616,0.66839,0
1.34,-0.26638,0
2.44125,-0.2292,0
2.05995,-0.78521,0
1.20336,0.94474,0
3.48154,-0.62534,0
1.76371,0.24315,0
2.8517,0.37674,0
3.43729,0.57363,0
4.46064,0.28175,0
3.89886,-0.87974,0
0.90305,0.81701,0
3.70971,-0.51122,0
0.94786,0.53782,0
0.96658,0.2819,0
2.03883,0.11057,0
1.01524,0.5387,0
3.42066,-0.30934,0
4.01809,0.61743,0
2.6006,-1.03053,0
2.32314,-0.18677,0
3.86393,-1.11593,0
2.55327,0.77282,0
3.98263,-1.23122,0
1.33153,1.05855,0
4.14926,-1.10493,0
1.47883,-0.05341,0
3.44579,-0.47538,0
1.26393,-0.55026,0
3.9782,0.51316,0
1.39496,0.80733,0
1.32128,0.38983,0
3.15896,0.73489,0
1.03123,0.91711,0
2.6221,0.82328,0
1.8194,-1.08358,0
4.43176,-0.02701,0
1.89178,0.95007,0
2.94494,-0.59636,0
1.12194,-0.13822,0
2.68236,1.23521,0
2.6685,-1.18084,0
2.76998,-0.86709,0
4.20001,0.59324,0
0.59319,-0.10539,0
4.42187,0.6032,0
0.87396,-0.05511,0
0.9172,0.63981,0
4.49611,-0.88163,0
3.63339,0.29649,0
0.98304,-1.1898,0
3.85418,0.83638,0
1.64097,1.01151,0
3.55929,-1.1083,0
3.32898,-0.12159,0
2.84499,-0.77678,0
1.64666,0.94382,0
0.87911,0.61722,0
4.27435,0.83616,0
0.64639,-0.68246,0
1.72805,0.39717,0
3.47088,-0.50646,0
4.42411,1.05983,0
3.25561,-0.11883,0
0.82681,0.53871,0
3.2704,-0.85968,0
4.29236,0.71452,0
4.08743,0.64043,0
2.34711,-1.13038,0
3.38753,-0.27312,0
3.12838,-0.32871,0
0.79242,-0.6828,0
3.63512,0.42053,0
3.07286,0.29108,0
0.62374,0.96416,0
3.77602,0.81261,0
2.02517,0.65927,0
4.00836,0.56519,0
2.83423,-0.0384,0
2.68991,0.45545,0
2.88094,0.41009,0
2.03591,-1.10327,0
2.9521,-0.28851,0
2.0233,0.01798,0
2.6568,1.23107,0
4.29427,0.88464,0
3.89272,-0.22096,0
0.5137,-0.69334,0
3.52554,1.16133,0
1.76241,-0.68921,0
2.6109,0.80193,0
0.63976,0.65511,0
3.04482,1.11803,0
0.9274,0.78036,0
3.04782,0.04828,0
3.88668,-0.84227,0
3.65018,-0.97457,0
2.13973,-0.84171,0
0.77591,0.64034,0
2.81377,-0.31678,0
2.48447,-0.0214,0
1.70795,-0.2408,0
0.88831,0.18399,0
2.70636,-0.96979,0
3.34422,0.32286,0
3.24744,-1.01491,0
2.1878,-0.66771,0
3.14091,-0.2875,0
0.93936,0.17965,0
2.21391,0.85065,0
0.58032,-0.36059,0
1.42801,0.00639,0
2.60154,0.90092,0
1.65678,-0.91079,0
1.37619,-0.0568,0
4.26836,-0.20619,0
2.35465,-1.18581,0
1.61438,0.19484,0
4.04405,-0.98495,0
1.82523,-0.89107,0
3.27966,0.71081,0
2.17529,-1.12804,0
3.19437,0.72839,0
2.62465,-0.14443,0
4.44881,-1.01119,0
1.74716,0.97691,0
0.93223,0.12727,0
0.63237,-0.4743,0
1.49613,0.37467,0
3.26994,-1.06717,0
2.51632,0.80477,0
0.72661,0.07655,0
3.6603,0.2774,0
3.9868,-1.00213,0
3.509,-1.18891,0
2.42024,0.01137,0
1.09446,-1.16966,0
0.74991,0.87205,0
2.80767,0.11165,0
4.24607,-0.8304,0
2.51081,0.17299,0
2.05852,-0.96209,0
2.88196,0.22849,0
4.34762,0.81295,0
0.78158,1.01998,0
1.32589,-0.30325,0
3.42984,-0.41734,0
0.81674,0.69968,0
4.20237,0.48661,0
4.17201,-0.73754,0
2.1897,0.65586,0
4.28712,-0.71378,0
1.40372,1.12021,0
1.81874,-0.59623,0
3.0723,0.82464,0
1.73707,0.24441,0
3.94586,-0.44866,0
1.23214,0.33125,0
4.43966,-1.1533,0
3.19543,1.13893,0
4.47789,-0.02858,0
3.92047,0.04187,0
2.80463,0.01197,0
0.78793,-0.33047,0
2.41377,0.00559,0
0.93306,-0.64051,0
1.03899,-1.19056,0
2.0844,0.97738,0
4.04138,0.8046,0
2.33564,-0.1729,0
3.33077,-0.80476,0
4.30822,0.28749,0
1.67645,-1.05987,0
0.99475,0.17282,0
1.40815,-0.11468,0
3.66099,0.85361,0
3.04026,-0.15458,0
4.11889,0.41787,0
4.33262,0.46897,0
3.25843,0.67808,0
4.36455,-0.36181,0
1.21824,0.36785,0
2.39294,0.61159,0
2.8566,0.82737,0
2.39854,1.15282,0
1.53875,-0.33328,0
1.91943,-1.11092,0
4.12655,-1.0171,0
2.57042,0.26242,0
4.49931,0.02927,0
1.36613,0.13467,0
1.85328,0.62334,0
4.36475,-1.13675,0
3.25338,0.71979,0
3.02107,0.20298,0
2.65685,-0.87529,0
2.66425,-0.33455,0
3.03635,-0.14215,0
1.89737,-0.88924,0
1.24451,-0.35952,0
3.27938,-0.79945,0
1.82895,-1.15316,0
1.77044,-0.66077,0
1.48963,-0.09509,0
0.61074,-0.10243,0
0.77827,0.5135,0
4.14255,0.17094,0
1.1536,-1.09661,0
4.33807,0.84649,0
2.94255,1.18172,0
1.53671,-0.70146,0
2.96283,-0.72259,0
2.48474,-0.25431,0
3.02294,-0.92016,0
1.17703,0.76737,0
0.84583,0.8207,0
1.69784,0.97884,0
2.18099,-0.80572,0
1.72542,-0.76141,0
0.91293,0.84754,0
3.8078,-0.06066,0
2.11778,0.57872,0
0.96559,0.4811,0
1.49197,0.61462,0
4.31384,0.73403,0
1.96771,0.6441,0
2.4891,-0.51496,0
2.65094,0.40478,0
2.95948,-0.97591,0
0.5006,0.25834,0
2.17754,-0.18041,0
2.32069,-0.24108,0
0.7853,-0.55764,0
1.08043,-0.80329,0
3.14946,-0.22413,0
2.08642,-1.20729,0
3.49581,-0.72002,0
1.82331,-1.19183,0
4.41461,0.11945,0
1.95035,-0.96055,0
0.70763,1.16318,0
2.65329,-0.28486,0
2.5949,1.02455,0
0.70051,0.93834,0
0.65183,-1.08477,0
2.83849,-0.84677,0
4.4128,-0.91452,0
1.54649,1.09016,0
2.24548,1.12408,0
3.94673,-0.73733,0
2.8659,-0.70345,0
1.08646,0.08941,0
3.93822,1.01002,0
1.8937,-0.7848,0
1.62275,0.91381,0
4.06097,-0.6269,0
3.47574,-1.13964,0
0.90834,1.16382,0
1.05212,0.23557,0
3.33081,0.6715,0
1.17803,-0.4516,0
0.77646,0.48996,0
0.60612,-1.18062,0
2.7769,-1.14836,0
2.92544,-0.06615,0
0.50634,1.11962,0
3.06991,0.80772,0
2.18291,-1.20672,0
2.68711,-0.34108,0
3.8704,0.42821,0
1.90796,-1.13593,0
3.00498,1.10943,0
0.91946,0.18209,0
2.05218,1.19706,0
0.98198,-0.99365,0
0.5939,-0.65714,0
3.51603,-0.89655,0
2.14401,-1.15946,0
0.86948,-0.37554,0
4.43594,-1.19536,0
1.91861,-0.40548,0
3.50896,-0.93182,0
2.77525,1.21489,0
2.27395,1.17353,0
3.38425,-0.01189,0
0.54454,0.70958,0
1.1404,0.58037,0
2.81146,0.76522,0
2.57754,-0.68869,0
3.15216,0.20282,0
2.7293,-0.71559,0
0.69022,0.10362,0
2.22813,-0.92956,0
4.21773,-0.0764,0
4.48729,-0.46598,0
3.38658,-0.79386,0
1.84113,0.25701,0
3.0922,0.89819,0
4.41315,0.92402,0
1.74104,1.03125,0
3.62665,0.57148,0
1.85172,-0.66758,0
2.1268,-1.07808,0
2.89271,-0.6445,0
2.95384,-0.38495,0
3.43247,-1.0699,0
2.38856,1.20907,0
0.53877,0.26538,0
1.22369,-0.65015,0
2.68226,0.46692,0
4.37688,0.63335,0
3.88395,0.64505,0
2.31234,-0.43789,0
2.23704,0.56641,0
4.25365,0.03497,0
3.61763,0.82217,0
2.04672,0.04044,0
4.12546,1.09709,0
3.13849,0.23857,0
2.23187,-0.68035,0
4.04837,-0.43584,0
2.64384,1.00836,0
2.1945,-0.04595,0
0.52776,0.33431,0
1.7076,0.73242,0
3.48699,0.38803,0
3.66473,1.24515,0
2.03069,-0.81079,0
4.30665,-0.93075,0
2.81173,-0.78497,0
3.29259,0.83185,0
1.6545,-0.6591,0
1.42859,0.55094,0
1.0418,-0.25209,0
2.17287,0.73622,0
4.09067,0.70832,0
0.87556,-1.10361,0
0.69485,-1.0972,0
3.28719,0.47544,0
2.12754,-0.55268,0
2.08578,0.85242,0
1.01603,0.00712,0
2.33967,1.11331,0
2.26726,0.9391,0
2.77983,1.12506,0
1.6731,0.8453,0
1.09762,0.95943,0
4.39965,0.57722,0
2.90905,-0.92144,0
3.36361,-0.66053,0
2.09173,-0.78153,0
4.42795,-0.02528,0
1.12095,-1.12856,0
4.08138,0.21651,0
2.06474,0.91596,0
2.34458,-0.46642,0
2.96904,-0.10042,0
0.80574,0.6478,0
1.80469,-0.27916,0
3.92183,-0.58487,0
0.99997,-0.34148,0
2.94339,0.52983,0
3.9198,0.55411,0
3.04878,-0.4963,0
1.71291,-0.99538,0
0.84428,0.73912,0
1.07778,1.04132,0
1.27693,-0.02631,0
1.65487,-0.1448,0
0.66315,1.04913,0
1.02064,0.11481,0
1.04878,0.36651,0
1.07295,-0.20141,0
0.63716,-0.29279,0
1.02492,-0.06074,0
2.57938,-0.89742,0
3.32997,-0.41637,0
1.44954,-0.37989,0
0.68548,-0.54643,0
3.11747,-0.73003,0
1.51199,-1.12082,0
2.65083,0.48126,0
3.53162,-0.32923,0
3.35571,-1.16066,0
4.47049,-0.4724,0
0.73985,-0.81837,0
2.88189,0.73337,0
1.71253,-1.07145,0
2.15506,0.88959,0
2.48253,-0.97288,0
3.88025,-1.12989,0
1.30622,-1.03454,0
1.85792,-0.67576,0
2.14185,-0.5182,0
2.34744,-1.24843,0
3.62673,-1.16632,0
2.46434,-0.98857,0
2.91349,0.31775,0
3.08286,-0.29721,0
1.23153,0.76813,0
2.9411,-0.49562,0
4.44617,1.2373,0
2.81199,0.68142,0
1.57596,-0.2916,0
2.61254,-0.2879,0
1.17037,-0.10286,0
3.47014,-0.04365,0
1.89935,-0.42883,0
3.21161,1.16622,0
2.04074,1.2136,0
4.32809,1.02078,0
3.44503,1.22459,0
2.50584,-0.25509,0
1.71722,-0.94924,0
3.66203,-0.37915,0
1.27281,-0.46035,0
3.9,0.48519,0
4.05228,1.19641,0
3.6162,-0.44413,0
3.59611,-0.25514,0
3.2517,0.09555,0
4.06223,0.8373,0
1.96666,-0.8791,0
2.74592,0.53523,0
0.98278,0.82007,0
4.31601,1.17852,0
0.50913,0.01978,0
0.52863,0.58669,0
2.42182,-1.03233,0
2.25289,1.07193,0
2.3157,1.17409,0
4.07613,0.17224,0
4.0144,-0.79268,0
2.63883,0.69535,0
1.68466,0.3907,0
4.4925,-1.20893,0
1.12257,-1.17807,0
1.85413,0.82985,0
3.96315,0.50747,0
2.78448,-0.21497,0
3.8589,0.47873,0
3.4224,0.3509,0
3.0801,1.21777,0
0.91599,-0.74918,0
0.52738,0.21572,0
1.68808,-1.08708,0
1.63197,1.21624,0
3.73272,0.24599,0
2.13524,-0.09757,0
3.15649,0.46243,0
1.21786,0.98048,0
0.62251,0.65125,0
2.89515,0.09925,0
4.15931,0.28507,0
0.69871,-0.35183,0
3.59995,0.52091,0
0.57563,0.71475,0
2.39506,0.60219,0
0.66611,1.23115,0
4.18759,-0.02615,0
3.50647,-0.36197,0
3.01235,-0.14264,0
4.14938,-0.98131,0
4.25865,0.46079,0
2.26295,-0.70714,0
4.19517,-1.03341,0
0.50554,-0.38036,0
2.40818,-1.23256,0
4.45463,0.66849,0
2.3965,1.23901,0
2.95153,0.69064,0
2.58442,-0.36126,0
2.76053,0.26034,0
3.10922,-0.08691,0
2.95,-1.13983,0
3.76971,0.96246,0
1.96455,-0.10411,0
1.1085,-0.18617,0
1.13001,-1.01932,0
1.30697,0.53336,0
4.25967,-1.18577,0
3.83593,-0.99937,0
2.78359,-1.00895,0
4.40411,-0.6119,0
1.84285,-0.30482,0
2.96103,0.04802,0
1.02872,0.06739,0
1.89182,0.25684,0
3.54223,-0.04771,0
3.37484,0.94089,0
3.55154,-0.91432,0
1.43192,0.06816,0
3.46441,-0.69263,0
1.43023,0.49523,0
1.26899,0.19451,0
1.00925,0.83537,0
4.44994,1.03762,0
1.58079,1.10029,0
4.10725,0.58633,0
2.53381,0.84361,0
1.02101,0.2389,0
3.878,0.02,0
3.50117,0.10662,0
2.51179,-0.03416,0
1.56859,-0.39119,0
1.4511,0.45198,0
1.63115,-0.8607,0
1.91216,0.27746,0
2.30436,-0.93384,0
0.9782,-0.7433,0
4.08427,-1.21706,0
2.63838,0.35715,0
3.45076,0.9217,0
3.58408,1.18972,0
3.01544,0.64438,0
3.93647,-1.14916,0
3.07361,1.01369,0
0.76798,-1.00246,0
3.77584,-0.80847,0
0.59444,-1.10462,0
4.06986,0.98072,0
3.30645,-1.15284,0
3.80592,0.28965,0
1.97291,-1.11491,0
2.92652,-1.01233,0
3.68038,-0.9336,0
1.79716,0.21563,0
4.18752,-0.85866,0
1.08246,0.15998,0
1.26781,-1.22335,0
0.78697,1.00126,0
3.61277,-1.24567,0
2.06308,0.77496,0
3.26127,-1.06335,0
1.97252,0.11916,0
0.81088,-0.11245,0
2.326,-0.26327,0
4.1464,-0.41399,0
4.38111,-0.40743,0
2.92862,0.3325,0
3.40445,0.14929,0
2.77167,-1.00942,0
3.61208,1.19721,0
4.37115,0.70722,0
4.40288,0.87297,0
3.45654,-1.07214,0
0.92297,0.57399,0
3.94487,0.8599,0
1.08089,-1.22604,0
0.98335,-0.89012,0
0.51631,-0.19646,0
0.55175,0.24768,0
0.51466,-1.17324,0
0.96543,-1.0779,0
2.19417,-1.17629,0
1.02003,1.04461,0
1.80819,-0.82913,0
4.38251,-0.63488,0
3.93123,0.27925,0
3.80722,0.08867,0
2.59533,-0.58079,0
1.27204,0.91387,0
3.79745,-0.75421,0
1.4857,0.19443,0
1.71296,-1.13121,0
4.1958,1.00067,0
1.09441,-1.04402,0
2.86245,0.71369,0
3.20798,-1.13779,0
2.08841,0.02735,0
3.34129,0.27241,0
1.62774,-1.06659,0
1.48732,0.85312,0
0.709,-0.75101,0
3.45605,-0.45011,0
1.85225,0.85474,0
3.46001,-0.0679,0
0.61027,1.09529,0
3.98241,1.14567,0
2.05267,0.64244,0
2.61833,-0.6136,0
1.53938,-0.91699,0
2.85967,-0.30695,0
0.79854,-0.58129,0
4.30965,1.23009,0
1.12901,-0.74561,0
3.33385,0.99168,0
0.64448,0.32807,0
1.18104,0.12267,0
1.94294,0.11092,0
4.16501,-1.22647,0
0.91597,-0.68391,0
0.96936,-0.85886,0
2.58054,-1.18688,0
3.80608,-0.76787,0
2.84018,1.1097,0
3.18669,-0.10601,0
4.08962,1.19563,0
3.12222,1.14589,0
2.43632,0.87926,0
0.89629,0.07318,0
3.19437,0.20206,0
2.03893,-0.0936,0
3.92701,-0.2829,0
1.22844,-0.66111,0
1.64109,-0.27308,0
1.36663,0.50895,0
3.08318,0.61856,0
4.21815,-0.15762,0
1.53625,-0.7611,0
1.873,0.61092,0
2.52388,1.04958,0
1.88225,-0.90638,0
1.819,0.24943,0
4.2571,-0.94717,0
2.12785,-0.21526,0
2.04011,0.21917,0
2.758,-0.19517,0
3.62158,-0.96276,0
2.19438,0.34326,0
2.82904,-0.48962,0
1.51701,-0.71629,0
0.62809,0.3929,0
1.27706,0.2318,0
3.30981,0.50346,0
3.43192,-0.33808,0
3.414,-0.05265,0
2.40281,-1.21423,0
1.54398,-0.86272,0
2.06827,-0.16705,0
3.51475,0.38973,0
3.57155,-0.54245,0
4.0468,0.57956,0
2.45837,-0.56239,0
1.18696,-0.16549,0
0.55769,0.61797,0
3.10491,-0.78347,0
3.22147,0.35489,0
2.31036,0.86591,0
3.05684,-1.14822,0
2.933,-0.64992,0
1.51955,0.17633,0
3.27652,-0.35632,0
2.47832,0.5028,0
1.55406,0.22548,0
0.61138,0.65724,0
3.72038,-0.68449,0
0.93405,0.55367,0
1.93665,0.90893,0
3.8068,0.93436,0
2.00076,-1.16939,0
4.21594,1.23967,0
4.37772,-0.60611,0
3.48049,0.5611,0
4.14293,-0.17569,0
1.93063,0.09477,0
0.82419,-0.26502,0
0.82793,-0.42999,0
4.40784,-1.18889,0
2.92935,-1.06089,0
2.27793,-0.14994,0
1.6358,0.68487,0
2.63593,-1.13016,0
0.92193,-0.01649,0
1.15065,0.27007,0
4.40491,-1.17809,0
2.94318,0.80811,0
1.78754,0.59404,0
1.33346,-1.18179,0
1.18091,0.84391,0
3.71598,-0.00387,0
4.08017,0.60853,0
4.46959,-0.63587,0
2.8468,1.06635,0
3.00924,-0.70407,0
2.75675,0.35792,0
3.91276,1.04473,0
3.28437,-0.51373,0
2.34707,0.99167,0
1.38362,0.46893,0
3.5597,-1.02589,0
0.96069,-0.85988,0
1.67715,1.05812,0
2.22102,-0.2012,0
1.73864,1.03871,0
3.47837,1.07975,0
1.16934,-0.68707,0
3.50549,-0.55939,0
1.84037,-1.138,0
2.3873,-0.58521,0
1.16866,-0.07284,0
0.76456,1.11917,0
1.07126,-0.43435,0
1.0706,-0.18695,0
1.4207,1.08615,0
1.39149,0.5538,0
4.26125,0.01718,0
3.47021,-0.3866,0
0.6167,-0.22321,0
2.4901,-1.01003,0
3.3765,-0.53731,0
3.54097,1.00339,0
2.05617,-0.65843,0
3.60828,-1.09833,0
3.85147,-1.16644,0
3.94964,-0.97592,0
1.86255,-0.80656,0
1.51767,-0.91868,0
1.68818,-0.99019,0
2.81072,0.18589,0
3.02521,-1.04018,0
2.61341,-0.80499,0
0.51938,-0.16825,0
2.10962,-1.23604,0
1.57101,0.64454,0
3.27764,-0.15052,0
3.10139,-0.54661,0
2.41991,-1.12686,0
4.01984,-0.82619,0
4.44697,-0.72928,0
3.23528,-0.41667,0
4.18115,-0.51498,0
0.96431,-0.35384,0
4.12639,-0.13267,0
1.11481,0.29217,0
4.32009,-1.10136,0
3.28525,0.6175,0
0.90084,-0.56146,0
0.63617,0.99497,0
2.59765,-0.75232,0
4.20014,-0.65029,0
2.32111,-1.21582,0
3.89332,0.21608,0
2.21685,1.09089,0
3.38104,-0.4703,0
1.99927,-0.48356,0
3.53993,0.77335,0
0.50557,0.432,0
1.3679,-0.97873,0
1.1446,0.02366,0
3.31982,-0.49183,0
0.71257,0.63189,0
2.7869,1.16291,0
2.77296,-0.6489,0
2.85181,0.10279,0
1.03519,-0.87544,0
1.29973,-0.07283,0
2.35377,-0.17051,0
4.19016,-0.65869,0
4.34376,-0.711,0
3.76514,0.58584,0
4.31223,-0.96392,0
4.2286,-0.0095,0
2.23048,-0.97287,0
2.43707,-1.05522,0
3.32124,-0.31691,0
1.73069,0.12322,0
4.44724,-0.27115,0
2.53755,0.46532,0
3.77852,-1.13483,0
1.22419,1.05559,0
3.21873,1.19976,0
2.83545,0.61645,0
0.9268,-0.9511,0
3.84942,1.23876,0
4.01029,-0.50996,0
2.18901,-0.94396,0
1.74041,0.37771,0
1.84041,1.1998,0
1.64861,-0.54255,0
3.19963,-1.09004,0
2.20688,0.5056,0
3.68449,0.98929,0
1.23517,-0.18925,0
3.01507,-1.19238,0
0.95588,-0.49208,0
2.47992,-0.75669,0
1.36748,0.81785,0
2.11604,-0.02527,0
1.99357,0.4913,0
4.10545,0.56655,0
1.20744,-0.6636,0
0.94081,-0.49224,0
3.29936,-0.08228,0
3.535,0.79176,0
1.78871,0.92808,0
2.60292,1.11986,0
1.29065,0.45747,0
4.25571,-0.84023,0
2.95538,-0.02598,0
2.94869,-1.09322,0
3.201,-0.06966,0
1.07855,0.99116,0
3.57858,-0.18327,0
2.04488,1.02713,0
4.03881,0.42021,0
2.18863,-1.15274,0
0.89337,-0.6088,0
2.86379,-0.28578,0
3.09677,-1.02237,0
2.90168,1.03971,0
1.32308,-0.62281,0
1.1772,-0.70073,0
2.27678,-0.51357,0
4.11477,1.03882,0
1.5375,-1.10614,0
1.64702,1.093,0
3.02746,-0.23006,0
1.01434,1.07493,0
3.22278,0.00037,0
3.80509,0.1947,0
3.42561,-1.04841,0
1.01549,0.29328,0
2.46027,-0.33631,0
3.45773,0.17454,0
3.6646,-0.57639,0
2.45262,0.44898,0
3.99268,-0.16692,0
2.0673,-0.46833,0
2.44152,0.26358,0
2.27997,-0.1145,0
2.65196,-1.24721,0
1.31239,0.93674,0
1.15702,0.54239,0
3.79598,-0.36855,0
1.08841,-1.19456,0
4.0477,0.56076,0
1.17679,-0.36708,0
2.12063,-0.43344,0
3.22909,0.69848,0
1.79597,0.45253,0
1.74269,0.22779,0
3.75524,-0.12453,0
2.91664,-1.03162,0
2.79048,-0.24294,0
1.34284,0.9255,0
2.91845,-0.50194,0
1.39451,-1.19727,0
2.56321,1.07205,0
2.27883,-0.44896,0
1.95829,-1.16902,0
3.07983,0.35785,0
2.92192,-1.18096,0
2.00877,-0.57325,0
3.71919,0.69946,0
3.08629,1.19968,0
3.81555,0.61769,0
0.71728,-0.28354,0
4.35882,-1.04438,0
2.12639,0.80286,0
2.93519,0.68357,0
4.44943,-1.04966,0
1.43434,0.87081,0
0.59821,-0.65215,0
2.43131,0.36908,0
2.49121,0.77096,0
3.59366,-0.46791,0
3.13521,0.65858,0
4.25584,-0.13557,0
1.73863,-0.60558,0
3.36161,-0.44523,0
1.33568,0.08517,0
3.91105,0.16619,0
4.47008,0.43084,0
4.05747,0.63274,0
3.9815,0.1528,0
2.04203,1.18548,0
2.13033,-0.48039,0
0.72786,-1.09748,0
4.173,-0.23283,0
3.3404,-0.30551,0
3.36435,0.04744,0
0.98908,-0.88044,0
0.72191,-0.57743,0
2.42825,-0.90773,0
0.62213,0.32405,0
4.215,-0.80343,0
1.33547,-0.03612,0
2.1199,-0.78131,0
4.27618,-1.14355,0
3.97214,-0.04805,0
3.17042,0.45601,0
4.14863,0.86178,0
1.55102,-0.53924,0
0.94902,0.60535,0
0.56901,0.82287,0
2.0658,-0.41259,0
3.3925,-0.45543,0
1.07459,-0.92457,0
1.72326,1.24339,0
2.25923,-0.36417,0
2.55052,0.32012,0
1.53415,-0.26933,0
1.18065,-0.04014,0
1.79998,0.08718,0
1.82047,-0.57542,0
1.89975,-1.00983,0
4.30163,-0.38162,0
4.19372,0.07615,0
1.38402,0.957,0
3.55588,1.20069,0
2.15996,-0.65963,0
1.1007,-0.21807,0
0.5555,-1.1466,0
1.2132,-0.1438,0
2.16854,0.74988,0
3.0424,-0.58701,0
2.16974,-0.94125,0
1.66203,0.13964,0
1.08398,-1.02258,0
0.57833,0.0363,0
0.99055,0.8645,0
3.04901,-0.18479,0
1.63473,0.1062,0
2.63011,-1.06582,0
4.10851,0.91441,0
3.35922,0.55197,0
4.35437,0.04885,0
4.39311,0.22245,0
3.81322,-0.58417,0
4.03761,-0.8643,0
2.91853,0.21024,0
2.54941,-1.18513,0
1.68773,0.01188,0
2.12134,0.74094,0
4.14688,-0.48,0
3.36125,-0.4611,0
0.76597,-0.25326,0
0.71111,0.19473,0
0.65319,0.7825,0
2.73158,0.54721,0
2.83046,-0.25982,0
2.92955,-0.53607,0
2.2438,0.67324,0
1.9074,1.02617,0
0.75537,-0.03143,0
3.63615,-0.61089,0
3.76944,0.0522,0
1.10892,-0.61748,0
2.33559,0.9003,0
3.78536,-0.2062,0
0.67191,0.19813,0
1.52531,0.41286,0
0.71768,1.18565,0
1.80767,-0.24854,0
4.33626,-0.40622,0
0.89578,-0.32418,0
3.32955,0.1299,0
1.74043,0.04824,0
1.99011,0.74312,0
2.15684,-0.36208,0
1.86597,-0.02213,0
2.94124,0.13426,0
3.87275,0.09441,0
2.34689,0.69802,0
1.62831,0.25474,0
3.29789,-0.87472,0
1.40892,0.29112,0
2.97544,0.83886,0
0.79503,-0.22074,0
1.01294,0.82143,0
2.78497,-0.31203,0
2.93203,-0.46587,0
2.38067,-0.72708,0
3.07145,-0.13101,0
2.02366,1.09296,0
3.74277,-1.21347,0
3.3496,-0.06361,0
2.66077,-1.16475,0
1.54346,-0.23879,0
3.54929,1.14723,0
3.92044,0.6668,0
2.96102,-0.15328,0
0.56304,-1.04082,0
2.05364,0.03366,0
1.72772,0.79142,0
3.5034,0.81898,0
3.63956,-0.07878,0
2.4762,-0.7274,0
1.95724,0.32034,0
3.01421,0.774,0
3.31154,-0.42075,0
2.43783,-0.1434,0
3.68399,-1.05466,0
2.6285,-0.97554,0
3.09516,-0.41603,0
2.71441,-0.40477,0
3.888,0.27473,0
0.54902,-0.31001,0
0.85794,-1.01873,0
2.49094,-0.30807,0
3.43293,-0.05028,0
0.60474,-0.47263,0
0.87116,-0.52433,0
1.86608,0.83266,0
0.91952,0.29504,0
1.03451,-0.7217,0
3.04815,-0.78435,0
1.44702,-1.04615,0
3.57975,0.49033,0
1.98888,-0.76004,0
1.33504,0.67347,0
0.98154,1.14836,0
3.1913,-0.19196,0
4.00695,-1.20297,0
0.83678,-0.72463,0
1.43977,-0.09577,0
3.13206,-0.09226,0
4.35362,0.35085,0
2.68425,0.09554,0
0.82418,0.68873,0
1.62368,-1.11092,0
2.82113,-1.1716,0
4.00974,0.7365,0
2.89064,-0.84785,0
0.5268,0.3124,0
0.72711,0.30077,0
3.67645,-0.68636,0
2.66915,0.33191,0
2.13404,-0.88527,0
4.19788,0.56341,0
1.33634,-1.15944,0
1.4731,0.49397,0
3.54015,-0.47901,0
4.37041,1.01885,0
1.60939,-0.7543,0
0.87839,0.89136,0
2.58314,-0.38439,0
2.09115,0.60629,0
3.76023,-1.00863,0
3.04254,0.33731,0
2.23477,-0.25243,0
3.6954,0.10515,0
3.19678,0.11747,0
0.6013,-0.16824,0
1.35032,0.23883,0
1.70681,-1.05779,0
4.40722,0.06563,0
4.35482,-0.01125,0
1.19386,0.12455,0
1.3645,0.8459,0
3.13943,0.31673,0
4.02769,-0.88427,0
0.75863,-0.43671,0
3.72949,0.1964,0
4.14298,0.46835,0
4.05759,0.7814,0
0.70076,0.7348,0
2.97844,-0.63567,0
1.84483,-0.72124,0
1.48837,0.01431,0
2.66165,-0.69507,0
1.55785,-1.05984,0
3.2822,0.09318,0
2.91903,-0.83472,0
2.27969,0.3734,0
4.25212,-0.99069,0
1.69804,1.14144,0
2.26868,-0.80147,0
2.32928,0.19024,0
4.00063,-0.76708,0
3.75019,-0.33094,0
0.96876,0.68906,0
3.6687,0.00062,0
0.97399,-0.83193,0
3.56839,-0.98482,0
2.26162,1.08842,0
3.85345,0.72786,0
2.51409,0.72315,0
2.43337,-0.15078,0
2.6455,-1.08445,0
2.8187,0.51794,0
4.42677,-1.23855,0
2.80267,-1.21192,0
0.79672,-0.67006,0
2.69636,-0.46211,0
0.77928,-0.43898,0
3.8501,-1.14843,0
2.78204,1.21444,0
1.4369,-0.84006,0
4.2278,0.92385,0
2.02041,-0.0526,0
1.57758,0.90468,0
2.29145,0.96278,0
2.34855,-0.1955,0
3.05124,0.64472,0
1.39878,0.09206,0
1.02442,-0.571,0
2.5256,-0.04293,0
3.32201,0.77736,0
4.06876,-0.75441,0
2.27373,0.98098,0
1.23741,-0.88232,0
2.88693,-0.99072,0
2.43841,-0.44241,0
3.71507,-0.85613,0
4.37279,-1.20065,0
4.30839,-0.65693,0
2.57777,0.93104,0
1.40458,0.60622,0
3.54549,-0.11532,0
0.94488,-0.29883,0
0.70297,0.14587,0
0.82595,-1.0005,0
1.34633,-0.29552,0
2.60338,0.01021,0
3.9024,0.60978,0
3.03894,0.17615,0
0.61472,0.24418,0
2.84271,1.09582,0
2.98525,0.34104,0
0.88639,-0.28646,0
1.09138,1.17354,0
1.84487,-0.16451,0
1.9839,-1.06301,0
4.2047,-0.94239,0
1.63932,0.3312,0
1.91687,-0.49316,0
2.87394,0.72431,0
0.82368,-0.84022,0
1.22874,0.11681,0
2.35143,-1.05469,0
1.03551,0.7475,0
2.73538,0.38774,0
3.91263,0.14348,0
4.20825,0.9164,0
1.9398,0.9206,0
1.45585,-1.13794,0
1.56081,-0.95765,0
3.03807,0.10276,0
1.15329,-0.4732,0
2.15367,-0.62949,0
3.71687,-0.75001,0
0.51401,-0.17208,0
1.4205,-1.06032,0
2.6669,-0.76354,0
3.03193,-0.12591,0
3.19935,-0.43904,0
4.03236,-0.12476,0
0.77123,-1.2428,0
4.08559,-0.95085,0
3.10701,0.77313,0
0.81226,0.45324,0
4.00165,-1.16254,0
3.31995,-0.36424,0
3.45977,-0.81731,0
2.98667,-0.18737,0
4.30109,0.98574,0
4.41148,0.43247,0
4.38666,0.85078,0
0.63372,-1.13162,0
2.28356,0.53351,0
3.94769,0.5129,0
4.08641,-0.54824,0
1.5544,-0.35518,0
2.65589,-0.24287,0
3.43832,-0.46718,0
3.63444,0.06547,0
2.8932,0.89608,0
0.53305,-0.11824,0
1.05148,0.36024,0
3.06084,0.18294,0
1.00598,-0.33072,0
1.05254,-1.1561,0
0.68815,0.51368,0
4.44227,0.9044,0
3.84525,0.72718,0
0.5405,-0.35961,0
4.16643,-0.88452,0
0.65576,0.31661,0
1.65133,1.1096,0
2.64145,-0.7259,0
1.84737,-1.06446,0
2.93876,-0.9314,0
4.49466,0.65685,0
3.4657,-0.56668,0
1.65252,-0.37842,0
3.21464,-0.41741,0
1.65714,0.92117,0
1.93261,-0.3488,0
1.82908,-0.20716,0
1.23859,0.33459,0
3.74973,0.2156,0
4.18499,-0.33437,0
2.01954,0.97681,0
0.74187,0.62334,0
2.5057,-0.34704,0
2.24385,-1.22906,0
2.42973,-0.00673,0
3.13304,-0.32099,0
3.53987,-0.97549,0
2.80054,0.11934,0
3.66945,-0.66883,0
1.53141,0.30073,0
3.94257,-1.03137,0
2.94989,0.28317,0
3.39417,-0.42396,0
1.77789,-0.48302,0
1.56399,-0.48071,0
2.98169,-0.58997,0
0.53243,0.93099,0
2.50128,-0.85414,0
3.43144,-0.15316,0
4.30944,0.50703,0
0.51912,-0.72599,0
2.73171,0.44085,0
1.77023,0.72929,0
2.67758,0.33485,0
2.74773,1.2189,0
3.24519,0.87674,0
3.68182,0.469,0
1.56099,-1.09329,0
0.64003,-0.87971,0
2.95664,-1.22737,0
2.95847,-0.09341,0
1.76995,-0.84941,0
0.92671,0.64951,0
1.05018,-0.72929,0
2.1924,-0.73669,0
0.50224,-0.02891,0
2.82419,-0.16802,0
0.5413,-0.72547,0
4.16223,0.27545,0
1.34477,1.00731,0
1.84169,-0.89336,0
3.49827,-0.30694,0
3.44282,0.78351,0
0.87657,1.24787,0
1.94062,0.74667,0
2.68386,-0.87802,0
0.9353,-0.55378,0
0.69595,0.84863,0
0.51756,0.0028,0
1.7592,-0.24965,0
2.39493,0.20903,0
0.56676,-0.59997,0
1.64103,-0.4538,0
2.12449,0.92816,0
0.70301,-0.05853,0
3.54788,-0.14859,0
0.7246,-0.64728,0
4.12093,-1.19134,0
2.2737,-0.14949,0
1.20007,0.061,0
1.12578,0.76064,0
1.82366,0.60079,0
4.24925,0.34954,0
3.92347,1.35502,0
1.54187,-1.32024,0
0.92885,-1.46403,0
4.51699,-0.41897,0
1.9308,-1.31363,0
4.5006,-0.31617,0
0.7389,-1.36553,0
0.85288,-1.25919,0
1.74954,-1.2897,0
4.16872,1.40668,0
4.6287,-0.62825,0
3.86569,1.28603,0
1.83806,-1.25882,0
4.57142,-0.76014,0
0.49307,0.15359,0
0.4903,0.34897,0
4.55955,-0.47067,0
2.55383,1.27135,0
4.58286,-0.81953,0
3.17069,1.36111,0
3.59823,1.42494,0
1.63533,-1.31059,0
0.81028,-1.45199,0
3.7145,1.42613,0
0.98491,-1.37016,0
1.1305,-1.34284,0
3.6646,1.29079,0
2.8592,1.26677,0
4.02391,1.39977,0
3.77151,1.31073,0
0.74425,-1.41775,0
4.04218,1.40593,0
4.55019,-0.41102,0
0.91387,-1.42966,0
1.68848,-1.30595,0
1.70399,-1.31642,0
0.45968,0.9283,0
4.66408,-0.82895,0
0.94032,-1.38802,0
3.62453,1.34909,0
4.30059,1.2604,0
0.45763,0.46626,0
3.8601,1.27033,0
1.04417,-1.26414,0
3.60648,1.32995,0
1.31104,-1.26946,0
1.93821,-1.30665,0
1.44743,-1.32842,0
1.04291,-1.3442,0
4.09401,1.43685,0
3.91438,1.27958,0
0.84059,-1.34362,0
4.53672,-0.76877,0
4.57526,-0.83045,0
3.52789,1.41341,0
1.28168,-1.27874,0
0.93496,-1.29883,0
3.62865,1.34791,0
0.49272,0.4086,0
0.46734,0.33305,0
1.27181,-1.25523,0
4.57618,-0.7977,0
4.13309,1.39374,0
4.52405,0.17053,0
2.66769,1.26345,0
4.52482,-0.89575,0
3.75114,1.27595,0
3.72917,1.31676,0
3.4347,1.30491,0
1.38062,-1.36489,0
3.53064,1.35836,0
4.59166,-0.39901,0
3.44507,1.40782,0
4.32267,1.42513,0
3.96717,1.34299,0
4.66192,-0.83534,0
4.3198,1.50079,0
1.50832,-1.35988,0
3.40995,1.25135,0
3.54318,1.33785,0
4.53674,-0.65943,0
3.09356,1.34222,0
3.90515,1.47198,0
4.61509,-0.8169,0
4.50617,-0.36743,0
3.1763,1.25189,0
1.22145,-1.26294,0
2.97855,1.3252,0
0.71808,-1.42202,0
4.62754,-0.59986,0
2.7656,1.26822,0
2.91476,1.25339,0
0.48826,0.64812,0
4.55808,-0.0724,0
0.48989,0.58175,0
1.89902,-1.28669,0
0.48617,0.62776,0
3.2159,1.36677,0
4.51464,-0.20174,0
1.02826,-1.46337,0
1.6432,-1.28249,0
3.3136,1.33604,0
0.78373,-1.47456,0
1.71685,-1.28093,0
1.37696,-1.34142,0
4.58087,-0.43601,0
1.76628,-1.28981,0
4.62768,-0.88219,0
4.53669,-0.58591,0
4.13053,1.36189,0
3.63503,1.41825,0
4.54484,-0.85268,0
2.01567,-1.30041,0
4.55172,-0.656,0
1.17769,-1.30606,0
4.55495,-0.85509,0
1.34114,-1.36138,0
0.80047,-1.31426,0
4.64291,-0.83575,0
4.17937,1.25727,0
0.72397,-1.34973,0
1.69993,-1.28648,0
0.48499,0.57028,0
4.56298,-0.42525,0
2.76667,1.28333,0
4.07951,1.43372,0
3.55645,1.36192,0
4.56155,-0.7196,0
0.8341,-1.41421,0
4.22039,1.44433,0
4.54934,-0.70292,0
1.70795,-1.35061,0
1.40743,-1.39613,0
1.02505,-1.3573,0
3.56517,1.25244,0
1.15697,-1.34676,0
4.56484,-0.3726,0
4.56389,-0.70901,0
3.53654,1.29604,0
2.86499,1.28008,0
2.17308,-1.26792,0
3.42699,1.36598,0
0.48789,0.63814,0
4.5948,-0.6371,0
4.54695,-0.86339,0
1.65411,-1.27004,0
0.41561,0.69892,0
4.54421,-0.42188,0
1.26917,-1.3323,0
1.00082,-1.33903,0
0.73347,-1.31134,0
1.55566,-1.33741,0
0.77617,-1.27981,0
3.82074,1.31068,0
3.48658,1.29689,0
1.83077,-1.32689,0
1.09222,-1.43665,0
3.26421,1.30241,0
2.90477,1.31839,0
3.34422,1.28078,0
0.78844,-1.48892,0
3.88267,1.35369,0
4.27469,1.47481,0
3.45435,1.30223,0
4.09783,1.36316,0
4.52606,-0.11011,0
3.06955,1.26991,0
1.33386,-1.31706,0
4.60691,-0.83698,0
4.55497,-0.21406,0
0.40824,0.96444,0
4.28485,1.26033,0
0.84321,-1.25571,0
0.43557,0.69047,0
0.74304,-1.30282,0
4.53947,-0.62234,0
0.75149,-1.35147,0
3.66074,1.42272,0
2.65198,1.29099,0
0.75463,-1.48318,0
1.06607,-1.42481,0
1.0423,-1.44483,0
2.10199,-1.28591,0
4.01198,1.27408,0
4.54122,-0.71516,0
4.58165,-0.90767,0
3.89339,1.32325,0
3.37311,1.25944,0
0.94686,-1.38725,0
3.23999,1.2535,0
4.25604,1.25143,0
4.56162,-0.40095,0
4.02249,1.41151,0
4.18832,1.39276,0
3.92594,1.39371,0
3.95922,1.29813,0
4.08095,1.26612,0
2.08517,-1.29162,0
1.96698,-1.30897,0
3.58271,1.33077,0
4.54209,-0.69715,0
3.99044,1.28158,0
0.47396,0.34181,0
3.34456,1.36551,0
3.92472,1.41469,0
3.20088,1.32714,0
1.1739,-1.31417,0
0.49894,0.43005,0
4.32595,1.46201,0
0.84096,-1.42884,0
0.48728,0.26204,0
1.74878,-1.30461,0
4.25384,1.31968,0
4.58721,-0.24964,0
4.25232,1.48433,0
4.11117,1.36006,0
3.2971,1.25225,0
4.55084,-0.05116,0
3.93969,1.40441,0
3.84732,1.25147,0
1.523,-1.34289,0
1.87878,-1.29958,0
4.09961,1.49711,0
4.53824,-0.89545,0
3.74728,1.33973,0
1.95846,-1.30222,0
3.59331,1.25662,0
1.70948,-1.25156,0
1.65876,-1.29757,0
1.14022,-1.40161,0
2.9379,1.31925,0
3.72143,1.25756,0
3.23765,1.34957,0
1.16999,-1.39472,0
3.92147,1.29952,0
4.53033,-0.28272,0
0.92239,-1.33157,0
4.06326,1.25493,0
3.51625,1.25924,0
0.38514,0.92308,0
4.3012,1.39644,0
1.73571,-1.33062,0
1.41537,-1.28141,0
4.54841,-0.05512,0
4.18785,1.28024,0
0.45252,0.63751,0
4.12221,1.29361,0
3.25938,1.2594,0
3.12421,1.29562,0
3.26885,1.34844,0
0.72441,-1.31686,0
3.45475,1.28798,0
4.18421,1.51555,0
3.44184,1.38701,0
3.58811,1.29245,0
4.00602,1.3664,0
0.86664,-1.3494,0
4.51183,0.14386,0
2.35484,-1.26559,0
2.79692,1.25471,0
3.52278,1.28985,0
1.69294,-1.35151,0
4.61233,-0.43221,0
1.36896,-1.31021,0
4.56524,-0.25421,0
4.31609,1.3429,0
2.72361,1.25137,0
4.27814,1.51758,0
4.08492,1.43513,0
3.27888,1.29858,0
2.27171,-1.27575,0
1.07046,-1.40752,0
3.879,1.47144,0
1.40942,-1.35084,0
2.73385,1.273,0
0.45083,0.77702,0
3.25515,1.3354,0
3.99527,1.43686,0
4.07519,1.34533,0
3.88838,1.40663,0
1.016,-1.37147,0
2.49647,1.25754,0
1.86549,-1.34047,0
4.33567,1.35507,0
1.98989,-1.28365,0
4.33733,1.48006,0
2.44954,1.25365,0
4.63728,-0.84173,0
4.6502,-0.75224,0
4.60817,-0.80265,0
3.17687,1.25174,0
4.57222,-0.23157,0
1.86184,-1.28123,0
3.80154,1.32421,0
3.62096,1.36954,0
4.50493,-0.54148,0
0.77763,-1.45252,0
2.58423,1.26818,0
4.54515,-0.22185,0
3.41697,1.37658,0
4.55057,-0.44581,0
4.14142,1.32542,0
3.56432,1.27693,0
0.93703,-1.41304,0
1.2508,-1.40124,0
1.77406,-1.32243,0
0.43815,0.88017,0
3.88733,1.2617,0
4.303,1.41075,0
4.52478,-0.82454,0
4.11829,1.31377,0
2.54973,1.28059,0
4.27682,1.44591,0
4.22834,1.3237,0
1.1941,-1.28176,0
3.13996,1.26876,0
4.08756,1.36485,0
1.93525,-1.32692,0
3.07058,1.31032,0
3.62247,1.31215,0
4.55676,-0.80523,0
3.16549,1.31638,0
3.88345,1.27428,0
3.7889,1.35986,0
3.44776,1.31485,0
0.92992,-1.36027,0
2.97526,1.3238,0
0.72788,-1.33464,0
0.4403,0.57697,0
1.02169,-1.33453,0
4.03435,1.32663,0
3.88444,1.33307,0
0.4857,0.41878,0
2.8314,1.2819,0
4.12639,1.26962,0
4.55888,-0.173,0
1.64211,-1.29922,0
0.44896,0.58826,0
0.88331,-1.31424,0
4.64063,-0.92908,0
3.62073,1.30679,0
1.36414,-1.39472,0
4.30224,1.43545,0
1.84004,-1.27838,0
4.55169,-0.40063,0
1.55083,-1.26439,0
4.50295,-0.13115,0
0.45279,0.46512,0
0.88699,-1.35223,0
1.37778,-1.30141,0
4.29241,1.31034,0
4.51072,-0.55761,0
0.79466,-1.45608,0
2.4414,1.26077,0
3.98572,1.37934,0
0.47604,0.90958,0
4.53038,-0.04943,0
1.68982,-1.25595,0
3.49127,1.37993,0
0.93917,-1.43534,0
2.05912,-1.2509,0
3.90794,1.28602,0
0.40042,0.81355,0
4.53233,-0.44254,0
4.57038,-0.76299,0
0.82927,-1.26952,0
4.61459,-0.88736,0
4.51247,-0.21892,0
3.33637,1.34761,0
0.46207,0.81919,0
1.79734,-1.34694,0
3.74281,1.25567,0
0.95722,-1.25813,0
2.16512,-1.28962,0
3.4024,1.3586,0
1.40468,-1.37365,0
1.47565,-1.26678,0
1.44502,-1.33734,0
2.04293,-1.25278,0
1.73092,-1.31829,0
4.50439,0.05392,0
0.46542,0.60812,0
1.57197,-1.32542,0
3.89054,1.47021,0
3.44537,1.29191,0
0.43513,0.79348,0
1.33009,-1.40661,0
0.76928,-1.42757,0
1.37444,-1.26331,0
1.08639,-1.3583,0
4.64107,-0.92472,0
0.81698,-1.25143,0
0.93773,-1.30074,0
4.13399,1.34524,0
4.65416,-0.79746,0
4.677,-0.90042,0
4.51951,-0.70436,0
0.46726,0.5081,0
1.20978,-1.43094,0
1.36981,-1.27702,0
4.50913,0.30303,0
4.14962,1.41232,0
4.50609,-0.71904,0
1.58658,-1.30731,0
1.43802,-1.35112,0
2.9581,1.32413,0
2.08314,-1.27586,0
4.10961,1.44672,0
3.49756,1.37565,0
1.32934,-1.2956,0
1.75173,-1.31363,0
4.64785,-0.69056,0
0.99464,-1.3417,0
4.50469,-0.3577,0
0.4553,0.81514,0
4.50814,-0.61166,0
2.70847,1.27783,0
3.63565,1.32364,0
4.00762,1.41973,0
0.39614,0.87641,0
3.98161,1.3395,0
0.99711,-1.43365,0
1.08307,-1.26909,0
1.06178,-1.27121,0
1.26857,-1.35558,0
2.99461,1.25171,0
2.17158,-1.29086,0
0.42878,0.65552,0
1.57652,-1.38242,0
3.53444,1.34042,0
0.82184,-1.27832,0
2.33967,-1.27246,0
0.48042,0.6121,0
0.44271,0.91014,0
1.55427,-1.37447,0
1.28085,-1.32861,0
4.58379,-0.94202,0
3.33204,1.35102,0
1.91074,-1.2674,0
4.15914,1.35049,0
4.07551,1.27554,0
1.09078,-1.28907,0
1.88323,-1.30021,0
3.42193,1.32306,0
4.6341,-0.93587,0
3.92939,1.46746,0
4.52166,-0.13088,0
0.44779,0.5987,0
4.57895,-0.67045,0
3.33578,1.26689,0
0.95968,-1.33778,0
4.56442,-0.29799,0
4.31708,1.40986,0
3.0692,1.28945,0
3.59291,1.28954,0
1.74986,-1.30101,0
3.90399,1.41529,0
4.53341,-0.48987,0
3.47627,1.35923,0
4.51563,0.16489,0
3.26909,1.28911,0
4.59837,-0.74239,0
1.09973,-1.27648,0
4.23695,1.27296,0
3.08838,1.25538,0
0.81574,-1.36218,0
4.31825,1.53099,0
4.20813,1.4605,0
3.2664,1.3641,0
3.26976,1.2704,0
4.06234,1.2554,0
4.52358,-0.50771,0
1.68801,-1.27649,0
1.00774,-1.46311,0
0.44702,0.88929,0
2.80233,1.26592,0
0.41408,0.87773,0
4.54345,-0.15146,0
4.25046,1.38854,0
3.21526,1.31905,0
4.52506,-0.25893,0
4.51633,0.22982,0
0.40261,0.80848,0
1.32878,-1.41849,0
4.56137,-0.90478,0
4.55847,-0.45694,0
4.21794,1.4994,0
2.06593,-1.26343,0
3.73817,1.2895,0
4.53807,-0.89492,0
1.53526,-1.268,0
0.74985,-1.45697,0
1.7347,-1.32397,0
1.61819,-1.31193,0
0.91147,-1.31032,0
4.52733,-0.63636,0
0.99347,-1.45527,0
2.62211,1.26386,0
3.78637,1.36111,0
4.07992,1.36223,0
2.2325,-1.26143,0
4.19823,1.26537,0
4.61869,-0.90523,0
1.90954,-1.32452,0
0.4658,0.42617,0
4.58467,-0.5463,0
2.0171,-1.27995,0
2.45968,-1.25563,0
0.83706,-1.39109,0
4.59295,-0.78795,0
0.45597,0.55499,0
1.62924,-1.34334,0
4.58969,-0.6403,0
1.14927,-1.38359,0
4.55821,-0.30353,0
3.94955,1.27176,0
3.1015,1.30619,0
1.84983,-1.3331,0
0.8569,-1.28551,0
3.84193,1.43786,0
4.29649,1.41114,0
3.92937,1.25402,0
3.88486,1.44396,0
4.50283,0.20427,0
3.28676,1.29147,0
4.26657,1.46809,0
4.66743,-0.87146,0
4.53595,-0.40554,0
3.67558,1.28345,0
1.72251,-1.31947,0
4.53245,-0.93549,0
2.38079,1.25583,0
4.58061,-0.89123,0
1.371,-1.40628,0
0.85965,-1.30697,0
3.53258,1.31023,0
4.27319,1.46812,0
0.46922,0.82683,0
4.09819,1.39066,0
1.38179,-1.32402,0
1.43888,-1.29175,0
3.00532,1.32297,0
1.78743,-1.27834,0
0.49944,0.71885,0
4.56121,-0.23075,0
4.65798,-0.9396,0
3.1483,1.31228,0
4.1833,1.41784,0
2.06401,-1.26114,0
3.99192,1.43662,0
2.28459,-1.27349,0
4.55551,-0.15388,0
4.54994,-0.73507,0
3.9903,1.26067,0
4.52927,-0.40585,0
3.28599,1.3093,0
1.44158,-1.27813,0
1.06994,-1.33718,0
1.69959,-1.30613,0
4.5133,-0.74456,0
4.6182,-0.51986,0
4.54223,-0.18074,0
0.41387,0.8498,0
4.58603,-0.58284,0
3.34546,1.39549,0
3.37487,1.38486,0
3.79113,1.32917,0
2.26178,-1.28172,0
4.29209,1.29768,0
3.3129,1.32191,0
2.71037,1.28849,0
4.05936,1.33454,0
3.92386,1.26635,0
3.65776,1.41185,0
4.25833,1.39628,0
3.01697,1.28678,0
3.00666,1.26219,0
4.03321,1.39969,0
4.0714,1.4047,0
1.92294,-1.32224,0
4.58852,-0.68125,0
0.81396,-1.3043,0
4.56977,-0.77118,0
4.5854,-0.80954,0
3.40681,1.40373,0
3.71156,1.42102,0
4.53547,-0.32214,0
4.16887,1.38149,0
3.66066,1.25556,0
0.39871,0.90395,0
3.26615,1.38142,0
0.75679,-1.36549,0
4.23862,1.27948,0
0.40641,0.88541,0
3.82603,1.37959,0
4.25567,1.2744,0
3.71622,1.28896,0
1.25219,-1.37499,0
4.55344,-0.62648,0
3.6484,1.36613,0
4.15952,1.3136,0
4.6809,-0.88917,0
3.31484,1.36372,0
0.75156,-1.29464,0
2.72455,1.26508,0
3.97647,1.3287,0
3.08111,1.28754,0
2.11759,-1.27318,0
4.17485,1.36067,0
4.59422,-0.71963,0
4.07556,1.30558,0
0.80165,-1.31569,0
3.73167,1.39709,0
3.06183,1.2854,0
1.69968,-1.3656,0
3.87127,1.42567,0
1.46479,-1.34982,0
3.52031,1.3035,0
4.03259,1.355,0
3.51477,1.39175,0
3.0056,1.2648,0
2.29406,-1.26998,0
0.73044,-1.32884,0
4.5695,-0.30656,0
2.94372,1.29027,0
0.9985,-1.29824,0
3.58655,1.41025,0
4.61063,-0.78029,0
3.18036,1.36583,0
4.33078,1.49419,0
1.08651,-1.4253,0
4.52974,-0.24263,0
4.50628,-0.56386,0
2.929,1.2599,0
4.14037,1.42378,0
3.63863,1.27489,0
3.59616,1.26133,0
0.82236,-1.41655,0
1.51233,-1.34276,0
1.13865,-1.39058,0
0.41584,0.81852,0
1.65271,-1.36793,0
4.50146,-0.18816,0
1.14631,-1.39348,0
4.53644,-0.25678,0
4.62976,-0.63248,0
0.90209,-1.26385,0
2.25779,-1.27267,0
0.72203,-1.30381,0
3.91471,1.33427,0
0.69926,-1.25028,0
1.93286,-1.31658,0
4.20516,1.48938,0
4.60863,-0.48697,0
4.64766,-0.88012,0
1.1293,-1.29111,0
3.08952,1.30273,0
4.29298,1.41059,0
4.30542,1.31626,0
0.43225,0.97538,0
4.08574,1.28483,0
1.24248,-1.37046,0
0.46872,0.75892,0
3.83465,1.26904,0
1.16846,-1.41071,0
1.37827,-1.29761,0
0.8546,-1.4543,0
1.05227,-1.42878,0
3.54035,1.40057,0
0.41669,0.6711,0
2.92265,1.25922,0
1.42924,-1.29548,0
4.05301,1.38528,0
0.74463,-1.35592,0
1.85855,-1.27838,0
4.60303,-0.50954,0
1.34302,-1.40414,0
0.78951,-1.38446,0
0.86558,-1.27597,0
3.50432,1.36526,0
1.24265,-1.31309,0
4.21708,1.42356,0
4.27094,1.39848,0
4.50905,0.291,0
4.2128,1.40613,0
1.17345,-1.38889,0
0.41266,0.82768,0
2.42679,-1.25557,0
4.28434,1.35979,0
4.51587,-0.5827,0
1.56457,-1.27461,0
3.28733,1.2897,0
0.40514,0.8238,0
4.1385,1.43839,0
3.99697,1.27251,0
1.19798,-1.36709,0
4.0582,1.32479,0
3.50589,1.31875,0
2.22985,-1.26693,0
1.06585,-1.30536,0
3.30206,1.34092,0
4.5172,-0.84541,0
4.22263,1.36019,0
0.76646,-1.27325,0
4.50873,-0.79038,0
1.69866,-1.32366,0
3.75861,1.26135,0
1.24864,-1.37639,0
4.54587,-0.06293,0
1.9924,-1.295,0
1.94723,-1.29151,0
4.56973,-0.17078,0
2.70822,1.26429,0
4.53129,-0.07427,0
1.67201,-1.31124,0
1.17756,-1.28955,0
3.69661,1.28871,0
0.82819,-1.40704,0
1.94633,-1.28195,0
0.88976,-1.28751,0
2.70459,1.25591,0
2.90754,1.31538,0
0.82431,-1.38192,0
3.78341,1.41206,0
4.50026,0.30056,0
3.99154,1.27454,0
0.73715,-1.40915,0
1.54631,-1.37051,0
4.55196,-0.30268,0
4.56102,-0.84203,0
0.86531,-1.46058,0
0.43842,0.83201,0
4.60697,-0.88649,0
3.6212,1.41713,0
3.48804,1.36825,0
3.89098,1.43202,0
2.75573,1.30558,0
2.65192,1.29362,0
4.06756,1.48283,0
0.45933,0.37389,0
3.37966,1.32299,0
0.41721,0.88396,0
3.89773,1.29204,0
4.16855,1.34873,0
4.1936,1.41392,0
1.33119,-1.40742,0
1.68118,-1.36122,0
3.83481,1.35903,0
3.66552,1.27257,0
1.39925,-1.40129,0
2.98407,1.32832,0
3.25165,1.27669,0
0.44853,0.79991,0
3.28476,1.30303,0
1.18667,-1.38229,0
4.62349,-0.53938,0
1.60197,-1.37329,0
4.54133,-0.95362,0
4.58032,-0.51599,0
0.99091,-1.2694,0
3.22598,1.2792,0
4.14233,1.25392,0
3.07406,1.27666,0
4.51988,-0.8861,0
4.63995,-0.81208,0
2.35864,-1.25219,0
4.3025,1.44311,0
2.92755,1.25426,0
4.60713,-0.92536,0
1.08286,-1.44622,0
3.94451,1.42409,0
1.52665,-1.38027,0
3.9218,1.25511,0
0.43655,0.95702,0
0.81649,-1.27463,0
3.946,1.31061,0
3.52096,1.39732,0
0.84015,-1.32868,0
4.57015,-0.21593,0
0.86603,-1.36413,0
2.46555,1.26595,0
1.49479,-1.31268,0
3.78357,1.36958,0
2.91905,1.3108,0
1.97837,-1.30111,0
4.57736,-0.5193,0
0.47758,0.38325,0
4.63533,-0.87313,0
2.10594,-1.25673,0
4.51301,-0.73016,0
3.36173,1.26405,0
3.36926,1.37288,0
4.08401,1.42962,0
1.70285,-1.33876,0
1.82868,-1.28001,0
3.86462,1.39852,0
0.90233,-1.31317,0
3.61358,1.33346,0
4.31961,1.39215,0
3.10882,1.25219,0
4.53559,-0.06859,0
3.36886,1.28108,0
4.27344,1.34073,0
3.18787,1.33815,0
3.98236,1.34479,0
4.5301,-0.64507,0
1.39725,-1.26964,0
1.34546,-1.28358,0
3.91188,1.32828,0
1.35978,-1.34597,0
1.70372,-1.26976,0
3.48892,1.29854,0
1.09554,-1.3366,0
1.31054,-1.37073,0
3.85675,1.28977,0
4.02744,1.25221,0
0.42554,0.76044,0
4.12166,1.31094,0
4.00129,1.36733,0
4.5734,-0.3543,0
3.86697,1.43896,0
0.98166,-1.25899,0
2.11124,-1.30288,0
4.10173,1.35315,0
0.90661,-1.35947,0
1.61844,-1.31392,0
3.79401,1.43186,0
4.60781,-0.39005,0
2.03459,-1.28486,0
4.24689,1.3741,0
0.71184,-1.35932,0
1.01431,-1.35435,0
0.46034,0.94902,0
1.48565,-1.26992,0
3.18436,1.25139,0
0.46449,0.72808,0
1.06876,-1.44115,0
2.95063,1.33823,0
0.74258,-1.42766,0
3.15448,1.34979,0
4.56559,-0.38232,0
0.80423,-1.30084,0
1.56749,-1.2572,0
4.19933,1.47637,0
0.4082,0.884,0
4.59114,-0.35397,0
2.86785,1.26174,0
1.2498,-1.25317,0
4.11079,1.2511,0
3.93667,1.27138,0
0.90185,-1.4552,0
2.93136,1.31188,0
4.2236,1.29986,0
4.60348,-0.37022,0
3.44738,1.25046,0
1.65778,-1.37116,0
3.61949,1.30851,0
0.72251,-1.29587,0
4.29896,1.33173,0
2.79365,1.29302,0
1.43751,-1.28618,0
3.96515,1.25278,0
4.59055,-0.80066,0
1.0631,-1.3943,0
3.21372,1.30296,0
1.73741,-1.32779,0
3.63202,1.28105,0
3.20639,1.35005,0
0.40276,0.82342,0
1.73156,-1.32148,0
3.41792,1.28442,0
1.67062,-1.36224,0
4.58326,-0.58661,0
1.56228,-1.372,0
1.5415,-1.27144,0
0.91546,-1.47287,0
4.55923,-0.64117,0
4.13151,1.41972,0
3.131,1.28334,0
4.51471,-0.02862,0
0.76458,-1.38466,0
2.81066,1.30215,0
4.58277,-0.57458,0
1.86529,-1.29655,0
4.56958,-0.13939,0
0.45515,0.74824,0
3.66926,1.38018,0
2.22036,-1.29172,0
2.91929,1.31268,0
3.77863,1.40288,0
3.06929,1.32995,0
3.25358,1.30381,0
4.29731,1.27699,0
1.19737,-1.41244,0
2.46319,1.26169,0
2.13032,-1.27935,0
4.352,1.32635,0
0.92905,-1.44873,0
1.04976,-1.43938,0
1.28597,-1.25838,0
3.55954,1.27808,0
3.68942,1.27774,0
3.80203,1.33124,0
0.89488,-1.34104,0
0.88903,-1.44696,0
2.44852,1.26555,0
1.80428,-1.32606,0
3.97003,1.43029,0
4.60104,-0.42422,0
4.53856,0.08768,0
2.94345,1.30456,0
3.3926,1.36797,0
0.72411,-1.42137,0
0.8556,-1.36785,0
1.69739,-1.36724,0
4.51367,-0.93461,0
3.91959,1.35111,0
1.08586,-1.30263,0
0.4023,0.80108,0
3.98038,1.38928,0
4.30274,1.31394,0
1.48072,-1.36565,0
3.3097,1.30843,0
1.56499,-1.25551,0
0.7962,-1.33052,0
1.20605,-1.29201,0
3.54714,1.28953,0
1.3163,-1.31616,0
1.6949,-1.34223,0
4.13043,1.39519,0
3.42937,1.30313,0
0.43518,0.7594,0
2.51255,1.26145,0
0.42,0.86336,0
3.33437,1.30053,0
4.55528,-0.41456,0
4.06486,1.43397,0
3.94039,1.26708,0
1.09711,-1.28802,0
0.85192,-1.34139,0
4.33109,1.30189,0
3.25901,1.30095,0
1.07407,-1.41856,0
2.29101,-1.27031,0
3.09554,1.34792,0
3.43677,1.28074,0
3.88468,1.36962,0
4.55227,-0.02027,0
1.04636,-1.45499,0
4.571,-0.7873,0
4.12639,1.35232,0
1.46959,-1.27876,0
3.66799,1.32614,0
3.45164,1.29885,0
0.87926,-1.4397,0
3.02205,1.33237,0
4.27097,1.45087,0
4.52085,-0.46787,0
0.44878,0.58921,0
4.02581,1.4152,0
1.33339,-1.4127,0
4.06914,1.32941,0
3.66535,1.36839,0
4.58566,-0.9242,0
0.82229,-1.33917,0
4.53335,-0.21975,0
1.4005,-1.33226,0
4.59196,-0.63021,0
1.73681,-1.27584,0
0.46355,0.40774,0
4.08595,1.45946,0
1.39965,-1.33416,0
3.1599,1.29774,0
3.86249,1.4134,0
0.48786,0.67164,0
0.90229,-1.31053,0
4.60544,-0.68743,0
4.57459,-0.80046,0
3.36054,1.35082,0
4.62798,-0.76143,0
4.59358,-0.94185,0
0.49085,0.29547,0
3.9276,1.4494,0
1.67231,-1.35423,0
3.47533,1.37472,0
3.65582,1.35051,0
0.46627,0.84771,0
2.96344,1.32239,0
3.14591,1.35474,0
4.56958,-0.46031,0
4.51543,-0.53477,0
3.15943,1.27804,0
4.17807,1.43644,0
4.55582,-0.54527,0
4.57192,-0.95002,0
0.85152,-1.45581,0
1.00425,-1.40762,0
1.81495,-1.25804,0
0.9323,-1.4626,0
0.46484,0.71836,0
0.83008,-1.29117,0
2.95801,1.31665,0
1.41779,-1.37412,0
4.5542,-0.74338,0
4.54898,-0.76561,0
1.06555,-1.35124,0
2.14316,-1.29475,0
4.57135,-0.64954,0
4.30686,1.42901,0
0.98848,-1.36213,0
4.34443,1.40309,0
3.83217,1.28503,0
4.12218,1.47635,0
0.86331,-1.26025,0
3.94256,1.28433,0
4.07586,1.48294,0
0.478,0.84403,0
3.71878,1.36639,0
4.57704,-0.57258,0
4.00287,1.47923,0
3.72028,1.28297,0
0.78743,-1.46873,0
1.26357,-1.42896,0
3.59612,1.38532,0
1.09468,-1.42913,0
1.2559,-1.28758,0
3.7879,1.44129,0
4.63787,-0.73544,0
1.43623,-1.26284,0
3.57553,1.41303,0
0.91438,-1.3969,0
3.75842,1.42059,0
1.27218,-1.30477,0
4.23361,1.47578,0
0.47319,0.51361,0
4.55931,-0.78078,0
1.65718,-1.36508,0
2.69332,1.26966,0
4.20147,1.36784,0
3.1729,1.27196,0
1.48106,-1.3396,0
2.15533,-1.29378,0
1.40356,-1.38783,0
1.73836,-1.30196,0
3.73271,1.28619,0
3.43896,1.39558,0
1.55185,-1.25704,0
0.49793,0.34884,0
3.68557,1.39653,0
3.13738,1.32731,0
1.27318,-1.29795,0
1.43398,-1.37651,0
4.52077,-0.70617,0
4.14008,1.46539,0
0.45423,0.84843,0
3.26012,1.33652,0
4.57229,-0.72974,0
3.32128,1.37098,0
4.52038,0.06084,0
4.65682,-0.91085,0
0.48039,0.88986,0
0.44018,0.74043,0
3.47097,1.38237,0
1.33947,-1.40253,0
4.26554,1.40798,0
1.41908,-1.40746,0
3.87361,1.26627,0
1.03423,-1.37843,0
4.58023,-0.58654,0
1.26029,-1.28638,0
0.95359,-1.45566,0
4.58735,-0.90502,0
4.58407,-0.33076,0
4.62299,-0.61035,0
4.26549,1.33179,0
1.01247,-1.25614,0
3.82474,1.34636,0
4.14006,1.3384,0
1.05202,-1.29087,0
3.12172,1.30055,0
1.31276,-1.31518,0
3.57347,1.26926,0
3.36434,1.26803,0
4.63923,-0.93758,0
1.37763,-1.38447,0
3.68065,1.28972,0
0.49787,0.38956,0
3.86811,1.32277,0
0.92772,-1.37814,0
4.22739,1.49563,0
4.51923,-0.38433,0
4.61156,-0.53527,0
4.04217,1.48918,0
4.60987,-0.39986,0
4.58435,-0.60945,0
3.46705,1.34887,0
3.56492,1.32273,0
1.19105,-1.29444,0
0.94087,-1.31479,0
0.49755,0.61361,0
4.50989,0.11871,0
4.1875,1.29696,0
3.64843,1.30273,0
1.0557,-1.42318,0
1.27206,-1.42449,0
2.15596,-1.27851,0
4.12604,1.4739,0
1.15127,-1.42595,0
2.09274,-1.26688,0
0.40142,0.88078,0
4.51825,-0.77115,0
3.96468,1.31158,0
3.3889,1.29519,0
1.24833,-1.35389,0
3.7199,1.25579,0
1.46979,-1.35525,0
1.21722,-1.34481,0
3.6601,1.3634,0
2.21727,-1.28199,0
3.44189,1.25945,0
0.72392,-1.30365,0
0.72801,-1.37135,0
4.17371,1.46636,0
3.71955,1.44187,0
3.61896,1.29028,0
1.24391,-1.28659,0
4.5656,-0.71472,0
3.32097,1.26091,0
3.3838,1.37739,0
4.57966,-0.25665,0
4.57349,-0.93882,0
1.42049,-1.25145,0
1.21145,-1.41368,0
4.51245,-0.56108,0
4.54075,-0.44488,0
4.53485,-0.49494,0
3.81262,1.36613,0
3.68026,1.30519,0
4.50304,0.03724,0
3.58937,1.39187,0
4.22232,1.43523,0
3.16869,1.35677,0
4.55564,-0.66675,0
4.02088,1.41709,0
4.23354,1.46925,0
2.8859,1.28765,0
3.28711,1.29533,0
4.22232,1.35132,0
0.45492,0.60367,0
1.84461,-1.33049,0
0.90795,-1.4134,0
4.3323,1.26995,0
4.25975,1.34527,0
3.76342,1.44473,0
1.61291,-1.34318,0
3.55044,1.3198,0
3.52261,1.26995,0
4.18085,1.32141,0
4.51305,-0.46258,0
4.65073,-0.7346,0
3.26221,1.26634,0
3.89975,1.4075,0
4.61714,-0.87418,0
1.11382,-1.35999,0
3.37645,1.39733,0
0.39869,0.89166,0
1.02758,-1.341,0
4.52839,-0.30043,0
1.21429,-1.3956,0
0.80248,-1.37333,0
2.52806,1.25473,0
4.27076,1.45036,0
0.73035,-1.32012,0
1.7356,-1.33887,0
4.19457,1.47262,0
4.11316,1.31191,0
1.77648,-1.34178,0
4.05248,1.31607,0
1.07678,-1.44339,0
2.97158,1.29569,0
3.88515,1.36544,0
0.49226,0.24543,0
0.42716,0.80188,0
4.31968,1.44557,0
2.43825,1.25376,0
1.28864,-1.26974,0
1.10816,-1.26835,0
2.70218,1.29586,0
3.74498,1.43569,0
3.52618,1.31777,0
4.51453,-0.68406,0
3.33998,1.39254,0
1.24282,-1.27744,0
3.03163,1.31128,0
4.09108,1.36884,0
4.17359,1.32181,0
1.31733,-1.35449,0
1.44373,-1.37491,0
4.24141,1.29381,0
3.178,1.30282,0
3.9438,1.35788,0
4.52992,-0.83408,0
2.67461,1.25469,0
1.70284,-1.29949,0
4.1792,1.33306,0
1.94114,-1.2624,0
3.62321,1.37725,0
1.28192,-1.36884,0
1.44071,-1.30461,0
4.15331,1.34202,0
1.33603,-1.4114,0
3.89079,1.44005,0
4.15929,1.31057,0
3.79459,1.45191,0
2.83673,1.32154,0
3.18453,1.36118,0
4.55981,-0.68654,0
4.12968,1.38982,0
4.53308,-0.26214,0
4.29319,1.48051,0
1.29677,-1.37039,0
3.69748,1.41184,0
1.19007,-1.4215,0
0.37863,0.96024,0
4.62695,-0.52122,0
1.94298,-1.29163,0
0.46244,0.69562,0
4.16289,1.41227,0
3.28712,1.26505,0
3.59133,1.42608,0
4.54379,-0.67638,0
4.6319,-0.81498,0
3.75169,1.25314,0
4.50438,-0.55622,0
0.44334,0.96228,0
4.53268,-0.35016,0
3.76772,1.33561,0
4.54955,-0.56963,0
4.51858,-0.08074,0
4.54975,-0.70856,0
0.81097,-1.41674,0
2.69546,1.26525,0
0.45891,0.5599,0
4.20362,1.374,0
1.629,-1.28598,0
3.94403,1.36192,0
0.47225,0.62331,0
4.54436,-0.23154,0
4.61887,-0.77719,0
3.0769,1.28523,0
3.20625,1.26646,0
1.08579,-1.43165,0
0.7504,-1.34231,0
4.62395,-0.52921,0
4.51037,0.10854,0
1.39562,-1.38775,0
1.23067,-1.41444,0
0.98768,-1.42255,0
3.12587,1.2913,0
1.31729,-1.26965,0
0.47411,0.45767,0
3.29924,1.33023,0
0.78988,-1.36972,0
4.02246,1.39219,0
4.2557,1.30821,0
3.56337,1.33716,0
4.32887,1.26932,0
4.04195,1.43222,0
4.50549,-0.78919,0
0.74112,-1.45715,0
2.08018,-1.30764,0
0.47,0.5174,0
4.60879,-0.7155,0
4.50415,-0.42104,0
0.99092,-1.30952,0
3.39514,1.26474,0
1.03733,-1.45468,0
4.57745,-0.66137,0
2.97843,1.27114,0
3.70675,1.33312,0
0.79615,-1.48538,0
4.56045,-0.66776,0
3.73949,1.43016,0
4.52598,-0.3415,0
0.42325,0.79763,0
4.33704,1.29031,0
3.66378,1.41319,0
1.27624,-1.30087,0
3.37467,1.28165,0
3.92841,1.26617,0
0.47604,0.2628,0
1.71876,-1.26496,0
1.17372,-1.29873,0
4.55808,-0.32032,0
4.56445,-0.76726,0
1.79397,-1.33596,0
0.48546,0.29122,0
3.77738,1.39614,0
3.51196,1.3706,0
1.52658,-1.32331,0
4.24476,1.3281,0
4.56897,-0.86581,0
3.84293,1.39841,0
0.45816,0.6574,0
3.91742,1.41531,0
1.01022,-1.44263,0
4.63902,-0.68114,0
0.91418,-1.46042,0
0.73162,-1.28644,0
1.22974,-1.26152,0
1.07509,-1.41832,0
1.84328,-1.27227,0
3.16218,1.31254,0
2.91489,1.29144,0
1.74727,-1.33497,0
0.98908,-1.26596,0
4.6118,-0.4357,0
3.35514,1.39375,0
3.87937,1.4393,0
0.82587,-1.4143,0
4.51174,-0.67006,0
3.53375,1.25623,0
4.25177,1.30139,0
3.24462,1.37032,0
4.51566,0.13921,0
4.51441,-0.10267,0
4.21829,1.46287,0
3.67169,1.37103,0
3.17884,1.36945,0
2.7573,1.26189,0
1.19134,-1.25298,0
3.88517,1.41444,0
4.10055,1.49905,0
1.39167,-1.32603,0
1.14669,-1.35323,0
3.79723,1.4118,0
1.80427,-1.32484,0
2.04947,-1.25954,0
3.68555,1.42037,0
3.40302,1.34231,0
4.1075,1.50451,0
4.53583,-0.89357,0
1.54425,-1.38355,0
1.43082,-1.28087,0
4.23462,1.25299,0
1.92948,-1.30672,0
1.62292,-1.27857,0
3.13553,1.29122,0
0.96927,-1.41647,0
4.51355,0.15044,0
4.54507,-0.18036,0
1.19949,-1.28096,0
0.46797,0.55313,0
0.84427,-1.3086,0
0.49473,0.87975,0
3.52861,1.34578,0
2.22263,-1.28875,0
3.88553,1.27367,0
4.59447,-0.89455,0
1.78548,-1.30994,0
3.95903,1.37114,0
3.84887,1.46234,0
4.29602,1.2616,0
3.45107,1.35291,0
3.62969,1.3872,0
1.52129,-1.37144,0
1.63014,-1.25646,0
2.91931,1.2599,0
1.20588,-1.34632,0
4.50342,-0.87836,0
0.78933,-1.2813,0
2.00277,-1.31707,0
4.61278,-0.60786,0
4.14624,1.2965,0
4.55843,-0.56212,0
3.04635,1.3163,0
4.58674,-0.36656,0
0.89622,-1.27968,0
2.52281,1.26704,0
1.34756,-1.35648,0
3.7978,1.40803,0
2.98671,1.27114,0
4.04039,1.41639,0
1.74882,-1.30612,0
1.3269,-1.32961,0
3.65913,1.33052,0
4.15539,1.30374,0
1.51682,-1.25125,0
4.57764,-0.69904,0
4.0744,1.28808,0
0.47792,0.33571,0
4.61572,-0.48014,0
4.63567,-0.65859,0
0.46662,0.41193,0
4.03658,1.41752,0
4.19805,1.33787,0
3.36218,1.26542,0
3.37542,1.26301,0
2.01804,-1.28254,0
0.98571,-1.38295,0
3.63087,1.3889,0
4.66593,-0.78882,0
3.02133,1.32214,0
0.76328,-1.34771,0
1.73812,-1.33591,0
3.80383,1.45323,0
1.42971,-1.28253,0
4.51295,-0.86755,0
3.71352,1.37748,0
4.57382,-0.4421,0
0.45034,0.88664,0
2.07447,-1.29382,0
3.55288,1.369,0
3.85778,1.37362,0
0.90832,-1.33367,0
4.59823,-0.40769,0
3.36602,1.28107,0
2.3089,-1.2777,0
4.03634,1.34343,0
3.37544,1.37611,0
0.47358,0.29541,0
4.1092,1.37703,0
4.52214,0.16387,0
4.25621,1.31305,0
4.174,1.27356,0
3.22252,1.25435,0
1.24177,-1.3274,0
3.58942,1.31604,0
4.59017,-0.2857,0
0.49752,0.95945,0
4.00992,1.4514,0
0.72451,-1.26544,0
2.05845,-1.30457,0
0.98213,-1.39707,0
4.19823,1.49662,0
1.52856,-1.29116,0
3.76387,1.3678,0
0.86177,-1.32487,0
3.69541,1.39318,0
0.45166,0.83193,0
3.17285,1.36649,0
3.1659,1.29406,0
3.9757,1.39175,0
0.48357,0.54234,0
3.81004,1.44365,0
2.96656,1.31524,0
0.49851,0.53592,0
4.53277,-0.28279,0
0.9644,-1.28783,0
3.23571,1.29322,0
0.99124,-1.38341,0
3.02985,1.3222,0
3.66464,1.33999,0
1.05405,-1.3597,0
4.1364,1.44594,0
2.6623,1.2903,0
1.7989,-1.26857,0
0.83661,-1.39165,0
3.4259,1.35311,0
3.84912,1.26576,0
2.16511,-1.2916,0
2.95878,1.27661,0
4.31255,1.53029,0
4.50676,0.23961,0
1.73384,-1.35107,0
4.5184,-0.49719,0
4.50156,-0.13838,0
1.25877,-1.41573,0
0.71121,-1.27398,0
0.98701,-1.44562,0
0.77114,-1.26497,0
3.85102,1.38134,0
2.59146,1.28523,0
1.86137,-1.33543,0
3.4731,1.40495,0
1.16278,-1.30618,0
3.90699,1.41446,0
4.27715,1.50893,0
4.50021,0.36195,0
1.75926,-1.31274,0
3.80566,1.30041,0
0.89579,-1.31767,0
0.46536,0.41626,0
1.07683,-1.27854,0
1.33849,-1.30788,0
4.13663,1.29769,0
4.56087,-0.94389,0
4.58725,-0.79148,0
2.30409,-1.25564,0
4.58865,-0.34707,0
3.69708,1.29934,0
3.97095,1.33449,0
3.45109,1.31836,0
4.15849,1.25356,0
1.85991,-1.34399,0
1.19544,-1.35483,0
4.61053,-0.39801,0
0.9845,-1.40957,0
4.53971,-0.70078,0
3.69517,1.42442,0
0.73046,-1.45974,0
1.80081,-1.29559,0
1.04674,-1.25207,0
2.84466,1.31372,0
0.91763,-1.25004,0
0.99841,-1.46051,0
0.82098,-1.48321,0
3.16667,1.33739,0
2.79749,1.25041,0
4.60006,-0.87695,0
3.94443,1.46124,0
1.86069,-1.31278,0
2.21799,-1.29006,0
1.37814,-1.26442,0
2.72636,1.25268,0
3.99415,1.2688,0
1.4176,-1.30109,0
4.01328,1.33772,0
1.12442,-1.38856,0
4.18345,1.36804,0
1.57464,-1.28521,0
4.08987,1.36716,0
0.76574,-1.26914,0
3.80906,1.38121,0
3.72164,1.40988,0
3.20957,1.31172,0
0.44536,0.56081,0
4.50364,-0.50913,0
0.93879,-1.2612,0
0.90765,-1.40615,0
2.15446,-1.26432,0
0.45132,0.51425,0
4.54575,-0.73786,0
4.19937,1.45433,0
3.74682,1.31216,0
1.5305,-1.29376,0
4.28024,1.43227,0
3.21646,1.36839,0
2.43718,1.25552,0
0.81718,-1.48312,0
4.50409,0.09514,0
2.08364,-1.2633,0
1.00972,-1.33807,0
4.58975,-0.78844,0
4.58256,-0.44144,0
0.42384,0.67459,0
4.51104,-0.76564,0
3.36509,1.2751,0
4.53877,-0.66678,0
3.44796,1.28394,0
1.43031,-1.30611,0
4.54946,-0.88482,0
4.6391,-0.68742,0
0.72848,-1.49572,0
1.32707,-1.36372,0
3.16198,1.327,0
3.58824,1.4084,0
1.14256,-1.32804,0
4.61772,-0.7446,0
3.7428,1.43337,0
4.05327,1.47016,0
4.55179,-0.45169,0
1.7343,-1.26212,0
2.63782,1.26358,0
4.54576,-0.48518,0
1.59887,-1.26227,0
2.78091,1.25824,0
3.36402,1.33662,0
3.8307,1.29669,0
0.99605,-1.37919,0
4.22374,1.51196,0
3.75777,1.30334,0
2.0772,-1.31123,0
2.74646,1.25411,0
3.9713,1.36671,0
1.2392,-1.28272,0
0.47498,0.77607,0
1.69101,-1.28831,0
0.42215,0.90112,0
1.66481,-1.28295,0
1.2678,-1.25714,0
0.45123,0.81425,0
0.48974,0.23119,0
3.97609,1.41898,0
1.1681,-1.28697,0
4.16122,1.31911,0
1.15313,-1.36334,0
4.33212,1.28504,0
3.48862,1.3599,0
0.47045,0.41045,0
3.15907,1.33322,0
4.56851,-0.30451,0
3.32175,1.2525,0
4.52348,-0.03037,0
2.45419,1.25791,0
4.58978,-0.53674,0
4.50745,-0.52375,0
3.72543,1.41043,0
4.26124,1.49271,0
1.74284,-1.28682,0
1.11364,-1.28838,0
0.40357,0.80853,0
4.61973,-0.76347,0
3.86222,1.38825,0
0.4635,0.53557,0
2.95541,1.30609,0
3.51489,1.31557,0
3.90642,1.30646,0
1.43396,-1.353,0
0.45084,0.5034,0
4.12042,1.48922,0
0.93036,-1.41419,0
3.98276,1.36014,0
4.35497,1.27244,0
4.60948,-0.44811,0
3.94583,1.40798,0
1.44152,-1.288,0
3.03677,1.31297,0
3.32521,1.25615,0
4.56753,-0.72412,0
3.3344,1.25175,0
0.44666,0.71139,0
1.45091,-1.38062,0
2.89818,1.32719,0
1.0381,-1.38922,0
3.39879,1.35923,0
0.49396,0.76583,0
4.5734,-0.59137,0
3.07919,1.30228,0
0.44645,0.55484,0
1.4411,-1.36055,0
4.5656,-0.84438,0
0.48886,0.61784,0
4.52757,-0.49279,0
0.8446,-1.43889,0
2.8732,1.27204,0
0.85568,-1.3998,0
1.11787,-1.45014,0
1.65854,-1.28104,0
4.23017,1.27705,0
0.49218,0.41523,0
3.9639,1.48371,0
1.39184,-1.31328,0
1.77015,-1.34976,0
3.54467,1.41879,0
1.28824,-1.26322,0
0.46671,0.7364,0
4.63479,-0.84451,0
2.4674,1.25426,0
4.6085,-0.71882,0
3.19205,1.35266,0
4.21194,1.32642,0
0.48791,0.86082,0
3.35453,1.3322,0
3.64941,1.35213,0
4.11414,1.49381,0
1.23064,-1.42195,0
2.95218,1.27233,0
2.81817,1.26463,0
3.57237,1.38084,0
2.00298,-1.26813,0
1.10641,-1.36009,0
4.12704,1.43393,0
1.17854,-1.4157,0
4.32767,1.3067,0
1.49732,-1.33893,0
3.36389,1.30493,0
4.5236,-0.48213,0
0.98983,-1.39642,0
3.11851,1.2821,0
0.44407,0.77653,0
0.44622,0.91006,0
1.09835,-1.40761,0
0.43191,0.7436,0
4.55831,-0.58482,0
4.55674,-0.64371,0
0.98423,-1.38222,0
1.20166,-1.36168,0
0.82826,-1.40256,0
3.86467,1.34964,0
4.52102,-0.10105,0
1.51726,-1.392,0
0.73725,-1.41381,0
3.92842,1.40098,0
4.59134,-0.58722,0
0.71345,-1.33326,0
1.16514,-1.33876,0
3.18043,1.30648,0
4.60372,-0.58599,0
4.60427,-0.94525,0
1.00798,-1.38999,0
1.03607,-1.4456,0
3.9197,1.47659,0
3.89326,1.39144,0
4.66205,-0.82659,0
1.32314,-1.33603,0
3.94192,1.25695,0
3.61843,1.34119,0
0.46994,0.75402,0
4.54041,-0.84798,0
3.43673,1.28082,0
4.51324,-0.00089,0
3.97568,1.39042,0
2.76096,1.2606,0
3.97741,1.32401,0
3.61376,1.28251,0
4.53511,0.05631,0
4.53174,-0.90537,0
2.2493,-1.28475,0
3.48184,1.37016,0
1.43303,-1.28841,0
1.77041,-1.27181,0
3.73626,1.37257,0
3.28624,1.3438,0
3.38182,1.37563,0
4.52091,-0.14518,0
3.36511,1.25875,0
4.54093,-0.07561,0
3.877,1.28223,0
4.52957,-0.04406,0
4.31866,1.35832,0
1.49682,-1.3575,0
1.11328,-1.31035,0
1.3825,-1.34424,0
3.99856,1.35016,0
3.26048,1.31644,0
2.0269,-1.31716,0
0.80647,-1.44744,0
1.8386,-1.34092,0
2.14299,-1.26698,0
3.56738,1.38322,0
3.55792,1.36275,0
0.86242,-1.4168,0
3.32333,1.32944,0
3.96085,1.25561,0
4.57563,-0.80878,0
4.00251,1.46758,0
3.74313,1.45056,0
3.45217,1.30417,0
1.76117,-1.31128,0
4.27942,1.48191,0
3.83442,1.27574,0
0.88167,-1.42884,0
3.88913,1.4696,0
3.84436,1.2924,0
0.78478,-1.46288,0
1.12298,-1.35372,0
2.932,1.28869,0
1.77577,-1.33797,0
4.04323,1.44905,0
4.13019,1.42124,0
0.76887,-1.44186,0
4.57839,-0.60175,0
3.76393,1.3138,0
4.61124,-0.67502,0
4.56581,-0.94746,0
2.1414,-1.2976,0
1.51361,-1.34282,0
1.56033,-1.35299,0
3.85946,1.30584,0
4.02067,1.42883,0
4.2578,1.30648,0
0.86449,-1.353,0
4.75204,-0.76375,0
1.28767,-1.46472,0
4.5785,0.01914,0
4.65556,-0.56417,0
2.03475,-1.32349,0
0.42687,0.53982,0
3.99738,1.51002,0
2.0544,-1.36056,0
4.68249,-0.53641,0
3.7222,1.45533,0
2.53804,1.2867,0
0.90073,-1.60709,0
2.08099,-1.35525,0
0.39028,0.73125,0
0.95494,-1.61117,0
1.17727,-1.45055,0
0.88667,-1.62197,0
3.18505,1.40158,0
3.75207,1.53945,0
1.9996,-1.38357,0
1.08056,-1.48447,0
4.0107,1.53895,0
0.39939,0.4158,0
4.10124,1.53564,0
1.49536,-1.45797,0
3.93394,1.59878,0
4.66475,-0.62861,0
1.57824,-1.41765,0
1.54434,-1.41138,0
2.03099,-1.35102,0
4.05983,1.57034,0
4.1762,1.53066,0
0.48598,0.04581,0
4.65412,-0.65217,0
1.13619,-1.49357,0
3.43737,1.46676,0
1.67911,-1.43207,0
4.60453,-0.30239,0
4.60537,-0.08809,0
4.58258,0.00569,0
0.96098,-1.5792,0
0.93844,-1.49945,0
3.88002,1.48257,0
1.69987,-1.36869,0
0.35632,0.64115,0
0.39739,0.71961,0
1.67673,-1.38039,0
1.04893,-1.47787,0
1.93134,-1.35978,0
4.11828,1.63055,0
2.95116,1.37203,0
1.43432,-1.47714,0
2.17928,-1.29974,0
0.84732,-1.50809,0
3.80679,1.57202,0
2.70497,1.30382,0
0.87937,-1.62276,0
1.00191,-1.56863,0
3.67289,1.46723,0
3.24971,1.43481,0
0.37702,0.53832,0
4.62755,-0.4619,0
1.13554,-1.44982,0
3.36663,1.40183,0
1.33043,-1.50753,0
3.4136,1.45072,0
3.69805,1.51481,0
2.96583,1.34592,0
0.38968,0.74318,0
0.9454,-1.60011,0
4.09481,1.57403,0
1.40729,-1.42508,0
0.35319,0.75234,0
4.68104,-0.63381,0
1.55936,-1.43857,0
4.67959,-0.46349,0
1.79698,-1.4134,0
3.9048,1.57227,0
1.35885,-1.46716,0
4.16855,1.57164,0
1.09345,-1.55363,0
3.94836,1.50262,0
3.36853,1.46108,0
1.14169,-1.53291,0
0.43152,0.31474,0
3.18597,1.41531,0
1.39019,-1.4553,0
2.96795,1.34847,0
4.65784,-0.4396,0
1.19624,-1.5473,0
0.38603,0.48243,0
0.36823,0.79611,0
2.05943,-1.36369,0
4.69414,-0.75939,0
1.23442,-1.4468,0
2.98513,1.34455,0
1.5259,-1.47387,0
0.90873,-1.50026,0
0.36237,0.60159,0
0.99634,-1.47215,0
1.14512,-1.52696,0
1.62694,-1.46271,0
0.33113,0.76296,0
0.84578,-1.49122,0
2.34593,-1.30556,0
3.42918,1.41318,0
1.37905,-1.42299,0
4.67805,-0.47502,0
0.40588,0.46388,0
0.46644,0.20794,0
2.24637,-1.32014,0
0.38325,0.67092,0
1.50363,-1.42879,0
2.38756,-1.28906,0
0.35926,0.63821,0
3.66422,1.53745,0
4.60253,-0.1387,0
2.68853,1.32336,0
3.9248,1.55187,0
0.43963,0.23553,0
1.00136,-1.53891,0
3.67209,1.44676,0
0.4009,0.60919,0
4.20634,1.61773,0
0.41991,0.47484,0
0.99093,-1.53713,0
0.36582,0.67853,0
4.50483,0.36972,0
1.39252,-1.45888,0
0.43474,0.31029,0
1.89187,-1.38947,0
2.80395,1.32415,0
4.06077,1.52569,0
4.19801,1.57708,0
4.10315,1.59897,0
4.6564,-0.46531,0
2.19295,-1.33924,0
3.38854,1.45178,0
0.95485,-1.48029,0
1.58335,-1.44404,0
1.50731,-1.49743,0
2.19039,-1.31687,0
3.41946,1.41273,0
1.90855,-1.37142,0
2.70051,1.31715,0
2.31266,-1.30426,0
3.30354,1.4528,0
1.60272,-1.42063,0
4.71977,-0.77038,0
2.49262,1.27666,0
4.63501,-0.22767,0
1.0701,-1.49397,0
0.40567,0.38337,0
3.53169,1.45927,0
4.56308,-0.02255,0
2.75394,1.32145,0
4.59458,-0.19739,0
1.46507,-1.43601,0
4.69356,-0.50374,0
1.65851,-1.37716,0
1.39399,-1.45256,0
3.63514,1.49389,0
1.5397,-1.41152,0
2.16309,-1.31833,0
4.69911,-0.5948,0
3.65889,1.52802,0
3.25243,1.44145,0
0.42579,0.37059,0
1.47496,-1.45794,0
4.57954,-0.00537,0
3.98862,1.5435,0
0.47144,0.11546,0
1.14178,-1.5169,0
1.5798,-1.3879,0
1.15303,-1.45269,0
1.05106,-1.52289,0
0.4075,0.57094,0
1.34651,-1.48295,0
0.46438,0.21661,0
2.96817,1.37505,0
3.60966,1.48926,0
2.12223,-1.35423,0
0.83895,-1.5217,0
4.19471,1.63723,0
4.0592,1.53948,0
3.52475,1.5068,0
0.32882,0.77592,0
1.86739,-1.36792,0
4.53297,0.24802,0
2.10636,-1.36441,0
3.88414,1.50127,0
2.38929,-1.2969,0
4.19513,1.63766,0
2.46518,1.27545,0
1.52552,-1.47731,0
2.26819,-1.297,0
3.10654,1.39405,0
1.36686,-1.44064,0
3.82724,1.49317,0
1.57802,-1.45059,0
0.37985,0.54637,0
0.42077,0.35495,0
1.83791,-1.37796,0
4.66747,-0.45698,0
4.5801,-0.01047,0
0.36404,0.77922,0
4.04508,1.52595,0
0.9722,-1.59051,0
4.00339,1.59599,0
3.89507,1.57165,0
3.62814,1.50794,0
0.99887,-1.5594,0
3.60799,1.43987,0
0.36699,0.77941,0
1.35909,-1.42228,0
1.29525,-1.49593,0
0.37921,0.55933,0
4.62947,-0.21785,0
3.95119,1.51227,0
4.63966,-0.27477,0
4.17219,1.61837,0
1.00497,-1.55535,0
3.5531,1.5125,0
3.75176,1.55458,0
4.65108,-0.32721,0
4.72594,-0.6927,0
4.11559,1.52957,0
0.37294,0.56572,0
1.26968,-1.49313,0
3.05879,1.4075,0
1.72367,-1.43773,0
0.89789,-1.62636,0
1.43852,-1.42617,0
1.24821,-1.52978,0
1.32694,-1.5269,0
2.03211,-1.35214,0
3.67687,1.52763,0
2.04785,-1.32504,0
4.54772,0.13699,0
4.56195,0.04137,0
4.58682,-0.0251,0
3.26399,1.38646,0
1.87056,-1.35804,0
3.59138,1.50822,0
2.52852,-1.2577,0
1.43969,-1.49163,0
3.49164,1.46012,0
3.83116,1.49196,0
4.20048,1.60398,0
1.15239,-1.46318,0
2.95836,1.34754,0
3.25213,1.4223,0
3.70723,1.55073,0
3.0651,1.3669,0
1.19312,-1.46527,0
0.38673,0.66354,0
1.03628,-1.51058,0
1.14811,-1.54711,0
1.80223,-1.38391,0
1.65958,-1.38897,0
0.90354,-1.49022,0
3.65925,1.45597,0
2.76492,1.33715,0
3.49131,1.44988,0
4.5004,0.37789,0
3.01892,1.35177,0
0.97592,-1.49658,0
3.61569,1.49486,0
1.7177,-1.39343,0
3.98786,1.49308,0
1.50079,-1.47418,0
3.47489,1.42266,0
1.5646,-1.43053,0
1.89744,-1.34459,0
1.32218,-1.5269,0
4.67586,-0.62078,0
1.45102,-1.42979,0
0.8366,-1.49874,0
1.41381,-1.48733,0
3.82783,1.56737,0
0.39639,0.78856,0
1.80579,-1.36271,0
2.26686,-1.29358,0
1.24924,-1.55056,0
0.85662,-1.54931,0
1.47305,-1.46339,0
2.20778,-1.30391,0
1.60627,-1.47071,0
0.39367,0.58635,0
0.87333,-1.58317,0
2.31776,-1.30874,0
4.63902,-0.54135,0
1.84344,-1.39319,0
4.5553,0.14091,0
3.32825,1.46709,0
4.55212,0.0784,0
2.70675,1.31492,0
4.59034,-0.08841,0
3.66957,1.53897,0
1.76486,-1.37803,0
1.1933,-1.46207,0
4.1222,1.60728,0
1.95165,-1.3416,0
1.89982,-1.35694,0
3.8562,1.56922,0
3.87484,1.47365,0
1.41159,-1.52,0
1.52447,-1.41806,0
4.6379,-0.37981,0
3.88907,1.49988,0
3.51798,1.48728,0
1.04776,-1.57607,0
2.14388,-1.34605,0
0.98285,-1.5155,0
3.48878,1.46065,0
1.80757,-1.37913,0
4.65971,-0.721,0
2.36666,-1.28553,0
3.02527,1.39813,0
0.43736,0.3245,0
1.51505,-1.47506,0
0.40153,0.47193,0
4.59764,-0.08678,0
0.33888,0.72927,0
2.18731,-1.31943,0
4.66709,-0.59346,0
4.17441,1.62211,0
0.34147,0.70486,0
3.82733,1.57832,0
0.34159,0.73789,0
1.22663,-1.46867,0
0.95965,-1.53751,0
1.38973,-1.48623,0
3.95829,1.53428,0
1.11343,-1.51443,0
0.42819,0.36355,0
1.16084,-1.49627,0
3.40724,1.47554,0
4.65811,-0.50032,0
4.67784,-0.42157,0
0.93172,-1.55546,0
0.41163,0.38113,0
3.88482,1.47912,0
3.92577,1.53416,0
1.18359,-1.56542,0
1.12464,-1.46338,0
3.96603,1.57421,0
4.58344,-0.02982,0
1.11599,-1.56183,0
1.72218,-1.43112,0
3.1176,1.36504,0
1.26848,-1.48801,0
4.64326,-0.3738,0
1.21585,-1.52458,0
3.47515,1.47837,0
2.49957,-1.25752,0
1.32246,-1.43243,0
1.98938,-1.36446,0
0.49886,0.07099,0
4.66042,-0.32817,0
1.16049,-1.46505,0
3.4215,1.40703,0
3.34084,1.40321,0
4.10549,1.61571,0
3.95869,1.59313,0
1.04733,-1.50349,0
3.49903,1.46494,0
1.32892,-1.53792,0
4.15396,1.59678,0
1.94852,-1.38617,0
3.86288,1.48353,0
1.22284,-1.43634,0
2.77948,1.32986,0
4.7475,-0.77027,0
3.26198,1.4475,0
3.37157,1.4427,0
1.57071,-1.44344,0
1.07621,-1.59129,0
1.36824,-1.42645,0
4.6918,-0.59231,0
3.17421,1.40797,0
4.66213,-0.55281,0
1.34508,-1.42617,0
1.7339,-1.44265,0
4.68144,-0.78824,0
0.366,0.78716,0
3.42888,1.42245,0
1.92543,-1.38515,0
0.43393,0.47265,0
1.31607,-1.53574,0
4.67459,-0.45825,0
3.27309,1.40717,0
4.62977,-0.33437,0
2.65253,1.3046,0
3.77734,1.52502,0
2.6064,1.30532,0
0.37412,0.6624,0
3.33715,1.45911,0
3.77749,1.47011,0
4.57689,-0.13022,0
3.55654,1.42814,0
0.44775,0.19423,0
1.0654,-1.5432,0
0.41774,0.45496,0
1.13959,-1.46025,0
3.75462,1.50645,0
3.05352,1.35912,0
3.26441,1.44767,0
4.58009,0.03113,0
0.39057,0.47516,0
4.584,-0.1721,0
3.2383,1.39835,0
4.66135,-0.68498,0
3.7583,1.50684,0
3.1971,1.42336,0
0.84257,-1.50588,0
1.1619,-1.48365,0
2.06696,-1.36329,0
3.90127,1.50684,0
0.90637,-1.58471,0
4.09964,1.61674,0
0.43692,0.43758,0
4.15314,1.6423,0
2.98584,1.36846,0
3.57704,1.47041,0
4.20105,1.65615,0
1.9499,-1.35991,0
1.03357,-1.55927,0
1.38172,-1.4165,0
3.57082,1.45709,0
2.1615,-1.31948,0
1.7109,-1.41977,0
1.72239,-1.41474,0
2.08333,-1.32589,0
3.07065,1.39237,0
0.40002,0.60928,0
1.49157,-1.39938,0
3.46091,1.48773,0
3.64518,1.53483,0
1.97177,-1.36848,0
1.41305,-1.44898,0
1.54259,-1.43433,0
1.96906,-1.38406,0
4.66312,-0.46672,0
0.41773,0.34979,0
4.62409,-0.34596,0
4.09087,1.5182,0
1.13963,-1.57457,0
0.87614,-1.51161,0
4.63091,-0.26301,0
2.51768,-1.26642,0
3.91569,1.50768,0
1.7554,-1.44178,0
1.75623,-1.39006,0
4.65042,-0.5292,0
4.73487,-0.67187,0
2.21232,-1.33396,0
4.57585,-0.03078,0
0.96791,-1.4768,0
3.8248,1.53192,0
1.04232,-1.46789,0
2.7956,1.33752,0
4.6109,-0.15537,0
1.75977,-1.40979,0
1.30377,-1.49515,0
3.28277,1.41125,0
3.74291,1.47505,0
3.94211,1.60257,0
3.73597,1.47424,0
0.87947,-1.50558,0
4.0116,1.50791,0
0.35397,0.72297,0
0.40602,0.60755,0
1.89097,-1.35692,0
4.20837,1.64616,0
1.20079,-1.44022,0
1.48648,-1.4354,0
1.88822,-1.34248,0
0.34525,0.72131,0
4.6139,-0.36076,0
3.85564,1.53395,0
2.90673,1.36784,0
2.28985,-1.30653,0
3.205,1.4179,0
1.79085,-1.43526,0
4.58324,-0.07388,0
4.68587,-0.72294,0
1.51232,-1.47504,0
0.919,-1.48097,0
1.40844,-1.48542,0
1.08639,-1.50942,0
4.1092,1.61462,0
3.00681,1.35159,0
4.5392,0.14503,0
4.67494,-0.61704,0
0.98845,-1.53792,0
4.10502,1.53908,0
1.96583,-1.33125,0
3.90962,1.50929,0
4.20123,1.57113,0
3.46705,1.44437,0
3.80664,1.46274,0
1.3706,-1.48991,0
2.07468,-1.31723,0
0.37951,0.58838,0
1.00467,-1.51883,0
0.9735,-1.54914,0
4.67845,-0.72974,0
1.72833,-1.44843,0
0.41334,0.63878,0
1.11515,-1.56935,0
1.9912,-1.35753,0
4.67105,-0.64693,0
4.11147,1.61515,0
1.33495,-1.51163,0
3.31575,1.41342,0
4.71012,-0.74701,0
3.62896,1.46756,0
4.69486,-0.48333,0
1.20801,-1.55918,0
1.12964,-1.50237,0
1.10518,-1.54493,0
0.45576,0.21215,0
3.93757,1.5259,0
4.12252,1.60657,0
0.47866,0.1397,0
1.42433,-1.48585,0
1.2288,-1.50663,0
4.593,-0.23788,0
0.88466,-1.58302,0
4.21243,1.6295,0
1.28977,-1.43439,0
2.31196,-1.3137,0
3.27776,1.42154,0
1.12732,-1.55435,0
4.70758,-0.78087,0
4.5989,-0.18433,0
3.79896,1.4795,0
0.98067,-1.60163,0
0.87526,-1.54278,0
0.40149,0.72366,0
0.47319,0.09339,0
1.14143,-1.50794,0
3.12653,1.37999,0
0.34177,0.69258,0
4.10545,1.50931,0
1.87467,-1.34425,0
4.59995,-0.08733,0
0.34549,0.67753,0
2.39474,-1.29042,0
1.8344,-1.4125,0
3.48658,1.43208,0
4.54672,0.10395,0
4.14842,1.63284,0
4.64471,-0.51329,0
1.10671,-1.48554,0
0.98806,-1.49366,0
3.6498,1.53491,0
2.4617,-1.25831,0
4.65193,-0.38645,0
0.9129,-1.56943,0
1.49461,-1.46338,0
0.95279,-1.49511,0
1.83453,-1.42511,0
4.68516,-0.67679,0
3.57317,1.51175,0
1.74651,-1.38102,0
1.50616,-1.47223,0
1.25941,-1.52418,0
0.99333,-1.49309,0
1.5468,-1.47013,0
3.27341,1.40061,0
1.00178,-1.57384,0
1.57824,-1.40937,0
0.47909,0.08375,0
1.28747,-1.43692,0
3.315,1.43076,0
1.5062,-1.49846,0
1.33087,-1.50454,0
4.6969,-0.48738,0
0.40726,0.43676,0
3.08553,1.39985,0
4.61528,-0.35942,0
0.41906,0.63577,0
1.4851,-1.40295,0
0.85694,-1.49138,0
4.06217,1.54411,0
4.1951,1.56471,0
1.12051,-1.56666,0
4.53822,0.14897,0
4.0523,1.62229,0
1.15792,-1.54069,0
3.21813,1.40133,0
3.16288,1.41206,0
0.36186,0.65143,0
3.74575,1.46737,0
1.86675,-1.37705,0
0.37503,0.72988,0
0.43633,0.40167,0
1.12663,-1.48863,0
2.57531,-1.2574,0
2.04965,-1.31796,0
1.96004,-1.35295,0
1.00008,-1.48964,0
2.43534,-1.27621,0
4.69889,-0.62583,0
1.86135,-1.38249,0
2.34687,-1.28906,0
0.96368,-1.53466,0
0.40795,0.37944,0
3.87581,1.49526,0
4.67381,-0.45988,0
0.45218,0.35227,0
1.71162,-1.41692,0
3.8242,1.52553,0
1.12015,-1.52737,0
3.55193,1.4596,0
0.85808,-1.58941,0
0.46808,0.17192,0
4.70364,-0.5585,0
3.79679,1.51806,0
1.19161,-1.54648,0
1.13203,-1.55507,0
1.68889,-1.38828,0
3.79247,1.55004,0
1.23632,-1.47192,0
2.89592,1.36454,0
3.10316,1.36893,0
4.69159,-0.70302,0
3.35837,1.44772,0
0.41505,0.47696,0
3.72783,1.51404,0
4.586,-0.08089,0
1.10986,-1.52544,0
2.57011,-1.26051,0
1.20235,-1.45961,0
1.30334,-1.48439,0
1.54583,-1.44041,0
4.5616,0.11049,0
4.71616,-0.74367,0
1.23611,-1.43865,0
4.58281,0.02207,0
1.18347,-1.50397,0
1.62055,-1.42425,0
1.7466,-1.41673,0
4.58949,-0.0438,0
0.35591,0.80346,0
2.47159,-1.27312,0
2.14466,-1.35283,0
0.46692,0.12657,0
3.32948,1.39645,0
4.69311,-0.59907,0
2.07279,-1.31649,0
3.53172,1.47234,0
2.64606,1.3063,0
0.40292,0.52295,0
0.37298,0.63275,0
4.67491,-0.53682,0
3.43365,1.45245,0
4.14665,1.58848,0
0.47806,0.14826,0
4.66593,-0.39647,0
4.71736,-0.76096,0
2.92534,1.33885,0
4.17751,1.56459,0
0.39669,0.62943,0
1.33821,-1.47176,0
1.1877,-1.48261,0
1.67227,-1.41932,0
4.1264,1.61165,0
4.68605,-0.54236,0
0.49572,0.09576,0
1.51327,-1.44377,0
3.66655,1.53106,0
2.8989,1.35488,0
4.63256,-0.28618,0
3.96141,1.53665,0
3.37497,1.40276,0
1.21493,-1.51926,0
3.76531,1.5066,0
3.155,1.37119,0
1.48473,-1.41466,0
0.89814,-1.50928,0
0.95815,-1.56711,0
4.54049,0.10329,0
0.86691,-1.53032,0
2.31937,-1.31533,0
3.77709,1.56731,0
2.53036,-1.25488,0
4.16341,1.64435,0
2.89309,1.36767,0
3.81713,1.57507,0
3.75222,1.46749,0
0.33194,0.73382,0
3.23577,1.43721,0
1.20736,-1.44148,0
1.21441,-1.54718,0
1.97494,-1.36586,0
1.58487,-1.42769,0
3.44743,1.41747,0
1.41688,-1.43052,0
4.72717,-0.67498,0
0.95542,-1.51578,0
1.48826,-1.44886,0
3.19705,1.42767,0
3.82615,1.55183,0
1.47917,-1.42903,0
3.94089,1.54113,0
1.01817,-1.47778,0
3.76031,1.53723,0
3.80776,1.47998,0
1.18993,-1.51312,0
2.44837,-1.27945,0
1.71164,-1.36958,0
3.97126,1.55087,0
0.9212,-1.59128,0
1.22096,-1.49066,0
1.15512,-1.46688,0
4.13517,1.51988,0
2.25667,-1.30845,0
0.38797,0.70277,0
0.92696,-1.53611,0
3.99013,1.55019,0
1.34168,-1.4462,0
3.4536,1.46593,0
4.71648,-0.63803,0
4.53172,0.18699,0
2.11939,-1.31684,0
4.00116,1.51508,0
1.55967,-1.43075,0
4.53725,0.19985,0
1.36992,-1.43536,0
4.64614,-0.25978,0
1.15946,-1.48519,0
4.67547,-0.73938,0
0.88187,-1.55217,0
4.58182,-0.14656,0
2.13974,-1.31452,0
2.07669,-1.32019,0
1.91605,-1.38736,0
1.75404,-1.42777,0
4.61651,-0.34804,0
0.92234,-1.52681,0
2.9786,1.35047,0
2.52054,1.28047,0
4.04157,1.62211,0
1.34706,-1.52174,0
1.02073,-1.47948,0
1.80391,-1.35572,0
4.59394,-0.07461,0
0.46202,0.30009,0
0.92887,-1.6248,0
3.05342,1.37732,0
4.62102,-0.2698,0
4.58638,-0.01594,0
0.43931,0.27116,0
0.40494,0.50413,0
2.48758,-1.26148,0
1.39343,-1.42917,0
1.40649,-1.43099,0
1.60457,-1.41965,0
4.6724,-0.74283,0
3.73884,1.46224,0
3.32259,1.45702,0
3.84273,1.55675,0
0.38565,0.72056,0
4.67753,-0.60514,0
4.71829,-0.7273,0
2.25301,-1.31654,0
2.27335,-1.28758,0
1.64201,-1.46697,0
0.90413,-1.50257,0
3.98846,1.54906,0
1.79292,-1.3588,0
0.95813,-1.47532,0
3.75566,1.47719,0
4.05287,1.56968,0
1.42602,-1.45289,0
1.5694,-1.44657,0
4.70254,-0.73441,0
3.77575,1.47352,0
0.34412,0.7464,0
1.4178,-1.43517,0
0.44922,0.28529,0
2.0598,-1.32738,0
1.79205,-1.36295,0
0.42494,0.33562,0
0.93957,-1.49787,0
0.42662,0.39315,0
3.32855,1.46049,0
3.305,1.41443,0
4.65605,-0.65986,0
1.72929,-1.44701,0
3.92426,1.53612,0
2.8008,1.34724,0
4.20431,1.55705,0
0.41601,0.5833,0
4.12788,1.54476,0
3.2389,1.39269,0
4.21096,1.59524,0
1.0849,-1.50285,0
1.38539,-1.50601,0
1.04471,-1.53169,0
1.70351,-1.38042,0
1.95669,-1.3597,0
1.09533,-1.57644,0
4.72838,-0.68591,0
4.12525,1.59956,0
2.06357,-1.33649,0
1.22403,-1.52978,0
0.96282,-1.55697,0
1.5848,-1.39454,0
0.88961,-1.63082,0
4.16061,1.60226,0
0.97159,-1.51748,0
2.46246,-1.25896,0
3.6613,1.51242,0
3.1309,1.38065,0
0.91477,-1.60301,0
4.54322,0.11534,0
1.50258,-1.46297,0
4.12498,1.52534,0
1.6058,-1.41576,0
2.07892,-1.35915,0
1.97787,-1.38589,0
4.07969,1.52163,0
0.91179,-1.48621,0
3.31346,1.44363,0
4.51461,0.30055,0
3.80623,1.47709,0
1.9137,-1.34074,0
1.95324,-1.37413,0
4.63801,-0.41832,0
4.19859,1.58495,0
3.45581,1.47541,0
0.49805,0.06562,0
1.61915,-1.42262,0
4.19671,1.61652,0
4.23176,1.58687,0
0.44461,0.35929,0
3.82274,1.52804,0
3.8133,1.49255,0
4.73977,-0.70413,0
4.09433,1.55556,0
0.85792,-1.60896,0
4.61808,-0.28729,0
4.70213,-0.561,0
1.42805,-1.50763,0
1.63079,-1.43929,0
0.33837,0.72979,0
3.84169,1.52397,0
1.83224,-1.35388,0
0.93679,-1.51918,0
0.38041,0.64436,0
1.99576,-1.34697,0
1.55968,-1.47241,0
3.23435,1.41775,0
1.10794,-1.54641,0
0.4692,0.23845,0
3.87802,1.58102,0
3.5168,1.4721,0
4.63581,-0.32264,0
0.43348,0.41445,0
4.60768,-0.13096,0
4.63205,-0.32856,0
4.68748,-0.54195,0
0.33006,0.75462,0
2.05781,-1.37104,0
4.73477,-0.75843,0
0.949,-1.52378,0
4.67454,-0.50959,0
3.12389,1.42021,0
2.69125,1.30513,0
1.44953,-1.43058,0
3.60077,1.50143,0
3.28428,1.4285,0
2.88503,1.3465,0
4.71455,-0.72916,0
0.44553,0.30463,0
2.10293,-1.32197,0
1.06214,-1.48514,0
3.898,1.48921,0
1.51559,-1.44248,0
1.15606,-1.56893,0
3.22632,1.42089,0
1.11288,-1.58449,0
1.01147,-1.53137,0
3.81545,1.56716,0
1.55811,-1.4607,0
4.10939,1.58538,0
3.81838,1.47848,0
4.066,1.59445,0
4.62453,-0.3163,0
0.9802,-1.50905,0
3.44729,1.48571,0
3.20441,1.37984,0
